-5.6382e-05 -0.00023776 -0.00013641 8.1201e-05 0.00011411 -8.782e-05
-0.0037382 0.050905 -0.08391 -0.015651 -0.02293 0.0051112
-0.00067101 0.10232 -0.11097 -0.013373 -0.030397 0.0093992
-0.0072011 0.11518 -0.11122 -0.042404 -0.029693 0.011865
-0.0058452 0.14107 -0.10125 -0.011426 -0.027388 0.017795
-0.0094757 0.14246 -0.058864 -0.030172 -0.0091081 0.011878
-0.0098799 0.13045 -0.067653 -0.0015276 -0.014553 0.016567
-0.012183 0.14872 -0.070739 0.0044765 -0.0061909 0.0088109
-0.011638 0.15124 -0.071682 0.001003 -0.0073651 0.0090065
-0.013217 0.16001 -0.050376 -0.010398 -0.013446 0.0082383
-0.0086063 0.16643 -0.019678 -0.048635 -0.0023068 0.002711
-0.014801 0.17551 0.0052167 -0.062462 -0.0082254 0.01404
-0.0070175 0.1638 0.042285 -0.12927 -0.0027883 0.0011942
-0.011036 0.16122 0.038792 -0.1306 -0.00089983 0.0088655
-0.010507 0.11087 0.08136 -0.16196 0.0017791 -0.0017494
-0.0093841 0.121 0.062007 -0.14791 -0.0018441 -0.0078372
-0.0068612 0.14864 0.061773 -0.1273 0.014184 -0.0060315
-0.0043235 0.11052 0.09514 -0.13256 0.026164 0.0021103
0.0019383 0.26721 -0.090308 -0.1191 0.04975 0.0059973
-0.0041648 0.23177 -0.2489 -0.067153 0.059052 -0.00097679
-0.011222 0.30398 -0.51869 -0.1183 0.062954 -0.0097007
-0.037254 0.2327 -0.87395 0.030521 0.020499 -0.042209
-0.050967 0.28741 -1.0926 0.088775 0.028065 -0.06162
-0.075195 0.17568 -1.1984 0.074377 -0.024075 -0.071924
-0.073319 0.18301 -1.0724 0.20854 0.0089415 -0.085193
-0.069763 0.20827 -0.94218 0.044028 0.0047038 -0.081836
-0.048757 0.14146 -0.59254 -0.13111 0.016077 -0.077422
-0.042438 0.15728 -0.50706 -0.18738 -0.024262 -0.083906
-0.048531 0.20673 -0.50244 -0.24707 -0.0063952 -0.095056
-0.052883 0.1979 -0.62279 -0.29892 -0.063057 -0.1018
-0.053445 0.16198 -0.71634 -0.22656 -0.060345 -0.1011
-0.059242 0.19161 -0.82134 -0.2576 -0.0099129 -0.10115
-0.061476 0.14808 -0.87036 -0.2921 0.00079048 -0.10343
-0.06081 0.14738 -0.92805 -0.33978 0.032629 -0.097165
-0.073914 0.13586 -0.92045 0.0068143 0.013116 -0.10304
-0.10332 0.26778 -1.0164 0.32766 0.039148 -0.16616
-0.048841 0.11918 -0.79645 -0.62853 0.083363 -0.064487
0.064512 -0.31055 -0.54238 -2.2078 -0.021886 0.05648
0.11445 -0.24096 -0.58854 -3.1472 0.19304 0.2257
0.24745 -0.7256 -0.63972 -7.3805 0.050794 0.40811
0.62945 -1.0009 -0.45493 -7.2831 -0.32408 0.82213
1.0702 -2.3895 2.5116 -9.0516 -0.6802 1.3879
1.8505 -3.1395 5.0268 -10.784 -1.2681 1.9185
2.8188 -5.9613 11.136 -11.075 -2.1406 3.0866
3.5952 -7.4657 16.483 -13.424 -2.3329 3.7384
3.9812 -7.8708 18.395 -14.327 -2.6304 4.0492
3.5673 -6.5021 17.036 -12.712 -2.3044 3.6115
3.4698 -6.1942 15.632 -12.737 -2.2593 3.5908
2.0934 -1.6742 7.6293 -8.1441 -1.3002 1.883
1.8758 -1.9932 5.6006 -7.3415 -1.373 2.1196
1.3725 -0.78388 2.8622 -5.1381 -0.9267 1.4655
1.3319 -0.62932 2.0497 -4.8122 -0.9071 1.5188
1.2437 -1.0688 2.3595 -4.263 -0.89726 1.567
1.4768 -1.1157 2.7497 -4.3479 -1.0195 1.5822
1.3221 -0.86381 2.4842 -4.1299 -0.93772 1.5039
1.2978 -0.80901 2.1597 -3.926 -0.93082 1.4363
1.2861 -0.8215 2.1699 -4.0113 -0.91176 1.4484
1.2437 -0.88987 2.2057 -4.1212 -0.86651 1.4517
1.2164 -0.91213 2.2105 -4.0145 -0.82936 1.4293
1.2168 -0.89157 2.2335 -4.0616 -0.83962 1.4311
1.2041 -0.87455 2.2341 -4.0501 -0.82708 1.41
1.1816 -0.86471 2.1896 -4.0645 -0.81033 1.4054
1.1835 -0.83803 2.162 -4.0794 -0.81907 1.4005
1.1839 -0.87966 2.1811 -4.1266 -0.79906 1.4148
1.1899 -0.90571 2.2052 -4.1677 -0.79592 1.4098
1.1916 -0.87407 2.1692 -4.1412 -0.79493 1.3989
1.1893 -0.91234 2.2016 -4.2367 -0.74931 1.3962
1.1906 -0.86493 2.1629 -4.1796 -0.78917 1.3822
1.1881 -0.89689 2.2144 -4.2713 -0.7316 1.391
1.187 -0.91804 2.2072 -4.2041 -0.77666 1.3915
1.1896 -0.9446 2.2812 -4.3112 -0.74248 1.3976
1.1979 -0.92663 2.2925 -4.2763 -0.76609 1.4018
1.2069 -1.0254 2.3973 -4.3841 -0.77103 1.4065
1.2145 -0.93296 2.3627 -4.3999 -0.77815 1.4085
1.2125 -0.99898 2.3982 -4.4181 -0.78488 1.414
1.2174 -0.9559 2.3376 -4.4187 -0.79701 1.4127
1.198 -1.0059 2.3729 -4.4269 -0.77596 1.4139
1.2069 -0.93522 2.3192 -4.4081 -0.78344 1.4075
1.1993 -0.95651 2.3412 -4.4023 -0.77738 1.4029
1.2022 -0.9474 2.3273 -4.3913 -0.78054 1.401
1.2059 -0.93439 2.3182 -4.3841 -0.78545 1.3992
1.2067 -0.95903 2.315 -4.3666 -0.7921 1.4025
1.2033 -0.96811 2.3117 -4.3776 -0.78427 1.4087
1.204 -0.95398 2.2997 -4.3533 -0.78238 1.3995
1.1959 -0.94786 2.2961 -4.37 -0.77001 1.416
1.1984 -0.94964 2.2947 -4.3977 -0.75791 1.4094
1.1975 -0.97601 2.2887 -4.3456 -0.77756 1.4148
1.2004 -0.99267 2.3002 -4.292 -0.82357 1.3942
1.1957 -0.94126 2.2679 -4.2274 -0.83137 1.3754
1.2139 -0.9808 2.2497 -4.0931 -0.96027 1.3546
1.2187 -0.96419 2.3103 -4.1923 -0.94235 1.3554
1.2254 -0.87145 2.3606 -4.0694 -0.98401 1.3631
1.2215 -0.87582 2.3165 -3.9729 -1.0179 1.3601
1.2311 -0.74535 2.5317 -4.0143 -0.97368 1.3814
1.1736 -0.5493 2.2924 -3.5222 -0.98039 1.3405
1.1791 -0.5398 2.399 -3.6911 -0.95673 1.3482
1.2268 -0.53032 2.4159 -3.9039 -0.94427 1.4617
1.2293 -0.63529 2.3423 -3.9517 -0.98493 1.5185
1.1942 -0.6068 2.185 -3.4856 -0.92305 1.3913
1.3736 -0.74702 2.1566 -4.2419 -1.1473 1.624
1.0967 -0.51174 1.5898 -2.5337 -0.96716 1.1453
1.2838 -0.38601 1.5325 -2.8057 -1.1819 1.269
1.084 0.0024204 1.1197 -1.7616 -1.1074 1.0042
0.87793 0.29543 0.63405 -0.24903 -1.1025 0.61789
0.72373 0.91897 0.37709 1.2917 -1.1046 0.35831
0.266 1.4394 -0.47506 3.7534 -1.0806 -0.42396
0.083515 1.8923 -0.82206 5.5683 -1.0687 -0.77265
-0.084628 2.48 -1.1358 7.6103 -1.0802 -1.1085
-0.059918 2.9543 -1.3757 9.0589 -1.251 -1.1349
0.14394 3.2257 -1.1857 10.036 -1.287 -0.84061
0.19236 3.4766 -0.57789 11.296 -1.0751 -0.57364
0.46233 3.5002 -0.062223 11.837 -1.2251 -0.31778
0.24965 3.3607 0.7882 12.087 -0.51131 -0.16034
0.36603 3.2212 1.7533 12.425 -0.43699 -0.035751
0.092531 3.3241 1.869 12.175 -0.17928 -0.20997
0.12359 3.3414 2.2412 12.381 -0.010443 -0.047492
-0.025864 3.5192 2.217 12.751 -0.11048 -0.32346
0.0072179 3.5821 2.0661 12.454 -0.14731 -0.23991
0.030372 3.3701 1.9616 11.377 -0.24211 -0.14172
0.01869 3.3302 2.0902 11.77 -0.19994 -0.18264
0.090592 2.9812 1.7427 8.998 -0.32155 0.11676
0.064877 2.9025 1.8617 9.7622 -0.24683 -0.0087831
0.082969 2.9686 1.74 9.255 -0.26149 0.18148
0.054186 2.8458 1.7899 9.1626 -0.23764 -0.031662
0.073409 3.0562 1.7221 9.8118 -0.24318 0.13446
0.068278 2.9917 1.8359 9.6623 -0.17232 0.068293
0.07858 3.0424 1.7296 9.7196 -0.20832 0.13029
0.094257 3.0276 1.7438 9.6086 -0.18438 0.17729
0.081445 3.0393 1.7281 9.7319 -0.18008 0.16069
0.082813 3.0502 1.707 9.7014 -0.21272 0.155
0.076319 3.079 1.6829 9.7716 -0.20989 0.1523
0.093466 3.0281 1.7675 9.6869 -0.19984 0.11643
0.093474 3.0539 1.8094 9.7291 -0.17867 0.12398
0.13567 3.0251 1.9468 9.6499 -0.094305 0.048585
0.13183 3.0474 2.0874 9.552 -0.086305 0.047768
0.1664 3.0387 2.2475 9.4958 -0.046275 0.019037
0.13506 3.1174 2.3626 9.4587 -0.11095 0.059188
0.11682 3.1383 2.5146 9.7446 -0.1419 0.06321
0.061425 3.1465 2.3048 9.5322 -0.22355 -0.020701
0.0029334 2.9412 2.0445 8.5173 -0.19205 0.060882
0.007566 2.9076 1.8277 8.5032 -0.11122 -0.14518
0.053803 2.3565 1.7643 5.2841 -0.21047 -0.021405
0.25558 2.1966 1.7432 4.9146 -0.49912 0.081776
0.32055 1.9141 2.2914 3.1484 -0.53777 0.1567
0.5162 1.704 2.2805 2.5862 -1.234 0.34513
0.51541 1.6162 2.2775 2.2788 -1.201 0.39016
0.37527 1.595 2.0772 2.7225 -1.0734 0.33944
0.34467 1.4917 1.8293 2.499 -1.1149 0.3047
0.20511 1.4875 1.6153 2.6939 -0.71192 0.24819
0.12623 1.5248 1.47 3.0187 -0.59867 0.199
0.15869 1.5052 1.6417 2.9401 -0.66895 0.19784
0.21937 1.4769 2.2089 3.0622 -0.61839 0.28276
0.16921 1.6151 2.0379 3.1959 -0.55806 0.2004
0.26601 1.5441 2.7076 3.2173 -0.44891 0.29024
0.20047 1.6056 2.5711 3.2268 -0.25489 0.20291
0.11218 1.7718 1.6764 3.4283 0.0021494 0.11087
0.099625 1.6447 1.6854 3.4648 0.07721 0.074341
0.02876 1.6895 1.0921 3.5699 0.14922 -0.0015348
0.025098 1.7425 0.92529 3.5892 0.16091 -0.022321
0.037321 1.6016 1.0836 3.5342 0.12622 -0.0044145
0.047776 1.6636 1.0626 3.5365 0.13114 -0.0077492
0.051331 1.6694 1.0821 3.396 0.14822 0.0012548
0.064165 1.6123 1.1428 3.3907 0.13593 -0.0029489
0.070815 1.6449 1.1673 3.2862 0.094776 -0.0076107
0.073985 1.6404 1.3904 3.2706 0.069466 -0.027535
0.074982 1.6639 1.3197 3.2394 0.025574 -0.024551
0.044651 1.678 1.3022 3.2902 -0.0086437 -0.080395
0.047288 1.6712 1.2554 3.2789 0.043973 -0.063179
0.037332 1.6729 1.1438 3.2545 0.019491 -0.080868
0.041498 1.608 1.1574 3.1849 0.061483 -0.073351
0.067047 1.5989 1.1777 3.1089 0.068507 -0.045215
0.069898 1.5741 1.2036 3.0246 0.061287 -0.043999
0.069178 1.5166 1.2265 2.9924 0.058691 -0.040329
0.065942 1.5237 1.2522 2.9741 0.044346 -0.052724
0.062033 1.5216 1.2899 2.9155 0.084182 -0.033174
0.048191 1.4499 1.3762 2.9293 0.042769 -0.070401
0.065652 1.5957 1.2848 2.9714 0.10702 -0.02617
0.053254 1.5327 1.2753 2.9556 0.10055 -0.048316
0.073491 1.6033 1.1611 3.0957 0.072947 -0.046659
0.081986 1.6424 1.0893 3.0561 0.088304 -0.029057
0.097196 1.6796 1.1679 3.014 0.063187 0.018884
0.12216 1.6816 1.4695 2.962 0.066846 0.049162
0.10976 1.7988 1.4419 2.8496 0.051509 0.15353
0.11142 1.7894 1.6834 2.7687 0.070364 0.19031
0.084509 1.7464 1.446 2.7664 0.0071801 0.21086
0.052358 1.7452 1.1697 2.8448 -0.014327 0.1999
0.043163 1.6447 1.0803 2.7806 -0.091278 0.1947
0.029772 1.5536 1.0766 2.9659 -0.13321 0.14785
0.026471 1.5705 1.2996 2.8463 -0.18449 0.15093
0.032237 1.5118 1.5394 2.8414 -0.21451 0.15041
0.0308 1.5172 1.7456 2.7644 -0.21895 0.12887
0.040876 1.5019 1.8913 2.6914 -0.24691 0.14003
0.034873 1.5336 1.7837 2.6216 -0.27654 0.13682
0.03947 1.5092 1.9378 2.6631 -0.29598 0.13363
0.090379 1.547 2.1125 2.5644 -0.33629 0.15472
0.16409 1.6787 2.1421 2.7264 -0.33059 0.13161
0.13996 1.6215 2.2669 2.6581 -0.36269 0.15195
0.31922 1.7127 2.6034 2.6718 -0.29044 0.14673
0.17845 1.7641 2.0599 2.7596 -0.35967 0.1345
0.22806 1.5707 2.3602 2.5061 -0.28761 0.16164
0.17742 1.7084 2.034 2.5971 -0.30064 0.14068
0.1424 1.5715 1.9212 2.4793 -0.26746 0.14295
0.147 1.5924 1.9136 2.5391 -0.24418 0.11579
0.14719 1.6333 1.8594 2.6253 -0.22113 0.10535
0.14832 1.6196 1.821 2.7454 -0.2243 0.088493
0.13733 1.6403 1.8179 2.8107 -0.24427 0.073396
0.13812 1.6564 1.8301 2.8546 -0.22783 0.07781
0.14327 1.6465 1.8518 2.8495 -0.24594 0.079448
0.14816 1.6661 1.8713 2.8052 -0.2399 0.076462
0.1461 1.6728 1.7728 2.8357 -0.24969 0.066258
0.14624 1.6693 1.7409 2.8205 -0.29046 0.057968
0.14907 1.6095 1.7811 2.8417 -0.30298 0.057762
0.13056 1.6563 1.6418 2.8137 -0.34521 0.036449
0.14543 1.5284 1.9653 2.6847 -0.3003 0.089185
0.14033 1.5666 1.9787 2.5614 -0.31952 0.087671
0.15291 1.539 2.0894 2.3993 -0.31007 0.11624
0.16277 1.4613 2.1827 2.3123 -0.33556 0.10522
0.18524 1.5123 2.1458 2.2583 -0.39803 0.1049
0.18881 1.4171 2.1741 2.2038 -0.42521 0.083202
0.21006 1.4999 2.1296 2.2826 -0.4256 0.096563
0.19887 1.4889 2.1452 2.2125 -0.40727 0.10722
0.21299 1.5277 2.0984 2.3011 -0.38532 0.12426
0.20711 1.5584 2.0684 2.2811 -0.34665 0.13908
0.21277 1.5449 2.0514 2.2795 -0.35904 0.14241
0.21628 1.4782 2.1167 2.2007 -0.33363 0.14972
0.22951 1.4586 2.1833 2.1736 -0.35279 0.14703
0.22726 1.4269 2.2666 2.0735 -0.34072 0.15412
0.25304 1.3531 2.4321 2.0524 -0.3452 0.1491
0.2633 1.3962 2.442 2.0011 -0.37163 0.16143
0.28288 1.348 2.5449 1.9674 -0.35607 0.16712
0.29732 1.3265 2.5688 1.8922 -0.37841 0.17619
0.29541 1.3527 2.5695 1.8055 -0.3706 0.18645
0.30349 1.2951 2.6315 1.7674 -0.37444 0.18962
0.27872 1.3593 2.5759 1.6781 -0.36056 0.17674
0.28359 1.325 2.5944 1.6851 -0.36558 0.18625
0.26903 1.3392 2.559 1.6702 -0.35495 0.18067
0.27117 1.338 2.5208 1.682 -0.35062 0.18484
0.27393 1.3222 2.5242 1.6902 -0.36107 0.19906
0.27226 1.3263 2.4881 1.7212 -0.35947 0.19707
0.27468 1.3569 2.4801 1.7452 -0.36526 0.19256
0.27101 1.3548 2.4827 1.7475 -0.3629 0.19429
0.26856 1.3658 2.4832 1.7724 -0.36179 0.18782
0.27215 1.3708 2.5069 1.741 -0.35567 0.1865
0.27044 1.34 2.5207 1.7542 -0.35408 0.18973
0.27709 1.306 2.5352 1.748 -0.36818 0.19005
0.27208 1.346 2.4779 1.7809 -0.36877 0.18369
0.27853 1.3331 2.4964 1.8365 -0.37834 0.1828
0.32369 1.326 2.6844 1.8237 -0.43593 0.22717
0.33613 1.4161 2.6784 1.8148 -0.4559 0.22484
0.39592 1.3648 3.0277 1.7887 -0.51197 0.2951
0.43377 1.368 3.0895 1.719 -0.5932 0.31227
0.4198 1.3955 3.1013 1.6622 -0.59066 0.31091
0.42931 1.3911 3.07 1.713 -0.62227 0.31525
0.41031 1.3582 3.0287 1.6354 -0.61763 0.29867
0.402 1.3682 2.9738 1.6623 -0.59015 0.28567
0.4056 1.3453 2.9942 1.6497 -0.58789 0.30225
0.4106 1.3267 2.9975 1.6248 -0.5852 0.29232
0.41111 1.3386 2.9843 1.6203 -0.57501 0.29285
0.41596 1.317 3.0194 1.6204 -0.56321 0.29511
0.41501 1.2942 3.0447 1.5803 -0.5644 0.29101
0.41679 1.3161 3.0035 1.5725 -0.57144 0.28975
0.39756 1.3531 2.9538 1.6092 -0.55904 0.28885
0.41702 1.3297 3.0111 1.5925 -0.57169 0.29663
0.42743 1.2485 3.1197 1.5084 -0.56663 0.31312
0.41417 1.229 3.1354 1.5022 -0.55802 0.2714
0.3726 1.3383 2.993 1.7628 -0.50945 0.26796
0.42762 1.3347 2.7988 1.57 -0.61653 0.35314
0.52775 1.383 2.7541 0.95895 -0.86654 0.39018
0.79011 0.97236 4.0323 0.014525 -0.67523 0.63711
1.6627 -1.2179 8.4826 -2.6013 -1.1219 1.3237
2.179 -2.9825 11.234 -6.9095 -1.3382 1.5225
2.734 -3.3288 15.414 -6.41 -1.0558 2.2208
2.9405 -5.8069 15.852 -10.375 -1.8101 2.3275
2.5627 -2.391 13.54 -7.6811 -1.7048 2.3197
1.8316 -2.1491 9.741 -5.6251 -1.5547 2.0011
1.3474 -0.80118 7.3069 -4.3046 -1.3713 1.6775
0.83329 0.36595 4.6831 -1.8903 -1.0353 1.2878
0.36835 0.19544 4.4061 -0.64312 -0.27288 0.78779
0.3158 0.31724 3.8966 -0.16194 -0.11517 0.56792
0.20562 0.36523 3.9151 0.016702 -0.040596 0.33344
0.11695 0.59068 3.2592 0.13338 0.11701 0.28145
0.15335 0.57339 3.2571 0.20055 0.28951 0.46803
0.18502 0.48324 3.4557 0.13341 0.14993 0.47301
0.10308 0.75142 3.4429 1.0422 0.62006 0.63622
0.087574 0.9005 3.4593 1.6949 0.46308 0.49344
0.052812 1.0155 3.5311 2.292 0.34333 0.31727
0.069692 1.2171 3.3504 2.4391 0.16498 0.19364
0.080246 1.1494 3.3595 2.3706 -0.05932 0.092236
0.10393 1.0819 3.3531 2.1371 -0.15285 0.02246
0.1176 1.0455 3.3393 2.0398 -0.16434 0.047316
0.11035 1.0156 3.325 2.0414 -0.13089 0.07137
0.1077 0.98807 3.3242 2.0553 -0.1239 0.050259
0.11607 0.9955 3.3264 2.019 -0.1347 0.050501
0.1107 0.99262 3.3647 1.9289 -0.13024 0.082997
0.10902 1.003 3.3631 1.8836 -0.11089 0.089868
0.11119 1.1194 3.3459 1.8082 -0.12635 0.11168
0.10523 1.0974 3.3652 1.8497 -0.09179 0.15085
0.12249 1.2007 3.3148 1.7869 -0.099839 0.16446
0.11521 1.1629 3.3098 1.8141 -0.098637 0.18166
0.12111 1.1616 3.2939 1.772 -0.08737 0.18085
0.11447 1.1287 3.2715 1.7311 -0.087113 0.18604
0.11248 1.1135 3.2937 1.6651 -0.071629 0.19468
0.11471 1.0461 3.3161 1.6035 -0.071662 0.19354
0.11472 1.0317 3.3483 1.5233 -0.059333 0.21272
0.12283 1.0337 3.3442 1.5061 -0.065504 0.22536
0.12371 0.94657 3.3912 1.4576 -0.067261 0.2216
0.12533 1.0158 3.3359 1.512 -0.077848 0.22329
0.12937 1.007 3.3335 1.5444 -0.083848 0.21617
0.12488 1.0061 3.3131 1.5078 -0.076739 0.21918
0.12555 1.0161 3.3046 1.4919 -0.063979 0.20826
0.12337 1.0302 3.3161 1.4136 -0.053868 0.22943
0.1258 0.95443 3.3786 1.2117 -0.041749 0.23064
0.13325 0.98602 3.3597 1.1531 -0.069214 0.22086
0.13693 0.91244 3.419 1.0202 -0.065836 0.24618
0.14717 0.96592 3.3631 0.98129 -0.10096 0.22036
0.14672 0.90828 3.3745 0.97004 -0.093592 0.24434
0.14853 0.93981 3.3574 0.98125 -0.091444 0.23708
0.15031 0.91534 3.3915 0.93322 -0.097226 0.2444
0.16924 0.85218 3.4602 0.76959 -0.1073 0.23935
0.15725 0.85995 3.3939 0.76333 -0.11852 0.22398
0.10328 0.86805 3.1872 1.1425 -0.0271 0.23396
0.057368 1.0055 2.9684 1.5134 -0.018026 0.2363
-0.038704 1.1581 2.8566 2.6201 0.19202 0.3159
-0.10142 1.2798 2.7107 2.774 0.16914 0.32078
-0.076447 1.4018 3.1696 3.2594 0.25949 0.41463
-0.068308 1.3238 3.3725 2.5337 0.1444 0.38921
-0.016476 1.2724 3.635 2.0883 0.12088 0.39603
0.010757 1.2195 3.7875 1.6425 0.059539 0.37303
0.020456 1.1475 3.7617 1.3157 0.046878 0.35858
0.0036177 1.0887 3.7172 1.3135 0.068354 0.34327
0.0077098 1.089 3.7184 1.3318 0.071026 0.33518
0.0089853 0.96457 3.7455 1.2386 0.060809 0.32853
0.0065266 0.94163 3.7559 1.1441 0.051214 0.31087
0.0099857 0.90829 3.7325 1.1455 0.041005 0.29491
0.0094681 0.93873 3.655 1.1847 0.028198 0.30061
0.0028943 0.95832 3.62 1.1837 0.051423 0.27817
0.0062849 0.98854 3.4994 1.2747 0.039579 0.27051
0.015844 0.97198 3.4609 1.1629 0.06248 0.25991
0.015317 0.92679 3.4274 1.1234 0.054538 0.24289
0.025856 0.86509 3.3918 0.97303 0.066326 0.23183
0.021054 0.83339 3.3832 0.98463 0.086845 0.22933
0.023276 0.79677 3.4009 0.88103 0.066813 0.22389
0.015223 0.78667 3.3815 0.93757 0.097544 0.22279
0.015998 0.81163 3.3731 0.92585 0.090166 0.2208
0.012183 0.8131 3.3662 0.94307 0.093598 0.22899
0.012067 0.82337 3.3563 0.94459 0.092117 0.22533
0.012968 0.80285 3.3374 0.97128 0.10554 0.23435
0.024271 0.76879 3.4426 0.90321 0.065111 0.25024
0.041654 0.70664 3.5886 0.69227 -0.0031575 0.25027
-0.0017472 0.70653 3.3706 0.85598 0.06966 0.20772
-0.035532 1.1192 2.706 1.802 0.28871 0.21988
-0.10787 0.96931 2.8833 1.8633 0.21164 0.14676
-0.24094 1.8089 1.1243 4.0105 0.68741 0.087451
-0.24616 1.6214 1.7917 4.1284 0.46244 0.11847
-0.307 1.8817 1.313 4.625 0.3892 0.02979
-0.28389 1.8746 1.4428 4.7028 0.27641 0.049855
-0.25895 1.7483 1.8319 4.2797 0.097256 0.040913
-0.24823 1.7318 1.8514 4.0221 0.042777 0.013175
-0.24093 1.7545 1.7972 4.0122 0.086931 0.026744
-0.24634 1.7298 1.8656 3.9028 0.11565 0.017348
-0.2388 1.7501 1.8507 3.8874 0.09361 0.023797
-0.23852 1.7484 1.8708 3.8261 0.1076 0.024427
-0.23468 1.7395 1.8625 3.8174 0.11168 0.027354
-0.22562 1.6919 1.9066 3.6639 0.11004 0.037499
-0.22622 1.6465 1.9606 3.5375 0.14671 0.037782
-0.23079 1.6382 1.9518 3.4741 0.14023 0.039385
-0.23483 1.554 2.0628 3.2383 0.18957 0.02993
-0.2275 1.5973 2.0773 3.1858 0.23348 0.037737
-0.22801 1.5399 2.0948 3.0215 0.21719 0.036815
-0.20707 1.5186 2.3382 3.0238 0.29458 0.030581
-0.20505 1.618 2.3685 3.1654 0.22926 0.018124
-0.18736 1.6086 2.5486 3.5733 0.218 -0.053957
-0.1859 1.738 2.4529 3.7997 0.11193 -0.053882
-0.18551 1.8578 2.2987 4.4771 0.1462 -0.15046
-0.1853 1.8414 1.9284 4.6851 0.0062121 -0.17358
-0.15734 1.9678 1.7089 5.3727 0.0023199 -0.19336
-0.16229 2.1539 1.4454 6.1124 -0.073232 -0.27825
-0.11408 2.0953 1.5202 5.7402 -0.1801 -0.28273
0.060889 1.9682 1.8264 4.1679 -0.29667 -0.040904
0.10964 1.7598 1.9552 3.0482 -0.4352 0.025805
0.23591 1.1103 2.5537 -0.37299 -0.3087 0.2933
0.28367 0.91529 2.3203 -0.13162 -0.40177 0.42683
0.23665 0.50653 2.366 -0.80461 -0.16529 0.4508
