-0.0020913 -0.004737 -0.018262 0.031547 -0.0052962 -0.004299
-0.041131 0.0046417 -0.084311 0.099074 0.0045575 -0.030159
-0.039251 0.038173 0.0022427 0.05984 0.037433 -0.0057169
-0.06891 -0.0031407 0.036066 0.024258 0.053185 -0.00098618
-0.079983 0.11187 0.01902 0.025276 0.075035 -0.021028
-0.091859 0.044999 0.083822 -0.054955 0.094273 -0.0079308
-0.10084 0.012181 0.16646 -0.068788 0.11331 0.0029833
-0.11231 0.17278 0.039668 0.051565 0.10412 -0.0045598
-0.10554 0.049174 0.35276 -0.35031 0.16167 0.020439
-0.095337 0.037373 0.39208 -0.34364 0.18141 0.061137
-0.10107 0.1847 0.34768 -0.29543 0.17067 0.045896
-0.11126 0.13777 0.40001 -0.42652 0.18692 0.049512
-0.10966 0.12312 0.37831 -0.31492 0.18586 0.093628
-0.11498 0.14001 0.44749 -0.49703 0.1976 0.12262
-0.13498 0.24799 0.41012 -0.53973 0.24921 0.13987
-0.11927 0.26478 0.12863 -0.20418 0.18397 0.12242
-0.075271 0.1532 0.40842 -0.30143 0.22655 0.1203
-0.25602 0.34832 -0.10446 -0.34647 0.16143 0.25412
-0.12046 0.26168 0.079023 -0.062332 0.25072 0.14731
-0.14193 0.30874 -0.051204 -0.14067 0.19247 0.19071
-0.17499 0.34507 -0.17545 -0.090911 0.22118 0.2113
-0.18679 0.24732 -0.098533 -0.069301 0.20421 0.211
-0.18115 0.30176 -0.16398 -0.00021917 0.21249 0.222
-0.17591 0.3613 -0.22191 -0.072259 0.20399 0.2011
-0.17724 0.23454 -0.10696 -0.050862 0.23649 0.21212
-0.17515 0.26679 -0.081579 -0.14655 0.22165 0.21236
-0.17717 0.30166 -0.1271 -0.10793 0.22371 0.20126
-0.17128 0.20378 -0.0061145 -0.14165 0.22831 0.20929
-0.16889 0.27184 -0.035117 -0.19651 0.2272 0.19888
-0.18183 0.28033 -0.079614 -0.18858 0.23765 0.1994
-0.15409 0.19389 0.11267 -0.23118 0.21307 0.19166
-0.16601 0.2419 -0.05826 -0.1738 0.23005 0.19815
-0.16742 0.28737 -0.01711 -0.2007 0.23556 0.19532
-0.17214 0.20886 0.043408 -0.26475 0.22149 0.19184
-0.16515 0.19699 0.010288 -0.19357 0.20524 0.20083
-0.15548 0.29319 -0.053769 -0.2176 0.20709 0.19918
-0.15308 0.1952 -0.019852 -0.22482 0.23888 0.20624
-0.20546 0.15603 -0.061293 -0.16208 0.20961 0.1697
-0.17813 0.23218 -0.20615 -0.049226 0.24614 0.16823
-0.11989 0.15146 -0.2273 -0.26494 0.18193 0.27407
-0.16059 0.13819 -0.22632 -0.094738 0.29021 0.18619
-0.23118 0.22732 -0.094151 0.063103 0.098815 0.09931
-0.19403 0.13339 -0.83246 0.155 0.40533 0.1868
-0.099174 0.034295 -0.1599 -0.1085 0.10308 0.23718
-0.21174 0.27412 -0.49087 0.26983 0.20465 0.10884
-0.20628 0.17629 -0.52296 0.20401 0.22553 0.12714
-0.20547 0.14864 -0.52586 0.18903 0.1861 0.15043
-0.179 0.21204 -0.4371 0.27647 0.15377 0.090439
-0.20578 0.17172 -0.50183 0.28036 0.14391 0.12754
-0.22704 0.26641 -0.4682 0.25986 0.15154 0.10223
-0.22842 0.2522 -0.50651 0.26841 0.14863 0.078081
-0.22795 0.20858 -0.44341 0.2342 0.13769 0.094488
-0.24453 0.23984 -0.52442 0.25913 0.1427 0.087596
-0.24764 0.31931 -0.64554 0.31747 0.18808 0.081551
-0.25621 0.20896 -0.4012 0.14035 0.13905 0.083433
-0.26715 0.25905 -0.77441 0.32755 0.22138 0.082688
-0.26931 0.32166 -0.73032 0.31336 0.20971 0.082539
-0.28372 0.27598 -0.74188 0.23425 0.25306 0.082279
-0.27997 0.23795 -0.74048 0.2959 0.23977 0.082364
-0.29122 0.33909 -0.89431 0.37513 0.25967 0.080131
-0.30111 0.32442 -0.92441 0.28072 0.32307 0.071676
-0.2941 0.19833 -0.79058 0.30561 0.27351 0.08568
-0.309 0.36824 -0.94698 0.33643 0.32246 0.076097
-0.30996 0.3035 -0.957 0.36748 0.30895 0.06826
-0.30963 0.24505 -0.81449 0.20547 0.34461 0.080226
-0.31562 0.31122 -0.93214 0.36097 0.3007 0.062787
-0.31636 0.28222 -0.92438 0.26258 0.34491 0.072335
-0.31416 0.25327 -0.83369 0.2654 0.3283 0.074965
-0.32405 0.29914 -0.90295 0.29617 0.32383 0.060811
-0.31703 0.30976 -0.94972 0.31032 0.33074 0.062901
-0.31656 0.22409 -0.83369 0.23388 0.32324 0.074412
-0.32615 0.2898 -0.9013 0.31875 0.31008 0.063009
-0.31903 0.34912 -0.96919 0.33754 0.33432 0.060132
-0.31764 0.27564 -0.88926 0.30655 0.30613 0.065074
-0.32691 0.23489 -0.89185 0.31487 0.3004 0.065293
-0.31696 0.38547 -0.96711 0.3711 0.31528 0.064914
-0.33045 0.3141 -0.96442 0.36075 0.31042 0.053459
-0.31981 0.25821 -0.89915 0.35131 0.29755 0.067195
-0.32437 0.33317 -0.95134 0.3659 0.30319 0.060604
-0.33167 0.35851 -0.99214 0.37892 0.31584 0.047553
-0.32498 0.27633 -0.91499 0.29881 0.29716 0.060746
-0.33671 0.26455 -0.95741 0.37722 0.33813 0.061722
-0.33116 0.39162 -1.0037 0.42321 0.28189 0.046538
-0.33489 0.28248 -0.94731 0.22381 0.35228 0.040714
-0.33612 0.25301 -0.9255 0.33799 0.31891 0.063831
-0.34215 0.32031 -0.98195 0.31423 0.31613 0.040636
-0.33937 0.32753 -1.0041 0.31101 0.34308 0.037016
-0.33745 0.28423 -0.96334 0.28216 0.32742 0.048623
-0.34086 0.26058 -0.95842 0.30183 0.3054 0.040022
-0.33865 0.33082 -0.99171 0.23824 0.33867 0.029923
-0.33446 0.31144 -1.0696 0.30437 0.32888 0.035092
-0.33893 0.25161 -1.0206 0.25962 0.3137 0.047228
-0.33532 0.32279 -1.0665 0.30642 0.29333 0.016476
-0.33395 0.3167 -1.1672 0.24209 0.34182 0.025198
-0.32365 0.22437 -1.0364 0.26829 0.31382 0.052598
-0.33898 0.31053 -1.1919 0.29271 0.32021 0.024099
-0.32176 0.29857 -1.0696 0.23408 0.3286 0.025569
-0.33116 0.209 -1.1152 0.26467 0.33466 0.043492
-0.33443 0.31227 -1.1962 0.29285 0.30259 0.028836
-0.32116 0.22932 -0.88179 0.20562 0.36924 0.035282
-0.31997 0.22804 -0.96783 0.28356 0.32972 0.053548
-0.31962 0.28222 -0.95138 0.28938 0.31703 0.041746
-0.33486 0.27023 -0.86446 0.18519 0.35543 0.02785
-0.32423 0.22779 -0.77115 0.31976 0.30679 0.040586
-0.30404 0.2474 -0.71819 0.24043 0.3468 0.069753
-0.315 0.31775 -0.7401 0.25502 0.33127 0.030211
-0.32236 0.25556 -0.66654 0.29018 0.30278 0.053578
-0.31194 0.276 -0.64948 0.23921 0.33444 0.042699
-0.30475 0.3348 -0.71642 0.32837 0.30568 0.052711
-0.31117 0.27382 -0.63964 0.24882 0.31452 0.044227
-0.31079 0.28102 -0.6457 0.28541 0.30656 0.060496
-0.32746 0.38266 -0.7332 0.33165 0.29433 0.020312
-0.28768 0.29217 -0.71764 0.30387 0.32881 0.069113
-0.3208 0.29422 -0.71582 0.35282 0.26062 0.047182
-0.34094 0.34993 -0.76414 0.31532 0.31074 0.020628
-0.31632 0.34767 -0.82546 0.37661 0.30751 0.045378
-0.3197 0.24878 -0.75131 0.33568 0.29141 0.051786
-0.336 0.36787 -0.83933 0.38261 0.30268 0.033203
-0.34046 0.33537 -0.88893 0.41041 0.29799 0.028024
-0.33301 0.23091 -0.74198 0.31542 0.30695 0.043043
-0.33952 0.3371 -0.84267 0.40109 0.29365 0.037324
-0.34004 0.34639 -0.85703 0.41617 0.29407 0.02633
-0.34125 0.23481 -0.74479 0.32553 0.29072 0.036292
-0.33419 0.31453 -0.7309 0.3473 0.29296 0.040941
-0.33743 0.31526 -0.75852 0.43793 0.23517 0.025954
-0.3403 0.33093 -0.75328 0.37444 0.27521 0.0287
-0.33404 0.27697 -0.65195 0.3335 0.26052 0.034921
-0.33262 0.29465 -0.63618 0.38238 0.20672 0.033829
-0.33712 0.38737 -0.7299 0.40481 0.2462 0.017391
-0.32769 0.28529 -0.62981 0.39741 0.21366 0.03692
-0.33479 0.30299 -0.63263 0.37433 0.21264 0.02818
-0.3342 0.37135 -0.66581 0.39626 0.21315 0.020973
-0.33526 0.31492 -0.63553 0.37108 0.22438 0.022208
-0.32413 0.28514 -0.63498 0.41745 0.18745 0.035131
-0.33737 0.37805 -0.68421 0.41496 0.22102 0.019444
-0.33353 0.32496 -0.64769 0.34874 0.23458 0.017756
-0.3301 0.26536 -0.614 0.38677 0.19935 0.034319
-0.33247 0.36251 -0.67385 0.4026 0.22656 0.02348
-0.33376 0.3477 -0.69555 0.38655 0.24589 0.014861
-0.3275 0.25411 -0.59938 0.36442 0.21441 0.035225
-0.3381 0.35354 -0.6748 0.39377 0.24705 0.023635
-0.32923 0.33574 -0.68541 0.34584 0.24448 0.020335
-0.32405 0.25724 -0.59474 0.36384 0.21886 0.036744
-0.33175 0.34386 -0.66893 0.34508 0.23432 0.023716
-0.33325 0.33924 -0.718 0.37688 0.2413 0.020044
-0.32419 0.23211 -0.56781 0.26707 0.21377 0.035984
-0.32815 0.27844 -0.5772 0.28522 0.23401 0.032683
-0.33296 0.33124 -0.66109 0.38007 0.19082 0.016326
-0.33164 0.24892 -0.54122 0.28295 0.24767 0.023556
-0.33518 0.15198 -0.37295 0.27135 0.21648 0.03805
-0.34974 0.2161 -0.3208 0.36404 0.24219 0.018836
-0.36358 0.22109 -0.25069 0.44276 0.31716 0.012113
-0.3825 0.21169 -0.18174 0.48559 0.34634 0.0089848
-0.37419 0.042385 0.06561 0.4906 0.27787 0.0091327
-0.37395 0.19996 0.12124 0.57496 0.41439 0.02918
-0.4162 0.15347 0.29937 0.74933 0.49319 -0.0095355
-0.45336 0.13359 0.33747 0.89036 0.50217 -0.027968
-0.37807 0.16413 0.40947 0.82473 0.46944 0.016724
-0.40582 0.15658 0.53483 0.99996 0.52722 -0.0087185
-0.41952 0.14278 0.66487 1.0841 0.57864 -0.012251
-0.3814 0.13049 0.83351 1.2425 0.53525 -0.013399
-0.35757 0.071074 1.0719 1.3941 0.50474 -0.01272
-0.33731 0.029159 1.3221 1.5714 0.51021 -0.0073689
-0.35494 0.068431 1.3834 1.6504 0.48317 -0.014544
-0.33196 0.1016 1.5837 1.5847 0.43113 0.008495
-0.18702 -0.30091 2.3795 2.1941 0.41395 -0.020644
-0.32982 0.0033518 2.2656 2.2358 0.37303 -0.01643
-0.2742 -0.048849 2.4293 2.1304 0.37744 0.014974
-0.25379 -0.078413 2.5448 2.29 0.36396 -0.0034887
-0.24311 -0.048842 2.6199 2.4695 0.32003 -0.011447
-0.25968 0.020562 2.4693 2.4426 0.36815 -0.0061974
-0.26777 0.058432 2.2869 2.3261 0.38686 0.0046285
-0.26684 0.075402 2.3221 2.3029 0.31844 0.014595
-0.26567 0.2561 1.8265 2.2946 0.40102 0.0015167
-0.28898 0.29299 1.3815 2.1042 0.41334 0.0064232
-0.2756 0.21748 1.423 1.9379 0.4072 0.029113
-0.26071 0.32878 1.1425 1.9246 0.43177 0.024318
-0.2819 0.32243 1.0679 1.8113 0.44087 0.028443
-0.27454 0.32922 0.84753 1.8709 0.41624 0.02339
-0.27982 0.33832 0.86466 1.66 0.47709 0.033877
-0.27346 0.35326 0.74348 1.8406 0.50285 0.010764
-0.27217 0.25108 0.91791 1.7463 0.42955 0.0045829
-0.27655 0.26259 0.90134 1.6434 0.48223 0.018827
-0.29379 0.30046 0.89817 1.9515 0.53185 -0.017939
-0.28794 0.26745 0.87097 1.8403 0.47958 -0.031698
-0.31116 0.24964 0.92709 1.8074 0.53478 -0.052
-0.32522 0.22417 0.90424 1.9519 0.59409 -0.073052
-0.31743 0.22895 0.96686 1.9139 0.49233 -0.097948
-0.39016 0.31787 0.72913 2.3577 0.60323 -0.23991
-0.37791 0.34052 0.6916 2.422 0.64548 -0.18143
-0.45659 0.30449 1.0456 2.9627 0.74248 -0.32051
-0.46969 0.48825 0.40631 2.8131 0.54733 -0.45348
-0.58255 0.57263 0.55615 4.7591 0.87142 -0.67409
-0.61005 0.45489 0.43944 3.8026 0.79871 -0.68644
-0.55217 0.77015 0.40411 4.9957 0.59928 -0.71996
-0.79844 0.79429 0.040286 4.9875 1.2131 -0.86505
-0.73548 0.52378 -0.044358 5.3038 0.72699 -0.96338
-0.68631 0.70772 -0.079843 4.8266 0.8838 -0.90766
-0.59678 0.78934 -0.093926 5.0935 0.73477 -0.95327
-0.68974 0.47373 -0.3452 3.8421 0.98305 -0.54059
-0.5193 0.25468 -0.26956 2.1974 0.79089 -0.46864
-0.45342 0.36342 -0.47243 2.3405 0.66475 -0.46227
-0.19072 -0.020546 0.082323 0.81644 0.52431 -0.031782
-0.17395 0.14891 -0.3807 -0.2959 0.55574 0.11141
-0.025386 -0.1317 -0.078505 -1.1238 0.53589 0.34791
0.083098 -0.58437 0.057151 -2.7102 0.32702 0.44598
0.16039 -0.14075 -0.022107 -1.8981 0.19654 0.81097
0.28272 -0.14564 -0.22782 -2.9097 0.32063 0.64254
0.28885 -0.5809 0.18808 -3.4978 0.13937 0.74717
0.28622 -0.31649 -0.19423 -2.6508 0.077994 0.87011
0.32013 -0.34382 -0.22463 -2.8495 -0.015334 0.77749
0.35504 -0.3663 -0.22986 -2.6028 -0.11153 0.83496
0.29534 -0.22257 -0.39859 -2.4971 0.079945 0.88332
0.23221 -0.007597 -0.88817 -1.9176 -0.12436 0.65299
0.31277 -0.52346 -0.55378 -1.8991 -0.42603 0.60647
0.34426 -0.28694 -0.23567 -1.8072 -0.20413 0.98777
0.20315 0.15872 -1.3049 -1.4962 -0.086823 0.66578
0.28304 -0.22755 -0.72709 -1.5562 -0.3765 0.748
0.26978 -0.1518 -0.71817 -1.5443 -0.26912 0.7441
0.2565 -0.1575 -0.70974 -1.4903 -0.22056 0.79457
0.27295 -0.022338 -0.72782 -1.6622 -0.2343 0.80825
0.25326 -0.11412 -0.63417 -1.6524 -0.16858 0.82035
0.25292 -0.10743 -0.56293 -1.7132 -0.12628 0.8349
0.21911 -0.03611 -0.53865 -1.8133 -0.14772 0.77718
0.25181 -0.12942 -0.4206 -1.8394 -0.069566 0.85501
0.24631 -0.079028 -0.41265 -1.8924 -0.047606 0.85912
0.21498 -0.016599 -0.41071 -1.9583 -0.059414 0.79793
0.22091 -0.21204 -0.28081 -1.9296 -0.068751 0.83375
0.24244 -0.0098514 -0.4131 -1.868 -0.0034693 0.86415
0.21566 -0.0087309 -0.346 -1.8726 -0.020087 0.82197
0.22265 -0.070885 -0.37103 -1.8584 -0.016097 0.80309
0.20872 -0.11144 -0.33508 -1.8282 0.0030881 0.85793
0.20754 -0.018663 -0.41334 -1.7923 0.033611 0.83615
0.17726 0.042164 -0.49819 -1.6954 0.024545 0.77173
0.1652 -0.061674 -0.55728 -1.6842 0.071988 0.76594
0.13156 -0.048729 -0.54318 -1.5334 0.10171 0.75132
0.14012 0.0079619 -0.61 -1.6577 0.062738 0.76196
0.08532 0.0061017 -0.85532 -1.4629 0.061529 0.60326
0.01656 -0.029671 -0.88279 -0.93146 0.18342 0.50651
0.038016 -0.021207 -0.98296 -1.0402 0.015661 0.51346
0.014196 -0.021993 -0.93361 -0.60643 -0.027199 0.41961
-0.038822 -0.040414 -1.0835 0.077251 0.015265 0.12036
-0.062429 0.055577 -1.2091 0.95694 -0.06993 0.09126
-0.0051319 -0.023358 -0.59265 0.77679 -0.11385 0.057596
-0.1216 0.1369 -1.934 1.5567 -0.16357 -0.13481
-0.060726 -0.044266 -0.86846 2.4916 -0.26846 -0.1873
0.092527 0.14565 -0.28601 2.2335 -0.27056 -0.21462
-0.10045 0.28149 -1.4673 3.2747 -0.23906 -0.31235
0.067212 0.106 -1.0402 2.834 -0.30751 -0.10976
0.092509 0.32658 -0.74052 2.3969 -0.30991 -0.092231
0.14157 0.27206 -0.65045 2.5773 -0.2988 0.0035303
0.17082 0.28822 -0.66047 2.4749 -0.30102 0.035121
0.20356 0.40439 -0.73349 1.944 -0.30209 0.1966
0.24083 0.32165 -0.59346 1.5656 -0.24689 0.29133
0.25777 0.33833 -0.52152 1.206 -0.2632 0.38277
0.27582 0.41522 -0.49299 1.0959 -0.29064 0.40568
0.26009 0.26864 -0.37823 0.8884 -0.23893 0.42034
0.25611 0.37481 -0.42509 0.90117 -0.23758 0.41805
0.26881 0.44421 -0.50234 0.94694 -0.27543 0.48026
0.22174 0.1842 -0.23969 0.72608 -0.20213 0.38468
0.23182 0.45305 -0.44885 1.0219 -0.26085 0.4236
0.21612 0.36523 -0.34263 0.92133 -0.22056 0.38205
0.20565 0.29009 -0.30388 0.97569 -0.21395 0.38862
0.2005 0.45791 -0.41201 0.98165 -0.23298 0.3762
0.20952 0.31253 -0.30738 0.89421 -0.20151 0.38713
0.20539 0.33183 -0.29912 0.93723 -0.23285 0.38736
0.21168 0.43805 -0.34758 0.80582 -0.21011 0.40123
0.22079 0.34677 -0.3485 0.83828 -0.22083 0.41328
0.21082 0.30147 -0.29001 0.70357 -0.20472 0.40925
0.22092 0.39765 -0.36797 0.76212 -0.20002 0.39466
0.21808 0.27784 -0.30293 0.82214 -0.18819 0.40434
0.19701 0.38445 -0.41531 1.0418 -0.17799 0.36084
0.14874 0.36068 -0.22324 1.2467 -0.1327 0.25359
0.1375 0.35604 -0.39705 1.5332 -0.116 0.25163
0.12458 0.22643 -0.034502 1.6923 -0.0115 0.17022
0.043025 0.55924 -0.27653 1.7733 0.10764 0.13275
0.0036392 0.30038 0.35308 2.539 -0.046123 -0.10782
-0.024218 0.54546 -0.51984 1.8786 0.20695 0.029683
-0.022276 0.34418 0.86836 3.024 0.035429 -0.10984
-0.011555 0.72596 0.40274 2.1655 0.42192 -0.11273
-0.12372 0.19829 0.46734 1.7419 0.077452 -0.13738
-0.093666 0.74966 0.16941 2.1228 0.35667 -0.10947
0.088922 0.58253 1.2043 1.9182 -0.0020927 -0.030104
-0.044376 0.49429 0.53268 1.0773 0.30225 0.01921
0.0035612 0.48675 0.55683 1.049 0.13938 0.043678
0.061434 0.52475 0.59015 0.66601 0.10775 0.11111
0.092479 0.50784 0.53367 0.56274 0.046038 0.1873
0.11162 0.44743 0.52924 0.30722 0.064871 0.23208
0.113 0.42094 0.47459 0.22103 0.040116 0.24292
0.1294 0.45355 0.23707 0.20035 0.019834 0.28028
0.12545 0.32306 0.33227 0.15698 0.033648 0.28305
0.12031 0.36878 0.30151 0.14932 0.052875 0.28166
0.11773 0.4338 0.2015 0.23853 0.051343 0.2859
0.10999 0.37837 0.223 0.19587 0.067307 0.27359
0.12522 0.33994 0.27712 0.31559 0.091705 0.31889
0.12181 0.43444 0.29328 0.2535 0.11554 0.30144
0.13629 0.47002 0.15629 0.46486 0.07646 0.34643
0.13081 0.43503 0.21571 0.35003 0.06692 0.37065
0.22869 0.29069 1.1095 0.5872 0.20015 0.42899
0.24753 0.5385 0.7879 0.4188 -0.042243 0.43614
0.2228 0.54823 0.50031 0.61053 0.0083708 0.45693
0.3014 0.26877 1.4282 0.72396 0.0092905 0.51698
0.27637 0.3924 1.4113 0.81754 -0.058798 0.49971
0.34142 0.37598 1.4354 0.90165 -0.12049 0.44573
0.28105 0.29499 1.6263 0.77498 -0.22282 0.39413
0.054951 0.17788 1.6388 0.96536 -0.20587 0.0073655
0.019998 0.24963 1.2068 1.2097 -0.38322 0.0068516
0.26892 0.21962 1.1784 0.75833 -0.12635 0.58078
0.21026 0.092625 1.3247 0.73787 -0.18165 0.20036
-0.62782 -0.11633 0.88425 1.3222 -0.45154 -1.2713
-0.057336 0.29405 0.43265 0.44864 -0.26822 0.4201
0.12374 0.067583 0.60729 0.35392 -0.044812 0.17961
-0.19756 0.067502 0.30029 0.49364 -0.1202 -0.2199
-0.20086 0.043194 0.32931 0.26313 -0.10233 -0.13552
-0.099461 0.16914 0.20909 0.055382 -0.041548 0.05652
-0.023648 0.15632 0.23325 -0.090001 0.022404 0.1992
0.023492 0.13186 0.29057 -0.17301 0.068927 0.2736
0.049691 0.21498 0.28273 -0.24201 0.09082 0.29713
0.052882 0.18857 0.30361 -0.22217 0.09655 0.31758
0.06304 0.13834 0.37167 -0.27968 0.11778 0.34343
0.069798 0.23952 0.33192 -0.27566 0.093115 0.34281
0.067964 0.21181 0.29349 -0.24829 0.10498 0.34138
0.057678 0.12802 0.39816 -0.30787 0.11227 0.34316
0.054658 0.19371 0.31597 -0.22902 0.095605 0.32826
0.037298 0.21553 0.29258 -0.25272 0.096017 0.30363
0.030403 0.1261 0.32345 -0.25516 0.096754 0.31024
0.031065 0.16468 0.29471 -0.25193 0.087442 0.29931
0.022188 0.16546 0.296 -0.20657 0.082144 0.29412
0.027451 0.075933 0.3499 -0.1947 0.078914 0.30156
0.028766 0.1996 0.24646 -0.080407 0.043945 0.27684
0.027546 0.11597 0.25538 -0.0093258 0.036672 0.26785
0.028197 0.14584 0.34142 -0.017863 0.0368 0.28126
-0.020829 0.1036 -0.0077261 0.15304 0.0002526 0.25574
0.089548 0.24423 0.34614 0.41151 -0.067517 0.22532
-0.0056405 0.049515 0.32031 0.4014 -0.053163 0.22963
-0.0079159 0.2898 -0.19271 0.54806 -0.061871 0.19995
0.055265 0.28231 0.047274 0.54397 -0.13206 0.2458
0.019731 0.17458 0.33384 1.1477 -0.16638 0.20849
0.015004 0.38257 -0.088608 0.82783 -0.17338 0.19152
0.033301 0.13574 -0.34208 0.53296 0.021014 0.21198
0.061356 0.50846 0.4121 1.3967 -0.25692 0.2541
-0.0086819 0.29201 -0.3553 1.0803 -0.22242 0.18197
0.054988 0.32402 -0.20511 0.79024 -0.013931 0.22683
0.084868 0.35804 0.016637 1.0035 -0.021413 0.27879
0.017746 0.31931 -0.31835 0.65843 -0.115 0.19791
0.069534 0.31774 -0.12515 1.1283 -0.0321 0.24547
0.059299 0.39161 -0.34839 0.7573 0.032479 0.25508
0.078618 0.30779 -0.13726 0.61802 0.07632 0.24132
0.077773 0.32037 -0.2525 0.87292 0.092907 0.27442
0.092603 0.36336 -0.25873 0.72581 0.092153 0.27351
0.09021 0.32831 -0.21345 0.51033 0.081811 0.28699
0.075981 0.41169 -0.20573 1.2968 0.20901 0.25905
0.099287 0.43287 -0.19217 0.93495 0.14076 0.30938
0.11505 0.37686 -0.21329 0.66785 0.087775 0.32299
0.091035 0.44987 -0.19572 1.1277 0.16398 0.30773
0.083594 0.45556 -0.19043 1.1393 0.14529 0.30185
0.081002 0.45318 -0.22186 1.0936 0.10975 0.30316
0.089071 0.46542 -0.26634 0.99919 0.10232 0.31438
0.09797 0.45668 -0.30361 0.97385 0.068889 0.30084
0.067989 0.34479 -0.039688 0.77255 0.082099 0.29538
0.050588 0.48158 -0.45198 0.91996 0.080253 0.29468
0.10222 0.34152 -0.334 0.6814 0.02833 0.26302
0.046758 0.33952 -0.29295 0.72447 0.038565 0.25108
0.041872 0.3215 -0.39608 0.84764 0.071877 0.21507
0.045565 0.28408 -0.53807 1.0308 0.10341 0.19115
-0.0056119 0.25127 -0.54588 1.0068 0.098662 0.12196
-0.014166 0.34542 -0.52414 1.0742 0.10774 0.11252
-0.095026 0.22831 -0.85155 2.8311 0.20359 -0.056985
-0.077447 0.20648 -0.74396 1.566 0.33802 -0.11003
-0.20746 0.37811 -0.82992 3.1828 0.27027 -0.232
-0.16078 0.31903 -1.0248 2.6252 0.25562 -0.18092
-0.21427 0.24203 -0.87501 3.3651 0.53553 -0.24773
-0.25493 0.41201 -0.97999 3.3482 0.36641 -0.41465
-0.30945 0.37261 -0.95179 3.157 0.28349 -0.48556
-0.25322 0.44616 -0.84716 4.2525 0.63679 -0.28266
-0.19447 0.38014 -1.1053 1.6476 0.24345 -0.23268
-0.25489 0.4333 -0.71919 2.8346 0.33296 -0.33723
-0.21962 0.41147 -0.66612 2.5245 0.32581 -0.25763
-0.19431 0.54028 -0.76536 2.0797 0.27626 -0.16831
-0.1637 0.4284 -0.68232 1.6331 0.20672 -0.11569
-0.13567 0.44641 -0.54673 1.3342 0.17825 -0.045733
-0.12162 0.41456 -0.41781 1.2132 0.11206 -0.0011455
-0.1073 0.44353 -0.40658 1.023 0.090012 0.0458
