0.0013098 0.022033 0.0071295 0.0047834 0.00053413 0.0027513
0.0069471 0.0092601 -0.0031136 0.042862 0.01845 0.021469
-0.012948 0.012822 0.11053 0.040248 0.009907 0.013338
-0.010151 0.054464 0.10813 0.032487 -0.0066156 0.013801
-0.0018578 0.092595 0.10988 0.035937 -0.0055131 0.01532
-0.023197 0.078697 0.1281 0.076494 0.0054891 0.01026
-0.018623 0.045518 0.22323 0.063597 0.0045073 0.023702
-0.01462 0.10903 0.23482 0.047221 0.005831 0.034345
-0.010345 0.13766 0.2269 0.014054 0.0057843 0.01738
-0.022543 0.11071 0.33407 0.020511 0.004404 0.020218
-0.016086 0.14256 0.31824 -0.038404 0.012109 0.021387
-0.0070292 0.18247 0.35006 -0.12081 0.015092 -0.0020662
-0.014503 0.17528 0.39312 -0.1086 -0.003945 0.0061855
-0.0069724 0.18945 0.47472 -0.18147 0.017814 0.0031122
0.0020589 0.26531 0.47797 -0.33528 0.01789 -0.024318
0.015703 0.28811 0.52993 -0.4273 0.023366 -0.032488
0.022143 0.25341 0.5474 -0.33897 0.016389 -0.0033634
0.0049003 0.14433 0.4998 -0.2102 -0.0097504 0.0054891
-0.055758 0.15607 0.50961 -0.32675 0.0336 -0.077443
0.045464 0.48631 0.80105 -0.89961 0.055378 -0.11349
0.076167 0.42274 0.65582 -0.84044 0.024083 -0.065467
0.050902 0.28156 0.63474 -0.83379 -0.011843 -0.063003
0.018601 0.26737 0.75534 -0.52019 0.03824 -0.071125
-0.037293 0.088261 0.71977 -0.35478 0.07258 -0.016224
0.091086 0.59535 0.71174 -1.1587 -0.0035345 -0.19916
0.017177 0.15423 0.74477 -0.59886 0.067077 -0.091518
0.046903 0.37289 0.89893 -1.0261 0.0023059 -0.11996
0.010951 0.415 0.82911 -1.1541 0.075537 -0.12934
0.072259 0.24322 0.69375 -0.77489 0.040028 -0.08073
-0.001991 0.12135 0.99239 0.0024273 0.12245 -0.039223
0.043952 0.35352 0.85901 -1.0873 -0.073072 -0.21124
0.022097 0.3838 0.90547 -1.1409 0.11772 -0.12688
0.013784 0.18267 0.84116 -0.49509 0.093664 -0.085996
0.009678 0.16269 1.0046 -0.48607 0.069282 -0.092481
0.0021461 0.19814 1.0613 -0.57938 0.078462 -0.10769
0.0002785 0.25007 1.0419 -0.49778 0.084169 -0.10423
-0.0044139 0.19704 1.1095 -0.37938 0.11022 -0.099426
-0.0091258 0.14961 1.0831 -0.40202 0.11225 -0.097304
-0.012682 0.14436 0.9272 -0.3134 0.12143 -0.093892
0.0019251 0.12675 1.0712 -0.23391 0.13388 -0.080315
-0.040177 0.10864 1.5022 -0.099564 0.14733 -0.063064
-0.047509 0.11259 1.3485 -0.048657 0.1698 -0.097117
-0.040089 0.13721 1.1652 -0.00056561 0.17183 -0.059577
-0.029555 0.053032 1.3916 0.079097 0.17715 -0.066646
-0.040964 0.081516 1.3029 0.060407 0.20281 -0.069138
-0.043956 0.064443 1.3159 0.20369 0.21293 -0.064756
-0.050681 0.070117 1.4426 0.27965 0.25257 -0.064249
-0.053511 0.038943 1.541 0.35208 0.22286 -0.039113
-0.054271 0.054701 1.4455 0.41762 0.27576 -0.042258
-0.058499 0.052879 1.5967 0.34673 0.2247 -0.060725
-0.056389 0.019539 1.5047 0.42241 0.29653 -0.049809
-0.05018 0.048525 1.4948 0.60571 0.28137 -0.043685
-0.057618 0.014794 1.5767 0.53728 0.29953 -0.03753
-0.058772 0.045803 1.5455 0.62785 0.30746 -0.031208
-0.052004 0.034489 1.5647 0.63165 0.31465 -0.041379
-0.054512 0.0090238 1.586 0.65641 0.30073 -0.031816
-0.0496 0.013155 1.5824 0.68162 0.32585 -0.03392
-0.047135 0.043912 1.571 0.73064 0.32517 -0.039513
-0.049095 0.010321 1.5661 0.73041 0.34045 -0.026559
-0.045925 0.021593 1.5667 0.76868 0.31102 -0.02107
-0.044032 -0.0062121 1.5951 0.75946 0.32154 -0.024196
-0.03276 0.040607 1.5194 0.79158 0.33989 -0.034571
-0.033694 0.021726 1.5218 0.78138 0.34208 -0.033291
-0.035051 0.012493 1.5307 0.79418 0.31586 -0.01554
-0.030074 -0.024122 1.5394 0.79324 0.32742 -0.017633
-0.018042 0.022127 1.4827 0.80493 0.32026 -0.035548
-0.021848 0.024121 1.491 0.77901 0.31033 -0.022387
-0.014126 0.02088 1.425 0.81178 0.30336 -0.018027
-0.01151 -0.028444 1.4804 0.76546 0.32263 -0.019545
-0.0052182 -0.008967 1.4119 0.77868 0.29586 -0.020618
-0.0023093 0.046415 1.3786 0.77006 0.28499 -0.022382
0.0023033 -0.00031377 1.3699 0.74043 0.28139 -0.022536
0.0051624 -0.026415 1.3555 0.73297 0.29047 -0.015639
0.012538 0.0061279 1.3184 0.70089 0.26115 -0.019178
0.013844 0.02312 1.2636 0.66849 0.26276 -0.029034
0.014712 0.012381 1.2538 0.65779 0.23764 -0.02429
0.019618 -0.024495 1.198 0.62908 0.24909 -0.036574
0.017558 0.011814 1.1582 0.55332 0.24538 -0.03908
0.011399 0.041209 1.1701 0.58889 0.237 -0.043334
-0.0064102 -0.014479 1.3373 0.61639 0.24889 -0.065775
0.0064696 0.015051 0.90627 0.38937 0.21106 -0.089769
-0.0085017 0.0066072 1.0546 0.41002 0.23801 -0.10787
-0.024897 0.047537 1.0637 0.3732 0.23247 -0.12987
-0.037284 0.016002 1.0112 0.31659 0.23249 -0.15662
-0.055806 0.014542 0.9944 0.28839 0.24502 -0.18873
-0.061659 0.080226 0.80106 0.35834 0.25808 -0.22646
-0.084933 0.022174 0.99067 0.35419 0.29913 -0.24311
-0.1566 -0.047804 1.1687 0.27046 0.29476 -0.25015
-0.16897 0.032698 0.73053 0.24561 0.27343 -0.39465
-0.16426 0.14248 0.75186 -0.059653 0.29743 -0.44316
-0.23324 0.090696 0.71478 -0.39341 0.39304 -0.53036
-0.31884 -0.036089 0.77694 0.40223 0.42729 -0.56658
-0.32004 -0.010497 0.93217 0.54102 0.44859 -0.53966
-0.20342 0.03776 0.87717 0.542 0.34606 -0.38717
0.0073623 0.18432 0.55693 -0.44466 0.028807 -0.20367
-0.74887 0.045228 0.62459 0.0014701 0.80328 -1.2935
-0.67188 -0.03667 0.73467 0.017038 0.74577 -1.08
-0.17002 0.047684 0.64226 0.28506 0.26238 -0.41012
-0.37201 0.078862 0.63547 0.33728 0.46481 -0.66592
-0.45183 0.076562 0.58738 0.20838 0.4811 -0.80877
-0.48945 0.037692 0.61382 0.17912 0.53154 -0.86694
-0.50379 0.046069 0.57911 0.20413 0.55337 -0.88565
-0.51164 0.072546 0.55057 0.26099 0.54979 -0.88795
-0.49727 0.054878 0.52276 0.29948 0.55414 -0.86293
-0.48611 0.030734 0.51938 0.3243 0.52238 -0.85195
-0.47736 0.054276 0.53263 0.36164 0.52906 -0.83314
-0.47514 0.069192 0.49722 0.4153 0.50821 -0.84869
-0.4809 0.068482 0.49974 0.37015 0.50957 -0.83465
-0.47853 0.029701 0.52743 0.41858 0.54459 -0.82483
-0.45156 0.041217 0.49848 0.46605 0.49294 -0.78375
-0.44314 0.094651 0.46933 0.49153 0.4875 -0.78796
-0.44039 0.062339 0.45858 0.49763 0.47961 -0.77997
-0.4317 0.024219 0.52283 0.5061 0.50863 -0.74394
-0.41697 0.044948 0.51945 0.52405 0.47276 -0.72653
-0.40991 0.078765 0.48135 0.54974 0.46103 -0.73405
-0.39901 0.062552 0.47849 0.57215 0.44596 -0.70567
-0.39253 0.037159 0.51324 0.58225 0.47721 -0.69157
-0.38701 0.032726 0.54248 0.57653 0.4428 -0.67498
-0.37821 0.088776 0.48103 0.61212 0.44955 -0.67321
-0.37019 0.053665 0.48848 0.6096 0.43801 -0.6593
-0.36678 0.043364 0.53163 0.62935 0.43662 -0.65016
-0.36761 0.021565 0.5494 0.62929 0.44771 -0.64272
-0.35473 0.071816 0.50804 0.64286 0.40881 -0.63706
-0.35052 0.063787 0.50765 0.67902 0.43081 -0.63044
-0.35485 0.054805 0.51246 0.6593 0.42705 -0.62456
-0.3511 0.01887 0.55678 0.65066 0.42307 -0.62111
-0.34901 0.059791 0.51474 0.67721 0.4088 -0.63547
-0.33926 0.065013 0.51357 0.6982 0.40499 -0.60438
-0.32176 0.057254 0.50889 0.71919 0.38744 -0.59235
-0.34326 0.024464 0.55818 0.69245 0.42063 -0.60887
-0.33472 0.054399 0.4986 0.71013 0.39574 -0.61143
-0.32611 0.086677 0.49723 0.71612 0.37556 -0.6063
-0.31979 0.041839 0.52374 0.7255 0.36891 -0.58918
-0.32241 0.019545 0.53761 0.74355 0.38346 -0.59132
-0.30862 0.087213 0.487 0.74798 0.36346 -0.58679
-0.30498 0.071622 0.48455 0.74021 0.35686 -0.58001
-0.30819 0.032485 0.52008 0.75304 0.35299 -0.58497
-0.30793 0.038848 0.53564 0.75057 0.35681 -0.57432
-0.28721 0.076543 0.50018 0.75769 0.32384 -0.56986
-0.31262 0.063884 0.49663 0.7538 0.35578 -0.59582
-0.2838 0.041547 0.52855 0.74395 0.32247 -0.54732
-0.29435 0.0038051 0.56881 0.73862 0.33517 -0.56979
-0.29689 0.061828 0.55734 0.7404 0.3198 -0.57068
-0.29121 0.037463 0.57692 0.73644 0.33966 -0.55932
-0.30361 0.013519 0.58495 0.64693 0.34113 -0.56723
-0.31149 -0.025907 0.67164 0.67149 0.33013 -0.57966
-0.31038 0.010329 0.63975 0.65258 0.33077 -0.57334
-0.309 0.0072539 0.68045 0.62124 0.34552 -0.56072
-0.32469 -0.059658 0.7265 0.59089 0.35508 -0.57786
-0.33204 -0.06226 0.76627 0.52734 0.34734 -0.57656
-0.34306 -0.024472 0.79409 0.50382 0.35272 -0.58845
-0.36655 -0.086621 0.85401 0.43875 0.3899 -0.60556
-0.38473 -0.15592 0.98125 0.36601 0.397 -0.60701
-0.41482 -0.14272 1.0267 0.23157 0.42244 -0.62482
-0.43417 -0.16766 1.0364 0.14279 0.44275 -0.66353
-0.38551 -0.19467 0.83637 0.22137 0.39449 -0.61407
-0.2861 -0.0099476 0.71962 0.72389 0.273 -0.50848
-0.24569 0.14089 0.77339 0.39564 0.22805 -0.4862
-0.79379 -0.53004 1.4603 -0.73709 0.80837 -0.88667
-0.51051 -0.55984 1.8835 -0.20412 0.48798 -0.71983
-0.30025 0.05902 0.59954 0.35094 0.27323 -0.53397
-0.35667 -0.051134 0.6501 0.09313 0.39234 -0.56132
-0.44414 -0.16695 0.95314 -0.011688 0.36101 -0.61972
-0.44713 -0.25231 1.1441 -0.15996 0.46245 -0.61344
-0.45084 -0.27061 1.1495 -0.12115 0.4612 -0.62526
-0.43649 -0.16824 1.0041 -0.19284 0.3781 -0.61076
-0.42571 -0.16431 0.95906 -0.19024 0.4271 -0.60284
-0.40863 -0.18991 0.89335 -0.1903 0.37688 -0.58044
-0.3931 -0.19212 0.91172 -0.17114 0.41938 -0.56072
-0.38281 -0.11993 0.82149 -0.17071 0.37215 -0.55281
-0.37987 -0.12233 0.8028 -0.1774 0.37685 -0.53808
-0.35419 -0.13154 0.78865 -0.025584 0.35608 -0.50094
-0.35619 -0.19164 0.82116 -0.10922 0.41 -0.52312
-0.36133 -0.082099 0.75353 -0.33147 0.33484 -0.52987
-0.35529 -0.073346 0.68436 -0.17973 0.40252 -0.49605
-0.3339 -0.1162 0.69899 -0.090201 0.38221 -0.4749
-0.3227 -0.13509 0.72361 -0.071558 0.37252 -0.46189
-0.32141 -0.066222 0.64125 -0.060424 0.37353 -0.45717
-0.31675 -0.044655 0.63001 -0.055305 0.38707 -0.45322
-0.31815 -0.086552 0.64066 -0.075899 0.38671 -0.44749
-0.31553 -0.11063 0.6802 -0.052575 0.40417 -0.44766
-0.31354 -0.042643 0.60336 0.015104 0.44063 -0.41588
-0.309 -0.032308 0.5843 0.052066 0.40274 -0.41494
-0.30626 -0.058703 0.59374 0.012547 0.41204 -0.41344
-0.31365 -0.069352 0.63887 0.10313 0.47077 -0.40084
-0.30992 -0.055452 0.61239 0.14716 0.46024 -0.39006
-0.30876 -0.022567 0.58983 0.12208 0.46531 -0.40348
-0.3009 -0.042318 0.60662 0.14967 0.44461 -0.39381
-0.31365 -0.055617 0.60531 0.20054 0.5168 -0.36028
-0.31919 -0.031184 0.61219 0.2281 0.54189 -0.35552
-0.30806 -0.01731 0.60057 0.23308 0.50973 -0.36955
-0.31152 -0.031841 0.62761 0.23517 0.54632 -0.36343
-0.30626 -0.045528 0.62282 0.27856 0.54934 -0.341
-0.30383 -0.044215 0.63442 0.3151 0.54157 -0.33667
-0.31296 -0.0069706 0.63397 0.26544 0.58322 -0.3401
-0.30211 -0.018514 0.62191 0.29005 0.58246 -0.32517
-0.30696 -0.035427 0.67081 0.27378 0.60759 -0.32987
-0.29958 -0.062505 0.69263 0.30037 0.60873 -0.30882
-0.29989 0.0026693 0.64681 0.28529 0.6124 -0.33101
-0.28318 -0.02426 0.66293 0.25198 0.61597 -0.27934
-0.27755 -0.057752 0.71258 0.23619 0.62966 -0.28532
-0.28513 -0.0508 0.7309 0.18847 0.66631 -0.29019
-0.29246 0.014436 0.68646 0.1484 0.66925 -0.31917
-0.25802 -0.055812 0.70146 0.15663 0.54977 -0.3422
-0.31424 -0.078498 0.74875 0.080838 0.47813 -0.50332
-0.21899 0.0031692 0.6986 0.14099 0.77389 -0.068983
-0.17911 -0.0011758 0.73328 0.13999 0.8606 -0.04307
-0.31025 -0.09119 0.81301 -0.24886 0.44571 -0.60943
-0.28366 -0.075932 0.76993 -0.068513 0.57621 -0.43019
-0.20851 -0.0031795 0.68727 -0.012657 0.6381 -0.24092
-0.21299 -0.016527 0.76178 -0.17266 0.612 -0.29504
-0.22492 -0.046263 0.7558 -0.22539 0.6174 -0.32897
-0.22399 -0.057243 0.79034 -0.2391 0.61905 -0.36292
-0.21171 -0.023106 0.76025 -0.327 0.58747 -0.38143
-0.20398 -0.0092869 0.75764 -0.39545 0.5842 -0.38616
-0.20624 -0.044902 0.79412 -0.41632 0.59675 -0.38431
-0.22706 -0.09193 0.7971 -0.28619 0.58374 -0.37909
-0.22928 -0.039163 0.71266 -0.24442 0.54222 -0.3228
-0.16346 0.03127 0.78932 -0.65482 0.58121 -0.45869
-0.1635 0.0265 0.76883 -0.68004 0.55291 -0.45055
-0.23568 -0.11719 0.77583 -0.47376 0.55449 -0.44699
-0.19783 -0.044462 0.79039 -0.38492 0.56283 -0.34099
-0.19794 -0.0077106 0.77847 -0.45466 0.58709 -0.40828
-0.19676 -0.024676 0.75808 -0.54836 0.54389 -0.42627
-0.19569 -0.066112 0.80268 -0.55433 0.54489 -0.42731
-0.19011 -0.019065 0.78087 -0.55321 0.53856 -0.4126
-0.1958 -0.028424 0.78017 -0.49566 0.56957 -0.40882
-0.19996 -0.049352 0.76941 -0.46321 0.56854 -0.40627
-0.20302 -0.055701 0.80261 -0.46637 0.56514 -0.39467
-0.19889 -0.060148 0.80983 -0.47833 0.55959 -0.39805
-0.19673 -0.027235 0.79601 -0.43677 0.56451 -0.38083
-0.20456 -0.053289 0.79006 -0.42525 0.56134 -0.38191
-0.19829 -0.070721 0.8079 -0.3997 0.58426 -0.37285
-0.21036 -0.081351 0.8395 -0.38942 0.58402 -0.37739
-0.20512 -0.043491 0.8035 -0.38075 0.57114 -0.35585
-0.19971 -0.048342 0.81297 -0.35465 0.57987 -0.36438
-0.20712 -0.063679 0.79981 -0.33657 0.59115 -0.34827
-0.20981 -0.097241 0.85399 -0.31457 0.60019 -0.35998
-0.21534 -0.089798 0.86882 -0.36298 0.58651 -0.3559
-0.20383 -0.036708 0.80067 -0.30008 0.59635 -0.34155
-0.20461 -0.054749 0.80656 -0.27793 0.59214 -0.33853
-0.21925 -0.10392 0.88392 -0.30544 0.60257 -0.34697
-0.21413 -0.092056 0.86243 -0.31047 0.61043 -0.3496
-0.20971 -0.045111 0.81473 -0.28834 0.59794 -0.34267
-0.21066 -0.064724 0.82501 -0.27378 0.60634 -0.34316
-0.21648 -0.097987 0.8692 -0.27805 0.61099 -0.34308
-0.21839 -0.092666 0.87368 -0.28617 0.6191 -0.33809
-0.20967 -0.048997 0.83893 -0.25699 0.60082 -0.33879
-0.21395 -0.066291 0.81563 -0.26918 0.60678 -0.35245
-0.21811 -0.079567 0.85285 -0.27947 0.63438 -0.34231
-0.22162 -0.10698 0.88965 -0.27544 0.62228 -0.34599
-0.20913 -0.053028 0.82614 -0.25188 0.59196 -0.33146
-0.21414 -0.051765 0.82291 -0.23454 0.63854 -0.34255
-0.21929 -0.093302 0.8515 -0.24143 0.62209 -0.34009
-0.22159 -0.10322 0.87812 -0.22769 0.63537 -0.3423
-0.20934 -0.048253 0.82238 -0.2287 0.62385 -0.33317
-0.21701 -0.056465 0.82964 -0.22458 0.62718 -0.34115
-0.21473 -0.081586 0.83429 -0.21986 0.63505 -0.32649
-0.22353 -0.10331 0.87774 -0.17093 0.64353 -0.33744
-0.21241 -0.066641 0.82624 -0.16682 0.62344 -0.32717
-0.21465 -0.050181 0.8242 -0.17027 0.64902 -0.32744
-0.20964 -0.071155 0.81631 -0.17149 0.63432 -0.32334
-0.22255 -0.09922 0.88057 -0.14472 0.65603 -0.32627
-0.21852 -0.070956 0.83557 -0.12628 0.6464 -0.32521
-0.20821 -0.056642 0.80483 -0.10545 0.62787 -0.31567
-0.20764 -0.059708 0.80215 -0.084702 0.65483 -0.31028
-0.22551 -0.097127 0.87993 -0.098859 0.65237 -0.32059
-0.20662 -0.078636 0.83132 -0.075677 0.64827 -0.31347
-0.21054 -0.041937 0.81051 -0.086368 0.63456 -0.30171
-0.21368 -0.067256 0.81526 -0.056877 0.65893 -0.31682
-0.20956 -0.11797 0.86041 -0.036775 0.64559 -0.30649
-0.21073 -0.049956 0.81951 -0.010589 0.64987 -0.29491
-0.20013 -0.034222 0.7878 -0.025252 0.63187 -0.31267
-0.20598 -0.085631 0.82108 -0.020741 0.64686 -0.29067
-0.21062 -0.11276 0.87759 -0.034929 0.64997 -0.30766
-0.20483 -0.059945 0.8097 0.0068364 0.64169 -0.29201
-0.19689 -0.049764 0.80555 0.0032977 0.63043 -0.30043
-0.1955 -0.084265 0.82373 0.024376 0.63728 -0.28848
-0.20103 -0.11718 0.8757 -0.0081759 0.6395 -0.29945
-0.19411 -0.058353 0.80752 0.026499 0.62866 -0.29361
-0.18636 -0.062576 0.81313 0.026004 0.61489 -0.28738
-0.19631 -0.092807 0.84084 0.048533 0.63533 -0.2936
-0.18973 -0.13439 0.87559 0.015608 0.65091 -0.2872
-0.18052 -0.059869 0.80444 0.012251 0.59348 -0.29114
-0.18041 -0.072562 0.82275 0.026797 0.6037 -0.30466
-0.17411 -0.12296 0.89102 -0.0015207 0.60752 -0.29529
-0.17473 -0.10029 0.87653 0.087663 0.62464 -0.27973
-0.19142 -0.046473 0.97365 0.17603 0.6688 -0.2908
-0.19289 -0.077364 0.66833 -0.035886 0.54345 -0.25913
-0.11163 -0.14209 0.74746 -0.16347 0.58249 -0.3367
-0.16951 -0.064268 1.1554 0.030002 0.60134 -0.32086
-0.19295 -0.052341 0.82303 0.2325 0.64881 -0.27045
-0.16248 -0.060146 0.75568 0.019865 0.55801 -0.29433
-0.16847 -0.084665 1.1114 -0.048322 0.68859 -0.29667
-0.14416 -0.029208 0.69427 0.035173 0.54612 -0.29962
-0.16384 -0.023633 0.94508 -0.046973 0.61861 -0.32892
-0.16027 -0.081686 0.89423 0.030725 0.60378 -0.33441
-0.17887 0.01683 0.94529 -0.0054135 0.62687 -0.34228
-0.16806 0.035698 0.87989 -0.054199 0.59556 -0.36928
-0.17296 0.037387 0.86444 -0.044376 0.61999 -0.35988
-0.17549 -0.02792 0.96551 0.035733 0.67468 -0.31684
-0.19556 -0.1587 1.0486 0.34791 0.81172 -0.25953
-0.17669 0.076267 0.8024 -0.27988 0.51256 -0.51417
-0.18289 0.21271 0.93982 -0.13188 0.69862 -0.41462
-0.1866 0.053404 0.8178 0.14763 0.73427 -0.38446
-0.3466 -0.022735 0.9923 -0.090923 0.61945 -0.68449
-0.39397 -0.024904 0.90988 0.0090547 0.46633 -0.89213
0.011263 -0.01604 0.92297 0.42757 0.91374 0.24325
-0.17846 0.073668 0.95427 0.37655 1.0082 -0.25975
-0.53896 0.076673 0.86866 -0.68361 0.44637 -1.5401
-0.19752 0.057067 0.79217 0.20975 0.67297 -0.28393
-0.31129 -0.0086944 0.93145 0.4689 0.77919 -0.42649
-0.4459 -0.039785 0.87074 0.18078 0.65991 -0.91325
-0.29515 0.03373 0.77486 0.17095 0.70177 -0.70669
-0.33588 0.017669 0.80231 0.15906 0.73661 -0.65738
-0.36018 -0.032926 0.80372 0.16594 0.71694 -0.70207
-0.38912 -0.026556 0.76241 0.16671 0.65385 -0.78749
-0.41684 -0.0028722 0.69165 0.15472 0.6608 -0.84161
-0.42367 -0.029311 0.76754 0.28763 0.70937 -0.76695
-0.43159 -0.064143 0.75883 0.66969 0.66575 -0.75366
-0.27468 -0.062129 0.61562 0.09369 0.63219 -0.6151
-0.23529 0.091536 0.61111 -0.082046 0.68856 -0.45488
-0.80122 -0.089832 0.47863 0.28982 0.51463 -1.6353
-0.39971 -0.11768 0.6513 0.0076207 0.54564 -0.79548
-0.13373 -0.018334 0.72894 0.53973 0.85715 0.045276
-0.41642 -0.06017 0.58273 0.45193 0.54805 -0.85138
-0.42861 0.026791 0.45854 0.018984 0.58298 -0.79835
-0.37441 -0.067419 0.54048 0.17113 0.62104 -0.69814
-0.36434 -0.041496 0.56995 0.21424 0.58121 -0.62384
-0.34261 0.0040813 0.42498 0.19626 0.56041 -0.60126
-0.34917 -0.078746 0.60101 0.2577 0.66651 -0.56024
-0.3463 -0.065744 0.58829 0.3414 0.64768 -0.51045
-0.31137 0.0051211 0.55152 0.20545 0.60324 -0.51735
-0.31804 -0.0088587 0.50477 0.28083 0.60342 -0.50306
-0.29283 -0.016384 0.50288 0.30127 0.60458 -0.45037
-0.30352 -0.057739 0.58023 0.32271 0.62172 -0.4341
-0.29861 -0.023828 0.57323 0.30507 0.63306 -0.42834
-0.30099 -0.0060206 0.5667 0.35268 0.64319 -0.42566
-0.27027 -0.021105 0.54634 0.38064 0.61112 -0.38172
-0.24295 -0.049746 0.61385 0.42304 0.62495 -0.34175
-0.31574 -0.014234 0.58783 0.40307 0.64711 -0.38597
-0.23367 -0.0063917 0.59861 0.42698 0.64387 -0.34395
-0.27089 -0.020089 0.59914 0.462 0.614 -0.35244
-0.27551 -0.056528 0.6287 0.50563 0.62588 -0.34303
-0.2389 -0.020476 0.60753 0.53299 0.62878 -0.30794
-0.21054 0.012723 0.58607 0.55183 0.62864 -0.29153
-0.29959 -0.035925 0.62911 0.53597 0.63936 -0.35289
-0.22877 -0.062119 0.6907 0.55519 0.61711 -0.30359
-0.22753 -0.011419 0.63472 0.6315 0.61651 -0.30055
-0.2794 -0.0017184 0.63124 0.64743 0.64519 -0.33396
-0.20836 -0.027383 0.64453 0.66965 0.61371 -0.26313
-0.25074 -0.057741 0.7204 0.69611 0.63445 -0.31317
-0.27305 -0.0056235 0.67394 0.71739 0.6116 -0.33185
-0.20258 -0.010248 0.64185 0.71302 0.59067 -0.28206
-0.22321 -0.0073309 0.62437 0.66834 0.64285 -0.29002
-0.28041 -0.044297 0.75776 0.77246 0.66465 -0.31245
-0.24386 -0.024705 0.71665 0.86437 0.58159 -0.3149
-0.2351 0.0039603 0.74562 0.895 0.62614 -0.28529
-0.23932 -0.032996 0.70013 0.7863 0.61974 -0.30976
-0.24957 -0.0006821 0.68984 0.76484 0.61959 -0.31866
-0.24228 0.010788 0.7167 0.86033 0.61455 -0.31318
-0.24408 -0.017153 0.73871 0.92282 0.63394 -0.29768
-0.24602 -0.012077 0.72603 0.87098 0.62497 -0.31185
-0.25391 -0.020977 0.76876 0.88938 0.61193 -0.3082
-0.23995 0.012698 0.73103 0.91735 0.61376 -0.31718
-0.2432 0.015107 0.73323 0.89806 0.61885 -0.3151
-0.24418 -0.0043893 0.73074 0.90227 0.63338 -0.31366
-0.24555 -0.024998 0.76741 0.90702 0.6101 -0.31227
-0.24029 -0.012903 0.7604 0.89788 0.60446 -0.31024
-0.23277 0.03539 0.72124 0.90872 0.62041 -0.31514
-0.23897 0.0058716 0.73259 0.89165 0.63948 -0.30783
-0.23807 -0.052308 0.79614 0.87277 0.61143 -0.30695
-0.22697 -0.010026 0.75674 0.87906 0.61209 -0.30408
-0.22815 0.024138 0.74237 0.86722 0.61509 -0.30798
-0.22689 -0.036851 0.78375 0.84072 0.62052 -0.29996
-0.22494 -0.055965 0.80066 0.82305 0.62753 -0.29493
-0.2153 0.0025294 0.77075 0.81645 0.62208 -0.29622
-0.21414 -0.028157 0.78853 0.76167 0.65202 -0.29471
-0.20652 -0.069671 0.81684 0.78712 0.61288 -0.27005
-0.19593 -0.072192 0.77233 0.75131 0.61331 -0.2833
-0.20338 -0.022901 0.75228 0.75597 0.62468 -0.27881
-0.23561 -0.090354 1.0373 0.63876 0.68078 -0.29147
-0.1975 -0.080782 0.84099 0.68716 0.63892 -0.27007
