-0.0073229 0.00057344 -6.2504e-05 0.0019095 0.00099812 -0.00052863
-0.0011817 0.040609 0.0027775 -0.006814 -0.0001764 0.00057687
-0.00033109 0.028574 0.026475 0.0007007 -0.0015299 0.0012419
-0.0014718 0.093616 0.017872 -0.027789 0.0017771 0.00074724
-0.0043159 0.063198 0.046143 -0.022748 0.0083702 -0.0015403
-0.012205 0.097575 0.034927 -0.021102 0.010439 -0.0040277
-0.024404 0.096569 0.058598 -0.021344 0.0051541 -0.0096651
-0.037663 0.044613 0.10173 -0.019803 -0.0050679 -0.011132
-0.030966 0.12731 0.059944 0.01639 -0.0057884 -0.0071818
-0.056657 0.026388 0.1445 -0.0052392 -0.044357 -0.0082253
-0.03831 0.049671 0.14978 0.0017952 -0.028128 0.001986
-0.053869 0.062871 0.14544 -0.037792 -0.038445 0.0060769
-0.035841 0.055755 0.17032 -0.039014 -0.029631 0.0079405
-0.067374 0.026235 0.17259 -0.07172 -0.022869 0.0018942
-0.035073 0.12831 0.10674 -0.089817 -0.013859 0.0076077
-0.065301 0.063346 0.1052 -0.076142 -0.020657 -0.0065049
-0.053584 0.072751 0.076427 -0.075346 -0.025067 0.0035529
-0.049487 0.10802 0.061035 -0.067432 -0.031485 -0.0038357
-0.037504 0.050198 0.097289 -0.087783 -0.0086861 0.0053695
-0.028394 0.015725 0.1767 -0.063254 0.0045262 0.011329
-0.015097 0.11494 0.17788 -0.1173 0.028899 0.0042364
0.0071189 0.022421 0.28816 -0.13671 0.09999 0.021205
0.0063138 0.071005 0.29658 -0.15761 0.0872 0.01507
0.0081158 0.055448 0.30422 -0.19172 0.13214 0.015884
0.018649 0.039265 0.31867 -0.21563 0.13522 0.021883
0.013001 0.048226 0.28688 -0.21177 0.12838 0.020043
0.010429 -0.006913 0.3158 -0.22498 0.13801 0.019744
0.014507 0.065238 0.2699 -0.19589 0.12433 0.019693
0.013309 0.055185 0.29234 -0.19429 0.13263 0.021737
0.014027 0.053085 0.28934 -0.15764 0.12264 0.018121
0.0091166 0.076587 0.29147 -0.16647 0.11689 0.015994
0.0020108 0.048558 0.28734 -0.14384 0.10348 0.0078305
0.011035 0.076614 0.28311 -0.15075 0.099168 0.010936
-0.018224 0.046385 0.28734 -0.17146 0.080319 -0.0070034
-0.011092 0.043983 0.26558 -0.15425 0.076526 -0.0078657
-0.019263 0.11378 0.24135 -0.16018 0.066053 -0.010291
-0.022526 0.063306 0.24169 -0.17755 0.060036 -0.017136
-0.014453 0.080228 0.22013 -0.15827 0.065507 -0.014591
-0.0055897 0.081497 0.20426 -0.17258 0.049764 -0.0045697
0.017201 0.0837 0.20498 -0.18951 0.04968 0.0016727
0.0076353 0.036532 0.2081 -0.178 0.061406 0.0038698
0.027964 0.081465 0.18051 -0.19801 0.03514 0.016929
0.02007 0.071148 0.19595 -0.18908 0.055993 0.016369
0.0054041 0.042603 0.18324 -0.19186 0.037909 0.0043425
0.0098736 0.076527 0.17769 -0.19781 0.057275 0.018135
0.0040484 0.065798 0.15932 -0.2041 0.044803 0.0011026
-0.0057168 0.016033 0.17358 -0.21346 0.045015 0.0111
0.0035741 0.077803 0.15312 -0.23539 0.058137 0.0061458
-0.0035149 0.017851 0.15937 -0.24001 0.047389 0.0092611
-0.0043631 0.069569 0.13088 -0.23868 0.048617 0.01192
-0.0044061 0.015161 0.18719 -0.25867 0.052868 0.0062607
-0.0055639 0.065854 0.12753 -0.23271 0.044498 0.011593
-0.0072234 0.048589 0.16566 -0.24724 0.045866 0.0096554
-0.0096745 0.0038478 0.17802 -0.24599 0.031656 0.011775
-0.018161 0.058357 0.14801 -0.25328 0.036377 0.0039124
-0.028273 0.01701 0.20375 -0.27623 0.032559 0.0070167
-0.038455 -0.0051639 0.17632 -0.26549 0.03142 -0.0016656
-0.038677 0.042346 0.22121 -0.30834 0.037816 -0.0056046
-0.019335 0.027044 0.1984 -0.27618 0.049272 0.010427
-0.034098 0.022597 0.22237 -0.29042 0.04233 -0.0036026
0.013087 0.047266 0.1984 -0.27787 0.052282 0.026242
0.0024997 0.073332 0.17995 -0.26929 0.055492 0.01999
0.0033055 0.025992 0.17732 -0.26237 0.051432 0.022149
0.00047232 0.040205 0.17406 -0.26718 0.051817 0.026151
-0.00455 0.058882 0.14553 -0.26062 0.058466 0.016051
-0.013849 0.009392 0.19561 -0.27593 0.053173 0.019112
-0.014985 0.033465 0.16368 -0.26141 0.050602 0.011829
-0.0086769 0.03894 0.19273 -0.28188 0.054752 0.016976
-0.0053959 0.014416 0.19556 -0.2778 0.04788 0.011407
-0.0023732 0.066061 0.17505 -0.2656 0.051304 0.019013
0.0031288 -0.0024287 0.2229 -0.28656 0.053531 0.0103
0.0068101 0.050633 0.17612 -0.26802 0.057623 0.013708
0.0081357 0.021579 0.22062 -0.281 0.0694 0.015344
0.0046148 0.0026295 0.2154 -0.28939 0.0676 0.012439
-0.0007715 0.047348 0.20072 -0.29482 0.084834 0.011126
-0.0027104 -0.0042199 0.23562 -0.31681 0.066997 0.014078
-0.00073211 0.069357 0.17435 -0.3067 0.081149 0.015283
-0.0020125 0.060408 0.14995 -0.25601 0.071455 0.024436
0.0016162 0.052159 0.11485 -0.20136 0.062494 0.022414
0.025875 0.10114 0.04744 -0.1803 0.061927 0.034574
0.0024741 0.10134 -0.010037 -0.051149 0.076658 0.041935
0.012317 0.043707 -0.0059523 -0.075477 0.048734 0.026429
0.0018343 0.11922 -0.053393 -0.065027 0.063964 0.0329
-0.0075228 0.056889 -0.023847 -0.092649 0.060298 0.024211
-0.020936 0.087882 -0.05776 -0.10625 0.040733 0.021155
-0.021837 0.088221 0.0018217 -0.15433 0.050099 0.012915
-0.019099 0.063114 -0.020431 -0.16097 0.034702 0.023764
-0.031697 0.11439 0.017675 -0.17109 0.042705 0.018177
-0.019264 0.046518 0.057635 -0.15657 0.036389 0.022862
-0.023999 0.080153 0.056429 -0.16051 0.034522 0.022001
-0.019712 0.079452 0.10468 -0.17486 0.037521 0.020712
-0.018392 0.039624 0.086899 -0.13826 0.030309 0.021764
-0.017678 0.095517 0.099591 -0.18094 0.033818 0.018403
-0.015348 0.047074 0.1085 -0.16417 0.032739 0.0179
-0.017121 0.072603 0.09424 -0.19339 0.036674 0.022483
-0.015514 0.096028 0.10505 -0.19545 0.047544 0.022086
-0.01419 0.036019 0.12778 -0.21281 0.042833 0.02332
-0.011505 0.10716 0.094386 -0.21642 0.04342 0.020518
-0.014992 0.0718 0.099242 -0.22706 0.029767 0.016638
-0.0012622 0.058927 0.098228 -0.22254 0.029837 0.012161
-0.0078082 0.11333 0.057823 -0.21946 0.021408 0.0066683
0.00031637 0.052346 0.0728 -0.22814 0.016983 0.0064041
0.0015014 0.087467 0.071559 -0.26677 0.024086 0.0047111
0.0095762 0.058384 0.11263 -0.3286 0.020362 -0.0029998
-0.0028388 0.047412 0.098267 -0.30433 0.0040708 0.0033633
0.0046759 0.0090567 0.20492 -0.521 -0.055213 -0.021687
0.00040386 -0.013715 0.19529 -0.44853 -0.070992 -0.015346
0.0070259 0.0085715 0.20905 -0.48198 -0.070471 0.00075672
0.022165 -0.047344 0.24872 -0.50506 -0.081723 0.018935
0.0098549 0.016789 0.16723 -0.45007 -0.054711 0.032861
0.071518 0.022666 0.17831 -0.37647 0.096333 0.10519
0.038889 0.0070163 0.12171 -0.41902 0.064402 0.09367
0.058566 0.086629 0.081561 -0.38389 0.14605 0.11699
0.069252 0.020795 0.11195 -0.42211 0.1495 0.11816
0.052877 0.061206 0.071039 -0.42881 0.13563 0.10451
0.051895 0.072257 0.074886 -0.43388 0.11451 0.094022
0.053776 0.023092 0.097169 -0.4411 0.090018 0.090048
0.050613 0.077631 0.06623 -0.41165 0.10033 0.090537
0.051926 0.029437 0.084373 -0.42544 0.08537 0.08602
0.049973 0.054151 0.076339 -0.40562 0.090172 0.094078
0.049239 0.066213 0.062675 -0.41094 0.088667 0.095324
0.049154 0.021006 0.094474 -0.42843 0.090152 0.088563
0.043698 0.071049 0.050735 -0.40701 0.085349 0.10101
0.045246 0.043359 0.073669 -0.42102 0.087911 0.091099
0.038152 0.019768 0.068254 -0.41637 0.086371 0.094614
0.044602 0.060119 0.057374 -0.40893 0.087292 0.095379
0.038245 0.016829 0.066304 -0.4111 0.085526 0.096372
0.044306 0.056205 0.062199 -0.41296 0.090104 0.093767
0.043006 0.0143 0.068622 -0.41153 0.082523 0.099672
0.04566 0.060776 0.057653 -0.41624 0.090553 0.096566
0.044849 0.028505 0.080144 -0.41292 0.084871 0.097613
0.045752 0.022309 0.068876 -0.41349 0.087138 0.095319
0.045276 0.06069 0.0807 -0.41402 0.093575 0.10039
0.04243 0.0075531 0.07806 -0.39628 0.077755 0.091691
0.04708 0.066442 0.060821 -0.40653 0.088944 0.10059
0.042964 0.017157 0.062577 -0.40037 0.085681 0.090975
0.041488 0.030287 -0.017489 -0.4163 0.085905 0.089778
0.045084 0.074037 0.0051461 -0.42284 0.095514 0.079965
0.034115 -0.018994 -0.058967 -0.45419 0.10703 0.073604
0.035058 0.079181 -0.089488 -0.48375 0.11371 0.058101
0.026622 0.037185 -0.060351 -0.48058 0.11989 0.062707
0.024289 0.028337 -0.073311 -0.51073 0.1179 0.048149
0.021381 0.081417 -0.064561 -0.49607 0.13321 0.061726
0.016279 0.019045 -0.022039 -0.49358 0.10029 0.051193
0.02355 0.089507 -0.051799 -0.47522 0.12814 0.065259
0.019767 0.029769 0.00024467 -0.47411 0.11217 0.054081
0.021061 0.06664 -0.056237 -0.46035 0.11839 0.062057
0.022643 0.083088 -0.046181 -0.45112 0.12258 0.051571
0.021954 0.033539 -0.052464 -0.45582 0.12948 0.053096
0.019509 0.089662 -0.086049 -0.44155 0.13465 0.050661
0.017761 0.052683 -0.082897 -0.45277 0.13245 0.048885
0.012501 0.07472 -0.10118 -0.46842 0.11868 0.047872
0.017678 0.034998 -0.048635 -0.48042 0.10196 0.043532
0.0087353 0.049694 -0.099181 -0.50692 0.1116 0.050119
0.0050038 0.053298 -0.061702 -0.50755 0.045566 0.033005
0.016046 0.022984 -0.090119 -0.47361 0.080009 0.036823
0.0035144 0.05436 -0.1334 -0.4538 0.06897 0.040999
0.010524 0.096673 -0.17178 -0.40153 0.062429 0.028014
0.010578 0.06955 -0.21549 -0.34001 0.068432 0.042588
0.011986 0.12511 -0.23727 -0.3466 0.087878 0.044717
0.010667 0.10744 -0.23053 -0.3306 0.073339 0.051886
0.0090822 0.078144 -0.20978 -0.35105 0.080808 0.046136
0.0076358 0.10446 -0.20098 -0.37309 0.072691 0.056331
0.0028812 0.063094 -0.15214 -0.40137 0.072612 0.04313
0.0032568 0.051518 -0.15993 -0.39494 0.060935 0.042563
-0.00039601 0.11077 -0.15834 -0.40365 0.065886 0.044744
0.0021649 0.052168 -0.14458 -0.3989 0.058333 0.038826
0.0050202 0.091632 -0.17139 -0.39085 0.07994 0.051112
0.0043888 0.10433 -0.15771 -0.38687 0.093495 0.049765
0.0011179 0.049798 -0.158 -0.397 0.064179 0.045919
-0.0042622 0.088458 -0.13791 -0.41561 -0.028246 0.017557
0.0062709 0.04554 -0.081011 -0.39827 -0.05306 0.026131
-0.019765 0.061285 -0.12141 -0.39663 -0.16351 -0.015389
-0.0069532 0.061363 0.0101 -0.43905 -0.34291 -0.035888
0.00064509 0.001342 -0.021853 -0.43738 -0.2582 -0.018042
-0.018056 0.082442 -0.015908 -0.55455 -0.35434 -0.041079
0.0045934 0.020944 -0.013631 -0.50978 -0.33695 -0.022137
0.00027684 -0.045214 0.04284 -0.80327 -0.30546 -0.023959
0.0087656 0.020301 -0.045535 -0.72633 -0.29493 -0.0080103
0.015791 -0.037837 0.0051037 -0.81143 -0.29547 -0.0089529
0.019652 -0.070841 0.0094555 -0.87878 -0.30314 -0.0049828
0.024419 -0.026104 -0.0063983 -0.7892 -0.29369 -0.0063783
0.027183 -0.033002 -0.02739 -0.77507 -0.29108 -0.0068885
0.026408 0.024682 -0.077942 -0.72439 -0.27566 -0.0049006
0.024502 -0.033838 -0.060457 -0.69162 -0.2883 -0.01352
0.029539 0.068496 -0.1725 -0.71337 -0.27638 -0.00998
0.032335 0.0097351 -0.1431 -0.72695 -0.28425 -0.0039271
0.034046 -0.0068323 -0.16714 -0.75166 -0.29217 -0.0039399
0.038917 0.03614 -0.1999 -0.79703 -0.29148 0.0016161
0.042531 -0.050879 -0.13485 -0.83593 -0.29263 0.0053584
0.041483 -0.026023 -0.13358 -0.82873 -0.28681 0.011189
0.041568 -0.021391 -0.12747 -0.81054 -0.28617 0.011116
0.042286 -0.027301 -0.12431 -0.8402 -0.27651 0.014035
0.04218 -0.041243 -0.076914 -0.80353 -0.27696 0.016535
0.045059 -0.0052097 -0.1446 -0.80841 -0.27182 0.017866
0.046793 -0.018791 -0.12452 -0.80897 -0.2679 0.014573
0.045929 -0.010544 -0.15072 -0.80317 -0.26953 0.014197
0.049444 -0.037261 -0.12398 -0.80667 -0.26295 0.013336
0.045287 -0.014567 -0.15178 -0.78998 -0.27178 0.0087906
0.044438 -0.015056 -0.12634 -0.78656 -0.25994 0.0085359
0.042441 -0.065407 -0.099707 -0.78509 -0.26577 0.0076648
0.044539 -0.0036136 -0.12531 -0.78 -0.26214 0.0060324
0.046176 -0.058219 -0.079249 -0.77906 -0.25986 0.0076831
0.045331 -0.026246 -0.14659 -0.78967 -0.25662 0.010013
0.053993 -0.010623 -0.13314 -0.78174 -0.25361 0.011195
0.0488 -0.050695 -0.15855 -0.79286 -0.25323 0.011605
0.049411 0.014178 -0.21728 -0.80579 -0.24873 0.016328
0.049592 -0.033776 -0.19033 -0.78894 -0.24301 0.012322
0.042211 -0.016076 -0.23197 -0.82691 -0.25433 0.0081401
0.04162 -0.015326 -0.20107 -0.8106 -0.2381 0.011728
0.03743 -0.04324 -0.20104 -0.82332 -0.24699 0.0077237
0.035633 -0.0080302 -0.21679 -0.83144 -0.24818 0.0042311
0.033441 -0.050724 -0.17409 -0.82969 -0.23665 0.012393
0.028497 -0.01703 -0.23577 -0.83626 -0.24146 0.00051011
0.032881 -0.023005 -0.19252 -0.83539 -0.2376 0.012139
0.024095 -0.022267 -0.26548 -0.84886 -0.23273 0.0020392
0.024897 0.0042931 -0.24406 -0.84224 -0.237 0.0021052
0.022572 -0.041315 -0.23865 -0.85177 -0.23763 0.0063669
0.017053 0.019152 -0.30324 -0.85735 -0.24204 0.00065661
0.017148 -0.036699 -0.23861 -0.84759 -0.24605 0.0036478
0.017864 -0.032396 -0.25087 -0.8571 -0.2515 0.0037696
0.020296 0.0023047 -0.26555 -0.84227 -0.24763 0.0089585
0.019585 -0.059892 -0.21897 -0.83907 -0.25672 0.0052272
0.024407 0.0065254 -0.2555 -0.85293 -0.25008 0.0099425
0.021666 -0.041343 -0.23593 -0.83511 -0.25583 0.00885
0.018543 -0.028847 -0.27345 -0.86006 -0.25872 0.0060554
0.0088587 0.0066498 -0.31435 -0.88622 -0.25197 0.0056372
0.015602 -0.046844 -0.31936 -0.88045 -0.26237 0.0052605
0.03911 0.039728 -0.44115 -0.89464 -0.27256 0.0083375
0.0068346 0.014712 -0.47058 -0.94708 -0.28834 -0.017309
0.048073 0.02967 -0.50876 -0.87165 -0.28109 0.010344
0.053059 0.11332 -0.61407 -0.98491 -0.35133 -0.032326
0.011761 0.014452 -0.55529 -0.91745 -0.3154 -0.029629
0.035907 0.12199 -0.60416 -0.96708 -0.34492 -0.023619
0.028724 0.079668 -0.54592 -0.98574 -0.33889 -0.033061
0.016673 0.067784 -0.54711 -0.98118 -0.33263 -0.020929
0.022707 0.14193 -0.54289 -0.95553 -0.3287 -0.030413
0.035166 0.063487 -0.50045 -0.99454 -0.31546 -0.017135
0.03196 0.12588 -0.558 -0.94418 -0.33091 -0.034883
0.026213 0.085511 -0.51388 -0.96828 -0.33477 -0.049573
0.037771 0.063493 -0.54599 -0.95226 -0.31865 -0.046587
0.035379 0.089567 -0.53856 -0.98287 -0.328 -0.030119
0.040284 0.0047101 -0.54259 -0.97489 -0.32308 -0.04548
0.038634 0.055476 -0.55641 -0.98982 -0.31317 -0.020706
0.052291 -0.010864 -0.52897 -0.99851 -0.30724 -0.011033
0.041882 0.00029956 -0.56349 -0.9945 -0.31502 -0.023436
0.048894 0.0013888 -0.52219 -0.99713 -0.29943 -0.017291
0.048011 -0.021565 -0.53053 -1.0006 -0.31105 -0.024192
0.052389 0.019281 -0.5367 -0.99203 -0.29624 -0.02023
0.051359 -0.010904 -0.52853 -0.99512 -0.30372 -0.031441
0.052206 0.03607 -0.54948 -0.99187 -0.29715 -0.01698
0.049901 -0.0039067 -0.55222 -0.99783 -0.30652 -0.025122
0.046152 0.010749 -0.55497 -0.97924 -0.30514 -0.020479
0.045104 0.0041757 -0.5444 -0.99341 -0.30838 -0.01821
0.03969 -0.0049926 -0.56007 -0.97377 -0.31309 -0.014733
0.044516 -0.01145 -0.51516 -0.98248 -0.30844 -0.016405
0.034191 -0.013741 -0.52998 -0.97092 -0.3196 -0.011463
0.045181 0.0093835 -0.50639 -0.97677 -0.30662 -0.011495
0.030885 -0.014669 -0.52021 -0.97847 -0.31873 -0.01538
0.038173 0.0065814 -0.48063 -0.97824 -0.3145 -0.013518
0.041571 -0.027418 -0.50119 -0.98872 -0.32133 -0.011483
0.037033 0.012979 -0.48063 -0.97278 -0.30886 -0.018393
0.044987 -0.052298 -0.46957 -0.99525 -0.33404 -0.0066634
0.047503 0.0069964 -0.47177 -0.966 -0.31146 -0.0078343
0.044755 -0.048786 -0.43893 -0.98608 -0.3275 -0.0048948
0.044758 -0.008496 -0.46571 -0.96028 -0.32482 -0.0027702
0.03964 -0.0030211 -0.44846 -0.95835 -0.31871 -0.0063053
0.043412 -0.036721 -0.44457 -0.97631 -0.31966 -0.0099978
0.037642 -0.019747 -0.46161 -0.9585 -0.31826 -0.016937
0.039368 0.017298 -0.48117 -0.96885 -0.31411 -0.0188
0.04574 -0.069349 -0.47832 -1.0032 -0.30978 -0.015668
0.044411 0.032603 -0.52843 -0.98978 -0.30586 -0.0096316
0.046179 -0.01435 -0.52916 -0.99768 -0.3127 -0.0099185
0.047365 -0.0046054 -0.59915 -0.98994 -0.287 0.010802
0.039326 0.020718 -0.58327 -0.99124 -0.30798 -0.004805
0.046534 0.027452 -0.62886 -0.94369 -0.28104 0.009654
0.036026 0.011751 -0.664 -0.95768 -0.29079 4.4219e-05
0.031588 0.063907 -0.66183 -0.93257 -0.2785 0.00030297
0.040129 0.023864 -0.65673 -0.9528 -0.2733 -0.00070903
0.033101 0.070434 -0.69315 -0.97391 -0.28224 -0.0016149
0.024012 0.032611 -0.60273 -1.0365 -0.27281 -0.0062312
0.040246 -0.0023999 -0.60989 -1.0274 -0.28404 -0.00033679
0.031384 0.016262 -0.52711 -1.1257 -0.29702 -0.003909
0.038854 -0.074957 -0.48069 -1.075 -0.28678 0.0033373
0.036558 -0.028336 -0.4977 -1.0965 -0.29765 -0.0043681
0.046737 -0.092262 -0.42509 -1.0503 -0.29347 0.0158
0.034892 -0.032503 -0.5052 -1.022 -0.26979 -0.006114
0.03563 -0.035758 -0.47771 -1.0067 -0.27306 -0.00020025
0.028717 -0.022219 -0.52348 -0.98882 -0.26033 -0.004959
0.030952 0.052707 -0.55044 -0.97654 -0.24036 -0.0088133
0.021723 -0.024979 -0.53224 -1.0105 -0.25351 -0.016291
0.029185 0.063036 -0.57066 -0.98159 -0.23933 -0.0053096
0.026002 -0.0021369 -0.53804 -0.98864 -0.23542 -0.0085781
0.026215 0.0081947 -0.54557 -0.98533 -0.25619 -0.003652
0.029599 0.0087668 -0.50657 -0.97573 -0.22481 -0.0044638
0.028542 -0.029364 -0.49715 -0.97511 -0.2579 -0.0012532
0.032618 0.0048865 -0.47364 -0.9892 -0.23921 -0.0035128
0.039634 -0.004814 -0.48208 -0.97244 -0.23151 -0.006641
0.04045 -0.001443 -0.46078 -0.98518 -0.23701 -0.0012928
0.046746 -0.0037405 -0.50353 -1.0032 -0.23241 -0.0089645
0.046034 0.047746 -0.50223 -0.96641 -0.21779 0.0042493
0.045767 -0.023757 -0.50528 -1.0066 -0.23547 -0.0071827
0.042334 0.054865 -0.55932 -0.98954 -0.23786 0.0051785
0.039124 -0.0023214 -0.5211 -0.99164 -0.24362 -0.0010799
0.036112 0.023616 -0.55699 -1.0095 -0.24832 -0.0010042
0.035342 0.013096 -0.53161 -1.0138 -0.25578 0.0010835
0.028156 -0.0040224 -0.55621 -1.004 -0.2562 -0.0018751
0.030632 0.01552 -0.51528 -1.0191 -0.25661 -0.0073518
0.028209 -0.036901 -0.52215 -1.0101 -0.26864 -0.00026811
0.025557 0.01327 -0.51619 -0.98746 -0.26841 -0.011854
0.026602 -0.0086186 -0.53083 -0.95676 -0.27973 -0.010103
0.034742 0.024005 -0.51658 -1.0011 -0.28113 -0.0048696
0.035496 -0.061432 -0.4833 -1.0833 -0.26605 0.018524
0.023362 -0.0033776 -0.47467 -1.1713 -0.24869 0.033251
0.035945 -0.069234 -0.46611 -1.1681 -0.26023 0.027934
0.015539 -0.12331 -0.35683 -1.5283 -0.20277 0.098123
0.0056811 -0.11675 -0.39613 -1.2659 -0.22633 0.043269
0.0031425 -0.095888 -0.39905 -1.4001 -0.21402 0.058915
0.0034979 -0.084873 -0.39327 -1.3369 -0.20557 0.056305
0.0010732 -0.11261 -0.39653 -1.2419 -0.19955 0.039053
0.0098388 -0.040248 -0.46123 -1.2122 -0.2057 0.033416
0.01321 -0.057736 -0.42625 -1.2039 -0.18938 0.045281
0.011419 -0.099538 -0.40578 -1.2234 -0.18406 0.044846
0.013686 -0.062854 -0.42452 -1.2308 -0.18526 0.051377
0.0080161 -0.094012 -0.37445 -1.2459 -0.17772 0.047389
0.0048135 -0.08159 -0.38636 -1.231 -0.18147 0.048522
0.014079 -0.06286 -0.36385 -1.2389 -0.16096 0.048167
0.0086176 -0.10382 -0.38654 -1.2167 -0.17794 0.045509
0.014651 -0.012124 -0.4019 -1.1871 -0.15454 0.047478
0.016942 -0.086471 -0.40188 -1.1856 -0.15644 0.048228
0.017851 -0.075548 -0.42047 -1.176 -0.16982 0.049079
0.017439 -0.043091 -0.44832 -1.1681 -0.16109 0.048242
0.012679 -0.077191 -0.42012 -1.1514 -0.17656 0.046043
0.010035 -0.093765 -0.44018 -1.1666 -0.18551 0.044118
0.010984 -0.034074 -0.43311 -1.1449 -0.18663 0.040872
0.001701 -0.093188 -0.40855 -1.1692 -0.19234 0.040946
0.0052609 -0.053816 -0.4245 -1.1449 -0.19087 0.037699
0.0094619 -0.044211 -0.40251 -1.1777 -0.19321 0.039436
0.0085895 -0.094525 -0.40814 -1.1811 -0.18813 0.0442
0.014526 -0.0052477 -0.44288 -1.1584 -0.19058 0.041493
0.017073 -0.054963 -0.46067 -1.1659 -0.18633 0.049157
0.0080883 -0.052823 -0.47598 -1.1553 -0.18893 0.04336
0.011593 -0.027466 -0.52536 -1.132 -0.19045 0.043451
0.024627 -0.030887 -0.50772 -1.1286 -0.17401 0.051099
0.011464 -0.089568 -0.51018 -1.1409 -0.1956 0.044646
0.012624 -0.0081916 -0.50844 -1.1127 -0.17441 0.039623
0.051708 -0.078144 -0.47459 -1.1479 -0.17175 0.064828
-0.0020984 -0.034494 -0.49288 -1.1148 -0.19129 0.034961
0.020452 -0.026346 -0.47372 -1.1256 -0.16865 0.04499
0.016894 -0.06584 -0.47663 -1.1361 -0.17818 0.045025
-0.0030705 0.00040186 -0.45282 -1.1345 -0.17973 0.033285
0.020494 -0.072159 -0.40016 -1.1627 -0.17692 0.04306
0.016659 -0.042919 -0.41033 -1.1404 -0.15859 0.044091
0.031396 -0.061435 -0.31181 -1.1729 -0.16036 0.045043
0.033423 -0.10013 -0.32056 -1.161 -0.16156 0.049317
0.033644 -0.05107 -0.32239 -1.1034 -0.1313 0.041351
0.027307 -0.11906 -0.29069 -1.1387 -0.1503 0.038123
0.023059 -0.056461 -0.32663 -1.1018 -0.14356 0.030948
0.02706 -0.071198 -0.3195 -1.0838 -0.14103 0.028917
0.020638 -0.088446 -0.33306 -1.0993 -0.143 0.033711
0.025086 -0.039923 -0.32867 -1.0797 -0.14482 0.028394
0.026138 -0.095241 -0.32048 -1.094 -0.14055 0.036762
0.026609 -0.030813 -0.36824 -1.0621 -0.14787 0.036703
0.019421 -0.082934 -0.31181 -1.088 -0.13351 0.037001
0.021818 -0.058666 -0.35042 -1.0619 -0.15929 0.030531
0.019532 -0.044669 -0.33814 -1.0793 -0.13251 0.036887
0.017427 -0.060438 -0.34177 -1.0639 -0.16234 0.033219
0.020549 -0.045221 -0.32568 -1.0687 -0.13819 0.032772
0.017911 -0.064802 -0.34498 -1.0674 -0.15788 0.03645
0.022405 -0.033567 -0.32871 -1.0689 -0.1449 0.035356
0.017998 -0.065729 -0.34912 -1.058 -0.15336 0.039182
0.021019 -0.026936 -0.34664 -1.0683 -0.14839 0.032651
0.021487 -0.086171 -0.35037 -1.0698 -0.15346 0.04278
0.020608 -0.017535 -0.38094 -1.0702 -0.15244 0.030336
0.023279 -0.075354 -0.38342 -1.0832 -0.15108 0.0399
0.023157 -0.033892 -0.40657 -1.0888 -0.16733 0.032344
0.019022 -0.067785 -0.39373 -1.1133 -0.14819 0.034761
0.021372 -0.033259 -0.44162 -1.1132 -0.17435 0.03
0.017108 0.0001417 -0.43061 -1.1259 -0.16977 0.037596
0.012756 -0.04667 -0.43708 -1.1196 -0.17314 0.029926
0.019689 -0.035936 -0.4344 -1.1367 -0.18136 0.030338
0.016987 -0.046975 -0.42444 -1.1127 -0.18987 0.031175
0.023519 -0.10939 -0.39343 -1.1197 -0.19266 0.025189
