-0.0052585 0.0025361 -0.014469 -0.0010349 -0.0027187 -0.0014643
-0.0091172 -0.040525 -0.032086 0.0047238 -0.013682 -0.0022098
-0.014446 -0.010149 -0.0046071 -0.0049735 -0.017456 0.0011428
-0.0088518 0.082304 -0.069823 -0.02579 -0.021823 0.009524
-0.015006 0.05263 -0.067136 -0.029212 -0.03097 -0.010026
-0.022176 0.048149 -0.080951 -0.016313 -0.051892 0.0049479
-0.011485 0.048553 -0.066446 -0.031678 -0.054037 0.0052281
-0.021292 0.063388 -0.090712 -0.026668 -0.048245 0.0088833
-0.030647 0.08638 -0.11291 -0.041433 -0.063117 -0.00016702
-0.02489 0.10861 -0.13341 -0.042723 -0.071957 0.0012548
-0.026054 0.067558 -0.1232 -0.045236 -0.077745 0.0057383
-0.033164 0.077209 -0.13551 -0.033809 -0.086033 0.012938
-0.030226 0.12495 -0.14558 -0.064195 -0.08356 0.0028417
-0.03179 0.11314 -0.15822 -0.046942 -0.090478 0.0090075
-0.033091 0.12593 -0.18271 -0.035327 -0.10214 0.0047556
-0.033787 0.13225 -0.19019 -0.056538 -0.10469 0.006629
-0.033994 0.064898 -0.1598 -0.046239 -0.10254 0.0056769
-0.036957 0.11347 -0.19022 -0.055508 -0.10376 0.015473
-0.036645 0.15542 -0.20204 -0.050085 -0.11177 0.0062023
-0.029993 0.16131 -0.22546 -0.044126 -0.1165 0.0072367
-0.038211 0.11909 -0.24188 -0.043336 -0.13048 0.01068
-0.038283 0.053317 -0.18345 -0.037021 -0.11888 0.01291
-0.035866 0.15646 -0.23877 -0.047326 -0.11498 0.008711
-0.032348 0.17808 -0.25864 -0.047616 -0.12587 0.013312
-0.030494 0.15762 -0.26118 -0.022135 -0.13806 0.014718
-0.038791 0.070443 -0.24265 -0.041842 -0.12387 0.0044001
-0.037559 0.102 -0.24043 -0.029783 -0.13189 0.01825
-0.034189 0.17977 -0.27648 -0.034748 -0.14068 0.016779
-0.028708 0.16767 -0.28301 -0.022843 -0.14056 0.020663
-0.032609 0.14603 -0.30528 -0.019036 -0.14081 0.011094
-0.036463 0.067119 -0.24885 -0.029134 -0.13601 0.015208
-0.035102 0.13891 -0.29099 -0.026835 -0.13949 0.010082
-0.0304 0.18782 -0.29544 -0.014443 -0.15243 0.030349
-0.029797 0.16469 -0.3117 -0.0039524 -0.1544 0.01808
-0.029416 0.087966 -0.28718 -0.028735 -0.14854 0.012654
-0.036757 0.10629 -0.26967 -0.028744 -0.14821 0.02937
-0.029472 0.18698 -0.31116 -0.012176 -0.14421 0.015496
-0.02983 0.16766 -0.31664 -0.0016561 -0.14968 0.01584
-0.02556 0.14189 -0.29547 -0.0126 -0.17193 0.022148
-0.031904 0.071681 -0.26408 -0.030826 -0.15029 0.01967
-0.033259 0.15043 -0.29246 -0.020222 -0.15992 0.031519
-0.029158 0.18315 -0.29105 -0.027147 -0.15243 0.01181
-0.015632 0.1645 -0.29418 -0.011062 -0.15906 0.018967
-0.029105 0.10718 -0.27628 -0.015379 -0.15837 0.026996
-0.03827 0.096387 -0.25377 -0.029709 -0.15184 0.021499
-0.023923 0.17968 -0.27624 -0.046494 -0.16208 0.012434
-0.016402 0.18855 -0.26412 -0.027487 -0.15174 0.014443
-0.027386 0.10334 -0.25396 -0.02876 -0.16085 0.024113
-0.025762 0.096714 -0.23799 -0.037286 -0.155 0.02559
-0.025623 0.1792 -0.24724 -0.05021 -0.15556 0.016718
-0.027574 0.16164 -0.23948 -0.050613 -0.15523 0.016548
-0.015132 0.16064 -0.25278 -0.04262 -0.15224 0.013155
-0.022846 0.10402 -0.21761 -0.053655 -0.15141 0.014105
-0.026337 0.11922 -0.21856 -0.052088 -0.15199 0.019197
-0.027337 0.19801 -0.26325 -0.048218 -0.14661 0.02117
-0.013268 0.17285 -0.24892 -0.03486 -0.15999 0.016588
-0.020128 0.14937 -0.26505 -0.067676 -0.15498 0.015896
-0.025271 0.10392 -0.25871 -0.026882 -0.15058 0.015798
-0.021046 0.17924 -0.30504 -0.024242 -0.14797 0.020152
-0.018606 0.21993 -0.3677 -0.0010796 -0.16095 0.02009
-0.014226 0.21728 -0.45013 0.02579 -0.17808 0.020611
-0.015573 0.14878 -0.44347 0.049104 -0.15804 0.025161
-0.021366 0.18252 -0.52939 0.079048 -0.16849 0.026671
-0.0091535 0.24647 -0.63996 0.10507 -0.17982 0.030986
-0.012316 0.2235 -0.71278 0.157 -0.15978 0.038628
-0.022425 0.26785 -0.8198 0.22275 -0.16352 0.037771
0.015713 0.29326 -1.0621 0.25637 -0.28464 0.040583
-0.012117 0.20193 -1.0232 0.3026 -0.16042 0.044146
-0.0083393 0.32603 -1.3182 0.47737 -0.21342 0.057974
0.0017886 0.36694 -1.4963 0.49136 -0.22561 0.066688
0.02209 0.3964 -1.7837 0.62077 -0.27029 0.081778
0.014766 0.36865 -2.0264 0.73907 -0.2465 0.08074
0.0043706 0.28703 -2.1688 0.77208 -0.24972 0.11328
0.0056191 0.31551 -2.1073 0.62881 -0.22963 0.077014
0.01719 0.3525 -1.7201 0.75392 -0.32814 0.029694
0.04482 0.82629 -3.4566 1.4395 -0.35369 0.20311
0.021124 0.30342 -3.3334 1.2616 -0.31218 0.11899
0.018282 0.39096 -3.1796 1.1847 -0.33406 0.13662
0.020596 0.46467 -3.3285 1.3004 -0.34104 0.14956
0.016897 0.4793 -3.4075 1.3083 -0.35945 0.11581
0.010358 0.59175 -3.7705 1.5239 -0.38226 0.15599
-0.0048278 0.42892 -4.0545 1.6805 -0.43838 0.16403
-0.013333 0.51747 -4.1839 1.6852 -0.43188 0.16467
-0.025006 0.56144 -4.3216 1.7424 -0.4402 0.17067
-0.038298 0.55816 -4.4503 1.8271 -0.4528 0.15648
-0.060962 0.47735 -4.4858 1.8364 -0.47261 0.15624
-0.087798 0.43316 -4.5634 1.8452 -0.48214 0.15781
-0.097781 0.59105 -4.7352 2.0046 -0.51458 0.16249
-0.12036 0.57185 -4.7205 1.9854 -0.52523 0.15891
-0.15502 0.52289 -4.7564 2.0004 -0.53719 0.14006
-0.20433 0.4118 -4.7193 1.9602 -0.54814 0.14036
-0.25729 0.50927 -4.7647 2.0552 -0.58205 0.12377
-0.31767 0.5544 -4.7272 2.0533 -0.61545 0.10144
-0.35383 0.51573 -4.7016 2.0233 -0.624 0.085245
-0.2923 0.52603 -4.7653 2.0774 -0.56162 0.057193
0.030924 0.44772 -4.9984 2.0836 -0.36428 0.078762
-0.5026 0.5106 -4.4994 2.0748 -0.68682 0.24712
-0.40578 0.56271 -4.3115 1.7568 -0.47743 0.32138
-0.72308 0.39921 -4.3994 1.8846 -0.87505 -0.44003
-0.46579 0.57994 -4.9782 2.5425 -0.63537 0.042728
-0.19196 0.49187 -4.407 1.7243 -0.44293 0.24154
-0.33957 0.52928 -4.378 1.8645 -0.33205 0.11045
-0.48056 0.45088 -4.3718 1.9372 -0.58708 0.057431
-0.49484 0.56382 -4.41 1.921 -0.5552 0.030418
-0.47566 0.55374 -4.3629 1.8972 -0.55475 0.031952
-0.45294 0.52976 -4.3788 1.8852 -0.49411 0.052301
-0.42953 0.49653 -4.3583 1.8935 -0.46241 0.067781
-0.40677 0.52151 -4.3562 1.801 -0.40187 0.066706
-0.39755 0.58323 -4.3804 1.8468 -0.42647 0.079441
-0.38094 0.59214 -4.4439 1.8208 -0.43394 0.099035
-0.36678 0.50944 -4.4057 1.8008 -0.39191 0.095286
-0.35722 0.50025 -4.4538 1.7942 -0.33765 0.10064
-0.33538 0.64537 -4.5624 1.7983 -0.39045 0.13018
-0.3295 0.54844 -4.6005 1.837 -0.33442 0.11227
-0.3225 0.60366 -4.4283 1.7602 -0.38024 0.10966
-0.31305 0.53487 -4.522 1.6835 -0.28056 0.11491
-0.25922 0.57823 -4.8875 1.8326 -0.34287 0.19466
-0.26597 0.54975 -4.8948 1.8002 -0.28892 0.16137
-0.23301 0.56323 -4.864 1.8938 -0.32849 0.18291
-0.28842 0.61132 -4.6271 1.7515 -0.33296 0.12964
-0.24185 0.58929 -4.9156 1.7145 -0.26304 0.16907
-0.22272 0.61713 -5.0378 1.7903 -0.30175 0.19149
-0.22407 0.46359 -5.0206 1.8331 -0.3 0.19653
-0.21801 0.56948 -5.0741 1.8286 -0.30889 0.20052
-0.20694 0.61171 -5.1367 1.8204 -0.27366 0.21009
-0.20793 0.61551 -5.1811 1.8282 -0.31906 0.19291
-0.20826 0.56957 -5.2104 1.8272 -0.31084 0.18157
-0.20727 0.49498 -5.2057 1.8426 -0.30986 0.20652
-0.19741 0.56298 -5.2431 1.8337 -0.29495 0.21829
-0.19629 0.6043 -5.2779 1.8458 -0.30647 0.21319
-0.1857 0.62306 -5.3585 1.8893 -0.32646 0.20789
-0.19114 0.57865 -5.4154 1.8792 -0.32594 0.20047
-0.20183 0.46709 -5.2997 1.8741 -0.34312 0.19748
-0.1868 0.60889 -5.4108 1.8957 -0.31315 0.20882
-0.17629 0.64252 -5.4426 1.9153 -0.32972 0.22486
-0.17116 0.60438 -5.4435 1.9311 -0.32385 0.2297
-0.18957 0.56313 -5.4666 1.9546 -0.36108 0.17965
-0.19668 0.52787 -5.4747 1.9515 -0.37614 0.19482
-0.18385 0.64974 -5.5156 1.9525 -0.35932 0.20301
-0.15125 0.65345 -5.5547 1.9925 -0.33863 0.24272
-0.16708 0.65208 -5.5763 1.9967 -0.37397 0.20446
-0.1716 0.56693 -5.6006 2.0588 -0.39569 0.20342
-0.16578 0.60411 -5.6227 1.9945 -0.39279 0.21916
-0.15059 0.66245 -5.6667 1.99 -0.38013 0.21689
-0.14411 0.69458 -5.7336 2.061 -0.42315 0.21481
-0.13464 0.68989 -5.7682 2.06 -0.42695 0.21475
-0.13179 0.59977 -5.7777 2.0023 -0.44719 0.22598
-0.12043 0.66368 -5.8307 1.9969 -0.45735 0.22699
-0.099981 0.70027 -5.8538 1.9788 -0.4488 0.25145
-0.095794 0.70663 -5.9599 1.9786 -0.46795 0.233
-0.077524 0.71766 -6.0104 1.954 -0.48479 0.23899
-0.072023 0.6418 -6.0354 1.9371 -0.50319 0.24976
-0.046995 0.65638 -6.0541 1.7421 -0.4647 0.24266
-0.013103 0.7598 -6.1672 1.8253 -0.76667 0.22496
0.0070702 0.77616 -6.2999 1.7528 -0.39896 0.29591
0.016285 0.70262 -6.2998 1.5258 -0.43652 0.2421
0.022904 0.57101 -6.1546 1.5672 -1.0112 0.2537
-0.15117 0.58375 -5.9064 1.2135 0.037402 0.29464
0.086719 0.57389 -5.9714 1.6411 -0.70218 0.25257
0.32048 0.96428 -7.2482 1.6877 -1.0783 0.29463
-0.062067 0.85468 -6.6881 1.1082 0.0010867 0.23709
0.08358 0.43668 -5.8862 0.86524 -1.0006 0.29692
0.06622 0.57022 -6.402 0.86353 -0.45498 0.2633
0.090079 0.44525 -6.0571 1.0459 -0.39907 0.24072
0.14528 0.70107 -6.4069 0.92343 -0.66681 0.29861
0.14561 0.78404 -6.7537 1.0615 -0.55352 0.32395
0.11402 0.56929 -6.455 0.78087 -0.49561 0.26305
0.11745 0.50372 -6.3115 0.64112 -0.50697 0.26082
0.13403 0.55776 -6.3457 0.62011 -0.50527 0.2613
0.12722 0.56496 -6.3297 0.62215 -0.46988 0.29323
0.12106 0.57977 -6.3538 0.60262 -0.4268 0.28406
0.16181 0.64246 -6.6326 0.58211 -0.45298 0.28916
0.10563 0.41246 -6.2722 0.6044 -0.41575 0.27538
0.13091 0.45352 -6.0645 0.59303 -0.45122 0.28499
0.11699 0.64238 -6.4311 0.5637 -0.32194 0.28376
0.11849 0.6174 -6.4695 0.54131 -0.35279 0.29364
0.12373 0.50772 -6.3645 0.56155 -0.36101 0.27873
0.11173 0.46646 -6.297 0.5513 -0.34228 0.2987
0.10897 0.54115 -6.3251 0.59461 -0.32736 0.28693
0.11034 0.56287 -6.338 0.59312 -0.32061 0.30183
0.10775 0.55398 -6.3505 0.62134 -0.30793 0.29695
0.1033 0.56554 -6.3482 0.59557 -0.28876 0.29478
0.10488 0.57922 -6.3562 0.65032 -0.29866 0.30409
0.097677 0.49648 -6.3349 0.6374 -0.29082 0.29729
0.096 0.52654 -6.3655 0.62332 -0.2753 0.30685
0.097461 0.59621 -6.3862 0.65073 -0.26709 0.31715
0.096646 0.59206 -6.3763 0.6817 -0.27647 0.30918
0.09645 0.58042 -6.3799 0.67704 -0.27626 0.30939
0.097277 0.58646 -6.3965 0.70221 -0.28793 0.31172
0.09286 0.52751 -6.3864 0.7099 -0.27052 0.31255
0.094169 0.56386 -6.3871 0.69671 -0.26193 0.32126
0.089243 0.60188 -6.3985 0.68771 -0.26486 0.32371
0.095473 0.61302 -6.4235 0.73424 -0.27776 0.32033
0.094979 0.60471 -6.4223 0.74264 -0.26696 0.31733
0.091198 0.53156 -6.3955 0.73154 -0.27873 0.32945
0.091231 0.59416 -6.4197 0.73761 -0.26596 0.32253
0.092353 0.63243 -6.4313 0.75439 -0.27015 0.32564
0.094633 0.6181 -6.4419 0.7761 -0.27409 0.32485
0.091342 0.56795 -6.4215 0.78075 -0.27291 0.32915
0.091419 0.5609 -6.4246 0.75731 -0.26965 0.33211
0.091689 0.65041 -6.4441 0.78831 -0.27097 0.33063
0.094441 0.62091 -6.4425 0.80527 -0.2761 0.32963
0.09329 0.63013 -6.4639 0.82384 -0.27489 0.33148
0.093279 0.61314 -6.458 0.80345 -0.27015 0.3218
0.090063 0.55214 -6.4303 0.81741 -0.27585 0.33809
0.092169 0.64507 -6.4459 0.81226 -0.26421 0.33386
0.093332 0.65067 -6.4745 0.84867 -0.26059 0.33269
0.092416 0.63698 -6.4714 0.85083 -0.28228 0.33121
0.096003 0.64771 -6.4826 0.85802 -0.27673 0.33039
0.09497 0.64097 -6.4694 0.85809 -0.26935 0.32731
0.093212 0.56942 -6.4386 0.83973 -0.28181 0.34571
0.091622 0.63689 -6.496 0.89091 -0.24091 0.32701
0.089132 0.70272 -6.4806 0.8668 -0.2722 0.33271
0.098231 0.65801 -6.4813 0.8841 -0.27308 0.33363
0.096996 0.66966 -6.505 0.89079 -0.27781 0.32717
0.093897 0.58864 -6.4593 0.88832 -0.26528 0.33656
0.094438 0.63568 -6.485 0.88036 -0.26538 0.3379
0.094409 0.70361 -6.4969 0.88954 -0.26348 0.33267
0.094271 0.66225 -6.4836 0.90839 -0.26207 0.33397
0.098358 0.67494 -6.508 0.91785 -0.27871 0.3327
0.096504 0.65692 -6.4983 0.91905 -0.27153 0.32914
0.094131 0.61074 -6.5018 0.89724 -0.26917 0.32974
0.097623 0.69893 -6.4818 0.89435 -0.25843 0.34504
0.097896 0.67134 -6.4873 0.91741 -0.26705 0.3326
0.099454 0.6971 -6.5335 0.93119 -0.27554 0.3298
0.099594 0.66222 -6.5123 0.9344 -0.27611 0.33042
0.094139 0.6075 -6.4942 0.91921 -0.2675 0.33426
0.098319 0.70088 -6.5055 0.91509 -0.2686 0.33307
0.10096 0.69138 -6.5093 0.93302 -0.26294 0.33099
0.10074 0.68055 -6.5272 0.93512 -0.28652 0.33
0.10009 0.67015 -6.4995 0.9468 -0.26523 0.32148
0.092507 0.58673 -6.4659 0.92633 -0.27234 0.32959
0.09455 0.67959 -6.4684 0.90797 -0.26492 0.32006
0.096189 0.67585 -6.4564 0.93192 -0.26713 0.31408
0.095989 0.66256 -6.4397 0.90962 -0.26953 0.30095
0.087363 0.5849 -6.3503 0.89278 -0.25758 0.30567
0.077885 0.52617 -6.292 0.86992 -0.2687 0.2869
0.077232 0.62295 -6.2553 0.85155 -0.24372 0.27645
0.073091 0.56862 -6.1565 0.81971 -0.24158 0.26683
0.066701 0.52639 -6.0789 0.7827 -0.24173 0.24236
0.056744 0.46812 -5.9446 0.73832 -0.23344 0.22992
0.045407 0.3772 -5.7967 0.67212 -0.2012 0.20994
0.033208 0.44415 -5.6721 0.60618 -0.19381 0.20015
0.02587 0.38794 -5.5018 0.5587 -0.18483 0.17547
0.014742 0.32904 -5.2984 0.49007 -0.17069 0.14163
-0.0062013 0.2231 -5.0311 0.38263 -0.13581 0.11939
-0.031919 0.11449 -4.7773 0.2619 -0.10692 0.072827
-0.041281 0.12493 -4.5952 0.14815 -0.07953 0.034927
-0.046876 0.12141 -4.5046 0.11319 -0.085971 0.017496
-0.032558 0.026522 -4.0908 0.08285 -0.11803 0.0045881
-0.083795 -0.041131 -4.0167 -0.091394 0.040352 0.049757
-0.1067 0.24726 -3.7143 -0.25638 0.20739 0.13457
-0.062729 -0.15192 -2.9316 -0.34578 0.11452 -0.0093901
-0.13087 -0.27753 -3.1221 0.20958 -0.30926 -0.44286
-0.23713 -0.41175 -2.9981 -1.3161 0.17043 0.016887
-0.025734 -0.09251 -3.1545 -0.10447 0.3076 0.0043667
-0.17055 -0.098452 -2.0112 -0.35072 0.26481 -0.027721
-0.15875 -0.021225 -2.3187 -0.64556 0.14844 -0.053314
-0.1351 -0.27338 -2.2311 -0.58158 0.1351 -0.080667
-0.17237 -0.27036 -2.08 -0.56884 0.25836 -0.093877
-0.17228 -0.2428 -1.9277 -0.55062 0.25952 -0.074412
-0.17172 -0.19517 -1.8716 -0.4981 0.27478 -0.031912
-0.15735 -0.16697 -1.9776 -0.35538 0.25626 -0.023236
-0.1634 -0.12079 -1.9614 -0.33955 0.31476 0.017455
-0.15504 0.017184 -1.9841 -0.17425 0.3463 0.067487
-0.12587 -0.34717 -1.5083 -0.43322 0.33985 0.076349
-0.12156 -0.10544 -1.6715 -0.10959 0.13021 0.042027
-0.28078 0.43375 -3.0216 0.50701 0.46692 0.079224
-0.047531 -0.18303 -2.0637 0.02346 0.1998 0.16618
-0.13886 -0.16915 -1.8978 0.0028334 0.33003 0.12194
-0.13656 0.15167 -2.548 0.30323 0.29126 0.14467
-0.09557 0.26044 -3.1934 0.93885 0.34409 0.3572
-0.098648 -0.04039 -2.759 0.71598 0.20604 0.16256
-0.1485 0.30705 -2.926 0.73468 0.25188 0.1983
-0.15473 0.13794 -2.541 0.62917 0.37166 0.24045
-0.07775 0.18082 -3.6465 0.82203 0.19433 0.29748
-0.082674 0.22609 -3.708 0.9943 0.25038 0.21625
-0.082945 0.29668 -3.6807 1.3769 0.2826 0.34933
-0.10929 0.34283 -3.9136 1.2048 0.26385 0.34113
-0.096497 0.22683 -3.8831 1.0275 0.21152 0.27772
-0.089597 0.32553 -4.0876 1.2392 0.21175 0.3047
-0.088525 0.32841 -4.2715 1.3249 0.23645 0.31176
-0.086757 0.33426 -4.4027 1.3318 0.23939 0.32689
-0.086829 0.32985 -4.4865 1.3175 0.25053 0.32582
-0.086086 0.41581 -4.7117 1.3448 0.22432 0.31527
-0.090531 0.39731 -4.7184 1.4685 0.17854 0.34914
-0.062114 0.33629 -4.8146 1.3455 0.19487 0.33793
-0.069115 0.47044 -4.974 1.4228 0.20109 0.34221
-0.08968 0.30214 -4.9133 1.4161 0.21366 0.33045
-0.088005 0.43016 -5.1094 1.429 0.21782 0.33587
-0.07166 0.43213 -5.1083 1.447 0.19009 0.35548
-0.064642 0.4257 -5.1495 1.4616 0.16873 0.34811
-0.070676 0.44721 -5.2246 1.4747 0.18709 0.35303
-0.072771 0.40624 -5.2514 1.4607 0.18191 0.35487
-0.071486 0.42427 -5.2904 1.487 0.17929 0.34819
-0.068259 0.46961 -5.3452 1.5081 0.1803 0.36387
-0.06227 0.45153 -5.3517 1.4854 0.17012 0.36596
-0.07046 0.36987 -5.3287 1.5135 0.16669 0.36501
-0.06762 0.45367 -5.3828 1.4941 0.17617 0.3598
-0.062689 0.48437 -5.3973 1.5239 0.17337 0.36355
-0.066033 0.45238 -5.4107 1.5376 0.16451 0.37337
-0.064978 0.46598 -5.4314 1.5413 0.16477 0.37124
-0.060954 0.47958 -5.4478 1.5368 0.16646 0.36864
-0.063247 0.38046 -5.3982 1.5163 0.1659 0.36662
-0.069131 0.42003 -5.3955 1.5115 0.15715 0.36728
-0.064223 0.50542 -5.4321 1.5275 0.16537 0.36991
-0.065288 0.4865 -5.446 1.5435 0.17588 0.3552
-0.05887 0.46879 -5.444 1.5546 0.14712 0.37257
-0.063389 0.47178 -5.4723 1.5608 0.16521 0.3794
-0.055865 0.42512 -5.4842 1.5032 0.18136 0.38115
-0.077378 0.38623 -5.3819 1.4768 0.15428 0.31676
-0.054271 0.53676 -5.4575 1.5916 0.15037 0.38079
-0.057319 0.51532 -5.5039 1.5893 0.17204 0.37608
-0.04972 0.47992 -5.5445 1.5923 0.16456 0.36698
-0.047369 0.50553 -5.5737 1.6277 0.16037 0.38094
-0.041727 0.46292 -5.5708 1.6505 0.17914 0.37588
-0.043785 0.48462 -5.6206 1.7048 0.16956 0.38428
-0.025935 0.58118 -5.7136 1.8067 0.16739 0.41207
-0.020203 0.56218 -5.7651 1.8782 0.1723 0.40642
-0.0025783 0.59681 -5.8531 1.9958 0.16699 0.4405
0.0042096 0.61491 -5.9335 2.094 0.17734 0.46196
0.01195 0.58273 -5.9984 2.2343 0.17515 0.47424
0.034024 0.6883 -6.1413 2.3955 0.18258 0.50508
0.052617 0.7426 -6.2644 2.5837 0.18465 0.54544
0.070332 0.76278 -6.4213 2.8059 0.1912 0.583
0.099625 0.85525 -6.6257 3.0458 0.19762 0.63283
0.14189 0.90174 -6.8155 3.2679 0.19365 0.67947
0.16271 0.84425 -6.9098 3.5477 0.18717 0.73552
0.14626 0.84994 -6.8241 3.6277 0.091155 0.78757
0.099085 1.0595 -6.7332 3.995 0.20989 0.73897
0.071615 1.1981 -7.4823 4.5585 0.28943 0.82693
0.48822 1.2386 -7.8116 5.0918 0.1391 1.2063
0.30114 1.1853 -7.8907 4.9727 0.11347 1.0029
0.1434 1.0855 -7.5166 4.2264 0.18246 0.72735
0.26141 1.3536 -7.7266 5.5402 0.44694 1.3301
0.33464 1.4288 -8.0114 6.8826 0.0054678 1.274
0.30678 1.4711 -8.2165 6.0591 -0.065323 1.1025
0.37222 1.4379 -8.2473 6.1317 0.38612 1.3737
0.3675 1.5236 -8.3617 6.414 0.23567 1.3629
0.36026 1.5521 -8.4349 6.828 0.13945 1.3538
0.3685 1.5948 -8.4829 7.0558 0.19046 1.4356
0.38206 1.6533 -8.5701 7.2291 0.17243 1.4884
0.39765 1.6924 -8.6025 7.4036 0.15989 1.52
0.3898 1.6421 -8.5807 7.4811 0.18807 1.563
0.3893 1.6553 -8.6461 7.5689 0.20249 1.5675
0.40485 1.7402 -8.6652 7.6471 0.20714 1.6065
0.38596 1.785 -8.6959 7.7362 0.16568 1.5834
0.40392 1.7539 -8.701 7.8048 0.20001 1.6431
0.39485 1.7546 -8.6786 7.7638 0.20596 1.6389
0.38252 1.6848 -8.6437 7.7856 0.20328 1.6532
0.38546 1.7548 -8.6538 7.8012 0.20502 1.6414
0.38198 1.7889 -8.648 7.7734 0.18166 1.6233
0.3736 1.7565 -8.6267 7.7411 0.21042 1.6315
0.36848 1.7507 -8.6041 7.6916 0.19283 1.6286
0.36974 1.7435 -8.5778 7.6293 0.19356 1.6191
0.3532 1.6904 -8.5169 7.5274 0.19792 1.6194
0.34869 1.7287 -8.514 7.5179 0.20257 1.5574
0.34827 1.7358 -8.4766 7.4181 0.1627 1.5801
0.33664 1.7063 -8.4564 7.316 0.17673 1.5284
0.32683 1.7004 -8.4186 7.2186 0.16909 1.5178
0.32649 1.6736 -8.372 7.0688 0.1251 1.4576
0.3124 1.6091 -8.3038 7.0082 0.1943 1.4638
0.30601 1.6557 -8.2183 6.8046 0.13665 1.4395
0.30457 1.7196 -8.2589 6.9072 0.17899 1.467
0.26639 1.5918 -8.1724 6.7777 0.040373 1.4005
0.29747 1.6319 -8.1001 6.5586 0.15295 1.2769
0.30121 1.5489 -8.3846 6.4061 0.19866 1.2691
0.25129 1.5884 -7.717 6.1725 -0.097401 1.3077
0.23454 1.6081 -7.945 6.2773 0.2121 1.284
0.24968 1.566 -7.9632 6.198 0.10554 1.2425
0.24789 1.597 -7.9721 6.061 0.056706 1.1787
0.24415 1.5292 -7.8422 5.9316 0.064021 1.1734
0.21572 1.4968 -7.7147 5.7675 0.069045 1.1401
0.20765 1.5423 -7.7083 5.6906 0.06352 1.105
0.20646 1.5549 -7.6931 5.6717 0.061554 1.0858
0.19693 1.5304 -7.6497 5.5629 0.050505 1.0601
0.19267 1.522 -7.6045 5.4817 0.057891 1.0425
0.19375 1.5648 -7.5886 5.428 0.050421 1.0228
0.17745 1.5204 -7.5042 5.3659 0.037543 1.0166
0.15984 1.4519 -7.4637 5.2865 0.057195 0.9747
0.15874 1.5147 -7.458 5.2031 0.056696 0.94576
0.15941 1.6055 -7.4687 5.1875 0.035214 0.9336
0.1524 1.5245 -7.4082 5.1485 0.044897 0.93136
