-6.3136e-05 0.00062664 0.00065879 -9.7408e-05 -6.7193e-05 -0.0025103
6.8823e-05 0.061893 -0.030224 0.015274 3.3564e-05 -0.00015211
0.00016243 0.15093 -0.039211 0.011011 8.1039e-05 -0.0015944
-5.2274e-05 0.13179 -0.015635 0.0097488 -0.00013625 0.0023447
3.4616e-05 0.18628 -0.0003532 0.0014066 -0.00036756 0.0010597
0.00046065 0.15589 0.032364 0.0012851 -0.0016602 0.003381
0.0004791 0.20528 0.019969 0.012116 0.0020901 -0.0026399
-0.00063531 0.17535 0.041317 0.02026 -0.0003791 -6.885e-06
-0.0035047 0.20974 0.058393 0.026622 -0.00049865 -0.008822
-0.0067917 0.1793 0.087801 0.022362 0.0042287 0.0067566
-0.0092047 0.21773 0.10117 0.013938 -0.00018668 0.0014717
-0.0087282 0.1863 0.11365 0.0046863 0.0088706 0.015832
-0.0077025 0.22844 0.064311 -0.0023877 0.0064401 0.001534
-0.0099521 0.18762 0.085019 -0.010595 0.0044144 0.0014134
-0.0075388 0.18996 0.067338 -0.00087788 -0.0074955 -0.012149
-0.012847 0.1882 0.075936 -0.013696 -0.010444 -0.016182
-0.0062668 0.17474 0.1086 -0.015574 -0.017867 -0.015307
-0.0072361 0.19355 0.075331 -0.022144 -0.0089475 -0.020607
-0.0018645 0.17787 0.10301 -0.041082 3.2594e-05 -0.0055515
-0.0050616 0.16557 0.10094 -0.028146 0.01043 -0.0064226
-0.0036534 0.16724 0.11448 -0.040519 0.012613 0.0047882
-0.0091024 0.15475 0.13288 -0.029725 0.02297 0.0043998
-0.0075551 0.18503 0.12129 -0.046921 0.017513 0.0012288
-0.0081377 0.17547 0.1214 -0.045633 0.018494 -0.0022105
-0.0095904 0.19506 0.10317 -0.075585 0.021288 -0.0053713
-0.0049004 0.17392 0.10216 -0.058566 0.01259 -0.0081326
-0.011748 0.1859 0.080465 -0.082897 0.017341 -0.0043813
-0.0063468 0.16221 0.088711 -0.073897 0.022333 -0.0096206
-0.014308 0.18203 0.058412 -0.07221 0.022066 0.00093415
-0.011424 0.16192 0.081175 -0.078232 0.027269 -0.0069724
-0.016693 0.1884 0.057157 -0.063012 0.030568 0.0014029
-0.016606 0.18471 0.06744 -0.057237 0.029613 -0.0018067
-0.017333 0.20829 0.060658 -0.060489 0.034362 -0.0030498
-0.015126 0.19299 0.068947 -0.066608 0.046944 0.00033186
-0.018057 0.21218 0.060888 -0.062806 0.04395 -0.0055905
-0.015086 0.16695 0.091334 -0.099586 0.058476 -0.0035282
-0.021829 0.19795 0.068442 -0.08153 0.060433 -0.0051757
-0.022372 0.15484 0.090132 -0.10941 0.058312 -0.006215
-0.020705 0.17924 0.095712 -0.11016 0.069047 -0.0041342
-0.023972 0.15691 0.095069 -0.096618 0.058419 -0.0037766
-0.022446 0.17371 0.11782 -0.11137 0.065538 -0.002182
-0.024742 0.16249 0.11236 -0.093053 0.064297 -0.0018088
-0.028685 0.1938 0.10656 -0.10462 0.065264 0.0026999
-0.026821 0.16197 0.11892 -0.11059 0.065334 -0.00036764
-0.027092 0.19429 0.1128 -0.11928 0.069715 0.0011965
-0.025432 0.15284 0.1287 -0.12095 0.061737 6.8893e-05
-0.025937 0.17698 0.12452 -0.13125 0.070848 -0.0040588
-0.022325 0.15816 0.11817 -0.1168 0.065192 -0.00041834
-0.027492 0.1718 0.11331 -0.13104 0.064103 -0.00087458
-0.02159 0.16595 0.10413 -0.12521 0.066539 -0.0018697
-0.025488 0.17291 0.10794 -0.14063 0.066356 0.0028326
-0.024259 0.16254 0.1106 -0.14088 0.066282 -0.0012599
-0.023174 0.16488 0.10254 -0.14889 0.078819 0.0034427
-0.025143 0.14507 0.12133 -0.15094 0.073971 0.0022395
-0.02429 0.15284 0.12499 -0.15501 0.079261 0.0037521
-0.029065 0.13724 0.13025 -0.15661 0.083286 0.00081654
-0.026831 0.16426 0.15582 -0.16791 0.076247 0.0029185
-0.03348 0.14448 0.14753 -0.16341 0.079398 0.0015682
-0.027558 0.16244 0.17493 -0.17481 0.075553 0.0060447
-0.029464 0.15891 0.16276 -0.1776 0.073511 0.0059832
-0.027312 0.15238 0.1879 -0.1725 0.07523 0.010754
-0.02814 0.17948 0.14705 -0.16289 0.076147 0.010729
-0.028866 0.17554 0.16465 -0.15568 0.074403 0.010216
-0.030413 0.16865 0.15268 -0.12987 0.069718 0.013437
-0.028115 0.18613 0.15594 -0.14086 0.069483 0.006723
-0.031134 0.15944 0.17594 -0.13221 0.063488 0.0083937
-0.025462 0.17505 0.16699 -0.14144 0.065001 0.008081
-0.032518 0.17388 0.16724 -0.1449 0.067409 0.0086274
-0.028509 0.17308 0.16249 -0.14076 0.065233 0.0087471
-0.030609 0.16962 0.1541 -0.13339 0.06952 0.010666
-0.032416 0.18308 0.14878 -0.15076 0.0734 0.0040728
-0.031178 0.15818 0.15311 -0.12085 0.067437 0.0053266
-0.032341 0.17753 0.15708 -0.14688 0.074106 0.0021827
-0.035655 0.16471 0.17056 -0.12626 0.065454 0.004947
-0.03754 0.18191 0.16393 -0.11667 0.066785 0.0053582
-0.036554 0.17576 0.18034 -0.13951 0.064225 0.0062402
-0.042886 0.19539 0.1521 -0.12097 0.062609 0.0095796
-0.038186 0.16735 0.17821 -0.13376 0.061076 0.0055178
-0.041643 0.17374 0.17798 -0.15914 0.058009 0.0098069
-0.041783 0.16862 0.1632 -0.12352 0.058492 0.0097472
-0.039249 0.17131 0.17554 -0.1727 0.057115 0.0065315
-0.037201 0.17465 0.14022 -0.12684 0.0509 0.011863
-0.035115 0.17829 0.14978 -0.14371 0.053556 0.0072875
-0.032691 0.18206 0.13657 -0.13126 0.045809 0.01105
-0.031067 0.16667 0.16146 -0.13691 0.046598 0.0097122
-0.032576 0.18895 0.14944 -0.14271 0.052858 0.010978
-0.030178 0.16429 0.16269 -0.14799 0.047382 0.0070357
-0.027915 0.18357 0.15206 -0.13844 0.051329 0.0098743
-0.034981 0.15957 0.15349 -0.13048 0.051149 0.0062373
-0.025776 0.18074 0.14544 -0.12199 0.039783 0.010298
-0.036315 0.15788 0.15287 -0.11896 0.055855 0.010439
-0.026331 0.17616 0.16262 -0.12287 0.040448 0.012419
-0.02864 0.16598 0.15482 -0.11987 0.055277 0.012168
-0.025962 0.17967 0.17494 -0.13622 0.049805 0.011719
-0.02484 0.15737 0.16383 -0.12678 0.049439 0.0097923
-0.02647 0.18004 0.16837 -0.14844 0.054185 0.010919
-0.02859 0.16071 0.15422 -0.12112 0.054317 0.010267
-0.02687 0.18155 0.15865 -0.13651 0.053115 0.012571
-0.031261 0.16712 0.15342 -0.11522 0.052897 0.009055
-0.026659 0.17726 0.17073 -0.13547 0.055156 0.0082491
-0.028378 0.14955 0.17914 -0.13704 0.047983 0.006292
-0.026801 0.16115 0.18712 -0.14842 0.060573 0.0048221
-0.026646 0.14949 0.17423 -0.14192 0.055401 0.0095127
-0.027827 0.1659 0.18054 -0.13787 0.058267 0.0028043
-0.027837 0.15467 0.18476 -0.14659 0.050543 0.0076108
-0.029477 0.17029 0.19307 -0.1602 0.050513 0.0010371
-0.029995 0.16953 0.1689 -0.11967 0.049339 0.0094024
-0.025722 0.14856 0.17504 -0.15955 0.047756 0.0106
-0.026994 0.19732 0.06991 -0.061236 0.062835 0.015331
-0.015875 0.14768 0.11055 -0.11131 0.049484 0.017836
-0.025085 0.17233 0.062398 -0.10006 0.05493 0.013658
-0.022586 0.17407 0.11675 -0.14173 0.046518 0.017646
-0.03509 0.13634 0.1468 -0.16284 0.047672 0.017646
-0.038318 0.17153 0.1708 -0.20233 0.043638 0.015591
-0.039708 0.16467 0.17278 -0.17723 0.052275 0.020935
-0.040428 0.15129 0.18194 -0.20421 0.040106 0.013708
-0.040748 0.18988 0.16004 -0.19583 0.042388 0.01822
-0.03956 0.13354 0.19466 -0.19127 0.038364 0.013375
-0.044289 0.17025 0.17353 -0.20821 0.038319 0.020403
-0.039799 0.12371 0.22097 -0.20547 0.042179 0.013209
-0.041264 0.1586 0.20952 -0.21835 0.035041 0.025954
-0.039639 0.14026 0.20383 -0.21302 0.038108 0.017046
-0.039562 0.16903 0.21313 -0.21246 0.019174 0.024764
-0.039646 0.15359 0.19076 -0.18917 0.026915 0.017261
-0.039672 0.17495 0.20186 -0.19202 0.014392 0.01034
-0.040769 0.16457 0.18333 -0.18859 0.023978 0.011851
-0.04111 0.16274 0.19632 -0.18995 0.030493 -0.00061604
-0.046914 0.17447 0.16146 -0.21183 0.03835 0.010194
-0.044005 0.14166 0.20636 -0.20332 0.041749 0.0078841
-0.046579 0.16104 0.19671 -0.22654 0.047946 0.012413
-0.040528 0.13976 0.23997 -0.23174 0.039968 0.015774
-0.04372 0.16424 0.21147 -0.23779 0.047076 0.014349
-0.040243 0.14646 0.24329 -0.23849 0.045119 0.012677
-0.046119 0.15378 0.21182 -0.24031 0.048619 0.014504
-0.044036 0.14868 0.24379 -0.24298 0.04997 0.01515
-0.042868 0.14594 0.22184 -0.23511 0.040734 0.015908
-0.043039 0.16202 0.23904 -0.24946 0.042737 0.020011
-0.040725 0.18062 0.17204 -0.20708 0.027692 0.018837
-0.039004 0.17132 0.20129 -0.20075 0.027953 0.018321
-0.039213 0.18925 0.16653 -0.17575 0.030036 0.019517
-0.035928 0.17849 0.17613 -0.18117 0.027028 0.012357
-0.035217 0.18802 0.18988 -0.18766 0.038859 0.015513
-0.038238 0.16617 0.1944 -0.22525 0.043259 0.0076332
-0.036894 0.16193 0.20751 -0.22137 0.043852 0.011172
-0.040841 0.14908 0.22061 -0.25222 0.056553 0.010575
-0.039644 0.13612 0.22382 -0.21971 0.050346 0.013091
-0.037549 0.16494 0.20778 -0.24289 0.051449 0.0091957
-0.039915 0.16821 0.17409 -0.20588 0.05623 0.01002
-0.031875 0.18148 0.17372 -0.23031 0.042729 -0.00053242
-0.038124 0.16326 0.16896 -0.2124 0.057474 0.0028609
-0.033578 0.17933 0.19863 -0.22987 0.05603 -0.0036127
-0.03636 0.14772 0.23042 -0.203 0.05015 0.011808
-0.039292 0.16307 0.25374 -0.21892 0.064442 9.3698e-05
-0.037957 0.16777 0.23189 -0.19071 0.051306 0.017185
-0.03943 0.15004 0.23315 -0.19597 0.054143 0.0039618
-0.041449 0.16882 0.20692 -0.18472 0.059728 0.008231
-0.040389 0.15426 0.20166 -0.17746 0.053139 0.0059901
-0.03654 0.17285 0.18702 -0.1882 0.051514 0.0075929
-0.04037 0.15598 0.21382 -0.18234 0.062216 0.0048873
-0.028875 0.18126 0.17468 -0.21455 0.045136 0.0080859
-0.038055 0.15601 0.21603 -0.21604 0.068628 0.0039842
-0.036051 0.17929 0.18869 -0.23582 0.06086 0.0034294
-0.037397 0.14785 0.21229 -0.21257 0.065773 0.0019044
-0.04245 0.16596 0.20454 -0.2297 0.071212 0.0025683
-0.037359 0.13824 0.21483 -0.18866 0.06404 0.0017195
-0.040143 0.15265 0.22759 -0.22073 0.062683 0.0043692
-0.039932 0.14154 0.2138 -0.21883 0.066346 0.0097914
-0.039627 0.16929 0.22334 -0.21519 0.051538 0.0073422
-0.039805 0.13794 0.22745 -0.20493 0.051591 0.012622
-0.039309 0.1773 0.19934 -0.18463 0.052388 0.0077641
-0.037784 0.17152 0.21876 -0.17368 0.053778 0.0031401
-0.038708 0.14195 0.24022 -0.18281 0.065289 0.00083063
-0.038299 0.17749 0.20708 -0.21415 0.07346 0.0021186
-0.038091 0.15445 0.23756 -0.23376 0.073014 0.00084647
-0.038998 0.13814 0.20587 -0.2245 0.067109 0.0091792
-0.039945 0.16902 0.21181 -0.26526 0.077531 0.0029823
-0.039396 0.16138 0.18479 -0.21302 0.061656 0.0047304
-0.042105 0.13286 0.24295 -0.23652 0.075763 -0.0029733
-0.039237 0.17175 0.18896 -0.21003 0.068906 0.0025602
-0.040296 0.17218 0.18238 -0.17497 0.063405 0.0012797
-0.039012 0.15844 0.18596 -0.17837 0.06449 0.0043434
-0.039069 0.19921 0.15227 -0.15906 0.057652 0.003243
-0.039572 0.17154 0.17261 -0.1799 0.056801 -0.0041676
-0.038897 0.17167 0.20574 -0.19332 0.060608 -0.0032867
-0.039101 0.16058 0.20322 -0.21592 0.062665 -0.008745
-0.037763 0.16294 0.22155 -0.21391 0.065933 -0.0010862
-0.037903 0.16495 0.20647 -0.20603 0.067321 -0.0043589
-0.03635 0.15143 0.22246 -0.2141 0.066649 0.00025167
-0.038132 0.17621 0.19331 -0.17092 0.060084 -0.0011142
-0.03532 0.16127 0.21126 -0.19957 0.060707 -0.0013268
-0.038985 0.15047 0.25261 -0.20979 0.057635 -0.00029603
-0.037643 0.16846 0.2193 -0.19794 0.05728 0.0055648
-0.039423 0.1473 0.2892 -0.25579 0.054353 0.00049434
-0.037594 0.15365 0.22959 -0.20056 0.053221 0.018067
-0.036464 0.1613 0.25908 -0.23131 0.049129 0.0034991
-0.031799 0.15533 0.21367 -0.18652 0.053248 0.019569
-0.032075 0.15401 0.26062 -0.25509 0.054811 0.004657
-0.032082 0.15616 0.22926 -0.19153 0.061304 0.010787
-0.034309 0.14049 0.27616 -0.26539 0.060247 0.0054834
-0.038826 0.15784 0.23899 -0.19997 0.065851 0.0069218
-0.038638 0.14479 0.26118 -0.19114 0.061198 0.0077752
-0.041504 0.1689 0.20827 -0.19111 0.063467 0.0081715
-0.038045 0.15846 0.24949 -0.19685 0.05984 0.0065446
-0.039469 0.15567 0.21911 -0.18933 0.058378 0.010189
-0.034204 0.15383 0.22781 -0.24745 0.058516 0.0036061
-0.036112 0.15692 0.23221 -0.19834 0.054213 0.0064857
-0.031627 0.13938 0.22526 -0.2304 0.0586 0.0029327
-0.039347 0.15787 0.22539 -0.21685 0.059308 0.0012732
-0.039257 0.14725 0.2467 -0.22972 0.063848 0.002635
-0.046539 0.13198 0.23532 -0.23394 0.072336 -0.0034577
-0.048544 0.15508 0.25744 -0.23602 0.071752 0.00037472
-0.0471 0.12574 0.24701 -0.23719 0.069771 -0.0027801
-0.048544 0.14904 0.26578 -0.2342 0.073797 -0.0018673
-0.04685 0.12534 0.26272 -0.24454 0.065561 0.0042199
-0.044451 0.13932 0.26596 -0.25854 0.071837 -0.0053319
-0.044703 0.14646 0.23064 -0.23079 0.069426 0.0059728
-0.040139 0.13206 0.26077 -0.25949 0.065199 -0.0016906
-0.039436 0.1611 0.20795 -0.19657 0.061464 0.0076015
-0.039347 0.16573 0.19713 -0.23886 0.061984 0.0061356
-0.033989 0.15919 0.21689 -0.19287 0.052684 0.0054098
-0.037171 0.16551 0.18002 -0.19767 0.057314 0.005302
-0.031281 0.17386 0.19577 -0.21417 0.049098 0.001671
-0.035143 0.13995 0.24127 -0.1905 0.054493 -0.00070816
-0.037025 0.15539 0.2303 -0.24235 0.05541 0.0016583
-0.038628 0.15427 0.23253 -0.22564 0.064747 -0.001902
-0.041283 0.1481 0.27367 -0.26194 0.063439 0.001732
-0.040051 0.12959 0.24732 -0.20317 0.065037 0.0056088
-0.04073 0.16352 0.25227 -0.24584 0.05468 0.006555
-0.039817 0.13596 0.28157 -0.21595 0.05716 0.0086905
-0.039736 0.14494 0.24782 -0.23199 0.050905 0.0089825
-0.04084 0.16798 0.28053 -0.27104 0.053282 0.0055849
-0.038794 0.13716 0.2632 -0.23311 0.056622 0.0088712
-0.03975 0.15734 0.27665 -0.23098 0.046444 0.0093087
-0.03953 0.1525 0.2516 -0.20868 0.055182 0.016316
-0.038782 0.1525 0.26753 -0.21079 0.046718 0.011669
-0.039771 0.14431 0.27075 -0.20097 0.054106 0.015999
-0.040263 0.13648 0.31218 -0.23836 0.051101 0.0094276
-0.040745 0.15587 0.2782 -0.20921 0.049473 0.0085442
-0.04076 0.15505 0.31023 -0.21114 0.042651 0.010443
-0.043753 0.15989 0.26717 -0.21051 0.039525 0.0069964
-0.041857 0.18032 0.2751 -0.21085 0.040782 0.0075858
-0.047721 0.13317 0.2971 -0.22401 0.042764 0.0060971
-0.045075 0.16331 0.29785 -0.23586 0.051879 0.0049394
-0.0487 0.1245 0.30604 -0.21911 0.048997 0.004247
-0.049244 0.15251 0.31488 -0.23037 0.053796 0.0057041
-0.045792 0.11715 0.31365 -0.21017 0.05045 0.0025266
-0.052372 0.15856 0.29023 -0.22441 0.053552 0.0054389
-0.048428 0.13418 0.29859 -0.21874 0.052232 0.0037528
-0.050338 0.13269 0.304 -0.22182 0.047504 5.7852e-05
-0.053126 0.1337 0.31833 -0.22397 0.048619 0.0050634
-0.048212 0.11249 0.36234 -0.23021 0.041932 -0.0048642
-0.050118 0.12752 0.34881 -0.22955 0.050586 0.0052291
-0.04718 0.1345 0.35256 -0.21343 0.044109 0.0010833
-0.048314 0.13627 0.31979 -0.19336 0.046746 0.010817
-0.044683 0.14972 0.32983 -0.17216 0.038151 0.0089516
-0.049062 0.1364 0.33586 -0.18027 0.031025 0.0086172
-0.044803 0.15216 0.33287 -0.19344 0.042025 0.0097542
-0.046648 0.15389 0.3333 -0.24235 0.029915 -0.0044854
-0.044103 0.12984 0.30842 -0.22419 0.050256 0.011814
-0.046831 0.15779 0.29589 -0.24718 0.048838 -0.0041796
-0.040579 0.11091 0.32658 -0.24194 0.056661 0.0057522
-0.048263 0.13108 0.36094 -0.23239 0.064648 -0.0017366
-0.045828 0.11804 0.37414 -0.23806 0.057986 -0.0034033
-0.049188 0.13229 0.40893 -0.24083 0.051357 -0.00041509
-0.055945 0.12987 0.34407 -0.19029 0.03799 0.0068921
-0.051929 0.14996 0.37477 -0.23423 0.032503 0.0066165
-0.058621 0.098836 0.37613 -0.20723 0.029092 0.013203
-0.055495 0.14956 0.37066 -0.23362 0.030725 0.014439
-0.057678 0.092383 0.42545 -0.23954 0.034412 0.020202
-0.059526 0.15627 0.35676 -0.22703 0.025136 0.023083
-0.058219 0.14744 0.36573 -0.2198 0.023904 0.02966
-0.065067 0.14193 0.35281 -0.2027 0.0078649 0.022046
-0.064093 0.16997 0.3329 -0.19097 0.0050547 0.021445
-0.067203 0.13507 0.37653 -0.18339 -0.0066915 0.020481
-0.068727 0.15499 0.36261 -0.19172 0.0010864 0.011624
-0.064611 0.15548 0.36639 -0.21067 0.002792 0.015906
-0.063128 0.13522 0.37254 -0.21717 0.019345 0.0061301
-0.063678 0.15462 0.33592 -0.20752 0.024647 0.0072778
-0.055662 0.13765 0.33365 -0.19678 0.03216 0.0089132
-0.06498 0.15636 0.31964 -0.17534 0.031608 0.0040405
-0.058503 0.14525 0.31806 -0.18561 0.038107 0.012981
-0.065629 0.15279 0.34498 -0.21553 0.040486 -0.0023228
-0.065703 0.11994 0.36178 -0.22956 0.058674 0.0097005
-0.063588 0.14135 0.37171 -0.22637 0.04733 0.0033597
-0.068157 0.11225 0.37915 -0.2401 0.05736 0.013356
-0.062986 0.15319 0.35016 -0.17747 0.033 0.022043
-0.066872 0.13636 0.35042 -0.20735 0.028234 0.018729
-0.065269 0.15835 0.33423 -0.16647 0.020585 0.027809
-0.063159 0.1499 0.32698 -0.18145 0.018899 0.017829
-0.066558 0.16332 0.33282 -0.20291 0.024711 0.018468
-0.062482 0.14198 0.32893 -0.16702 0.023077 0.01539
-0.064587 0.16633 0.32924 -0.2306 0.029717 0.0090957
-0.06169 0.1407 0.3313 -0.15797 0.021289 0.019142
-0.059985 0.17025 0.31038 -0.19348 0.022354 0.010953
-0.057046 0.14663 0.33494 -0.16727 0.022377 0.023687
-0.057285 0.15398 0.33734 -0.19149 0.016017 0.015173
-0.055916 0.14582 0.35355 -0.18927 0.023187 0.014997
-0.054808 0.14197 0.35227 -0.22724 0.026407 0.011806
-0.055247 0.15847 0.32693 -0.1934 0.029837 0.0050598
-0.051346 0.16076 0.29466 -0.19906 0.037715 0.0044224
-0.05477 0.14846 0.30487 -0.18563 0.040417 0.0058928
-0.053278 0.1652 0.26953 -0.18421 0.038475 0.0091474
-0.055093 0.14129 0.29843 -0.16394 0.03616 0.009938
-0.054225 0.16228 0.24624 -0.16532 0.036829 0.018404
-0.050263 0.16268 0.27273 -0.15773 0.036101 0.0089696
-0.051184 0.14231 0.26188 -0.16742 0.040592 0.010336
-0.049823 0.15574 0.28316 -0.20548 0.053572 0.0057634
-0.053373 0.15169 0.28984 -0.20489 0.051504 0.0042324
-0.054182 0.13881 0.29331 -0.21233 0.060152 0.0024142
-0.055449 0.17868 0.27281 -0.16905 0.052687 0.0049942
-0.05509 0.16119 0.26676 -0.19354 0.05735 0.0043688
-0.053263 0.15933 0.27944 -0.17042 0.048768 0.0036821
-0.053874 0.17239 0.27025 -0.1984 0.059657 0.012844
-0.052239 0.14797 0.27593 -0.20288 0.053822 0.0038622
-0.049034 0.1672 0.28483 -0.19039 0.059242 0.015118
-0.051129 0.1534 0.28166 -0.2022 0.057676 0.0021893
-0.047989 0.15551 0.29298 -0.20854 0.060174 0.013591
-0.052055 0.15667 0.303 -0.21042 0.059232 0.0058266
-0.051221 0.13786 0.30966 -0.21373 0.054281 0.018051
-0.049469 0.16847 0.2974 -0.18683 0.051262 0.010333
-0.046219 0.15843 0.29636 -0.1826 0.043788 0.020498
-0.043689 0.16729 0.30367 -0.17858 0.045542 0.0077392
-0.045709 0.163 0.29095 -0.19335 0.052448 0.010981
-0.051842 0.14861 0.3316 -0.21942 0.057634 0.0048208
-0.053761 0.13927 0.32165 -0.22934 0.060129 0.005934
-0.059181 0.12858 0.35157 -0.23786 0.062316 0.003296
-0.054368 0.12858 0.34974 -0.23577 0.053265 0.0073671
-0.055513 0.134 0.31334 -0.22819 0.06021 0.0033788
-0.046607 0.14765 0.32043 -0.23241 0.052433 -0.00035402
-0.053966 0.13737 0.28738 -0.21869 0.058514 0.0013269
-0.041079 0.15874 0.29926 -0.23642 0.052214 -0.00038623
-0.054509 0.13686 0.31408 -0.22022 0.050658 0.0069147
-0.04561 0.13442 0.32768 -0.245 0.046445 0.008819
-0.055333 0.16781 0.28542 -0.21614 0.046907 0.021231
-0.051966 0.13656 0.30956 -0.21409 0.039194 0.012205
-0.056666 0.1713 0.25741 -0.19107 0.039336 0.025818
-0.056531 0.15205 0.28424 -0.18817 0.036504 0.010844
-0.05736 0.16311 0.27133 -0.20566 0.040455 0.018163
-0.054534 0.13425 0.31772 -0.23094 0.046302 0.0008506
-0.056665 0.16411 0.28491 -0.22909 0.053449 0.0093542
-0.045754 0.12998 0.33795 -0.24417 0.049063 0.0014644
-0.056729 0.13127 0.33531 -0.22661 0.046961 0.0084785
-0.045915 0.15268 0.31693 -0.22236 0.042764 0.015226
-0.054758 0.12832 0.35083 -0.21291 0.034412 0.01231
-0.046954 0.14805 0.32352 -0.22174 0.035724 0.013308
-0.050414 0.15186 0.30759 -0.17633 0.032581 0.015068
-0.043117 0.14547 0.346 -0.25033 0.041678 0.0024599
-0.049048 0.13548 0.30913 -0.17158 0.037745 0.016153
-0.046276 0.14979 0.34962 -0.24457 0.044915 0.0050056
-0.049063 0.13719 0.31901 -0.17786 0.036392 0.017192
-0.051275 0.14193 0.33645 -0.19149 0.025593 0.012173
-0.050054 0.15487 0.31815 -0.18192 0.034906 0.010836
-0.049339 0.14173 0.32446 -0.19131 0.030067 0.016294
-0.048163 0.15354 0.32466 -0.1996 0.034919 0.009541
-0.047766 0.142 0.30963 -0.19441 0.039671 0.022535
-0.044972 0.16716 0.30146 -0.19421 0.032038 0.01666
-0.047616 0.14041 0.29624 -0.18093 0.034936 0.015726
-0.044251 0.16091 0.3074 -0.19817 0.043604 0.012608
-0.043152 0.13095 0.31063 -0.21107 0.047787 0.0064128
-0.045539 0.13753 0.33787 -0.23434 0.052516 0.0055558
-0.045701 0.12262 0.30978 -0.22141 0.052537 0.0092454
-0.048515 0.14663 0.32916 -0.2423 0.048165 0.006712
-0.046865 0.13631 0.30503 -0.20476 0.036593 0.011382
-0.047737 0.15652 0.31469 -0.21525 0.03975 0.01182
-0.040678 0.16097 0.30993 -0.21878 0.031754 0.013388
-0.047337 0.14512 0.3082 -0.21802 0.036527 0.01234
-0.042726 0.16363 0.29913 -0.23274 0.036595 0.016011
-0.046528 0.14023 0.29832 -0.23182 0.039163 0.014916
-0.042586 0.15672 0.2894 -0.23288 0.035855 0.014524
-0.0403 0.14294 0.28954 -0.22595 0.037313 0.017465
-0.039024 0.14452 0.29683 -0.2444 0.037852 0.0095637
-0.040592 0.13099 0.29615 -0.24004 0.044083 0.01994
-0.047592 0.12649 0.31945 -0.24842 0.04843 0.010178
-0.048478 0.1245 0.32251 -0.23848 0.051318 0.026564
-0.055963 0.13882 0.32631 -0.22506 0.052623 0.017213
-0.049199 0.15347 0.3159 -0.20014 0.038209 0.022565
-0.055025 0.15408 0.32417 -0.20643 0.038635 0.016665
-0.049022 0.16238 0.31675 -0.20442 0.029654 0.015184
-0.052682 0.16149 0.3106 -0.21382 0.037033 0.010546
-0.04688 0.13838 0.3301 -0.23847 0.045234 0.0056364
-0.047218 0.1688 0.28282 -0.22177 0.055412 0.0086767
-0.04377 0.13334 0.32109 -0.23656 0.056543 0.0013835
-0.044754 0.13971 0.31826 -0.22182 0.053445 0.0051574
