-0.00011296 -0.0027253 0.0022048 0.00012918 -0.00054993 0.002991
0.0042675 0.018367 -0.034672 -0.0036225 0.0013587 0.0034735
0.0042453 0.10913 -0.05988 -0.0024617 0.017154 -0.00012549
0.0063012 0.1041 -0.069219 0.0082996 0.0073998 -0.00040614
0.0049714 0.12075 -0.037737 0.018205 -0.0005843 -0.0035865
0.0039758 0.1673 -0.045485 0.031298 0.0028266 -0.0066898
0.0046265 0.17189 -0.043305 0.04881 -0.00062333 -0.0059901
0.0047387 0.15784 -0.019126 0.034378 0.0021077 -0.0074973
0.0027751 0.18046 -0.033134 0.038244 0.0014495 -0.005506
0.0032584 0.1673 -0.021258 0.024543 0.006391 -0.004668
0.0022889 0.15652 0.0051778 0.022995 -0.0018779 -0.0031421
0.00060008 0.16636 -0.012707 0.019589 0.0075466 0.00072671
0.0015098 0.16828 -0.003575 0.031057 0.00073041 0.001325
0.0022692 0.18003 -0.023418 0.026318 0.014202 0.0063465
0.001154 0.1673 -0.020779 0.037588 0.010445 0.0057937
0.0013049 0.16965 -0.02826 0.031772 0.0059701 0.0075014
0.0034557 0.18145 -0.028364 0.037826 0.013812 0.0046349
0.0037179 0.17536 -0.024458 0.033768 0.010115 0.0036763
0.0017169 0.14738 -0.0080374 0.030185 0.0051197 0.0015164
0.005998 0.19518 -0.025832 0.030251 0.016204 -0.00092146
0.0067003 0.17604 -0.017227 0.037439 0.016126 0.00034247
0.004549 0.16475 -0.011304 0.029798 0.012919 0.003312
0.0073485 0.20574 -0.029384 0.048255 0.021052 0.0029389
0.0030757 0.1688 -0.014491 0.034796 0.018344 0.011228
-0.0023979 0.1704 -0.01582 0.026834 0.0082819 0.007679
-0.0045613 0.14812 5.3261e-05 0.012476 0.0093256 0.01488
-0.0080813 0.17046 -0.014009 0.0040681 0.0024492 0.010305
-0.0030425 0.16986 0.0015043 -0.015064 0.004482 0.015544
-0.0064849 0.15028 -0.0064719 0.00067884 0.0050558 0.014936
0.0011423 0.19878 -0.010467 -0.0090748 0.011357 0.013724
-0.00049243 0.16095 -0.0079327 0.00051547 0.010021 0.015324
-0.00098095 0.17269 -0.0010535 0.003973 0.017979 0.016704
-0.0029415 0.17613 0.009604 0.0067588 0.011561 0.016179
-0.0033169 0.1939 0.0040739 0.0097577 0.020823 0.023061
-0.0053041 0.17648 0.026028 0.003537 0.018374 0.025455
-0.0050401 0.18096 0.01679 0.0095742 0.021075 0.028998
-0.0010935 0.18225 0.021626 0.00033958 0.020181 0.027723
-0.0030246 0.18441 0.012949 0.0077386 0.030379 0.029481
0.00034011 0.1741 0.02791 0.019361 0.016348 0.024713
-0.0075971 0.21224 0.017375 0.024987 0.021804 0.023746
-0.0034495 0.20074 0.031705 0.030826 0.011621 0.022133
-0.0092221 0.22943 0.024029 0.037975 0.0078611 0.026502
-0.0073893 0.19093 0.039259 0.026396 0.008424 0.023696
-0.0036286 0.21401 0.024513 0.034024 0.0035596 0.022683
-0.0018812 0.19894 0.026388 -7.0325e-05 0.019966 0.024624
-0.00030656 0.15942 0.031734 0.023469 0.010741 0.016741
0.0032727 0.1914 0.012661 -0.015826 0.011493 0.019076
0.003655 0.1837 0.017048 0.0029509 0.016351 0.024071
0.0015539 0.18715 -0.0056026 0.0056315 0.0050807 0.01711
0.0050525 0.17072 0.021372 -0.0041669 -0.001175 0.029316
-0.0040495 0.1803 0.004743 0.032952 0.0002859 0.020588
-0.0062402 0.14479 0.0051781 0.022216 -0.0017505 0.048543
-0.022995 0.13996 0.017794 0.10108 -0.021961 0.078998
-0.029045 0.16633 -0.050418 0.10115 -0.013882 0.1047
-0.045116 0.19498 -0.065201 0.16967 -0.028104 0.15879
-0.043799 0.18565 -0.095218 0.1579 -0.03485 0.16153
-0.037931 0.18086 -0.12511 0.16311 -0.03112 0.15827
-0.038496 0.14415 -0.099862 0.13579 -0.032072 0.14893
-0.017424 0.098507 -0.067068 0.13177 -0.022959 0.10036
-0.023699 0.1072 -0.056114 0.13082 -0.024565 0.084111
-0.011096 0.12295 -0.006373 0.13141 -0.012495 0.051947
-0.015659 0.15837 0.0057199 0.13382 -0.0073768 0.038223
-0.015062 0.18214 0.010632 0.12343 -0.0035128 0.042845
-0.010666 0.18437 0.021267 0.10416 0.0021605 0.04381
-0.017109 0.1754 0.026501 0.07778 0.02296 0.056783
-0.0093939 0.14385 0.018818 0.067025 0.0076671 0.066993
-0.01342 0.11641 0.031235 0.050424 0.029125 0.069126
-0.013713 0.12245 0.018947 0.034158 0.01074 0.068626
-0.012615 0.097555 0.043076 0.022441 0.0073344 0.073541
-0.0094221 0.11877 0.01728 0.01103 0.0072807 0.075539
-0.010824 0.15493 -0.025171 0.042381 0.0040225 0.086395
-0.0063669 0.13266 -0.11735 0.06131 0.040214 0.10358
-0.017283 0.14609 -0.20119 0.1739 0.063707 0.11982
-0.02344 0.17633 -0.38965 0.23398 0.10278 0.12813
-0.034369 0.14353 -0.39849 0.29695 0.13398 0.14036
-0.036615 0.16526 -0.46172 0.32161 0.1318 0.13034
-0.034757 0.15425 -0.42011 0.32363 0.1262 0.12802
-0.03013 0.13603 -0.34328 0.28184 0.10042 0.11431
-0.022753 0.11746 -0.27785 0.26284 0.073897 0.10254
-0.022196 0.14036 -0.22165 0.23637 0.059672 0.095611
-0.017195 0.15267 -0.1959 0.1935 0.046601 0.085125
-0.017504 0.15405 -0.16365 0.15509 0.043312 0.085249
-0.012522 0.15541 -0.14209 0.1297 0.044193 0.086338
-0.01417 0.14896 -0.15189 0.080476 0.044131 0.090471
-0.0074819 0.106 -0.11417 0.057689 0.047378 0.096622
-0.011113 0.13032 -0.15622 0.036374 0.04869 0.09881
-0.0085363 0.10675 -0.14038 0.015607 0.047282 0.10149
-0.0063417 0.115 -0.16304 0.012477 0.041526 0.10145
-0.0098488 0.12118 -0.1493 0.0097661 0.033715 0.10148
-0.0085336 0.11295 -0.15122 0.015307 0.029471 0.10704
-0.0076131 0.1397 -0.15387 0.0063849 0.029725 0.10933
-0.01159 0.10541 -0.13713 0.031983 0.02305 0.11455
-0.010383 0.12396 -0.17357 0.026937 0.024018 0.12124
-0.0091269 0.095652 -0.14456 0.063982 0.013146 0.1189
-0.011531 0.090988 -0.15734 0.090592 -0.00069523 0.13041
-0.0089801 0.12066 -0.18483 0.099421 0.0016686 0.12497
-0.0097514 0.10491 -0.17056 0.11874 -0.015446 0.13677
-0.0092038 0.12307 -0.18848 0.096642 -0.00052997 0.13364
-0.0087668 0.12379 -0.18136 0.088966 -0.010371 0.13544
-0.0083395 0.10205 -0.1511 0.061738 -0.0049479 0.13296
-0.0047073 0.13642 -0.14933 0.046919 0.0025165 0.12632
-0.0039702 0.10765 -0.13431 0.022729 0.0034544 0.12767
-0.0033348 0.12759 -0.14855 0.01637 0.014146 0.12552
-0.0034753 0.092032 -0.14308 -0.0012803 0.012057 0.12695
-0.003935 0.1073 -0.14089 -0.0089656 0.01741 0.13533
-0.0082425 0.084793 -0.12718 -0.019335 0.0058661 0.13188
-0.0027648 0.11982 -0.12898 -0.037143 0.0088551 0.14279
-0.0052483 0.12134 -0.12067 -0.049904 0.0073664 0.14009
-0.0028492 0.10789 -0.12704 -0.060887 0.0069836 0.14456
-0.00010449 0.14344 -0.14255 -0.071711 0.0075656 0.14993
-0.0034811 0.084398 -0.14093 -0.070892 0.013 0.14653
-0.0063454 0.11418 -0.13592 -0.065161 0.016243 0.13789
-0.0057734 0.086412 -0.14686 -0.064015 0.015293 0.13223
-0.015124 0.082763 -0.13891 -0.049017 0.035882 0.10462
-0.013799 0.060742 -0.12891 -0.048044 0.026641 0.092878
-0.018678 0.071387 -0.15712 -0.063525 0.041894 0.078772
-0.021262 0.043977 -0.1294 -0.0753 0.036827 0.076511
-0.023296 0.050048 -0.147 -0.11854 0.038467 0.071123
-0.02548 0.032837 -0.11941 -0.13535 0.040633 0.071348
-0.023316 0.041371 -0.1155 -0.16917 0.040408 0.06346
-0.025174 0.015742 -0.099224 -0.16554 0.042702 0.060061
-0.019585 0.032946 -0.095639 -0.19068 0.046764 0.051238
-0.018301 0.041936 -0.094538 -0.19687 0.040273 0.063008
-0.018292 0.02745 -0.091612 -0.22684 0.038157 0.062337
-0.016612 0.063332 -0.07211 -0.2676 0.028664 0.066542
-0.014525 0.064007 -0.080983 -0.2894 0.034626 0.068013
-0.019195 0.060452 -0.070103 -0.30407 0.019166 0.057119
-0.015945 0.084751 -0.069517 -0.32312 0.035002 0.054235
-0.01936 0.062163 -0.074646 -0.3031 0.029921 0.047095
-0.021051 0.075774 -0.08657 -0.30851 0.037417 0.049004
-0.021415 0.04913 -0.054008 -0.34061 0.043057 0.05277
-0.021912 0.05062 -0.075387 -0.35146 0.052448 0.045752
-0.018966 0.037973 -0.031894 -0.40891 0.04525 0.052889
-0.015825 0.029541 -0.040612 -0.44206 0.063399 0.035951
-0.010228 0.030779 -0.0044497 -0.46149 0.056295 0.036015
-0.0097964 0.024372 -0.0088492 -0.45205 0.062669 0.031669
-0.0079963 0.016243 -0.0078597 -0.41685 0.073238 0.030476
-0.013696 0.022454 -0.034269 -0.36568 0.06433 0.031969
-0.019507 -0.010158 -0.022514 -0.33581 0.050049 0.035948
-0.021981 0.019755 -0.10171 -0.25944 0.049173 0.035819
-0.027983 0.0025545 -0.14681 -0.22726 0.035748 0.037193
-0.029847 -0.002923 -0.14334 -0.18482 0.027048 0.048191
-0.031507 0.012875 -0.26185 -0.084755 0.045113 0.043257
-0.031578 0.019526 -0.21074 -0.085505 0.043204 0.044471
-0.034756 0.017646 -0.20763 -0.059029 0.042973 0.044699
-0.028674 0.065076 -0.19629 -0.066392 0.058519 0.0322
-0.032789 0.049057 -0.14373 -0.11863 0.045858 0.038006
-0.028644 0.072495 -0.14031 -0.13173 0.058422 0.044141
-0.029845 0.071374 -0.11952 -0.15933 0.053074 0.047154
-0.031008 0.058746 -0.13482 -0.15606 0.057177 0.058853
-0.026922 0.087308 -0.12427 -0.16358 0.057902 0.05409
-0.029158 0.062944 -0.10731 -0.17046 0.047154 0.056016
-0.0221 0.084251 -0.1184 -0.18259 0.052584 0.046417
-0.020392 0.064848 -0.07771 -0.20096 0.04135 0.049418
-0.015524 0.07241 -0.084389 -0.21695 0.041623 0.045016
-0.013379 0.075357 -0.075824 -0.23795 0.047666 0.05139
-0.012448 0.038103 -0.068194 -0.23536 0.043956 0.051693
-0.015113 0.0765 -0.080892 -0.25314 0.049243 0.050875
-0.016352 0.021366 -0.065806 -0.23241 0.045087 0.051507
-0.017535 0.041626 -0.088152 -0.23071 0.047775 0.046268
-0.016606 0.026269 -0.065369 -0.22574 0.038663 0.049149
-0.015555 0.03982 -0.1113 -0.19184 0.044929 0.045745
-0.0091883 0.033662 -0.10484 -0.20938 0.047529 0.055748
-0.0075234 0.029938 -0.13627 -0.16583 0.058366 0.060152
-0.003476 0.027796 -0.14686 -0.168 0.064427 0.063047
-0.0018657 0.0043541 -0.16741 -0.13934 0.083177 0.073533
-0.0030718 -0.0018158 -0.16643 -0.10864 0.087856 0.076659
-0.0037885 0.0061556 -0.19486 -0.10184 0.084899 0.07406
-0.015138 0.01968 -0.24952 -0.02991 0.095217 0.070806
-0.011126 0.024574 -0.2539 -0.064106 0.082841 0.071649
-0.026793 0.027856 -0.30022 -0.0030331 0.077264 0.058472
-0.025651 0.025985 -0.28877 -0.061028 0.071462 0.062321
-0.029453 0.021008 -0.25495 -0.067326 0.064045 0.066709
-0.029799 0.021681 -0.22748 -0.095719 0.058759 0.066321
-0.029179 0.043613 -0.20814 -0.12196 0.063677 0.073157
-0.027889 0.03394 -0.18388 -0.12411 0.059067 0.072795
-0.02194 0.059781 -0.19529 -0.13084 0.074185 0.073707
-0.02639 0.025597 -0.17792 -0.13302 0.063788 0.077835
-0.020968 0.042304 -0.18125 -0.14854 0.070012 0.077611
-0.026071 0.023532 -0.17268 -0.15358 0.057227 0.089263
-0.026963 0.035855 -0.18641 -0.16542 0.064995 0.087918
-0.023697 0.02146 -0.1711 -0.17579 0.039229 0.095312
-0.020384 0.055911 -0.21616 -0.15985 0.061515 0.089307
-0.016556 0.048488 -0.20514 -0.15358 0.051478 0.091411
-0.0064349 0.033685 -0.22797 -0.13395 0.054703 0.085532
-0.018888 0.045182 -0.22488 -0.12556 0.054335 0.082289
-0.01098 0.044389 -0.23582 -0.12425 0.059828 0.081181
-0.019801 0.017601 -0.21692 -0.13196 0.047802 0.079369
-0.019979 0.062083 -0.21239 -0.14275 0.055823 0.078909
-0.014695 0.045176 -0.21955 -0.14881 0.060489 0.081785
-0.015664 0.054405 -0.2052 -0.1533 0.060242 0.077897
-0.01218 0.039493 -0.20344 -0.16569 0.063432 0.078994
-0.0119 0.047868 -0.20419 -0.16573 0.067109 0.075705
-0.01022 0.029876 -0.18267 -0.17879 0.065046 0.072066
-0.016607 0.037035 -0.16963 -0.17245 0.059077 0.079117
-0.020007 0.019912 -0.15535 -0.17866 0.058932 0.08477
-0.02146 0.047518 -0.17231 -0.16469 0.055412 0.089625
-0.031978 0.01711 -0.17362 -0.16378 0.05379 0.10558
-0.023727 0.038976 -0.20118 -0.15726 0.059801 0.10116
-0.028938 0.018659 -0.19547 -0.15116 0.043422 0.10819
-0.027014 0.031975 -0.18898 -0.1333 0.051908 0.099602
-0.025998 0.027979 -0.16519 -0.14336 0.030587 0.093078
-0.029109 0.030999 -0.1379 -0.12912 0.026989 0.09254
-0.027321 0.067043 -0.15648 -0.12884 0.034673 0.08043
-0.027499 0.028653 -0.11693 -0.15822 0.024174 0.088964
-0.028811 0.045719 -0.15287 -0.12858 0.027364 0.084299
-0.026044 0.044974 -0.12979 -0.16262 0.024382 0.085498
-0.028461 0.029582 -0.13988 -0.14177 0.015136 0.087646
-0.025246 0.067258 -0.15045 -0.15551 0.015677 0.082581
-0.025882 0.052721 -0.13839 -0.15563 0.010477 0.0857
-0.030426 0.055051 -0.15242 -0.15933 0.010478 0.077398
-0.030958 0.055647 -0.13721 -0.16725 0.0024605 0.078649
-0.023659 0.032686 -0.13382 -0.15654 0.0054523 0.080076
-0.032816 0.063064 -0.14375 -0.15827 0.0023857 0.077672
-0.0024032 0.042245 -0.13404 -0.16502 0.01646 0.094387
-0.0080613 0.067451 -0.13365 -0.17227 0.022705 0.099488
0.0074127 0.065335 -0.1253 -0.20467 0.038854 0.11115
0.013187 0.055743 -0.10806 -0.2335 0.045748 0.10681
0.0099376 0.064922 -0.099032 -0.24221 0.054603 0.12292
0.013946 0.043408 -0.10229 -0.25643 0.050994 0.1078
0.0022548 0.030898 -0.10715 -0.23666 0.037145 0.12587
0.0043169 0.020476 -0.11063 -0.2098 0.024383 0.13249
-0.0072306 0.035901 -0.1312 -0.19842 -0.0017958 0.13984
-0.0093914 0.032706 -0.13875 -0.1538 -0.0035597 0.14716
-0.011186 0.070519 -0.14356 -0.15352 -0.012036 0.14355
-0.016384 0.062717 -0.15011 -0.12752 -0.0086041 0.13992
-0.020634 0.058428 -0.13088 -0.12554 -0.010427 0.12695
-0.025714 0.074623 -0.12463 -0.1108 -0.011639 0.12139
-0.028026 0.061904 -0.10659 -0.12518 -0.019664 0.11959
-0.029617 0.07688 -0.10446 -0.099955 -0.010071 0.11027
-0.026966 0.083204 -0.094224 -0.12613 -0.019155 0.11749
-0.020302 0.079931 -0.095791 -0.12611 -0.011699 0.11074
-0.019644 0.067676 -0.077622 -0.14352 -0.020283 0.11797
-0.017221 0.075485 -0.081735 -0.15479 -0.016612 0.1157
-0.01494 0.084532 -0.080872 -0.16135 -0.016044 0.12018
-0.015437 0.076343 -0.079293 -0.18482 -0.0027094 0.11428
-0.019353 0.066009 -0.095685 -0.16025 -0.010848 0.12003
-0.01032 0.084 -0.095587 -0.20462 -0.002258 0.11
-0.014852 0.047704 -0.10283 -0.17769 -0.01778 0.114
-0.011612 0.07532 -0.11443 -0.1726 -0.016695 0.11504
-0.0085213 0.081435 -0.10621 -0.16315 -0.017693 0.10993
-0.011755 0.081399 -0.096651 -0.15554 -0.0051349 0.11335
-0.012155 0.086691 -0.087277 -0.15143 -0.017435 0.10897
-0.011483 0.070697 -0.052432 -0.18121 -0.00068306 0.10907
-0.012622 0.077039 -0.065547 -0.1904 -0.01304 0.10589
-0.011077 0.055444 -0.041221 -0.21858 -0.0071331 0.10814
-0.0082742 0.073759 -0.064566 -0.23677 -0.0011986 0.10608
-0.0073705 0.043028 -0.044969 -0.26397 -0.0059389 0.11246
-0.0049933 0.073182 -0.054396 -0.29986 -0.0037347 0.10849
-0.0016889 0.040242 -0.041669 -0.30176 -0.0057916 0.12766
-0.0014838 0.068597 -0.041305 -0.32475 -0.00172 0.11474
0.0055024 0.044945 -0.035404 -0.31516 0.0051863 0.1329
0.0064321 0.056008 -0.030164 -0.30895 0.015664 0.12524
0.010646 0.029955 -0.01539 -0.32552 0.017293 0.12664
0.0096177 0.0031604 -0.023801 -0.3339 0.0026075 0.13128
0.0050604 0.033149 -0.038409 -0.32222 0.012561 0.12759
0.0055774 -0.016144 -0.051185 -0.35363 -0.0061495 0.12651
-0.0023294 0.035879 -0.092751 -0.31621 0.0018316 0.12698
-0.0014098 0.016407 -0.083119 -0.3287 0.0051997 0.11996
-0.0015603 0.031289 -0.066462 -0.3379 -0.0041393 0.11947
-0.0079742 0.024245 -0.046009 -0.34611 -0.028352 0.11717
-0.0066656 0.038966 -0.026807 -0.33913 -0.036209 0.11447
-0.0094504 0.063388 -0.015428 -0.36043 -0.058665 0.10907
-0.010119 0.032865 -0.024321 -0.33406 -0.066791 0.11038
-0.010335 0.056069 -0.036688 -0.30909 -0.052272 0.10286
-0.0057062 0.0086091 -0.026613 -0.31224 -0.052076 0.10824
-0.0055363 -0.0345 -0.033951 -0.27817 -0.044743 0.10968
-0.0089244 0.0045663 -0.064044 -0.26355 -0.044685 0.10754
-0.0029425 -0.022982 -0.069123 -0.25549 -0.032964 0.11405
-0.013611 0.023697 -0.09625 -0.26351 -0.047856 0.10464
-0.014531 0.051442 -0.11243 -0.24239 -0.029403 0.10657
-0.018828 0.047241 -0.077705 -0.27956 -0.036257 0.098021
-0.019261 0.044538 -0.070445 -0.27094 -0.038407 0.10049
-0.020224 0.050951 -0.054535 -0.2732 -0.032972 0.092335
-0.013835 0.039718 -0.039304 -0.27916 -0.035152 0.093112
-0.013669 0.043568 -0.036396 -0.27863 -0.039659 0.085031
-0.011566 0.051499 -0.042584 -0.26988 -0.027644 0.084267
-0.011374 0.06898 -0.030884 -0.28445 -0.038498 0.073126
-0.014413 0.049705 -0.015993 -0.27781 -0.030116 0.077845
-0.011918 0.066746 -0.0069084 -0.28185 -0.035872 0.074337
-0.013108 0.058405 0.027699 -0.29245 -0.031872 0.074922
-0.012718 0.066156 0.029914 -0.2896 -0.038381 0.074319
-0.0097883 0.057951 0.050967 -0.29276 -0.040402 0.076599
-0.010028 0.092657 0.0089481 -0.28346 -0.055503 0.069448
-0.0095535 0.069671 -0.00093203 -0.27747 -0.054361 0.073419
-0.0075242 0.065035 -0.013433 -0.26088 -0.080711 0.079219
-0.0068219 0.079663 -0.04537 -0.26625 -0.071097 0.077909
-0.0041963 0.056147 -0.01132 -0.2695 -0.080768 0.091564
-0.0016233 0.079004 -0.033259 -0.27409 -0.07184 0.091459
0.00025342 0.086637 -0.0071539 -0.28279 -0.073449 0.097574
0.0016009 0.10444 -0.041235 -0.28143 -0.062109 0.095355
-0.0027033 0.072576 0.00073623 -0.28127 -0.070672 0.096067
-0.0013959 0.099311 -0.025373 -0.28162 -0.067051 0.094272
0.0064398 0.069348 -0.0026379 -0.28746 -0.067647 0.10681
0.012896 0.084221 0.00038098 -0.29944 -0.061549 0.10835
0.030478 0.069166 0.00012658 -0.30218 -0.058342 0.12619
0.034706 0.10599 -0.015656 -0.3108 -0.051602 0.12151
0.033292 0.052502 0.0056529 -0.32384 -0.048358 0.12201
0.026856 0.081032 -0.011186 -0.32512 -0.046028 0.10893
0.026901 0.071207 0.0030293 -0.35325 -0.033222 0.11249
0.023537 0.052506 0.00041765 -0.359 -0.021673 0.11385
0.037959 0.08284 0.0038863 -0.37745 -0.004445 0.12467
0.040104 0.063483 -0.0049178 -0.37573 0.0061752 0.14608
0.041728 0.082671 -0.011609 -0.37068 0.0097918 0.13503
0.04346 0.055884 -0.0074738 -0.36481 0.0042155 0.15684
0.033944 0.077084 -0.0084827 -0.35239 -0.00096854 0.132
0.037301 0.064732 -0.027378 -0.3567 0.0011893 0.14107
0.033721 0.060347 0.0031848 -0.34226 -0.0057026 0.13277
0.029203 0.059144 -0.0062968 -0.35965 -0.0039744 0.14143
0.032057 0.065402 0.00012662 -0.34052 -0.002101 0.14191
0.026494 0.062842 0.014067 -0.34765 -0.01165 0.15451
0.029011 0.055024 0.011591 -0.34347 -0.0069267 0.15238
0.031857 0.078105 0.0047297 -0.3558 -0.0087916 0.15812
0.031968 0.042721 0.0085421 -0.35817 -0.0032896 0.14781
0.034289 0.062789 0.011437 -0.37777 -0.0072816 0.15284
0.034094 0.044228 0.0085784 -0.37644 -0.0017779 0.14441
0.032486 0.073176 0.011088 -0.38375 -0.0053019 0.14049
0.034328 0.05801 0.0050198 -0.35431 -0.0041244 0.13868
0.033034 0.081444 0.0057537 -0.38538 0.00088424 0.13597
0.032273 0.050769 0.014745 -0.35894 -0.012705 0.13145
0.033157 0.068885 0.00924 -0.36548 0.003522 0.13477
0.030161 0.038474 0.035495 -0.38067 -0.02158 0.13784
0.03142 0.061805 0.0092589 -0.35647 -0.0017498 0.13528
0.027013 0.060024 0.017965 -0.34102 -0.016903 0.13772
0.028446 0.064671 -0.00012272 -0.35151 -0.0087533 0.13486
0.026671 0.076615 -0.00052366 -0.32289 -0.015074 0.1327
0.02639 0.079532 -0.0076507 -0.33596 -0.016139 0.12601
0.026507 0.064259 0.012822 -0.34702 -0.018219 0.12985
0.027811 0.07505 0.0081558 -0.34109 -0.019142 0.12081
0.028906 0.058916 0.022638 -0.35412 -0.014966 0.12601
0.028525 0.057143 0.026026 -0.34213 -0.013118 0.12052
0.033903 0.049578 0.027253 -0.34342 -0.0087947 0.12141
0.031546 0.054979 0.036479 -0.34461 -0.014312 0.11966
0.035243 0.036624 0.031932 -0.33901 -0.0033774 0.11884
0.035006 0.049694 0.045655 -0.36311 -0.018181 0.12524
0.035712 0.032113 0.043819 -0.34987 -0.0095911 0.12985
0.035802 0.056014 0.049272 -0.35965 -0.012964 0.13424
0.037854 0.045542 0.032555 -0.3483 -0.011047 0.13451
0.034531 0.063032 0.050664 -0.34824 -0.0075445 0.13009
0.037055 0.050979 0.022246 -0.33615 -0.0028049 0.12293
0.035941 0.055521 0.044577 -0.36342 -0.0058605 0.12204
0.03507 0.054601 0.023793 -0.34204 0.0034096 0.1179
0.037702 0.041423 0.044897 -0.37117 -0.0072391 0.12643
0.034193 0.060713 0.027769 -0.34678 -0.0031393 0.11982
0.036196 0.046373 0.040549 -0.34958 -0.0040899 0.1246
0.034427 0.06267 0.022912 -0.3426 -0.0094697 0.11508
0.034626 0.034088 0.047261 -0.34988 -0.0070834 0.11767
0.036182 0.057259 0.0097321 -0.3281 -0.010553 0.10813
0.034799 0.026381 0.054125 -0.35786 -0.010397 0.11488
0.034198 0.044733 0.026691 -0.30912 -0.018273 0.11013
0.031435 0.034899 0.064447 -0.3249 -0.017651 0.11333
0.032614 0.058321 0.046018 -0.3055 -0.013225 0.11249
0.030095 0.043236 0.075796 -0.31716 -0.021985 0.11393
0.035782 0.047751 0.045159 -0.31917 0.00065288 0.10828
0.03633 0.043856 0.063948 -0.35116 -0.0035027 0.10322
0.040013 0.015732 0.043282 -0.33393 0.014811 0.099663
0.0404 0.033107 0.05817 -0.37162 0.013552 0.089034
0.042331 0.0013828 0.047587 -0.34498 0.025267 0.094
0.035842 0.0097078 0.060112 -0.31583 0.010805 0.090263
0.036109 -0.0041015 0.056542 -0.30973 0.0059795 0.095116
0.025647 0.018225 0.025246 -0.22987 -0.0049258 0.091043
0.0268 0.0079746 0.027055 -0.23106 -0.018413 0.089685
0.017634 0.042772 -0.0066433 -0.2152 -0.012588 0.085753
0.019887 0.03608 -0.011871 -0.22329 -0.012595 0.082995
0.02109 0.02856 0.0090128 -0.25996 0.0044281 0.090066
0.012791 0.01383 0.017444 -0.24248 -0.0023311 0.089418
0.023432 0.025627 0.04103 -0.27303 0.0047251 0.097961
0.015872 0.015858 0.030729 -0.23522 -0.0070428 0.094972
0.021625 0.038111 0.026031 -0.24075 -0.016558 0.093202
0.021848 0.049879 0.0090629 -0.22969 -0.0149 0.093302
0.022743 0.045742 -0.00825 -0.22848 -0.016098 0.087099
0.021968 0.054408 0.019402 -0.24228 -0.016751 0.093179
0.022331 0.035634 0.019289 -0.25434 -0.0061009 0.098608
0.018476 0.059094 -0.010259 -0.24991 -0.01073 0.09572
0.020989 0.040357 0.0084608 -0.28643 -0.0082178 0.10794
0.014741 0.041185 -0.060727 -0.2463 -0.0065558 0.10008
0.016976 0.075101 -0.087013 -0.27096 -0.0061933 0.10569
0.0123 0.019344 -0.056165 -0.24884 -0.015854 0.10147
0.013989 0.067585 -0.093077 -0.25928 -0.0082808 0.10573
0.014064 0.049317 -0.053878 -0.26322 -0.017715 0.09869
0.015387 0.026629 -0.045588 -0.26024 -0.015858 0.1031
0.020894 0.088584 -0.078863 -0.26247 -0.0058245 0.095707
0.024044 0.086388 -0.089744 -0.24435 0.00012149 0.094466
