-0.00025097 -0.0061026 0.0023752 -0.00058332 -5.0154e-05 -1.197e-05
0.00095388 0.04516 0.042025 -0.0059948 1.5613e-05 -8.5046e-05
0.0020748 0.092105 0.080744 -0.0063128 7.1316e-05 5.2955e-05
0.0062401 0.14299 0.097619 -0.013167 6.3926e-05 0.00011433
0.0084703 0.15127 0.12826 -0.0020324 -0.00018482 -0.00010725
0.01133 0.19288 0.14782 -0.01279 -0.00024166 -0.00015422
0.012745 0.17224 0.16715 -0.0012805 0.00052275 0.00017871
0.013756 0.2112 0.16069 -0.0092639 0.00065412 0.00018358
0.014976 0.18934 0.16826 0.014326 -0.0014313 -0.00024165
0.014788 0.20065 0.15347 0.0079345 -0.0015755 -0.00014473
0.017369 0.18702 0.19839 -0.059366 0.003766 0.00017779
0.019179 0.21267 0.1663 -0.038555 0.0035352 -0.00010025
0.021345 0.21312 0.23346 -0.18562 0.015647 0.00039493
0.022742 0.22242 0.20248 -0.14435 0.015883 0.00084616
0.020439 0.20249 0.29367 -0.17911 0.0097936 -0.0062677
0.019891 0.21544 0.22721 -0.11869 0.018323 -0.0024939
0.017576 0.25563 0.10021 -0.02075 0.037689 0.013222
0.026246 0.25017 0.079003 -0.012087 0.034189 0.0053833
0.023793 0.3027 -0.18852 0.11472 0.081363 0.037991
0.03114 0.19636 0.0040122 0.018991 0.042015 0.014848
0.031336 0.22399 -0.017636 0.070372 0.057843 0.019822
0.02478 0.1792 0.070461 0.041187 0.024393 0.011683
0.028572 0.21552 0.12233 0.018572 0.02756 0.011331
0.020982 0.20763 0.091335 0.075571 0.014094 0.010035
0.022086 0.22899 0.096408 0.076145 0.024456 0.015172
0.022564 0.20145 0.16294 0.10148 0.015875 0.0098478
0.023341 0.25422 0.17422 0.11357 0.031647 0.0076488
0.028572 0.26573 0.17369 0.10907 0.03424 0.0095628
0.02352 0.26137 0.18657 0.082446 0.031029 0.0065104
0.026961 0.25796 0.16423 0.063899 0.037748 0.0091012
0.019173 0.22541 0.19423 0.037685 0.01384 0.0093199
0.020117 0.22154 0.19336 0.026892 0.020637 0.018089
0.015665 0.23619 0.19847 0.014593 0.0091803 0.012519
0.016776 0.22264 0.16983 0.012291 0.017323 0.023232
0.010443 0.23258 0.17754 -0.0032023 0.0043845 0.0095445
0.014183 0.20584 0.17048 0.0024403 0.019997 0.011449
0.010492 0.23371 0.18535 -0.0036022 0.0080751 0.0063952
0.015293 0.20705 0.19601 0.0049955 0.019964 0.0059105
0.012876 0.23539 0.20507 0.0041774 0.019151 0.0075773
0.014914 0.20083 0.22067 -0.0057397 0.019237 0.0083014
0.012665 0.22947 0.21335 -0.0099684 0.018072 0.008185
0.012541 0.20489 0.23499 -0.02654 0.017335 0.005545
0.014755 0.22776 0.21909 -0.033279 0.018248 0.0046057
0.012259 0.21567 0.23109 -0.03145 0.01498 0.0028626
0.014648 0.22975 0.22006 -0.042092 0.017 0.0021919
0.012525 0.20864 0.23501 -0.02241 0.015161 0.0038147
0.012539 0.22937 0.22895 -0.038746 0.013286 0.0011976
0.011921 0.19497 0.27528 -0.031972 0.013953 -6.7353e-05
0.012901 0.2149 0.26479 -0.035075 0.011605 -0.000947
0.010592 0.19731 0.29849 -0.049489 0.0095823 -0.0027593
0.014673 0.23022 0.25675 -0.029936 0.011826 0.0010295
0.013134 0.21491 0.2606 -0.037903 0.011025 0.0007476
0.016665 0.25017 0.21899 -0.022876 0.014278 -0.0026302
0.015312 0.22001 0.22984 -0.023079 0.014294 0.005436
0.017164 0.23631 0.20718 -0.018756 0.016092 -0.0021365
0.014871 0.21756 0.23225 -0.021181 0.014833 0.0080342
0.018342 0.22261 0.20786 -0.022378 0.016002 0.0070018
0.017258 0.22214 0.23388 -0.013007 0.015632 0.0071934
0.018634 0.21485 0.22699 -0.030695 0.015572 0.0054758
0.017369 0.21651 0.24724 -0.017411 0.016562 0.0081602
0.016787 0.20042 0.2425 -0.034404 0.019535 0.0020956
0.017339 0.21037 0.24902 -0.035741 0.019553 0.004604
0.016701 0.19297 0.22984 -0.034809 0.018573 0.0033028
0.018919 0.21365 0.23984 -0.03728 0.01797 -0.004911
0.017076 0.20178 0.23238 -0.028163 0.013426 0.00018841
0.017854 0.23873 0.22979 -0.015829 0.014436 -0.0049734
0.017431 0.21528 0.22273 -0.0089246 0.012933 -0.00051257
0.017158 0.26098 0.2023 -0.0046308 0.016991 -0.0013449
0.016585 0.22258 0.18861 0.002765 0.009748 0.0020025
0.018693 0.26055 0.18014 -0.0043425 0.020769 -0.001183
0.017991 0.23305 0.16823 0.00095182 0.014021 0.0024075
0.021232 0.25455 0.16218 0.001248 0.022183 0.0017296
0.021128 0.22666 0.15975 -0.0051537 0.020307 0.0022263
0.020436 0.24529 0.16079 0.0020919 0.01913 0.00094124
0.021444 0.21649 0.15496 -0.0094044 0.020529 0.0018492
0.020344 0.24623 0.16462 0.0031321 0.020721 0.0018727
0.024186 0.21995 0.1453 -0.0040504 0.026502 0.0029371
0.025891 0.24584 0.15394 0.0031417 0.029521 0.0068669
0.024584 0.21838 0.14109 0.0094299 0.026683 0.0018282
0.026103 0.24406 0.15549 -0.00087889 0.031232 0.0029161
0.022636 0.21455 0.1558 -0.011797 0.025477 0.0041343
0.020527 0.24757 0.16551 -0.021238 0.027556 0.002181
0.025371 0.21282 0.17237 -0.046156 0.031704 0.010272
0.020941 0.23318 0.17446 -0.040547 0.0267 0.005902
0.025154 0.21065 0.18297 -0.040642 0.029068 0.0035559
0.024891 0.24076 0.16704 -0.033252 0.025395 0.00049921
0.023752 0.23983 0.15052 -0.039941 0.024422 -0.0040303
0.025568 0.2651 0.12929 -0.041903 0.022468 -0.0045653
0.024962 0.23371 0.13283 -0.060843 0.027663 -0.0060981
0.026442 0.21782 0.15442 -0.077378 0.018644 -0.010021
0.026886 0.21117 0.18077 -0.072253 0.020843 -0.01455
0.028706 0.20258 0.19159 -0.051834 0.016104 -0.01834
0.030501 0.24781 0.17733 -0.049886 0.016556 -0.016887
0.028858 0.22741 0.16679 -0.0032628 0.022476 -0.018532
0.032059 0.22884 0.16258 -0.025557 0.032415 -0.0088708
0.029669 0.22379 0.16429 -0.024267 0.031229 -0.01375
0.031278 0.21989 0.15803 -0.0177 0.040369 -0.0032958
0.030988 0.24913 0.16589 -0.030901 0.034213 -0.0095211
0.03075 0.23099 0.15865 -0.0151 0.032911 -0.006202
0.029784 0.25069 0.18416 -0.014788 0.031375 -0.0068378
0.030389 0.20907 0.18991 -0.017338 0.028151 -0.010026
0.028922 0.24794 0.18022 -0.013244 0.030294 -0.0059129
0.030242 0.20948 0.17971 -0.00070511 0.032133 -0.0057319
0.029197 0.23999 0.15887 -0.014758 0.035032 -0.004268
0.029669 0.20813 0.18103 -0.012071 0.036182 -0.0031037
0.029231 0.23082 0.16453 -0.037894 0.037222 -0.003526
0.029027 0.23044 0.16702 -0.054602 0.037742 -0.0082415
0.028933 0.2141 0.17103 -0.061587 0.0288 -0.01191
0.028671 0.22363 0.16763 -0.070574 0.026087 -0.017347
0.0291 0.19062 0.19574 -0.032507 0.013051 -0.020111
0.030018 0.21307 0.19369 -0.053111 0.017015 -0.016906
0.031462 0.22811 0.16227 0.016479 0.019045 -0.011968
0.032915 0.20816 0.16504 -0.029874 0.034012 -0.0066801
0.03265 0.23825 0.14256 0.0011664 0.033953 -0.0041593
0.033494 0.20816 0.15857 -0.015393 0.039011 -0.0067998
0.033277 0.24744 0.15577 -0.012261 0.034362 -0.0048638
0.032392 0.25738 0.1582 -0.0024885 0.03292 -0.0098236
0.033929 0.26582 0.12721 -0.0025285 0.03429 -0.0059878
0.032286 0.26277 0.12926 -0.0010571 0.034665 -0.0058396
0.030064 0.22924 0.13333 -0.019489 0.034285 -0.0045335
0.031377 0.21069 0.15332 0.0029001 0.034008 -0.0030338
0.030411 0.20304 0.19623 -0.01679 0.034682 -0.0014353
0.034766 0.18989 0.2153 0.0074401 0.035411 -0.0017735
0.039462 0.22165 0.19761 0.020203 0.032937 -0.0015526
0.038839 0.20206 0.1838 0.02338 0.031099 -0.0050911
0.039179 0.20149 0.15016 0.030789 0.026479 -0.0060335
0.034308 0.19918 0.12299 0.049826 0.025139 -0.011879
0.03452 0.19241 0.12656 0.019246 0.029307 -0.0086458
0.033516 0.21731 0.10254 0.060081 0.031288 -0.0096628
0.034686 0.20535 0.11317 0.058401 0.031716 -0.0043913
0.033424 0.21784 0.14879 0.081541 0.035063 -0.0058375
0.03094 0.17985 0.21774 0.0024338 0.030391 -0.0026536
0.029911 0.23082 0.2527 -0.016657 0.034967 -0.0067982
0.029169 0.208 0.33058 -0.19296 0.034963 -0.0094573
0.027269 0.23721 0.32436 -0.22035 0.031135 -0.011642
0.030506 0.24212 0.34156 -0.2602 0.033298 -0.014545
0.034649 0.20878 0.34763 -0.26236 0.044296 -0.010493
0.044359 0.24452 0.31939 -0.22331 0.052642 -0.0047263
0.05147 0.20295 0.34802 -0.2283 0.072529 -0.0045096
0.051932 0.2126 0.34514 -0.237 0.06539 0.0023576
0.041163 0.19424 0.38781 -0.24208 0.052327 -0.0077751
0.033024 0.20527 0.38308 -0.22761 0.038217 0.00030935
0.022639 0.2321 0.33718 -0.19978 0.024744 -0.0054012
0.024757 0.24683 0.29216 -0.1714 0.034392 0.00071917
0.025631 0.2108 0.27345 -0.15551 0.036451 -0.0015313
0.028511 0.21482 0.25273 -0.14549 0.042777 -0.0040874
0.028064 0.18382 0.29613 -0.13917 0.039339 -0.0028946
0.027354 0.19726 0.27107 -0.12077 0.037004 -0.0085588
0.027838 0.25394 0.2372 -0.086918 0.032585 -0.0031047
0.026914 0.21069 0.24376 -0.082004 0.037784 -0.0055062
0.028722 0.23868 0.2198 -0.072733 0.033939 -0.0072268
0.029192 0.21123 0.24901 -0.075121 0.037958 -0.0055007
0.028489 0.20993 0.24496 -0.076597 0.035683 -0.0075659
0.032039 0.22301 0.2389 -0.06664 0.035482 -0.01071
0.028465 0.21481 0.22884 -0.063771 0.034379 -0.0012454
0.028736 0.21305 0.23455 -0.07848 0.031234 -0.0127
0.028404 0.2052 0.22388 -0.092672 0.032319 -0.0037413
0.027377 0.21963 0.22904 -0.10857 0.030961 -0.010856
0.028888 0.18902 0.21601 -0.10882 0.0332 -0.0094265
0.03022 0.21181 0.21809 -0.10374 0.035498 -0.0086804
0.028407 0.1681 0.22303 -0.088423 0.03417 -0.0079239
0.030593 0.21699 0.19767 -0.073332 0.034355 -0.0093912
0.029239 0.2174 0.17238 -0.065257 0.035652 -0.0073197
0.032458 0.23101 0.1513 -0.052123 0.035839 -0.010304
0.029387 0.21691 0.16881 -0.057176 0.033261 -0.009827
0.031983 0.19978 0.19513 -0.060203 0.035109 -0.010322
0.028152 0.19767 0.24144 -0.061813 0.028982 -0.0082605
0.029946 0.22319 0.22552 -0.062361 0.029543 -0.0098086
0.029508 0.23578 0.24016 -0.0695 0.031243 -0.004934
0.03023 0.22528 0.25097 -0.057311 0.029438 -0.011193
0.029683 0.21713 0.29638 -0.071807 0.030368 -0.0093039
0.029702 0.18994 0.34146 -0.056658 0.030484 -0.012207
0.031005 0.21692 0.33617 -0.052801 0.03238 -0.012054
0.029962 0.20145 0.3236 -0.048705 0.03311 -0.0078935
0.032328 0.23317 0.28288 -0.047612 0.03586 -0.011123
0.028595 0.20701 0.25974 -0.041513 0.034136 -0.004232
0.028553 0.22807 0.24448 -0.051773 0.029145 -0.0097688
0.026996 0.20881 0.2341 -0.03873 0.031907 -0.0045721
0.026916 0.22906 0.21648 -0.044639 0.027342 -0.0085276
0.027404 0.21452 0.22337 -0.042537 0.032539 -0.0054811
0.027511 0.22653 0.2105 -0.045637 0.03183 -0.0083457
0.027583 0.21049 0.22333 -0.044132 0.029594 -0.0040434
0.027045 0.22214 0.20353 -0.049367 0.029456 -0.0084308
0.026873 0.19948 0.21426 -0.056519 0.027912 -0.0084502
0.027868 0.20699 0.1998 -0.061871 0.027539 -0.012628
0.028004 0.18613 0.2154 -0.08356 0.031669 -0.0075405
0.028124 0.19767 0.21525 -0.078644 0.029182 -0.013009
0.026157 0.17698 0.23195 -0.081788 0.033098 -0.013261
0.029496 0.20189 0.23014 -0.079177 0.028953 -0.0092423
0.028918 0.18944 0.23452 -0.066982 0.025063 -0.012338
0.029705 0.21446 0.22795 -0.071011 0.02992 -0.015664
0.025006 0.19981 0.23212 -0.075331 0.031153 -0.019351
0.030327 0.22038 0.21701 -0.06902 0.032052 -0.008619
0.030169 0.19479 0.2282 -0.081473 0.029827 -0.0037596
0.024277 0.21802 0.20955 -0.078489 0.036255 -0.016339
0.025184 0.20129 0.22379 -0.084089 0.033002 -0.02001
0.030784 0.22169 0.21361 -0.088217 0.042139 0.01124
0.024605 0.20919 0.22115 -0.086899 0.040803 -0.0033538
0.027604 0.23189 0.22335 -0.091218 0.02033 -0.0237
0.046821 0.2085 0.19757 -0.080077 0.0055077 0.018824
0.01265 0.2301 0.19287 -0.043288 0.098 0.0064024
0.030494 0.1993 0.2413 -0.04518 0.18879 0.0088897
0.10702 0.25146 0.15674 0.065806 0.31858 0.45273
0.1204 0.23964 0.23082 0.079548 0.45953 0.43724
-0.20773 0.30335 0.27716 0.13807 0.58921 -0.50295
0.049568 0.30208 0.20957 0.21945 0.58234 0.33737
-0.66327 0.29182 0.49512 0.14289 0.7576 -1.8967
-0.19175 0.27781 0.40712 0.21101 0.65115 -0.33848
-0.3086 0.24801 0.52252 0.12463 0.57824 -0.79868
-0.16635 0.23926 0.51643 0.12924 0.56128 -0.32119
-0.027525 0.22011 0.47242 0.11348 0.44285 0.050576
-0.11401 0.24441 0.47959 0.10436 0.50696 -0.19945
-0.1612 0.21506 0.48503 0.10129 0.51961 -0.32574
-0.14497 0.24565 0.4921 0.10277 0.54028 -0.27958
-0.14264 0.23732 0.47253 0.087667 0.49787 -0.27896
-0.1474 0.24392 0.48247 0.10506 0.51079 -0.29803
-0.14165 0.23727 0.45342 0.097139 0.46756 -0.29184
-0.15136 0.24012 0.45979 0.10422 0.48526 -0.29853
-0.14823 0.23015 0.42384 0.10247 0.45214 -0.31255
-0.14959 0.22661 0.46307 0.09164 0.45781 -0.30127
-0.14341 0.22603 0.43006 0.098014 0.43098 -0.29329
-0.14861 0.23057 0.45462 0.091261 0.4288 -0.3151
-0.15326 0.22314 0.44695 0.093163 0.42276 -0.32063
-0.14763 0.24248 0.43399 0.088765 0.41037 -0.32017
-0.14193 0.24091 0.41365 0.078294 0.38665 -0.32096
-0.14029 0.25023 0.40469 0.075693 0.3904 -0.32794
-0.13438 0.24468 0.38122 0.06924 0.35468 -0.33292
-0.13499 0.25327 0.37264 0.063178 0.36668 -0.32874
-0.13533 0.24006 0.35518 0.070875 0.34401 -0.32811
-0.14189 0.25371 0.35521 0.051739 0.33606 -0.32848
-0.13945 0.24253 0.3411 0.0793 0.3397 -0.31994
-0.14438 0.25163 0.36481 0.056728 0.32462 -0.32756
-0.13723 0.22776 0.3618 0.084065 0.33836 -0.32452
-0.13802 0.24118 0.39172 0.071247 0.32978 -0.33559
-0.13198 0.23223 0.36979 0.071203 0.31422 -0.33832
-0.13181 0.24892 0.37767 0.079257 0.32602 -0.34011
-0.13028 0.25279 0.35763 0.063755 0.29352 -0.34101
-0.13123 0.25462 0.35915 0.092827 0.31933 -0.34027
-0.1317 0.26579 0.34533 0.071744 0.29479 -0.34278
-0.13339 0.24576 0.34763 0.074526 0.30312 -0.33888
-0.13051 0.26419 0.33689 0.065537 0.28884 -0.348
-0.13141 0.25203 0.31123 0.036765 0.28434 -0.33867
-0.12818 0.26968 0.31281 0.065646 0.27617 -0.34775
-0.12784 0.26015 0.28821 0.05105 0.27386 -0.34204
-0.13076 0.27666 0.29588 0.073987 0.26557 -0.34596
-0.13032 0.26886 0.26701 0.072647 0.26761 -0.34181
-0.13498 0.25856 0.29492 0.066077 0.27112 -0.35131
-0.13243 0.2675 0.27143 0.06739 0.27018 -0.34818
-0.13429 0.24519 0.29413 0.060061 0.27541 -0.36026
-0.1325 0.25703 0.31028 0.050584 0.28016 -0.35773
-0.1347 0.24033 0.31724 0.043001 0.277 -0.35908
-0.13437 0.25349 0.32551 0.040439 0.28468 -0.35575
-0.13399 0.24615 0.32853 0.032948 0.28197 -0.35388
-0.13438 0.25772 0.32447 0.058199 0.27732 -0.36048
-0.13042 0.27052 0.29063 0.059044 0.27141 -0.36021
-0.13274 0.29022 0.27013 0.064386 0.27896 -0.36512
-0.13574 0.27477 0.26401 0.074628 0.26725 -0.36661
-0.1376 0.27369 0.27202 0.056735 0.28306 -0.36694
-0.1467 0.26005 0.33996 0.066517 0.26818 -0.37243
-0.14372 0.24572 0.36048 0.071626 0.26934 -0.3744
-0.14472 0.26891 0.39038 0.067343 0.26331 -0.37737
-0.13859 0.25008 0.39971 0.090845 0.27698 -0.3814
-0.13238 0.26068 0.41194 0.076967 0.28402 -0.38105
-0.1256 0.23174 0.42956 0.093173 0.29232 -0.38642
-0.12329 0.25115 0.44966 0.083141 0.31861 -0.38125
-0.12128 0.2294 0.43125 0.090064 0.30051 -0.37874
-0.12299 0.25795 0.40737 0.083625 0.32778 -0.3751
-0.12333 0.23941 0.39598 0.089562 0.31011 -0.37009
-0.12666 0.25196 0.37774 0.075075 0.30757 -0.37269
-0.12092 0.2496 0.36979 0.082409 0.30745 -0.3671
-0.12685 0.25447 0.38706 0.059468 0.30004 -0.36863
-0.11528 0.24837 0.35367 0.058633 0.29543 -0.3591
-0.11976 0.25759 0.37189 0.048151 0.29211 -0.36183
-0.11385 0.2418 0.35214 0.041248 0.27635 -0.35766
-0.11617 0.25896 0.35982 0.054463 0.29057 -0.36593
-0.12127 0.25076 0.35305 0.057085 0.2936 -0.36602
-0.11384 0.26095 0.36014 0.063993 0.28922 -0.37025
-0.090824 0.25572 0.32235 0.050509 0.22843 -0.3623
-0.093872 0.25081 0.34095 0.047232 0.23182 -0.36422
-0.077614 0.26036 0.30869 0.035886 0.22553 -0.3486
-0.098531 0.24731 0.33021 0.044054 0.28679 -0.35612
-0.1324 0.26019 0.35911 0.072069 0.44676 -0.3327
-0.12639 0.25595 0.36169 0.066342 0.42137 -0.33814
-0.13723 0.25113 0.3827 0.079666 0.49281 -0.31561
-0.12849 0.24825 0.41378 0.074387 0.44617 -0.324
-0.11571 0.24956 0.39055 0.055814 0.40284 -0.31417
-0.12093 0.24457 0.4232 0.082704 0.41147 -0.31956
-0.12109 0.24992 0.40822 0.056471 0.39304 -0.31869
-0.11384 0.25391 0.37142 0.075996 0.35623 -0.3135
-0.11152 0.26161 0.36885 0.066588 0.36264 -0.31422
-0.10598 0.24452 0.34768 0.059302 0.32808 -0.31032
-0.10702 0.26638 0.33307 0.072577 0.33583 -0.30695
-0.10215 0.26417 0.33498 0.064275 0.32106 -0.3094
-0.10868 0.25406 0.32844 0.064743 0.32584 -0.31523
-0.10988 0.28634 0.32578 0.058258 0.32 -0.33252
-0.096644 0.2565 0.31519 0.075346 0.34512 -0.29383
-0.096707 0.27603 0.3476 0.061911 0.3518 -0.28277
-0.048263 0.2608 0.3224 0.10833 0.36874 -0.15567
-0.034449 0.28363 0.35354 0.10319 0.37708 -0.10002
0.0016751 0.2558 0.35521 0.12014 0.36738 -0.019
-0.0041723 0.27887 0.36134 0.1221 0.38068 -0.0011543
-0.0087608 0.26367 0.34395 0.10696 0.36461 -0.028182
-0.028857 0.27063 0.34501 0.099837 0.35364 -0.057665
-0.041368 0.26471 0.30959 0.083078 0.33694 -0.10252
-0.047128 0.27955 0.31506 0.090265 0.32444 -0.11791
-0.050746 0.2585 0.31705 0.07164 0.32207 -0.13275
-0.050999 0.27766 0.32662 0.095054 0.33803 -0.1322
-0.04357 0.26581 0.3282 0.064142 0.33232 -0.11806
-0.049063 0.26773 0.34132 0.082423 0.34445 -0.12472
-0.044468 0.26895 0.33418 0.054906 0.3304 -0.11154
-0.045446 0.26402 0.3284 0.075583 0.31986 -0.11499
-0.048926 0.27913 0.3246 0.069524 0.32421 -0.11629
-0.045915 0.25712 0.33253 0.067668 0.31776 -0.11916
-0.045346 0.26917 0.32834 0.077391 0.31797 -0.12373
-0.046139 0.25585 0.34279 0.054039 0.3232 -0.12687
-0.043569 0.25391 0.33925 0.079963 0.30691 -0.13438
-0.045635 0.27388 0.32204 0.072985 0.29812 -0.12909
-0.044723 0.26908 0.33618 0.094449 0.29344 -0.1379
-0.04706 0.3017 0.32186 0.086609 0.28739 -0.13471
-0.046919 0.28407 0.34059 0.092581 0.29215 -0.13501
-0.045548 0.31891 0.32954 0.072576 0.29629 -0.13473
-0.048299 0.28637 0.32806 0.08499 0.29603 -0.13426
-0.046441 0.30159 0.32702 0.071842 0.29465 -0.13487
-0.049842 0.28329 0.32422 0.07712 0.3017 -0.14487
-0.04816 0.29123 0.31862 0.080264 0.29245 -0.14661
-0.048466 0.28076 0.33513 0.073818 0.30636 -0.15556
-0.046089 0.29172 0.3199 0.081024 0.28884 -0.15764
-0.047278 0.27574 0.34317 0.0817 0.29498 -0.16003
-0.047835 0.29321 0.31892 0.085049 0.2845 -0.15588
-0.051451 0.27505 0.339 0.079768 0.28707 -0.16219
-0.052819 0.28272 0.317 0.084426 0.28662 -0.15461
-0.055664 0.27851 0.33723 0.071778 0.28878 -0.16616
-0.055587 0.27098 0.33091 0.078708 0.29367 -0.16118
-0.054186 0.29847 0.31851 0.083292 0.29067 -0.16736
-0.053243 0.27373 0.32092 0.084486 0.29366 -0.17059
-0.051301 0.29563 0.31251 0.093547 0.29085 -0.16899
-0.051071 0.26073 0.33896 0.086139 0.28807 -0.1816
-0.051871 0.27666 0.34868 0.074 0.28671 -0.16884
-0.053892 0.26335 0.37005 0.080894 0.29612 -0.17878
-0.053076 0.26569 0.37164 0.062944 0.298 -0.1695
-0.056547 0.269 0.37741 0.079529 0.30513 -0.17543
-0.051441 0.2586 0.36066 0.079414 0.30939 -0.17382
-0.054172 0.2669 0.37175 0.087075 0.30327 -0.17534
-0.051127 0.26284 0.34242 0.091258 0.30478 -0.17012
-0.056811 0.26004 0.36433 0.081786 0.29754 -0.17656
-0.057214 0.25474 0.34568 0.079524 0.30454 -0.17065
-0.061304 0.25094 0.36407 0.062671 0.28337 -0.18382
-0.058896 0.26103 0.33181 0.066796 0.29316 -0.17353
-0.05839 0.26165 0.33513 0.071603 0.27766 -0.1783
-0.055916 0.2746 0.31727 0.070877 0.27356 -0.17352
-0.055921 0.2682 0.31106 0.085342 0.28116 -0.17393
-0.053449 0.28498 0.30276 0.081665 0.27074 -0.1721
-0.052619 0.26723 0.31022 0.087522 0.27521 -0.17761
-0.050445 0.29254 0.28385 0.089361 0.27994 -0.17172
-0.048656 0.27038 0.29935 0.088682 0.26995 -0.17558
-0.049808 0.28286 0.28868 0.082324 0.28059 -0.17785
-0.049177 0.26705 0.29787 0.085021 0.26858 -0.17991
-0.049845 0.28002 0.28476 0.076815 0.2779 -0.17941
-0.052253 0.25999 0.30944 0.084092 0.26732 -0.18139
-0.04845 0.27635 0.29734 0.078079 0.28286 -0.1767
-0.050295 0.25344 0.31986 0.078639 0.27217 -0.1763
-0.04382 0.27731 0.31025 0.072341 0.28007 -0.17703
-0.044315 0.26786 0.3125 0.07527 0.28254 -0.18108
-0.039942 0.29001 0.278 0.076239 0.27951 -0.17805
-0.04367 0.29053 0.28679 0.082128 0.28491 -0.18436
-0.040243 0.29746 0.2449 0.086559 0.28022 -0.1788
-0.045421 0.28471 0.26728 0.083332 0.2822 -0.18291
-0.042764 0.29056 0.23979 0.083874 0.27553 -0.18144
-0.04429 0.27741 0.25785 0.083898 0.2806 -0.18617
-0.037605 0.27962 0.25163 0.07492 0.27904 -0.18094
-0.039312 0.27767 0.25753 0.085007 0.27206 -0.18518
-0.029968 0.28819 0.24272 0.075752 0.27932 -0.17371
-0.038067 0.27262 0.24591 0.073513 0.27128 -0.1755
-0.035715 0.30027 0.22206 0.085612 0.27305 -0.17087
-0.040381 0.27055 0.24043 0.068021 0.27733 -0.17522
-0.040278 0.30614 0.2365 0.063589 0.26147 -0.1752
-0.03819 0.27558 0.24486 0.076909 0.27172 -0.18305
-0.041072 0.30359 0.27065 0.034979 0.25796 -0.18602
-0.041035 0.27404 0.25322 0.076836 0.26987 -0.19266
-0.041773 0.30476 0.26418 0.055889 0.26925 -0.19705
-0.046426 0.26532 0.25076 0.059357 0.27216 -0.20474
-0.038491 0.3099 0.18044 0.068579 0.2702 -0.19794
-0.036931 0.31242 0.11806 0.055675 0.26341 -0.19524
