0.0015113 0.016571 0.04061 -0.020986 -0.0096661 0.0038978
0.043712 0.0073214 -0.18987 0.12592 -0.15207 -0.055315
0.0055434 0.028172 0.17226 -0.056549 -0.013733 0.0295
0.0034806 0.11775 0.1521 -0.11192 -0.016692 0.045096
0.011681 0.046237 0.12444 -0.079643 -0.045978 0.036336
0.016725 0.051124 0.14935 -0.17052 -0.057415 0.059098
0.02388 0.08765 0.12108 -0.09539 -0.079926 0.051106
0.02724 0.096809 0.14297 -0.12639 -0.095582 0.06587
0.029397 0.16093 0.23075 -0.15344 -0.096061 0.064918
0.032533 0.14995 0.24111 -0.178 -0.10802 0.074272
0.032143 0.074299 0.23373 -0.16145 -0.11086 0.0796
0.034071 0.11322 0.22841 -0.20928 -0.11224 0.090188
0.036926 0.20435 0.22815 -0.18712 -0.12232 0.095512
0.037992 0.18459 0.29234 -0.24426 -0.12159 0.10051
0.036977 0.13012 0.29353 -0.18701 -0.12885 0.098994
0.036066 0.12754 0.25361 -0.22284 -0.12916 0.1067
0.045348 0.18955 0.28865 -0.24982 -0.14264 0.10333
0.039707 0.21129 0.30562 -0.24965 -0.11506 0.11726
0.04038 0.16185 0.32895 -0.25151 -0.14373 0.11926
0.036454 0.15003 0.37198 -0.22167 -0.12433 0.11891
0.029179 0.19369 0.33819 -0.21237 -0.11293 0.10799
0.041185 0.22435 0.22469 -0.33177 -0.16042 0.1426
0.039618 0.10605 0.37264 -0.21386 -0.12176 0.11019
0.042728 0.19622 0.40573 -0.23293 -0.13538 0.12378
0.027479 0.22555 0.38749 -0.25889 -0.11991 0.14738
0.029475 0.19723 0.38683 -0.24606 -0.11843 0.13652
0.029793 0.11792 0.39806 -0.25683 -0.13261 0.13363
0.029455 0.19741 0.41983 -0.26026 -0.13817 0.14559
0.030367 0.23096 0.45478 -0.25374 -0.12078 0.14363
0.026607 0.18867 0.46854 -0.2092 -0.13536 0.14807
0.025512 0.14241 0.47653 -0.21506 -0.13367 0.15541
0.018767 0.17662 0.49516 -0.24867 -0.13186 0.16643
0.016895 0.23626 0.55186 -0.23188 -0.12789 0.17423
0.020385 0.22513 0.58124 -0.19831 -0.14497 0.16643
0.018312 0.175 0.60715 -0.18275 -0.13008 0.1763
0.023592 0.16579 0.55563 -0.19683 -0.13716 0.15865
0.015436 0.17961 0.6756 -0.13651 -0.16921 0.1807
0.0021808 0.25224 0.5038 -0.18543 -0.13618 0.21214
0.0063364 0.21479 0.47109 -0.38212 -0.081768 0.22235
0.0060722 0.21174 0.90638 0.050418 -0.16704 0.18682
0.016298 0.16366 0.97051 0.1195 -0.1843 0.18351
0.009053 0.24547 0.48118 -0.35821 -0.14702 0.2196
0.0028858 0.23334 0.52716 -0.11798 -0.11439 0.21737
0.0017109 0.2303 0.67374 -0.035471 -0.10288 0.22466
0.0036155 0.20948 0.58721 -0.091074 -0.1651 0.21035
-0.0058989 0.20835 0.7403 -0.036493 -0.1084 0.24042
-0.00085422 0.20723 0.81905 -0.0073978 -0.15363 0.2385
0.0028933 0.25321 0.81614 -0.022288 -0.15927 0.22359
-0.0026659 0.26329 0.48833 -0.10633 -0.069343 0.24595
-0.013965 0.23299 0.5188 0.089192 -0.097214 0.23813
0.0063018 0.25428 0.59906 -0.058267 -0.13074 0.23995
0.0010715 0.17022 0.62965 -0.026337 -0.13824 0.22041
-0.01867 0.22547 0.68253 0.039883 -0.080605 0.27949
-0.0075004 0.26805 0.63332 0.022301 -0.093656 0.24753
-0.0059102 0.26416 0.57578 -0.010556 -0.12139 0.23023
-0.0011457 0.25882 0.48517 -0.031413 -0.086225 0.24895
-0.0094195 0.18502 0.51438 -0.017209 -0.08616 0.25873
-0.0096346 0.19654 0.6251 -0.0065137 -0.099233 0.25423
-0.0083694 0.2649 0.59825 0.050733 -0.11082 0.23708
-0.010061 0.26753 0.52665 -0.051217 -0.098172 0.25813
-0.0015219 0.22869 0.524 -0.048316 -0.10675 0.23903
-0.003858 0.22208 0.52257 -0.0525 -0.10291 0.246
-0.0076291 0.17601 0.57493 -0.042892 -0.10528 0.24522
-0.0069389 0.21291 0.57319 -0.060299 -0.11619 0.25326
-0.00092811 0.26648 0.61981 -0.14209 -0.13387 0.24844
-0.0076312 0.24016 0.75263 -0.12575 -0.13412 0.24429
-0.0060073 0.20731 0.48711 -0.0040079 -0.13668 0.23328
0.012374 0.20493 0.43602 -0.18907 -0.16424 0.2332
-0.0076914 0.14254 0.73824 -0.097967 -0.10775 0.24174
0.0010399 0.24484 0.76659 -0.19891 -0.18821 0.24878
-6.0441e-05 0.24126 0.68662 -0.19744 -0.1852 0.24085
0.0060712 0.2214 0.68693 -0.17631 -0.18293 0.2332
0.0013804 0.1716 0.71253 -0.19076 -0.17978 0.23346
0.0065755 0.16556 0.72901 -0.22729 -0.19949 0.23135
-0.00055004 0.20274 0.74613 -0.20193 -0.20116 0.2428
0.0082234 0.24587 0.78674 -0.24551 -0.21903 0.23719
0.0073398 0.21612 0.81119 -0.25317 -0.21339 0.23591
0.0084052 0.14384 0.82088 -0.24996 -0.2276 0.23409
0.0072106 0.18151 0.84244 -0.29103 -0.24029 0.22799
0.005272 0.21335 0.82714 -0.25074 -0.2343 0.24585
0.0093358 0.23651 0.86368 -0.27543 -0.23556 0.23922
0.010135 0.18058 0.89507 -0.2846 -0.24164 0.23044
0.0074527 0.13925 0.88543 -0.28627 -0.25164 0.23621
0.0090225 0.23186 0.87614 -0.29711 -0.24129 0.24052
0.0092021 0.24183 0.89434 -0.2863 -0.2547 0.24044
0.0075884 0.14792 0.92951 -0.30578 -0.23145 0.2364
0.010642 0.15699 0.92037 -0.26598 -0.25976 0.23529
0.0095764 0.23456 0.90684 -0.29958 -0.24371 0.23886
0.0063606 0.22855 0.94032 -0.29312 -0.23478 0.24371
0.0079929 0.18692 0.93943 -0.27071 -0.23585 0.23795
0.0065759 0.14685 0.93114 -0.28955 -0.23324 0.24056
0.011218 0.19964 0.8851 -0.25314 -0.23599 0.24362
0.012264 0.2608 0.92026 -0.26853 -0.2094 0.24831
0.0084462 0.19105 0.95419 -0.24808 -0.20638 0.23705
-0.0026908 0.14374 0.94848 -0.25459 -0.20633 0.23826
-0.037715 0.20643 0.88395 -0.24901 -0.19268 0.1971
0.024432 0.20823 0.84556 -0.14003 -0.2599 0.29818
-0.0081703 0.23076 0.97032 -0.21517 -0.13513 0.24013
0.070934 0.23829 0.84024 -0.22978 -0.14711 0.28218
0.034891 0.17596 0.90525 -0.097241 -0.23896 0.26086
-0.13492 0.16883 0.77963 -0.24783 -0.1345 0.15093
-0.005649 0.20797 0.9008 -0.02826 -0.13297 0.27095
0.012825 0.25066 0.84288 -0.13367 -0.14813 0.27553
0.074724 0.25854 0.75161 -0.1486 -0.2332 0.29786
-0.02822 0.15336 0.73897 -0.020863 -0.096449 0.25136
-0.033125 0.22399 0.77174 -0.013425 -0.12204 0.24629
-0.0052423 0.24972 0.72909 -0.080108 -0.14744 0.2618
0.0033556 0.21642 0.96351 -0.059452 -0.15063 0.26603
-0.010937 0.25103 0.67836 -0.046302 -0.12104 0.26048
-0.006772 0.22009 0.46556 0.08482 -0.1467 0.27997
-0.001354 0.18225 0.63024 0.026994 -0.13315 0.28766
-0.0060363 0.28191 0.78791 -0.013635 -0.1192 0.27834
0.0013685 0.25489 0.72612 -0.083596 -0.16158 0.27153
-0.0015355 0.19407 0.6466 0.096231 -0.14645 0.27941
-0.0013459 0.22813 0.61614 0.072329 -0.14654 0.28501
-0.0041079 0.28126 0.60629 0.037604 -0.13836 0.29939
0.0065052 0.25622 0.64494 -0.045362 -0.16659 0.27334
0.0012834 0.18636 0.64243 -0.01212 -0.16261 0.28154
0.00016092 0.21753 0.60662 0.074292 -0.15797 0.30601
0.011488 0.27787 0.6523 -0.026133 -0.19367 0.28922
0.0029297 0.27658 0.63528 0.053408 -0.15706 0.2917
0.010368 0.19125 0.67804 -0.041213 -0.20649 0.28772
0.0076426 0.20967 0.67077 -0.0050832 -0.21771 0.29635
0.012405 0.26807 0.66029 -0.040321 -0.19321 0.29375
0.011594 0.2497 0.66026 -0.021603 -0.19092 0.30054
0.010559 0.23706 0.6806 -0.034712 -0.19894 0.28895
0.011545 0.1932 0.70739 -0.024485 -0.25082 0.29188
0.011656 0.24357 0.70613 -0.065367 -0.2386 0.299
0.020424 0.26885 0.70081 -0.045008 -0.2264 0.30089
0.01079 0.21683 0.75874 -0.05992 -0.2341 0.2972
0.014665 0.20165 0.70387 -0.03094 -0.24706 0.28956
0.017122 0.25119 0.72643 -0.10081 -0.2429 0.30138
0.014957 0.26609 0.7508 -0.058647 -0.25322 0.29145
0.014215 0.19905 0.76623 -0.057132 -0.26624 0.29571
0.015257 0.19977 0.75628 -0.088261 -0.25932 0.30219
0.014152 0.26248 0.74302 -0.058991 -0.25549 0.29583
0.015575 0.23091 0.76298 -0.070215 -0.26088 0.28491
0.023697 0.28307 0.76616 -0.085251 -0.2624 0.30615
0.011034 0.15287 0.76971 -0.053242 -0.27841 0.28946
0.01225 0.22298 0.76127 -0.078486 -0.2586 0.29487
0.019639 0.26223 0.76893 -0.092914 -0.26459 0.29636
0.017082 0.23979 0.76211 -0.060174 -0.2684 0.2922
0.01531 0.22222 0.7506 -0.090615 -0.25929 0.28449
0.018111 0.21282 0.75205 -0.068322 -0.26386 0.28926
0.01567 0.24055 0.74576 -0.07903 -0.25368 0.28647
0.017951 0.25311 0.7558 -0.086824 -0.24798 0.30031
0.019076 0.20288 0.72591 -0.034382 -0.26631 0.27508
0.017162 0.18359 0.71081 -0.093093 -0.24589 0.28182
0.015759 0.2602 0.71384 -0.092017 -0.22993 0.28932
0.019755 0.26174 0.69912 -0.059005 -0.23821 0.27589
0.018832 0.21059 0.67925 -0.080339 -0.22622 0.27667
0.021003 0.23591 0.63997 -0.053359 -0.22136 0.27768
0.01812 0.22548 0.63905 -0.053515 -0.20788 0.27544
0.017924 0.21025 0.66092 -0.045467 -0.20147 0.27784
0.018203 0.21416 0.6141 -0.090962 -0.20343 0.26708
0.010176 0.22041 0.68982 -0.050462 -0.24234 0.29475
0.013168 0.25968 0.59532 -0.033367 -0.1317 0.25897
0.042839 0.27227 0.39826 -0.041028 -0.1826 0.25948
0.0062529 0.21413 0.70017 -0.010918 -0.18243 0.28132
0.0088153 0.192 0.55715 -0.05235 -0.15992 0.27684
0.011598 0.21089 0.53587 0.0085926 -0.16997 0.27662
0.010283 0.24186 0.60544 -0.034414 -0.16827 0.28116
0.020667 0.28324 0.55201 0.0065795 -0.15023 0.27058
0.01856 0.23882 0.54208 -0.01051 -0.14531 0.26559
0.0058428 0.21191 0.52668 -0.0023904 -0.16175 0.28929
0.0040378 0.20874 0.61004 0.044236 -0.15762 0.2854
0.0072404 0.24384 0.59278 0.035147 -0.15002 0.2841
0.0093258 0.25672 0.61294 0.038739 -0.15528 0.28601
0.0070779 0.26057 0.61407 0.041244 -0.15785 0.2863
0.0075984 0.2424 0.65132 0.026275 -0.16014 0.28973
-0.0012542 0.22062 0.63901 0.060308 -0.13196 0.29295
0.0060957 0.2473 0.72556 0.076576 -0.19074 0.29178
0.00098994 0.24859 0.7659 0.10087 -0.16057 0.30748
-0.00015864 0.26533 0.76605 0.05377 -0.17889 0.29237
0.0028972 0.26524 0.81499 0.090079 -0.17228 0.30459
0.00018325 0.2373 0.86334 0.093155 -0.16558 0.30294
-0.0037874 0.26537 0.92817 0.10847 -0.16665 0.30134
-0.0015706 0.28642 0.99175 0.13515 -0.17343 0.31389
-0.0057999 0.25992 0.98225 0.10692 -0.16752 0.31538
-0.0034535 0.27604 1.083 0.14027 -0.1709 0.31182
-0.0023912 0.28477 1.2474 0.098693 -0.20053 0.31315
0.00032404 0.30355 1.3031 0.14689 -0.20627 0.31472
-0.013867 0.26438 1.1543 0.15544 -0.09769 0.31778
-0.0022829 0.325 1.3326 0.1625 -0.19936 0.32513
-0.014503 0.29046 1.476 0.11222 -0.099503 0.31356
-0.0066701 0.3282 1.6105 0.23584 -0.21948 0.33904
-0.0097163 0.33746 1.5072 0.22004 -0.16651 0.34348
-0.013178 0.30442 1.685 0.09028 -0.13376 0.31908
-0.0097023 0.34203 1.766 0.17884 -0.13859 0.32506
-0.012875 0.34134 1.7791 0.22805 -0.11471 0.33035
-0.010398 0.3538 1.827 0.18428 -0.14252 0.33439
-0.021304 0.36898 1.9214 0.24069 -0.13776 0.34971
-0.015815 0.34277 1.9781 0.17849 -0.12945 0.33262
-0.017521 0.37178 2.0245 0.2135 -0.10935 0.35079
-0.017578 0.36943 2.0693 0.22233 -0.10598 0.33605
-0.022034 0.37572 2.1145 0.22608 -0.10711 0.33553
-0.015732 0.37959 2.127 0.20616 -0.1108 0.33888
-0.021323 0.38742 2.147 0.21095 -0.093286 0.34581
-0.020605 0.37544 2.1907 0.23799 -0.10354 0.33493
-0.030004 0.38506 2.1943 0.22706 -0.081669 0.34431
-0.021393 0.3855 2.1829 0.20961 -0.1005 0.35171
-0.021939 0.39231 2.2094 0.22757 -0.082226 0.33277
-0.025229 0.37674 2.1693 0.22545 -0.077653 0.32477
-0.02752 0.3899 2.1663 0.22276 -0.087431 0.34316
-0.028967 0.37754 2.1913 0.23058 -0.082012 0.33953
-0.023716 0.39148 2.1486 0.23308 -0.088645 0.34021
-0.025687 0.39495 2.0494 0.17318 -0.068238 0.31741
-0.030115 0.36459 2.0943 0.29478 -0.075906 0.33513
-0.029147 0.38883 2.0285 0.22147 -0.070944 0.33197
-0.030216 0.38691 1.999 0.24856 -0.089099 0.3348
-0.027286 0.37802 1.9489 0.24184 -0.076133 0.31969
-0.028182 0.37257 1.9002 0.25859 -0.07156 0.32349
-0.031223 0.38407 1.8374 0.27185 -0.072902 0.32479
-0.028578 0.39647 1.7742 0.27642 -0.081055 0.32704
-0.02715 0.39679 1.705 0.30146 -0.073367 0.32039
-0.030093 0.38209 1.6708 0.34114 -0.074095 0.30852
-0.030821 0.35533 1.64 0.36345 -0.06893 0.32036
-0.033081 0.40708 1.7009 0.31835 -0.078305 0.33627
-0.025211 0.3705 1.4094 0.37121 -0.098618 0.3168
-0.032375 0.42754 1.4021 0.39163 -0.06172 0.32046
-0.028524 0.41391 1.4202 0.4709 -0.05306 0.29709
-0.023658 0.33047 1.4597 0.19577 -0.11587 0.32207
-0.033174 0.46075 1.3162 0.71921 -0.075324 0.30855
-0.028175 0.36008 1.2504 0.48259 -0.071623 0.33204
-0.031122 0.40151 1.2248 0.41114 -0.08724 0.32443
-0.028939 0.40028 1.2978 0.47229 -0.082874 0.30865
-0.031257 0.42602 1.1922 0.53718 -0.078641 0.31117
-0.021851 0.43127 1.1645 0.52636 -0.092348 0.3229
-0.029743 0.34366 1.1873 0.54568 -0.09961 0.31023
-0.02923 0.38961 1.1605 0.57394 -0.098183 0.31759
-0.027253 0.43353 1.1196 0.52918 -0.095261 0.32664
-0.026671 0.45266 1.1261 0.56004 -0.087743 0.31863
-0.027203 0.37135 1.1384 0.56328 -0.097878 0.31666
-0.02714 0.32873 1.1263 0.5297 -0.11904 0.31395
-0.023834 0.44479 1.0848 0.54528 -0.10287 0.32042
-0.025498 0.44089 1.1169 0.53185 -0.10082 0.32548
-0.024136 0.39763 1.1302 0.54671 -0.11433 0.31538
-0.023503 0.32011 1.1026 0.51183 -0.12128 0.31849
-0.022158 0.39857 1.0593 0.51625 -0.11077 0.3203
-0.024394 0.44014 1.087 0.46774 -0.11638 0.31991
-0.015023 0.40353 1.0679 0.49408 -0.13218 0.3144
-0.019269 0.38396 1.0733 0.46927 -0.10433 0.32172
-0.022563 0.31841 1.0284 0.43151 -0.1296 0.31056
-0.01622 0.37364 0.97966 0.3876 -0.10945 0.3195
-0.015402 0.43511 1.0846 0.46732 -0.13898 0.31808
-0.022577 0.37505 1.2323 0.57231 -0.14346 0.33814
-0.0060418 0.41357 0.8141 0.27686 -0.10903 0.28442
-0.0087705 0.30051 0.90844 0.35419 -0.13268 0.31583
-0.016553 0.35876 0.91138 0.34179 -0.12052 0.31675
-0.011413 0.40855 1.072 0.42869 -0.13248 0.31961
-0.013975 0.36511 1.1433 0.35076 -0.11372 0.3215
-0.0042629 0.33429 0.86779 0.32164 -0.16708 0.3031
-0.010513 0.35338 0.8025 0.45483 -0.12291 0.30564
-0.0037392 0.37293 0.97682 0.28504 -0.12895 0.31934
-0.0049278 0.37651 0.97061 0.29582 -0.12206 0.30493
-0.0095106 0.33648 0.94674 0.33017 -0.13886 0.31711
-0.0046032 0.30532 0.93906 0.29517 -0.13752 0.30782
-0.0038257 0.34153 0.92557 0.33054 -0.13189 0.3084
-0.003477 0.36831 0.92259 0.31604 -0.13687 0.31185
-0.00067271 0.36381 0.9256 0.31001 -0.13856 0.31027
-0.0029532 0.3067 0.92652 0.30156 -0.12702 0.30762
-0.00035898 0.29004 0.96524 0.23527 -0.15204 0.30255
-0.0031421 0.34856 0.96531 0.27961 -0.12853 0.31207
-0.0032943 0.33311 1.0919 0.26217 -0.12541 0.31635
-0.011809 0.33222 1.0439 0.36503 -0.13098 0.31164
0.015543 0.3428 0.67874 0.16728 -0.13484 0.29144
0.0015342 0.26827 1.1166 0.26307 -0.1519 0.30521
-0.0089063 0.30307 1.1112 0.30043 -0.1517 0.32006
-0.0014833 0.29888 1.0831 0.20177 -0.10841 0.31181
-0.00049234 0.36521 0.9995 0.20515 -0.12489 0.29694
0.0017518 0.32894 0.98068 0.19317 -0.11392 0.29835
-0.0058401 0.24648 1.1775 0.29148 -0.17173 0.31829
0.0013174 0.28833 1.1744 0.27876 -0.14218 0.30468
-0.0024053 0.33661 1.0477 0.1547 -0.11586 0.30746
0.00036404 0.32791 1.1144 0.19355 -0.12191 0.301
-0.0020902 0.31091 1.1745 0.21765 -0.13568 0.29975
-0.0038518 0.25801 1.1894 0.22279 -0.14562 0.30721
-0.0029589 0.28258 1.1739 0.21964 -0.13782 0.30839
-0.0027385 0.33214 1.1991 0.20473 -0.12774 0.30468
-0.0031725 0.32413 1.2356 0.19839 -0.14159 0.3006
-0.0033311 0.30946 1.2255 0.20881 -0.13795 0.29762
-0.0032829 0.29834 1.2529 0.21581 -0.14236 0.31188
-0.0034131 0.27436 1.2564 0.22479 -0.14491 0.29503
-0.0031602 0.29541 1.2636 0.20922 -0.14626 0.30579
-0.0060748 0.33157 1.2693 0.20017 -0.14054 0.30286
-0.0052644 0.32097 1.2807 0.19666 -0.14968 0.30275
-0.00073731 0.30899 1.256 0.17503 -0.15525 0.29733
-0.0037488 0.29797 1.3001 0.22719 -0.15557 0.29914
-0.0070149 0.27313 1.3212 0.21581 -0.14299 0.30312
-0.0057627 0.32564 1.2878 0.19945 -0.15478 0.30253
-0.0033288 0.33689 1.2444 0.13283 -0.16714 0.29812
-0.0025309 0.31883 1.2806 0.18097 -0.14751 0.30722
-0.0059329 0.26678 1.2817 0.17681 -0.16035 0.28973
-0.0028768 0.30763 1.2689 0.17945 -0.17545 0.30217
-0.0040883 0.33723 1.227 0.1028 -0.13992 0.30212
-0.0025117 0.33114 1.2448 0.10098 -0.16379 0.28877
-0.0047167 0.27358 1.2051 0.13261 -0.15572 0.30904
-0.0037186 0.27993 1.1974 0.14056 -0.16028 0.29159
-0.0020327 0.34568 1.1516 0.073958 -0.16843 0.2959
0.0038605 0.34761 1.2328 0.018856 -0.15822 0.2928
-0.0060178 0.25266 1.0923 0.051007 -0.1486 0.3041
6.6802e-05 0.28893 1.1057 0.039228 -0.15987 0.28316
0.00066084 0.33217 1.0967 0.0084191 -0.16085 0.29708
0.0022228 0.3316 1.08 -0.010289 -0.1558 0.29077
0.0032461 0.27044 1.0381 -0.030106 -0.15307 0.29169
0.0039193 0.25222 0.99319 -0.027701 -0.1662 0.28692
0.0036904 0.32799 0.98059 -0.06752 -0.14761 0.28683
0.0052245 0.33325 0.9867 -0.11239 -0.16689 0.29044
0.0043429 0.2954 0.89958 -0.12038 -0.13024 0.28011
0.0071005 0.20642 0.98925 -0.10016 -0.13699 0.28725
0.015244 0.30056 0.95411 -0.19554 -0.23162 0.3038
0.005795 0.31953 0.73826 -0.061363 -0.12687 0.26115
0.010218 0.26517 0.85221 -0.23036 -0.12244 0.28303
0.010902 0.2922 0.85924 -0.20389 -0.17116 0.28698
0.013785 0.24064 0.85709 -0.24914 -0.16326 0.27949
0.014122 0.23487 0.81131 -0.25516 -0.1594 0.28434
0.014496 0.30752 0.73909 -0.20443 -0.15544 0.2862
0.015725 0.29229 0.78991 -0.28023 -0.16695 0.27348
0.016517 0.21958 0.77448 -0.29701 -0.15692 0.27827
0.017765 0.22335 0.75172 -0.30054 -0.16086 0.28083
0.015957 0.26624 0.71739 -0.35224 -0.15411 0.27881
0.02022 0.28544 0.73729 -0.33436 -0.16666 0.28528
0.022725 0.2424 0.75229 -0.34386 -0.16223 0.27729
0.020719 0.24643 0.71478 -0.35946 -0.17084 0.2752
0.018424 0.20568 0.73727 -0.38837 -0.15661 0.28036
0.023332 0.26538 0.6552 -0.38946 -0.17052 0.27223
0.027225 0.2754 0.70909 -0.43752 -0.17212 0.28568
0.024733 0.25902 0.71238 -0.4056 -0.13666 0.27476
0.025549 0.19324 0.69126 -0.42322 -0.17976 0.27155
0.026681 0.22515 0.66464 -0.44709 -0.16895 0.27786
0.028229 0.29787 0.64187 -0.44477 -0.14496 0.27462
0.029193 0.28399 0.71544 -0.52447 -0.16872 0.27716
0.031374 0.23148 0.62768 -0.44376 -0.1734 0.28113
0.031247 0.22251 0.63228 -0.48131 -0.1469 0.25594
0.029449 0.27941 0.5702 -0.50157 -0.14863 0.27464
0.041056 0.26126 0.65151 -0.5001 -0.15797 0.27383
0.03348 0.22301 0.61821 -0.53628 -0.15572 0.26718
0.035803 0.31273 0.56065 -0.56922 -0.15059 0.27265
0.030712 0.26804 0.60413 -0.56111 -0.13944 0.27943
0.035237 0.21029 0.60351 -0.55238 -0.1701 0.26571
0.032584 0.31587 0.59076 -0.57416 -0.11731 0.25967
0.056962 0.24576 0.40227 -0.4537 -0.15564 0.26405
0.031716 0.24629 0.5853 -0.69384 -0.14208 0.27178
0.03085 0.31573 0.61277 -0.66534 -0.14324 0.28097
0.040343 0.20626 0.5406 -0.58992 -0.12949 0.25503
0.037686 0.27033 0.50195 -0.62595 -0.1394 0.27671
0.039308 0.27288 0.53431 -0.61452 -0.13409 0.26832
0.036587 0.26243 0.56379 -0.65099 -0.14933 0.26469
0.035469 0.24897 0.53582 -0.66084 -0.12661 0.26748
0.039667 0.20196 0.52485 -0.67374 -0.13284 0.26916
0.036039 0.27713 0.54739 -0.67446 -0.14681 0.27618
0.03476 0.26955 0.55365 -0.68036 -0.12947 0.27045
0.033664 0.24959 0.55603 -0.69252 -0.13798 0.27021
0.034981 0.20507 0.5891 -0.68619 -0.14306 0.26631
0.033176 0.18807 0.56538 -0.69357 -0.13289 0.26767
0.034891 0.25711 0.56205 -0.71445 -0.1463 0.27576
0.033775 0.27299 0.5802 -0.68239 -0.1361 0.27222
0.032136 0.23014 0.59187 -0.69362 -0.14875 0.26728
0.028576 0.17604 0.59615 -0.7321 -0.14006 0.27132
0.033064 0.22987 0.60407 -0.72566 -0.14924 0.27525
0.032576 0.24201 0.60636 -0.68901 -0.15037 0.26905
0.029319 0.21397 0.60456 -0.71491 -0.14395 0.26803
0.031105 0.18544 0.59031 -0.70628 -0.15142 0.27041
0.030248 0.2758 0.623 -0.72187 -0.14906 0.27164
0.032382 0.22468 0.61842 -0.71056 -0.15045 0.26745
0.02664 0.16455 0.6188 -0.70833 -0.15367 0.27244
0.02903 0.22541 0.60828 -0.72679 -0.15442 0.27383
0.028967 0.27369 0.61667 -0.71816 -0.14831 0.27154
0.032047 0.22575 0.61642 -0.6982 -0.1597 0.26329
0.028166 0.16263 0.61805 -0.71107 -0.1479 0.26749
0.027711 0.26907 0.60557 -0.71597 -0.15087 0.27772
0.029964 0.26654 0.61405 -0.71135 -0.14414 0.28008
0.028615 0.19712 0.61418 -0.6927 -0.15206 0.25753
0.026681 0.19772 0.6181 -0.72755 -0.15154 0.27005
0.029208 0.30501 0.58239 -0.6858 -0.1396 0.28472
0.030658 0.27392 0.62275 -0.70545 -0.14532 0.27076
0.025098 0.1962 0.59046 -0.69296 -0.14507 0.26671
0.031584 0.2569 0.58196 -0.67982 -0.12496 0.27694
0.02818 0.32597 0.60339 -0.69026 -0.13503 0.28627
0.027762 0.26013 0.5917 -0.6701 -0.12891 0.26485
0.028573 0.2343 0.58563 -0.69024 -0.1331 0.27996
0.031345 0.34395 0.58309 -0.68779 -0.12617 0.28567
0.029916 0.30529 0.58086 -0.66968 -0.12048 0.28116
