-0.0016016 0.00094649 0.00060682 -0.00016171 0.0049344 0.000581
0.43914 -0.026275 0.22849 0.11503 -0.75759 -0.40689
0.50231 0.19379 -0.11995 0.53158 -0.45286 -0.33397
0.50504 0.27297 -0.24765 0.63426 -0.27657 -0.17519
0.39561 0.46774 -0.57447 0.86243 0.19704 0.088957
0.48858 0.36658 -0.34099 0.53368 -0.12116 0.033136
0.4482 0.38616 -0.39716 0.61051 0.016006 0.05798
0.44364 0.24543 -0.27554 0.48046 0.025181 0.0065346
0.48171 0.18359 -0.17021 0.043277 0.0040052 0.19215
0.44072 0.088242 -0.032526 0.81711 0.10559 0.013916
0.50918 0.023531 -0.12308 1.0593 -0.20025 -0.28195
0.53969 -0.19769 -0.26026 3.2885 -0.024166 -0.7604
0.68424 -0.26968 -0.73654 3.2617 -0.23178 -0.66514
0.60126 -0.11157 -0.8988 3.8516 0.42314 -0.13716
0.458 0.21006 -1.0108 2.4309 0.22193 0.012701
0.287 0.56869 -1.3224 1.5875 0.35537 0.048237
0.22064 0.53539 -1.8206 0.89552 0.1658 -0.16686
0.16371 0.4617 -2.2381 0.53424 0.2243 -0.15018
0.10565 -0.013614 -1.2171 0.31256 0.27561 -0.15551
-0.014556 -0.018962 -0.7151 -0.148 0.16818 -0.3522
-0.049144 -0.24386 -0.13713 -0.49895 0.29346 -0.36706
-0.038583 -0.091753 -0.62788 -0.49127 0.4154 -0.39077
-0.070693 -0.33613 -0.18888 -0.64112 0.3999 -0.42882
-0.048023 -0.19112 0.00030711 -0.54291 0.39687 -0.35808
-0.20626 -0.10303 -0.13589 -0.6907 0.33976 -0.53596
-0.04072 0.010816 -0.33748 -0.38884 0.22466 -0.31928
-0.1821 0.084139 -0.82582 -0.48429 0.24976 -0.44226
-0.12853 0.1571 -0.76107 -0.27508 0.20417 -0.23327
-0.2951 0.29973 -1.2282 -0.20361 0.59709 -0.22913
-0.18543 0.29854 -1.0841 -0.098269 0.70063 -0.037178
-0.12795 0.43864 -1.2972 0.031418 0.91061 0.01961
-0.078969 0.37837 -1.1764 -0.11911 0.86815 -0.0045227
-0.13092 0.35234 -1.4027 0.082186 0.91947 -0.078892
-0.16205 0.222 -1.5031 0.36636 0.89157 -0.071746
-0.25947 0.48512 -0.90507 -0.55266 1.0288 -0.20137
-0.23472 0.027086 -1.4671 -0.54658 0.99827 -0.10041
-0.21242 -3.872 0.6395 -1.6472 0.64374 -0.90517
-0.24699 -6.142 0.14137 -0.8038 0.26214 -1.2467
-0.35677 -7.8802 2.4372 -1.4913 0.22957 -2.0868
-0.61006 -3.0307 -0.090292 -1.3728 0.8527 -1.4882
-0.49582 -1.8006 -0.066689 -1.2228 1.2029 -1.2056
-0.47377 0.093184 -1.7546 -1.0327 1.0969 -0.65821
-0.23876 -1.1307 -1.274 -0.77538 0.81307 -0.62391
-0.21347 -0.67308 -1.3448 -1.2683 0.60756 -0.54301
-0.12477 -0.55706 -1.3469 -1.3401 0.79508 -0.39043
-0.11621 -0.75184 -1.1616 -1.4897 0.68064 -0.40309
-0.13731 -0.71683 -0.97003 -1.5008 0.6371 -0.35875
-0.031128 -0.75529 -0.86642 -1.5302 0.60045 -0.23838
0.026069 -0.90885 -0.51581 -1.4865 0.70849 -0.12433
0.081892 -0.91482 -0.57181 -1.7646 0.88413 -0.11774
-0.0099141 -1.082 -0.43526 -1.8019 0.86839 -0.25671
-0.031312 -0.87501 -0.57867 -1.8617 0.94115 -0.26718
-0.032822 -0.74553 -0.69718 -1.5748 0.94169 -0.20739
-0.022358 -0.62972 -0.72012 -1.5417 0.99193 -0.16731
-0.036606 -0.65754 -0.76524 -1.5863 0.96314 -0.18734
-0.056026 -0.77459 -0.58144 -1.6767 0.95715 -0.21218
-0.050297 -0.76989 -0.57017 -1.6785 0.94533 -0.21637
-0.038793 -0.68687 -0.57225 -1.6424 0.92946 -0.21838
-0.039354 -0.72111 -0.59012 -1.6524 0.91497 -0.22955
-0.036221 -0.76569 -0.50648 -1.7023 0.91341 -0.21906
-0.047984 -0.7635 -0.51081 -1.7169 0.90148 -0.20657
-0.057088 -0.73294 -0.51419 -1.7097 0.90034 -0.22168
-0.071186 -0.71957 -0.54988 -1.6894 0.90436 -0.20756
-0.087293 -0.7836 -0.48426 -1.7636 0.91796 -0.24303
-0.097023 -0.8008 -0.39636 -1.8329 0.89082 -0.25927
-0.023241 -0.66116 -0.55262 -1.6659 0.88354 -0.13863
-0.14244 -0.72792 -0.54251 -1.7231 0.97519 -0.31788
-0.16854 -0.9261 -0.27474 -1.9652 0.96198 -0.37597
-0.40139 -1.5276 0.612 -2.9284 0.82111 -0.86403
-0.25068 -1.7523 1.4711 -3.5679 0.59315 -0.67441
-0.26697 -1.7129 1.6611 -3.9284 0.57897 -0.73584
-0.12706 -1.4776 1.5317 -3.7811 0.69596 -0.45669
-0.16097 -1.3912 1.1669 -3.6362 0.69548 -0.53293
-0.13798 -1.4491 1.2117 -3.568 0.63055 -0.47353
-0.12295 -1.4234 1.18 -3.5495 0.54418 -0.4288
-0.16472 -1.3854 1.1926 -3.5324 0.62878 -0.44782
-0.19561 -1.3491 1.0899 -3.4768 0.69803 -0.50944
-0.20537 -1.3539 1.0534 -3.4629 0.75879 -0.48839
-0.1937 -1.3381 0.975 -3.43 0.72152 -0.49865
-0.18156 -1.2949 0.87041 -3.4125 0.68575 -0.47338
-0.16429 -1.2867 0.73483 -3.3812 0.64778 -0.44594
-0.17415 -1.269 0.59686 -3.3766 0.61274 -0.44375
-0.18119 -1.3154 0.67095 -3.4264 0.64328 -0.36924
-0.20093 -1.1684 0.50162 -3.1918 0.66671 -0.48486
-0.2688 -1.3535 0.77202 -3.3364 0.70961 -0.49605
-0.05931 -1.5626 1.3907 -4.2079 0.46356 0.12992
-0.27227 -1.8383 1.8429 -4.1853 0.5937 -1.023
-0.19513 -1.5666 1.7752 -3.4792 0.72761 -1.3529
-0.77592 -1.1276 0.47498 -1.3282 1.3549 -3.4855
-0.44379 -0.87022 -0.045633 -1.5081 1.31 -2.1116
-0.63384 -0.92214 -0.58174 -1.9094 1.4724 -2.3535
-0.1457 -1.0432 0.11058 -2.8809 0.91318 -0.67832
-2.2997 -2.1104 0.96357 -2.1958 0.11244 -3.1835
-3.4986 -2.669 1.9894 -1.7265 -0.20461 -4.1173
-5.19 -3.6326 2.7491 -1.521 -0.069118 -6.7831
-3.0056 -2.3569 2.0726 -1.9582 1.3607 -4.4975
-1.9435 -2.1079 1.7028 -2.4856 1.2858 -3.8074
-0.89316 -1.2354 0.57537 -2.6921 1.5583 -2.0473
-1.336 -1.6956 0.78916 -2.601 0.97794 -2.6123
-1.4103 -1.7009 0.63805 -2.918 1.3101 -2.4804
-1.2973 -2.0483 0.99597 -3.3631 1.4203 -2.5253
-1.7018 -2.5514 1.1147 -4.4979 1.6192 -3.2405
-1.3761 -2.2271 0.71184 -3.9308 1.5722 -2.4303
-0.97543 -1.801 0.31719 -3.8447 1.295 -1.7105
-0.14639 -1.0531 -0.1482 -2.6313 0.95096 0.096578
-0.23837 -1.0656 -0.13969 -2.9805 0.94712 -0.37559
-0.13582 -1.3208 0.33611 -2.9259 1.0503 -0.095832
-0.27745 -1.4453 0.69941 -3.2531 1.2936 -0.48823
-0.13531 -1.4854 0.81615 -3.2449 1.3313 -0.012864
-0.20953 -1.4559 0.80457 -3.1695 1.4004 -0.072281
-0.18224 -1.2913 0.48043 -3.2141 1.3042 -0.10848
-0.13924 -1.6547 0.93719 -3.3076 1.3779 0.046874
-0.095288 -1.5013 1.2498 -2.923 1.3844 -0.0055895
0.0022243 -0.21504 -1.6547 -3.2198 0.94401 -0.22024
-0.35185 -3.1501 2.8101 -3.725 1.1359 -0.41058
-0.16989 -4.9354 7.7429 -3.9823 0.11484 -0.37485
-0.91839 -12.864 22.895 -5.5102 1.0121 0.13744
-0.34897 -10.499 23.895 -5.692 -0.26103 0.6083
-1.2422 -12.155 24.465 -8.9875 1.0918 0.61257
-0.81973 -7.8514 18.237 -8.7959 0.29854 0.40442
-1.5246 -9.7396 18.273 -10.677 1.348 -0.10672
-1.2276 -9.5503 18.764 -10.163 0.82919 -0.1973
-1.3619 -9.6645 18.267 -11.117 1.1023 -0.37624
-1.328 -9.9505 18.485 -11.296 0.9974 -0.28432
-1.3518 -9.2937 17.917 -11.104 1.0574 -0.3524
-1.3765 -9.5926 18.145 -11.326 1.118 -0.22889
-1.2944 -9.1278 17.916 -10.957 1.0405 -0.31299
-1.3214 -9.214 17.983 -11.065 0.98122 -0.25454
-1.2947 -9.2246 17.972 -11.246 0.82035 0.20787
-1.4048 -9.9517 19.062 -10.611 1.3671 -0.66366
-1.2163 -9.7853 19.034 -10.691 1.4956 -0.78239
-1.3425 -10.069 20.174 -9.1718 1.9169 -2.6901
-1.2378 -8.9569 18.954 -10.081 1.2696 -1.6899
-1.4362 -8.8385 18.947 -9.038 1.3785 -2.3569
-1.51 -8.4986 18.038 -10.178 1.3609 -1.298
-1.4856 -8.3153 17.784 -9.5231 1.6218 -1.7924
-1.5167 -8.4857 17.752 -9.9703 1.6497 -1.4749
-1.3236 -8.558 17.713 -9.8098 1.4217 -1.5106
-1.4481 -8.8555 17.974 -9.6717 1.444 -1.5142
-1.649 -10.172 19.258 -11.35 1.509 -1.5049
-1.5467 -8.2188 17.741 -10.03 1.3994 -1.411
-1.3927 -7.2517 16.642 -8.998 1.3539 -1.3071
-0.61787 -1.9047 10.956 -3.6448 0.82871 -0.94594
-0.38925 -2.1651 9.7082 -2.5997 0.79325 -0.74086
-0.18167 -0.8282 7.4595 -1.4026 0.70394 -0.633
-0.37792 -2.7121 8.3037 -2.8478 0.955 -0.70321
-0.37394 -2.1877 7.7162 -3.0004 0.9318 -0.84433
-0.34731 -2.5255 7.7375 -2.7729 0.86519 -0.87397
-0.25086 -2.9338 7.8994 -3.0143 0.81423 -0.8061
-0.63279 -1.4275 6.6505 -1.0109 1.2945 -0.82154
-0.65464 -3.3591 7.9155 -1.47 1.3377 -0.41139
-0.35292 -5.3567 11.318 -3.9081 0.24366 -0.11152
-1.3252 -9.3567 16.176 -6.7305 0.90609 -0.69844
-1.3479 -6.6626 15.915 -7.0705 1.4448 -1.0399
-2.8407 -2.3545 10.538 -2.0231 4.1477 -2.171
-1.0588 -2.2276 8.3298 -3.169 2.676 -1.0889
-2.0228 -5.2555 10.19 -5.5556 2.0736 -1.5817
-1.8509 -9.126 14.895 -9.8842 1.351 -0.91633
-2.7947 -5.8883 13.828 -7.5948 1.8778 -1.4295
-2.1814 -3.8398 10.833 -5.164 2.5013 -0.92619
-1.2983 -2.7047 8.9936 -5.141 1.3681 -0.58263
-1.2852 -5.4095 9.6277 -7.7711 1.4195 -0.25314
-1.2344 -7.11 11.562 -10.063 0.91428 0.12496
-1.4984 -7.0871 12.005 -10.264 1.1047 0.015114
-1.4142 -6.4827 13.346 -10.221 1.5166 0.9106
-1.2776 -4.1511 13.188 -8.4186 1.8949 1.3998
-1.0064 -4.1397 12.743 -7.6476 2.3612 2.7638
-0.72155 -2.3173 10.611 -5.3726 1.89 2.1116
-0.39882 -2.6286 8.5931 -4.8262 1.4953 2.1966
-0.42519 -2.3444 8.4286 -4.4007 1.3086 1.535
-0.28478 -2.6459 8.1415 -4.0611 1.3435 1.9662
-0.30392 -2.8489 8.8231 -3.9066 1.4406 1.9813
-0.064873 -1.735 7.5241 -2.7629 1.3309 2.0396
-0.045564 -1.8813 7.3139 -2.6611 1.392 2.0374
-0.0756 -1.6196 6.8866 -2.0273 1.5233 1.9064
-0.14496 -1.8104 6.7806 -1.5473 1.8659 1.9456
-0.074567 -1.9576 7.1111 -0.71801 2.0122 1.7172
-0.24917 -0.96555 6.9169 2.2933 2.2979 0.91597
-0.71888 0.28645 6.859 6.2132 2.574 -0.52427
-1.4372 2.6908 5.414 10.978 3.1597 -1.8116
-1.7346 3.1758 4.6482 11.324 3.45 -2.0589
-1.6264 3.1045 4.5236 10.328 3.2829 -1.6572
-1.4065 2.3509 5.1638 8.1714 3.0246 -1.1242
-1.3066 2.3015 5.3334 8.1457 2.8201 -0.96037
-1.3486 2.341 5.2067 8.1582 2.9428 -0.85669
-1.3041 2.1942 5.0712 8.0522 2.8869 -0.75884
-1.3009 2.109 5.3685 7.7644 2.8798 -0.70525
-1.2601 2.0463 5.4857 7.4579 2.7279 -0.6629
-1.2929 1.9856 5.6215 7.35 2.7718 -0.65942
-1.2906 1.996 5.5619 7.2446 2.6966 -0.61215
-1.391 1.9373 5.6032 7.2889 2.8779 -0.61809
-1.4228 2.0607 5.5619 7.2988 2.9043 -0.5901
-1.436 1.9758 5.6079 7.3147 3.0044 -0.57651
-1.452 2.0126 5.555 7.2684 2.9522 -0.55579
-1.4391 1.9355 5.6205 7.2737 2.9081 -0.56835
-1.4855 2.0365 5.5265 7.2772 2.8657 -0.5581
-1.4203 2.0084 5.6142 7.315 2.8766 -0.53101
-1.4135 2.0624 5.5795 7.3345 2.87 -0.4974
-1.3962 2.0409 5.6121 7.3131 2.9401 -0.51994
-1.3962 2.0565 5.5702 7.3237 2.9198 -0.51119
-1.4307 2.0209 5.5439 7.2591 2.9868 -0.49943
-1.4374 1.9561 5.5898 7.1772 2.9942 -0.48004
-1.4543 1.9313 5.5683 7.0662 2.975 -0.53556
-1.3824 1.887 5.6589 7.0609 2.8732 -0.51259
-1.3041 1.9914 5.4881 7.139 2.779 -0.45881
-1.2515 1.9526 5.4708 6.9548 2.7586 -0.31376
-1.2218 1.946 5.3765 6.6624 2.8064 -0.34527
-1.2043 1.833 5.4491 6.2643 2.8058 -0.33934
-1.1885 1.7502 5.469 6.1302 2.863 -0.36437
-1.2331 1.7674 5.4725 6.1225 2.9232 -0.26671
-1.2315 1.7703 5.4211 6.213 2.9755 -0.19315
-1.2462 1.816 5.4121 6.1916 2.9739 -0.16277
-1.1779 1.7928 5.3274 6.2155 2.9001 -0.13725
-1.189 1.7262 5.4633 6.0707 2.9001 -0.16608
-1.1944 1.7488 5.4334 6.0327 2.9345 -0.13962
-1.1485 1.7131 5.5674 5.9952 2.8821 -0.15365
-1.1149 1.7135 5.6167 5.9801 2.8987 -0.15761
-0.99637 1.6914 5.7082 5.9709 2.7607 -0.233
-1.0683 1.6668 5.6516 5.7655 2.8356 -0.28039
-1.0704 1.5667 5.7881 5.6229 2.7317 -0.32535
-1.1127 1.7474 5.4323 6.0447 2.7973 -0.20142
-1.076 1.697 5.3549 5.9577 2.7156 -0.15148
-1.0411 1.8001 4.4445 5.6916 2.7391 -0.04816
-1.045 1.1959 4.527 4.1425 2.619 -0.18383
-1.0021 1.067 4.1356 3.5622 2.6454 -0.18605
-0.9712 0.93054 4.3693 3.5038 2.5816 -0.15216
-0.93993 1.1736 4.1553 4.0189 2.6188 0.0087441
-0.94781 1.1996 4.1942 4.1701 2.5922 0.099185
-0.97133 1.1565 4.2402 4.0184 2.6262 0.12869
-0.99702 1.1429 4.2172 3.9392 2.6753 0.14728
-1.0042 1.1083 4.2148 3.8707 2.6741 0.16758
-1.0068 1.0508 4.1558 3.596 2.6814 0.16428
-0.98168 0.95938 4.125 3.347 2.6446 0.15053
-0.96492 0.8521 4.1387 3.0373 2.5956 0.13219
-0.96033 0.78254 4.149 2.8633 2.5692 0.11469
-0.96761 0.7219 4.214 2.7739 2.5353 0.11227
-0.97206 0.73321 4.2143 2.7217 2.5575 0.11203
-0.96603 0.74248 4.2082 2.7406 2.5638 0.13319
-0.97516 0.72468 4.2582 2.6845 2.5974 0.13818
-0.96765 0.77348 4.1763 2.7493 2.5939 0.14368
-0.95704 0.79953 4.1126 2.8988 2.5516 0.14765
-0.92042 0.87117 3.9529 3.0793 2.5058 0.16518
-0.92486 0.81049 4.086 3.1021 2.4854 0.16233
-0.93746 0.77667 4.2808 3.001 2.5113 0.15506
-0.95868 0.7868 4.4102 2.9268 2.5152 0.13649
-0.95552 0.79114 4.4376 2.8906 2.546 0.15637
-0.95984 0.81193 4.3968 2.9032 2.5153 0.14468
-0.95872 0.76749 4.4223 2.9003 2.5224 0.15379
-0.96072 0.80376 4.395 2.9208 2.4915 0.12488
-0.91381 0.85719 4.2391 3.0218 2.522 0.17125
-0.93409 0.86003 4.3934 2.961 2.5599 0.15683
-0.93671 0.88949 4.3171 3.0454 2.6029 0.18132
-1.0055 0.82948 4.5188 3.0117 2.6479 0.13405
-0.97307 0.91719 4.2135 3.1985 2.6277 0.16009
-0.99172 0.8574 4.3719 3.1584 2.6488 0.14928
-0.97322 0.90594 4.3797 3.1252 2.5871 0.17263
-1.0128 0.8218 4.6613 3.0226 2.6002 0.15547
-1.014 0.84801 4.7782 2.9941 2.523 0.15111
-1.0343 0.8121 4.9225 2.9683 2.5408 0.14755
-1.0284 0.80499 5.0147 2.9016 2.5428 0.15487
-1.032 0.82309 5.0459 3.0098 2.5084 0.13702
-1.0507 0.75429 5.1147 2.892 2.5104 0.077772
-1.0872 0.66615 5.1971 2.686 2.4402 0.018826
-1.1151 0.4374 5.2925 2.0303 2.5237 0.0098341
-1.0952 0.33019 5.3041 1.717 2.5249 0.051228
-1.0703 0.27731 5.279 1.5059 2.5739 0.078929
-1.0598 0.28257 5.2609 1.5491 2.6024 0.078302
-1.0591 0.28869 5.2367 1.5299 2.6071 0.085203
-1.061 0.25671 5.2592 1.4846 2.6098 0.088422
-1.0392 0.2818 5.2369 1.5104 2.5508 0.11612
-1.0325 0.28733 5.2623 1.4694 2.5259 0.10349
-1.0232 0.25319 5.2713 1.4612 2.5198 0.11035
-1.0257 0.24996 5.2858 1.4601 2.5255 0.102
-1.033 0.2238 5.3413 1.4659 2.5254 0.11998
-1.0257 0.26218 5.3033 1.4615 2.53 0.12057
-1.0359 0.30434 5.2905 1.472 2.5281 0.11691
-1.0401 0.31602 5.281 1.4693 2.5691 0.12984
-1.041 0.28108 5.2703 1.4408 2.5387 0.11423
-1.0386 0.37082 5.1965 1.5191 2.55 0.12313
-1.0387 0.31146 5.2605 1.4963 2.5434 0.12105
-1.042 0.28513 5.2548 1.5005 2.5502 0.10844
-1.043 0.30356 5.2557 1.5347 2.5517 0.10837
-1.044 0.22659 5.3113 1.4524 2.537 0.10877
-1.0405 0.46457 5.128 1.6219 2.5674 0.12945
-1.0351 0.16334 5.3339 1.4266 2.5502 0.14473
-1.0073 0.077819 5.043 1.3818 2.4865 0.0045885
-1.1008 1.1467 5.0087 2.1681 2.6512 0.26549
-1.0135 -0.68934 5.9651 0.76346 2.5581 0.17985
-0.84065 -0.55788 4.323 0.87353 2.1051 -0.47276
-0.61071 -6.234 8.7523 -2.4271 1.1825 -1.2459
-0.77089 -6.637 11.8 -2.8831 0.74399 -1.7621
-1.2075 -11.883 22.82 -6.2276 0.86996 -0.7753
-1.7283 -11.321 24.118 -8.003 1.1913 -0.77965
-1.9976 -13.047 25.525 -9.6487 1.1118 -0.65359
-2.2313 -11.399 21.532 -10.524 1.0523 -1.3675
-2.0118 -11.232 21.177 -10.05 0.88663 -1.3522
-1.8711 -10.548 20.742 -10.208 1.059 -1.3599
-1.5734 -10.343 20.154 -9.7196 0.8809 -1.5209
-1.5535 -10.231 19.839 -9.7736 0.93441 -1.5149
-1.5764 -10.558 19.611 -9.9846 0.93132 -1.6026
-1.6408 -10.911 19.73 -10.094 1.0585 -1.4668
-1.8123 -10.937 19.816 -10.031 1.0927 -1.5199
-1.858 -10.794 19.925 -10.037 1.1137 -1.2951
-1.7091 -10.455 19.779 -9.8955 1.0681 -1.1518
-2.2445 -10.329 19.806 -10.308 1.0752 -1.4901
-1.9699 -10.057 19.564 -9.8646 0.7468 -1.2783
-0.86479 -9.2615 18.932 -9.7528 1.2869 -0.38084
1.6761 -8.3241 17.793 -9.4108 2.2551 2.3338
1.8528 -8.3627 17.825 -8.8983 2.5432 1.1971
-0.13664 -9.3191 18.7 -9.0454 1.6951 -0.64498
-2.8299 -10.763 20.156 -8.0479 -0.42013 -5.0209
-3.3843 -10.604 19.655 -9.3704 -0.41628 -4.0625
-2.7654 -10.63 19.4 -9.3137 -0.41253 -3.8256
-2.5325 -9.9903 19.466 -10.328 0.75448 -2.1814
-2.1388 -8.6423 17.682 -9.7119 0.33303 -2.1872
-2.0664 -5.9414 15.731 -6.8065 0.83236 -1.8975
-1.0632 -1.7023 9.5689 -1.3985 1.1248 -1.4073
-1.4947 0.075822 8.1515 5.4039 2.3109 -2.4241
-1.1583 2.0805 5.3449 10.447 2.8698 -2.3077
-1.4483 0.72172 7.5376 9.042 2.8989 -2.7345
-1.0346 0.584 7.5267 6.6535 2.132 -2.471
-1.0917 -1.3606 7.9073 0.4264 1.5166 -2.4155
-0.87223 -1.5181 7.5802 0.11721 0.96059 -2.1752
-0.95927 -1.0619 6.4149 1.2044 1.4696 -1.8407
-1.0038 0.58912 5.8642 6.2087 1.6613 -2.3305
-1.4588 2.4466 4.2874 11.173 2.7987 -2.8424
-1.4279 3.2909 3.464 12.889 2.7988 -3.1527
-1.3446 3.6318 3.239 14.199 3.0208 -2.9627
-1.0719 3.7375 3.0362 14.025 2.7821 -2.8875
-1.1229 3.9448 3.1649 14.818 2.928 -2.8756
-1.2182 3.652 4.1288 14.247 3.0566 -2.9325
-1.311 4.2613 0.86864 11.262 2.9969 -3.2236
-1.1005 2.8847 4.6318 10.013 2.3017 -2.5428
-0.84441 0.87793 9.3847 7.3775 1.58 -2.0707
-0.5463 -4.4916 23.543 6.0697 0.50453 -0.54259
-0.44578 -8.026 27.442 -0.50281 0.37119 -0.67956
-0.55327 -9.6605 26.717 -5.2033 0.26914 -0.35621
-0.63816 -9.8814 23.273 -9.4982 0.52809 -0.68717
-0.80452 -9.0256 22.066 -9.4254 0.4972 -0.3718
-0.92393 -9.209 23.436 -8.9938 0.58442 -0.32615
-1.0045 -8.6023 22.417 -8.7335 0.6009 -0.3135
-0.9715 -8.7307 22.18 -8.4172 0.55996 -0.28231
-1.1357 -9.0977 22.288 -8.975 0.63613 -0.30354
-1.3337 -9.0602 21.758 -9.1112 0.71758 -0.27846
-1.8407 -9.3945 21.876 -10.053 0.97673 -0.41743
-1.8056 -8.6467 21.073 -9.6106 0.91368 -0.45902
-1.8873 -8.6754 21.252 -9.8707 0.91999 -0.68595
-1.5697 -8.1625 20.942 -9.5379 0.81697 -0.5803
-1.5798 -8.3867 21.156 -9.9584 0.85524 -0.57257
-1.4659 -7.9177 21.023 -9.5498 0.89915 -0.37446
-1.5365 -8.0502 20.919 -9.5712 0.92608 -0.44112
-1.589 -8.4298 21.598 -10.492 0.68953 -0.37775
-1.5192 -6.8176 20.235 -8.3738 0.99081 -0.49234
-1.3969 -5.2613 18.517 -6.0634 0.58009 -0.21875
-1.0296 -1.897 14.79 -1.9446 0.87481 -0.1129
-1.184 -0.96144 13.657 1.6235 0.61041 -0.34364
-1.5407 2.0179 12.513 8.2163 2.228 -1.1185
-2.2174 3.561 11.211 13.496 3.2829 -2.1353
-2.0677 3.9232 9.9175 12.456 3.8484 -1.9996
-1.8167 2.1754 9.0285 6.2943 3.0483 -1.8786
-1.3175 0.77974 9.1878 2.4154 2.369 -1.5305
-1.5686 0.46886 9.3584 1.9668 2.4985 -1.5158
-1.4775 0.64902 9.3279 3.6554 2.4916 -1.3767
-1.6594 0.38371 9.7443 3.338 2.5295 -1.1638
-1.3228 0.82246 9.581 4.0234 2.1692 -0.81468
-0.96759 0.7439 9.4137 3.3256 1.8377 -1.0604
-0.48379 0.46048 9.2097 2.478 1.6292 -0.74799
-0.64249 -0.38085 8.8447 0.011506 1.3186 -2.7681
-0.13259 -0.69756 8.8976 0.012414 1.2109 -1.4804
1.2167 -0.34297 8.9195 0.53257 0.33322 0.64684
2.6078 -0.11644 8.9908 1.6316 -0.28067 3.223
2.3772 0.14122 9.0215 1.6715 0.0031516 2.9707
1.8639 -0.0082019 8.6141 1.143 -0.54225 1.6092
1.8876 0.16396 8.6493 1.2567 -0.34338 2.5879
2.5212 0.11407 8.515 1.0744 -1.7478 3.2338
1.0498 -0.097276 8.4099 0.337 0.10102 0.99993
0.38065 -0.35071 8.2763 -0.17403 0.14843 -0.1624
-0.37061 -0.52718 8.109 -0.68207 1.1041 -1.2075
0.37422 -0.53567 8.3307 -0.40254 0.40445 0.27588
0.18064 -0.60685 8.5073 -0.57381 0.4811 -0.20336
0.18046 -0.6711 8.7166 -0.64845 0.58244 -0.11101
0.12437 -0.66615 8.7804 -0.66314 0.56457 -0.18269
0.19044 -0.64407 8.8489 -0.62206 0.50695 -0.075753
