-1.3799e-05 0.0032833 -0.0016775 0.00081276 0.00035017 4.0573e-05
-0.0023154 0.063598 -0.045169 -0.0016298 -0.0018238 0.0038424
3.7832e-05 0.088377 -0.018997 -0.0064011 -0.00026914 0.011977
-0.00012212 -0.038942 0.038543 0.012807 -0.019763 0.011105
0.0059218 0.023909 0.13672 0.015505 -0.028293 0.021238
0.0012807 0.062025 0.19464 0.044628 -0.048895 0.027914
0.0044591 0.28995 0.15274 0.051583 -0.042643 0.033336
-0.0017111 0.26882 0.15494 0.072283 -0.033094 0.03928
0.00068983 0.21018 0.1498 0.073939 -0.029003 0.037616
0.00041033 0.068279 0.2051 0.060979 -0.025509 0.039674
0.005403 0.11782 0.21248 0.069165 -0.036729 0.038769
0.0071591 0.22215 0.17832 0.073434 -0.025483 0.03886
0.010163 0.21822 0.18507 0.10027 -0.029978 0.038953
0.0095109 0.10764 0.23106 0.091027 -0.024268 0.038715
0.013867 0.035507 0.27675 0.080331 -0.031974 0.03959
0.012874 0.15558 0.26986 0.082985 -0.026415 0.037753
0.0087549 0.22702 0.22611 0.086495 -0.028645 0.039056
0.00097142 0.20411 0.23634 0.10892 -0.028192 0.042164
0.0038829 0.070145 0.29234 0.083815 -0.035546 0.032886
0.0053255 0.10617 0.33553 0.097273 -0.031814 0.039629
0.019927 0.19775 0.32984 0.075027 -0.031198 0.013254
0.01363 0.23153 0.29275 0.09673 -0.02673 0.028463
0.023623 0.16123 0.28153 0.078615 -0.025077 0.013349
0.022758 0.054055 0.31177 0.086857 -0.013679 0.031487
0.029177 0.08262 0.34121 0.075397 -0.0024527 0.030379
0.025064 0.15479 0.35597 0.084771 0.0059369 0.036638
0.019521 0.25601 0.31633 0.094567 -0.0063476 0.032578
0.01127 0.25013 0.29852 0.094846 -0.011396 0.033413
0.017406 0.1728 0.30346 0.089442 -0.026347 0.015351
0.011596 0.066163 0.35361 0.059123 -0.018797 0.022456
0.021693 0.1183 0.35232 0.06692 -0.020082 0.011166
0.015115 0.17953 0.33897 0.067787 -0.0089594 0.0303
0.020157 0.2288 0.31456 0.097311 -0.010821 0.017826
0.017702 0.13733 0.34852 0.091113 -0.0085682 0.031204
0.02042 0.10848 0.35536 0.096067 -0.0268 0.0096071
0.019813 0.15534 0.3449 0.080965 -0.017697 0.03006
0.022139 0.17757 0.31526 0.088268 -0.032368 0.0063657
0.020779 0.13426 0.3353 0.077288 -0.010105 0.027333
0.022911 0.082229 0.35599 0.086014 -0.022167 0.018493
0.022312 0.15634 0.34349 0.080821 -0.0060658 0.030313
0.027425 0.1965 0.31474 0.093309 -0.010305 0.011761
0.027988 0.19972 0.28937 0.096227 -0.0038312 0.0040019
0.030621 0.080173 0.33255 0.093307 -0.0059091 -0.0012261
0.026673 0.095888 0.34631 0.088062 -0.0083445 0.018923
0.033365 0.14899 0.34756 0.083983 -0.0023677 0.011128
0.039675 0.1878 0.32888 0.093191 -0.0097099 0.0008942
0.045733 0.18978 0.30365 0.096621 -0.001295 -0.011966
0.040997 0.12445 0.32113 0.096615 -0.0016516 -0.0047982
0.037426 0.1327 0.32437 0.090187 0.0065736 0.010835
0.033852 0.13927 0.33403 0.089595 0.0095815 0.013023
0.037576 0.13958 0.33407 0.089898 -0.0045847 0.0070826
0.034777 0.14353 0.32284 0.092478 0.0013095 0.0084687
0.029222 0.1145 0.33482 0.090019 -0.0047173 0.011012
0.028856 0.11534 0.34151 0.095223 0.0021819 0.019748
0.027972 0.13937 0.33339 0.091501 -0.0026036 0.020635
0.038165 0.11677 0.34559 0.10058 -0.0038205 0.0026233
0.040758 0.12063 0.34789 0.090197 -0.0072925 -0.0038455
0.040237 0.098346 0.36133 0.090307 -0.00046955 -0.011754
0.039211 0.12653 0.36205 0.081919 -0.0060581 0.00074992
0.032683 0.13222 0.34563 0.079585 0.007939 0.013125
0.034723 0.11512 0.3577 0.078316 0.0014601 0.0076559
0.0312 0.12322 0.33747 0.073063 0.0058813 0.016465
0.032113 0.10003 0.34094 0.06549 0.0032692 0.0096518
0.027749 0.13042 0.32567 0.081142 -0.0028749 0.020757
0.028096 0.1112 0.32286 0.077872 0.0025035 0.014615
0.027598 0.14338 0.32841 0.10658 -0.0064967 0.013777
0.032328 0.10585 0.34601 0.089298 0.0038675 0.012393
0.035279 0.12135 0.33882 0.10089 0.00033354 0.013261
0.035903 0.15205 0.31981 0.095333 0.007682 0.018945
0.03639 0.14761 0.2993 0.10578 0.00017207 0.0086849
0.034466 0.14236 0.32965 0.11283 -0.00027718 0.011778
0.036716 0.10778 0.33682 0.10875 -0.0067921 0.00055872
0.037693 0.15514 0.34387 0.1128 -0.00097391 0.012272
0.03834 0.15378 0.33551 0.10951 0.0016732 0.010816
0.035814 0.12559 0.35411 0.11543 0.0048662 0.011406
0.035011 0.14296 0.33258 0.11201 0.0038175 0.01242
0.034765 0.15201 0.31972 0.11764 0.0020436 0.0099916
0.034711 0.15609 0.32233 0.11904 0.0037742 0.017993
0.033949 0.10781 0.36567 0.11871 0.0022104 0.014526
0.03455 0.13657 0.33307 0.11743 0.0028939 0.014155
0.042425 0.15559 0.3167 0.11495 -0.00086736 0.0061863
0.045461 0.16288 0.25089 0.11189 0.0023808 0.0042494
0.047441 0.14123 0.26357 0.1127 -0.00039906 0.0010922
0.04042 0.13838 0.22663 0.10152 0.0030622 0.0071516
0.039145 0.15684 0.21198 0.11025 0.0032474 0.013018
0.037617 0.13738 0.19451 0.09902 0.0028522 0.010217
0.039278 0.15675 0.15942 0.10212 0.001414 0.0085771
0.038486 0.13729 0.16646 0.093765 -0.0034858 -0.0044437
0.04271 0.11279 0.19951 0.097379 -0.0021889 0.002494
0.034711 0.10893 0.2117 0.095747 0.0035379 0.0062656
0.032023 0.16798 0.21084 0.096616 -0.0086333 0.011488
0.014679 0.16603 0.14486 0.086968 -0.013047 0.016456
0.018545 0.1271 0.18017 0.09032 -0.034947 0.0085744
0.016181 0.075784 0.17043 0.078155 -0.0277 0.015396
0.020915 0.17989 0.17496 0.085372 -0.021783 0.014925
0.020447 0.18188 0.15376 0.08564 -0.018426 0.0097832
0.019799 0.1862 0.17108 0.093059 -0.0099714 0.0099699
0.025591 0.091214 0.20743 0.10058 -0.022254 -0.012422
0.02619 0.13665 0.22343 0.090859 -0.01247 -0.0070646
0.030327 0.11256 0.25075 0.099478 -0.015523 -0.019724
0.029408 0.107 0.26509 0.092767 -0.013006 -0.0095307
0.028832 0.13648 0.23473 0.1018 -0.013022 -0.0056691
0.027948 0.16248 0.20484 0.10473 -0.020173 0.0039909
0.029535 0.17308 0.1969 0.097814 -0.012192 0.0013369
0.034215 0.11686 0.24266 0.10128 -0.013012 0.00065871
0.036348 0.14763 0.22713 0.082181 -0.0021154 -0.0071074
0.037309 0.17568 0.21999 0.088004 -0.0014157 0.00018548
0.036823 0.18038 0.18991 0.080424 0.0023691 0.00076343
0.035272 0.12915 0.21985 0.092838 0.00027465 0.0001672
0.034084 0.13674 0.20678 0.099853 -0.00082581 0.005098
0.02875 0.12541 0.21424 0.10864 -0.00038608 0.0034414
0.029233 0.13496 0.20858 0.11101 -0.0024597 0.011047
0.026713 0.12446 0.20592 0.10335 -0.0023196 0.0069224
0.030766 0.14033 0.20031 0.097017 -0.0019065 0.0078873
0.031016 0.13793 0.1936 0.086768 0.0012978 0.0085999
0.032443 0.12009 0.19111 0.091843 0.0028634 0.0067467
0.031709 0.12707 0.2055 0.09198 -0.0011419 0.010759
0.031316 0.11896 0.21335 0.09877 -0.0028037 0.0094847
0.028895 0.13612 0.2369 0.097064 -0.010315 0.012941
0.022824 0.12712 0.21824 0.095612 -0.016369 0.012167
0.016377 0.13321 0.21912 0.097432 -0.021518 0.011316
0.014833 0.12761 0.21086 0.094392 -0.021525 0.014954
0.019959 0.11664 0.21734 0.087604 -0.0092424 0.011663
0.027501 0.13973 0.19281 0.083217 -0.0067603 0.010296
0.032307 0.13187 0.19028 0.081539 0.00015886 0.0021603
0.035529 0.10412 0.19941 0.094606 -0.0078965 -0.0010339
0.032007 0.14215 0.16827 0.095327 -0.0056652 0.0065341
0.032447 0.12508 0.1495 0.099004 -0.0093635 0.0087819
0.031844 0.15361 0.13589 0.098907 -0.010333 0.015892
0.037958 0.090818 0.17659 0.093445 -0.012034 0.0047562
0.043359 0.15182 0.16268 0.092976 -0.015748 0.0060099
0.044115 0.15052 0.15242 0.085671 -0.0067682 0.0048083
0.046054 0.16193 0.16132 0.092779 -0.0062386 0.0085608
0.040354 0.091902 0.18538 0.086474 0.00026139 0.009273
0.038911 0.1718 0.14159 0.065533 0.003416 0.0066175
0.036487 0.14633 0.11084 0.052294 0.0058823 0.0091787
0.03369 0.18888 0.081801 0.064129 0.011278 0.00031389
0.034551 0.083312 0.13955 0.050514 0.013428 0.0031751
0.028826 0.16821 0.081529 0.036829 0.018061 -0.0011013
0.029952 0.10365 0.13162 -0.042578 0.027997 0.014017
0.030669 0.12257 0.12954 -0.047831 0.022532 0.011875
0.030979 0.066012 0.21322 -0.060093 0.022028 0.014397
0.031155 0.15947 0.17515 -0.029581 0.015215 0.011379
0.029841 0.16317 0.16696 -0.013714 0.011225 0.013148
0.033119 0.15911 0.17903 -0.0063802 0.011892 0.0086583
0.04175 0.11453 0.20389 0.0086414 0.0070225 0.00098597
0.04472 0.14365 0.22659 0.011242 0.0088548 -0.0097617
0.047362 0.14299 0.19625 0.015385 0.0095346 -0.0062523
0.044579 0.12617 0.21771 0.015707 0.0057434 -0.0065056
0.048324 0.12292 0.17598 0.011465 0.017212 -0.0018843
0.048484 0.11934 0.17071 0.015464 0.012845 -0.0058443
0.053304 0.12738 0.18704 0.0095724 0.020392 -0.0073605
0.048478 0.11507 0.14977 0.0089565 0.010395 -0.0034903
0.057942 0.13672 0.21176 -0.012715 0.021888 -0.00391
0.05562 0.10887 0.12053 -0.012375 0.021904 0.00075353
0.058266 0.1296 0.17948 -0.021555 0.025768 -0.0080576
0.050418 0.12147 0.098823 -0.008059 0.010343 -0.0041639
0.045418 0.15291 0.12495 -0.0079518 0.0043369 -0.0077994
0.047441 0.139 0.095424 -0.0085282 0.0012712 -0.0043563
0.047096 0.12434 0.089132 -0.016321 0.0052488 -0.0035279
0.049714 0.15834 0.049114 -0.030457 0.017203 -0.0043498
0.047251 0.12627 0.047694 -0.029641 0.01138 -0.00061585
0.048159 0.1291 0.070119 -0.02962 0.019023 -0.0047714
0.05071 0.12634 0.058878 -0.026393 0.010025 -0.0036008
0.057551 0.14823 0.051168 -0.028272 0.022905 -0.0061485
0.056561 0.16205 0.01598 -0.034967 0.022184 -0.0057454
0.052698 0.12347 0.047956 -0.026967 0.020379 -0.0044009
0.042182 0.15023 0.065483 -0.032679 0.013314 -0.0039468
0.036982 0.13366 0.079677 -0.024342 0.002272 -0.0010006
0.040533 0.13189 0.12718 -0.026655 0.0050209 -0.0039885
0.044691 0.12366 0.12192 -0.023208 0.0038015 -0.0010538
0.055284 0.11556 0.16224 -0.024587 0.017998 -0.0016346
0.059373 0.1416 0.14303 -0.038453 0.022574 -0.0040885
0.063118 0.12129 0.14115 -0.031939 0.029208 -0.0090504
0.062585 0.14015 0.13005 -0.036285 0.024639 -0.015445
0.059342 0.13991 0.12837 -0.021777 0.023118 -0.015858
0.059188 0.1342 0.13872 -0.020788 0.021966 -0.017731
0.054994 0.13343 0.15882 -0.020951 0.016825 -0.016816
0.049666 0.118 0.15261 -0.016493 0.015447 -0.0092525
0.03952 0.12245 0.18734 -0.029943 -0.0028542 0.0014096
0.035918 0.11331 0.17101 -0.025491 0.0048284 0.0081743
0.033203 0.13514 0.1063 -0.0011916 -0.0079948 0.0083403
0.045088 0.10084 0.22889 -0.043921 0.0061124 0.0024025
0.042524 0.089345 0.33547 -0.0424 0.015087 -0.0073643
0.052496 0.049907 0.60477 -0.14862 0.026177 -0.012513
0.039967 0.091464 0.48607 -0.096498 0.046462 -0.022009
0.042938 0.17785 0.29532 -0.11258 0.020951 -0.016573
0.03518 0.20678 0.093751 -0.056548 0.018164 -0.019015
0.037644 0.16872 0.080056 -0.062504 -0.010897 -0.013729
0.035787 0.10755 0.15453 -0.060377 -0.0011133 -0.015612
0.031591 0.10955 0.15451 -0.063478 -0.0082273 -0.014209
0.02906 0.15142 0.11934 -0.06334 0.0034197 -0.014529
0.030858 0.13641 0.15487 -0.071713 -0.0019893 -0.014483
0.035967 0.098576 0.18437 -0.045912 0.012042 -0.014564
0.040306 0.14702 0.22043 -0.056454 0.010406 -0.015296
0.037659 0.14326 0.20575 -0.030043 0.015335 -0.012899
0.03882 0.17666 0.24618 -0.048338 0.01347 -0.015192
0.043875 0.10552 0.26451 -0.027296 0.017904 -0.013063
0.050842 0.12392 0.29383 -0.038967 0.026349 -0.013924
0.057594 0.12012 0.27992 -0.0297 0.028685 -0.019889
0.051955 0.12041 0.28432 -0.030573 0.025726 -0.018283
0.052091 0.12669 0.28176 -0.033192 0.022333 -0.028595
0.043542 0.094127 0.27154 -0.027218 0.017637 -0.015641
0.047382 0.10891 0.28354 -0.033926 0.020211 -0.019145
0.042904 0.11733 0.24201 -0.03148 0.014773 -0.012596
0.046503 0.15855 0.24511 -0.037018 0.019965 -0.017803
0.044967 0.13481 0.21585 -0.041541 0.013025 -0.01741
0.048154 0.11341 0.24098 -0.037625 0.016749 -0.014905
0.047002 0.12083 0.22106 -0.037309 0.015275 -0.015531
0.043916 0.14123 0.22046 -0.032834 0.021476 -0.013522
0.048214 0.15406 0.23006 -0.034695 0.022218 -0.017347
0.053528 0.1287 0.23613 -0.031969 0.029016 -0.016783
0.063665 0.13694 0.23601 -0.030149 0.023508 -0.02138
0.064891 0.13784 0.21245 -0.025877 0.038613 -0.022192
0.066813 0.13682 0.21435 -0.028141 0.027562 -0.020799
0.071559 0.12752 0.22576 -0.025194 0.041421 -0.028011
0.067188 0.12733 0.23916 -0.029008 0.026866 -0.024449
0.062392 0.11402 0.24078 -0.023449 0.030447 -0.031113
0.049491 0.13799 0.23014 -0.03218 0.022671 -0.017323
0.052482 0.11584 0.2086 -0.026858 0.023223 -0.017333
0.051826 0.14013 0.22706 -0.030633 0.023663 -0.011645
0.053817 0.11412 0.20236 -0.018445 0.021432 -0.015326
0.048833 0.15006 0.22811 -0.017549 0.024189 -0.015903
0.051561 0.12125 0.20958 -0.012562 0.02215 -0.015808
0.052365 0.12162 0.24938 -0.025001 0.027654 -0.015734
0.053235 0.12458 0.2455 -0.036648 0.028072 -0.015883
0.050848 0.1235 0.22821 -0.026734 0.027906 -0.014275
0.049778 0.14449 0.22098 -0.028129 0.024294 -0.015999
0.058494 0.10919 0.17934 0.0049329 0.011227 -0.012759
0.060709 0.13624 0.18949 -0.02739 0.02157 -0.015648
0.06904 0.12758 0.14705 -0.011925 0.021286 -0.013965
0.065219 0.13326 0.17489 -0.036127 0.042131 -0.019768
0.065666 0.12536 0.18455 -0.025267 0.037648 -0.017621
0.063233 0.11206 0.21731 -0.029114 0.036257 -0.01933
0.061494 0.115 0.22173 -0.032931 0.032093 -0.013656
0.060423 0.13102 0.19919 -0.023444 0.027576 -0.014762
0.056787 0.13116 0.19439 -0.019036 0.038195 -0.011307
0.055001 0.13412 0.20263 -0.015074 0.037144 -0.0087209
0.053487 0.11712 0.19523 -0.0095665 0.034079 -0.0095126
0.053936 0.1568 0.17811 -0.01268 0.031544 -0.01094
0.054822 0.13688 0.14972 -0.0060878 0.021259 -0.014187
0.053138 0.12709 0.19536 -0.01183 0.027332 -0.0134
0.051828 0.10364 0.2131 -0.0097125 0.019798 -0.0097004
0.048164 0.12497 0.24576 -0.013365 0.023929 -0.010292
0.047888 0.13443 0.23683 -0.0095678 0.027672 -0.0076449
0.049515 0.11274 0.23869 -0.0096114 0.024853 -0.010285
0.049274 0.12539 0.23707 -0.010533 0.029315 -0.011284
0.05386 0.10764 0.22846 -0.010194 0.01855 -0.014147
0.051945 0.12938 0.23295 -0.020251 0.026461 -0.014562
0.05662 0.11698 0.22935 -0.016924 0.023642 -0.015368
0.058041 0.12772 0.23118 -0.018475 0.029266 -0.015531
0.059819 0.13257 0.23832 -0.012795 0.029263 -0.01373
0.058007 0.1158 0.24257 -0.011163 0.030212 -0.012022
0.052836 0.12951 0.24617 -0.014021 0.032996 -0.0096139
0.051975 0.11228 0.25933 -0.008061 0.034182 -0.014461
0.054328 0.10279 0.27317 -0.014222 0.034195 -0.013398
0.055833 0.15302 0.24673 -0.015479 0.037934 -0.017218
0.056138 0.13497 0.23216 -0.017422 0.034008 -0.0096453
0.054297 0.15552 0.21863 -0.013106 0.031876 -0.013561
0.054443 0.089417 0.2422 -0.0071212 0.021523 -0.0083038
0.0551 0.14063 0.23983 -0.015799 0.019642 -0.015206
0.051679 0.11642 0.23346 -0.012266 0.017548 -0.0084329
0.053255 0.12186 0.26453 -0.02286 0.017267 -0.012334
0.049378 0.096127 0.24282 -0.0085537 0.017598 -0.0063144
0.053181 0.15314 0.24713 -0.016245 0.021542 -0.013603
0.05112 0.12463 0.23082 -0.0035926 0.027994 -0.0062632
0.053657 0.11417 0.26277 -0.01452 0.026012 -0.011623
0.052688 0.095267 0.25529 -0.011752 0.022379 -0.0050215
0.052085 0.13261 0.23922 -0.014316 0.021289 -0.012601
0.049347 0.12422 0.24565 -0.010698 0.029021 -0.007259
0.052115 0.091045 0.29149 -0.010767 0.034898 -0.0064044
0.053141 0.1352 0.28065 -0.0171 0.037104 -0.0037579
0.061578 0.13474 0.28987 -0.012363 0.0342 -0.0030765
0.057718 0.14847 0.27424 -0.013598 0.033238 -0.010971
0.053901 0.090471 0.29589 -0.005411 0.024287 -0.004099
0.046069 0.11608 0.29407 -0.017398 0.0207 -0.0071331
0.045829 0.10897 0.2808 -0.010898 0.015322 0.010683
0.051863 0.10632 0.30702 -0.017696 0.023179 0.0020508
0.052769 0.10974 0.29794 -0.0058765 0.026867 0.0106
0.05364 0.11387 0.30388 -0.010384 0.029979 -0.0025303
0.051352 0.13922 0.29954 -0.0076773 0.029816 0.0011517
0.05027 0.11098 0.29861 -0.011483 0.033671 -0.0018266
0.050957 0.1232 0.31179 -0.0096224 0.031784 -0.0014157
0.045482 0.11691 0.29858 -0.0081028 0.032929 0.0017376
0.045997 0.11159 0.309 -0.0099616 0.022103 -0.00052875
0.04158 0.12485 0.3132 -0.012923 0.022529 0.0021417
0.041911 0.10463 0.3128 -0.015888 0.015991 0.0018237
0.042711 0.12399 0.32173 -0.012608 0.021455 0.0013362
0.042143 0.11488 0.30557 -0.012507 0.023333 -0.01182
0.047376 0.11631 0.30788 -0.0099623 0.030586 -0.0097862
0.045314 0.1207 0.32145 -0.012202 0.028782 -0.017123
0.04702 0.10994 0.32079 -0.0093031 0.02597 -0.00019469
0.042436 0.12973 0.34569 -0.01137 0.020533 -0.0080864
0.043612 0.12015 0.32448 -0.010848 0.017556 -0.0038702
0.044963 0.11381 0.33336 -0.013101 0.017074 -0.011144
0.052336 0.10717 0.32756 -0.013818 0.024777 -0.011732
0.049977 0.10302 0.31553 -0.01414 0.025464 -0.012787
0.053037 0.11836 0.33708 -0.023311 0.037721 -0.012065
0.046529 0.11295 0.32292 -0.022592 0.024729 -0.008414
0.051713 0.10917 0.34595 -0.030041 0.031795 -0.0093342
0.046618 0.10586 0.332 -0.013694 0.017352 -0.0093431
0.047567 0.10605 0.31461 -0.016729 0.021407 -0.014541
0.042464 0.15086 0.28787 -0.010031 0.014671 -0.014612
0.046115 0.10369 0.27618 -0.024567 0.016832 -0.014761
0.0447 0.10901 0.29835 -0.025949 0.017894 -0.010147
0.04515 0.08685 0.2934 -0.022992 0.02128 -0.0037445
0.040996 0.13559 0.2997 -0.013118 0.020898 -0.004483
0.039591 0.14168 0.27353 -0.0046152 0.025936 -0.0071826
0.039919 0.1227 0.28792 -0.0093193 0.01917 -0.012268
0.040458 0.1118 0.28446 -0.010025 0.027625 -0.016018
0.04012 0.12162 0.28227 -0.0097848 0.018988 -0.011669
0.038971 0.11071 0.28688 -0.004791 0.025508 -0.0059616
0.035078 0.14113 0.26806 -0.009289 0.019208 0.00068193
0.038591 0.11258 0.26466 -0.0098215 0.022343 0.004322
0.038519 0.14036 0.27442 -0.017092 0.022824 -0.0072907
0.043452 0.10914 0.26562 -0.0018243 0.021331 -0.0036586
0.040501 0.13507 0.3068 -0.014819 0.025684 -0.012604
0.042246 0.10978 0.28923 -0.00064393 0.021788 -0.0047447
0.042775 0.11316 0.30719 -0.014642 0.028448 -0.010901
0.043525 0.11885 0.26729 -0.0042978 0.021646 -0.011689
0.043471 0.12303 0.26132 -0.01413 0.029353 -0.013409
0.044021 0.12596 0.2764 -0.0098303 0.022537 -0.012704
0.045902 0.084379 0.27199 -0.00181 0.023899 -0.0014591
0.046984 0.085493 0.27182 0.014547 0.017377 0.0027865
0.043538 0.068629 0.25268 0.011324 0.018075 0.0043843
0.04275 0.11924 0.23816 -0.0007951 0.020854 -0.0091411
0.043308 0.11726 0.25219 -0.013284 0.022789 -0.011248
0.050711 0.15603 0.21339 -0.015514 0.03045 -0.014092
0.051179 0.11554 0.24212 -0.0012347 0.02845 -0.010276
0.052927 0.12522 0.23325 -0.011466 0.03184 -0.013156
0.044475 0.11132 0.24721 -0.0060985 0.022139 -0.013386
0.045751 0.11786 0.25442 -0.013205 0.020005 -0.012735
0.041754 0.13699 0.20564 0.0061383 0.015239 -0.011775
0.046158 0.13713 0.21214 0.016544 0.013379 -0.016372
0.043734 0.13002 0.19717 0.019959 0.0141 -0.014382
0.043427 0.10983 0.22568 0.019575 0.01795 -0.018348
0.036733 0.12517 0.22237 0.0081785 0.012687 -0.0095895
0.037402 0.12336 0.21597 0.011463 0.01848 -0.0096691
0.031754 0.12315 0.21669 0.0046484 0.0038562 -0.0027674
0.032203 0.095956 0.2233 0.0078236 0.010272 -4.9816e-05
0.024913 0.10984 0.21058 0.0098941 0.00070744 -0.0018254
0.028641 0.12183 0.22604 0.0060223 0.0050707 0.0073552
0.03428 0.11746 0.21671 0.011866 0.013394 0.00022793
0.039574 0.11864 0.23758 0.005031 0.013426 0.0078774
0.043693 0.11762 0.21372 0.010663 0.022179 -0.0053897
0.041821 0.11594 0.21016 0.0081854 0.01307 -0.007904
0.045565 0.1251 0.1915 0.0058421 0.019344 -0.01225
0.043581 0.10394 0.17208 0.01338 0.019176 -0.011904
0.041371 0.13398 0.14856 0.010204 0.020723 -0.0056154
0.037091 0.10593 0.14315 0.012543 0.018726 -0.00059663
0.036768 0.13071 0.14088 -0.0035778 0.01816 -0.00029361
0.041725 0.10202 0.15611 -0.013953 0.02823 0.0043175
0.04695 0.12381 0.16514 -0.017095 0.036433 -0.00945
0.048427 0.10438 0.17023 -0.01132 0.044442 -0.0063552
0.047077 0.12422 0.19889 -0.0051356 0.039241 -0.015153
0.04791 0.12179 0.18931 0.0011262 0.043637 -0.0069415
0.04872 0.13717 0.2116 0.0010755 0.041247 -0.011744
0.053642 0.11892 0.20952 0.0061125 0.045059 -0.011228
0.05367 0.097616 0.23814 0.0075011 0.039528 -0.019263
0.055481 0.13191 0.22121 0.0019217 0.033308 -0.015546
0.052172 0.12164 0.22788 0.010267 0.036833 -0.017763
0.050292 0.1365 0.21967 0.005314 0.030509 -0.010111
0.047524 0.10133 0.22876 0.016751 0.039557 -0.014952
0.048187 0.11892 0.21757 0.0046529 0.032458 -0.011132
0.044618 0.11158 0.19665 0.0037496 0.037095 -0.015205
0.043553 0.1223 0.18682 -0.0024391 0.027179 -0.010363
0.040704 0.11007 0.17408 0.00060629 0.026391 -0.011761
0.043743 0.13065 0.17619 0.0013109 0.018296 -0.011056
0.043543 0.089729 0.2358 0.0035233 0.022893 -0.0095326
0.043044 0.097896 0.23037 0.0026849 0.023493 -0.021144
0.036001 0.12654 0.24433 0.0035752 0.023426 -0.0065917
0.039157 0.12417 0.19882 -0.00015353 0.018755 0.0023452
0.043099 0.11046 0.29968 -0.0016956 -0.0059287 0.041941
0.053419 0.08319 0.29439 0.0067718 -0.0051855 0.035682
0.050443 0.16424 0.29991 0.0088797 -0.011764 0.024383
0.045826 0.13801 0.20256 0.02422 0.0051818 -0.0059402
0.041491 0.13172 0.2334 0.0056157 -0.0025177 -0.0047456
0.042492 0.068594 0.21961 0.023978 0.00072624 -0.0020312
0.051257 0.16519 0.23848 0.0069709 -0.0046783 -0.00015129
0.051827 0.13589 0.19051 0.038459 0.013616 -0.015744
0.05992 0.09595 0.24204 0.027768 0.0089227 -0.027077
0.057353 0.060978 0.19936 0.058902 0.011217 -0.031593
0.058788 0.18394 0.12213 0.078375 -0.0045256 -0.024263
