0.0023131 -0.0018795 0.0041355 -0.00024043 0.00039333 0.0042128
-0.19926 -0.083256 0.40184 -0.25847 0.30533 0.0046009
-0.28227 -0.080139 0.47493 -0.37251 0.32128 -0.067873
-0.7213 -0.32303 1.306 -0.91406 0.85965 -0.05762
-0.96203 -0.41176 1.5142 -1.076 1.0081 -0.16295
-1.1346 -0.54287 1.9316 -1.4161 1.1362 -0.20936
-1.2799 -0.54276 1.9305 -1.4658 1.2008 -0.36917
-1.1287 -0.47691 1.7684 -1.3636 1.0684 -0.40715
-0.93956 -0.43764 1.5234 -1.3069 0.83289 -0.51751
-0.74908 -0.36101 1.3096 -1.184 0.71352 -0.5107
-0.69223 -0.34769 1.3186 -1.0395 0.62266 -0.51716
-0.54351 -0.36537 1.1975 -1.0749 0.39744 -0.49068
-0.57355 -0.33755 1.4081 -0.93868 0.41801 -0.49863
-0.67763 -0.28603 1.3093 -0.91969 0.31687 -0.52065
-0.6235 -0.3492 1.4668 -0.9432 0.26675 -0.53989
-0.69018 -0.30146 1.4511 -0.9631 0.27528 -0.56944
-0.67232 -0.3603 1.4695 -1.0039 0.21329 -0.55955
-0.63812 -0.36551 1.4498 -1.0303 0.19332 -0.55035
-0.57208 -0.38182 1.4159 -1.0275 0.14216 -0.50726
-0.5566 -0.35145 1.3537 -0.97679 0.10551 -0.49226
-0.53072 -0.3322 1.296 -0.92211 0.089961 -0.49448
-0.5232 -0.32228 1.2892 -0.92754 0.071161 -0.50586
-0.55052 -0.33681 1.3383 -0.9481 0.06712 -0.5524
-0.56862 -0.34664 1.3696 -0.99146 0.056429 -0.60304
-0.56029 -0.31421 1.3263 -1.0088 0.071771 -0.60177
-0.6064 -0.33897 1.3847 -1.1002 0.097266 -0.67226
-0.55808 -0.28729 1.2243 -1.0523 0.097274 -0.64628
-0.58029 -0.21861 1.1118 -1.0976 0.14015 -0.6966
-0.57329 -0.25467 1.0543 -1.1299 0.12589 -0.71571
-0.56793 -0.32884 1.1836 -1.2542 0.12601 -0.74251
-0.59031 -0.51755 1.5376 -1.4032 0.15825 -0.77472
-0.56137 -0.56419 1.8911 -1.3929 0.17339 -0.73255
-0.52752 -0.85952 2.3848 -1.5921 0.12737 -0.75006
-0.46659 -0.84157 2.8752 -1.4673 0.20144 -0.66357
-0.45876 -0.73047 2.633 -1.3929 0.14763 -0.69644
-0.42666 -0.82427 2.8893 -1.4622 0.10691 -0.69296
-0.43336 -0.67673 2.6342 -1.5008 0.11809 -0.69769
-0.45253 -0.68991 2.5011 -1.5764 0.10027 -0.71913
-0.39444 -0.7347 2.5302 -1.7328 0.077606 -0.69171
-0.33311 -0.68993 2.3879 -1.698 0.029383 -0.62768
-0.4444 -0.62736 2.2925 -1.554 0.19234 -0.65375
-0.72072 -0.71388 2.501 -1.611 0.43702 -0.77989
-0.5879 -0.40024 1.8668 -1.2162 0.2461 -0.77008
-0.57387 -0.52914 2.0367 -1.4124 0.44571 -0.59701
-0.065214 -0.39457 1.6116 -1.2153 0.7113 -0.24292
1.0908 -0.22001 1.0031 -1.2062 0.047107 0.5237
0.7883 -0.38378 1.1985 -1.3689 0.36258 0.56615
1.1592 -0.51781 1.1113 -1.3283 0.27917 1.1148
-0.1372 -0.62767 1.4828 -1.5998 -0.22943 0.0816
-1.8487 -1.2017 2.2535 -1.8919 -0.63776 -0.79864
-2.0664 -1.2651 2.4972 -2.117 -0.53368 -1.0072
-3.1696 -1.5823 2.9777 -2.2587 -0.96303 -1.9141
-2.5676 -1.585 3.0572 -2.4884 -0.99293 -1.6381
-1.6777 -1.4891 2.9588 -2.3403 -0.14538 -0.83728
-1.5 -1.3195 2.8036 -2.1917 -0.40774 -0.99205
-1.0483 -1.0281 2.3653 -1.7312 0.011488 -0.72349
-1.2398 -1.0022 2.2703 -1.8328 0.22956 -0.81655
-1.5874 -1.1988 2.4634 -2.1853 0.34132 -0.90718
-1.8293 -1.6204 2.9423 -2.3214 0.59784 -0.83728
-2.1093 -2.3135 4.4391 -3.7162 1.0714 -0.60917
-2.1238 -3.0587 5.6596 -4.4232 1.1497 0.099368
-1.9557 -3.2565 6.6611 -4.2787 1.2515 0.1242
-1.8735 -3.3572 7.2672 -4.7611 1.2825 0.48556
-1.5821 -3.1073 7.0595 -4.1551 1.1168 0.58058
-1.5371 -3.1264 6.8454 -4.1903 1.1776 0.45699
-1.5011 -3.2018 6.4709 -4.3781 1.0859 0.42123
-1.5194 -2.9807 5.8991 -4.0126 1.1085 0.35411
-1.8874 -3.4946 5.5724 -4.5494 1.0043 -0.025128
-1.6494 -2.9407 5.1009 -3.6726 0.9292 0.048116
-1.9229 -2.2529 3.7941 -2.6391 0.7767 -0.39937
-1.7205 -2.1848 3.7935 -2.5507 0.76856 -0.30849
-1.6162 -1.5887 3.1487 -1.7657 0.64501 -0.36621
-1.6472 -1.6161 3.2408 -1.7917 0.77257 -0.39382
-1.6955 -1.6865 3.37 -1.9606 0.95081 -0.34806
-1.872 -1.9096 3.6929 -2.2042 0.99544 -0.41836
-2.2143 -1.9021 3.7353 -2.1837 1.5108 -0.54667
-2.165 -1.8301 3.6318 -2.1114 1.2716 -0.56927
-2.3358 -1.8988 3.7731 -2.2494 1.4873 -0.65857
-2.154 -1.8216 3.6351 -2.2387 1.2516 -0.6807
-2.0198 -1.8162 3.6303 -2.2598 1.1562 -0.65203
-1.9109 -1.8502 3.6705 -2.3426 1.0497 -0.65544
-1.8195 -1.797 3.5461 -2.2801 1.0384 -0.63396
-1.7586 -1.7569 3.5373 -2.2305 1.0726 -0.61906
-1.7102 -1.7354 3.4795 -2.199 1.0563 -0.58387
-1.6763 -1.6896 3.4391 -2.2006 1.063 -0.59219
-1.6343 -1.7712 3.4728 -2.335 1.0372 -0.57201
-1.6292 -1.766 3.4898 -2.3449 1.0188 -0.57764
-1.6088 -1.8652 3.5421 -2.5091 0.95634 -0.59647
-1.6121 -1.8563 3.5414 -2.5527 0.93397 -0.63321
-1.5911 -1.8692 3.5769 -2.6071 0.97493 -0.59275
-1.5533 -1.8941 3.7305 -2.6806 1.0534 -0.49725
-1.5504 -1.6682 3.2487 -2.3071 0.85382 -0.47539
-1.5225 -1.7119 3.4212 -2.3412 1.2503 -0.21305
-1.4477 -1.4042 2.7315 -1.7337 0.87398 -0.19352
-1.5074 -1.3454 2.5443 -1.6693 0.95483 -0.19341
-1.4614 -1.3748 2.5572 -1.7306 0.8594 -0.24282
-1.4499 -1.3205 2.5123 -1.8448 0.69413 -0.41658
-1.4967 -1.5602 2.9604 -2.2703 0.62853 -0.54926
-1.4449 -1.6527 3.3059 -2.5999 0.55679 -0.65751
-1.4216 -1.7515 3.4879 -2.7834 0.57545 -0.65961
-1.3705 -1.838 3.6955 -2.9296 0.57424 -0.66071
-1.3304 -1.8356 3.6821 -2.9396 0.61381 -0.60568
-1.2774 -1.7886 3.5639 -2.841 0.70471 -0.55941
-1.2655 -1.7511 3.5187 -2.7635 0.69874 -0.5282
-1.235 -1.643 3.3262 -2.4942 0.7355 -0.47057
-1.2185 -1.5523 3.2013 -2.3395 0.69129 -0.46422
-1.1781 -1.5356 3.1503 -2.242 0.68623 -0.41012
-1.1388 -1.5096 3.1322 -2.2576 0.6478 -0.4002
-1.0785 -1.5639 3.1689 -2.3144 0.60667 -0.35431
-1.0895 -1.5342 3.1595 -2.3569 0.64424 -0.34685
-1.0905 -1.4874 3.0726 -2.135 0.61483 -0.28186
-1.0746 -1.3915 2.9383 -2.0552 0.65547 -0.23479
-1.124 -1.2265 2.7582 -1.6047 0.6246 -0.17139
-1.096 -1.2383 2.7624 -1.7409 0.6585 -0.15413
-1.0649 -1.249 2.8461 -1.7158 0.6325 -0.13096
-1.0507 -1.3731 3.0394 -2.0602 0.61049 -0.16114
-1.1116 -1.5351 3.274 -2.3367 0.73177 -0.23783
-1.0881 -1.6025 3.3948 -2.5233 0.69604 -0.26305
-1.1588 -1.6943 3.4924 -2.6547 0.77178 -0.31276
-1.1855 -1.6779 3.4812 -2.6529 0.81342 -0.34728
-1.1658 -1.6445 3.4364 -2.6239 0.78024 -0.33385
-1.1642 -1.6895 3.4605 -2.6381 0.78231 -0.34327
-1.1404 -1.6338 3.4247 -2.636 0.75295 -0.33508
-1.1265 -1.6617 3.4459 -2.6233 0.75426 -0.32397
-1.1228 -1.6598 3.4369 -2.635 0.73713 -0.34825
-1.1174 -1.6399 3.4095 -2.6172 0.74801 -0.31959
-1.0935 -1.6619 3.4247 -2.6091 0.74032 -0.29994
-1.0851 -1.6363 3.3894 -2.5981 0.74816 -0.29195
-1.0087 -1.6538 3.3963 -2.5918 0.70143 -0.19292
-0.98061 -1.612 3.3495 -2.5867 0.6884 -0.18129
-0.93957 -1.6461 3.3662 -2.5905 0.65248 -0.1373
-0.9095 -1.5728 3.2887 -2.552 0.63403 -0.10877
-0.89762 -1.6395 3.3207 -2.5895 0.62543 -0.098016
-0.89934 -1.6196 3.3596 -2.604 0.6816 -0.11644
-0.86232 -1.6708 3.5609 -2.7189 0.66638 -0.18968
-0.77079 -1.6042 3.4137 -2.7186 0.59694 -0.18284
-0.69114 -1.7517 3.6783 -2.8948 0.76052 -0.26483
-0.56756 -1.7785 3.9018 -2.8482 0.8574 -0.16789
-0.74435 -1.8486 3.954 -2.8012 0.96316 -0.12795
-0.91087 -2.2052 4.8632 -2.908 1.3198 0.0028421
-1.2094 -2.0704 4.9769 -2.6671 1.3344 -0.020224
-1.5541 -2.1348 5.2081 -2.5248 1.2847 0.0044205
-1.2462 -1.8797 4.906 -2.2503 1.0243 0.069178
-0.25698 -1.7115 4.2035 -1.6686 1.1278 0.60242
0.30885 -1.47 3.6362 -1.506 1.163 0.78259
1.1282 -1.5236 3.4432 -1.1405 1.0154 1.5405
1.2736 -1.8677 3.6838 -1.415 1.5275 1.5135
0.011244 -1.9398 4.2723 -1.6452 0.90319 1.1166
-0.54778 -2.255 4.6709 -1.9074 1.0385 1.2063
-1.8081 -2.4171 5.0501 -2.1812 0.33787 0.041208
-1.5466 -2.1842 4.8035 -2.183 0.63717 0.59543
-1.3294 -2.084 4.4799 -1.9515 0.45988 0.38656
-0.79511 -1.9199 4.2441 -1.9692 0.48906 0.51324
-0.065875 -1.6593 3.7555 -1.6181 0.56791 0.83879
0.026109 -1.6456 3.7934 -1.6449 0.36622 0.76095
0.037613 -1.5373 3.601 -1.4808 0.1639 0.6644
0.11104 -1.5273 3.5764 -1.4086 0.095921 0.68766
0.12388 -1.5559 3.6592 -1.437 0.061369 0.67301
0.10922 -1.5235 3.6164 -1.3856 0.087766 0.67859
0.11482 -1.5084 3.5478 -1.4378 0.083403 0.64338
0.099926 -1.5796 3.667 -1.5786 0.049115 0.61685
0.0083204 -1.7155 4.014 -1.8963 0.064545 0.45882
-0.083225 -1.6683 3.7337 -2.1024 0.098729 0.26936
-0.18433 -1.8532 4.1927 -2.2692 0.11678 0.084861
-0.26056 -1.8102 3.7989 -2.5645 0.19916 -0.12922
-0.30248 -1.723 3.6923 -2.2179 0.24596 -0.29255
-0.28252 -1.4924 2.9896 -2.0539 0.15605 -0.25399
-0.10876 -1.4848 3.2111 -1.7934 0.14162 -0.25211
-0.0020722 -1.1094 2.6896 -1.4528 0.040492 -0.13956
0.18554 -1.1169 2.8794 -1.2577 -0.041662 -0.032389
0.28461 -0.95289 2.8847 -1.0909 -0.11397 0.03297
0.32849 -0.84766 2.7886 -0.9573 -0.15171 0.058958
0.3424 -0.86676 2.6957 -0.82615 -0.21074 0.083863
0.35906 -0.76053 2.4915 -0.71375 -0.23749 0.10971
0.36431 -0.75136 2.3668 -0.68389 -0.26658 0.11762
0.37027 -0.72702 2.1977 -0.6552 -0.31765 0.11365
0.40221 -0.69455 2.1191 -0.64281 -0.332 0.1312
0.41085 -0.67777 2.0602 -0.66326 -0.37372 0.13071
0.42105 -0.67866 2.0267 -0.66249 -0.38348 0.13522
0.42716 -0.67724 2.0132 -0.65568 -0.3961 0.14219
0.43457 -0.67263 2.0166 -0.66609 -0.40167 0.15066
0.43291 -0.65401 1.9794 -0.63508 -0.41149 0.1506
0.4459 -0.65107 1.975 -0.64634 -0.40916 0.149
0.45433 -0.6412 1.9618 -0.63159 -0.43384 0.1586
0.4625 -0.64809 1.9643 -0.63821 -0.44078 0.16176
0.47108 -0.67013 1.9867 -0.64765 -0.44202 0.16706
0.48625 -0.66379 1.9948 -0.64991 -0.47142 0.18681
0.49054 -0.65225 1.9912 -0.65675 -0.48151 0.19094
0.50237 -0.6578 1.968 -0.65029 -0.49684 0.1828
0.5179 -0.61449 1.966 -0.66072 -0.53527 0.19702
0.51527 -0.65289 1.9839 -0.66561 -0.53414 0.18246
0.53143 -0.62846 1.9686 -0.65353 -0.57767 0.19106
0.53924 -0.67897 2.042 -0.67739 -0.57001 0.20921
0.56763 -0.64874 1.9878 -0.64245 -0.62486 0.23126
0.59796 -0.64436 1.9879 -0.61974 -0.64715 0.25147
0.59764 -0.63423 1.9481 -0.64179 -0.65117 0.21913
0.56324 -0.67333 2.0366 -0.68643 -0.53247 0.23064
0.38989 -0.75529 2.1718 -0.7464 -0.2987 0.20521
0.25561 -0.80694 2.3498 -0.83377 -0.11077 0.16011
0.077138 -0.96342 2.5779 -0.88634 0.25118 0.24995
-0.043599 -0.91147 2.6767 -0.8443 0.30687 0.25981
-0.029212 -0.92772 2.6476 -0.79784 0.33763 0.29448
-0.023135 -0.83811 2.5994 -0.71297 0.3104 0.33356
0.049155 -0.828 2.5417 -0.68849 0.20793 0.35265
0.15581 -0.7596 2.4199 -0.66206 0.12052 0.39856
0.20792 -0.77265 2.4063 -0.65934 0.081103 0.44226
0.27091 -0.80708 2.3746 -0.74765 0.085446 0.50247
0.31374 -0.80676 2.3659 -0.8444 4.58e-05 0.51779
0.2528 -0.89226 2.539 -1.005 0.027059 0.45451
0.096173 -1.1193 3.0469 -1.4276 0.098893 0.29413
0.15485 -1.2973 3.5817 -1.7269 -0.034059 0.27841
0.33213 -1.5242 4.3652 -2.1014 -0.43401 0.31463
0.47426 -1.7957 5.0117 -2.377 -0.50485 0.45224
0.44555 -1.932 5.5185 -2.607 -0.74028 0.45169
1.0612 -1.7953 5.2234 -2.5146 -1.2387 0.92858
0.12291 -1.9946 5.4372 -2.6777 -0.42191 0.48197
0.36165 -1.7604 4.7919 -2.6162 -0.5697 0.64298
0.067105 -1.716 4.5114 -2.6111 -0.33277 0.47926
-0.18706 -2.0088 4.9073 -2.8563 -0.020752 0.34847
-0.12143 -2.1921 5.2243 -3.1153 -0.097804 0.43673
-0.11241 -2.4793 5.9714 -3.417 -0.12595 0.481
-0.20904 -3.0877 7.0692 -3.9373 0.019629 0.62208
-0.2533 -3.0703 7.402 -4.0338 0.037306 0.65141
-0.2576 -3.2276 7.6905 -4.1894 0.020591 0.61916
-0.2355 -3.2184 7.6677 -4.1531 0.0081966 0.66314
-0.14223 -2.9527 7.2803 -3.8594 -0.16807 0.51921
-0.077204 -2.9978 7.1082 -3.839 -0.19067 0.55885
0.0060796 -2.7967 6.8234 -3.5889 -0.28212 0.55926
0.075843 -2.7467 6.6671 -3.4708 -0.31187 0.61157
0.15132 -2.6951 6.5103 -3.3796 -0.35305 0.73138
0.20178 -2.514 6.3075 -3.2021 -0.38604 0.75557
0.28218 -2.5271 6.252 -3.1492 -0.4823 0.8271
0.31206 -2.4517 6.1519 -3.0804 -0.50622 0.84482
0.32693 -2.4549 6.1471 -3.0636 -0.51429 0.83366
0.33159 -2.4233 6.1024 -3.0683 -0.51684 0.82061
0.34506 -2.444 6.1149 -3.083 -0.47998 0.82281
0.33425 -2.4361 6.0765 -3.1028 -0.46022 0.78406
0.37139 -2.3849 6.0328 -3.0797 -0.4812 0.77534
0.39358 -2.3981 5.9907 -3.0823 -0.48705 0.77765
0.40794 -2.356 5.9681 -3.0382 -0.53263 0.75634
0.43817 -2.2826 5.8523 -2.9842 -0.56247 0.75304
0.43266 -2.2181 5.7774 -2.9142 -0.56734 0.74105
0.42666 -2.2213 5.7573 -2.9028 -0.58052 0.71346
0.40869 -2.1254 5.6142 -2.8406 -0.54718 0.67918
0.41112 -2.168 5.6392 -2.8464 -0.54306 0.66299
0.4007 -2.1572 5.5936 -2.8479 -0.54696 0.63609
0.40815 -2.1628 5.6105 -2.8306 -0.54337 0.6284
0.41867 -2.1482 5.5791 -2.8143 -0.56333 0.61977
0.4168 -2.1185 5.5897 -2.7901 -0.56367 0.61844
0.41759 -2.1321 5.5955 -2.7849 -0.56541 0.60175
0.42002 -2.0569 5.5332 -2.7522 -0.55466 0.60768
0.40245 -2.0962 5.5717 -2.7621 -0.55139 0.57614
0.40889 -2.0866 5.553 -2.7745 -0.5524 0.57909
0.40498 -2.0824 5.5555 -2.7584 -0.56615 0.57636
0.4114 -2.1204 5.5497 -2.7838 -0.56376 0.56621
0.40843 -2.0738 5.5008 -2.7658 -0.57234 0.57429
0.39562 -2.0824 5.4602 -2.77 -0.5535 0.55451
0.38977 -2.0678 5.4696 -2.7547 -0.52431 0.541
0.38446 -1.9866 5.3378 -2.7232 -0.53685 0.53455
0.34457 -2.0359 5.4594 -2.7145 -0.50586 0.49076
0.35154 -2.0446 5.4667 -2.7128 -0.5404 0.48404
0.35488 -2.0513 5.4593 -2.7177 -0.54911 0.50739
0.36837 -2.1079 5.5638 -2.7557 -0.54988 0.49591
0.39241 -2.1371 5.5478 -2.7587 -0.60078 0.51467
0.37394 -2.0802 5.4984 -2.7564 -0.62123 0.50497
0.37007 -2.1336 5.5545 -2.7906 -0.64252 0.49362
0.42266 -2.0501 5.4807 -2.7629 -0.64379 0.54862
0.46444 -2.0584 5.4997 -2.7517 -0.64686 0.57781
0.44253 -2.1092 5.4879 -2.7857 -0.65132 0.59474
0.4184 -2.1064 5.4825 -2.7644 -0.70832 0.60425
0.45819 -2.1587 5.4888 -2.6843 -0.78304 0.6413
0.50847 -2.2563 5.7338 -2.9279 -0.80922 0.72037
0.43158 -2.4367 6.1502 -3.3106 -0.5156 0.7151
0.56508 -2.4304 6.4269 -3.4009 -0.19785 0.95244
0.13779 -2.6768 7.0664 -4.2132 0.32795 0.59098
-1.6352 -3.002 7.2817 -4.0492 0.30581 -0.40489
-3.6735 -3.6222 7.6786 -4.4199 0.59952 -1.7148
-4.2233 -3.458 7.6353 -4.2631 -0.021283 -1.5542
-5.5341 -4.3146 7.7583 -3.7058 -0.28515 -2.4557
-4.9903 -3.9671 7.8888 -4.4166 -0.334 -1.2154
-1.4633 -3.1659 7.0037 -3.0013 -0.56439 1.1831
-1.3987 -3.0047 6.6766 -3.0432 -0.33919 1.1622
-0.21338 -2.2781 6.0487 -2.7711 -0.39128 2.0246
0.31982 -1.5902 4.762 -1.3352 -0.31806 2.0159
-0.80888 -1.7394 4.7616 -1.6212 -0.43292 1.0604
-1.1484 -1.5463 4.3299 -1.085 -0.5005 0.75703
-0.99095 -1.4928 4.2267 -0.95293 -0.50077 0.84726
-0.74675 -1.5237 4.3266 -0.99799 -0.55173 0.93085
-0.67488 -1.4986 4.3551 -1.0116 -0.58159 0.98212
-0.57797 -1.5039 4.4024 -1.0675 -0.58158 1.0146
-0.58641 -1.469 4.3585 -1.028 -0.5984 0.99216
-0.71305 -1.5671 4.5588 -1.2508 -0.53432 0.9552
-0.68249 -1.5397 4.5218 -1.2336 -0.56212 0.93638
-0.68178 -1.4992 4.5081 -1.2661 -0.54234 0.95977
-0.59674 -1.5342 4.4842 -1.2346 -0.58465 0.94523
-0.56572 -1.4436 4.3525 -1.1499 -0.59173 0.9241
-0.53039 -1.4473 4.2753 -1.0835 -0.61904 0.88083
-0.4872 -1.4423 4.2343 -1.0904 -0.60195 0.88994
-0.44502 -1.428 4.2122 -1.0404 -0.60553 0.88002
-0.42496 -1.415 4.2248 -1.1422 -0.59159 0.87137
-0.41217 -1.4583 4.262 -1.0993 -0.64699 0.87851
-0.37952 -1.3519 4.1658 -1.0739 -0.6491 0.87085
-0.34126 -1.4115 4.2319 -1.0805 -0.67502 0.88352
-0.30749 -1.3678 4.1616 -1.0268 -0.70291 0.91851
-0.29146 -1.3623 4.18 -1.0467 -0.68833 0.89358
-0.27183 -1.3417 4.1189 -1.0505 -0.71627 0.89744
-0.26341 -1.3755 4.1546 -1.0691 -0.70035 0.89937
-0.21575 -1.2923 4.0487 -1.0321 -0.71998 0.90901
-0.16659 -1.2841 3.9548 -1.0056 -0.74533 0.93821
-0.14013 -1.3004 3.9768 -0.98063 -0.74879 0.96046
-0.18064 -1.3617 4.0703 -1.1097 -0.66154 0.94624
-0.14342 -1.4468 4.3945 -1.3173 -0.61187 1.0078
-0.22168 -1.6092 4.7331 -1.5913 -0.5275 0.92142
-0.30355 -1.8233 5.3474 -2.0493 -0.24519 0.99192
-0.18586 -1.8788 5.58 -2.1757 -0.38355 1
-0.26744 -1.9237 5.7761 -2.3463 -0.1773 1.0202
-0.18403 -1.9527 5.8078 -2.3287 -0.25904 1.0288
-0.13009 -1.7242 5.5727 -2.1083 -0.34121 1.0128
-0.11136 -1.6666 5.4872 -2.0033 -0.35889 0.96221
-0.20092 -2.0555 5.8559 -2.4915 -0.22237 1.0369
-0.30646 -2.6825 6.3824 -3.1377 -0.15761 1.0702
-0.54553 -3.1053 7.0994 -3.8538 0.15052 1.1049
-0.92231 -4.6748 8.5657 -5.5997 0.3596 1.1836
-1.0681 -4.6172 8.8152 -5.6935 0.46049 1.0646
-1.1612 -4.7306 9.0869 -6.1877 0.47168 1.025
-1.1594 -4.538 8.7652 -5.7472 0.46944 0.93344
-0.85231 -3.3595 7.3324 -4.3233 0.31296 0.94111
-0.87999 -2.9444 6.5823 -3.8452 0.50197 0.86893
-1.0354 -2.6256 6.1626 -2.8066 0.23936 0.44588
-1.4852 -2.7645 6.2664 -2.3799 -0.74373 -0.22323
-2.1746 -2.8745 6.8543 -3.113 -0.31166 -0.398
-1.9092 -3.6636 7.9787 -3.106 -2.2369 -1.0484
-2.3111 -3.2945 7.8472 -3.3556 -1.7753 -0.71169
-1.7542 -3.251 7.6271 -3.7724 -1.8728 -0.16947
-0.76617 -3.1551 7.2498 -3.3689 -1.6372 0.40637
-1.2965 -2.6804 6.5196 -3.3161 -1.1626 0.46946
-0.75039 -2.7473 6.2861 -3.2439 -0.96788 0.74287
-0.7996 -2.7592 6.315 -3.2346 -0.98642 0.58634
-0.98849 -2.8077 6.4039 -3.3075 -1.2322 0.3715
-0.73948 -2.7605 6.3924 -3.2668 -1.2756 0.46653
-0.49874 -2.7152 6.3552 -3.2624 -1.2999 0.54519
-0.36451 -2.6092 6.2565 -3.1391 -1.2735 0.56009
-0.34524 -2.6035 6.3032 -3.0855 -1.2302 0.51516
-0.26935 -2.5151 6.1688 -2.9979 -1.1926 0.49034
-0.30429 -2.5027 6.1678 -2.9816 -1.1764 0.43881
-0.29373 -2.5254 6.1612 -3.0151 -1.1287 0.42844
-0.2757 -2.3623 5.8396 -2.8249 -1.0486 0.45997
-0.28298 -2.414 5.8631 -2.8872 -1.0106 0.46732
-0.22504 -2.2148 5.5054 -2.589 -0.89584 0.53912
-0.26113 -2.1968 5.4598 -2.5538 -0.88921 0.49167
-0.19864 -2.1097 5.3185 -2.4347 -0.93519 0.48773
-0.26674 -2.0599 5.2803 -2.394 -0.84081 0.42089
-0.22731 -2.0887 5.2943 -2.4238 -0.90067 0.40969
-0.24944 -2.1041 5.3305 -2.495 -0.8562 0.36919
-0.23425 -2.1564 5.3904 -2.5315 -0.85339 0.37488
-0.21384 -2.127 5.357 -2.5429 -0.91666 0.37395
-0.13416 -2.1043 5.2894 -2.4569 -0.92392 0.4079
-0.12564 -2.041 5.2392 -2.4324 -0.89337 0.45339
-0.20036 -2.0645 5.2743 -2.3487 -0.90922 0.37997
-0.30735 -2.0181 5.2612 -2.3217 -0.85009 0.36034
-0.3579 -2.1756 5.5366 -2.4418 -0.79197 0.3436
-0.87694 -2.2901 5.8538 -2.447 -1.2757 -0.12259
-1.1627 -2.3582 6.0491 -2.4789 -1.542 -0.3465
-1.2027 -2.5211 6.2955 -2.4124 -1.9947 -0.33655
-0.75964 -2.4449 6.1649 -2.1879 -2.0794 0.011158
-0.8898 -2.5158 6.23 -2.1644 -2.3188 0.11105
1.1063 -2.2236 5.5617 -1.7643 -1.8772 1.6567
0.96752 -2.2385 5.6147 -1.863 -1.6177 1.761
1.109 -1.9955 5.2335 -1.7415 -1.4327 1.7806
1.6544 -1.8835 5.0186 -1.6366 -1.5037 2.1398
0.26934 -1.8622 5.0628 -1.7022 -0.82345 1.2342
0.4548 -1.7253 4.7952 -1.5691 -1.3099 1.1269
0.22544 -1.6667 4.6997 -1.3726 -1.0799 1.0643
0.33872 -1.6515 4.6062 -1.3481 -1.0452 1.166
0.58931 -1.6135 4.5885 -1.257 -1.2503 1.2828
0.80551 -1.6094 4.5659 -1.2931 -1.3478 1.3382
0.83405 -1.6975 4.7301 -1.4608 -1.3326 1.2227
0.97147 -1.5976 4.9254 -1.3949 -1.4752 1.0246
1.0319 -1.3874 4.8548 -1.5004 -1.492 0.78609
1.1472 -1.1331 4.6835 -1.1607 -1.6937 0.55675
1.2661 -1.003 4.9925 -1.1568 -1.7461 0.60307
1.2309 -0.59669 4.0062 -0.87318 -1.8291 0.34923
1.2157 -0.55669 3.8925 -0.79026 -1.8676 0.42028
