-9.4402e-05 -0.0013009 0.0043907 0.0035103 -0.00058707 -0.00098584
-0.0079823 0.00045047 -0.036895 0.047529 -0.010317 0.0067357
-0.0021671 0.0175 -0.03611 0.051925 -0.02477 0.0076025
0.0022796 0.018928 -0.0054586 0.093602 -0.028945 0.014902
0.0072026 0.085647 -0.015108 0.09148 -0.024931 0.036824
0.010317 0.07775 -0.065936 0.1372 -0.024629 0.052386
0.0057454 0.090303 -0.04244 0.083903 -0.029657 0.03797
0.014906 0.060263 -0.10164 0.12906 -0.039847 0.016256
0.0084404 0.084226 -6.7678e-07 0.069078 -0.035599 -0.0050364
0.0037995 0.082667 0.059475 -0.014209 -0.0092411 -0.020044
0.037729 -0.0058779 -0.17733 0.094291 -0.046806 0.020688
-0.0052686 0.12052 0.28471 -0.08467 -0.0076205 -0.0052676
-0.012118 -0.0096496 0.13835 -0.22712 0.027747 -0.032404
-0.15629 0.24226 1.9225 -1.3476 0.079387 -0.17596
-0.21459 0.03299 1.4645 -1.4736 0.12855 -0.1663
-0.28425 0.30145 2.2661 -1.593 0.076613 -0.12792
-0.24806 0.10229 0.52975 -0.58871 0.16243 -0.020944
-0.15775 0.15593 0.79634 -0.51217 0.044516 -0.00026801
-0.12954 0.032481 0.27192 -0.34694 0.083101 -0.0059331
-0.10476 0.050119 0.66256 -0.55408 0.021234 -0.013445
-0.13879 0.092198 0.56452 -0.4967 0.082476 -0.027004
-0.12843 0.053377 0.47915 -0.48067 0.073265 -0.032554
-0.12572 0.067282 0.53021 -0.50512 0.060002 -0.026962
-0.12789 0.034415 0.46939 -0.45704 0.063317 -0.025923
-0.12496 0.043485 0.49468 -0.4832 0.065516 -0.017875
-0.12292 0.03542 0.49917 -0.48226 0.066789 -0.030484
-0.12533 0.040856 0.50875 -0.52867 0.067226 -0.031077
-0.11423 0.039992 0.49314 -0.50203 0.069523 -0.033045
-0.1167 0.055814 0.48057 -0.48431 0.066251 -0.038655
-0.1068 0.061956 0.46323 -0.48381 0.062901 -0.0347
-0.11719 0.064008 0.46806 -0.49423 0.052987 -0.053732
-0.11257 0.067513 0.45652 -0.53132 0.069746 -0.052209
-0.1105 0.053932 0.45204 -0.52817 0.072117 -0.05919
-0.10519 0.065848 0.45156 -0.53377 0.068841 -0.052
-0.10371 0.042944 0.44582 -0.50407 0.063826 -0.044946
-0.10218 0.06053 0.43176 -0.47491 0.065283 -0.043512
-0.099004 0.069144 0.42097 -0.4738 0.089482 -0.031297
-0.099843 0.062739 0.4155 -0.48366 0.085603 -0.044003
-0.10123 0.067662 0.41982 -0.51095 0.093058 -0.042024
-0.10676 0.043279 0.4323 -0.51667 0.081155 -0.049629
-0.10894 0.059512 0.42217 -0.51461 0.084568 -0.042001
-0.11429 0.042044 0.43262 -0.52318 0.081155 -0.04555
-0.10968 0.029706 0.45922 -0.53374 0.07143 -0.046097
-0.11284 0.034185 0.44824 -0.53153 0.088761 -0.047787
-0.11397 0.044521 0.45065 -0.55155 0.079797 -0.045835
-0.11925 0.027547 0.41334 -0.48579 0.10096 -0.045951
-0.1197 0.054708 0.44128 -0.55666 0.072299 -0.049523
-0.11499 0.019913 0.42906 -0.48518 0.05574 -0.053031
-0.12293 0.073201 0.46044 -0.5983 0.020424 -0.054132
-0.11947 -0.0068645 0.49536 -0.47437 0.0072032 -0.04947
-0.12076 0.010796 0.56042 -0.53886 0.019538 -0.046709
-0.10892 -0.0012141 0.55431 -0.45786 0.026355 -0.045896
-0.11246 0.034649 0.56662 -0.54173 0.043308 -0.047194
-0.108 0.020733 0.55507 -0.52337 0.037018 -0.044928
-0.10794 -0.00046081 0.58067 -0.54687 0.032507 -0.050893
-0.10194 -0.0066653 0.56274 -0.54913 0.038416 -0.042443
-0.10281 0.02132 0.56308 -0.54667 0.031335 -0.042295
-0.10629 0.017905 0.539 -0.5488 0.042137 -0.025396
-0.11067 0.022096 0.5534 -0.55638 0.025826 -0.043411
-0.11074 0.0076103 0.5257 -0.55085 0.036365 -0.041558
-0.10586 0.014362 0.56238 -0.57928 0.036009 -0.050954
-0.0975 0.034842 0.56715 -0.5303 0.032623 -0.039862
-0.12238 -0.00023839 0.50318 -0.58077 0.058193 -0.052074
-0.098286 0.024258 0.64589 -0.5868 0.02716 -0.045631
-0.08318 0.083257 0.61815 -0.32223 -0.02658 -0.028575
-0.0094994 0.21498 0.94389 -0.17129 -0.09239 0.015421
-0.040676 0.29024 0.69085 0.51659 -0.1162 0.048302
-0.035734 0.27263 0.5199 0.79374 -0.11609 0.10042
-0.063591 0.30321 0.032986 1.5935 -0.23747 0.12097
-0.0062959 0.24117 0.053621 1.3935 -0.30347 0.14816
0.038445 0.22813 0.32439 1.1507 -0.42113 0.13518
0.041342 0.18568 0.66055 0.95734 -0.36159 0.12247
0.047951 0.59466 1.0134 1.4911 -0.31031 0.085576
0.0073732 1.0458 1.1648 2.442 -0.11295 0.0792
0.057829 1.5247 1.3599 2.6278 -0.050408 0.061022
0.028297 1.3736 1.195 2.35 -0.069239 0.06611
0.023263 1.4286 1.7076 1.8649 -0.055172 0.045307
-0.02076 1.2823 1.8912 1.5849 0.020778 0.088367
-0.03822 1.4277 1.9993 1.9276 0.15791 0.11466
-0.063309 1.0564 1.1659 1.8171 0.096207 0.13443
-0.098556 0.83276 0.75363 1.9474 0.037894 0.15704
-0.098887 0.57158 0.81153 1.1465 -0.021748 0.18335
-0.071904 0.49843 0.88427 0.82775 -0.054765 0.21781
-0.053189 0.43318 0.99186 0.44392 -0.083471 0.2016
-0.055248 0.45399 0.83938 0.87282 -0.13135 0.20181
-0.07301 0.5835 0.93738 1.2341 -0.075737 0.19864
-0.079686 0.66847 0.76208 1.7175 -0.04197 0.19756
-0.074801 0.61331 0.69023 1.6941 0.0094777 0.1675
-0.062521 0.59079 0.55792 1.7473 -0.017722 0.16692
-0.049157 0.56476 0.50094 1.5642 -0.060681 0.15671
-0.038989 0.57735 0.42382 1.5407 -0.096157 0.14289
-0.029705 0.45717 0.58202 1.2651 -0.089739 0.11615
-0.029227 0.39146 0.82227 1.0312 -0.026377 0.11035
-0.034748 0.37442 0.75993 0.90267 0.00094001 0.14259
-0.044841 0.3516 0.98086 0.83515 0.018233 0.16271
-0.040807 0.33123 0.98705 0.82986 0.0087077 0.16393
-0.030601 0.18165 1.4419 0.60057 -0.012095 0.16449
-0.05166 0.31327 1.0507 0.75992 0.0047565 0.15294
-0.097907 0.39518 0.86318 1.0767 0.00083036 0.18428
-0.144 0.71332 0.36456 1.5432 0.018605 0.16167
-0.14249 0.661 0.1394 1.4757 -0.056696 0.13967
-0.10518 0.58936 -0.15074 1.1511 -0.12666 0.087707
-0.082226 0.42015 -0.3036 0.90605 -0.14373 0.071108
-0.081183 0.40951 -0.30154 0.87552 -0.090248 0.073091
-0.087491 0.41712 -0.17587 0.80951 -0.03509 0.056558
-0.094115 0.39525 -0.28209 0.86722 -0.036428 0.055833
-0.10049 0.34448 -0.26861 0.86254 -0.047267 0.069394
-0.13406 0.36813 -0.52045 1.0791 -0.029847 0.078309
-0.14106 0.32393 -0.43023 0.96412 -0.038233 0.061629
-0.12226 0.37354 -0.3754 0.89612 -0.042581 0.021499
-0.10781 0.34452 -0.26063 0.79498 -0.092799 0.019753
-0.1405 0.36357 -0.51043 1.1936 -0.055128 0.0549
-0.19799 0.3223 -1.0303 1.6918 -0.048653 0.061505
-0.21414 0.26248 -1.3982 2.1839 0.015113 0.087395
-0.16788 0.34994 -1.1885 1.8931 -0.01129 0.043024
-0.15409 0.27953 -1.1625 1.9917 -0.045962 0.024947
-0.16263 0.34429 -1.174 2.2708 -0.087214 -0.0088436
-0.19479 0.19285 -1.6582 3.1706 -0.068422 0.042712
-0.1691 0.36581 -1.4589 3.4534 0.021425 0.16443
-0.13781 0.40626 -1.3083 3.4857 -0.0024786 0.23506
-0.12381 0.54659 -0.99978 3.28 -0.065045 0.25192
-0.12188 0.51911 -0.99758 3.1925 -0.13951 0.19569
-0.12234 0.52975 -0.98271 3.077 -0.13642 0.17658
-0.098826 0.54837 -0.92038 2.9398 -0.12803 0.17207
-0.095235 0.53275 -1.0103 3.0452 -0.11251 0.1908
-0.092556 0.50967 -0.86898 2.8645 -0.12562 0.18105
-0.10779 0.50728 -1.0636 3.4154 -0.11786 0.20801
-0.10129 0.47719 -0.82458 3.1306 -0.080389 0.21683
-0.10758 0.46544 -0.90767 3.3984 -0.11955 0.18292
-0.081149 0.41403 -0.63434 2.5287 -0.049212 0.22176
-0.070118 0.48659 -0.53237 2.4279 -0.14006 0.1885
-0.082951 0.60196 -0.47969 2.307 -0.073398 0.29802
-0.12747 0.61761 -0.41194 2.5657 -0.020938 0.25762
-0.12956 0.66934 -0.76135 2.8806 -0.40836 0.1629
-0.10477 0.52562 -0.7369 2.8187 0.074721 0.22501
-0.12797 0.61215 -0.77388 2.7511 0.41037 0.19141
0.034631 0.42308 -0.42864 2.7451 2.2952 1.2121
0.47759 0.46978 -0.41944 2.857 2.8979 1.8987
0.77933 0.32755 -0.4354 2.791 2.7572 2.4373
0.32404 0.31686 -0.40319 2.1502 1.0446 1.1844
-0.51311 0.22136 -0.28864 1.6858 -0.50819 0.081673
-0.93721 0.1943 -0.28125 1.6066 -0.60163 -0.46072
-0.5862 0.2611 -0.68621 1.978 -0.0086183 0.020809
-0.26345 0.3468 -0.87337 1.9817 0.43126 0.19021
-0.12633 0.3552 -1.1202 2.0716 0.36613 0.24926
-0.20121 0.39004 -0.893 1.7402 0.057467 0.050593
-0.12521 0.38788 -0.84393 1.8279 0.222 0.27065
-0.10055 0.50889 -0.52085 1.5845 0.16682 0.2217
-0.11667 0.55389 -0.49906 1.6822 0.16683 0.33318
-0.12229 0.51864 -0.47318 1.4312 0.13626 0.26165
-0.12538 0.44984 -0.54689 1.5481 0.076499 0.26154
-0.11513 0.36134 -0.44058 1.6298 0.11836 0.22566
-0.11294 0.43083 -0.39057 2.0214 0.11072 0.21678
-0.099938 0.43284 -0.39299 2.0189 0.13544 0.23524
-0.091248 0.38942 -0.48734 1.9188 0.17025 0.23759
-0.10366 0.32748 -0.48642 1.7229 0.14728 0.23421
-0.11795 0.34335 -0.4364 1.5773 0.15984 0.21813
-0.12932 0.42363 -0.38816 1.6505 0.092056 0.19796
-0.12745 0.41059 -0.41838 1.6186 0.069455 0.18277
-0.12463 0.3945 -0.45864 1.7034 0.057059 0.1786
-0.11975 0.39861 -0.46964 1.6871 0.056187 0.16306
-0.12119 0.40619 -0.43443 1.7316 0.045343 0.15267
-0.11666 0.36106 -0.47231 1.7644 0.025177 0.14604
-0.11868 0.36772 -0.53443 1.7417 0.038349 0.15285
-0.10902 0.43347 -0.55627 1.6919 0.032845 0.14358
-0.1114 0.47427 -0.57197 1.7621 0.033571 0.13118
-0.1106 0.37045 -0.5876 1.773 0.037004 0.12969
-0.12476 0.29982 -0.66652 1.9096 0.018697 0.14841
-0.12567 0.37214 -0.68764 1.7755 0.028134 0.1617
-0.12997 0.47582 -0.64175 1.782 0.0016946 0.14638
-0.12309 0.4595 -0.65226 1.6368 0.019331 0.14176
-0.12891 0.39391 -0.6365 1.6543 0.0042322 0.11763
-0.12309 0.35318 -0.63076 1.6072 0.00068519 0.12277
-0.1321 0.38187 -0.58431 1.6965 -0.027102 0.098802
-0.11535 0.2623 -0.5141 1.8821 -0.04521 0.14981
-0.12131 0.25008 -0.59987 2.12 -0.054082 0.15291
-0.12802 0.30937 -0.82447 2.3126 -0.06171 0.14544
-0.15539 0.40811 -1.0092 2.2722 -0.040151 0.068756
-0.15691 0.37015 -1.3518 1.8295 -0.12316 0.013829
-0.19896 0.22693 -1.0491 1.7436 0.077555 0.046406
-0.23587 0.24475 -1.1193 1.9673 0.18527 0.08824
-0.2935 0.38703 -0.60238 2.8715 0.54012 0.19802
-0.24892 0.51162 -0.80683 3.0535 0.42933 0.18957
-0.22364 0.55844 -0.63096 3.0428 0.43789 0.21879
-0.19176 0.50976 -0.78596 2.8601 0.28821 0.17362
-0.22183 0.47953 -0.86004 2.9898 0.2678 0.17572
-0.20101 0.52801 -0.88737 3.1115 0.27439 0.1904
-0.19568 0.51914 -1.0245 3.1147 0.22286 0.13158
-0.15366 0.72139 -0.79549 2.9913 0.26342 0.13583
-0.18656 0.61172 -1.0485 3.0988 0.1681 0.079603
-0.17886 0.62952 -1.0366 3.0612 0.20071 0.1921
-0.22366 0.38214 -1.433 3.476 0.20499 0.21044
-0.20727 0.45966 -1.2908 3.5004 0.25282 0.23793
-0.19091 0.47414 -1.3004 3.5765 0.21023 0.21237
-0.15165 0.59201 -0.9422 3.2386 0.14242 0.15918
-0.11581 0.61499 -0.83093 3.0506 0.078209 0.12921
-0.117 0.62105 -0.7348 2.8912 0.037908 0.058734
-0.10606 0.62397 -0.80162 2.8697 0.071081 0.1053
-0.11281 0.58766 -0.8445 2.8184 0.098173 0.12056
-0.10343 0.61514 -0.83015 2.8448 0.11297 0.14786
-0.10494 0.55074 -0.85519 2.8898 0.063751 0.13365
-0.10306 0.57262 -0.82798 3.0247 0.037719 0.13747
-0.10369 0.53804 -0.87282 3.042 0.078558 0.14314
-0.10951 0.59103 -0.82616 2.9233 0.1385 0.13533
-0.11727 0.53801 -0.79789 2.6989 0.1815 0.13549
-0.13052 0.52269 -0.72131 2.4958 0.18538 0.13882
-0.12499 0.50819 -0.6845 2.4119 0.16044 0.14078
-0.12324 0.51553 -0.66905 2.3792 0.16687 0.14351
-0.10859 0.51399 -0.65555 2.4099 0.13847 0.13842
-0.11545 0.52501 -0.65841 2.3674 0.16544 0.14131
-0.11473 0.53328 -0.64647 2.3563 0.15333 0.14029
-0.11801 0.51741 -0.63898 2.3443 0.16236 0.14662
-0.11477 0.49088 -0.6179 2.3294 0.16073 0.13687
-0.11104 0.5157 -0.6105 2.2837 0.17485 0.12536
-0.11583 0.50743 -0.59721 2.1836 0.20317 0.11248
-0.11082 0.50536 -0.58179 2.1483 0.1983 0.10914
-0.11068 0.47111 -0.58373 2.1511 0.18667 0.10817
-0.10522 0.52303 -0.60255 2.187 0.16826 0.1107
-0.11064 0.53161 -0.65543 2.208 0.13753 0.099421
-0.11675 0.54881 -0.69501 2.1722 0.12821 0.082378
-0.11441 0.49687 -0.71361 2.1209 0.10365 0.052365
-0.11175 0.47258 -0.68156 2.0516 0.12668 0.071742
-0.1047 0.4796 -0.67579 2.0699 0.11555 0.064704
-0.10447 0.4953 -0.63893 2.0175 0.1205 0.082536
-0.10572 0.4984 -0.6895 2.0791 0.10436 0.051828
-0.10279 0.44748 -0.63615 1.9706 0.11536 0.080606
-0.11295 0.44761 -0.6808 1.9497 0.12035 0.059977
-0.10405 0.4117 -0.58876 1.7674 0.11849 0.080908
-0.10734 0.41172 -0.57211 1.7223 0.08771 0.049561
-0.094369 0.37846 -0.47829 1.703 0.097259 0.065153
-0.10348 0.40532 -0.48754 1.6967 0.092221 0.023521
-0.102 0.34222 -0.37439 1.6165 0.14715 0.03607
-0.090991 0.36931 -0.29253 1.665 0.088679 0.041122
-0.082805 0.36888 -0.1238 1.5483 0.10313 0.083749
-0.079786 0.46949 -0.27424 1.5935 0.06926 0.084614
-0.1017 0.38236 -0.31524 1.3854 0.14138 0.082642
-0.10609 0.36949 -0.4893 1.5654 0.12838 0.056302
-0.10923 0.34838 -0.38929 1.5545 0.13166 0.045852
-0.10367 0.39121 -0.43953 1.5206 0.10376 0.012097
-0.099502 0.38636 -0.37188 1.3602 0.12951 0.015621
-0.096537 0.33801 -0.35609 1.2534 0.14172 0.0065176
-0.095081 0.33237 -0.33298 1.3017 0.17169 0.022766
-0.096617 0.23957 -0.37477 1.3924 0.1679 0.039344
-0.11094 0.13381 -0.41944 1.4814 0.12927 0.042926
-0.10882 0.069708 -0.36422 1.559 0.17422 0.092131
-0.11749 0.11885 -0.21671 1.4873 0.21777 0.10178
-0.1136 0.26229 -0.15584 1.6273 0.39101 0.1492
-0.10281 0.35115 -0.10637 1.7171 0.33549 0.15563
-0.1225 0.34746 -0.071375 1.7069 0.40217 0.12907
-0.10701 0.28751 0.2044 1.3123 0.31665 0.13046
-0.15277 0.222 0.53522 0.88521 0.47733 0.080176
-0.12069 0.26261 0.69381 0.85091 0.43525 0.14469
-0.15499 0.31254 0.61354 1.0504 0.49351 0.10912
-0.12643 0.38465 0.33415 1.442 0.34063 0.1102
-0.14306 0.40284 0.1875 1.5372 0.31105 0.057571
-0.12069 0.40814 0.11855 1.5628 0.25418 0.062523
-0.13228 0.40783 -0.0029949 1.6292 0.27763 0.045746
-0.14971 0.35583 -0.22509 1.9275 0.29427 -0.0044481
-0.15903 0.35203 -0.42175 2.2747 0.28515 -0.044092
-0.14791 0.3158 -0.42983 2.0466 0.33507 -0.027044
-0.11957 0.32923 -0.18977 1.7022 0.30466 0.028264
-0.11436 0.28523 -0.05087 1.4733 0.31559 0.060506
-0.12309 0.26048 0.066076 1.679 0.22074 0.062624
-0.099431 0.38756 0.19611 1.3181 0.19457 0.045987
-0.15741 0.3434 -0.28681 1.8016 0.11371 0.043667
-0.18014 0.38711 -0.58621 2.4982 0.14831 0.06115
-0.27213 0.22294 -1.5099 4.0204 0.16782 0.032555
-0.18072 0.39904 -1.112 3.639 0.1551 -0.02391
-0.16306 0.50313 -1.2854 3.331 0.11292 -0.12371
-0.14253 0.50546 -0.86439 2.5255 0.16016 -0.16121
-0.19941 0.45599 -1.0323 2.5637 0.27621 -0.18149
-0.19792 0.37963 -0.723 2.1106 0.31577 -0.18194
-0.14006 0.62507 -0.5791 2.0521 0.19112 -0.16856
-0.14217 0.64582 -0.5877 2.2472 0.1459 -0.14194
-0.15377 0.67465 -0.6001 2.4291 0.12034 -0.14239
-0.19818 0.52057 -0.65696 2.6384 0.17329 -0.13828
-0.18381 0.47628 -0.63505 2.623 0.1062 -0.14863
-0.16685 0.45933 -0.76484 2.9744 0.089982 -0.080917
-0.15347 0.45138 -0.77198 2.959 0.10645 -0.074619
-0.15884 0.47939 -0.78308 3.0522 0.1456 -0.043751
-0.16548 0.43977 -0.7573 2.9576 0.17944 -0.061249
-0.16967 0.49139 -0.7745 3.0156 0.16631 -0.046494
-0.1661 0.52352 -0.78206 3.0388 0.15655 -0.044938
-0.18074 0.65429 -0.79398 2.9701 0.13767 -0.066773
-0.17923 0.6373 -0.85195 2.8397 0.13783 -0.090966
-0.18214 0.59289 -0.86461 2.6443 0.15163 -0.12725
-0.17344 0.50828 -0.84127 2.5917 0.14673 -0.12087
-0.16945 0.50871 -0.78713 2.5858 0.14069 -0.11476
-0.17273 0.58048 -0.79016 2.6445 0.12603 -0.10882
-0.16283 0.58753 -0.79545 2.668 0.12009 -0.11725
-0.16474 0.59478 -0.82181 2.678 0.12476 -0.12587
-0.15264 0.54089 -0.79267 2.6959 0.11723 -0.11475
-0.16709 0.58738 -0.79914 2.6931 0.13638 -0.11241
-0.17318 0.57778 -0.75144 2.6967 0.12153 -0.095781
-0.18231 0.54837 -0.73113 2.6524 0.13273 -0.10173
-0.1674 0.52747 -0.73127 2.6292 0.12184 -0.10059
-0.15922 0.54419 -0.76379 2.6073 0.13489 -0.12682
-0.15656 0.56807 -0.82041 2.6514 0.15513 -0.12256
-0.15877 0.53832 -0.8128 2.609 0.13038 -0.13397
-0.15777 0.52117 -0.76413 2.5461 0.10067 -0.1125
-0.18352 0.5437 -0.85758 2.5124 0.1294 -0.14118
-0.21638 0.46154 -0.70728 2.5101 0.17014 -0.13256
-0.24611 0.44564 -0.70431 2.5533 0.26754 -0.12797
-0.22093 0.40711 -0.34903 2.4222 0.18063 -0.084653
-0.19607 0.50773 -0.46552 2.4111 0.22235 -0.052847
-0.17414 0.49256 -0.42039 2.3335 0.14572 -0.07325
-0.17289 0.51273 -0.57319 2.3843 0.19257 -0.088386
-0.16405 0.49383 -0.52512 2.3979 0.12392 -0.13841
-0.15512 0.39127 -0.5159 2.3824 0.12049 -0.12442
-0.16805 0.34936 -0.54018 2.509 0.10581 -0.11539
-0.18655 0.31358 -0.83989 3.0454 0.10787 -0.058028
-0.20615 0.45559 -1.265 3.9919 0.20839 0.027568
-0.20073 0.42956 -1.6773 4.8002 0.29292 0.08206
-0.20489 0.46321 -1.4782 4.7303 0.3743 0.083917
-0.19541 0.48671 -1.0934 4.3087 0.26056 -0.014924
-0.20694 0.56489 -0.70023 3.616 0.22134 -0.084913
-0.20507 0.55336 -0.67957 3.1992 0.16324 -0.13197
-0.22608 0.49591 -0.75439 2.5495 0.21486 -0.1529
-0.21706 0.43873 -0.70939 2.2058 0.17158 -0.17618
-0.20221 0.41543 -0.6403 2.1425 0.17136 -0.18562
-0.17879 0.39178 -0.50809 2.3168 0.17 -0.17104
-0.17268 0.40746 -0.51515 2.4124 0.1869 -0.16518
-0.18083 0.43432 -0.52499 2.3691 0.18316 -0.17422
-0.17483 0.41844 -0.5368 2.3716 0.16755 -0.1845
-0.17417 0.41055 -0.5098 2.4039 0.17861 -0.18305
-0.163 0.40792 -0.44403 2.4614 0.18587 -0.17459
-0.16979 0.46852 -0.49078 2.4605 0.18152 -0.16332
-0.17221 0.51309 -0.52244 2.4395 0.15378 -0.16898
-0.17971 0.49299 -0.55861 2.4107 0.15201 -0.16809
-0.18232 0.49806 -0.53297 2.414 0.14927 -0.17425
-0.1792 0.45463 -0.52753 2.4411 0.15215 -0.16816
-0.18145 0.48978 -0.54798 2.4471 0.13509 -0.17185
-0.17468 0.4795 -0.56641 2.4559 0.13299 -0.17982
-0.17769 0.50319 -0.56864 2.4342 0.1395 -0.18379
-0.16689 0.49861 -0.58814 2.4441 0.12927 -0.19765
-0.16832 0.47109 -0.57398 2.4293 0.13043 -0.18977
-0.16365 0.48633 -0.60321 2.4472 0.13041 -0.19962
-0.16549 0.47758 -0.58906 2.4467 0.14684 -0.18341
-0.16579 0.48031 -0.60923 2.4841 0.14757 -0.18914
-0.17019 0.46501 -0.61023 2.4819 0.12964 -0.19825
-0.17996 0.46524 -0.64259 2.5194 0.11595 -0.22679
-0.18281 0.47681 -0.66268 2.5028 0.089505 -0.2509
-0.17927 0.46201 -0.66335 2.5294 0.087295 -0.2486
-0.17573 0.45903 -0.63984 2.5041 0.082513 -0.24277
-0.17385 0.45187 -0.62747 2.5132 0.078346 -0.22891
-0.17377 0.46734 -0.61633 2.4863 0.070216 -0.23647
-0.16701 0.45919 -0.58685 2.4842 0.038592 -0.22617
-0.16694 0.49251 -0.66743 2.5079 0.062595 -0.24549
-0.15984 0.47377 -0.67756 2.5324 0.065833 -0.25295
-0.16373 0.4846 -0.84157 2.4681 0.11038 -0.30348
-0.14992 0.42773 -0.8082 2.3795 0.092688 -0.262
-0.15859 0.45284 -0.91842 2.4376 0.091432 -0.18329
-0.13768 0.44426 -0.61968 2.6225 0.070312 -0.059603
-0.14335 0.53293 -0.49291 2.787 0.031537 -0.050291
-0.13108 0.5202 -0.2938 2.6589 0.015349 -0.092043
-0.1455 0.57993 -0.58496 2.5692 -0.039996 -0.1721
-0.14676 0.4921 -0.65501 2.4227 -0.020016 -0.18067
-0.15109 0.50469 -0.70929 2.4502 -0.041857 -0.17591
-0.16138 0.42051 -0.49506 2.3187 0.017366 -0.12561
-0.16188 0.48033 -0.43066 2.2754 -0.0070509 -0.10651
-0.16064 0.45231 -0.42416 2.2868 -0.043802 -0.10424
-0.1342 0.50785 -0.4745 2.3166 -0.14653 -0.12345
-0.11934 0.42492 -0.47822 2.3455 -0.17519 -0.14939
-0.10453 0.4111 -0.43868 2.2443 -0.15841 -0.14961
-0.10811 0.38366 -0.40204 2.2635 -0.11363 -0.1607
-0.10726 0.46742 -0.41158 2.2672 -0.10461 -0.15692
-0.10966 0.49983 -0.39471 2.3074 -0.10026 -0.16262
-0.10982 0.48093 -0.39251 2.2809 -0.099612 -0.15965
-0.10755 0.45455 -0.38927 2.2483 -0.090499 -0.15878
-0.11253 0.48895 -0.38139 2.2683 -0.097065 -0.17196
-0.10196 0.48832 -0.38527 2.2717 -0.10562 -0.1637
-0.1102 0.48199 -0.37924 2.2484 -0.10087 -0.15617
-0.10306 0.43715 -0.4459 2.1867 -0.078659 -0.12884
-0.11858 0.46482 -0.44026 2.1363 -0.049226 -0.13984
-0.11483 0.4622 -0.42656 2.122 -0.036621 -0.14923
-0.1144 0.46187 -0.37566 2.1175 -0.040461 -0.16324
-0.11385 0.45327 -0.35392 2.1157 -0.036871 -0.17295
-0.10759 0.46599 -0.34095 2.122 -0.044865 -0.18017
-0.11569 0.45367 -0.3208 2.1169 -0.034264 -0.18555
-0.10592 0.45664 -0.33631 2.128 -0.048381 -0.17818
-0.11738 0.41415 -0.32504 2.1045 -0.036775 -0.17005
-0.11603 0.43006 -0.31053 2.0697 -0.046595 -0.16179
-0.12115 0.45885 -0.2662 2.0013 -0.051348 -0.15118
