-0.001014 -0.0017474 0.015815 -0.0051615 0.0021324 0.0048072
-0.00051938 0.023158 0.0048842 -0.008642 -0.0016465 0.012791
0.0039167 0.045154 0.0084584 -0.018814 0.010192 0.012291
0.00054812 0.028349 0.057401 -0.013985 0.006304 0.016963
-0.00070302 0.080104 0.047773 -0.0222 0.01579 0.026341
0.0043291 0.1253 0.040832 -0.022221 0.0068745 0.026772
0.0042333 0.11797 0.027138 -0.026755 0.014734 0.026958
0.0052407 0.089745 0.085455 -0.031291 0.01617 0.043016
0.0070795 0.13521 0.095455 -0.039779 0.021912 0.031003
0.005041 0.18984 0.048641 -0.05269 0.01421 0.047653
0.0054005 0.17384 0.059161 -0.037627 0.01904 0.050369
0.007081 0.14949 0.10964 -0.044283 0.024968 0.041964
0.0096335 0.17905 0.10994 -0.058688 0.02207 0.053363
0.0091627 0.22775 0.08185 -0.064787 0.017057 0.054282
0.0091159 0.18877 0.086514 -0.048186 0.024443 0.057276
0.009248 0.17834 0.14043 -0.070833 0.028326 0.046738
0.013594 0.22731 0.11185 -0.072697 0.012939 0.057412
0.011391 0.23203 0.10617 -0.072879 0.021548 0.057385
0.012251 0.20826 0.12074 -0.07347 0.024847 0.058535
0.013552 0.18889 0.15644 -0.080207 0.021051 0.059824
0.016132 0.23356 0.13024 -0.089324 0.018738 0.050744
0.01822 0.25147 0.12462 -0.091308 0.0098236 0.05497
0.015944 0.22534 0.13237 -0.094355 0.024167 0.054815
0.019363 0.21266 0.14749 -0.093894 0.011077 0.049599
0.019802 0.2121 0.16245 -0.097412 0.015349 0.055736
0.024151 0.22474 0.17881 -0.11479 0.0071195 0.052405
0.025476 0.26318 0.17595 -0.11568 0.011271 0.054238
0.025377 0.25025 0.16193 -0.11816 0.0083262 0.041161
0.029975 0.24409 0.18337 -0.12351 0.0032852 0.044718
0.029551 0.22696 0.1759 -0.1245 0.0032624 0.045906
0.030656 0.24422 0.16614 -0.13572 0.011384 0.036
0.027706 0.24946 0.19948 -0.14574 -0.0043292 0.061775
0.044241 0.25186 0.23897 -0.14738 -0.0037323 0.034138
0.041572 0.24638 0.27633 -0.1534 -0.0092901 0.037321
0.03876 0.27271 0.19978 -0.15679 0.0057383 0.028978
0.039554 0.28854 0.20916 -0.16561 -0.0090323 0.036825
0.044158 0.27053 0.22016 -0.17971 -0.012141 0.043567
0.049812 0.24158 0.25788 -0.17796 -0.010238 0.030514
0.049183 0.24587 0.28988 -0.18685 -0.012494 0.035235
0.048368 0.28796 0.27813 -0.19399 -0.0014351 0.028486
0.052347 0.29666 0.26196 -0.19868 -0.016564 0.023042
0.057204 0.27645 0.27164 -0.20379 -0.029051 0.040529
0.055881 0.26515 0.29312 -0.21113 -0.013565 0.021668
0.057023 0.26315 0.30583 -0.21765 -0.014848 0.03386
0.058817 0.30112 0.29512 -0.22841 -0.017536 0.020227
0.061124 0.28542 0.28263 -0.2291 -0.024657 0.040104
0.060139 0.25633 0.3209 -0.22373 -0.018729 0.022394
0.064296 0.26437 0.32227 -0.2527 -0.023617 0.024589
0.063318 0.30483 0.30374 -0.24487 -0.025994 0.021985
0.063878 0.2828 0.29514 -0.24269 -0.024725 0.039609
0.065561 0.25513 0.33048 -0.25476 -0.025228 0.027291
0.066411 0.26508 0.32854 -0.26172 -0.022481 0.02212
0.071827 0.30091 0.3035 -0.26888 -0.035159 0.030307
0.06327 0.26438 0.31164 -0.2798 -0.021079 0.034711
0.061682 0.24001 0.32745 -0.26906 -0.02092 0.021855
0.071897 0.28298 0.32224 -0.28497 -0.034796 0.031367
0.068075 0.29535 0.30005 -0.28672 -0.038492 0.028501
0.065347 0.24381 0.31798 -0.30866 -0.020069 0.031006
0.069661 0.22659 0.35036 -0.30344 -0.02287 0.028215
0.06802 0.29052 0.30993 -0.31499 -0.034822 0.022724
0.065108 0.28369 0.29441 -0.31795 -0.032178 0.033927
0.065294 0.21821 0.33463 -0.33259 -0.022756 0.027607
0.06436 0.23539 0.35127 -0.3582 -0.032372 0.022902
0.065511 0.28883 0.31969 -0.34537 -0.030982 0.019743
0.066573 0.25832 0.31228 -0.36684 -0.035719 0.034244
0.061558 0.20765 0.34812 -0.37435 -0.022797 0.024493
0.061985 0.23415 0.34329 -0.39034 -0.028347 0.010801
0.062077 0.28333 0.32926 -0.39619 -0.031075 0.026566
0.063388 0.23674 0.34156 -0.40792 -0.040852 0.026196
0.058723 0.18924 0.38501 -0.43273 -0.02449 0.011363
0.055142 0.26229 0.3515 -0.45478 -0.025362 0.010284
0.057579 0.24866 0.32998 -0.42782 -0.042719 0.022547
0.05749 0.21902 0.37431 -0.4652 -0.028254 0.018873
0.056353 0.19267 0.3932 -0.46867 -0.039547 0.0087179
0.053098 0.25827 0.37705 -0.49113 -0.023526 0.011198
0.054952 0.23853 0.35572 -0.49936 -0.038164 0.015067
0.049345 0.18667 0.39841 -0.51042 -0.036957 0.00045637
0.047614 0.20963 0.40841 -0.51442 -0.037776 0.010976
0.0509 0.2651 0.39585 -0.52771 -0.032931 0.012933
0.049101 0.20974 0.38217 -0.54367 -0.041596 0.0094145
0.046902 0.17939 0.4311 -0.54701 -0.039654 -0.0013408
0.04602 0.21574 0.43695 -0.55881 -0.032168 0.0018702
0.046295 0.25142 0.40538 -0.57194 -0.035724 0.0081545
0.039845 0.21704 0.38861 -0.57092 -0.0484 0.011987
0.043704 0.17637 0.47285 -0.58553 -0.037339 -0.0037088
0.044401 0.21807 0.46585 -0.60468 -0.043354 -0.0060138
0.037512 0.236 0.43101 -0.60088 -0.035137 0.00050479
0.04304 0.22688 0.41773 -0.58774 -0.043305 0.011746
0.041741 0.17423 0.48392 -0.62229 -0.041604 0.0053351
0.036096 0.2139 0.4816 -0.62675 -0.037879 -0.010815
0.037371 0.24919 0.46564 -0.6293 -0.039513 -0.0073327
0.038018 0.22336 0.45037 -0.63066 -0.042591 0.0077696
0.03968 0.19753 0.49052 -0.63522 -0.038302 -0.004705
0.035806 0.18929 0.50197 -0.63927 -0.0334 -0.0058341
0.033903 0.24643 0.49171 -0.65629 -0.036628 -0.0012986
0.037237 0.23457 0.47704 -0.64766 -0.047998 -0.0030973
0.035577 0.21723 0.48055 -0.63927 -0.028977 -0.00053163
0.033375 0.1847 0.51376 -0.65407 -0.03212 -0.008819
0.034291 0.24008 0.50548 -0.67274 -0.033982 -0.005106
0.033389 0.23474 0.50952 -0.66482 -0.032597 -0.0028177
0.032428 0.21597 0.50403 -0.65868 -0.028548 -0.012514
0.032199 0.19054 0.49719 -0.63377 -0.027894 -0.0065459
0.030048 0.24642 0.48452 -0.66507 -0.037989 -8.8649e-05
0.031874 0.23328 0.48504 -0.66087 -0.018236 -0.0040865
0.028648 0.17328 0.52428 -0.64669 -0.032349 -0.01251
0.027973 0.22914 0.49948 -0.63886 -0.016211 -0.017032
0.026477 0.23027 0.45484 -0.63463 -0.0308 -0.0085601
0.024234 0.20709 0.4451 -0.60849 -0.014429 -0.0048176
0.023893 0.176 0.47282 -0.58179 -0.024428 -0.010881
0.021528 0.204 0.45077 -0.63511 -0.02715 -0.016223
0.020942 0.22197 0.40591 -0.55213 -0.014927 -0.021554
0.020264 0.20124 0.39645 -0.56087 -0.017443 -0.010317
0.012862 0.16587 0.38139 -0.5232 -0.014764 -0.021852
0.011823 0.1577 0.37669 -0.49474 -0.020457 -0.01924
0.013723 0.19541 0.30778 -0.44857 -0.016587 -0.016927
0.0078431 0.19909 0.26484 -0.45878 -0.023195 -0.031156
0.0036955 0.12744 0.24543 -0.3509 -0.010003 -0.025738
-0.0031832 0.12352 0.21904 -0.3452 -0.013745 -0.042492
-0.0012625 0.17178 0.15316 -0.31455 -0.016176 -0.022241
-0.0010392 0.15652 0.28401 -0.51173 0.0048323 -0.0051337
0.023835 0.1885 0.23004 -0.26118 -0.025571 -0.0020277
-0.036961 0.038407 -0.14943 0.064592 -0.04508 -0.12164
-0.015881 0.12349 0.049762 -0.23259 0.017239 -0.0073403
-0.01079 0.1486 0.037707 -0.19763 -0.021678 -0.026167
-0.013409 0.080108 0.034899 -0.1668 -0.0039977 -0.023907
-0.0025627 0.13607 0.045524 -0.15603 0.014472 0.0010553
-0.025644 0.098911 -0.10124 0.023744 -0.042985 -0.06537
-0.026968 0.092277 -0.11794 -0.0060548 -0.001927 -0.047345
-0.019712 0.11075 -0.10533 -0.028291 -0.014231 -0.01511
-0.01837 0.076825 -0.13094 -0.0028389 -0.0043094 -0.021258
-0.021889 0.063087 -0.090887 0.023102 -0.0038959 -0.022282
-0.026881 0.10961 -0.13876 0.042787 0.0067266 -0.020699
-0.021025 0.12529 -0.14141 0.040473 -0.01375 -0.022952
-0.025643 0.087902 -0.18609 0.077506 -0.0073881 -0.011293
-0.026127 0.051224 -0.13216 0.063692 0.00045127 -0.012504
-0.021376 0.099397 -0.12999 0.079269 0.00091091 -0.013364
-0.024392 0.11162 -0.17141 0.092558 -0.0036468 -0.0073703
-0.025228 0.10394 -0.17714 0.10654 -0.0048347 -0.0046574
-0.024682 0.083158 -0.076852 0.04329 -0.0015518 -0.0013296
-0.011686 0.15167 0.017978 -0.092416 -0.012136 -0.0020158
-0.020229 0.088083 -0.17782 0.22079 0.0092014 -0.00070973
-0.035259 0.09341 -0.18281 0.22143 0.0041135 -0.014114
-0.020923 0.15535 -0.048274 -0.043767 -0.012462 0.013267
-0.012913 0.10787 0.016106 0.014637 -0.013883 0.0041856
-0.013347 0.14216 0.029229 0.054479 -0.0035086 -0.0065649
-0.01734 0.17708 0.0041808 0.057404 -0.0011999 -0.0055204
-0.014639 0.14943 0.04649 0.055818 -0.012516 -0.0093257
-0.014898 0.17327 0.0672 0.043337 -0.024983 -0.00049298
-0.01315 0.18128 0.1104 0.037077 -0.013112 -0.0088654
-0.0058266 0.18517 0.1487 0.042944 -0.018842 -0.018448
-0.0089433 0.18542 0.050763 -0.033433 -0.014093 0.00024121
-0.0093535 0.2203 0.11296 -0.077906 0.0098157 -0.03227
0.0022618 0.19695 0.4204 0.067153 -0.03453 -0.013585
0.0016237 0.26235 0.25674 0.040958 -0.067688 -0.019134
-0.0047151 0.26563 0.20667 -0.082263 -0.010626 -0.025368
0.0022258 0.22146 0.22712 -0.062836 -0.011783 -0.033828
0.0053399 0.27356 0.33549 -0.045097 -0.020087 -0.037227
0.010897 0.24558 0.36216 -0.037277 -0.035117 -0.029439
0.0087692 0.29213 0.35189 -0.071733 -0.035442 -0.031616
0.0070297 0.29418 0.35717 -0.079408 -0.030577 -0.032868
0.01218 0.2772 0.37238 -0.082576 -0.028652 -0.033392
0.014782 0.29715 0.41756 -0.082256 -0.03004 -0.041422
0.012514 0.30684 0.42969 -0.092641 -0.029161 -0.05362
0.017106 0.31462 0.42046 -0.10618 -0.032908 -0.037742
0.020131 0.30032 0.43568 -0.10063 -0.023268 -0.035866
0.017951 0.30512 0.43294 -0.10995 -0.032994 -0.035763
0.017202 0.33023 0.43937 -0.11918 -0.028727 -0.038946
0.018637 0.32026 0.46558 -0.11539 -0.031068 -0.05283
0.01997 0.32318 0.45805 -0.129 -0.014525 -0.03433
0.020344 0.31973 0.4637 -0.11259 -0.033101 -0.034958
0.025759 0.3183 0.46965 -0.11775 -0.020206 -0.043118
0.020321 0.32261 0.46881 -0.12214 -0.030587 -0.038396
0.021099 0.32723 0.46629 -0.12488 -0.017319 -0.037232
0.022268 0.31815 0.47985 -0.12622 -0.023787 -0.032957
0.022785 0.33412 0.46914 -0.12894 -0.017969 -0.037195
0.023087 0.33038 0.47105 -0.1251 -0.023108 -0.037997
0.023617 0.32311 0.45853 -0.1084 -0.017907 -0.025816
0.020786 0.31609 0.45777 -0.13067 -0.018164 -0.03549
0.02562 0.33742 0.47561 -0.12626 -0.01742 -0.034893
0.022572 0.3258 0.46959 -0.11004 -0.01598 -0.036822
0.02202 0.29909 0.4555 -0.11243 -0.017829 -0.024401
0.022472 0.30795 0.45311 -0.12599 -0.017495 -0.024691
0.024719 0.33314 0.4409 -0.12228 -0.016247 -0.030663
0.022782 0.33577 0.44914 -0.11646 -0.010938 -0.031889
0.019529 0.33 0.44489 -0.10988 -0.016818 -0.029156
0.023949 0.30436 0.444 -0.11135 -0.015812 -0.027711
0.021442 0.29155 0.43378 -0.10882 -0.016427 -0.02628
0.023613 0.31732 0.43002 -0.11595 -0.010117 -0.031008
0.023939 0.30797 0.43058 -0.11357 -0.015942 -0.022358
0.017477 0.31992 0.42277 -0.11801 -0.014532 -0.022629
0.021584 0.31539 0.42299 -0.1062 -0.014023 -0.031121
0.024802 0.30794 0.4206 -0.10813 -0.0139 -0.03217
0.020023 0.30902 0.40231 -0.11724 -0.014126 -0.023502
0.021902 0.3006 0.41062 -0.10593 -0.014493 -0.025793
0.020315 0.2761 0.41662 -0.1096 -0.015083 -0.023499
0.024875 0.31421 0.4049 -0.12267 -0.011963 -0.031235
0.020653 0.31843 0.40337 -0.11872 -0.012882 -0.027287
0.0227 0.29491 0.39888 -0.10188 -0.012079 -0.032218
0.021354 0.28909 0.39865 -0.12931 -0.02172 -0.024709
0.0221 0.3055 0.38902 -0.12289 -0.010545 -0.02338
0.025116 0.309 0.39799 -0.12086 -0.015616 -0.032094
0.024371 0.2728 0.39462 -0.11797 -0.0086625 -0.035016
0.022255 0.27659 0.38442 -0.13205 -0.018889 -0.025379
0.025372 0.31087 0.39151 -0.13881 -0.014215 -0.02767
0.026519 0.31125 0.39701 -0.13846 -0.01407 -0.039266
0.022318 0.28786 0.38401 -0.12975 -0.014519 -0.025433
0.027878 0.28235 0.39083 -0.14999 -0.015135 -0.034064
0.027383 0.27769 0.38641 -0.14929 -0.016646 -0.033645
0.026877 0.30293 0.39204 -0.15212 -0.016009 -0.037549
0.026509 0.2977 0.38815 -0.14844 -0.013702 -0.029788
0.031121 0.2808 0.40445 -0.17783 -0.017708 -0.039102
0.027575 0.2792 0.39151 -0.15459 -0.017582 -0.036774
0.029686 0.30327 0.38748 -0.16824 -0.016977 -0.038474
0.029499 0.29763 0.40642 -0.18619 -0.01834 -0.042791
0.0335 0.28624 0.40681 -0.17629 -0.017534 -0.040051
0.028599 0.26887 0.40282 -0.17596 -0.018952 -0.038186
0.035135 0.29805 0.40257 -0.19709 -0.019506 -0.046845
0.030644 0.30926 0.40747 -0.19026 -0.023686 -0.048629
0.034369 0.28799 0.39269 -0.18663 -0.020515 -0.048451
0.033329 0.26427 0.44414 -0.19501 -0.017787 -0.043102
0.033401 0.29508 0.4049 -0.1995 -0.02624 -0.05501
0.034772 0.32901 0.38721 -0.19414 -0.022502 -0.051906
0.037056 0.26672 0.39663 -0.19456 -0.025321 -0.052439
0.033399 0.26251 0.43787 -0.2054 -0.025804 -0.057952
0.0382 0.3179 0.40212 -0.19379 -0.02398 -0.060134
0.03355 0.30931 0.39121 -0.19536 -0.028251 -0.05541
0.03623 0.27536 0.38329 -0.19004 -0.021278 -0.058313
0.036624 0.25877 0.41309 -0.17769 -0.037217 -0.061286
0.035949 0.32292 0.36153 -0.1706 -0.025309 -0.067202
0.035929 0.30555 0.35081 -0.16493 -0.029124 -0.061874
0.037963 0.28004 0.35345 -0.16075 -0.029261 -0.068544
0.032346 0.24581 0.39863 -0.18282 -0.034361 -0.060746
0.041107 0.31872 0.41 -0.27034 -0.015937 -0.039288
0.030935 0.32436 0.31099 -0.06118 -0.03726 -0.071411
0.036196 0.26543 0.23651 -0.060251 -0.043504 -0.095975
0.037363 0.28864 0.36352 -0.21792 -0.025334 -0.042886
0.032904 0.25985 0.36269 -0.14761 -0.020183 -0.051293
0.03136 0.31371 0.30702 -0.13892 -0.029878 -0.061347
0.037972 0.31991 0.30412 -0.14885 -0.03835 -0.059141
0.030068 0.27519 0.28962 -0.12531 -0.026127 -0.054863
0.037131 0.25089 0.33083 -0.11545 -0.028694 -0.051934
0.032113 0.3255 0.28684 -0.13816 -0.032516 -0.057791
0.031595 0.31022 0.28491 -0.14629 -0.029692 -0.049829
0.0308 0.25863 0.32636 -0.15379 -0.021606 -0.04439
0.029272 0.27035 0.32352 -0.1445 -0.025593 -0.046425
0.033639 0.31927 0.28879 -0.12139 -0.033439 -0.056417
0.029918 0.33087 0.30159 -0.16392 -0.027478 -0.036357
0.031283 0.27547 0.3519 -0.19076 -0.02595 -0.045796
0.033443 0.25692 0.36485 -0.20087 -0.03611 -0.034634
0.024949 0.26427 0.31154 -0.12835 -0.017727 -0.037548
0.029055 0.34058 0.35219 -0.21368 -0.026116 -0.050192
0.029396 0.31001 0.38366 -0.21833 -0.027553 -0.041439
0.030392 0.28475 0.36839 -0.21022 -0.039621 -0.039602
0.030774 0.26148 0.40132 -0.23409 -0.025092 -0.035922
0.024988 0.28575 0.41888 -0.24544 -0.02391 -0.039653
0.028856 0.3198 0.42325 -0.25715 -0.031671 -0.039233
0.029323 0.29502 0.42022 -0.26451 -0.029192 -0.045893
0.028508 0.25468 0.45484 -0.2711 -0.023973 -0.039582
0.027848 0.29789 0.45 -0.30003 -0.03787 -0.035871
0.027788 0.29675 0.47846 -0.32666 -0.029111 -0.046724
0.027412 0.29869 0.46598 -0.30085 -0.020628 -0.047001
0.027227 0.26492 0.50108 -0.31646 -0.028511 -0.043466
0.02722 0.27412 0.5 -0.32122 -0.027824 -0.041247
0.022542 0.30883 0.4795 -0.36051 -0.021513 -0.050758
0.031518 0.28573 0.48514 -0.34371 -0.033798 -0.048579
0.027865 0.22215 0.53221 -0.35772 -0.026148 -0.044656
0.015487 0.2959 0.47483 -0.32302 -0.00015438 -0.047527
0.024871 0.3039 0.48229 -0.35285 -0.021105 -0.052541
0.024921 0.27283 0.46771 -0.35436 -0.023749 -0.050323
0.018609 0.22867 0.48258 -0.33411 -0.015425 -0.043733
0.013557 0.24095 0.45484 -0.33162 -0.0076624 -0.048412
0.021498 0.30036 0.4377 -0.32205 -0.018078 -0.054082
0.01857 0.24521 0.42303 -0.32477 0.0041688 -0.053907
0.0081851 0.25052 0.38735 -0.27625 -0.00065651 -0.052597
0.0053715 0.23133 0.35735 -0.25678 -0.0064654 -0.046054
0.0031544 0.2111 0.32031 -0.2359 -0.010079 -0.04584
0.00089221 0.2367 0.30714 -0.2478 0.0088279 -0.056478
0.0070523 0.23565 0.38041 -0.34636 0.0064155 -0.029852
0.031454 0.28447 0.41358 -0.24271 0.00066029 -0.0047885
-0.014203 0.21667 0.12973 0.018307 0.014559 -0.11334
-0.046906 0.12008 0.078819 -0.21146 -0.00083871 -0.046014
0.014577 0.21951 0.30948 -0.20756 0.010378 -0.0015766
0.0025406 0.22231 0.25129 -0.14159 0.012265 -0.034583
-0.0092478 0.24817 0.18375 -0.1286 0.011916 -0.040909
-0.011358 0.21372 0.14139 -0.10538 0.012873 -0.033399
-0.012856 0.19088 0.13988 -0.1168 0.010651 -0.033917
-0.012102 0.16862 0.14655 -0.047109 0.012806 -0.025679
-0.01203 0.17931 0.14555 -0.10363 0.0096546 -0.023118
-0.013259 0.24028 0.10973 -0.069517 0.015759 -0.028052
-0.012642 0.21338 0.12713 -0.07516 0.015096 -0.023379
-0.013422 0.20464 0.11665 -0.076236 0.02177 -0.011498
-0.0052857 0.17846 0.14583 -0.062389 0.0011828 -0.017195
-0.013544 0.19811 0.12987 -0.088463 0.019727 -0.023594
-0.013269 0.23447 0.12775 -0.068148 0.024003 -0.012185
-0.0067748 0.21671 0.13273 -0.072791 0.0035359 -0.013061
-0.0085444 0.19551 0.14758 -0.079619 0.01832 -0.015339
-0.0092645 0.2007 0.16186 -0.097176 0.021101 -0.016165
-0.0090333 0.2382 0.15563 -0.092978 0.018752 -0.013034
-0.008139 0.22828 0.15338 -0.1061 0.018827 -0.011936
-0.0070361 0.19965 0.17393 -0.10539 0.01926 -0.0098196
-0.0063988 0.20597 0.19863 -0.11038 0.017912 -0.023933
-0.0068866 0.25076 0.19375 -0.13311 0.021355 -0.016288
-0.0075802 0.22727 0.18614 -0.1382 0.024883 -0.014676
-0.0059897 0.21853 0.19522 -0.13909 0.025349 -0.01799
-0.0068855 0.2141 0.22345 -0.14227 0.027362 -0.028214
-0.0077497 0.23811 0.20804 -0.16127 0.022861 -0.018809
-0.0062763 0.2452 0.21213 -0.16402 0.026597 -0.020691
-0.0080911 0.20963 0.23993 -0.17577 0.035283 -0.030598
-0.0070885 0.21476 0.23519 -0.18255 0.027557 -0.031795
-0.006882 0.26102 0.215 -0.18723 0.027648 -0.02648
-0.0096371 0.23835 0.22307 -0.19499 0.03691 -0.034977
-0.0033469 0.19934 0.26978 -0.19651 0.03276 -0.031282
-0.012048 0.22849 0.23364 -0.20812 0.031903 -0.03466
-0.0096817 0.27411 0.2222 -0.20785 0.037882 -0.038968
-0.0048928 0.22094 0.23946 -0.22198 0.036633 -0.035574
-0.0065054 0.19264 0.27532 -0.23486 0.031724 -0.04022
-0.0084874 0.26145 0.22532 -0.21815 0.037397 -0.043286
-0.012802 0.25376 0.23146 -0.22293 0.037129 -0.03444
-0.0043313 0.20922 0.25626 -0.23738 0.035975 -0.038407
-0.0074913 0.21463 0.26068 -0.23491 0.040283 -0.0417
-0.0070721 0.27424 0.23019 -0.25089 0.03325 -0.037793
-0.0087505 0.25719 0.22349 -0.23359 0.035915 -0.045254
-0.0071601 0.20158 0.26879 -0.23531 0.037884 -0.039051
-0.0069569 0.19956 0.2553 -0.24901 0.036422 -0.02452
-0.007577 0.26944 0.23366 -0.24821 0.038623 -0.049023
-0.0074298 0.26226 0.24025 -0.25162 0.037124 -0.035504
-0.0059605 0.25414 0.23982 -0.23831 0.034831 -0.032901
-0.0078999 0.22317 0.24473 -0.24736 0.034832 -0.03263
-0.0059199 0.22026 0.24176 -0.24947 0.036043 -0.033897
-0.0050354 0.2371 0.25596 -0.25165 0.037912 -0.027052
-0.010813 0.24271 0.25561 -0.25402 0.041602 -0.033028
-0.0041209 0.27523 0.2418 -0.2502 0.035959 -0.032017
-0.0078845 0.24173 0.23516 -0.24919 0.040109 -0.028202
-0.00667 0.24422 0.23794 -0.25645 0.027205 -0.023749
-0.0064387 0.2135 0.26099 -0.25555 0.047832 -0.024633
-0.0077099 0.2411 0.25173 -0.25396 0.040086 -0.023679
-0.0061304 0.26881 0.2475 -0.26382 0.039061 -0.022043
-0.0036285 0.246 0.23709 -0.26228 0.035201 -0.020642
-0.0098422 0.22767 0.25758 -0.25826 0.039197 -0.024516
-0.0058192 0.22634 0.25878 -0.26914 0.042518 -0.021578
-0.0052617 0.26117 0.24557 -0.26663 0.045558 -0.022945
-0.0066112 0.24579 0.23749 -0.26302 0.035625 -0.012407
-0.0073583 0.23991 0.24608 -0.27582 0.041759 -0.011205
-0.0042818 0.20436 0.2579 -0.27147 0.04356 -0.01679
-0.0024353 0.25314 0.25327 -0.27982 0.032438 -0.023268
-0.0060863 0.24958 0.24068 -0.26503 0.041988 -0.018956
-0.0046058 0.2451 0.22227 -0.2737 0.040675 -0.012506
-0.0060784 0.1989 0.25662 -0.28441 0.039735 -0.0096822
-0.0015496 0.23719 0.24713 -0.27176 0.038451 -0.019213
-0.0044599 0.252 0.22654 -0.26325 0.036704 -0.014939
-0.0011248 0.23763 0.21987 -0.271 0.032836 -0.014812
-0.0040193 0.20616 0.23786 -0.27029 0.036078 -0.011979
-0.0040196 0.21887 0.2246 -0.25824 0.042561 -0.017592
-0.0014968 0.25962 0.19536 -0.24524 0.026061 -0.018369
0.00020123 0.2216 0.21571 -0.26427 0.026171 -0.014573
-0.0040117 0.18917 0.22458 -0.24181 0.039154 -0.016031
-0.00064434 0.2494 0.20403 -0.23546 0.030888 -0.018817
-0.00080098 0.24672 0.17786 -0.22471 0.029367 -0.017629
-0.0022443 0.19889 0.18206 -0.22604 0.027673 -0.016143
-0.0021426 0.1993 0.19621 -0.21228 0.02447 -0.021059
-0.0013174 0.24606 0.17066 -0.18488 0.029881 -0.023177
-0.00099547 0.23076 0.13919 -0.16436 0.019345 -0.024892
0.00033485 0.19883 0.15845 -0.16337 0.025193 -0.028279
-0.0017734 0.18409 0.17254 -0.1922 0.018022 -0.017996
0.0040067 0.27495 0.21952 -0.32532 0.047532 -0.0016104
-0.0068098 0.23974 0.22364 -0.19123 0.042238 -0.0055918
0.0027226 0.15386 -0.083459 0.2232 -0.032738 -0.091176
-0.0037486 0.22925 0.2006 -0.3029 0.036369 -0.0072656
0.0046093 0.20821 0.21016 -0.22703 0.039808 -0.0033011
-0.00013342 0.21202 0.16427 -0.14206 0.024747 -0.02414
0.00073649 0.2613 0.10362 -0.11453 0.0211 -0.030483
0.0019907 0.21068 0.14724 -0.1073 0.023804 -0.020171
-0.0014449 0.18695 0.15036 -0.1231 0.032944 -0.024938
0.0022207 0.18493 0.1421 -0.11685 0.016023 -0.022215
0.0055543 0.21576 0.16041 -0.12623 0.024805 -0.024379
-0.00023343 0.24957 0.145 -0.12905 0.035817 -0.027202
0.0028719 0.21351 0.15061 -0.10493 0.020838 -0.01539
0.0056898 0.19043 0.14248 -0.12626 0.034988 -0.012186
-0.0015225 0.16685 0.19099 -0.1112 0.027938 -0.019595
0.0054724 0.21338 0.17238 -0.10195 0.035918 -0.021358
0.0042944 0.21861 0.15927 -0.10797 0.02679 -0.015427
0.0050016 0.18761 0.19839 -0.16533 0.041886 -0.014946
0.0040905 0.18815 0.18357 -0.11514 0.036495 -0.014638
