1.4461e-05 -0.0070138 -0.0016668 -0.00038585 0.00058777 0.00020923
-8.578e-05 0.014356 -0.0052826 -0.0060321 0.0073744 -0.0014695
0.0030617 0.010417 0.016437 -0.0018679 -0.0078108 -0.0026437
0.0011065 0.11505 0.001522 -0.0021126 -0.0015574 -0.0027632
0.0017802 0.099712 0.0082731 -0.0019006 0.0016959 -0.00050811
0.0017788 0.057127 0.045538 -0.0081081 -0.013789 -0.0051715
0.0047912 0.15912 0.0059367 -0.004286 -0.0038027 -0.0092067
0.0045464 0.1542 0.016472 0.0023896 0.0061601 -0.0068484
0.0015944 0.10131 0.066751 -0.013788 -0.016817 -0.0041804
0.0048865 0.19225 0.022516 -0.0023104 -0.007629 -0.0041791
0.0073072 0.18343 0.019412 0.0013494 -0.0038252 -0.013401
0.0024426 0.1176 0.079737 -0.0082723 -0.0096326 -0.0085083
0.0037468 0.17993 0.039211 -0.0010331 -0.01256 -0.0097981
0.0086937 0.20685 0.030119 -0.00094464 -0.0026605 -0.0082539
0.0042231 0.16117 0.055982 -0.00083546 -0.015309 -0.0096403
0.0036812 0.1286 0.074002 -0.0095393 -0.011221 -0.0069827
0.008346 0.22106 0.027268 -0.0042243 -0.010282 -0.011259
0.0055856 0.18048 0.038909 6.993e-06 -0.011105 -0.0061757
0.0031874 0.12492 0.087675 -0.0080492 -0.014304 -0.0074803
0.0088398 0.2188 0.019756 -0.013907 -0.012278 -0.004429
0.0061677 0.19604 0.0345 -0.0046609 -0.0076472 -0.0043959
0.004622 0.12928 0.073834 -0.010746 -0.011894 -0.00094145
0.0075586 0.20084 0.055088 -0.026299 -0.014282 -0.0044658
0.0086804 0.1915 0.027197 -0.018207 -0.013415 -0.0015321
0.0034634 0.17793 0.055002 -0.018053 -0.0037719 0.0023639
0.0098117 0.19981 0.056388 -0.018633 -0.0092392 0.0055037
0.0072921 0.17319 0.056911 -0.031882 -0.0060748 -0.0010557
0.0056307 0.15835 0.068515 -0.035207 -0.013964 0.0007403
0.0071311 0.21642 0.05928 -0.032138 -0.01304 0.0054809
0.012657 0.2019 0.052378 -0.031896 0.00098617 0.0041568
0.0030677 0.17378 0.073971 -0.028636 -0.0018126 0.0015417
0.0078947 0.15158 0.08912 -0.055029 -0.021126 0.0045171
0.0081879 0.22031 0.070335 -0.035765 -0.0081555 0.0068803
0.0060352 0.20329 0.065632 -0.042057 -0.0018255 -0.0020951
0.0099664 0.17192 0.075293 -0.047245 -0.012549 0.0031096
0.0074289 0.15566 0.10032 -0.052757 -0.015513 0.0082948
0.0040909 0.21304 0.066887 -0.048609 -0.0091074 0.00034126
0.010139 0.20034 0.06341 -0.046655 -0.0074631 0.0029318
0.0068133 0.1659 0.086851 -0.063434 -0.01322 0.0032653
0.010412 0.14727 0.091326 -0.064565 -0.017543 0.0021691
0.009821 0.20809 0.054712 -0.047274 -0.01635 0.012224
0.01036 0.18626 0.060784 -0.0539 -0.0080038 0.0013943
0.010926 0.14447 0.078923 -0.082283 -0.011037 0.0075407
0.0085005 0.13199 0.061337 -0.043697 -0.028228 0.0039246
0.017291 0.19252 0.049102 -0.050296 -0.010747 0.01272
0.016765 0.17319 0.060629 -0.066688 -0.013583 0.017557
0.013875 0.10809 0.077499 -0.068412 -0.023037 0.011023
0.014903 0.13101 0.039848 -0.036636 -0.022944 0.011935
0.014434 0.16054 0.049723 -0.045809 -0.012986 0.014548
0.020034 0.16292 0.052087 -0.043163 -0.026811 0.026442
0.019161 0.10368 0.07695 -0.058863 -0.022374 0.020334
0.017818 0.11308 0.056204 -0.022605 -0.028028 0.020749
0.017905 0.15179 0.073566 -0.06479 -0.02353 0.018317
0.017554 0.14985 0.072697 -0.030075 -0.023356 0.029604
0.019482 0.13599 0.065629 -0.06129 -0.031242 0.024588
0.018252 0.13666 0.06592 -0.035542 -0.030733 0.021244
0.025999 0.099473 0.13168 -0.053614 -0.036794 0.026343
0.014138 0.17147 0.079466 -0.080103 -0.023127 0.023957
0.014831 0.17046 0.091966 -0.026279 -0.029661 0.017079
0.031236 0.1479 0.089565 -0.11221 -0.048364 0.031261
0.018921 0.14223 0.098375 -0.067719 -0.024674 0.012395
0.014761 0.15512 0.12004 -0.074418 -0.025674 0.021283
0.021926 0.13644 0.11309 -0.075595 -0.049926 0.021565
0.026343 0.20419 0.094466 -0.10388 -0.030839 0.015183
0.019124 0.17391 0.07091 -0.067501 -0.023203 0.0079954
0.021479 0.1219 0.12565 -0.088046 -0.034142 0.020995
0.01508 0.14955 0.09946 -0.074878 -0.046526 0.015559
0.024461 0.19365 0.083165 -0.089656 -0.032369 0.01204
0.020616 0.16701 0.079446 -0.068577 -0.018845 0.013044
0.020311 0.14706 0.072635 -0.054504 -0.030664 0.014701
0.01778 0.10757 0.097602 -0.043827 -0.053196 0.013594
0.019275 0.1875 0.066097 -0.077617 -0.024766 0.019806
0.022404 0.16061 0.039127 -0.02133 -0.031551 0.020447
0.020797 0.12454 0.05811 -0.029089 -0.038511 0.024671
0.020799 0.12269 0.053049 -0.025063 -0.033686 0.027441
0.024239 0.19392 -0.0044592 -0.021836 -0.030563 0.030116
0.026187 0.11696 0.046073 -0.061408 -0.027892 0.043967
0.033075 0.10406 0.070946 0.024251 -0.032761 0.028777
0.024258 0.16308 -0.057614 0.026216 -0.045004 0.050271
0.029448 0.16424 0.0012399 -0.029514 0.0073383 0.0585
0.045716 0.12799 0.0056898 -0.018254 -0.028512 0.05709
0.047594 0.14276 0.012649 -0.013175 -0.025046 0.057384
0.032338 0.13634 -0.0061337 0.012525 0.0088078 0.06384
0.0385 0.1394 -0.013235 -0.0052484 -0.011403 0.063542
0.05998 0.1526 -0.005563 0.0024094 -0.00093326 0.077885
0.044095 0.15504 0.0020363 -0.013545 0.010922 0.066982
0.053161 0.14418 0.012333 -0.020369 0.010576 0.07732
0.055635 0.14362 0.0073043 -0.0044206 0.0094764 0.079792
0.044498 0.14723 0.023789 -0.014243 0.019894 0.067677
0.048699 0.1369 0.02259 -0.012016 0.01156 0.07199
0.049619 0.15483 0.032895 -0.023618 0.019716 0.078283
0.049864 0.14416 0.037239 -0.019807 0.012639 0.073943
0.050954 0.15704 0.030209 -0.015999 0.021355 0.077071
0.042263 0.14894 0.027646 -0.0096158 0.010272 0.067818
0.036584 0.099069 0.048743 -0.038284 0.0065147 0.067004
0.043291 0.17937 0.024203 -0.031121 0.0065907 0.069482
0.042606 0.16527 0.013478 -0.011969 0.0081963 0.076145
0.038201 0.12547 0.0082159 -0.017781 -0.0018638 0.066218
0.035426 0.10196 0.041324 -0.037577 -0.011312 0.065033
0.034871 0.2025 -0.010555 -0.030128 -0.010454 0.063894
0.037343 0.16088 0.0011896 -0.026828 -0.013574 0.073104
0.033195 0.081186 0.035056 -0.035208 -0.023643 0.068006
0.035093 0.17185 -0.02759 -0.040119 -0.036202 0.067829
0.035227 0.18575 -0.0077845 -0.012903 -0.02412 0.06673
0.035193 0.13474 0.050246 -0.040753 -0.038948 0.07068
0.039555 0.10832 0.31727 -0.10773 -0.044038 0.073885
0.034851 0.21738 -0.057406 0.013924 -0.051822 0.057451
0.038371 0.18934 0.076244 -0.058194 -0.057313 0.079475
0.043123 0.099188 0.33969 -0.050047 -0.053997 0.068091
0.044869 0.20605 0.29367 -0.094901 -0.057195 0.067694
0.047205 0.18003 0.39101 -0.077109 -0.06891 0.066868
0.046729 0.22038 0.34846 0.00096713 -0.044015 0.061563
0.055735 0.17718 0.5267 -0.12197 -0.093924 0.064408
0.054493 0.18043 0.55894 -0.09027 -0.075409 0.064427
0.056126 0.23396 0.62999 -0.084679 -0.077275 0.059888
0.061785 0.22086 0.6804 -0.070544 -0.076271 0.066793
0.061805 0.2294 0.71094 -0.087205 -0.054769 0.048201
0.069181 0.19398 0.83048 -0.15026 -0.11921 0.059056
0.064823 0.2147 0.931 -0.084667 -0.077653 0.060428
0.071036 0.26078 0.92608 -0.095805 -0.10327 0.052268
0.072199 0.23693 0.94818 -0.11865 -0.097351 0.055887
0.074443 0.22858 0.98931 -0.18386 -0.083647 0.057463
0.074771 0.20808 1.1131 -0.11063 -0.095065 0.048042
0.077599 0.25023 1.1296 -0.10135 -0.10912 0.047559
0.090339 0.19783 1.279 -0.14754 -0.08741 0.0677
0.081566 0.26119 1.1521 -0.18559 -0.098044 0.0402
0.084833 0.2411 1.2518 -0.14294 -0.097508 0.043252
0.089321 0.22091 1.2903 -0.10813 -0.066229 0.048041
0.099001 0.21252 1.3661 -0.16824 -0.080658 0.04992
0.096172 0.23824 1.3345 -0.14032 -0.075189 0.044579
0.10372 0.22125 1.3896 -0.17008 -0.066683 0.040115
0.099348 0.23112 1.3435 -0.096464 -0.050675 0.039742
0.10248 0.24539 1.3631 -0.10654 -0.034777 0.041276
0.10375 0.21635 1.3825 -0.13963 -0.052099 0.035778
0.10846 0.21849 1.3491 -0.10023 -0.034125 0.039538
0.10827 0.24302 1.341 -0.11802 -0.024302 0.042635
0.098878 0.22292 1.3528 -0.14867 -0.017687 0.028595
0.10386 0.23328 1.2725 0.010092 -0.02046 0.043624
0.10422 0.2046 1.3387 -0.12819 -0.035448 0.039568
0.10209 0.26162 1.2911 -0.1288 -0.011602 0.036642
0.09153 0.2457 1.2011 -0.12038 -0.010761 0.039017
0.09216 0.19561 1.2848 -0.10061 -0.038926 0.04064
0.096068 0.20092 1.3145 -0.13813 -0.044309 0.046756
0.096689 0.26762 1.2536 -0.11649 -0.047588 0.051538
0.091689 0.25603 1.1707 -0.18858 -0.026364 0.037435
0.087549 0.18146 1.2499 -0.23454 -0.083522 0.054173
0.08671 0.19635 1.294 -0.16335 -0.091756 0.048538
0.084123 0.22817 1.247 -0.19753 -0.078932 0.054044
0.098567 0.22747 1.2028 -0.13791 -0.082229 0.05811
0.092172 0.21463 1.2205 -0.3471 -0.12051 0.054045
0.087263 0.16716 1.2058 -0.20844 -0.13444 0.048772
0.087031 0.16483 1.2281 -0.17027 -0.13482 0.053125
0.085488 0.21692 1.1831 -0.14455 -0.13916 0.054518
0.096697 0.1717 1.1884 -0.19468 -0.1396 0.064452
0.092034 0.19766 1.0639 -0.086457 -0.11533 0.041322
0.085127 0.15961 1.1343 -0.15858 -0.19285 0.060296
0.08689 0.14789 1.1249 -0.068365 -0.14396 0.048608
0.093605 0.17015 1.0974 -0.066042 -0.13607 0.048542
0.085731 0.18626 0.97033 0.068433 -0.13458 0.054828
0.085793 0.16367 1.0339 -0.016397 -0.13866 0.064764
0.10068 0.18764 1.0306 -0.033896 -0.13657 0.057274
0.081279 0.14978 0.99078 0.032518 -0.12159 0.062477
0.089711 0.18944 0.94553 0.061807 -0.10258 0.062477
0.088993 0.16342 0.98673 -0.053825 -0.11136 0.076648
0.094188 0.16308 0.96156 0.015184 -0.11929 0.072756
0.094539 0.20364 0.98132 -0.050769 -0.089311 0.088721
0.090828 0.17007 0.97355 -0.030812 -0.06162 0.10349
0.086017 0.16943 0.93541 -0.14507 -0.11902 0.08429
0.092268 0.18219 1.0013 -0.090087 -0.080701 0.11159
0.084862 0.20573 0.97438 -0.076681 -0.07203 0.10648
0.088008 0.15722 1.0354 -0.23638 -0.079753 0.1294
0.096623 0.16312 1.0303 -0.14376 -0.082535 0.12387
0.088254 0.21218 1.0253 -0.15245 -0.078118 0.12812
0.071884 0.20772 0.98736 -0.1854 -0.077174 0.14103
0.090126 0.19673 1.046 -0.17249 -0.072867 0.13897
0.086274 0.16559 1.0983 -0.17729 -0.084811 0.14398
0.085253 0.20267 1.0659 -0.16647 -0.081032 0.14674
0.078941 0.22226 1.022 -0.15349 -0.086063 0.13798
0.092234 0.22313 1.0226 -0.16542 -0.074878 0.15188
0.094683 0.17518 1.0575 -0.16762 -0.055826 0.152
0.078675 0.17417 1.0373 -0.24836 -0.12127 0.13795
0.079317 0.23744 0.98769 -0.15357 -0.070232 0.13252
0.077529 0.19193 0.96721 -0.23316 -0.076898 0.13433
0.089634 0.17938 0.97102 -0.24926 -0.065736 0.13343
0.090661 0.13112 1.1172 -0.33125 -0.081457 0.12952
0.07583 0.17804 1.1068 -0.42174 -0.10566 0.10877
0.060021 0.20929 0.77438 -0.2357 -0.052558 0.12072
0.072004 0.14163 1.0576 -0.44238 -0.069778 0.094018
0.070157 0.074114 1.2749 -0.51998 -0.069091 0.10702
0.069132 0.17633 1.2529 -0.47857 -0.064283 0.094574
0.069907 0.16674 1.3582 -0.52803 -0.1064 0.08406
0.054083 0.17515 0.96935 -0.4683 -0.043366 0.086313
0.065279 0.064807 1.6062 -0.59167 -0.0661 0.079596
0.069416 0.15432 1.6207 -0.51453 -0.077179 0.071061
0.071879 0.2106 1.61 -0.56869 -0.076013 0.08064
0.069036 0.16735 1.6058 -0.53015 -0.079752 0.06433
0.07452 0.16217 1.7617 -0.50054 -0.097749 0.069785
0.081069 0.13174 1.8367 -0.50839 -0.076721 0.074651
0.080283 0.22783 1.8767 -0.45735 -0.092013 0.067467
0.091852 0.19741 1.8851 -0.43964 -0.1225 0.065947
0.088321 0.19234 1.9027 -0.41767 -0.11142 0.067761
0.088098 0.15877 1.9292 -0.37067 -0.11983 0.06994
0.09536 0.20078 1.9045 -0.38088 -0.12802 0.075989
0.097285 0.24083 1.8871 -0.34423 -0.14381 0.070643
0.085871 0.17158 1.9071 -0.36221 -0.13449 0.068373
0.098172 0.14361 1.8484 -0.30845 -0.1345 0.076378
0.091953 0.20845 1.7883 -0.2886 -0.14238 0.078736
0.08858 0.20285 1.7893 -0.32878 -0.13728 0.075291
0.096258 0.15925 1.7766 -0.27471 -0.13834 0.079613
0.079952 0.17162 1.735 -0.32743 -0.11285 0.075898
0.087083 0.19834 1.6464 -0.30016 -0.09556 0.081135
0.083652 0.19121 1.6062 -0.33115 -0.074134 0.078503
0.078314 0.16878 1.5729 -0.2813 -0.057867 0.099513
0.078796 0.11819 1.6282 -0.19185 -0.072968 0.080101
0.092044 0.18204 1.5596 -0.19786 -0.035323 0.068642
0.075853 0.2208 1.3962 -0.22293 -0.0045128 0.083437
0.073101 0.19856 1.508 -0.37627 0.0043028 0.1019
0.072167 0.11919 1.4292 -0.022839 0.035604 0.071343
0.088859 0.17053 1.4137 -0.039814 0.018364 0.070923
0.073181 0.20058 1.368 -0.12363 0.050518 0.097556
0.082471 0.14219 1.4604 -0.020111 0.015027 0.057274
0.089983 0.18823 1.3959 -0.039901 0.053724 0.066551
0.073353 0.20233 1.3512 0.0014143 0.063967 0.071905
0.07858 0.18697 1.396 0.023034 0.055824 0.059288
0.083628 0.17935 1.3915 0.074738 0.04674 0.046044
0.087035 0.18232 1.4129 0.035878 0.062169 0.055316
0.082358 0.19142 1.4259 0.042151 0.054499 0.046059
0.08377 0.20879 1.4199 0.032213 0.057571 0.035757
0.085804 0.21259 1.4048 0.039251 0.053486 0.03139
0.085601 0.20747 1.3863 0.061095 0.036832 0.027604
0.078505 0.19441 1.4671 -0.029821 0.078629 0.031377
0.080351 0.21015 1.4345 0.0037174 0.074318 0.026347
0.083001 0.20976 1.4297 0.039554 0.047026 0.020015
0.088759 0.21255 1.4177 0.0015841 0.038481 0.026023
0.080513 0.19102 1.4692 -0.019036 0.056392 0.019322
0.079667 0.2336 1.4006 -0.005671 0.061894 0.017458
0.077288 0.20805 1.3797 -0.018698 0.048816 0.026727
0.081752 0.16521 1.6374 -0.021548 0.051286 0.028663
0.079409 0.21808 1.4522 0.0053548 0.039486 0.022831
0.079219 0.24796 1.3959 -0.01442 0.056682 0.02629
0.075715 0.20958 1.3605 -0.041192 0.045648 0.029088
0.076188 0.15145 1.6202 -0.031638 0.047959 0.033268
0.077072 0.22146 1.5793 -0.023377 0.041988 0.025379
0.073294 0.2473 1.3767 -0.030183 0.07106 0.037295
0.079895 0.214 1.4295 -0.037619 0.032761 0.032746
0.061769 0.15447 1.5652 -0.080155 0.094833 0.031892
0.071548 0.24312 1.4723 -0.036102 0.055689 0.033386
0.079325 0.22041 1.4407 -0.068239 0.068633 0.028299
0.069744 0.20321 1.4597 -0.045025 0.06729 0.03477
0.06355 0.16484 1.522 -0.10883 0.098255 0.036265
0.073264 0.23946 1.4417 -0.065762 0.079461 0.02887
0.068672 0.21779 1.4054 -0.066329 0.086378 0.021603
0.067379 0.16118 1.5368 -0.13327 0.10522 0.035636
0.072129 0.19937 1.4764 -0.092604 0.090618 0.032129
0.069816 0.22345 1.445 -0.10826 0.099273 0.021841
0.067293 0.18833 1.4749 -0.10253 0.095067 0.029896
0.070681 0.15973 1.556 -0.14668 0.10188 0.030674
0.071367 0.2173 1.5271 -0.17786 0.11281 0.027091
0.073673 0.22126 1.4264 -0.078337 0.10256 0.021055
0.066365 0.15662 1.5655 -0.18698 0.10168 0.037739
0.068562 0.17977 1.5895 -0.17358 0.095709 0.033135
0.074949 0.21816 1.5469 -0.19062 0.10877 0.031922
0.070039 0.20828 1.4797 -0.12399 0.10919 0.026732
0.072051 0.19285 1.5575 -0.19403 0.093824 0.036221
0.068778 0.15449 1.6218 -0.20368 0.097189 0.047535
0.068919 0.20708 1.5636 -0.18268 0.093832 0.038085
0.073486 0.21164 1.5502 -0.18038 0.10542 0.053266
0.064542 0.20461 1.5079 -0.18245 0.090381 0.032839
0.071794 0.17287 1.554 -0.21592 0.11739 0.056731
0.080351 0.13353 1.8147 -0.21743 0.05115 0.048737
0.062806 0.21479 1.4073 -0.15131 0.089972 0.059509
0.071893 0.21946 1.5531 -0.2077 0.098569 0.050001
0.070812 0.14433 1.6825 -0.26418 0.092474 0.064922
0.077279 0.17863 1.5952 -0.21487 0.079907 0.054798
0.072089 0.14904 1.6587 -0.19757 0.075989 0.049558
0.076701 0.16435 1.6328 -0.23863 0.057386 0.060904
0.073279 0.20995 1.5965 -0.26248 0.091643 0.062781
0.080366 0.14354 1.657 -0.24438 0.077161 0.054974
0.073761 0.18075 1.6465 -0.2637 0.0659 0.061238
0.079644 0.16204 1.6739 -0.26472 0.070359 0.055406
0.07718 0.13404 1.6906 -0.28225 0.065507 0.050261
0.082364 0.19559 1.6234 -0.26433 0.066724 0.064683
0.080472 0.16107 1.6636 -0.28007 0.06005 0.061751
0.081424 0.17061 1.6653 -0.27455 0.055045 0.059881
0.07945 0.15054 1.6569 -0.27155 0.054642 0.051893
0.083752 0.16151 1.6437 -0.25779 0.057205 0.068757
0.084494 0.14279 1.6743 -0.29 0.041932 0.05684
0.084911 0.16262 1.6325 -0.22736 0.034287 0.069189
0.085291 0.15019 1.6391 -0.23896 0.036007 0.065387
0.089512 0.16409 1.6154 -0.22023 0.030235 0.058143
0.084729 0.1526 1.5844 -0.20001 0.039582 0.064375
0.087117 0.1221 1.6199 -0.21205 0.019658 0.069679
0.089014 0.17406 1.6319 -0.19541 0.0054197 0.06674
0.097603 0.12891 1.5861 -0.20761 0.020155 0.061909
0.085785 0.14605 1.5387 -0.15413 0.012121 0.059838
0.090945 0.18604 1.5807 -0.172 0.037776 0.072015
0.089368 0.13295 1.5789 -0.21574 0.0030334 0.063447
0.094615 0.16015 1.5079 -0.1205 0.021794 0.055184
0.094683 0.145 1.6023 -0.25361 0.020939 0.064816
0.090833 0.12736 1.5505 -0.20331 0.021019 0.05966
0.096369 0.19759 1.5559 -0.20087 0.026159 0.063665
0.095321 0.14748 1.55 -0.23604 0.03655 0.057267
0.091738 0.16937 1.5044 -0.21117 0.046265 0.053913
0.097107 0.10285 1.5777 -0.22838 0.040388 0.06116
0.098889 0.17042 1.5668 -0.27926 0.02556 0.052166
0.10043 0.17839 1.566 -0.29353 0.036209 0.053782
0.09946 0.16512 1.497 -0.20785 0.069788 0.045168
0.084367 0.116 1.5608 -0.27487 0.048434 0.055302
0.10904 0.14263 1.5745 -0.30059 0.032419 0.054113
0.096331 0.17977 1.5424 -0.29924 0.03898 0.034099
0.098981 0.15755 1.5541 -0.29617 0.055634 0.053088
0.079065 0.16927 1.5242 -0.26974 0.036694 0.025693
0.091282 0.098447 1.585 -0.3529 0.027828 0.037403
0.13919 0.18682 1.5534 -0.33676 0.080108 0.0728
0.022437 0.15744 1.5671 -0.33003 -0.055586 -0.0090318
0.11572 0.16284 1.5682 -0.37124 0.081365 0.053421
0.11269 0.12295 1.5746 -0.36151 0.041545 0.047343
0.078805 0.16193 1.5601 -0.36581 0.0022542 0.034906
0.098202 0.16648 1.5808 -0.38949 0.015858 0.048171
0.056303 0.14529 1.5583 -0.33821 0.01294 0.016285
0.11346 0.12375 1.5804 -0.36408 0.010597 0.066329
0.13506 0.15356 1.5314 -0.39527 0.049398 0.0723
0.074958 0.14829 1.518 -0.30872 -0.0012433 0.049489
0.09502 0.17257 1.5122 -0.26808 0.030986 0.059567
0.10139 0.1299 1.5382 -0.33209 0.0050175 0.045319
0.12 0.090015 1.4996 -0.31997 0.0047765 0.087154
0.10138 0.17607 1.4354 -0.19665 0.023378 0.080449
0.10912 0.16143 1.4411 -0.23057 0.039938 0.066615
0.10644 0.12052 1.4558 -0.26593 -0.0054753 0.061019
0.1035 0.17438 1.4499 -0.19317 0.035776 0.067558
0.11211 0.12753 1.4078 -0.18206 0.0045396 0.071319
0.09942 0.11353 1.4777 -0.32036 0.0010791 0.069568
0.11445 0.14894 1.3612 -0.10506 0.029133 0.08085
0.10014 0.19295 1.4159 -0.18885 0.019636 0.051448
0.10167 0.16118 1.4808 -0.32487 -3.1633e-05 0.056126
0.1102 0.084309 1.4573 -0.28981 0.0073006 0.07571
0.10749 0.15274 1.3485 -0.11142 0.01112 0.074663
0.10769 0.16944 1.5085 -0.38645 -0.0060259 0.061409
0.10925 0.16328 1.4246 -0.2695 0.016137 0.064984
0.11447 0.11651 1.4261 -0.28193 -0.011759 0.082464
0.10656 0.080121 1.4579 -0.37408 -0.0086432 0.069633
0.11331 0.17987 1.4277 -0.34291 -0.0094384 0.082082
0.13031 0.13118 1.4339 -0.40991 -0.027836 0.054881
0.11609 0.10364 1.3917 -0.24216 -0.010024 0.079833
0.12056 0.12117 1.4078 -0.35112 -0.019806 0.078621
0.11816 0.071462 1.4201 -0.46178 -0.043227 0.061165
0.12517 0.11168 1.3642 -0.26824 -0.031436 0.05473
0.13075 0.1368 1.3449 -0.29043 -0.043996 0.058842
0.12728 0.085461 1.3563 -0.32324 -0.036423 0.05311
0.12331 0.067729 1.3399 -0.26524 -0.04741 0.044068
0.11566 0.12164 1.2838 -0.16598 -0.033698 0.036776
0.12269 0.13817 1.2642 -0.18823 -0.02212 0.031665
0.11511 0.090936 1.2632 -0.186 -0.038631 0.025594
0.11574 0.061414 1.2709 -0.10391 -0.0285 0.036865
0.10562 0.14732 1.1782 -0.054526 -0.0073012 0.020214
0.09279 0.16734 1.1574 -0.11754 0.011386 0.0086684
0.082442 0.11926 1.1201 -0.15456 0.048974 0.0086851
0.078123 0.083449 1.1501 -0.13787 0.065807 0.015496
0.086674 0.10848 1.2681 0.21518 0.030135 0.022962
0.070787 0.16645 1.005 -0.27196 0.02748 0.010197
0.038838 0.19665 1.19 -0.28639 0.16788 -0.011443
0.050687 0.021471 1.3114 -0.15977 0.11512 0.024535
0.063016 0.16735 1.1528 -0.089011 0.1207 0.0026649
0.036963 0.13112 1.184 -0.28973 0.15423 0.0030722
0.042066 0.090027 1.5266 -0.26678 0.11976 0.031273
0.055562 0.1239 1.585 -0.32067 0.063467 0.031155
0.047168 0.15436 1.4328 -0.32193 0.2494 -0.0094207
0.046058 0.11348 1.5987 -0.33056 0.13886 0.044027
0.061547 0.11514 1.6877 -0.32543 0.10062 0.047103
0.066967 0.08273 1.9257 -0.29829 0.11065 0.044789
0.059497 0.17744 1.8603 -0.31178 0.13982 0.046941
0.076129 0.14739 1.8932 -0.26244 0.13638 0.069375
0.074483 0.14819 1.9645 -0.24777 0.11263 0.085497
0.089845 0.17015 2.0332 -0.23813 0.071182 0.060477
0.087497 0.13155 2.0903 -0.3036 0.08456 0.069655
0.071356 0.13783 1.9887 -0.070828 0.12924 0.10519
0.079567 0.24601 2.0366 -0.10305 0.11617 0.090098
0.11478 0.17054 2.0768 -0.17417 0.028938 0.089567
0.080039 0.18396 2.0583 -0.09868 0.064774 0.077287
0.084517 0.16255 2.0491 -0.091414 0.053152 0.095671
0.086677 0.19388 2.0097 -0.028542 0.073482 0.087072
0.096734 0.20015 1.9994 -0.035765 0.020115 0.059167
0.090684 0.1768 2.0116 -0.028562 0.0137 0.072523
