-0.0011347 -0.0018195 0.00053714 -0.0022871 0.00097229 -0.0053691
-0.00043826 0.031228 -0.018784 0.024968 0.0052718 0.00067356
-0.0059446 0.0014015 0.01393 -0.0010908 -0.0068577 -0.0096262
-0.0013788 0.060402 0.009834 0.019538 -0.015042 -0.001249
0.00014913 0.081847 0.011035 0.0076293 0.0023919 -0.0022848
0.0030418 0.054207 0.020701 0.030567 -0.010723 -0.005497
-0.0032177 0.10647 0.012663 0.0371 -0.016105 0.012924
-0.0044851 0.11922 0.0086464 0.02457 -0.012888 -0.0062474
0.001269 0.079988 0.037091 0.054559 -0.0080288 -0.003215
0.0012203 0.15067 0.0099033 0.035791 -0.016146 0.0076184
0.0016538 0.14682 0.026964 0.041671 -0.014145 0.0049896
-0.0021414 0.10046 0.020466 0.050038 -0.01744 0.0011989
0.00087783 0.19606 0.01341 0.056712 -0.014391 -0.0002274
-0.00092259 0.15037 0.030059 0.065576 -0.016383 0.0088132
0.0029387 0.12036 0.031775 0.047542 -0.010875 0.0074088
0.0035644 0.1979 0.021719 0.045297 -0.0022418 0.0098271
0.0036439 0.14361 0.015243 0.093204 -0.025933 0.0086596
0.0012291 0.17244 0.018932 0.049264 -0.0093894 0.0047926
0.0012356 0.17484 0.022534 0.048875 -0.01328 0.008021
0.0018916 0.13064 0.030591 0.082066 -0.012273 0.0066017
0.0018878 0.20468 0.0073279 0.069789 -0.0052173 0.010215
-0.0011392 0.13502 0.024005 0.056074 -0.014493 0.0051894
0.0059457 0.17629 0.019885 0.072095 -0.010293 0.0092096
-0.0022164 0.17776 0.0072887 0.071598 -0.01351 -0.0014858
0.0031336 0.11757 0.026281 0.066431 -0.010465 0.015373
-0.0042398 0.20393 0.0026173 0.088615 -0.017547 -0.0051731
-0.00025587 0.13822 0.018759 0.05443 -0.0058215 0.0051925
-0.00075436 0.14677 0.014696 0.06748 -0.016427 -0.0013615
-0.0078264 0.19132 0.0069768 0.078368 -0.013302 0.0010864
-0.0032806 0.10188 0.015737 0.063943 -0.028102 -0.0097957
-0.0033317 0.20311 -0.0058715 0.094551 -0.012112 -0.0014917
-0.0053742 0.1244 0.016824 0.059741 -0.012118 -0.00018359
-0.0064368 0.14236 0.0044796 0.093617 -0.020692 -0.0088614
-0.0098916 0.17607 0.0084575 0.041268 -0.025292 -0.017456
-0.0086756 0.13403 -0.0089717 0.081945 -0.022144 -0.004828
-0.0074727 0.13518 0.014513 0.077789 -0.022316 -0.008943
-0.0090721 0.14524 0.0059064 0.070921 -0.024383 -0.014063
-0.011069 0.17597 -0.019833 0.084591 -0.028413 -0.01682
-0.0072596 0.095386 0.022416 0.059352 -0.017493 -0.0087082
-0.011654 0.17774 -0.019712 0.078298 -0.031459 -0.015195
-0.010937 0.12397 0.013507 0.060051 -0.025563 -0.015662
-0.0098573 0.13933 -0.0059247 0.076699 -0.028598 -0.014962
-0.00976 0.15442 0.00673 0.069812 -0.027822 -0.013598
-0.0083195 0.11479 -0.007958 0.07211 -0.027572 -0.012998
-0.0096701 0.17034 0.0035743 0.057028 -0.027258 -0.013168
-0.005215 0.10258 0.00069323 0.063483 -0.026431 -0.007223
-0.0072087 0.17259 -0.0054494 0.06165 -0.034605 -0.010548
-0.00073388 0.10178 0.018568 0.050916 -0.019259 -0.0057219
-0.0022676 0.17969 -0.0050872 0.067132 -0.028434 -0.001676
0.0055761 0.098244 0.010901 0.032742 -0.026752 0.0058172
0.0058284 0.18102 -0.0069069 0.04328 -0.027138 0.011308
0.0060994 0.11068 0.015412 0.020847 -0.030777 0.007218
0.018059 0.13746 0.0032676 0.037629 -0.021992 0.015249
0.018522 0.17765 -0.011152 0.022027 -0.024116 0.026294
0.02387 0.10557 0.019099 -0.010625 -0.021909 0.027895
0.025185 0.16774 -0.0039991 -0.0072263 -0.035282 0.030308
0.035061 0.15929 0.003077 -0.024022 -0.026128 0.042224
0.045715 0.097398 0.016723 -0.055179 -0.026883 0.055073
0.048455 0.1815 -0.016661 -0.047401 -0.028374 0.051476
0.070046 0.17877 -0.0024413 -0.076248 -0.031677 0.091548
0.073025 0.12116 -0.040497 -0.053622 -0.016141 0.090802
0.047232 0.21752 -0.066981 -0.077138 -0.03204 0.045149
-0.027558 0.094726 -0.082785 0.066213 -0.050704 -0.064375
0.061189 0.075412 0.42176 -0.69777 -0.17735 -0.010401
0.22643 0.30761 -0.43736 0.2725 0.12262 0.40774
0.064313 0.14582 -0.051155 -0.13285 -0.041991 0.012624
-0.010905 0.15194 0.022949 -0.22751 -0.10622 -0.063519
0.054254 0.10513 -0.0038456 -0.2175 -0.10043 0.029661
0.074157 0.20354 -0.058899 -0.18512 -0.05519 0.072024
0.079026 0.15869 -0.086914 -0.19233 -0.071707 0.063057
0.072622 0.16525 -0.088223 -0.17246 -0.069708 0.050851
0.054064 0.18234 -0.05823 -0.23436 -0.078106 0.039837
0.052483 0.12471 -0.10084 -0.18434 -0.095225 0.015724
0.046146 0.19444 -0.11637 -0.17202 -0.098066 0.009657
0.040315 0.13532 -0.074378 -0.24124 -0.098269 0.0025985
0.031715 0.17017 -0.12019 -0.18493 -0.10896 -0.0073541
0.030801 0.16092 -0.12115 -0.18396 -0.11083 -0.011172
0.024749 0.12203 -0.13375 -0.19614 -0.10752 -0.019131
0.023254 0.198 -0.16713 -0.12844 -0.12896 -0.015319
0.010882 0.12371 -0.14609 -0.17081 -0.12092 -0.03956
0.01082 0.14266 -0.16129 -0.15294 -0.10203 -0.030013
0.00039174 0.16976 -0.12934 -0.16026 -0.12719 -0.034625
0.0042922 0.069805 -0.015966 -0.24701 -0.083645 -0.047585
0.0028023 0.22624 -0.44809 0.013361 -0.22734 -0.040139
-0.0061784 0.15055 -0.12786 -0.091809 -0.063349 -0.047425
-0.01908 0.055289 -0.12241 -0.14477 -0.13296 -0.050489
-0.012278 0.15719 -0.17188 -0.13326 -0.12755 -0.051662
-0.011457 0.16345 -0.19516 -0.11411 -0.13127 -0.043542
-0.011942 0.088792 -0.21109 -0.055359 -0.12835 -0.041269
-0.017724 0.17474 -0.21303 -0.070643 -0.14222 -0.05154
-0.022302 0.089856 -0.16559 -0.11954 -0.11641 -0.044671
-0.022692 0.10386 -0.18597 -0.091295 -0.13292 -0.051376
-0.019535 0.16891 -0.21078 -0.045063 -0.12934 -0.038332
-0.020614 0.067478 -0.16284 -0.073684 -0.12999 -0.039196
-0.029915 0.13924 -0.19949 -0.044064 -0.12507 -0.054351
-0.01589 0.1618 -0.17022 -0.18543 -0.12637 -0.021783
-0.028321 0.025556 -0.1716 -0.028424 -0.14831 -0.045238
-0.026718 0.15577 -0.19457 -0.047303 -0.12268 -0.048121
-0.020644 0.088997 -0.14054 -0.15097 -0.1183 -0.022141
-0.027116 0.10953 -0.17242 -0.095246 -0.1359 -0.047534
-0.023409 0.11933 -0.16525 -0.13579 -0.13377 -0.031107
-0.024443 0.051891 -0.16595 -0.12772 -0.14969 -0.03862
-0.025821 0.12284 -0.17863 -0.1825 -0.1426 -0.057773
-0.020586 0.07121 -0.16016 -0.22895 -0.13914 -0.03997
-0.02389 0.052969 -0.17911 -0.23754 -0.16434 -0.034575
-0.018435 0.099624 -0.18205 -0.36939 -0.17249 -0.070408
-0.022893 0.0061362 -0.18432 -0.32827 -0.18246 -0.067127
-0.012972 0.078079 -0.21355 -0.44166 -0.18187 -0.062037
-0.022012 0.021007 -0.2057 -0.50059 -0.21992 -0.089574
-0.016576 -0.02409 -0.20563 -0.57133 -0.23135 -0.09511
-0.011256 0.048181 -0.25751 -0.66361 -0.2517 -0.11117
-0.0047759 -0.019927 -0.2618 -0.79143 -0.27203 -0.11818
-0.0021923 -0.11169 -0.26889 -0.94995 -0.31517 -0.14319
-0.0053898 -0.07658 -0.29265 -1.1718 -0.34241 -0.16903
0.0044942 -0.032683 -0.37687 -1.2244 -0.41069 -0.18222
-0.006269 -0.15787 -0.35516 -1.2161 -0.38262 -0.22169
-0.030309 -0.050621 -0.46793 -0.63129 -0.3556 -0.20411
0.011364 0.078537 -0.22517 -0.83261 -0.43218 -0.17778
0.081087 -0.55312 -0.050032 -3.1088 -0.62769 -0.31813
-0.017591 -0.091924 -0.752 -1.2151 -0.5411 -0.32213
-0.010182 -0.11271 -0.69493 -1.6647 -0.53067 -0.26375
0.013305 -0.18731 -0.28905 -1.3278 -0.56813 -0.32359
0.027071 -0.19839 -0.30891 -1.6608 -0.60875 -0.34204
0.021746 -0.24697 -0.44023 -1.8689 -0.7065 -0.36189
0.025229 -0.1979 -0.49833 -1.8631 -0.68398 -0.37035
0.015207 -0.27599 -0.48365 -1.9169 -0.66973 -0.37906
0.025769 -0.25642 -0.46409 -1.8845 -0.69445 -0.38558
0.026674 -0.20651 -0.47625 -1.773 -0.78457 -0.41294
0.02284 -0.24911 -0.43671 -1.8466 -0.76784 -0.4294
0.016674 -0.25839 -0.46371 -1.7912 -0.72886 -0.40618
0.029436 -0.2153 -0.4548 -1.7932 -0.7521 -0.40491
0.027448 -0.25484 -0.43204 -1.7665 -0.81881 -0.44164
0.017513 -0.25487 -0.44022 -1.7271 -0.78898 -0.4433
0.025733 -0.20054 -0.42513 -1.7459 -0.78204 -0.42041
0.026352 -0.2422 -0.42311 -1.7421 -0.78279 -0.42569
0.022328 -0.2902 -0.41273 -1.7383 -0.76877 -0.42316
0.028212 -0.1611 -0.43276 -1.6415 -0.8624 -0.4433
0.021979 -0.25965 -0.4168 -1.6541 -0.78076 -0.43476
0.026716 -0.18073 -0.4246 -1.6334 -0.78492 -0.42488
0.027738 -0.2169 -0.39653 -1.6408 -0.78922 -0.42526
0.029425 -0.22324 -0.40581 -1.6267 -0.84548 -0.43086
0.034314 -0.14231 -0.40926 -1.6004 -0.78807 -0.42806
0.032668 -0.21982 -0.39304 -1.6084 -0.82388 -0.43393
0.033911 -0.12865 -0.41187 -1.5804 -0.80788 -0.4069
0.046966 -0.14402 -0.40074 -1.5704 -0.81749 -0.42584
0.041725 -0.1654 -0.39281 -1.5734 -0.83033 -0.42612
0.046575 -0.080155 -0.39884 -1.5559 -0.80423 -0.41824
0.059303 -0.10849 -0.372 -1.5357 -0.86046 -0.41504
0.058578 -0.085581 -0.38763 -1.5296 -0.83423 -0.41252
0.071992 0.039368 -0.38803 -1.4816 -0.87877 -0.41114
0.082491 -0.01251 -0.34429 -1.5187 -0.84093 -0.40899
0.088271 0.026977 -0.36535 -1.4702 -0.87557 -0.39328
0.090356 0.083174 -0.36311 -1.5033 -0.86488 -0.40854
0.016979 -0.23658 -0.4206 -1.6365 -0.78855 -0.4214
0.042825 0.17016 -0.35655 -0.9668 -0.77368 -0.39681
0.31032 0.52482 -0.1757 -1.8995 -1.1536 -0.33832
0.021307 -0.044064 -0.45559 -1.406 -0.77913 -0.42102
0.065016 0.1046 -0.36586 -1.3469 -0.80892 -0.38906
0.10536 0.17272 -0.35114 -1.4622 -0.85208 -0.38096
0.12225 0.27353 -0.33004 -1.4751 -0.86056 -0.37788
0.12216 0.20809 -0.33972 -1.5391 -0.86761 -0.37854
0.11761 0.34207 -0.34465 -1.5282 -0.83633 -0.36593
0.11678 0.2392 -0.34693 -1.599 -0.83137 -0.36565
0.10903 0.33413 -0.39891 -1.5833 -0.8075 -0.3607
0.097752 0.24508 -0.47721 -1.4955 -0.81418 -0.38025
0.095552 0.26597 -0.51073 -1.5043 -0.82857 -0.39493
0.12567 0.36245 -0.27304 -1.9406 -0.75384 -0.33015
0.11618 0.32705 -0.26714 -1.8136 -0.71872 -0.33303
0.089605 0.35993 -0.56573 -1.5664 -0.77743 -0.38241
0.086059 0.21807 -0.46756 -1.7861 -0.79547 -0.39369
0.077232 0.41246 -0.66866 -1.7871 -0.67417 -0.32493
0.095173 0.3214 -0.51098 -2.0271 -0.7281 -0.36968
0.098423 0.20562 -0.3257 -1.8488 -0.71417 -0.35972
0.080552 0.35324 -0.53575 -1.8711 -0.7128 -0.36335
0.075327 0.32488 -0.55911 -1.9412 -0.68879 -0.35373
0.074734 0.28381 -0.57 -1.9692 -0.67644 -0.35931
0.073531 0.33008 -0.5635 -1.9757 -0.70698 -0.37069
0.070955 0.22687 -0.56461 -2.0053 -0.67588 -0.36166
0.069948 0.30896 -0.5617 -1.9872 -0.69317 -0.3651
0.068193 0.27186 -0.56113 -2.0071 -0.67728 -0.35874
0.06723 0.22541 -0.56815 -1.9789 -0.67956 -0.3634
0.066949 0.30809 -0.56537 -2.0091 -0.6922 -0.36842
0.065295 0.25602 -0.55941 -1.9928 -0.70003 -0.36503
0.065136 0.19516 -0.56335 -2.0014 -0.68418 -0.36881
0.062492 0.29146 -0.56632 -1.9896 -0.69474 -0.36358
0.068052 0.22482 -0.54027 -1.9716 -0.72195 -0.36262
0.064875 0.20079 -0.55889 -1.9864 -0.72029 -0.37883
0.064898 0.29156 -0.55677 -2.001 -0.67388 -0.33826
0.071228 0.18064 -0.54223 -1.9943 -0.73619 -0.3718
0.058733 0.22358 -0.52837 -1.8739 -0.71331 -0.37393
0.0682 0.22265 -0.54754 -1.9841 -0.74349 -0.35926
0.072348 0.18184 -0.52641 -1.9772 -0.7371 -0.3641
0.071079 0.26502 -0.53985 -1.9635 -0.7209 -0.34135
0.067697 0.14425 -0.5323 -1.9564 -0.74454 -0.37175
0.070185 0.23438 -0.54022 -1.9149 -0.74295 -0.35402
0.076162 0.20071 -0.534 -1.9584 -0.75361 -0.35751
0.071637 0.16615 -0.53645 -1.9446 -0.74592 -0.35783
0.074214 0.24489 -0.54536 -1.9334 -0.75519 -0.3481
0.073705 0.13322 -0.54941 -1.9576 -0.75871 -0.35874
0.076123 0.23101 -0.55717 -1.9201 -0.76262 -0.35584
0.078166 0.18421 -0.54966 -1.9489 -0.75577 -0.35276
0.068058 0.13229 -0.55438 -1.974 -0.72511 -0.36071
0.087398 0.26817 -0.59617 -1.8869 -0.8303 -0.34182
0.078119 0.12205 -0.55876 -2.0067 -0.74933 -0.36664
0.072284 0.22597 -0.61452 -1.9154 -0.76978 -0.34954
0.070087 0.16835 -0.61909 -1.9262 -0.7407 -0.36336
0.080921 0.13479 -0.60832 -1.9704 -0.78351 -0.36067
0.076591 0.19909 -0.55158 -1.9846 -0.78533 -0.36574
0.10207 0.1221 -0.39443 -2.0345 -0.79896 -0.36431
0.043762 0.32408 -0.94525 -1.6455 -0.77213 -0.35529
0.078171 0.16814 -0.6745 -2.2414 -0.77262 -0.37911
0.086655 -0.0048949 -0.42718 -1.9396 -0.78983 -0.3703
0.079223 0.24091 -0.61916 -1.9214 -0.78228 -0.36893
0.070096 0.21588 -0.6489 -1.9512 -0.81004 -0.38659
0.074412 0.15564 -0.64675 -1.9704 -0.80964 -0.38002
0.079138 0.19695 -0.63972 -1.9612 -0.80928 -0.37889
0.072107 0.11478 -0.61117 -1.9926 -0.78646 -0.39457
0.074074 0.21999 -0.62645 -1.9645 -0.79848 -0.37634
0.078837 0.11459 -0.60635 -1.9689 -0.85149 -0.40951
0.071863 0.20011 -0.62995 -1.9697 -0.80389 -0.39131
0.074727 0.19951 -0.62063 -1.9629 -0.82551 -0.38424
0.074998 0.1049 -0.60018 -1.9604 -0.83691 -0.42283
0.073823 0.21556 -0.62752 -1.9652 -0.81713 -0.3949
0.074453 0.14426 -0.58886 -1.9865 -0.82905 -0.41639
0.074382 0.17292 -0.62355 -1.9295 -0.85629 -0.39774
0.0694 0.20524 -0.61201 -1.9662 -0.8244 -0.41522
0.071003 0.11405 -0.58746 -1.9828 -0.82897 -0.42204
0.07288 0.21056 -0.62211 -1.9376 -0.85415 -0.40971
0.073248 0.1269 -0.59647 -1.9462 -0.84984 -0.42356
0.066524 0.19821 -0.60916 -1.954 -0.83399 -0.41998
0.068601 0.17849 -0.6061 -1.936 -0.84487 -0.41727
0.066741 0.1173 -0.59337 -1.9767 -0.83313 -0.43198
0.06357 0.21078 -0.60742 -1.9442 -0.83232 -0.42579
0.071599 0.13114 -0.60155 -1.9293 -0.87294 -0.42168
0.057658 0.19819 -0.61348 -1.9283 -0.82608 -0.42573
0.064448 0.14348 -0.59382 -1.9566 -0.84721 -0.43693
0.0601 0.14805 -0.61758 -1.9395 -0.83236 -0.43444
0.060191 0.19289 -0.59649 -1.9382 -0.8234 -0.41538
0.058884 0.12913 -0.60454 -1.9186 -0.88634 -0.45074
0.060756 0.19521 -0.60199 -1.9456 -0.7958 -0.42172
0.049918 0.11122 -0.61132 -1.9305 -0.86042 -0.45251
0.061389 0.20586 -0.61835 -1.9211 -0.85633 -0.42171
0.054624 0.13618 -0.58624 -1.9332 -0.80123 -0.42921
0.05369 0.14641 -0.6113 -1.9265 -0.85444 -0.44647
0.055299 0.19925 -0.60575 -1.9125 -0.8525 -0.43825
0.053691 0.10066 -0.60317 -1.927 -0.84385 -0.44448
0.054477 0.20813 -0.60815 -1.9139 -0.83009 -0.42911
0.048447 0.12447 -0.59017 -1.9138 -0.84047 -0.43918
0.056017 0.1949 -0.61018 -1.8963 -0.87072 -0.43771
0.054803 0.13743 -0.58586 -1.9049 -0.83512 -0.44246
0.058031 0.15989 -0.58536 -1.8955 -0.84806 -0.43503
0.051044 0.19801 -0.5925 -1.8777 -0.8429 -0.43168
0.051344 0.12089 -0.5693 -1.8861 -0.86446 -0.44846
0.058488 0.21388 -0.57578 -1.8646 -0.85076 -0.42663
0.061452 0.15637 -0.5412 -1.8684 -0.84117 -0.43173
0.05311 0.16478 -0.55616 -1.8525 -0.83574 -0.43788
0.063466 0.22817 -0.53779 -1.855 -0.89348 -0.4201
0.059182 0.11235 -0.50188 -1.8622 -0.84061 -0.44661
0.065856 0.19419 -0.5133 -1.8316 -0.82759 -0.40544
0.061622 0.19586 -0.47603 -1.8335 -0.83219 -0.43431
0.067588 0.1482 -0.4443 -1.8053 -0.88366 -0.44054
0.077345 0.24332 -0.4271 -1.7495 -0.85631 -0.39874
0.074868 0.15016 -0.4099 -1.8376 -0.81703 -0.41814
0.074385 0.25037 -0.54807 -1.8257 -0.80399 -0.41384
0.060085 0.16011 -0.50071 -1.7814 -0.90377 -0.48239
0.087149 -0.099178 0.048554 -2.3706 -0.78357 -0.32514
0.086298 0.30227 -0.52101 -1.3706 -0.79708 -0.43326
0.10783 0.45239 -0.32139 -1.2695 -0.92026 -0.4476
0.052453 -0.030563 -0.34536 -2.313 -0.87411 -0.42977
0.086952 0.0011914 -0.44056 -2.0682 -0.80124 -0.38121
0.097641 0.28903 -0.38496 -1.6962 -0.87393 -0.4068
0.099246 0.15946 -0.17256 -1.554 -0.80886 -0.43683
0.079793 0.073582 0.074528 -1.7098 -0.88982 -0.44659
0.08834 0.11778 -0.50816 -2.144 -0.91468 -0.39129
0.087618 0.15687 -0.44936 -1.7207 -0.86005 -0.40738
0.087634 0.11488 -0.27677 -1.6843 -0.95468 -0.45256
0.0909 0.12951 -0.20721 -1.6531 -0.94388 -0.44611
0.086499 0.12131 -0.25635 -1.7248 -0.93407 -0.42333
0.08293 0.093862 -0.27636 -1.7548 -0.95788 -0.43725
0.085834 0.098608 -0.3011 -1.7199 -0.98078 -0.44161
0.08654 0.14516 -0.3231 -1.6491 -0.97944 -0.43926
0.076361 0.091157 -0.30732 -1.6275 -1.0244 -0.44911
0.081759 0.086798 -0.30399 -1.6243 -1.045 -0.46725
0.074086 0.16246 -0.31901 -1.5824 -1.0393 -0.45083
0.080209 0.081266 -0.30284 -1.5816 -1.065 -0.45196
0.079747 0.10918 -0.32923 -1.5575 -1.07 -0.46385
0.074548 0.15291 -0.34021 -1.5262 -1.0769 -0.46741
0.074777 0.065486 -0.31656 -1.5502 -1.1172 -0.46467
0.071889 0.13677 -0.33694 -1.5186 -1.0698 -0.47241
0.075675 0.14473 -0.349 -1.4931 -1.1052 -0.45324
0.074044 0.062199 -0.32787 -1.5242 -1.1212 -0.48645
0.070272 0.16474 -0.347 -1.4844 -1.1219 -0.46611
0.075158 0.12227 -0.35605 -1.4769 -1.1224 -0.47046
0.071858 0.066645 -0.33579 -1.5065 -1.1212 -0.48618
0.072549 0.17455 -0.36062 -1.4716 -1.1242 -0.45855
0.073744 0.11052 -0.34879 -1.485 -1.121 -0.4804
0.071732 0.094771 -0.35712 -1.487 -1.1317 -0.47423
0.072898 0.16493 -0.36548 -1.4692 -1.1293 -0.47311
0.07329 0.071164 -0.34804 -1.4952 -1.1304 -0.48611
0.071758 0.16104 -0.38279 -1.4611 -1.131 -0.46909
0.074585 0.12499 -0.34898 -1.5062 -1.1214 -0.47005
0.070601 0.075509 -0.36251 -1.4716 -1.1232 -0.47988
0.072141 0.17577 -0.38338 -1.4703 -1.14 -0.47503
0.075793 0.12137 -0.37238 -1.4743 -1.1275 -0.47773
0.073145 0.074425 -0.36213 -1.4894 -1.1247 -0.47729
0.06993 0.18223 -0.38858 -1.4614 -1.1228 -0.46764
0.072789 0.10079 -0.36035 -1.4825 -1.1363 -0.48845
0.070502 0.10222 -0.38071 -1.471 -1.1247 -0.4775
0.075322 0.18033 -0.39026 -1.4577 -1.1226 -0.45883
0.070593 0.080006 -0.36011 -1.4739 -1.1294 -0.48418
0.0678 0.13842 -0.38558 -1.4647 -1.1193 -0.4745
0.074878 0.14135 -0.37462 -1.4587 -1.1374 -0.48407
0.068704 0.094558 -0.38368 -1.4642 -1.126 -0.48073
0.072457 0.16768 -0.38316 -1.4477 -1.1217 -0.46529
0.069602 0.077297 -0.35692 -1.4704 -1.1356 -0.48761
0.067377 0.16482 -0.40171 -1.442 -1.1106 -0.47267
0.070597 0.10099 -0.35735 -1.4586 -1.1363 -0.47558
0.067961 0.12962 -0.38848 -1.4488 -1.1281 -0.48427
0.072239 0.1381 -0.36365 -1.4502 -1.1338 -0.47935
0.064059 0.089335 -0.38017 -1.4489 -1.1205 -0.48569
0.072509 0.16841 -0.38897 -1.4336 -1.1238 -0.47206
0.067315 0.071832 -0.34951 -1.467 -1.1418 -0.48919
0.070644 0.14748 -0.39218 -1.4356 -1.1248 -0.47988
0.065527 0.13272 -0.36787 -1.4394 -1.1246 -0.47973
0.066523 0.078934 -0.36791 -1.4573 -1.1369 -0.48549
0.067944 0.16905 -0.39425 -1.4267 -1.1276 -0.47772
0.071138 0.073724 -0.35898 -1.4573 -1.1371 -0.4959
0.064542 0.13558 -0.38455 -1.4411 -1.1297 -0.47402
0.070114 0.14232 -0.39059 -1.4345 -1.1245 -0.48898
0.061128 0.062125 -0.36678 -1.4584 -1.1414 -0.49666
0.070985 0.15539 -0.39786 -1.4379 -1.1243 -0.46609
0.066651 0.12359 -0.38406 -1.4371 -1.1339 -0.4891
0.06473 0.078317 -0.38635 -1.4509 -1.1416 -0.50152
0.062401 0.15985 -0.40878 -1.4341 -1.1179 -0.47327
0.060885 0.072684 -0.38865 -1.4526 -1.1428 -0.49607
0.068199 0.14653 -0.41864 -1.431 -1.1222 -0.4838
0.064124 0.12435 -0.40122 -1.4399 -1.1262 -0.49019
0.058417 0.077338 -0.42063 -1.4484 -1.1352 -0.49131
0.062403 0.15704 -0.41006 -1.4254 -1.1264 -0.48031
0.060255 0.075831 -0.41009 -1.4508 -1.1266 -0.49698
0.064457 0.14283 -0.40436 -1.4234 -1.1211 -0.48052
0.058554 0.088949 -0.41844 -1.4462 -1.1289 -0.48464
0.064736 0.14183 -0.4357 -1.4079 -1.1217 -0.48089
0.058054 0.10221 -0.41345 -1.4607 -1.0964 -0.48031
0.069813 0.075173 -0.41134 -1.4266 -1.0989 -0.4657
0.067623 0.14469 -0.38414 -1.4244 -1.115 -0.4684
0.071031 0.06014 -0.37595 -1.4614 -1.1155 -0.46244
0.07329 0.13754 -0.40591 -1.4238 -1.0749 -0.44681
0.082194 0.092209 -0.36307 -1.4394 -1.0656 -0.4359
0.084118 0.052471 -0.35656 -1.4594 -1.0687 -0.42425
0.08921 0.1322 -0.33851 -1.4532 -1.0645 -0.40801
0.1026 0.018632 -0.2975 -1.4872 -1.0398 -0.39597
0.10454 0.11345 -0.37679 -1.4712 -0.99949 -0.37543
0.1148 0.042787 -0.36218 -1.521 -0.93352 -0.39663
0.12816 0.13384 -0.092407 -1.3106 -1.0924 -0.29052
0.14337 0.02218 -0.25483 -1.6144 -0.97639 -0.31767
0.12451 0.054439 -0.39828 -1.4659 -0.91612 -0.34797
0.12934 0.063437 -0.34515 -1.7005 -0.9547 -0.30866
0.19182 -0.0013149 -0.046937 -1.4233 -0.8574 -0.22361
0.17428 0.043445 -0.033861 -1.4961 -0.87334 -0.2261
0.16729 0.21917 -0.51215 -1.3481 -0.94932 -0.25259
0.175 -0.089759 -0.12467 -1.7213 -0.85398 -0.23923
0.18635 0.063527 -0.15849 -1.5469 -0.85702 -0.19919
0.19631 0.10156 -0.21532 -1.4917 -0.83249 -0.18634
0.19931 -0.0060476 -0.18565 -1.5065 -0.83295 -0.1845
0.2062 0.1201 -0.22507 -1.5151 -0.82422 -0.17426
0.20175 0.032981 -0.18803 -1.5197 -0.80332 -0.16574
0.19429 0.087571 -0.23205 -1.4177 -0.82389 -0.1831
0.2011 0.10129 -0.2288 -1.4795 -0.79018 -0.16392
0.20741 0.02375 -0.24123 -1.4477 -0.86483 -0.17027
0.20429 0.16181 -0.28086 -1.4229 -0.80523 -0.16052
0.18441 0.061875 -0.25231 -1.4366 -0.79344 -0.18903
0.19059 0.064894 -0.23431 -1.3826 -0.79203 -0.17416
0.18564 0.199 -0.41332 -1.2594 -0.85573 -0.2039
0.18485 0.095244 -0.29911 -1.3529 -0.79981 -0.19169
0.17219 0.095874 -0.30561 -1.325 -0.84848 -0.20802
0.1651 0.13981 -0.37012 -1.2839 -0.79977 -0.2168
0.16499 0.17522 -0.39753 -1.2306 -0.83688 -0.22301
0.15575 0.11113 -0.41087 -1.1934 -0.8409 -0.24758
0.14062 0.21948 -0.45135 -1.1608 -0.80992 -0.26591
0.13984 0.13603 -0.43485 -1.1645 -0.84378 -0.25435
0.15168 0.14687 -0.40077 -1.2215 -0.8522 -0.24489
0.13152 0.17886 -0.47514 -1.1166 -0.84126 -0.27929
