0.00073903 0.00099562 -0.00088193 -0.00012449 5.64e-05 -0.0010002
0.0072072 0.015601 -0.0054154 0.0027963 0.00067507 0.010803
-0.0034139 0.051017 0.0060804 -0.053603 -0.0051435 0.016284
-0.00025937 0.05996 0.0032286 -0.042495 0.00016261 0.013496
0.00048789 0.075509 0.0035397 -0.063403 -0.0040548 0.019321
-0.0077754 0.076877 0.012345 -0.067529 -0.0072034 0.016803
-0.0025198 0.095853 0.022441 -0.080255 -0.0088778 0.0052057
-0.012183 0.088532 0.025841 -0.089781 -0.017309 0.0006907
-0.011739 0.085818 0.040293 -0.08682 -0.015545 -0.0053514
-0.010609 0.097765 0.052449 -0.092715 -0.018691 -0.0063842
-0.010257 0.092539 0.063362 -0.097817 -0.01707 -0.00068869
-0.0046381 0.095046 0.069801 -0.094836 -0.021156 0.017886
0.016281 0.11148 0.091103 -0.094951 -0.0045378 0.077968
0.044618 0.15794 0.095941 -0.081046 0.018915 0.21835
0.067853 0.20243 0.092057 -0.067105 0.080954 0.39299
0.065859 0.19689 0.09995 -0.071127 0.13266 0.4328
0.081818 0.20289 0.12964 -0.069055 0.081755 0.30264
0.15266 0.29041 0.070416 -0.0092323 0.099295 0.73172
0.1243 0.32927 0.097084 -0.070332 0.31456 0.83741
0.092559 0.25682 0.097415 0.00033706 0.17006 0.52127
0.12237 0.28458 0.064027 -0.046181 0.12299 0.53654
0.095125 0.28113 0.055394 -0.024686 0.18455 0.57343
0.083623 0.23304 0.04877 -0.023955 0.15786 0.50494
0.068529 0.26888 0.029082 -0.021632 0.10596 0.36412
0.048434 0.20783 0.025099 -0.027482 0.081653 0.26894
0.042472 0.18853 0.012599 -0.023631 0.053019 0.21755
0.03976 0.18359 0.0040902 -0.017117 0.042148 0.20732
0.044549 0.17882 -0.0021002 -0.02033 0.035645 0.19723
0.037008 0.1938 -0.00013203 -0.011186 0.025294 0.20033
0.04211 0.1686 0.0014726 -0.023705 0.042221 0.19543
0.043836 0.17492 -0.0024365 -0.031726 0.032678 0.20206
0.045238 0.15288 0.00071275 -0.016376 0.029897 0.20862
0.044532 0.17754 0.0051314 -0.050222 0.038431 0.21118
0.042861 0.18324 0.00851 -0.050289 0.043529 0.21247
0.040982 0.17043 -0.0025269 -0.018706 0.033405 0.20336
0.045648 0.12769 0.031367 -0.098973 0.043271 0.19296
0.034556 0.18623 -0.0075993 -0.019284 0.036912 0.20118
0.043735 0.202 0.013507 -0.050796 0.034132 0.20495
0.038545 0.14746 0.006337 -0.041716 0.040679 0.1917
0.036433 0.14676 0.0094541 -0.036031 0.036106 0.19915
0.039856 0.21069 0.0026634 -0.026185 0.035013 0.21039
0.042782 0.17768 -0.0035532 -0.01318 0.035057 0.20746
0.037759 0.17521 -0.0023962 -0.01381 0.03758 0.20459
0.037373 0.14775 0.0044971 -0.011033 0.026143 0.19754
0.042075 0.20353 -0.0042286 -0.013445 0.039536 0.20639
0.043268 0.18448 -0.0055211 -0.0024435 0.035547 0.20519
0.039778 0.1739 0.0016627 -0.0032863 0.026002 0.19911
0.039975 0.14713 0.011415 -0.020252 0.0483 0.18986
0.043604 0.20522 0.0046113 -0.0092074 0.038931 0.20496
0.042048 0.19165 -0.0013026 -0.0029009 0.038048 0.19426
0.043229 0.16302 0.013176 -0.014329 0.047586 0.19427
0.039411 0.16274 0.012151 -0.018153 0.04321 0.19091
0.045496 0.20005 0.010855 -0.011574 0.046323 0.19306
0.040605 0.18453 -0.0017475 -0.00076983 0.043419 0.19776
0.045358 0.16403 0.017609 -0.021779 0.039027 0.18528
0.042122 0.1561 0.0104 -0.0029746 0.037027 0.19309
0.042221 0.19923 0.0052839 -0.0093923 0.037339 0.19062
0.046057 0.18216 0.0013195 -0.00075634 0.031428 0.19902
0.040088 0.16113 0.0073649 -0.0015873 0.037613 0.19094
0.039097 0.14953 -0.0059928 -0.0021446 0.02665 0.18532
0.031503 0.21913 -0.020028 0.0020499 0.038646 0.19459
0.030314 0.17012 -0.047271 0.0093846 0.046611 0.18707
0.022803 0.16378 -0.07107 0.013594 0.04016 0.17737
0.023815 0.14953 -0.097547 -0.011011 0.059056 0.18588
0.00041662 0.21501 -0.05664 -1.7374e-05 0.043728 0.14867
-0.0029958 0.1376 -0.12925 -0.021713 0.060344 0.15128
0.015781 0.15544 -0.11163 -0.017446 0.0561 0.15896
-0.013406 0.17311 -0.16874 -0.033857 0.056494 0.13016
-0.015249 0.15679 -0.0031042 -0.045541 0.029365 0.1142
-0.0032545 0.12335 -0.089346 -0.067769 0.042422 0.12431
-0.015532 0.17866 -0.066274 -0.070774 0.046064 0.11748
-0.0076759 0.17644 -0.033034 -0.03617 0.013786 0.10931
-0.013284 0.1384 -0.002651 -0.065123 0.027311 0.11239
-0.011835 0.14006 0.020309 -0.062727 0.025704 0.11685
-0.0093165 0.18064 0.012463 -0.05416 0.024005 0.11318
-0.0052331 0.18201 0.012073 -0.031751 0.027529 0.11979
-0.0095624 0.14653 0.019233 -0.029577 0.030307 0.12053
-0.010267 0.12427 0.037871 -0.040356 0.030943 0.11885
-0.0011194 0.18781 0.023393 -0.02971 0.033404 0.11912
-0.0057004 0.16384 0.028744 -0.023719 0.04135 0.12466
-0.0097961 0.14152 0.024972 -0.023526 0.037388 0.11932
-0.0035285 0.12408 0.037374 -0.032136 0.03769 0.12052
-0.0077924 0.18249 0.028169 -0.034611 0.039354 0.11808
-0.0063551 0.1698 0.022217 -0.023788 0.042417 0.12774
-0.011032 0.13465 0.031988 -0.033752 0.04606 0.12654
-0.0069647 0.12323 0.0252 -0.033685 0.040208 0.11848
-0.010584 0.20245 0.017964 -0.035718 0.041241 0.12367
-0.0086819 0.15892 0.019154 -0.040543 0.049637 0.13605
-0.0045187 0.14263 0.025082 -0.024029 0.047126 0.12371
-0.0094452 0.12145 0.016261 -0.036121 0.042044 0.11914
-0.0028558 0.19864 0.019244 -0.037737 0.047869 0.12748
-0.0035173 0.14593 0.023357 -0.028272 0.049302 0.12648
-0.001729 0.15992 0.019255 -0.018249 0.044863 0.12821
-0.00035045 0.1357 0.025531 -0.031518 0.045956 0.12247
-0.00082303 0.16784 0.026778 -0.027363 0.05034 0.12682
-0.00037491 0.18053 0.024153 -0.020599 0.047041 0.13477
0.00023525 0.15368 0.028336 -0.022364 0.050858 0.13229
-0.0005128 0.1581 0.041406 -0.032371 0.052778 0.13692
0.00024478 0.17622 0.034828 -0.028189 0.050976 0.1373
-0.00037708 0.18867 0.034116 -0.02714 0.057485 0.14329
-0.00020662 0.13318 0.061934 -0.040722 0.063136 0.1378
-1.9111e-05 0.18006 0.057901 -0.041502 0.05339 0.14182
0.0024553 0.18012 0.048501 -0.031301 0.071635 0.14415
-0.00031652 0.16603 0.063684 -0.041752 0.059217 0.13725
0.00038056 0.13138 0.077155 -0.041873 0.068357 0.13669
0.0040467 0.17139 0.072807 -0.0506 0.069444 0.13633
-0.00020771 0.18833 0.060686 -0.031473 0.065356 0.13626
0.00048891 0.14254 0.07308 -0.039241 0.073016 0.13389
0.001176 0.13047 0.080549 -0.047889 0.06253 0.12791
-0.00073517 0.18367 0.070829 -0.041726 0.070168 0.12846
0.00081703 0.17285 0.058735 -0.030032 0.07424 0.13808
-0.00011274 0.13866 0.07219 -0.038192 0.064254 0.12326
-0.0038445 0.13642 0.07408 -0.04559 0.070224 0.12681
0.0026072 0.1838 0.056447 -0.032461 0.068718 0.1281
-0.00035559 0.16583 0.054889 -0.025663 0.074242 0.13207
-6.7426e-05 0.13602 0.057961 -0.030455 0.070018 0.12293
0.00068916 0.13706 0.054372 -0.03801 0.067893 0.12541
0.0015443 0.18732 0.054683 -0.021694 0.07228 0.12949
0.0004339 0.15314 0.042079 -0.0221 0.072103 0.12658
0.0026209 0.11915 0.056371 -0.025061 0.06651 0.12458
0.00075868 0.16719 0.039463 -0.02438 0.069072 0.1236
0.00082734 0.16755 0.0652 -0.032915 0.068424 0.12879
0.00092109 0.14064 0.054026 -0.013425 0.070597 0.12548
0.0022426 0.12453 0.0659 -0.037252 0.062196 0.11771
0.0031468 0.17765 0.066159 -0.034673 0.071711 0.12136
0.0030708 0.16146 0.06691 -0.029342 0.072657 0.12516
0.0056091 0.13448 0.079214 -0.032149 0.068806 0.11683
0.0046603 0.13204 0.092558 -0.049293 0.076226 0.11349
0.00954 0.18162 0.070981 -0.036095 0.076313 0.12136
0.0084674 0.15909 0.076038 -0.032436 0.07889 0.11765
0.0080486 0.11761 0.095091 -0.044235 0.077292 0.1123
0.0082764 0.16151 0.081777 -0.045206 0.083873 0.12105
0.0098923 0.17138 0.071483 -0.027235 0.08189 0.12147
0.0040739 0.13782 0.083561 -0.039043 0.07653 0.11725
0.0076354 0.13468 0.088763 -0.040149 0.08127 0.11921
0.0037594 0.18345 0.072077 -0.032466 0.080719 0.12562
0.0033843 0.15242 0.080198 -0.031965 0.080543 0.12347
0.0012828 0.12689 0.091958 -0.037636 0.075266 0.12095
0.0018216 0.17292 0.086642 -0.046683 0.079849 0.12294
0.0024931 0.17554 0.077753 -0.029174 0.078328 0.12894
-0.00023304 0.13864 0.095767 -0.039261 0.084593 0.12403
0.0015368 0.14646 0.097246 -0.058025 0.078904 0.12294
0.0018894 0.18164 0.083692 -0.036856 0.080002 0.1264
0.0010123 0.17503 0.088968 -0.042381 0.08705 0.13423
0.0051051 0.14714 0.096776 -0.048473 0.082642 0.12352
0.0020393 0.16191 0.094771 -0.046659 0.08333 0.12729
0.0022707 0.19124 0.081928 -0.039803 0.089846 0.13892
0.0013121 0.17949 0.076992 -0.037776 0.085201 0.13604
-0.00016859 0.13967 0.093594 -0.049184 0.080599 0.1302
-0.001213 0.18022 0.087432 -0.045943 0.095934 0.14176
-0.0023598 0.20033 0.066193 -0.028432 0.091585 0.13745
-0.0033196 0.17183 0.071748 -0.034745 0.090601 0.13611
-0.0037661 0.1513 0.090477 -0.034052 0.090874 0.1286
0.00051812 0.22418 0.08284 -0.0077902 0.086952 0.13345
0.015452 0.22487 0.15977 -0.023801 0.087474 0.1161
0.038541 0.17407 0.15855 0.0083174 0.057127 0.11314
0.042725 0.14132 0.21545 0.0091051 0.044471 0.12306
0.052031 0.26114 0.2375 0.061178 0.028469 0.090742
0.07729 0.077684 0.42674 -0.10019 -0.0021739 0.14078
0.078077 0.067817 0.36883 0.0049864 -0.060395 0.12889
0.14338 0.035832 0.43442 -0.10851 -0.11119 0.12346
0.067384 -0.01355 0.62248 -0.085471 -0.054165 0.12284
0.064929 -0.07003 0.44306 -0.24691 -0.13358 0.19098
0.10317 -0.052306 0.36548 -0.28753 -0.15253 0.17268
0.089123 -0.18927 0.82643 -0.32557 -0.19699 0.12483
0.033084 -0.043331 0.30522 -0.38858 -0.074747 0.17364
0.036721 -0.018888 0.38423 -0.40274 -0.13868 0.16173
0.034744 -0.088401 0.45372 -0.49434 -0.11709 0.14272
0.0258 0.003021 0.37794 -0.47129 -0.1068 0.13654
0.018155 0.046684 0.34941 -0.48903 -0.065261 0.12624
0.014916 0.064148 0.30311 -0.47387 -0.0541 0.11909
0.015042 0.043239 0.3632 -0.50038 -0.050607 0.11881
0.016411 0.076848 0.3523 -0.49313 -0.048462 0.11752
0.017802 0.086387 0.35245 -0.48825 -0.035421 0.11233
0.018603 0.068009 0.36852 -0.4838 -0.032746 0.11159
0.018944 0.029943 0.41048 -0.50351 -0.035593 0.12028
0.021346 0.068899 0.39188 -0.50236 -0.030603 0.11191
0.018617 0.080024 0.38031 -0.49294 -0.030865 0.11367
0.020589 0.055769 0.37543 -0.48571 -0.024165 0.11107
0.021568 0.033366 0.40221 -0.51033 -0.030499 0.11614
0.023422 0.076368 0.37227 -0.50633 -0.027001 0.10248
0.017783 0.078716 0.34935 -0.48614 -0.030136 0.11287
0.02206 0.073256 0.33159 -0.48334 -0.01885 0.10383
0.023534 0.050154 0.36303 -0.50197 -0.026969 0.10445
0.016986 0.068993 0.33986 -0.50568 -0.027638 0.1053
0.021297 0.10815 0.30743 -0.46641 -0.027697 0.10305
0.021842 0.060539 0.33089 -0.49304 -0.01644 0.10238
0.015817 0.043812 0.3295 -0.50142 -0.026102 0.10445
0.022538 0.12235 0.30591 -0.47169 -0.021921 0.10184
0.020988 0.082328 0.30337 -0.47357 -0.015007 0.10035
0.019532 0.046331 0.33168 -0.49347 -0.023548 0.1039
0.021934 0.09966 0.30309 -0.4825 -0.01456 0.10415
0.020308 0.10287 0.29265 -0.46001 -0.014015 0.10185
0.018422 0.062185 0.3394 -0.48258 -0.019297 0.10146
0.020809 0.069262 0.35897 -0.50934 -0.012667 0.10385
0.017825 0.095041 0.37903 -0.49663 -0.007976 0.1081
0.0038899 0.076877 0.44057 -0.54137 -0.0019118 0.1005
0.010056 0.030744 0.48224 -0.56961 -0.0032065 0.096746
0.0092538 0.093105 0.43973 -0.53349 -0.0080281 0.10079
-0.0041582 0.069723 0.61396 -0.64938 0.028235 0.094377
0.0054691 0.013798 0.63716 -0.66143 0.015491 0.0973
-0.0014144 0.065086 0.56429 -0.67067 0.025599 0.088322
-0.0027944 0.096979 0.52325 -0.6206 0.023743 0.067916
0.012349 -0.0012227 0.69036 -0.73951 0.041948 0.10161
0.0088658 0.078158 0.57686 -0.71696 0.040885 0.074634
0.0096878 0.079791 0.51125 -0.67569 0.03927 0.078698
0.012478 0.030325 0.53858 -0.69604 0.038712 0.076319
0.016978 0.077949 0.48102 -0.68737 0.037295 0.082258
0.016651 0.086467 0.49142 -0.6865 0.037475 0.082726
0.011355 0.06386 0.4478 -0.65897 0.035156 0.082378
0.01247 0.045689 0.45489 -0.66817 0.029023 0.084151
0.0096425 0.13565 0.41569 -0.63939 0.035862 0.08981
0.0062168 0.063171 0.44468 -0.65147 0.034904 0.090367
0.0058767 0.060877 0.44964 -0.6573 0.029675 0.0931
0.005261 0.1257 0.42711 -0.62747 0.036388 0.095463
0.0050707 0.10605 0.42749 -0.63055 0.041917 0.095482
0.0054852 0.06535 0.47907 -0.65834 0.039387 0.10126
0.0055173 0.089788 0.47092 -0.65514 0.037782 0.098395
0.0056957 0.12737 0.45996 -0.62774 0.036235 0.098068
0.0096152 0.071298 0.51402 -0.65632 0.03789 0.10006
0.0055675 0.075089 0.5089 -0.6569 0.044493 0.10104
0.011799 0.11417 0.5234 -0.64515 0.030155 0.10182
0.005213 0.036043 0.56645 -0.66042 0.038709 0.1014
0.013316 0.099899 0.55637 -0.64015 0.038546 0.10012
0.0081297 0.073601 0.57142 -0.66546 0.039512 0.10442
0.012134 0.071629 0.57441 -0.621 0.045761 0.10632
0.012045 0.042484 0.61886 -0.65732 0.046263 0.10567
0.0090064 0.083347 0.59112 -0.64312 0.042989 0.10571
0.015321 0.07752 0.58655 -0.63671 0.056037 0.11239
0.0068779 0.056606 0.61145 -0.63733 0.045206 0.10424
0.009295 0.0505 0.60851 -0.64831 0.052314 0.11617
0.010153 0.086644 0.58718 -0.63548 0.045687 0.10926
0.0046059 0.073462 0.58976 -0.64842 0.051769 0.11265
0.0045852 0.067457 0.58828 -0.65303 0.042557 0.11349
0.0024378 0.056776 0.58283 -0.62998 0.041888 0.10916
0.0045512 0.086014 0.57741 -0.66157 0.045435 0.11534
0.0013197 0.091504 0.55875 -0.63655 0.035855 0.10794
0.0010116 0.074828 0.55736 -0.63288 0.048241 0.11214
0.0034351 0.056417 0.57607 -0.65144 0.035895 0.1068
0.0028668 0.092834 0.55703 -0.64055 0.04096 0.10829
0.0016576 0.099478 0.5339 -0.61723 0.040145 0.10936
0.0035022 0.083376 0.54733 -0.62503 0.0449 0.10374
0.002565 0.04406 0.57001 -0.65177 0.038486 0.10831
0.0030785 0.11037 0.53738 -0.62166 0.045476 0.10816
0.0024214 0.10245 0.52148 -0.60534 0.037634 0.10354
0.00082078 0.064355 0.5459 -0.63272 0.04451 0.11
0.0022801 0.064243 0.5534 -0.63621 0.038884 0.10489
0.0021172 0.10856 0.52661 -0.61551 0.04463 0.10954
0.0021005 0.091027 0.51485 -0.60379 0.035895 0.10018
0.0022702 0.069721 0.54785 -0.6289 0.041644 0.10771
0.0023581 0.06116 0.54026 -0.63293 0.040779 0.10946
0.0034634 0.10562 0.52197 -0.61151 0.038626 0.095327
0.006302 0.09473 0.51727 -0.59627 0.040623 0.10414
-0.00086673 0.042937 0.55556 -0.64526 0.038186 0.10217
0.0089 0.082557 0.53496 -0.62518 0.044799 0.10098
0.00060291 0.10734 0.5118 -0.60357 0.039933 0.099213
0.0029988 0.066176 0.53935 -0.61786 0.044567 0.098429
0.00437 0.047167 0.55442 -0.64583 0.041147 0.10544
0.0012035 0.10894 0.52654 -0.61211 0.045061 0.09303
0.0012999 0.090542 0.50907 -0.59805 0.049499 0.10713
-3.9215e-05 0.050052 0.54732 -0.62447 0.04051 0.10414
0.0033076 0.078241 0.5447 -0.6267 0.050383 0.096281
0.0015271 0.094319 0.5178 -0.59649 0.040656 0.10798
0.00029143 0.09151 0.50697 -0.58348 0.049942 0.10565
0.00040221 0.058587 0.53531 -0.60962 0.042647 0.10488
0.0076946 0.069902 0.53681 -0.61035 0.045739 0.10404
0.0032828 0.090647 0.51992 -0.5929 0.040576 0.10728
0.0044032 0.078064 0.51815 -0.59621 0.044679 0.11405
0.005474 0.085507 0.5128 -0.59049 0.040278 0.10336
0.01367 0.058589 0.52971 -0.6182 0.04137 0.10933
0.0026032 0.071069 0.53284 -0.6131 0.038946 0.11054
0.010337 0.098865 0.51436 -0.60926 0.042162 0.1113
0.0093009 0.091707 0.48223 -0.59169 0.037495 0.1081
0.0065114 0.064471 0.51831 -0.61614 0.041514 0.10297
0.0050905 0.071907 0.51152 -0.62595 0.042009 0.11224
0.0059211 0.10335 0.48943 -0.59988 0.037468 0.099753
0.0026028 0.098946 0.45738 -0.59136 0.044906 0.10276
0.0036436 0.060719 0.49921 -0.61013 0.046255 0.099904
0.0013516 0.074924 0.49334 -0.61912 0.041216 0.095289
0.0031542 0.10165 0.47787 -0.6007 0.047829 0.09712
0.004691 0.083539 0.46215 -0.58824 0.044029 0.090898
0.0032477 0.073466 0.49167 -0.61455 0.053266 0.08871
0.0066995 0.063279 0.50973 -0.62201 0.045052 0.087578
0.0099065 0.09797 0.49172 -0.6094 0.052264 0.09086
0.0086193 0.097815 0.45614 -0.59345 0.048528 0.076423
0.010087 0.074125 0.50016 -0.61008 0.04814 0.086912
0.01242 0.064267 0.50752 -0.63624 0.056459 0.087445
0.016188 0.12172 0.4542 -0.61562 0.05848 0.069064
0.0086525 0.10621 0.43667 -0.59021 0.048032 0.091478
0.01565 0.069366 0.47211 -0.63535 0.062321 0.082747
0.014832 0.088466 0.45422 -0.63296 0.063809 0.080267
0.01534 0.13282 0.40451 -0.62206 0.066989 0.084379
0.01328 0.10478 0.41546 -0.61278 0.068613 0.088707
0.014945 0.061044 0.44644 -0.64562 0.067167 0.08652
0.012649 0.11378 0.44226 -0.6355 0.072036 0.090573
0.0132 0.10424 0.40646 -0.62103 0.070694 0.093514
0.01188 0.099581 0.3955 -0.62648 0.070289 0.090593
0.012961 0.054348 0.4223 -0.64641 0.070063 0.09745
0.0052365 0.095897 0.41305 -0.63274 0.065486 0.093405
0.013712 0.089335 0.39007 -0.62484 0.072056 0.099942
0.0094758 0.1113 0.3662 -0.61668 0.071081 0.093691
0.0089414 0.044027 0.43089 -0.63304 0.072241 0.09382
0.0052015 0.1129 0.45306 -0.62202 0.0776 0.098661
0.010272 0.12984 0.53117 -0.56964 0.083136 0.078071
0.011305 0.10292 0.71325 -0.57649 0.090538 0.080362
-0.00086017 0.064931 0.87091 -0.6264 0.068517 0.084575
-0.0035795 0.10781 0.88813 -0.59911 0.052893 0.063731
-0.0080358 0.0076054 1.1898 -0.43382 0.072573 0.06461
0.00013469 0.036181 1.1494 -0.72297 0.054911 0.068747
-0.0038052 -0.048919 1.4348 -0.58427 0.0098001 0.032469
-0.011059 -0.14132 1.2451 -0.59836 -0.010463 0.051927
-0.019169 -0.19051 1.457 -0.69298 -0.020969 0.092213
-0.012545 -0.025404 1.0016 -0.59902 0.025185 0.027534
0.032613 -0.23848 1.0055 -0.71078 -0.10258 0.050851
-0.019018 -0.29236 1.2885 -0.71654 -0.0063917 0.068988
0.0051197 -0.014381 0.67814 -0.66605 -0.043093 0.079791
0.0086466 -0.12473 0.71004 -0.65065 -0.049957 0.066539
0.013563 -0.076324 0.6623 -0.66382 -0.032908 0.070079
0.017498 -0.049187 0.65594 -0.6413 -0.0078627 0.078551
0.010102 -0.015107 0.65403 -0.70717 -0.016861 0.079662
0.013121 0.060662 0.59279 -0.62937 -0.0036546 0.079814
0.012854 0.042476 0.59504 -0.62443 0.003283 0.07936
0.013071 0.022615 0.64574 -0.67065 0.0179 0.075689
0.018494 0.020405 0.66803 -0.6985 0.021954 0.077682
0.012839 0.061462 0.64845 -0.67738 0.025661 0.072456
0.0086365 0.044764 0.63436 -0.67181 0.021824 0.079317
0.015622 0.053491 0.61557 -0.67278 0.037477 0.075
0.010228 0.0089379 0.62667 -0.7119 0.029472 0.075451
0.010457 0.067773 0.60597 -0.69101 0.02803 0.073536
0.0087956 0.05066 0.57336 -0.67037 0.032287 0.083069
0.009978 0.096146 0.4809 -0.67229 0.040215 0.071288
0.008194 0.025027 0.56563 -0.70629 0.027305 0.081614
0.011447 0.051292 0.56146 -0.69187 0.034512 0.072776
0.0075019 0.09051 0.46434 -0.67245 0.03966 0.079962
0.010733 0.10017 0.42983 -0.67144 0.039809 0.072821
0.012851 0.027317 0.51855 -0.70863 0.037858 0.076513
0.012654 0.055505 0.50579 -0.69274 0.038354 0.072397
0.014275 0.089213 0.45941 -0.67823 0.042924 0.073258
0.010105 0.095153 0.4145 -0.66942 0.046635 0.073705
0.018168 0.041773 0.49033 -0.6897 0.037077 0.070236
0.016193 0.04929 0.47058 -0.68846 0.038494 0.074822
0.015766 0.10822 0.44177 -0.66963 0.043017 0.070325
0.016659 0.07105 0.4589 -0.66358 0.040168 0.071946
0.01924 0.044417 0.45952 -0.6904 0.038089 0.072192
0.019127 0.080518 0.4367 -0.67383 0.033382 0.074079
0.017638 0.094582 0.48193 -0.67168 0.033865 0.069271
0.021086 0.069609 0.47458 -0.67938 0.040802 0.072905
0.02367 0.02834 0.49703 -0.70393 0.025772 0.072069
0.021165 0.11508 0.4869 -0.67825 0.028394 0.073771
0.021942 0.078518 0.48775 -0.66662 0.034819 0.069533
0.029462 0.034416 0.53961 -0.71061 0.031013 0.071493
0.024938 0.066913 0.53951 -0.69168 0.019005 0.074099
0.029093 0.092545 0.49708 -0.66406 0.033337 0.074591
0.028746 0.061903 0.5295 -0.67749 0.035809 0.069296
0.030539 0.022792 0.56488 -0.70357 0.028258 0.073354
0.028446 0.092696 0.52496 -0.66544 0.032509 0.074743
0.02798 0.069126 0.51466 -0.65621 0.045078 0.070904
0.030519 0.046014 0.5567 -0.68882 0.0359 0.072631
0.02442 0.049549 0.56022 -0.67767 0.043898 0.071735
0.023297 0.085982 0.52629 -0.67009 0.045096 0.070267
0.026233 0.079872 0.50658 -0.65034 0.050046 0.071362
0.02132 0.048682 0.56006 -0.68373 0.04572 0.074966
0.020099 0.063516 0.54467 -0.68223 0.046462 0.06966
0.022863 0.07262 0.54318 -0.68078 0.049464 0.075854
0.016829 0.073883 0.53724 -0.67228 0.049229 0.075343
0.019165 0.058039 0.57863 -0.69623 0.047483 0.078397
0.01526 0.0047358 0.65049 -0.73894 0.043858 0.078016
0.016432 0.041444 0.69158 -0.75379 0.054158 0.075402
0.01106 0.031418 0.70688 -0.71019 0.04217 0.081712
0.0089509 0.012795 0.69412 -0.72586 0.018017 0.076202
-0.013114 -0.0228 0.89608 -0.84569 0.012162 0.085093
0.01782 0.026821 0.69625 -0.7234 0.076964 0.06346
-0.0064229 0.026802 0.70775 -0.68833 -0.040663 0.088987
-0.017672 -0.0080536 0.81107 -0.7744 -0.0081988 0.082161
-0.014442 0.046466 0.59876 -0.73396 0.013153 0.070009
0.0018047 0.0771 0.4696 -0.62293 -0.01948 0.084268
-0.013564 0.039204 0.53822 -0.70246 -0.015387 0.085921
-0.011646 0.067463 0.41775 -0.64736 -0.010715 0.07485
-0.0089806 0.062442 0.3774 -0.65437 -0.019198 0.08506
-0.0025119 0.080954 0.35407 -0.64053 -0.0080373 0.077266
0.00040513 0.056533 0.36984 -0.65028 0.00033982 0.074151
-0.0038982 0.037617 0.38604 -0.64717 -0.0016509 0.074301
0.0029893 0.034751 0.41621 -0.65875 0.0036796 0.068971
