-2.6896e-05 0.00075345 0.0017711 0.00075618 -0.00021589 -1.7221e-05
-0.011363 -0.016691 0.077486 0.035876 0.027307 0.01112
-0.016624 0.0075682 0.15012 0.056668 0.031642 0.015506
-0.017995 0.10812 0.1524 0.064484 0.029956 0.017114
-0.020122 0.12988 0.17286 0.065609 0.022243 0.022036
-0.025196 0.1315 0.17623 0.07369 0.026769 0.027904
-0.032509 0.075024 0.26078 0.097045 0.026248 0.030415
-0.035802 0.099565 0.29488 0.10144 0.02156 0.029258
-0.036176 0.14187 0.31022 0.11779 0.011157 0.023043
-0.033295 0.13023 0.29864 0.10469 0.0035714 0.033377
-0.031556 0.1057 0.33421 0.12213 -0.0095259 0.029959
-0.031069 0.048807 0.37999 0.10726 -0.011705 0.041
-0.034007 0.11539 0.38034 0.10974 -0.014414 0.035751
-0.034548 0.11325 0.36163 0.096782 -0.013726 0.035361
-0.034803 0.10302 0.36349 0.10423 -0.010911 0.045194
-0.036088 0.046996 0.41608 0.096955 -0.021212 0.033338
-0.034911 0.065606 0.43945 0.091976 -0.01175 0.048528
-0.039207 0.12686 0.41022 0.075353 -0.0084711 0.036089
-0.03637 0.12495 0.36961 0.076297 0.014456 0.053577
-0.041651 0.084586 0.37152 0.085526 0.012244 0.051932
-0.039968 0.063349 0.38621 0.088223 0.012587 0.056436
-0.041082 0.12408 0.3549 0.097806 0.0035738 0.055611
-0.036479 0.14043 0.31287 0.090956 0.012032 0.054445
-0.035374 0.12271 0.28795 0.10465 0.012111 0.055251
-0.033713 0.066338 0.31814 0.10592 0.013802 0.055016
-0.035615 0.11043 0.31134 0.10783 0.0088274 0.055894
-0.036142 0.11197 0.31563 0.1071 0.0084856 0.05427
-0.038315 0.10203 0.30707 0.095703 0.011014 0.053881
-0.037159 0.060432 0.3244 0.10349 0.0077954 0.050249
-0.036136 0.087829 0.32478 0.092031 0.012056 0.052459
-0.034924 0.094502 0.32027 0.10778 0.0090886 0.053474
-0.034432 0.09702 0.32465 0.10024 0.012827 0.055526
-0.035024 0.073648 0.31087 0.10892 0.014461 0.055793
-0.035052 0.095166 0.30704 0.10567 0.016768 0.054433
-0.035512 0.089954 0.30207 0.10754 0.022365 0.054432
-0.034023 0.084869 0.32031 0.1027 0.017446 0.057774
-0.0339 0.088383 0.32133 0.098726 0.020709 0.053751
-0.037008 0.092047 0.31662 0.10323 0.0189 0.049871
-0.043853 0.089029 0.32466 0.11372 0.030499 0.039628
-0.046636 0.076311 0.33077 0.11536 0.033646 0.042026
-0.044755 0.12641 0.32185 0.10915 0.038894 0.049061
-0.040656 0.12065 0.30751 0.10454 0.039645 0.053447
-0.022976 0.12324 0.31825 0.12232 0.032025 0.061052
-0.042832 0.066496 0.34125 0.11502 0.034543 0.05182
-0.052582 0.081936 0.33916 0.11861 0.020562 0.047793
-0.10424 0.12947 0.29436 0.075239 0.038733 0.0291
-0.098139 0.12935 0.26214 0.079919 0.034912 0.023778
-0.092873 0.13526 0.25686 0.072933 0.048341 0.023825
-0.073946 0.071446 0.29012 0.094486 0.037328 0.02683
-0.065687 0.073315 0.31563 0.10155 0.036974 0.030621
-0.069768 0.11722 0.30471 0.10056 0.039899 0.030513
-0.05996 0.11518 0.30022 0.10915 0.033518 0.028611
-0.060884 0.11676 0.29269 0.11512 0.032362 0.030473
-0.064019 0.056014 0.3162 0.12157 0.017346 0.025605
-0.064629 0.10507 0.31092 0.12197 0.024299 0.036494
-0.065251 0.098917 0.31102 0.11942 0.024433 0.035186
-0.059041 0.11113 0.31168 0.12987 0.029804 0.043233
-0.058139 0.052336 0.33049 0.13393 0.021335 0.032713
-0.056128 0.1184 0.30937 0.13331 0.021342 0.033913
-0.060992 0.1176 0.30153 0.13022 0.013227 0.023485
-0.055875 0.11809 0.27842 0.1269 0.024212 0.032937
-0.056081 0.038654 0.32847 0.13597 0.006183 0.035132
-0.042108 0.041983 0.34746 0.12923 0.0096666 0.049438
-0.041537 0.11509 0.36739 0.12491 -0.0069639 0.051766
-0.036313 0.13346 0.35482 0.12056 0.0069272 0.055268
-0.036419 0.12508 0.35038 0.12564 0.0013998 0.056022
-0.035347 0.06582 0.36691 0.1427 -0.00023944 0.056073
-0.030872 0.12052 0.35306 0.13681 -0.0048216 0.052995
-0.03132 0.12261 0.34877 0.13917 -0.0049109 0.049817
-0.027642 0.11464 0.33056 0.13127 0.00073196 0.043483
-0.030068 0.057046 0.34505 0.13569 -0.012856 0.042905
-0.026193 0.090819 0.34243 0.13139 -0.010177 0.046119
-0.025619 0.12428 0.35295 0.14193 -0.022738 0.050334
-0.026833 0.12446 0.3651 0.15894 -0.01408 0.047965
-0.030487 0.082516 0.39388 0.18767 -0.02781 0.032209
-0.032525 0.1101 0.37907 0.16575 -0.01377 0.026664
-0.025178 0.12172 0.34573 0.14471 -0.0065164 0.026547
-0.018591 0.13126 0.31072 0.11643 0.012173 0.038811
-0.022062 0.078274 0.31258 0.12562 0.015756 0.035075
-0.021778 0.11313 0.32467 0.13156 0.014315 0.032349
-0.029206 0.10862 0.33245 0.13247 0.014705 0.030963
-0.017988 0.11625 0.33891 0.13516 0.0076577 0.034197
-0.023397 0.080428 0.32865 0.13615 0.013581 0.038421
-0.021973 0.12315 0.31747 0.13463 0.015462 0.030418
-0.032574 0.11528 0.29692 0.12651 0.032348 0.029216
-0.032982 0.12281 0.30211 0.12576 0.034211 0.028117
-0.034069 0.09735 0.29856 0.11982 0.03706 0.031935
-0.033211 0.11793 0.30981 0.12474 0.034582 0.032413
-0.031087 0.12285 0.30774 0.11802 0.033479 0.030605
-0.032662 0.11048 0.31984 0.11925 0.035109 0.029784
-0.028177 0.13644 0.30476 0.11453 0.030911 0.031098
-0.032472 0.12099 0.29943 0.10755 0.035651 0.029977
-0.03147 0.11367 0.29539 0.11502 0.038009 0.030281
-0.034266 0.098791 0.29599 0.11152 0.042894 0.028262
-0.032423 0.1356 0.29495 0.11555 0.041747 0.030077
-0.034304 0.12299 0.2965 0.11478 0.040456 0.030923
-0.035213 0.099501 0.32507 0.1167 0.038502 0.029614
-0.037626 0.074723 0.34063 0.12095 0.036137 0.029606
-0.034305 0.12228 0.35067 0.1192 0.035001 0.024908
-0.033697 0.11652 0.35239 0.12055 0.035089 0.030493
-0.031848 0.098262 0.36897 0.1276 0.03364 0.028651
-0.034131 0.092608 0.37517 0.12139 0.035433 0.030333
-0.031964 0.10153 0.38044 0.12694 0.027496 0.033429
-0.032279 0.10549 0.37951 0.12368 0.027582 0.028192
-0.028764 0.074074 0.38908 0.13444 0.020505 0.044847
-0.032153 0.11203 0.37328 0.12917 0.026025 0.03366
-0.032886 0.10277 0.37784 0.13131 0.024442 0.045159
-0.032799 0.10989 0.36787 0.12785 0.031501 0.036616
-0.031451 0.077608 0.38097 0.13271 0.024193 0.031734
-0.028818 0.10348 0.37128 0.13108 0.020368 0.034761
-0.02858 0.11202 0.39039 0.14009 0.0081519 0.016728
-0.023629 0.067161 0.41895 0.14753 -0.016858 0.030523
-0.029796 0.1037 0.38844 0.13769 0.017492 0.023223
-0.035417 0.11721 0.33665 0.10778 0.028566 0.037802
-0.062583 0.14426 0.25958 0.087061 0.10541 0.026324
-0.068795 0.095258 0.25817 0.070568 0.09539 0.015101
-0.083134 0.039359 0.25904 0.080757 0.10713 0.0016581
-0.075454 0.12828 0.23305 0.057196 0.099826 0.0068072
-0.072537 0.10928 0.22575 0.063725 0.10048 0.020673
-0.066081 0.14485 0.22553 0.05136 0.11661 0.026772
-0.057602 0.072469 0.26328 0.063907 0.097902 0.028477
-0.056035 0.11587 0.25516 0.063502 0.10401 0.023803
-0.054558 0.11724 0.2451 0.071044 0.097365 0.029129
-0.057813 0.11131 0.24376 0.077506 0.10946 0.031417
-0.060666 0.057457 0.27352 0.083241 0.11124 0.029818
-0.060397 0.098556 0.2769 0.078909 0.11701 0.029646
-0.057475 0.12533 0.26815 0.082713 0.11116 0.026884
-0.055421 0.1229 0.26267 0.082478 0.10935 0.029529
-0.055801 0.096516 0.27099 0.094835 0.1021 0.029183
-0.055564 0.070083 0.28999 0.08887 0.10677 0.025539
-0.058699 0.11674 0.28122 0.090852 0.10687 0.026401
-0.05751 0.10656 0.28622 0.082219 0.11423 0.024485
-0.062296 0.070679 0.29122 0.092203 0.10813 0.029299
-0.062071 0.11086 0.28212 0.08844 0.10588 0.029511
-0.058981 0.11798 0.27182 0.08816 0.10542 0.024636
-0.05966 0.16045 0.26533 0.080933 0.099904 0.025014
-0.057125 0.10234 0.29865 0.084015 0.10479 0.015132
-0.062712 0.12288 0.29702 0.081769 0.092801 0.020871
-0.057515 0.16652 0.29099 0.082584 0.094327 0.0161
-0.058382 0.16438 0.26368 0.078965 0.095722 0.025945
-0.057693 0.12553 0.28416 0.094335 0.090606 0.02871
-0.061438 0.076798 0.29434 0.10188 0.10067 0.030371
-0.061273 0.14179 0.2787 0.10602 0.091739 0.030301
-0.059616 0.15697 0.26319 0.10257 0.10197 0.026644
-0.058715 0.12882 0.26569 0.09968 0.097009 0.030068
-0.059023 0.06201 0.30251 0.11119 0.090262 0.029568
-0.058117 0.091695 0.30891 0.10464 0.090188 0.031229
-0.055637 0.14692 0.29706 0.10897 0.084849 0.030122
-0.058117 0.1621 0.29039 0.10743 0.092199 0.030726
-0.057224 0.098189 0.31302 0.12196 0.088198 0.030844
-0.061472 0.10851 0.31774 0.13099 0.087146 0.02857
-0.054324 0.14094 0.30852 0.12947 0.086084 0.032945
-0.058317 0.15547 0.29438 0.12512 0.088667 0.031923
-0.057005 0.11883 0.3197 0.12184 0.084256 0.039424
-0.063808 0.083735 0.34685 0.11697 0.082439 0.031918
-0.060977 0.14061 0.3398 0.11888 0.073909 0.032883
-0.058197 0.13237 0.32243 0.1189 0.078161 0.028614
-0.055194 0.11394 0.31444 0.13187 0.077712 0.031102
-0.055189 0.066846 0.32515 0.13909 0.074435 0.030179
-0.056236 0.1061 0.30839 0.13392 0.075512 0.030097
-0.055402 0.1388 0.26666 0.12282 0.073772 0.032889
-0.055634 0.16003 0.22356 0.11532 0.081754 0.041312
-0.056352 0.12018 0.22674 0.12435 0.079826 0.049938
-0.062088 0.083365 0.24787 0.13677 0.080902 0.055944
-0.062182 0.019627 0.28109 0.14745 0.076291 0.051437
-0.064373 0.034139 0.26541 0.1449 0.075738 0.044637
-0.05779 0.10181 0.23356 0.14359 0.064635 0.033491
-0.055071 0.18947 0.20889 0.13662 0.063426 0.030788
-0.056449 0.15718 0.22762 0.13628 0.059935 0.029114
-0.057903 0.10393 0.26119 0.13356 0.065381 0.031455
-0.063745 0.071035 0.27562 0.1378 0.07312 0.030525
-0.059097 0.11175 0.26195 0.13792 0.070474 0.029075
-0.05792 0.12643 0.26277 0.14568 0.0787 0.032016
-0.055251 0.093729 0.2702 0.14424 0.068585 0.032225
-0.05557 0.12381 0.2672 0.15001 0.076933 0.03641
-0.054386 0.11719 0.26154 0.15969 0.066036 0.028258
-0.058068 0.096919 0.25214 0.1236 0.077861 0.038311
-0.057039 -0.0024546 0.3396 0.15811 0.057581 0.029347
-0.063084 -0.0087536 0.35225 0.21513 0.051186 0.012379
-0.058571 0.076164 0.38534 0.42045 0.020269 -0.017842
-0.059064 0.2306 0.29819 0.54287 0.025049 -0.046059
-0.057657 0.25898 0.31889 0.58961 0.02508 -0.030761
-0.054966 0.25947 0.35972 0.53369 0.031256 -0.033838
-0.056359 0.15734 0.41819 0.483 0.026546 -0.01556
-0.049029 0.16498 0.41218 0.48214 0.027101 -0.032016
-0.049262 0.12886 0.35487 0.47281 0.038972 -0.030728
-0.042746 0.16562 0.31505 0.46637 0.044834 -0.042606
-0.048974 0.14349 0.31603 0.44981 0.045933 -0.032099
-0.049208 0.16493 0.31846 0.44043 0.034124 -0.033076
-0.055885 0.15592 0.31172 0.41835 0.036528 -0.022771
-0.051046 0.15661 0.30396 0.41123 0.038912 -0.036122
-0.056676 0.11547 0.31579 0.41705 0.051524 -0.034508
-0.056076 0.10011 0.36208 0.44416 0.05636 -0.034602
-0.069576 0.10878 0.36136 0.42951 0.056446 -0.029548
-0.066128 0.17272 0.33278 0.40305 0.060272 -0.026399
-0.06987 0.15853 0.30773 0.38808 0.05002 -0.023965
-0.058149 0.14749 0.29629 0.3988 0.05871 -0.0191
-0.057439 0.097384 0.32119 0.42214 0.044814 -0.0093096
-0.053088 0.15303 0.27178 0.40507 0.064047 -0.014141
-0.057849 0.13836 0.25804 0.40012 0.049906 -0.006067
-0.063864 0.13397 0.19832 0.39496 0.069898 -0.016284
-0.069488 0.098943 0.20836 0.38879 0.070536 -0.005673
-0.06549 0.11958 0.15415 0.38892 0.085417 -0.014263
-0.058954 0.19064 0.14487 0.34821 0.088749 -0.0073614
-0.056887 0.16351 0.11416 0.35817 0.074817 -0.022856
-0.060481 0.155 0.14102 0.34239 0.066743 -0.022673
-0.065645 0.10246 0.14277 0.36639 0.05855 -0.029216
-0.058344 0.15351 0.11734 0.35933 0.058226 -0.01348
-0.056278 0.17136 0.096768 0.36555 0.073911 -0.0094352
-0.050871 0.16509 0.079601 0.34179 0.086731 -0.0016182
-0.052815 0.10836 0.11297 0.3439 0.098513 -0.0039535
-0.053443 0.15259 0.10602 0.30727 0.10983 0.0053574
-0.051805 0.13103 0.11277 0.32003 0.095537 0.0036392
-0.053787 0.17899 0.095748 0.29783 0.11375 0.0069065
-0.052333 0.090011 0.10088 0.32459 0.11407 -4.2485e-05
-0.052754 0.16557 0.079744 0.31265 0.14599 0.0067503
-0.053684 0.16368 0.073412 0.33204 0.14947 0.012439
-0.05116 0.19131 0.065518 0.31407 0.15315 0.0094934
-0.050426 0.14605 0.071798 0.30458 0.15214 0.010032
-0.04812 0.10841 0.062729 0.27929 0.14793 -0.0045418
-0.049321 0.15851 0.043635 0.26822 0.14794 0.0073029
-0.053542 0.13618 0.053334 0.28903 0.13914 0.0073884
-0.056356 0.15849 0.071082 0.2921 0.1363 0.015693
-0.055178 0.11144 0.10132 0.30759 0.13488 0.012357
-0.052375 0.12008 0.10291 0.28725 0.14373 0.0039918
-0.048797 0.13658 0.10424 0.28898 0.14632 0.0078389
-0.049162 0.17621 0.057794 0.25177 0.16317 0.0039474
-0.049655 0.17359 0.032271 0.27013 0.15398 0.0090627
-0.062493 0.11612 0.14689 0.30715 0.15662 0.023452
-0.081329 0.034887 0.38018 0.38663 0.18098 0.038056
-0.10691 -0.011594 0.84846 0.50382 0.22824 0.053779
-0.12758 0.086994 0.98761 0.49311 0.34428 0.057552
-0.12973 0.13472 1.0562 0.5281 0.41644 0.079628
-0.13091 0.26061 0.43369 0.26686 0.33552 0.06385
-0.078372 0.32045 -0.21071 0.053958 0.18964 0.028732
-0.046348 0.31583 -0.84141 -0.17118 -0.039504 -0.059815
0.0011407 0.2831 -0.96786 -0.18462 0.022265 -0.069651
-0.017954 0.1145 -0.62949 -0.026343 0.069755 -0.064749
-0.03308 0.13217 -0.37365 -0.0035171 0.17496 -0.02523
-0.049225 0.16315 -0.1555 0.061814 0.15122 -0.024167
-0.049229 0.18704 -0.13286 0.029679 0.117 -0.036033
-0.042717 0.19334 -0.058406 0.07764 0.11743 -0.031532
-0.047645 0.11212 0.038401 0.10209 0.1032 -0.040616
-0.048482 0.15212 0.051192 0.10605 0.097452 -0.030337
-0.052003 0.17335 0.049732 0.12897 0.095774 -0.028703
-0.051063 0.21585 0.0062329 0.14112 0.095946 -0.021389
-0.04841 0.20062 -0.0049331 0.15395 0.094504 -0.018847
-0.04698 0.17279 0.0023793 0.15076 0.092613 -0.024874
-0.046412 0.1471 0.029895 0.15868 0.086311 -0.017993
-0.04645 0.20208 0.0089399 0.1491 0.097083 -0.013153
-0.046419 0.21771 0.00092515 0.1551 0.092178 -0.011349
-0.045409 0.19828 -0.017476 0.15529 0.094655 -0.012409
-0.046265 0.15252 -0.0074915 0.1662 0.089173 -0.022058
-0.045142 0.13511 0.00055303 0.17447 0.095328 -0.016033
-0.044762 0.17916 -0.018065 0.17125 0.10361 -0.018279
-0.043663 0.21521 -0.030485 0.17154 0.10982 -0.014916
-0.044811 0.20095 -0.032674 0.17992 0.10839 -0.01704
-0.043806 0.17373 -0.015536 0.18747 0.10219 -0.014867
-0.044698 0.16122 0.0068781 0.19595 0.10084 -0.011309
-0.037875 0.17321 0.016825 0.19212 0.094478 -0.012278
-0.037593 0.18565 0.018621 0.1909 0.091225 -0.016162
-0.033215 0.16387 0.018634 0.19235 0.08659 -0.019213
-0.042314 0.17227 0.011949 0.18941 0.094185 -0.017782
-0.043851 0.20284 0.0053318 0.18691 0.098448 -0.013251
-0.047985 0.19131 0.0074465 0.17161 0.10282 -0.010183
-0.04567 0.16917 0.0039624 0.18434 0.1005 -0.012174
-0.045908 0.17315 -0.006648 0.17114 0.10169 -0.011878
-0.04587 0.21209 -0.032743 0.18998 0.10317 -0.012419
-0.045049 0.20799 -0.035159 0.17575 0.10302 -0.0056647
-0.044711 0.16793 -0.033862 0.19988 0.10571 -0.010313
-0.046074 0.16058 -0.032909 0.19531 0.10586 -0.012774
-0.04647 0.2026 -0.041978 0.20316 0.1092 -0.018401
-0.046536 0.19257 -0.037309 0.18178 0.11149 -0.020186
-0.047529 0.16587 -0.02246 0.18185 0.11643 -0.017616
-0.045967 0.17816 -0.027642 0.17361 0.12808 -0.023751
-0.050856 0.19868 -0.027274 0.19375 0.12475 -0.017041
-0.047954 0.20208 -0.033919 0.20343 0.1213 -0.021403
-0.056625 0.15174 -0.01059 0.20514 0.10791 -0.013771
-0.057512 0.18808 -0.032508 0.18892 0.1193 -0.018827
-0.065561 0.20104 -0.033374 0.16827 0.12984 -0.020383
-0.06664 0.19552 -0.040097 0.15968 0.14216 -0.020805
-0.066592 0.14403 -0.0055394 0.16062 0.13898 -0.021632
-0.064417 0.16724 0.0038064 0.15381 0.13524 -0.0154
-0.061201 0.20779 0.0031596 0.15636 0.13698 -0.016352
-0.059157 0.20177 -0.0026436 0.15631 0.13604 -0.016446
-0.060202 0.16584 0.0036259 0.1637 0.13862 -0.015395
-0.058772 0.16878 -0.0065414 0.15985 0.13351 -0.019351
-0.060049 0.2306 -0.028964 0.15693 0.1373 -0.017309
-0.057658 0.21695 -0.038773 0.16009 0.13229 -0.016637
-0.058042 0.18898 -0.025138 0.17345 0.13455 -0.016491
-0.05842 0.12687 0.0075857 0.17507 0.12808 -0.010911
-0.05635 0.19881 0.0014694 0.17655 0.13533 -0.018437
-0.056729 0.17461 0.003387 0.16992 0.1299 -0.011539
-0.054309 0.17858 -0.00027782 0.1764 0.13203 -0.017046
-0.057012 0.0986 0.0089804 0.18056 0.12423 -0.014067
-0.055594 0.16781 -0.0063071 0.17796 0.13002 -0.017972
-0.054891 0.19961 -0.049744 0.18596 0.13787 -0.015607
-0.052312 0.20342 -0.058216 0.18629 0.1427 -0.012323
-0.053422 0.13112 -0.045817 0.20197 0.14641 -0.010426
-0.051995 0.10833 -0.0068512 0.18939 0.13842 -0.01027
-0.053201 0.14776 0.0055027 0.1879 0.13623 -0.011023
-0.046879 0.15005 0.015465 0.18198 0.12903 -0.0081699
-0.04805 0.13333 0.028801 0.19143 0.12701 -0.0083861
-0.045504 0.11023 0.04519 0.19525 0.13139 -0.0093908
-0.047218 0.15248 0.060747 0.18838 0.1284 -0.0070868
-0.047859 0.11896 0.074832 0.19434 0.1259 -0.011413
-0.046731 0.12492 0.057 0.18914 0.11681 -0.0058374
-0.051842 0.10425 0.034541 0.19911 0.12336 -0.018124
-0.050452 0.18339 -0.0075201 0.18948 0.13027 -0.0095574
-0.04239 0.17241 -0.011677 0.19751 0.13543 -0.011353
-0.037911 0.14263 -0.016691 0.19515 0.1309 -0.012015
-0.026608 0.14844 -0.027328 0.18665 0.13218 -0.013402
-0.043757 0.13871 -0.028172 0.17879 0.13853 -0.015095
-0.033056 0.15282 -0.074787 0.20585 0.13988 -0.0072362
-0.041646 0.12315 -0.18056 0.27672 0.15078 -0.006229
-0.025269 0.15458 -0.3093 0.31462 0.16188 -0.022873
-0.02674 0.22171 -0.46538 0.33583 0.17637 -0.0025562
-0.021225 0.17711 -0.50685 0.35846 0.1617 0.013434
-0.0066997 0.15182 -0.59662 0.45008 0.12221 0.047161
-0.0040284 0.096021 -0.60999 0.54458 0.078677 0.053191
0.01176 0.18658 -0.76345 0.4703 0.064512 0.048328
-0.00082678 0.15769 -0.83475 0.37893 0.085913 0.062939
3.9205e-05 0.14661 -0.90184 0.21582 0.12402 0.071448
-0.018007 0.02879 -0.7251 0.23409 0.14312 0.079348
-0.014427 0.082601 -0.57897 0.20026 0.1289 0.081025
-0.017895 0.072847 -0.43099 0.20926 0.11541 0.071929
-0.0096758 0.11385 -0.39498 0.16949 0.10425 0.072759
-0.018572 0.065159 -0.32982 0.15755 0.11548 0.070146
-0.017364 0.10281 -0.26818 0.132 0.11134 0.064724
-0.022715 0.080282 -0.22179 0.13917 0.11954 0.067281
-0.018688 0.099524 -0.21203 0.14048 0.11777 0.059287
-0.01538 0.062496 -0.18271 0.1273 0.106 0.054779
-0.023247 0.14012 -0.20925 0.16491 0.13465 0.056911
-0.024304 0.13267 -0.22599 0.18601 0.1427 0.05331
-0.048095 0.16249 -0.31158 0.40229 0.24722 0.069579
-0.039691 0.088126 -0.31596 0.42135 0.21445 0.068303
-0.038791 0.17514 -0.35212 0.49455 0.23013 0.070928
-0.01573 0.12764 -0.29627 0.33284 0.13918 0.065466
-0.013823 0.17061 -0.28413 0.31365 0.13823 0.059737
-0.015361 0.081357 -0.23394 0.26106 0.13346 0.063143
-0.02804 0.15614 -0.23213 0.24625 0.13247 0.068634
-0.0325 0.14664 -0.22959 0.25271 0.14006 0.076821
-0.036395 0.15869 -0.21225 0.24478 0.13426 0.08041
-0.027949 0.096679 -0.18712 0.3115 0.13906 0.074678
-0.024656 0.14814 -0.16341 0.30528 0.14522 0.064446
-0.023678 0.16046 -0.14821 0.30457 0.12841 0.062823
-0.025494 0.16018 -0.1419 0.27162 0.14245 0.062165
-0.030114 0.10039 -0.11567 0.26539 0.13825 0.066616
-0.030173 0.11385 -0.12266 0.26089 0.1533 0.064542
-0.031476 0.14985 -0.12433 0.26431 0.14366 0.054675
-0.030353 0.14788 -0.15355 0.26867 0.14368 0.052557
-0.029866 0.11203 -0.14568 0.27963 0.13362 0.047857
-0.026872 0.12698 -0.16011 0.28599 0.14535 0.052561
-0.029408 0.16585 -0.15345 0.27897 0.14041 0.049903
-0.027021 0.14629 -0.14059 0.28002 0.1425 0.048539
-0.030692 0.10347 -0.13304 0.27518 0.13554 0.046288
-0.022844 0.095738 -0.12692 0.28197 0.13134 0.042217
-0.018954 0.15194 -0.17151 0.27834 0.15062 0.037713
-0.015502 0.16459 -0.18378 0.27437 0.15698 0.036799
-0.022389 0.12015 -0.18598 0.26308 0.17652 0.043032
-0.028836 0.12222 -0.18192 0.25422 0.17465 0.049103
-0.031799 0.14045 -0.17456 0.24975 0.17681 0.049831
-0.031754 0.14388 -0.17441 0.25163 0.17431 0.049077
-0.03046 0.10817 -0.15301 0.25872 0.17315 0.047551
-0.029592 0.11028 -0.15389 0.25736 0.1717 0.047553
-0.02593 0.13902 -0.15814 0.25681 0.16803 0.046628
-0.024544 0.13491 -0.15035 0.24687 0.16591 0.046061
-0.023714 0.090485 -0.1161 0.23954 0.16206 0.046293
-0.025979 0.10723 -0.11052 0.23195 0.16603 0.04629
-0.026575 0.11058 -0.10916 0.2271 0.15978 0.044585
-0.029695 0.12351 -0.12374 0.22711 0.15954 0.046865
-0.031579 0.085017 -0.11377 0.22295 0.15961 0.04658
-0.030911 0.1335 -0.12254 0.21306 0.16474 0.0477
-0.029016 0.12774 -0.1275 0.20372 0.17012 0.047315
-0.025659 0.13384 -0.1254 0.19507 0.16633 0.048466
-0.026486 0.084288 -0.10656 0.19481 0.16148 0.050524
-0.028662 0.15056 -0.11179 0.19448 0.16087 0.049198
-0.029345 0.13315 -0.10318 0.19572 0.15832 0.049267
-0.031918 0.13573 -0.095956 0.19806 0.16081 0.048992
-0.029769 0.071017 -0.063336 0.19786 0.15597 0.05142
-0.030713 0.13342 -0.055327 0.19506 0.15488 0.049743
-0.028166 0.12205 -0.041735 0.18919 0.15441 0.050198
-0.027578 0.07134 -0.026936 0.18275 0.15847 0.051016
