-4.6638e-05 -0.0035937 0.0014134 -0.00029932 0.00010314 4.9055e-05
-0.00077261 0.042026 -0.00095151 -0.0059076 0.00032511 -0.0014449
-0.00023643 0.11791 0.004536 -0.017395 0.0039287 -0.00033266
0.0024551 0.11449 0.031729 -0.044246 0.0063974 0.0045408
0.0061095 0.15576 0.047824 -0.054243 0.014134 0.013891
0.011802 0.13831 0.060448 -0.073259 0.02691 0.026325
0.010175 0.16449 0.073734 -0.074447 0.026728 0.029629
0.012566 0.16564 0.089445 -0.10622 0.036775 0.034061
0.011101 0.15976 0.107 -0.11291 0.038088 0.027646
0.011517 0.15878 0.097132 -0.13017 0.040991 0.032116
0.0087569 0.16059 0.085397 -0.12044 0.045721 0.031333
0.0030949 0.16119 0.070575 -0.12817 0.042495 0.038833
0.00057302 0.15979 0.076844 -0.13464 0.048484 0.034973
0.00018754 0.1617 0.089187 -0.14095 0.049971 0.032893
0.0021917 0.15902 0.097997 -0.15023 0.052559 0.024641
0.0082482 0.1543 0.11523 -0.14685 0.055399 0.026224
0.0074852 0.16154 0.10911 -0.15988 0.056538 0.024113
0.0090778 0.16752 0.11777 -0.14585 0.05678 0.027611
0.00268 0.1743 0.11515 -0.16 0.058787 0.028202
0.002006 0.14195 0.1256 -0.14583 0.060962 0.029446
-0.00038418 0.16296 0.12169 -0.17416 0.059214 0.030941
0.0008963 0.14789 0.12641 -0.1623 0.06482 0.029655
0.0018904 0.18241 0.12416 -0.17773 0.062863 0.029382
0.00079654 0.15255 0.13511 -0.17486 0.067646 0.03204
-0.00031645 0.17272 0.13499 -0.19302 0.061644 0.029585
-0.0053959 0.15657 0.13323 -0.19486 0.055347 0.036605
-0.0073828 0.17661 0.10872 -0.18215 0.05925 0.033367
-0.0085905 0.15975 0.13122 -0.19343 0.044333 0.040861
-0.009649 0.16635 0.16086 -0.24377 0.044194 0.034942
0.00075161 0.1561 0.24493 -0.30866 0.0095297 0.0493
0.020825 0.13311 0.30122 -0.34348 0.037192 0.07182
0.030043 0.16953 0.20066 -0.26017 0.028171 0.084837
0.03247 0.1619 0.21259 -0.21892 0.055028 0.088425
0.006542 0.17153 0.14014 -0.15244 0.035124 0.070977
0.0065806 0.15343 0.22438 -0.16993 0.034436 0.079676
0.0060672 0.14115 0.21809 -0.16149 0.041045 0.092786
0.010343 0.17263 0.13246 -0.12745 0.033478 0.086623
0.004127 0.14491 0.18315 -0.15511 0.041218 0.074455
-0.00093157 0.11857 0.20423 -0.17146 0.038063 0.059893
0.00509 0.15036 0.29321 -0.2254 0.062861 0.076926
0.016594 0.13433 0.29539 -0.21362 0.073104 0.09037
0.017022 0.19864 0.25578 -0.20841 0.071446 0.092334
0.020204 0.11412 0.2654 -0.19181 0.067136 0.089522
0.020013 0.16174 0.26206 -0.21703 0.060615 0.090884
0.020102 0.12692 0.26487 -0.21282 0.075386 0.094351
0.018158 0.15754 0.24727 -0.22202 0.070715 0.085669
0.020884 0.12338 0.25255 -0.19712 0.075354 0.078332
0.0032956 0.12989 0.24534 -0.20599 0.070924 0.060734
0.02003 0.12003 0.24834 -0.18083 0.074854 0.069686
-0.011541 0.13193 0.25407 -0.20447 0.081402 0.06028
0.023424 0.10345 0.28278 -0.20497 0.083357 0.077293
0.0034536 0.12365 0.30721 -0.23427 0.079598 0.077252
0.012795 0.11275 0.30367 -0.26035 0.07618 0.077167
-0.004436 0.14095 0.241 -0.27161 0.073992 0.069351
-0.011746 0.11876 0.22681 -0.29983 0.071014 0.06387
0.0014444 0.17406 0.2357 -0.27773 0.10537 0.078642
-0.010944 0.10775 0.20091 -0.26729 0.073326 0.097395
-0.011163 0.16229 0.14494 -0.26119 0.077775 0.10886
-0.037993 0.068631 -0.05464 -0.27607 0.0020465 0.10261
-0.032811 0.1304 -0.14643 -0.31019 -0.02 0.10381
-0.04108 0.11374 -0.19628 -0.27076 -0.050377 0.10346
-0.046801 0.12333 -0.20195 -0.21631 -0.067478 0.12072
-0.054271 0.13312 -0.10871 -0.15156 -0.067268 0.12148
-0.062233 0.1209 -0.074739 -0.10777 -0.047615 0.12687
-0.058738 0.13674 0.018786 -0.12907 -0.02998 0.12822
-0.056202 0.14761 0.056874 -0.12994 -0.013409 0.1336
-0.060229 0.13942 0.049281 -0.15647 -0.043256 0.13171
-0.049571 0.14346 0.069967 -0.16952 -0.043961 0.12758
-0.051477 0.11556 0.069086 -0.17227 -0.043078 0.11072
-0.044044 0.13829 0.10368 -0.21249 -0.015365 0.11062
-0.048599 0.12419 0.10079 -0.21696 -0.0044473 0.10447
-0.048211 0.17338 0.11434 -0.25851 -0.0010114 0.11237
-0.045292 0.1333 0.099297 -0.25562 0.00017483 0.11325
-0.046217 0.15298 0.12003 -0.27222 -6.7027e-05 0.11116
-0.041455 0.1334 0.11255 -0.28001 0.0045344 0.11725
-0.044441 0.14223 0.12887 -0.28852 0.00015794 0.11515
-0.039015 0.14941 0.11437 -0.30764 0.0020379 0.12234
-0.038306 0.13796 0.12376 -0.30432 -0.007289 0.11827
-0.038946 0.14075 0.1082 -0.30967 0.0030745 0.11993
-0.040847 0.13567 0.12966 -0.31008 0.0023285 0.11913
-0.044771 0.11978 0.13619 -0.31422 0.013179 0.1208
-0.044399 0.14171 0.14629 -0.32172 0.012149 0.11929
-0.039384 0.10838 0.15601 -0.32565 0.014527 0.12089
-0.037379 0.13487 0.15877 -0.33638 0.018333 0.1207
-0.034 0.10264 0.1582 -0.34548 0.019917 0.12201
-0.036013 0.13975 0.16663 -0.36194 0.019064 0.121
-0.037299 0.12627 0.13677 -0.35206 0.016341 0.11614
-0.03679 0.14867 0.15996 -0.36664 0.02011 0.12039
-0.037989 0.13256 0.13516 -0.34662 0.016262 0.11691
-0.035641 0.13907 0.16585 -0.36273 0.023252 0.12363
-0.034989 0.13043 0.1493 -0.35688 0.012789 0.11355
-0.037376 0.12005 0.15731 -0.3647 0.022275 0.12163
-0.037386 0.13872 0.14567 -0.37254 0.019365 0.11507
-0.042073 0.12269 0.1449 -0.37804 0.024736 0.12746
-0.037715 0.1431 0.1514 -0.39268 0.026853 0.11698
-0.036399 0.11648 0.15309 -0.40738 0.026456 0.11889
-0.034785 0.12732 0.16247 -0.41754 0.027549 0.11266
-0.032661 0.11604 0.16633 -0.43181 0.027364 0.1144
-0.034428 0.10057 0.17516 -0.43801 0.028771 0.11587
-0.033867 0.12795 0.16223 -0.43378 0.031466 0.11508
-0.039579 0.10761 0.1653 -0.44963 0.035719 0.11413
-0.042083 0.13594 0.14817 -0.42729 0.038256 0.11498
-0.044505 0.10172 0.17621 -0.45793 0.047947 0.11683
-0.038753 0.12279 0.17096 -0.42664 0.052564 0.12404
-0.035103 0.12977 0.18696 -0.45222 0.058753 0.1316
-0.030156 0.13874 0.17745 -0.42442 0.055336 0.1379
-0.03159 0.11588 0.18874 -0.44152 0.056616 0.13807
-0.035297 0.11462 0.19577 -0.44802 0.056087 0.13118
-0.042126 0.11732 0.19473 -0.44986 0.057317 0.12406
-0.045036 0.14424 0.19444 -0.47114 0.060882 0.11656
-0.048081 0.13204 0.15155 -0.41314 0.049918 0.1189
-0.044353 0.13502 0.16717 -0.44586 0.049862 0.1146
-0.042697 0.11389 0.15706 -0.43667 0.038464 0.10434
-0.052026 0.13032 0.09927 -0.3135 0.046402 0.12192
-0.063037 0.13902 0.029729 -0.20444 0.04238 0.12989
-0.086731 0.15797 -0.14912 0.12658 0.047452 0.1885
-0.089948 0.17445 -0.14288 0.10351 0.041165 0.18518
-0.092177 0.17777 -0.1613 0.16259 0.046242 0.19774
-0.086702 0.17334 -0.095963 0.049273 0.047073 0.17291
-0.085079 0.17498 -0.081705 0.039732 0.04519 0.17067
-0.088235 0.17158 -0.11418 0.070338 0.038467 0.17116
-0.088092 0.18967 -0.11975 0.073032 0.03322 0.17139
-0.089375 0.17266 -0.14386 0.085219 0.029423 0.17308
-0.089675 0.19662 -0.14642 0.084757 0.036929 0.17148
-0.087458 0.16987 -0.13696 0.044366 0.037225 0.16774
-0.086214 0.19301 -0.1262 0.036636 0.041377 0.16414
-0.083289 0.16851 -0.10552 0.00017989 0.045138 0.1564
-0.084865 0.16975 -0.092363 0.0073995 0.048102 0.16022
-0.085136 0.16296 -0.083498 -0.012367 0.055714 0.15476
-0.086425 0.1727 -0.079946 -0.022465 0.055882 0.15872
-0.084739 0.17405 -0.080639 -0.041786 0.049451 0.15115
-0.083788 0.16985 -0.068926 -0.062979 0.051919 0.15168
-0.083122 0.16653 -0.069043 -0.067167 0.047314 0.14807
-0.08452 0.16223 -0.04937 -0.086918 0.058735 0.15015
-0.086441 0.1767 -0.061818 -0.082225 0.052365 0.14618
-0.088533 0.16963 -0.050757 -0.099945 0.054483 0.14621
-0.088231 0.17081 -0.050102 -0.11366 0.04735 0.13808
-0.087166 0.16354 -0.047869 -0.11 0.050342 0.1372
-0.086285 0.15982 -0.038606 -0.13899 0.049277 0.13498
-0.085801 0.17127 -0.053023 -0.12549 0.049693 0.13293
-0.087056 0.15884 -0.04014 -0.1653 0.051411 0.13505
-0.087857 0.18034 -0.038307 -0.15793 0.044369 0.13145
-0.084915 0.16379 -0.028382 -0.16835 0.050237 0.13255
-0.084623 0.17027 -0.023779 -0.17072 0.034904 0.12785
-0.079633 0.16004 -0.0323 -0.17403 0.04547 0.12562
-0.080981 0.14816 -0.025331 -0.18419 0.035884 0.12188
-0.080838 0.16267 -0.030078 -0.18793 0.045825 0.12677
-0.07932 0.14649 -0.027918 -0.19276 0.044666 0.12268
-0.080949 0.1696 -0.0374 -0.19752 0.045157 0.12685
-0.075786 0.15151 -0.033541 -0.20633 0.051088 0.12085
-0.075779 0.1662 -0.030309 -0.20514 0.053743 0.12206
-0.072065 0.15887 -0.017683 -0.21402 0.056765 0.1206
-0.071568 0.16452 -0.015985 -0.20976 0.057647 0.12255
-0.074764 0.16162 -0.017466 -0.20563 0.045262 0.12063
-0.076589 0.17193 -0.022251 -0.20106 0.046277 0.12631
-0.081197 0.15794 -0.029138 -0.19918 0.038148 0.12469
-0.080642 0.17578 -0.025325 -0.20571 0.043506 0.13047
-0.079898 0.15594 -0.0072249 -0.22639 0.044543 0.13197
-0.081532 0.16725 -0.019016 -0.22904 0.048044 0.13656
-0.079747 0.1716 -0.024365 -0.2491 0.05892 0.14317
-0.084631 0.17439 -0.061109 -0.23545 0.054416 0.14045
-0.080106 0.16848 -0.0421 -0.23685 0.058837 0.1381
-0.0791 0.1556 -0.0096896 -0.23776 0.046793 0.12425
-0.076112 0.14427 0.020266 -0.23921 0.051727 0.12508
-0.071389 0.16424 0.038005 -0.25699 0.053161 0.12034
-0.073925 0.16414 0.022146 -0.25107 0.055073 0.12764
-0.070189 0.16674 0.032024 -0.2674 0.057329 0.1282
-0.075413 0.14342 0.027725 -0.26363 0.055081 0.13148
-0.073441 0.18487 0.031538 -0.27879 0.05216 0.13255
-0.07423 0.15449 0.028538 -0.26594 0.05281 0.13152
-0.071014 0.19761 0.024285 -0.27364 0.052959 0.13184
-0.070464 0.15307 0.028781 -0.27775 0.053692 0.12719
-0.068149 0.16705 0.03486 -0.28691 0.05756 0.1299
-0.068445 0.17075 0.033233 -0.30545 0.047685 0.12064
-0.064293 0.15087 0.047159 -0.29565 0.058109 0.12565
-0.068822 0.13152 0.042981 -0.31335 0.057303 0.12332
-0.069907 0.16031 0.041335 -0.3176 0.060579 0.13128
-0.074651 0.1474 0.024985 -0.3125 0.05422 0.13046
-0.076214 0.19835 0.024634 -0.32556 0.055735 0.14085
-0.070895 0.17048 0.020531 -0.28094 0.060514 0.1363
-0.075491 0.15068 0.052768 -0.32418 0.076063 0.15633
-0.069048 0.16656 0.047153 -0.29224 0.071737 0.14629
-0.074067 0.13161 0.057977 -0.32025 0.069599 0.15009
-0.06875 0.17355 0.040603 -0.29421 0.058704 0.13568
-0.067482 0.14419 0.032876 -0.27779 0.048244 0.1234
-0.067044 0.15896 0.033363 -0.29583 0.046536 0.1239
-0.064485 0.14668 0.040091 -0.29289 0.04589 0.12036
-0.067612 0.14166 0.040992 -0.30571 0.049224 0.12309
-0.066685 0.17569 0.044767 -0.30779 0.048419 0.12131
-0.068893 0.15513 0.034176 -0.29268 0.044273 0.11584
-0.067831 0.17847 0.041301 -0.30496 0.046497 0.12046
-0.067002 0.15188 0.037072 -0.30044 0.051313 0.11856
-0.06661 0.16556 0.04839 -0.30042 0.055898 0.11828
-0.065675 0.16286 0.038995 -0.3146 0.050648 0.11408
-0.067462 0.16045 0.038843 -0.29424 0.042237 0.112
-0.065059 0.14905 0.022159 -0.30127 0.034506 0.11998
-0.06831 0.15163 -0.0010198 -0.28679 0.029626 0.1182
-0.065658 0.14567 0.005656 -0.30196 0.032802 0.12066
-0.067288 0.1447 0.010599 -0.31149 0.034734 0.11487
-0.066946 0.14605 0.017414 -0.30529 0.038243 0.11297
-0.066408 0.14936 0.026108 -0.30766 0.040212 0.11473
-0.068971 0.1704 -0.013988 -0.29365 0.04089 0.11396
-0.064178 0.15809 0.052249 -0.30967 0.042073 0.1137
-0.068273 0.15821 0.071237 -0.30836 0.041374 0.11833
-0.070238 0.17045 -0.012241 -0.34315 0.040654 0.12289
-0.068675 0.15195 -0.0078462 -0.35971 0.045914 0.1381
-0.068034 0.18618 -0.12677 -0.39039 0.056077 0.14283
-0.05639 0.10307 0.093354 -0.33785 0.072107 0.14879
-0.070024 0.13136 0.12349 -0.32641 0.074499 0.14207
-0.060038 0.12337 0.15007 -0.25415 0.073569 0.15417
-0.062072 0.1524 0.081936 -0.25415 0.053713 0.15213
-0.044294 0.20677 0.036668 -0.22032 0.046901 0.15638
-0.036333 0.1427 0.0037758 -0.15809 0.039388 0.16778
-0.043611 0.17976 0.0038449 -0.16336 0.042489 0.17831
-0.042662 0.11036 -0.09942 -0.10294 0.04254 0.21583
-0.068784 0.11964 -0.061731 -0.1424 0.042404 0.20782
-0.084171 0.12606 -0.034423 -0.12383 0.047919 0.19323
-0.099791 0.13274 0.013091 -0.15655 0.055425 0.16683
-0.097496 0.17113 0.063011 -0.1971 0.069468 0.1506
-0.084556 0.16628 0.073512 -0.24878 0.067503 0.14903
-0.078006 0.13461 0.11195 -0.27632 0.078805 0.14452
-0.077934 0.15324 0.11438 -0.28791 0.069666 0.13669
-0.075844 0.16051 0.10349 -0.28624 0.078607 0.14031
-0.078764 0.17702 0.10198 -0.28282 0.075548 0.13971
-0.080494 0.19102 0.10186 -0.29189 0.076874 0.14325
-0.085417 0.13584 0.12972 -0.2869 0.083977 0.14244
-0.086446 0.17402 0.11712 -0.29664 0.077014 0.13601
-0.079887 0.16217 0.13212 -0.30502 0.080788 0.13603
-0.078762 0.16223 0.11344 -0.31294 0.076168 0.12771
-0.078087 0.15342 0.12377 -0.32451 0.080516 0.13452
-0.084587 0.16007 0.096509 -0.32699 0.081163 0.12734
-0.08561 0.19625 0.10769 -0.33396 0.078943 0.13477
-0.083948 0.19397 0.092175 -0.33045 0.076741 0.12506
-0.079478 0.16259 0.13787 -0.34649 0.078501 0.12794
-0.077431 0.15597 0.13447 -0.36102 0.079459 0.1243
-0.076918 0.16364 0.16486 -0.39018 0.082877 0.12868
-0.078167 0.17475 0.15646 -0.40351 0.081114 0.13146
-0.077122 0.15768 0.16542 -0.39971 0.085797 0.13156
-0.076965 0.16042 0.15532 -0.40312 0.081254 0.13518
-0.075551 0.16042 0.15602 -0.3981 0.084454 0.13105
-0.078322 0.17192 0.16329 -0.42642 0.079531 0.13929
-0.07628 0.14413 0.18042 -0.43041 0.085039 0.13438
-0.075812 0.15662 0.1793 -0.44664 0.085097 0.13834
-0.071322 0.14475 0.17247 -0.43487 0.085898 0.13102
-0.071633 0.16037 0.16434 -0.45796 0.0862 0.13049
-0.077146 0.14681 0.15929 -0.4505 0.085853 0.1287
-0.074662 0.14793 0.1677 -0.46658 0.087201 0.13176
-0.07629 0.15638 0.16505 -0.45282 0.08328 0.13252
-0.065386 0.14529 0.17643 -0.45882 0.082904 0.13319
-0.066463 0.15416 0.18773 -0.47163 0.076724 0.13437
-0.062092 0.13475 0.18783 -0.47242 0.081328 0.13337
-0.062293 0.14259 0.19647 -0.48187 0.0768 0.13667
-0.062597 0.13897 0.18625 -0.47585 0.080923 0.13446
-0.062917 0.13387 0.19817 -0.49064 0.078686 0.13466
-0.066425 0.15663 0.19359 -0.50537 0.079239 0.13594
-0.063925 0.14618 0.19833 -0.52164 0.080837 0.13324
-0.064519 0.14992 0.2023 -0.54628 0.084293 0.13813
-0.064338 0.15031 0.19308 -0.53713 0.09117 0.13158
-0.062317 0.14598 0.20704 -0.56756 0.089424 0.13634
-0.068656 0.14858 0.20459 -0.56666 0.09598 0.13848
-0.070043 0.1446 0.22294 -0.60438 0.10343 0.14359
-0.086126 0.11968 0.25931 -0.62737 0.11888 0.15107
-0.088034 0.10609 0.26896 -0.63843 0.13858 0.14532
-0.087427 0.13963 0.30293 -0.68536 0.128 0.14243
-0.077344 0.10475 0.2917 -0.67962 0.14029 0.13864
-0.074303 0.15611 0.2941 -0.72525 0.12247 0.13096
-0.073913 0.11727 0.28349 -0.69469 0.13497 0.13782
-0.077846 0.12434 0.28772 -0.72459 0.12264 0.12954
-0.075815 0.13842 0.28059 -0.70213 0.12628 0.13559
-0.074934 0.1234 0.30291 -0.7297 0.12377 0.13114
-0.071775 0.13158 0.30346 -0.72133 0.12647 0.13106
-0.074447 0.13077 0.32269 -0.73229 0.12402 0.13456
-0.074583 0.11669 0.32553 -0.73298 0.12261 0.12923
-0.079451 0.12152 0.32434 -0.73387 0.12198 0.13445
-0.078006 0.11681 0.33596 -0.74722 0.13076 0.12691
-0.07835 0.10543 0.34302 -0.74976 0.12649 0.13396
-0.082378 0.10887 0.3412 -0.74264 0.11798 0.13202
-0.080536 0.1294 0.33973 -0.73824 0.12489 0.13393
-0.073009 0.092917 0.34521 -0.72 0.11661 0.13436
-0.046511 0.10806 0.41342 -0.73284 0.16093 0.13353
-0.027393 0.044667 0.45799 -0.71905 0.13468 0.13875
-0.020976 0.06651 0.49283 -0.7004 0.12666 0.1336
-0.028224 0.10399 0.43555 -0.70088 0.080096 0.12545
-0.042299 0.090715 0.36661 -0.66711 0.051732 0.11665
-0.038775 0.13501 0.31576 -0.68988 0.051618 0.10409
-0.042003 0.095817 0.2872 -0.64436 0.050432 0.10735
-0.039711 0.085343 0.28417 -0.61224 0.033284 0.092933
-0.041253 0.10321 0.30544 -0.60696 0.040572 0.093241
-0.043858 0.062711 0.2895 -0.57911 0.01326 0.079343
-0.0365 0.083001 0.38534 -0.68441 0.056702 0.085206
-0.032966 0.078195 0.38332 -0.697 0.060888 0.087269
-0.036122 0.074681 0.44767 -0.77119 0.09353 0.094213
-0.036898 0.11294 0.41833 -0.74501 0.092223 0.095675
-0.049245 0.092429 0.4028 -0.75606 0.098377 0.095512
-0.048621 0.095191 0.41392 -0.75878 0.10447 0.10063
-0.051498 0.088545 0.40989 -0.78313 0.10769 0.099921
-0.051573 0.089814 0.43732 -0.78878 0.10835 0.10245
-0.050202 0.09221 0.44458 -0.79538 0.10325 0.095754
-0.051451 0.078296 0.46377 -0.79406 0.11271 0.1008
-0.047037 0.10729 0.44727 -0.79556 0.10925 0.093971
-0.051827 0.092397 0.46871 -0.78634 0.11103 0.09952
-0.052736 0.11607 0.46158 -0.78479 0.087325 0.089115
-0.060817 0.068448 0.50933 -0.7829 0.092528 0.09743
-0.060903 0.090838 0.50732 -0.7946 0.094917 0.10001
-0.061329 0.088864 0.49102 -0.79181 0.11562 0.10717
-0.064508 0.10634 0.48363 -0.79261 0.11526 0.10711
-0.060604 0.091156 0.45832 -0.78831 0.12048 0.10967
-0.062865 0.082985 0.46602 -0.78874 0.11661 0.11185
-0.058464 0.092765 0.45489 -0.79623 0.12901 0.1238
-0.06115 0.09141 0.45652 -0.79656 0.13079 0.12481
-0.065188 0.10067 0.46805 -0.80463 0.12681 0.13097
-0.062161 0.088404 0.46491 -0.80348 0.12522 0.12861
-0.060283 0.091182 0.45125 -0.80212 0.10838 0.12756
-0.057643 0.099208 0.44817 -0.80553 0.12162 0.12651
-0.055428 0.095079 0.43219 -0.80749 0.12069 0.1246
-0.060557 0.096595 0.45578 -0.81689 0.13352 0.12775
-0.056317 0.090398 0.44397 -0.82168 0.13273 0.12811
-0.058602 0.085005 0.45737 -0.81696 0.13081 0.12839
-0.059306 0.096463 0.45421 -0.81129 0.13425 0.12704
-0.061862 0.088494 0.45954 -0.79108 0.13879 0.12757
-0.066128 0.097944 0.46499 -0.78121 0.13988 0.12643
-0.067144 0.10282 0.4692 -0.77274 0.13741 0.12468
-0.067995 0.096362 0.46554 -0.77909 0.1356 0.11862
-0.066156 0.13402 0.46324 -0.79012 0.12471 0.11725
-0.064889 0.10084 0.44357 -0.78394 0.13093 0.11696
-0.059758 0.12775 0.43792 -0.7973 0.11981 0.12058
-0.058306 0.10316 0.43964 -0.78513 0.14119 0.1191
-0.056317 0.095761 0.45488 -0.81051 0.13578 0.12217
-0.057906 0.10395 0.4729 -0.80798 0.15088 0.1181
-0.059756 0.073807 0.48395 -0.81256 0.14157 0.123
-0.061935 0.065433 0.49473 -0.81688 0.14671 0.11752
-0.05993 0.084662 0.49405 -0.81157 0.15138 0.11808
-0.060803 0.055777 0.50877 -0.81602 0.14945 0.11283
-0.055515 0.094578 0.49169 -0.8189 0.15069 0.11595
-0.056724 0.075598 0.49425 -0.81351 0.13828 0.11212
-0.056108 0.0844 0.46755 -0.81824 0.13222 0.11815
-0.059607 0.086928 0.46933 -0.80936 0.1384 0.11537
-0.062197 0.095014 0.4598 -0.80052 0.13629 0.1209
-0.063895 0.083292 0.46401 -0.80252 0.14575 0.12275
-0.064834 0.10066 0.4615 -0.80422 0.14103 0.12055
-0.064857 0.084577 0.46062 -0.81992 0.14042 0.1235
-0.065412 0.085457 0.46139 -0.83121 0.13869 0.11822
-0.064782 0.10295 0.46105 -0.8226 0.13808 0.11939
-0.066511 0.075803 0.45412 -0.81269 0.13261 0.11954
-0.064662 0.10132 0.45408 -0.79272 0.13834 0.11527
-0.062936 0.096829 0.47008 -0.84723 0.13666 0.1249
-0.061427 0.06871 0.45963 -0.80434 0.13815 0.11325
-0.064441 0.035301 0.48705 -0.79094 0.14128 0.12312
-0.071406 0.0063508 0.4454 -0.67286 0.12395 0.10623
-0.080226 0.054316 0.45749 -0.65421 0.13477 0.11424
-0.083691 0.1652 0.44122 -0.74141 0.11142 0.11919
-0.08233 0.10337 0.47478 -0.71931 0.1291 0.12257
-0.084434 0.18209 0.4671 -0.75318 0.11576 0.1394
-0.065159 -0.033827 0.61355 -0.61149 0.1299 0.11999
-0.058269 0.096707 0.614 -0.63667 0.12212 0.13133
-0.027338 -0.048796 0.77912 -0.61548 0.10263 0.10788
-0.030254 0.094464 0.65487 -0.66151 0.10681 0.12176
-0.039069 0.050507 0.61039 -0.6333 0.08439 0.11247
-0.048887 0.10985 0.50672 -0.61739 0.11349 0.1304
-0.05275 0.060637 0.55703 -0.62695 0.096949 0.11627
-0.054572 0.084255 0.47632 -0.51215 0.094369 0.13532
-0.096193 0.0035901 0.29976 -0.4763 0.15691 0.16125
-0.16095 -0.06056 -0.25445 -0.30604 0.15382 0.22338
-0.20512 -0.15092 -0.56351 -0.25391 0.23315 0.25851
-0.20484 -0.16749 -0.6952 -0.24233 0.14623 0.24121
-0.16395 -0.042494 -0.38394 -0.19803 0.13837 0.19294
-0.14146 0.011803 -0.08347 -0.22321 0.11941 0.14443
-0.13253 0.080864 0.098131 -0.17801 0.13819 0.13459
-0.14096 0.090235 0.11858 -0.18481 0.17214 0.13351
-0.13834 0.10964 0.080778 -0.16795 0.15266 0.13888
-0.12904 0.10699 0.088711 -0.1694 0.15849 0.13598
-0.13359 0.087209 0.056496 -0.11496 0.14089 0.13108
-0.13121 0.060302 0.076598 -0.14385 0.15231 0.12731
-0.14352 0.10896 0.057913 -0.14774 0.13318 0.11663
-0.14194 0.10209 0.082703 -0.1857 0.14355 0.11318
-0.14279 0.11761 0.088355 -0.21882 0.13677 0.11032
-0.13987 0.068945 0.099512 -0.21955 0.1409 0.11087
-0.13622 0.094464 0.10065 -0.24811 0.1406 0.11089
-0.13308 0.097401 0.10186 -0.25351 0.13626 0.10891
-0.13855 0.1126 0.094853 -0.25437 0.13951 0.10878
-0.13506 0.09224 0.093041 -0.25474 0.14038 0.10767
-0.13962 0.089356 0.087517 -0.24161 0.14123 0.10885
-0.13501 0.10525 0.081542 -0.23048 0.13952 0.10956
