-0.0011566 -0.001463 0.00068035 0.0018288 0.00032984 -0.00049064
0.0051298 0.03105 -0.065731 0.012734 -0.025725 -0.013097
0.0079506 0.036126 -0.060979 0.011358 -0.012656 0.00081821
0.0096532 0.088877 -0.042722 -0.019502 -0.021236 -0.012972
0.011619 0.10002 0.018515 -0.035449 -0.017225 0.0022741
0.036954 0.098752 0.045914 -0.032174 -0.055744 -0.0068859
0.034568 0.15646 0.062455 -0.091775 -0.045328 0.011302
0.058931 0.12192 0.091862 -0.085438 -0.026961 0.031335
0.043512 0.14382 0.088068 -0.13392 0.0076264 0.032715
0.049549 0.126 0.08717 -0.080638 0.013436 0.028588
0.041085 0.14477 0.064219 -0.085629 0.0068397 0.019704
0.037637 0.15762 0.058261 -0.082007 0.0075701 0.022131
0.033878 0.15104 0.073565 -0.093215 -0.0014116 0.024357
0.028046 0.14204 0.057443 -0.097667 0.017564 0.022087
0.022948 0.13849 0.078507 -0.087889 0.011991 0.0099077
0.018847 0.14972 0.049074 -0.087149 0.021413 0.011458
0.018495 0.13078 0.076041 -0.095832 0.011344 0.0090211
0.012242 0.14062 0.07769 -0.10586 0.0045044 0.014103
0.015518 0.13995 0.076694 -0.10175 0.017217 0.017289
0.010646 0.14029 0.087087 -0.091927 0.0085665 0.016182
0.013524 0.17732 0.05703 -0.078406 0.021558 0.018288
0.0029654 0.12149 0.085011 -0.094392 0.0083638 0.021794
-0.0019126 0.16563 0.082543 -0.092864 0.003298 0.011627
-0.013841 0.096655 0.1094 -0.12319 0.010933 0.01994
-0.0050658 0.139 0.099118 -0.086919 -0.0039266 0.0075094
0.00014862 0.1418 0.054745 -0.09901 0.011791 0.015315
0.011107 0.17438 0.0080802 -0.086205 0.0081307 0.007444
0.017871 0.19161 -0.024597 -0.098532 0.0083022 0.013325
0.016323 0.17502 -0.034426 -0.12378 0.0063421 0.0030829
0.022741 0.17951 -0.028573 -0.11024 -0.0019453 0.0136
0.016736 0.16447 -0.016911 -0.15337 0.0024396 -0.0025958
0.022705 0.18522 -0.044752 -0.12573 0.011522 0.0057147
0.01362 0.13083 0.011139 -0.17603 0.0083612 -0.0042446
0.014386 0.13468 -0.029076 -0.1374 0.014769 -0.004761
0.0085531 0.1565 0.019915 -0.16036 0.016013 -0.0043869
0.013259 0.17038 -0.013215 -0.12921 0.0059491 -0.0090044
0.01516 0.21176 0.0063714 -0.13592 0.014695 -0.0034441
0.01748 0.15138 0.00075355 -0.11369 -0.023093 -0.010607
0.0092403 0.16066 0.0079819 -0.13405 0.0083618 -0.0056442
0.00495 0.15047 -0.0017449 -0.11376 -0.0046045 -0.011533
0.0018957 0.17334 0.0054417 -0.14807 0.016828 -0.01136
0.0054742 0.15424 0.021014 -0.16188 0.018389 -0.0071016
0.014547 0.16509 0.027996 -0.18072 -0.0033788 -0.012966
0.012773 0.1442 0.03901 -0.19911 0.018381 0.0028544
0.016424 0.15595 0.036367 -0.18453 0.0013104 -0.0021174
0.0047552 0.1422 0.026511 -0.18359 0.021593 -0.0037988
0.0097283 0.11794 0.052471 -0.21734 0.001206 -0.0078681
0.0058356 0.12136 0.05198 -0.22372 0.0055539 -0.020987
0.016498 0.098031 0.074068 -0.25542 -0.010626 -0.0052401
0.014617 0.12056 0.058725 -0.21883 0.018771 -0.0093496
0.019992 0.14636 0.037255 -0.19241 0.0065147 0.010225
0.01439 0.126 0.036327 -0.17731 0.028256 -0.0041558
0.014057 0.14816 0.033856 -0.17252 -0.004152 -0.0015336
0.0059841 0.095933 0.054623 -0.2085 0.0041012 -0.021106
0.0059462 0.10295 0.068902 -0.22125 -0.011201 -0.017877
0.0057214 0.15247 0.04952 -0.24181 -0.0053187 -0.013514
0.011183 0.10188 0.066725 -0.24455 -0.01324 -0.0075084
0.011872 0.17495 0.034343 -0.24642 -0.013554 -0.0055842
0.009092 0.10176 0.065994 -0.25036 -0.0093094 -0.0139
0.0095606 0.15183 0.089044 -0.27005 -0.013705 -0.02181
-0.0091965 0.16372 0.029338 -0.19461 0.0054549 -0.025022
-0.002691 0.19381 -0.042151 -0.15719 0.00013754 -0.017284
-0.014013 0.22344 -0.20434 -0.0070805 0.038194 -0.00090717
0.01069 0.17959 -0.2217 -0.03235 0.038478 0.021933
0.019783 0.15721 -0.15491 -0.033325 0.055704 0.028371
0.023443 0.098677 -0.075142 -0.097945 0.047761 0.020372
0.016891 0.12669 0.027832 -0.14763 0.041498 0.00018768
0.018414 0.14526 -0.017426 -0.11266 0.026039 0.0023613
0.02439 0.14809 -0.016054 -0.12117 0.017275 0.0096781
0.054643 0.16924 -0.12109 -0.033754 -0.0026701 0.0473
0.052792 0.092279 -0.14105 -0.00088699 -0.00014723 0.046008
0.054799 0.12975 -0.15252 -0.00014328 -0.0079405 0.047751
0.035367 0.10965 -0.11183 -0.044034 0.0068736 0.02226
0.029501 0.17092 -0.078121 -0.06292 0.0014144 0.017111
0.02578 0.13145 -0.065736 -0.1043 -0.0016427 0.015382
0.032064 0.15112 -0.051637 -0.064629 -0.0070433 0.02605
0.022308 0.11416 -0.033139 -0.12636 -0.011088 0.01687
0.025261 0.18014 -0.0368 -0.089097 0.019357 0.022079
0.015139 0.17961 -0.049771 -0.074079 0.013823 0.0038894
0.020549 0.18613 -0.052167 -0.076644 0.035497 0.012259
0.01735 0.13928 -0.040062 -0.077345 0.0069269 0.0012885
0.021599 0.16682 -0.026319 -0.13795 0.018411 0.0096115
0.020554 0.12184 -0.028982 -0.12193 0.016184 0.0076631
0.025826 0.1951 -0.051442 -0.085051 0.020696 0.0091674
0.030609 0.16228 -0.055815 -0.069163 0.036117 0.012665
0.030035 0.1949 -0.060668 -0.033707 0.010452 0.0082601
0.034506 0.18863 -0.038053 -0.079827 0.033002 0.015695
0.025838 0.17348 -0.04099 -0.063115 0.036394 0.013683
0.025865 0.19333 -0.025313 -0.083097 0.040459 0.011436
0.020182 0.17748 -0.035312 -0.089369 0.054741 0.011344
0.01898 0.16234 -0.0095427 -0.10122 0.0088484 0.0028294
0.01821 0.14169 -0.0001895 -0.13619 0.023318 0.013195
0.015036 0.12107 0.029371 -0.13911 0.019356 0.014975
0.0097855 0.13483 0.02618 -0.10664 0.036442 0.017666
0.0098495 0.13626 0.035482 -0.11055 0.048898 0.02017
0.0045094 0.1331 0.041368 -0.084908 0.027425 0.0083813
0.011073 0.15489 0.042093 -0.13199 0.017275 0.012915
0.00051099 0.14752 0.075329 -0.15194 0.0013921 -0.00067999
0.012265 0.11378 0.064195 -0.15985 0.0080841 -4.2766e-05
0.0030995 0.12376 0.081535 -0.16502 0.014979 -0.0038843
0.01865 0.085428 0.064311 -0.15522 0.034796 0.007237
0.0051238 0.14553 0.068209 -0.15362 0.032443 0.010811
0.012414 0.1508 0.057752 -0.1706 0.044473 0.027161
0.0033496 0.14662 0.014076 -0.15773 0.034208 0.010721
0.0050365 0.15233 0.0055159 -0.15999 0.05552 0.021352
-0.0021957 0.12375 -0.040205 -0.099696 0.037018 -0.010153
-0.011261 0.11517 0.029898 -0.092202 0.057234 -0.0035244
-0.0089639 0.12059 0.03623 -0.092162 0.035384 -0.013007
-0.01032 0.11774 0.07766 -0.12279 0.03589 -0.0014758
-0.0026873 0.1267 0.086237 -0.16628 0.036435 0.004913
-0.0053137 0.14404 0.066761 -0.12954 0.020839 0.0041815
-0.0044104 0.11167 0.081704 -0.1374 0.035205 -0.00050267
-0.0061527 0.15432 0.066466 -0.11052 0.025221 0.0016047
-0.0044082 0.10586 0.072917 -0.11129 0.026736 0.0004774
-0.0095297 0.13733 0.080168 -0.12668 0.042015 0.0026258
-0.0030628 0.13522 0.072736 -0.1144 0.040192 0.0070767
-0.0080372 0.1227 0.079008 -0.12493 0.056837 0.0026521
0.00038438 0.1433 0.069964 -0.12534 0.0441 0.010193
-0.0034272 0.12419 0.087259 -0.13779 0.042808 0.011805
0.0025418 0.11866 0.084739 -0.14393 0.035017 0.010638
0.0026512 0.14032 0.097855 -0.16647 0.03651 0.019066
0.009116 0.12837 0.073802 -0.11936 0.012923 0.012931
0.011795 0.12274 0.087124 -0.16407 0.019175 0.023073
0.013353 0.14408 0.078611 -0.12332 0.0013169 0.023474
0.0096627 0.10533 0.093711 -0.1784 0.032659 0.017097
0.0016827 0.13901 0.094454 -0.14472 0.03163 0.014993
-0.0017095 0.11431 0.10189 -0.14744 0.046907 0.0017158
0.001462 0.13595 0.093193 -0.127 0.028166 0.0079844
0.0032997 0.12199 0.11318 -0.14432 0.031137 0.0072739
0.002633 0.11789 0.11408 -0.14717 0.0013911 -0.0026138
-0.0038493 0.084884 0.13769 -0.187 0.017744 -0.0056646
-0.0073534 0.085297 0.15375 -0.17193 0.001147 -0.019418
-0.0074846 0.11235 0.10514 -0.17475 0.014411 -0.013032
-0.0057617 0.098141 0.12223 -0.1367 0.0038109 -0.011893
-0.016027 0.043998 0.21667 -0.20797 0.023364 -0.019302
-0.020982 0.035272 0.27022 -0.22501 0.017434 -0.019693
-0.031296 0.018057 0.43231 -0.33797 0.052912 -0.016155
-0.028717 0.13606 0.28941 -0.26971 0.034022 -0.0098256
-0.025108 0.10198 0.32435 -0.2755 0.058673 0.013949
-0.021679 0.12811 0.22451 -0.19625 0.046451 -0.0025703
-0.019694 0.10152 0.25657 -0.21108 0.051075 0.0091888
-0.019996 0.10153 0.27534 -0.19723 0.026775 -0.013297
-0.019727 0.12896 0.2673 -0.2359 0.023491 -0.0029803
-0.020815 0.064609 0.29137 -0.23054 0.0082046 -0.011992
-0.011872 0.090763 0.28324 -0.25404 0.015117 -0.007454
-0.012724 0.078427 0.28203 -0.26955 0.014984 -0.0044989
-0.021088 0.085982 0.25102 -0.24925 0.020319 -0.010079
-0.034816 0.11953 0.22843 -0.27328 0.049619 -0.010991
-0.055934 0.036961 0.21628 -0.21672 0.072945 -0.026181
-0.04232 0.1067 0.23943 -0.24719 0.080115 -0.025117
-0.036301 0.054772 0.24475 -0.24088 0.08174 -0.014946
-0.021726 0.11109 0.25188 -0.26934 0.051352 -0.015288
-0.018269 0.10924 0.19791 -0.26581 0.065141 -0.0024989
-0.020235 0.080921 0.19992 -0.25081 0.057054 -0.0017313
0.001473 0.12405 0.1551 -0.23819 0.083449 0.0068333
0.0024919 0.12547 0.17605 -0.24173 0.082137 0.012476
0.023724 0.14471 0.1732 -0.2335 0.089515 0.0078737
0.0046054 0.13721 0.19817 -0.24516 0.0787 0.008054
0.0044019 0.11512 0.2229 -0.21763 0.081772 0.009214
-0.0087184 0.10845 0.24358 -0.228 0.07814 0.013334
-0.0054225 0.12268 0.259 -0.22086 0.087316 0.01212
-0.012056 0.12741 0.24493 -0.21987 0.084355 0.010255
-0.014809 0.11691 0.25684 -0.22351 0.085786 0.0022129
-0.014454 0.12596 0.21617 -0.19677 0.070922 0.0069899
-0.014209 0.11061 0.24112 -0.22267 0.064865 0.0025442
-0.0049321 0.092118 0.22514 -0.22101 0.039324 -0.001681
-0.031897 0.13054 0.23074 -0.24219 0.041524 -0.024909
-0.03283 0.064902 0.28194 -0.29439 0.045771 -0.028466
0.030468 0.077921 0.32113 -0.31904 0.055045 0.050479
-0.051295 0.033316 0.35224 -0.42772 0.055455 -0.035062
-0.15652 0.0043216 0.31422 -0.38548 0.057032 -0.15228
-0.50484 -0.0080221 0.25394 -0.44907 0.062322 -0.52925
-0.69685 -0.042794 0.21897 -0.36964 0.093339 -0.74843
-0.69039 -0.016277 0.24448 -0.4074 0.084855 -0.73064
-0.55117 0.026575 0.22356 -0.31936 0.081035 -0.59129
-0.32027 0.063332 0.24234 -0.31745 0.055386 -0.30716
-0.23936 0.079645 0.21696 -0.27087 0.056232 -0.23435
-0.19876 0.063526 0.24544 -0.30378 0.056793 -0.171
-0.18439 0.087225 0.26664 -0.30774 0.062744 -0.16295
-0.1886 0.064252 0.28256 -0.31715 0.060878 -0.16026
-0.18508 0.067293 0.28534 -0.32155 0.052155 -0.15565
-0.18141 0.084713 0.2663 -0.31298 0.045361 -0.1542
-0.18137 0.069959 0.25154 -0.30845 0.038177 -0.16487
-0.16811 0.088918 0.25805 -0.30011 0.034911 -0.14845
-0.16124 0.088127 0.24049 -0.28481 0.050295 -0.14146
-0.17081 0.079337 0.15687 -0.24666 0.04028 -0.15404
-0.15925 0.066331 0.26995 -0.30542 0.04288 -0.13026
-0.15904 0.052581 0.25181 -0.30487 0.038388 -0.13466
-0.13579 -0.036864 0.55165 -0.42154 0.037417 -0.093496
-0.12232 0.065478 0.44145 -0.35265 0.073017 -0.091734
-0.1069 0.053492 0.43053 -0.33656 0.069533 -0.079725
-0.098085 0.096926 0.2883 -0.26805 0.095857 -0.078035
-0.087884 0.092745 0.23975 -0.27947 0.063695 -0.070888
-0.09846 -0.013757 0.27677 -0.28097 0.076697 -0.07017
-0.090526 0.047208 0.30215 -0.33066 0.060015 -0.077529
-0.099827 -0.010492 0.34069 -0.38419 0.086431 -0.079139
-0.093063 0.010404 0.40977 -0.48863 0.075011 -0.077732
-0.10222 -0.020523 0.43566 -0.56396 0.087231 -0.079975
-0.11269 -0.047226 0.45451 -0.61705 0.08569 -0.07909
-0.12596 0.031316 0.395 -0.55588 0.094947 -0.09263
-0.1219 0.019438 0.32278 -0.43953 0.089965 -0.076919
-0.12316 0.12829 0.21238 -0.22761 0.069137 -0.075821
-0.10571 0.062761 0.18104 -0.117 0.063463 -0.063114
-0.10605 0.11946 0.18428 -0.092573 0.061752 -0.062917
-0.10464 0.091972 0.22504 -0.15742 0.084726 -0.065506
-0.10054 0.10755 0.22932 -0.19567 0.083749 -0.062752
-0.10169 0.11817 0.23199 -0.21602 0.092046 -0.061129
-0.090717 0.10754 0.20925 -0.18495 0.063123 -0.065686
-0.092758 0.10907 0.22751 -0.20202 0.072167 -0.060061
-0.087355 0.12221 0.21259 -0.16386 0.043221 -0.072905
-0.088963 0.091058 0.22945 -0.21027 0.05288 -0.063752
-0.085193 0.096581 0.22011 -0.19456 0.043793 -0.070421
-0.090197 0.062037 0.24639 -0.25216 0.048763 -0.062885
-0.086491 0.084038 0.21222 -0.2103 0.067964 -0.061851
-0.088713 0.093704 0.22254 -0.21662 0.064563 -0.055193
-0.08616 0.080366 0.21484 -0.19505 0.05826 -0.066529
-0.085686 0.10549 0.22426 -0.22055 0.044221 -0.057731
-0.086255 0.078908 0.25048 -0.22121 0.030417 -0.07394
-0.081944 0.091706 0.22982 -0.21851 0.04673 -0.053446
-0.081648 0.096252 0.21515 -0.18839 0.055885 -0.063114
-0.082282 0.073644 0.22149 -0.16317 0.059089 -0.056106
-0.088646 0.13998 0.21141 -0.22639 0.078983 -0.062917
-0.07958 0.15532 0.16917 -0.20637 0.09105 -0.04395
-0.062284 0.15458 0.07045 -0.25027 0.1282 -0.031822
-0.030481 0.20023 -0.12983 -0.13169 0.11075 -0.028341
-0.015759 0.14781 -0.24076 -0.070089 0.0776 -0.029296
-0.031855 0.19532 -0.26697 -0.043248 0.032518 -0.063954
-0.050656 0.12628 -0.17916 -0.073415 0.031491 -0.0334
-0.079132 0.094026 -0.010441 -0.12833 0.059772 -0.056018
-0.078229 0.05023 0.1132 -0.16535 0.075113 -0.028343
-0.080221 0.071448 0.15558 -0.14764 0.081634 -0.052428
-0.07324 0.081651 0.18713 -0.15046 0.070187 -0.046322
-0.074672 0.12966 0.14725 -0.1431 0.072701 -0.060811
-0.08003 0.093153 0.13277 -0.1395 0.092542 -0.040211
-0.092086 0.067506 0.11974 -0.14533 0.098229 -0.05683
-0.09759 0.048775 0.033223 -0.099079 0.11987 -0.024698
-0.08589 0.092637 0.0076226 -0.059108 0.12289 -0.029298
-0.081741 0.08652 0.0096376 -0.030046 0.12044 -0.025532
-0.07822 0.096219 0.032973 -0.03851 0.12521 -0.030298
-0.09551 0.057455 0.081931 -0.073132 0.12862 -0.05573
-0.096346 0.12162 0.015654 -0.096517 0.13853 -0.047644
-0.088347 0.20355 -0.028302 -0.10629 0.14352 -0.05529
-0.075968 0.15179 -0.036578 -0.14018 0.11199 -0.053354
-0.072827 0.13266 -0.00079642 -0.169 0.11346 -0.054924
-0.074006 0.042656 0.056095 -0.19813 0.10063 -0.058075
-0.078494 0.10864 0.058632 -0.18057 0.11369 -0.05508
-0.077329 0.11062 0.081777 -0.17306 0.12392 -0.047056
-0.083038 0.13832 0.037756 -0.12344 0.089871 -0.058461
-0.087254 0.088304 0.1011 -0.14216 0.11849 -0.04413
-0.087654 0.099409 0.10207 -0.083796 0.094889 -0.060467
-0.086455 0.13034 -0.024963 -0.11797 0.13528 -0.041996
-0.076916 0.13365 -0.088077 -0.049296 0.12738 -0.052854
-0.075502 0.21225 -0.43965 0.027379 0.095373 -0.050484
-0.08306 0.094263 -0.21007 0.11317 0.10872 -0.06907
-0.089985 0.14087 -0.19794 0.15565 0.087767 -0.07576
-0.10626 0.048087 0.18287 0.052537 0.17029 -0.07813
-0.098195 0.17357 0.18642 -0.0099758 0.16634 -0.068194
-0.10034 0.10626 0.24513 -0.071823 0.18948 -0.063601
-0.097059 0.16396 0.21468 -0.062295 0.15197 -0.071392
-0.098738 0.085643 0.24712 -0.071395 0.1536 -0.066736
-0.10421 0.14168 0.26031 -0.10145 0.16588 -0.068778
-0.1019 0.12468 0.26711 -0.11481 0.17788 -0.054113
-0.10413 0.14359 0.26369 -0.1282 0.19838 -0.054257
-0.10819 0.098263 0.29224 -0.12081 0.16574 -0.066662
-0.1032 0.1065 0.28078 -0.12483 0.18345 -0.060941
-0.10202 0.11965 0.25691 -0.11564 0.14484 -0.075781
-0.097225 0.1045 0.25057 -0.13858 0.16602 -0.057919
-0.095075 0.17538 0.16762 -0.129 0.15383 -0.058009
-0.098494 0.070062 0.18942 -0.17624 0.15745 -0.046049
-0.096622 0.084573 0.067771 -0.15129 0.16724 -0.039717
-0.087088 0.037459 0.047672 -0.13178 0.16231 -0.028855
-0.088586 0.048171 0.0055526 -0.11328 0.15259 -0.04096
-0.075269 0.096412 0.018235 -0.063773 0.14726 -0.036003
-0.084376 0.10825 0.0079282 -0.068048 0.13461 -0.050374
-0.091905 0.11179 -0.037246 -0.14446 0.14734 -0.056549
-0.071654 0.10019 0.13419 -0.0034156 0.13995 -0.034566
-0.05848 0.08445 0.12613 -0.039867 0.14356 -0.044754
0.0043419 0.074173 0.45874 0.13454 0.18173 0.0073738
-0.0043131 0.13134 0.22738 0.084653 0.18983 -0.0044712
-0.019017 0.12337 0.28048 0.017499 0.21057 0.0030248
-0.078884 0.19819 0.15328 0.024232 0.16266 -0.027959
-0.10793 0.15719 0.13939 0.3836 0.11892 -0.039706
-0.11942 0.2773 0.17449 0.50327 0.046004 -0.050445
-0.16159 0.25538 -0.066933 1.2313 -0.12761 -0.13121
-0.22475 0.45942 -0.61313 1.5559 -0.20908 -0.19393
-0.31764 0.61846 -0.93245 2.0266 -0.2193 -0.28565
-0.32976 0.6706 -1.2881 2.2204 -0.0295 -0.21731
-0.29365 0.72101 -0.86352 1.6027 0.16378 -0.15019
-0.2131 0.41789 -0.54877 1.1402 0.21285 -0.075583
-0.16492 0.36865 -0.26278 0.63 0.20435 -0.066028
-0.15414 0.15681 -0.11842 0.3375 0.10546 -0.084809
-0.14039 0.18944 -0.14683 0.39138 0.10236 -0.099831
-0.14336 0.12936 -0.021399 0.13585 0.089666 -0.098202
-0.12219 0.2258 0.0002662 0.14176 0.13145 -0.10933
-0.13353 0.20907 0.044419 0.065719 0.14938 -0.10792
-0.12672 0.27116 0.047843 0.0589 0.15695 -0.096587
-0.12918 0.23816 0.0025301 0.015564 0.14488 -0.10372
-0.13775 0.19654 0.15842 0.093893 0.15378 -0.09277
-0.14411 0.17127 0.20837 0.055369 0.15698 -0.10064
-0.16087 0.13056 0.51496 0.15878 0.19484 -0.087254
-0.13729 0.19262 0.44411 0.018826 0.14617 -0.081986
-0.1215 0.21208 0.41577 -0.025967 0.15927 -0.064456
-0.095117 0.23454 0.25509 -0.04508 0.10922 -0.074693
-0.091507 0.18906 0.21975 -0.080688 0.13702 -0.063528
-0.09355 0.1719 0.22466 0.035818 0.11468 -0.084278
-0.088088 0.18081 0.23254 -0.03754 0.13474 -0.074369
-0.089311 0.18097 0.21278 0.024066 0.11846 -0.089415
-0.080764 0.1824 0.21225 -0.036211 0.13978 -0.077235
-0.088587 0.18373 0.22418 -0.020087 0.13341 -0.092532
-0.086282 0.18122 0.21276 -0.045283 0.1514 -0.074569
-0.093392 0.21136 0.22628 -0.029643 0.14255 -0.084233
-0.083959 0.16829 0.23383 -0.04924 0.15113 -0.066301
-0.088671 0.17165 0.24605 -0.042721 0.13097 -0.077108
-0.083733 0.16828 0.24206 -0.057916 0.1305 -0.074051
-0.095354 0.15992 0.26331 -0.075499 0.11474 -0.086451
-0.097051 0.16565 0.25591 -0.083619 0.1121 -0.086281
-0.10236 0.1148 0.29163 -0.094189 0.11314 -0.086792
-0.10253 0.1546 0.26901 -0.11168 0.097202 -0.088629
-0.094025 0.18385 0.24358 -0.10383 0.10207 -0.083375
-0.094666 0.15694 0.23377 -0.1054 0.085481 -0.10162
-0.09478 0.15806 0.32563 -0.15957 0.13868 -0.089176
-0.10115 0.077024 0.34284 -0.11851 0.12071 -0.098683
-0.10865 0.14753 0.43992 -0.20619 0.16619 -0.084037
-0.094583 0.15675 0.2918 -0.10799 0.1031 -0.085594
-0.090738 0.1414 0.30605 -0.17427 0.12082 -0.086212
-0.074414 0.15335 0.25922 -0.16093 0.10592 -0.072013
-0.071798 0.11381 0.30898 -0.19051 0.12306 -0.063169
-0.06738 0.16844 0.32605 -0.19321 0.12477 -0.057768
-0.068097 0.14398 0.26804 -0.17806 0.10278 -0.067687
-0.075348 0.11039 0.3759 -0.26163 0.099023 -0.082152
-0.081249 0.073829 0.3351 -0.25995 0.087802 -0.083555
-0.083823 0.05995 0.50178 -0.31446 0.1078 -0.069779
-0.077849 0.085779 0.34387 -0.18182 0.10356 -0.059286
-0.072002 0.12883 0.35659 -0.17086 0.11831 -0.053933
-0.070324 0.1446 0.24824 -0.11619 0.12047 -0.055943
-0.067885 0.15987 0.25577 -0.14196 0.1239 -0.060692
-0.069115 0.13692 0.26341 -0.14405 0.12964 -0.057249
-0.063651 0.13793 0.26349 -0.14259 0.10338 -0.059455
-0.063813 0.13358 0.26555 -0.15472 0.092578 -0.062838
-0.065162 0.12176 0.28516 -0.17262 0.0633 -0.070032
-0.067266 0.11495 0.30443 -0.22024 0.065878 -0.075412
-0.069345 0.10719 0.29766 -0.21847 0.073626 -0.071632
-0.067846 0.098868 0.32221 -0.2295 0.084903 -0.067111
-0.066193 0.13813 0.27739 -0.18993 0.09938 -0.060738
-0.065498 0.10939 0.30644 -0.17191 0.087364 -0.065816
-0.066817 0.14479 0.28012 -0.18486 0.080345 -0.071784
-0.064661 0.12272 0.28636 -0.18072 0.07859 -0.072044
-0.069658 0.12143 0.28141 -0.19202 0.065546 -0.075241
-0.067977 0.11383 0.28974 -0.2248 0.083932 -0.067336
-0.073656 0.076896 0.31205 -0.25314 0.056976 -0.078697
-0.074758 0.070931 0.36774 -0.40647 0.085946 -0.063089
-0.065787 0.04035 0.34547 -0.35643 0.060328 -0.077318
-0.060054 0.037392 0.37396 -0.46206 0.095617 -0.060929
-0.040165 0.027484 0.34513 -0.33672 0.064875 -0.07136
-0.037398 0.020059 0.36937 -0.46182 0.082187 -0.062257
-0.033906 0.03919 0.37106 -0.40256 0.077651 -0.048032
-0.038677 0.03253 0.33316 -0.42061 0.087122 -0.048001
-0.035396 0.084335 0.26738 -0.28419 0.10139 -0.033091
-0.026619 0.11201 0.30204 -0.24638 0.087304 -0.029075
-0.01105 0.10293 0.24516 -0.15815 0.083584 -0.020828
-0.0083828 0.1307 0.38689 -0.22273 0.085358 -0.016407
-0.012703 0.0096261 0.41696 -0.22907 0.048616 -0.016982
-0.035107 0.048381 0.58484 -0.38172 0.038666 -0.023572
-0.05051 -0.057299 0.64617 -0.40368 -0.042181 -0.01362
-0.058134 0.055555 0.53835 -0.40491 -0.015986 -0.023705
-0.049587 0.071134 0.33242 -0.2507 -0.030827 -0.020961
-0.03755 0.16511 0.157 -0.19846 0.036227 -0.029268
-0.033931 0.13496 0.099143 -0.15799 0.042968 -0.029056
-0.032819 0.13232 0.15059 -0.20291 0.065969 -0.031243
-0.036722 0.10618 0.16923 -0.19092 0.080805 -0.029303
-0.032498 0.18212 0.11317 -0.15387 0.086413 -0.028556
-0.032598 0.11747 0.19916 -0.16842 0.085809 -0.026883
-0.029031 0.16361 0.25358 -0.17124 0.07916 -0.026662
-0.027539 0.15089 -0.003675 -0.13695 0.083781 -0.040511
-0.022697 0.18538 -0.12848 -0.10846 0.090896 -0.036066
-0.018643 0.24876 -0.68208 -0.020242 0.10535 -0.034879
-0.027967 0.054907 -0.27756 -0.096634 0.059932 -0.027052
-0.037755 0.034885 -0.12881 -0.16982 0.04973 -0.028821
-0.052326 -0.041824 0.36605 -0.26514 0.010383 -0.046038
-0.052759 0.014445 0.50509 -0.35798 0.032613 -0.043214
-0.05026 0.12254 0.4525 -0.35234 0.042545 -0.047184
-0.051039 0.083634 0.49615 -0.38929 0.051912 -0.04348
-0.0611 0.026245 0.57004 -0.39031 0.034494 -0.057524
