-2.9507e-05 0.0014855 0.00066908 0.00052472 -0.00074641 -0.00093915
-0.00013442 0.04206 -0.04029 0.0032808 -0.0045596 -0.0043779
0.0046019 0.06133 -0.03198 -0.018497 0.00066963 0.0045894
0.0015721 0.095626 0.050534 -0.010565 -0.012178 0.012857
0.0031283 0.16362 0.093786 0.031889 -0.033139 0.080076
0.002913 0.20245 0.13939 0.051042 -0.14073 0.11622
-0.0027112 0.19152 0.15221 0.023426 -0.19157 0.15101
0.0054786 0.20327 0.046253 -0.015746 -0.1942 0.13235
-0.0038243 0.15804 0.20575 0.0053888 -0.145 0.13107
0.016947 0.20181 -0.026687 0.0064049 -0.1407 0.10004
0.00099286 0.11582 0.18631 0.032123 -0.072374 0.083381
-0.0091674 0.12178 0.11857 -0.042442 0.01477 0.058851
0.0018877 -0.012254 1.1147 -0.23376 0.021611 0.074831
-0.039812 -0.12514 1.8844 -0.58816 0.0084374 -0.018867
-0.17498 -0.32733 2.6494 -1.3684 0.1903 -0.15874
-0.31781 -0.43538 2.4475 -1.5127 0.41635 -0.21969
-0.32032 -0.35675 2.4729 -1.3407 0.59743 -0.019928
-0.13842 0.1412 2.8076 1.0198 0.56519 0.30977
-0.12687 1.0188 2.5462 2.4672 0.70836 0.37295
0.014608 1.2823 2.5296 2.8949 0.31417 0.31966
-0.0068013 0.33021 3.7419 -0.17114 -0.012337 0.084632
0.22416 -0.90226 6.3298 -2.2259 -0.38975 0.010824
-0.038972 -1.281 7.7432 -3.3559 0.045083 -0.21526
-0.10249 -1.0685 8.2316 -3.1236 0.10273 -0.24608
-0.30638 -0.79817 7.7539 -3.0226 0.034723 -0.18708
-0.074273 -1.3019 8.7671 -3.7807 -0.38629 0.044285
-0.17356 -1.0751 9.0518 -3.4496 -0.38532 0.156
-0.19998 -0.68502 8.3783 -3.1883 -0.23182 0.097983
-0.44637 0.71895 4.4046 -1.0468 0.01385 -0.053662
-0.32363 0.55039 1.4881 -0.98304 0.22186 -0.057906
-0.23392 0.58159 -0.62556 -0.26972 0.37823 -0.16308
0.12023 0.34831 -1.4831 -0.016402 0.59692 0.28205
0.21879 0.77152 -2.3087 1.3004 0.69032 0.6979
0.29323 0.66306 -2.2621 1.3128 0.77572 1.204
0.075081 0.48269 -1.7882 0.94845 0.63351 0.65549
-0.0083 0.43035 -1.6683 0.63425 0.54493 0.42391
-0.069825 0.32921 -1.5566 0.4793 0.45729 0.17663
-0.042074 0.34934 -1.5442 0.39923 0.50139 0.33377
-0.060848 0.27094 -1.5249 0.19562 0.47169 0.1822
-0.072108 0.25132 -1.4483 0.14816 0.46461 0.19416
-0.062136 0.27139 -1.4941 0.12451 0.46053 0.18777
-0.065496 0.26109 -1.4791 0.12809 0.46062 0.17245
-0.062684 0.2585 -1.4963 0.12878 0.4621 0.17574
-0.064118 0.23993 -1.5205 0.10287 0.45633 0.16168
-0.072192 0.24494 -1.4511 0.077331 0.47332 0.16983
-0.051955 0.26211 -1.5626 0.11565 0.41666 0.13502
-0.085479 0.2228 -1.4824 0.012953 0.4872 0.16268
-0.10736 0.067314 -0.95424 -0.41526 0.39425 0.14174
-0.2016 -0.22785 0.56802 -1.2927 0.31422 0.10216
-0.2083 -0.35312 1.9021 -2.0864 0.015774 -0.012947
-0.24962 -0.28289 2.4131 -2.5087 0.01983 -0.047037
-0.23566 -0.23514 2.2957 -2.5648 -0.056126 -0.054278
-0.26201 -0.24558 2.2023 -2.5199 0.0138 -0.02704
-0.25816 -0.28791 2.1949 -2.4643 -0.049101 -0.026001
-0.26895 -0.29337 2.3217 -2.5545 -0.015005 -0.021096
-0.25416 -0.23201 2.0193 -2.422 -0.022278 -0.017301
-0.19628 -0.030694 1.1278 -1.9607 0.039152 -0.015543
-0.13802 0.13398 -0.19234 -1.1735 0.12903 0.007568
-0.10098 0.13711 -0.72131 -0.90507 0.18627 0.020252
-0.11059 0.051906 -0.83503 -0.86156 0.20067 0.021057
-0.1078 0.0048983 -0.73237 -0.97966 0.20924 0.018533
-0.11396 0.012763 -0.79421 -0.89373 0.21944 0.011507
-0.10477 0.043899 -0.82282 -0.96156 0.24154 0.0092634
-0.10193 0.087816 -1.0074 -0.87814 0.24299 0.010374
-0.078297 0.057514 -1.269 -0.81736 0.22294 0.027276
-0.080599 0.042939 -1.3047 -0.67934 0.18417 0.025262
-0.086373 0.03056 -1.2466 -0.67676 0.17375 0.007154
-0.10676 0.067263 -1.1135 -0.59728 0.20436 -0.012646
-0.10857 0.049849 -0.96023 -0.67348 0.2206 -0.02574
-0.12253 0.04413 -1.021 -0.68438 0.23102 -0.01258
-0.10138 0.071954 -1.0517 -0.70295 0.12594 -0.0026656
-0.071897 0.078929 -0.94753 -0.50792 0.025851 0.031475
-0.039511 0.1095 -0.16299 -0.38943 -0.028867 0.035495
-0.087827 0.11357 0.38308 -0.3878 0.093842 0.026706
-0.1116 0.21008 0.69016 -0.44139 0.13337 0.0048243
-0.12365 0.24756 0.5189 -0.44707 0.13595 -0.0013303
-0.081055 0.24632 0.49981 -0.33221 0.09656 0.031676
-0.12315 0.22103 0.46662 -0.26954 0.13163 0.0095641
-0.1611 0.18318 0.5468 -0.44636 0.12681 -0.023197
-0.20809 0.19078 0.59558 -0.4501 0.12197 -0.049078
-0.19558 -0.01313 0.91359 -0.90836 0.077456 -0.03094
-0.20972 0.024145 0.75484 -0.79323 0.12396 -0.00035985
-0.19026 0.24261 0.76032 -0.15114 0.11981 0.069153
0.026849 1.1264 -0.45298 3.517 0.19126 0.42367
0.24738 1.6711 -0.84354 6.243 0.062161 0.64704
0.20973 1.6704 -1.313 6.0786 0.13748 0.5773
-0.1491 0.77838 0.77225 2.1933 0.067766 0.092186
-0.33877 0.01011 2.269 -0.78598 0.090309 -0.16904
-0.32764 -0.49859 3.8867 -2.3646 -0.064009 -0.24994
-0.29032 -0.67553 3.3912 -3.4444 0.049501 -0.19244
-0.31854 -0.66923 2.6582 -3.6408 0.20671 -0.15123
-0.31039 -0.50867 1.2004 -3.0933 0.34168 -0.11283
-0.25102 -0.32094 0.36275 -2.1031 0.36746 -0.071246
-0.23623 -0.27713 -0.026641 -1.9666 0.3322 -0.08251
-0.22934 -0.24379 -0.064251 -1.8055 0.34623 -0.065109
-0.22232 -0.23515 -0.098102 -1.733 0.32033 -0.074197
-0.22314 -0.20821 -0.13629 -1.7056 0.34419 -0.07057
-0.21263 -0.24785 -0.092716 -1.6709 0.32311 -0.072128
-0.23517 -0.20242 0.067788 -1.6101 0.26426 -0.017633
-0.21755 -0.222 0.49946 -1.375 0.16514 -0.0056652
-0.22539 -0.18623 0.94511 -1.1522 0.22006 -0.034892
-0.24137 -0.23087 1.092 -1.047 0.42983 -0.16975
-0.30303 -0.11421 0.707 -1.0679 0.61471 -0.17187
-0.30265 -0.1072 0.40469 -1.2849 0.59262 -0.1146
-0.25333 -0.11889 0.08072 -1.4579 0.51006 0.030631
-0.21832 -0.14974 -0.096769 -1.634 0.43365 0.058678
-0.2228 -0.058419 -0.39003 -1.4819 0.36761 0.050686
-0.23931 -0.030123 -0.39353 -1.4388 0.30686 0.0066483
-0.238 -0.092042 -0.35719 -1.417 0.31262 -0.0066057
-0.2323 -0.15203 -0.28745 -1.5034 0.35937 -0.0041759
-0.22157 -0.13903 -0.31346 -1.4626 0.36502 -0.0064812
-0.21404 -0.12012 -0.34862 -1.4317 0.35486 0.00073469
-0.21304 -0.086563 -0.39038 -1.3924 0.33959 -0.003087
-0.21137 -0.10998 -0.41837 -1.3324 0.34094 -0.00040936
-0.21306 -0.094052 -0.41674 -1.3203 0.33179 -0.0036547
-0.22014 -0.085352 -0.44119 -1.3099 0.33106 -0.0054402
-0.22713 -0.07888 -0.4258 -1.3442 0.31773 -0.0092989
-0.22978 -0.12158 -0.43378 -1.3193 0.30822 -0.0058974
-0.22791 -0.10119 -0.4371 -1.2899 0.28433 -0.0021113
-0.22903 -0.05936 -0.49783 -1.2583 0.29913 -0.0021381
-0.2254 -0.068866 -0.49675 -1.2606 0.30475 0.001587
-0.21964 -0.081612 -0.53038 -1.2448 0.32685 0.011227
-0.21467 -0.03946 -0.54842 -1.2068 0.30237 0.0092195
-0.21018 -0.022388 -0.59387 -1.1506 0.29766 0.0075711
-0.21058 -0.0041572 -0.63995 -1.0411 0.2711 -0.0016672
-0.20553 0.014242 -0.70059 -0.94098 0.28414 0.0026177
-0.20691 0.047403 -0.70829 -0.89636 0.27485 -0.0017149
-0.19761 0.016659 -0.68983 -0.9501 0.28164 0.011411
-0.19696 0.020456 -0.68879 -0.96702 0.26398 0.011241
-0.19152 0.006086 -0.69091 -0.98039 0.27375 0.018481
-0.19502 0.003609 -0.67763 -0.97302 0.2714 0.014124
-0.19495 -0.0094884 -0.66892 -1.0038 0.28323 0.01398
-0.20098 -0.0041373 -0.66708 -1.0034 0.2771 0.010848
-0.20673 -0.016086 -0.65622 -1.0197 0.28596 0.011122
-0.20701 -0.016798 -0.67358 -1.0008 0.28679 0.0085178
-0.20512 -0.0020133 -0.69508 -0.9779 0.29451 0.011228
-0.2004 0.016778 -0.73527 -0.92187 0.28766 0.014853
-0.20044 0.023685 -0.72997 -0.91504 0.28566 0.017517
-0.19689 0.016994 -0.73364 -0.9206 0.27942 0.010425
-0.19903 0.01605 -0.70092 -0.93519 0.27973 0.011211
-0.19924 0.014277 -0.69918 -0.92771 0.27294 0.011598
-0.20454 0.020682 -0.68567 -0.92974 0.28287 0.017074
-0.20515 0.011451 -0.68177 -0.95316 0.28001 0.016983
-0.20809 0.01919 -0.67965 -0.95776 0.28352 0.017257
-0.19901 0.010194 -0.68009 -0.95272 0.26075 0.0188
-0.18857 0.050536 -0.73637 -0.91681 0.25376 0.020557
-0.17964 0.044186 -0.74831 -0.90955 0.23668 0.022044
-0.18155 0.03451 -0.75988 -0.89658 0.24546 0.022685
-0.18471 -0.0023526 -0.72874 -0.90336 0.24497 0.022611
-0.18242 0.030238 -0.76385 -0.88894 0.25108 0.0238
-0.18201 0.034778 -0.76594 -0.88384 0.24571 0.024586
-0.17797 0.038758 -0.78279 -0.8842 0.25405 0.028952
-0.18382 0.034856 -0.76432 -0.89384 0.24659 0.019277
-0.1862 0.034132 -0.74123 -0.90527 0.24611 0.016955
-0.19315 0.03007 -0.71792 -0.89822 0.2318 0.016696
-0.1876 0.02899 -0.73825 -0.89615 0.24203 0.027511
-0.18337 0.028649 -0.74914 -0.89169 0.23821 0.024831
-0.18442 0.024989 -0.74602 -0.89966 0.2468 0.025502
-0.19099 0.027989 -0.74073 -0.89969 0.23031 0.02098
-0.19823 0.048433 -0.75953 -0.88828 0.2242 0.022685
-0.19414 0.030619 -0.74004 -0.884 0.21664 0.021438
-0.19226 0.031985 -0.73297 -0.88428 0.22301 0.023334
-0.18272 0.018133 -0.72602 -0.89309 0.22839 0.025569
-0.18191 0.030479 -0.7441 -0.89238 0.23311 0.028913
-0.18048 0.02198 -0.73438 -0.88763 0.2334 0.029103
-0.18757 0.027104 -0.72766 -0.89399 0.22481 0.027083
-0.18866 0.031305 -0.73182 -0.88355 0.2232 0.026388
-0.18781 0.027511 -0.74312 -0.88576 0.22032 0.029807
-0.18649 0.035609 -0.7592 -0.86888 0.22093 0.028615
-0.185 0.023608 -0.74518 -0.87908 0.22227 0.02987
-0.18499 0.027244 -0.74637 -0.87786 0.23032 0.028448
-0.18319 0.016922 -0.74006 -0.88525 0.23001 0.030803
-0.18979 0.022773 -0.74659 -0.88308 0.22528 0.02757
-0.19277 0.027183 -0.73486 -0.87033 0.22383 0.032092
-0.19552 0.032038 -0.74101 -0.87195 0.22241 0.033589
-0.19029 0.038439 -0.75828 -0.85408 0.21623 0.031432
-0.19207 0.024027 -0.75699 -0.8587 0.21616 0.02203
-0.19283 0.030941 -0.75074 -0.839 0.22063 0.022325
-0.19738 0.028643 -0.74034 -0.84616 0.22685 0.022129
-0.19634 0.032212 -0.75371 -0.83751 0.22926 0.023731
-0.19351 0.021139 -0.75223 -0.8452 0.23203 0.019812
-0.19122 0.02736 -0.76841 -0.84324 0.23147 0.024065
-0.18504 0.029322 -0.76429 -0.83166 0.2266 0.025568
-0.18011 0.029307 -0.77303 -0.82197 0.22933 0.029196
-0.17359 0.022179 -0.76204 -0.80907 0.22416 0.024394
-0.18442 0.034471 -0.78025 -0.80797 0.22585 0.021071
-0.18805 0.037139 -0.78069 -0.79614 0.21739 0.015785
-0.19308 0.049544 -0.79795 -0.79469 0.21949 0.019532
-0.18701 0.037774 -0.78142 -0.79241 0.21491 0.019429
-0.18794 0.051246 -0.79045 -0.78708 0.22066 0.027188
-0.18077 0.058644 -0.78443 -0.79095 0.22551 0.02804
-0.18048 0.058063 -0.77766 -0.8006 0.22506 0.033361
-0.18102 0.049625 -0.7561 -0.80868 0.22027 0.029537
-0.18588 0.040528 -0.76386 -0.80678 0.21067 0.03181
-0.18894 0.05412 -0.76147 -0.80375 0.21491 0.032319
-0.18917 0.046266 -0.75183 -0.80453 0.21643 0.029354
-0.18581 0.069239 -0.82669 -0.80201 0.22421 0.019256
-0.17744 0.049547 -0.95294 -0.80722 0.21386 0.017961
-0.1757 0.052735 -1.0867 -0.81722 0.20668 0.022442
-0.17484 0.029467 -1.0715 -0.819 0.20118 0.02207
-0.17939 0.036027 -1.0419 -0.8281 0.20961 0.0080709
-0.17556 0.024382 -1.0271 -0.8239 0.21727 0.0092949
-0.17518 0.039812 -1.0884 -0.82675 0.21654 0.01901
-0.17426 0.030237 -1.113 -0.82187 0.2174 0.028893
-0.17487 0.025871 -1.086 -0.81101 0.21333 0.035608
-0.17412 0.026512 -1.1541 -0.8254 0.2194 0.031801
-0.17434 0.043702 -1.0949 -0.80599 0.22178 0.024451
-0.18299 0.031273 -0.93438 -0.77508 0.20218 0.0045069
-0.1855 0.015348 -0.59516 -0.68176 0.19293 0.012235
-0.19258 0.028785 -0.41908 -0.66145 0.17897 0.012923
-0.19299 0.074451 -0.35373 -0.65681 0.20857 0.026248
-0.19019 0.12727 -0.58597 -0.71303 0.19998 0.045682
-0.18272 0.10771 -0.78747 -0.73581 0.21387 0.070393
-0.1835 0.078685 -0.74918 -0.73647 0.18317 0.066754
-0.19678 0.060487 -0.4035 -0.66032 0.17817 0.04105
-0.20007 0.10547 -0.36197 -0.66731 0.17527 0.035332
-0.2015 0.12022 -0.42333 -0.6603 0.18527 0.027779
-0.1953 0.13213 -0.62085 -0.68597 0.18424 0.02372
-0.19741 0.11795 -0.60158 -0.63888 0.18233 0.011672
-0.19246 0.10846 -0.83799 -0.69208 0.20288 0.024899
-0.19581 0.081065 -0.85825 -0.70513 0.21397 0.031956
-0.19925 0.073581 -0.91774 -0.73726 0.21401 0.040919
-0.20661 0.068164 -0.81968 -0.7433 0.21658 0.040359
-0.20471 0.079047 -0.86932 -0.75536 0.21502 0.040705
-0.2063 0.077112 -0.85753 -0.7554 0.21972 0.03577
-0.20603 0.07091 -0.88289 -0.73966 0.20685 0.032087
-0.20959 0.059189 -0.87506 -0.74971 0.2046 0.036546
-0.20449 0.063504 -0.87866 -0.74145 0.19538 0.038467
-0.20011 0.066698 -0.88362 -0.75266 0.19612 0.038519
-0.19493 0.068656 -0.90717 -0.74431 0.19695 0.03128
-0.19501 0.059334 -0.90106 -0.73985 0.19439 0.032531
-0.19276 0.067908 -0.91209 -0.73025 0.19169 0.034342
-0.19212 0.067862 -0.92217 -0.73267 0.18704 0.036872
-0.19033 0.066346 -0.9671 -0.73409 0.19416 0.033784
-0.19706 0.054806 -0.93673 -0.72852 0.208 0.030259
-0.19681 0.055922 -0.97165 -0.74006 0.20515 0.025973
-0.19723 0.063035 -0.96338 -0.73745 0.21599 0.028943
-0.18952 0.059726 -1.0525 -0.73574 0.2091 0.041078
-0.19338 0.061961 -1.0249 -0.72847 0.22784 0.050933
-0.19301 0.068313 -1.1121 -0.74386 0.19909 0.045112
-0.19096 0.049296 -1.0801 -0.74039 0.20514 0.038261
-0.18581 0.052413 -1.1315 -0.74028 0.19192 0.035505
-0.18835 0.039158 -1.0141 -0.73632 0.21871 0.035785
-0.1927 0.069313 -0.95111 -0.72746 0.22101 0.033119
-0.19548 0.042748 -0.82947 -0.71808 0.23247 0.025724
-0.19445 0.089606 -0.86876 -0.70408 0.2218 0.022245
-0.19502 0.091441 -0.86172 -0.70226 0.23609 0.023295
-0.19381 0.1074 -0.87581 -0.67455 0.22191 0.028056
-0.18052 0.096094 -0.90923 -0.7079 0.26045 0.035458
-0.19715 0.097704 -0.90261 -0.70735 0.21276 0.0085738
-0.21799 0.07856 -0.63033 -0.59533 0.20073 -0.023588
-0.26032 0.042327 0.024756 -0.52742 0.13066 -0.052071
-0.25935 0.10177 0.53488 -0.57894 0.21948 -0.050751
-0.29101 0.097774 0.91202 -0.80604 0.23056 -0.053072
-0.29423 0.12939 0.77238 -0.64884 0.20331 -0.098024
-0.28127 0.13283 0.85868 -0.59892 0.21137 -0.012496
-0.33286 0.16633 1.1362 -0.82157 0.28435 -0.099769
-0.42895 -0.052213 1.85 -1.4244 0.36635 -0.18362
-0.5174 -0.23524 1.9965 -1.5787 0.24922 -0.40975
-0.43575 -0.24775 1.7557 -1.3391 0.24491 -0.26049
-0.40821 -0.091866 1.5476 -1.2531 0.2139 -0.23374
-0.38221 -0.043001 1.5587 -1.2511 0.26429 -0.15221
-0.41553 -0.05336 1.6537 -1.3796 0.22022 -0.22411
-0.38593 -0.025727 1.5172 -1.1808 0.2273 -0.1758
-0.39239 -0.0054136 1.5213 -1.1853 0.21338 -0.18373
-0.38023 0.0019291 1.4614 -1.05 0.2032 -0.1817
-0.37097 -0.035308 1.7341 -1.2303 0.18972 -0.1561
-0.36368 -0.06905 2.0523 -1.3584 0.1512 -0.14886
-0.37491 -0.048719 2.3136 -1.4887 0.12529 -0.13508
-0.38383 0.0069999 2.3306 -1.3984 0.11154 -0.14102
-0.3916 0.056801 2.1742 -1.3775 0.15157 -0.1385
-0.38635 0.081145 1.9023 -1.1388 0.17216 -0.14836
-0.38518 0.079452 1.6686 -1.118 0.20203 -0.15972
-0.38288 0.042659 1.7738 -0.96697 0.20061 -0.11948
-0.38239 -0.050314 2.1983 -1.0978 0.23882 -0.094735
-0.39812 0.096207 2.4178 -0.41832 0.33207 -0.035419
-0.4197 0.29055 2.3798 0.0064038 0.46296 0.026389
-0.44349 0.6139 1.8749 0.82688 0.55844 0.13631
-0.37576 0.99513 1.0263 2.3086 0.47254 0.24471
-0.34557 1.2563 0.29989 3.5247 0.40084 0.2423
-0.35679 1.0723 0.32847 2.9945 0.34277 0.15293
-0.4542 0.44405 1.0763 0.44739 0.40567 -0.052889
-0.44574 0.23294 1.2852 -0.40328 0.33722 -0.099685
-0.43636 0.18518 1.2802 -0.50863 0.31593 -0.12854
-0.40906 0.34572 1.1527 0.01881 0.25228 -0.080886
-0.43405 0.24593 1.4561 -0.41281 0.28696 -0.12016
-0.4168 0.3446 1.4369 -0.29972 0.25579 -0.10425
-0.42751 0.28383 1.4487 -0.30923 0.34364 -0.10355
-0.42386 0.25802 1.3872 -0.31813 0.33063 -0.10489
-0.43853 0.21921 1.4114 -0.29324 0.39061 -0.098075
-0.44658 0.27812 1.4644 -0.26089 0.44251 -0.111
-0.48933 0.28594 1.5828 -0.13166 0.67086 -0.091605
-0.52431 0.30197 1.6869 -0.097172 0.79977 -0.10717
-0.53054 0.39984 1.55 -0.1252 0.785 -0.071544
-0.49209 0.44591 1.5354 0.019497 0.65041 -0.0677
-0.45173 0.42383 1.6018 0.27535 0.54196 -0.04102
-0.43436 0.42129 1.7757 0.68706 0.5148 -0.081963
-0.45766 0.56087 1.5366 0.73505 0.51036 -0.11164
-0.5022 0.54994 1.4103 0.71105 0.59589 -0.13918
-0.56823 0.48025 1.2421 0.51295 0.748 -0.12134
-0.5958 0.38232 1.3309 0.43304 0.86643 -0.1
-0.60451 0.40611 1.2992 0.35856 0.91788 -0.087758
-0.58658 0.40158 1.3407 0.33842 0.90605 -0.080983
-0.59255 0.36771 1.3905 0.32288 0.92756 -0.087618
-0.58316 0.45367 1.2911 0.32883 0.91769 -0.070137
-0.59194 0.32948 1.49 0.33022 0.96177 -0.076628
-0.55945 0.42139 1.1574 0.33837 0.85143 -0.088787
-0.59914 0.052908 2.2072 0.16108 0.73595 -0.14187
-0.72763 0.085838 3.1779 -0.31954 0.72411 -0.21578
-0.91818 -0.17857 4.3115 -1.0861 1.0265 -0.36896
-0.97863 0.1945 3.0181 -1.4381 1.3248 -0.49216
-0.88988 0.16089 1.7433 -1.4487 1.5665 -0.5861
-0.8226 0.31141 0.29967 -1.3912 1.6918 -0.64959
-0.79944 0.13792 -0.48862 -1.4949 1.6526 -0.70186
-0.88809 0.052219 -0.53723 -1.1746 1.3975 -0.60467
-0.86381 0.0017509 -0.28485 -0.77547 1.0666 -0.47679
-0.858 -0.0085829 0.15034 -0.60482 0.96092 -0.49194
-0.75735 0.083459 -0.4672 -0.75731 0.91472 -0.55763
-0.76205 0.044238 -0.31817 -0.63165 0.87956 -0.54081
-0.72431 0.14995 -0.46823 -0.54039 0.73005 -0.43641
-0.73414 0.15774 -0.283 -0.4724 0.75071 -0.44817
-0.70749 0.17165 -0.6431 -0.54603 0.76273 -0.43817
-0.69186 0.13746 -0.72251 -0.48856 0.78069 -0.44092
-0.66381 0.17235 -0.9377 -0.50183 0.7306 -0.40601
-0.6417 0.15368 -0.99028 -0.50722 0.72909 -0.41832
-0.63699 0.14586 -1.0611 -0.50017 0.7276 -0.40941
-0.62823 0.14187 -1.0781 -0.49694 0.70246 -0.4156
-0.6261 0.16771 -1.1138 -0.47304 0.71142 -0.41742
-0.62512 0.1346 -1.0888 -0.49102 0.69393 -0.41343
-0.62269 0.15718 -1.1481 -0.47535 0.69554 -0.42158
-0.619 0.14898 -1.1267 -0.50256 0.6648 -0.42945
-0.61007 0.14489 -1.1124 -0.4691 0.66171 -0.42049
-0.60732 0.13461 -1.0855 -0.43233 0.64486 -0.40612
-0.60568 0.15268 -1.131 -0.39574 0.65366 -0.39882
-0.60518 0.1662 -1.1357 -0.39564 0.66144 -0.39466
-0.60801 0.16435 -1.1268 -0.39149 0.66935 -0.3834
-0.60452 0.1832 -1.1429 -0.37759 0.67017 -0.39053
-0.60586 0.17043 -1.1388 -0.38385 0.65861 -0.39815
-0.60415 0.17424 -1.1438 -0.38168 0.66547 -0.39892
-0.60811 0.16806 -1.1435 -0.37182 0.66766 -0.38906
-0.61085 0.17259 -1.1447 -0.35518 0.69751 -0.38638
-0.60858 0.1563 -1.1273 -0.36846 0.68111 -0.38422
-0.60585 0.16195 -1.1688 -0.36881 0.67659 -0.3815
-0.59909 0.15953 -1.224 -0.34437 0.66476 -0.37081
-0.60295 0.16016 -1.2327 -0.33101 0.6872 -0.36833
-0.60557 0.15368 -1.1853 -0.31449 0.67461 -0.36216
-0.6121 0.15349 -1.1435 -0.33304 0.65473 -0.36311
-0.61261 0.17465 -1.1777 -0.31585 0.64774 -0.35763
-0.61525 0.1611 -1.1613 -0.36828 0.65181 -0.35975
-0.61567 0.16522 -1.1368 -0.36927 0.66441 -0.35953
-0.60501 0.13597 -1.1628 -0.39968 0.66637 -0.34529
-0.61346 0.15054 -1.0701 -0.36941 0.66767 -0.36153
-0.62545 0.13783 -0.89406 -0.36784 0.65536 -0.38977
-0.64744 0.18258 -0.69393 -0.33486 0.66817 -0.42937
-0.6362 0.18992 -0.85105 -0.33448 0.69526 -0.41543
-0.6329 0.20027 -0.9963 -0.35397 0.69886 -0.3918
-0.62562 0.17912 -1.1382 -0.37505 0.69718 -0.3712
-0.6118 0.19385 -1.2181 -0.35991 0.66037 -0.35226
-0.61868 0.13666 -1.1084 -0.35863 0.6829 -0.36257
-0.58904 0.17709 -1.3631 -0.36002 0.62529 -0.34425
-0.59604 0.14054 -1.2469 -0.31207 0.5401 -0.35733
-0.61109 0.015757 -0.1455 -0.2643 0.28229 -0.39164
-0.69224 -0.022343 1.662 -0.28295 0.10013 -0.4858
-0.65921 0.24526 1.9486 -0.39843 -0.051711 -0.5148
-0.56686 0.55494 0.52305 -0.42143 -0.031272 -0.45685
-0.48608 0.39603 -0.46493 -0.45658 0.026034 -0.37135
-0.46799 0.20724 -0.71813 -0.39855 0.10198 -0.31553
-0.46209 0.13587 -0.72383 -0.37427 0.13149 -0.2883
-0.42946 0.28124 -1.1833 -0.2409 0.16004 -0.27183
-0.43277 0.26603 -1.5156 -0.19685 0.24041 -0.25305
-0.40767 0.20863 -1.4201 -0.11388 0.21751 -0.25795
-0.40516 0.15387 -1.0858 -0.17573 0.14023 -0.26173
-0.37379 0.11153 -0.50582 -0.23464 0.0264 -0.28971
-0.38924 0.19352 -0.64723 -0.33948 0.064214 -0.28691
-0.36739 0.2 -0.76602 -0.45509 0.10612 -0.27754
-0.36917 0.20365 -1.2696 -0.79899 0.2174 -0.27091
-0.36705 0.017646 -1.3549 -1.1358 0.26712 -0.29875
-0.39453 -0.015697 -1.4969 -1.0921 0.31522 -0.32058
-0.39165 0.042181 -1.3087 -0.71549 0.25797 -0.29221
-0.36206 0.23066 -1.5383 -0.42644 0.21831 -0.24785
-0.35163 0.20122 -1.5627 -0.44063 0.17271 -0.2399
-0.35623 0.13313 -1.588 -0.53505 0.1674 -0.25914
-0.35091 0.15578 -1.5838 -0.54174 0.16021 -0.25527
