0.0041272 0.050288 -0.0037688 0.0041896 0.00098296 -0.00039863
0.0023851 0.076151 -0.013745 0.0076346 0.0019343 0.0039022
0.0080908 0.01202 0.0086932 -0.0040348 -0.0047932 -0.0062068
0.0086202 0.049724 0.015939 -0.010289 0.012752 0.0086125
0.01197 0.15321 -0.0063068 0.010068 0.015842 0.003536
0.0097137 0.068299 0.012764 -0.0087366 0.0010396 -0.004945
0.011196 -0.019387 0.026951 -0.015974 0.012891 0.0048412
0.013733 0.18307 0.0018364 -0.001681 0.0098728 0.0057144
0.015382 0.1407 0.0091974 -0.0096178 0.017221 0.0058794
0.01716 0.01672 0.045055 -0.019119 0.015381 0.00026963
0.018419 0.12812 0.023646 -0.0046835 0.018248 0.0063054
0.015168 0.16505 0.025297 -0.01165 0.01487 0.0035664
0.017861 0.1438 0.017925 -0.0145 0.017911 0.0029387
0.019524 0.049728 0.051987 -0.01782 0.0216 0.005355
0.021737 0.1652 0.033354 -0.0099791 0.020324 0.0041199
0.017701 0.19093 0.025836 -0.0058499 0.015364 0.0044752
0.018318 0.099063 0.058418 -0.028407 0.024493 0.0028091
0.023655 0.084959 0.049715 -0.0056528 0.026249 0.0037029
0.018076 0.22266 0.044086 -0.014815 0.017044 0.0039965
0.017406 0.15907 0.048666 -0.013151 0.022008 0.0025465
0.024546 0.04349 0.063146 -0.0074216 0.027398 0.0016855
0.021969 0.20701 0.057784 -0.016515 0.023172 0.0021383
0.014894 0.17597 0.04761 -0.0056935 0.021965 0.0032618
0.017996 0.11141 0.062899 -0.019648 0.022501 0.0031545
0.023162 0.086274 0.07109 -0.0039595 0.027256 0.0026567
0.020635 0.22628 0.067838 -0.010889 0.029459 -0.0012098
0.016275 0.17119 0.048982 -0.0029411 0.02128 0.0011325
0.023546 0.045853 0.081832 -0.014691 0.035572 0.0034208
0.020324 0.16011 0.064057 -0.0077381 0.025804 0.0013634
0.015531 0.20652 0.075441 -0.0038012 0.023897 0.0016374
0.019409 0.14647 0.060415 0.00026131 0.031959 0.0020076
0.022036 0.086931 0.064583 -0.011735 0.033668 0.00034219
0.024141 0.13752 0.070633 -0.0057693 0.034699 0.0010385
0.018332 0.18863 0.065184 -0.0042575 0.031352 0.0029723
0.017821 0.18407 0.055068 0.0033271 0.034941 0.0026655
0.024531 0.040612 0.0939 -0.0068793 0.035404 0.00076259
0.02277 0.18021 0.05872 0.00054143 0.035904 0.0015363
0.020847 0.21207 0.046857 -0.0043482 0.040209 0.0040299
0.02272 0.09924 0.074275 -0.003862 0.03856 0.0023788
0.023702 0.082708 0.07336 -0.00062606 0.038909 0.0012988
0.02223 0.224 0.041357 0.0056573 0.039488 0.0015168
0.025505 0.17729 0.054386 -0.0064921 0.042978 0.0061241
0.023775 0.035481 0.083573 0.0003783 0.047862 0.0029215
0.02837 0.20316 0.055259 0.00063059 0.040511 0.0026381
0.023553 0.20377 0.038119 0.0024403 0.040899 0.0021436
0.023573 0.065018 0.075422 -0.0051468 0.050277 0.0025189
0.028691 0.11895 0.058906 -0.0031488 0.042299 0.0046997
0.025085 0.23771 0.046665 0.0071313 0.047566 0.0052169
0.026814 0.16101 0.047982 -0.00076652 0.046861 0.0054512
0.031148 0.017052 0.080615 -0.0017153 0.050448 -0.0022224
0.026023 0.22766 0.049914 -0.0029377 0.044114 0.0046885
0.027523 0.1938 0.031721 0.003474 0.048339 0.0059011
0.028356 0.10432 0.049034 -0.0057859 0.056248 0.0038328
0.028579 0.088621 0.088097 0.0041225 0.045709 0.0052384
0.028798 0.21953 0.043539 -0.00223 0.045003 -0.0018046
0.029136 0.18444 0.036775 0.00064779 0.052169 0.0059628
0.029182 0.044177 0.067584 0.0035746 0.051221 0.0017974
0.02911 0.19768 0.047478 -0.0075686 0.045404 0.0039396
0.029379 0.20482 0.038526 0.0031277 0.053162 0.0048642
0.029665 0.098244 0.058623 -0.0007552 0.056828 0.0025555
0.030085 0.10298 0.057639 -0.004015 0.046831 -4.5771e-06
0.027476 0.22747 0.038028 0.007995 0.044573 0.0023036
0.029116 0.16753 0.052748 -0.0049489 0.04881 0.0039599
0.03187 0.047218 0.050271 0.0045373 0.05623 0.0020623
0.028248 0.21819 0.04412 -0.001575 0.050335 0.0035753
0.028385 0.1944 0.032738 0.0026233 0.04638 -0.0011825
0.027802 0.069422 0.067967 -0.0021138 0.054706 0.0019098
0.030984 0.14896 0.044626 -0.0051075 0.043896 0.0045631
0.027788 0.22164 0.031727 0.015803 0.05099 -0.00049287
0.02961 0.13797 0.040978 -0.0040071 0.052554 0.0029753
0.0289 0.057874 0.061341 0.003499 0.049608 0.0014094
0.02715 0.23158 0.044508 -0.00014213 0.045635 0.0011276
0.026936 0.19238 0.018322 0.0078063 0.055498 0.0013329
0.028845 0.051206 0.070539 -0.0050752 0.044304 -0.00019088
0.031129 0.15657 0.035619 0.0093105 0.050797 0.0030575
0.02575 0.2112 0.040217 0.0039214 0.049757 0.0036024
0.026276 0.16932 0.032011 0.0044233 0.047445 0.00072188
0.028973 0.042351 0.05761 0.0033123 0.055389 0.00076894
0.027814 0.1933 0.048675 0.001681 0.043243 -0.00068391
0.02852 0.21143 0.019805 0.013763 0.046678 0.004186
0.025435 0.10465 0.05904 -0.0034692 0.054409 0.0028461
0.031238 0.08671 0.042023 0.0063874 0.046543 -0.0010656
0.022864 0.21086 0.040999 0.0092211 0.049494 0.0055732
0.02826 0.19673 0.025624 0.007139 0.040131 -0.0023047
0.027249 0.078604 0.058012 -0.00202 0.050723 0.0025534
0.02905 0.10677 0.054879 0.010314 0.048523 0.0017498
0.02631 0.2297 0.026607 0.0061466 0.043818 0.0038144
0.022566 0.16254 0.035636 0.0066648 0.043251 0.002129
0.031438 0.047163 0.065269 0.0018188 0.045063 -7.2667e-05
0.028373 0.20067 0.041883 0.003798 0.038422 -0.0028242
0.019622 0.20495 0.035354 0.0079981 0.040974 0.0082038
0.028523 0.064747 0.061529 -0.0020077 0.041716 -0.00018221
0.026124 0.13545 0.052586 0.0051607 0.031339 -0.0028041
0.025338 0.20619 0.043712 0.0082917 0.036411 0.0015017
0.02528 0.18918 0.030934 0.00014872 0.036997 0.0066638
0.026381 0.049674 0.091728 -0.0048571 0.032116 -0.0036668
0.027096 0.14323 0.053191 -0.00017053 0.024182 0.0012249
0.019029 0.2115 0.047567 0.0016664 0.025596 -0.0025015
0.02363 0.18643 0.053219 -0.0010723 0.020791 0.00018831
0.027204 0.048074 0.087467 -0.0037843 0.023894 0.0010315
0.026421 0.17696 0.05977 -0.0048934 0.016803 -0.0016768
0.026928 0.22125 0.041557 -0.0078855 0.019141 -0.00045036
0.016629 0.11504 0.078404 -0.005743 0.013678 0.0010168
0.023288 0.097836 0.10018 -0.0085476 0.00016527 -0.0025978
0.029988 0.19195 0.061013 -0.01352 0.011199 -0.0025046
0.025437 0.18445 0.060768 0.0089386 0.010026 -0.0070652
0.017859 0.14025 0.092606 -0.020072 0.00058304 0.0014447
0.032712 0.1514 0.056954 -0.016999 -0.0050104 -0.0010265
0.017919 0.18999 0.073517 -0.014718 -0.0018862 -0.00043863
0.026241 0.05699 0.11351 -0.0079548 0.0026957 -0.0076316
0.027592 0.2158 0.073663 -0.0090563 -0.01547 -0.0018344
0.027309 0.24601 0.036909 -0.0095437 -0.0046349 -0.0029994
0.02171 0.05782 0.1144 -0.020352 -0.0042305 -0.0070316
0.02916 0.13042 0.084152 -0.013266 -0.014559 -0.00053005
0.024713 0.24901 0.070249 -0.003402 -0.01399 -0.0074364
0.027209 0.17314 0.061419 -0.025451 -0.013122 -0.001637
0.03034 0.033728 0.097803 -0.0045701 -0.008438 -0.0069229
0.025267 0.23387 0.090584 -0.017012 -0.018684 -0.002369
0.025031 0.21109 0.054011 -0.0018112 -0.011726 -0.01059
0.028946 0.12615 0.086982 -0.019512 -0.01654 -0.0026637
0.027805 0.078587 0.073515 -0.0039633 -0.015055 -0.0094898
0.031555 0.22438 0.080989 -0.021477 -0.015337 -0.0025119
0.026672 0.1981 0.065727 0.0053462 -0.013924 -0.0084923
0.027861 0.13445 0.07941 -0.010545 -0.020156 -0.0039082
0.028797 0.072459 0.096239 -0.017101 -0.0054554 -0.0058806
0.028623 0.24455 0.062687 -0.0040231 -0.0255 -0.012896
0.028732 0.18766 0.047483 -0.0026655 -0.0068309 -0.0058824
0.027288 0.064184 0.10685 -0.011978 -0.021664 -0.008192
0.031054 0.17303 0.075597 -0.0035512 -0.0075523 -0.0030493
0.030166 0.23229 0.049397 -0.003888 -0.022552 -0.0059292
0.027669 0.11906 0.081937 -0.015368 -0.0088667 -0.0077086
0.028608 0.081038 0.099667 0.0032302 -0.014571 -0.0073259
0.028646 0.2395 0.057738 -0.0084713 -0.015008 -0.0096847
0.027989 0.19029 0.063027 -0.0082237 -0.017777 -0.0041396
0.031306 0.034879 0.095973 -0.0019495 -0.0095243 -0.0066143
0.028556 0.2163 0.082531 -0.013351 -0.015267 -0.0043242
0.031099 0.20199 0.050305 0.00046051 -0.01227 -0.0057495
0.023267 0.14619 0.076725 -0.0088638 -0.01843 -0.0055053
0.031432 0.061032 0.098115 -0.007288 -0.0068348 -0.0050965
0.029499 0.21611 0.072599 -0.0056014 -0.019155 -0.0050263
0.02887 0.21508 0.072023 -0.0018514 -0.018098 -0.0068386
0.028701 0.10709 0.084065 -0.019648 -0.0048139 -2.2395e-05
0.027378 0.091312 0.091105 -0.00091522 -0.020986 -0.0057191
0.024756 0.24562 0.065832 -0.0085813 -0.011899 -0.0049475
0.026476 0.1849 0.066755 -0.00097086 -0.0071949 -0.0041023
0.034141 0.056627 0.1153 -0.013856 -0.017661 -0.0041431
0.029945 0.17442 0.077007 -0.0092245 -0.019135 -0.00095259
0.020419 0.23601 0.061236 -0.0017834 -0.021649 -0.0076893
0.024025 0.13052 0.10141 -0.015766 -0.0028339 -0.00054064
0.033437 0.073758 0.10417 -0.0031652 -0.01098 -0.0019265
0.020245 0.22463 0.08588 -0.0073342 -0.021112 -0.0062307
0.027066 0.2085 0.058774 4.9923e-05 -0.025118 -0.0056152
0.025566 0.087954 0.11036 -0.020533 -0.0084146 -0.00465
0.027974 0.11718 0.1014 0.0020571 -0.0074951 -0.00039476
0.025855 0.23334 0.087777 -0.014102 -0.027289 -0.0023389
0.016735 0.19077 0.075422 0.0052057 -0.019485 -0.0076681
0.028931 0.087021 0.11475 -0.014129 -0.014915 -0.0037604
0.02861 0.12009 0.098039 -0.002807 -0.014159 -0.0033996
0.018256 0.24583 0.089671 -0.0092629 -0.022455 -0.0032915
0.022749 0.17809 0.080851 -0.001109 -0.021637 -0.0055537
0.028493 0.047016 0.12001 -0.003105 -0.013656 -0.0070324
0.023567 0.21527 0.091613 -0.0098495 -0.022131 -0.0017313
0.020202 0.22432 0.074888 -0.0028304 -0.022015 -0.0030552
0.029648 0.06971 0.12302 -0.0061636 -0.016593 -0.0052111
0.023497 0.15257 0.092262 -0.002339 -0.022668 -0.0056148
0.019795 0.24421 0.077474 -0.002745 -0.020717 -0.0043978
0.028155 0.13382 0.098907 -0.011277 -0.023403 -0.0022501
0.025794 0.06978 0.11039 0.00011497 -0.013028 -0.0043785
0.025036 0.24842 0.090016 -0.0027152 -0.029468 -0.0083334
0.025601 0.19411 0.074023 -0.0067063 -0.017423 0.00078789
0.026241 0.064617 0.11502 -0.0077429 -0.019317 -0.0046465
0.027165 0.18063 0.090705 -0.0054171 -0.023727 -0.0039803
0.024729 0.21854 0.064531 0.0023339 -0.021035 -0.0084217
0.027973 0.12075 0.11618 -0.012222 -0.020915 0.00099333
0.027791 0.12122 0.097388 -0.0046995 -0.021255 -0.0012033
0.028273 0.22266 0.071783 -0.0048331 -0.024291 -0.0028798
0.02667 0.17332 0.08676 -0.0055465 -0.025293 -0.0080248
0.028805 0.060125 0.099759 -0.002833 -0.012485 -0.0040361
0.027683 0.22668 0.085807 -0.0040717 -0.028919 0.00045038
0.02609 0.19878 0.075361 -0.012189 -0.025653 -0.004495
0.031668 0.079836 0.10769 -0.00095168 -0.02949 -0.0035848
0.022914 0.1594 0.09212 -0.0085489 -0.017449 -0.00054432
0.035059 0.23495 0.05251 -0.0033466 -0.025228 -0.00061425
0.024641 0.11754 0.10765 -0.0081112 -0.027117 -0.0049458
0.027006 0.098525 0.10167 -0.0027712 -0.023937 -0.0036887
0.027308 0.25587 0.058134 -0.00058228 -0.042143 -0.0035781
0.027727 0.13185 0.088594 -0.011677 -0.020197 -0.0058408
0.027558 0.079533 0.10606 -0.003992 -0.021932 -0.00059327
0.027759 0.24416 0.077565 -0.0046311 -0.036561 1.2541e-05
0.024781 0.18022 0.071925 -0.0048485 -0.031819 0.00083147
0.029754 0.05605 0.10363 -0.0048688 -0.027995 -0.013286
0.019939 0.20697 0.079825 -0.0045356 -0.034351 -0.0051713
0.028764 0.22145 0.068794 -0.0035507 -0.030995 0.002399
0.028741 0.066981 0.11238 -0.0091851 -0.024452 -0.0025829
0.020985 0.17234 0.086798 -0.0048681 -0.040714 -0.0047052
0.02736 0.21599 0.055911 -0.0028097 -0.028253 -0.013657
0.019204 0.13429 0.1072 -0.0056278 -0.034778 0.0015948
0.028346 0.093028 0.094764 -0.0028618 -0.03397 -0.0076443
0.028998 0.23301 0.07804 -0.017357 -0.017785 -0.00084775
0.016824 0.18676 0.076953 0.0010158 -0.047527 -0.0090895
0.026809 0.096676 0.095924 -0.0023443 -0.034355 -0.0069459
0.020793 0.12549 0.10898 -0.020797 -0.015906 -0.00070867
0.027501 0.23143 0.073216 0.0023632 -0.039823 -0.008978
0.0207 0.19868 0.06755 -0.0066789 -0.035083 -0.0076921
0.027021 0.040394 0.1312 -0.018455 -0.018946 -0.0068154
0.020356 0.21856 0.084538 -0.0039382 -0.04289 -0.0016326
0.025914 0.21916 0.062859 -0.0074472 -0.027345 -0.0059326
0.019386 0.071076 0.11399 -0.013955 -0.026378 -0.0092282
0.029376 0.16099 0.10784 -0.013582 -0.030366 -0.0039382
0.020762 0.2326 0.079676 -0.0026801 -0.024516 -0.0038426
0.019744 0.16261 0.086878 -0.014299 -0.046977 -0.0048893
0.029365 0.069566 0.12166 -0.02024 -0.014198 -0.0064643
0.027212 0.20616 0.089362 -0.0051498 -0.030015 -0.0052821
0.019164 0.21581 0.076551 -0.010068 -0.02832 -0.004016
0.018645 0.11506 0.11523 -0.014149 -0.03212 -0.0034856
0.030861 0.11841 0.11281 -0.016814 -0.024405 -0.0036986
0.023794 0.2431 0.087468 -0.0068177 -0.025835 -0.003142
0.023333 0.16461 0.10951 -0.017588 -0.03446 -0.00075551
0.023591 0.067415 0.10158 -0.012616 -0.020463 -0.0083812
0.023636 0.2244 0.091085 -0.0067022 -0.024979 -0.0023609
0.02358 0.22588 0.091183 -0.0073874 -0.03594 4.6301e-05
0.024219 0.080691 0.13523 -0.024087 -0.015008 -0.001505
0.024938 0.14083 0.097893 -0.011032 -0.03036 -0.0029813
0.02042 0.25355 0.085578 -0.0063152 -0.031733 -0.0048447
0.022825 0.15711 0.11243 -0.0077716 -0.027744 0.0006365
0.024888 0.066046 0.1244 -0.012924 -0.012984 0.0035736
0.021825 0.24363 0.082892 -0.0083548 -0.035157 -0.0061488
0.021094 0.22131 0.095573 -0.0058745 -0.032804 -0.0054042
0.026595 0.064173 0.12594 -0.01585 -0.01942 0.0044528
0.018352 0.17307 0.11236 -0.0082097 -0.026282 0.0019636
0.020089 0.24542 0.081236 0.00061897 -0.035387 -0.0037118
0.01713 0.16352 0.11035 -0.011458 -0.0296 -0.0004505
0.031085 0.061058 0.11436 -0.0040382 -0.020093 -0.0046466
0.018184 0.25353 0.10047 -0.0092054 -0.032143 0.0072643
0.01626 0.20772 0.091562 -0.0021152 -0.034139 -0.0020614
0.024159 0.073744 0.1294 -0.00407 -0.027957 -0.0014209
0.019807 0.20075 0.090625 -0.0038739 -0.029342 -0.0015866
0.016036 0.22665 0.076653 -0.0039889 -0.035913 0.0044465
0.02473 0.12912 0.11984 -0.0048454 -0.027846 0.0019597
0.023067 0.11475 0.11558 -0.001017 -0.028303 -0.0077127
0.013208 0.24323 0.084769 -0.00040184 -0.041129 0.0034235
0.022383 0.20295 0.07486 -0.0019355 -0.030775 0.0054297
0.022426 0.043464 0.12819 -0.00055827 -0.026052 -0.0033194
0.019376 0.2352 0.093705 -0.0061549 -0.040948 0.0051075
0.019711 0.23458 0.063497 0.0083459 -0.033664 -0.0010829
0.021528 0.088802 0.11209 -0.0064101 -0.029175 5.1627e-05
0.01881 0.13843 0.091862 0.00016745 -0.033472 -0.00024615
0.022244 0.26768 0.077384 0.0071606 -0.040831 0.0072938
0.021417 0.13403 0.094822 -0.0099243 -0.033261 0.0012092
0.019795 0.094968 0.10262 0.01059 -0.030926 -0.0012841
0.023703 0.24344 0.060489 -0.0056029 -0.040027 0.0043842
0.017495 0.2064 0.077469 0.0046687 -0.034561 0.0019707
0.028206 0.06134 0.10839 -0.0047064 -0.029538 0.0046942
0.018674 0.19976 0.075821 0.0093239 -0.038952 0.0016945
0.025742 0.23556 0.066697 -0.0037352 -0.036391 0.0043258
0.022276 0.13521 0.084032 -0.0044833 -0.038741 0.0013006
0.020894 0.093455 0.098185 0.0080794 -0.027843 0.0040607
0.025778 0.25611 0.0638 0.0017251 -0.041811 0.0043706
0.026019 0.18345 0.066976 -0.0033036 -0.035972 0.0057182
0.025542 0.069193 0.099877 -0.0029115 -0.029052 -0.0026307
0.02626 0.22571 0.069716 0.004188 -0.037687 0.0061132
0.023268 0.2247 0.061189 0.0053051 -0.031587 0.0014954
0.025783 0.10074 0.091935 -0.0063981 -0.041379 0.010065
0.030107 0.12073 0.080651 0.0020857 -0.032645 -0.0056153
0.025875 0.25703 0.068239 -0.00012649 -0.030231 0.0077296
0.027098 0.19249 0.062707 -0.00089508 -0.035196 -0.0008374
0.027792 0.066276 0.10077 0.0058104 -0.027771 0.0030761
0.028016 0.20085 0.068933 -0.0013711 -0.04147 0.0024266
0.028621 0.23334 0.050097 -0.00058593 -0.028912 -0.0026848
0.028713 0.097084 0.091488 -0.0023507 -0.026742 0.0018267
0.028078 0.15943 0.087037 0.010623 -0.03096 0.002543
0.025851 0.221 0.059832 -0.0013927 -0.038425 0.0011384
0.026681 0.18268 0.054801 0.0011978 -0.035027 -0.00079056
0.032789 0.058364 0.1004 0.00078351 -0.014421 -0.0047527
0.025842 0.24579 0.069348 0.0045108 -0.035956 0.00092352
0.028414 0.20771 0.049105 0.012611 -0.032879 -0.00035216
0.024524 0.076055 0.082805 -0.0023587 -0.023714 -0.0029268
0.025965 0.17019 0.077286 0.00091689 -0.032628 0.00053497
0.026538 0.23513 0.044338 0.011426 -0.030805 -0.0034739
0.024058 0.16313 0.07557 0.0036679 -0.027193 -0.0021305
0.027494 0.059378 0.072909 0.014812 -0.020861 -0.0026357
0.0254 0.23639 0.058592 -0.0054634 -0.034355 0.00097745
0.01989 0.20345 0.065068 0.015154 -0.027024 -0.00066735
0.022614 0.14692 0.065098 0.011573 -0.028429 -0.003197
0.021173 0.074954 0.054508 0.0012735 -0.024905 -0.0044873
0.028533 0.22968 0.061911 0.013454 -0.028524 0.0013289
0.017618 0.19157 0.04749 0.013073 -0.02848 0.00095413
0.01407 0.16623 0.065254 0.0042844 -0.026369 -0.0018778
0.02852 0.075002 0.062293 0.0095976 -0.022371 -0.0022507
0.017468 0.20495 0.059064 0.0082097 -0.030065 0.0028388
0.017308 0.20481 0.043134 0.017572 -0.028602 0.0030399
0.018442 0.16551 0.057837 0.0080617 -0.02638 -0.00127
0.021748 0.064628 0.064273 0.010707 -0.022648 -0.00090849
0.016569 0.22932 0.039511 0.0071333 -0.033822 0.0038199
0.01754 0.20202 0.037389 0.015293 -0.019743 -0.00099945
0.019048 0.093206 0.079049 0.0063572 -0.026736 0.0038945
0.017677 0.13887 0.049369 0.0070078 -0.028738 0.0040008
0.016369 0.21318 0.041965 0.014967 -0.03289 -0.0011885
0.020558 0.20381 0.035877 0.0089275 -0.027472 0.0053217
0.019417 0.071194 0.064005 -0.001052 -0.021024 0.0013153
0.01694 0.15156 0.055242 0.017525 -0.027455 -0.00065819
0.017739 0.22889 0.043091 0.010143 -0.028503 0.0040273
0.017517 0.17757 0.034352 0.00080425 -0.042272 0.0055672
0.023755 0.057956 0.066043 0.0087018 -0.024746 -0.0013435
0.019 0.19971 0.038176 -0.004251 -0.026245 0.001638
0.015348 0.21492 0.040782 0.0093501 -0.033364 0.0016319
0.013364 0.16798 0.055332 0.013425 -0.034906 -0.00083952
0.035366 0.060466 0.047289 -0.006869 -0.032746 0.0018658
0.016351 0.21163 0.04796 -0.0049345 -0.037718 0.0010862
0.016561 0.18749 0.048564 0.013175 -0.026922 0.0012528
0.021914 0.18422 0.033097 -0.0075703 -0.041297 -0.00182
0.019197 0.15733 0.045989 -8.7316e-06 -0.040594 0.00021382
0.017154 0.062872 0.068189 -0.0018211 -0.038614 -0.0006555
0.026257 0.26729 0.035588 -0.0047973 -0.031512 -0.0011657
0.02103 0.20769 0.040659 -0.002054 -0.046037 -0.0035086
0.021005 0.045693 0.065647 -0.0083253 -0.041057 -0.0025988
0.019214 0.21502 0.047205 -0.0028133 -0.037018 0.0025486
0.023441 0.24073 0.032372 -0.0086429 -0.039898 -0.0013924
0.01294 0.1244 0.056988 -0.0045461 -0.050443 -0.0048041
0.023014 0.087556 0.062702 -0.010325 -0.038581 -0.0034733
0.022575 0.25495 0.049251 -0.0029537 -0.045331 -0.00013137
0.019032 0.21181 0.031688 -0.0092326 -0.043872 -0.0041564
0.018682 0.076776 0.079049 -0.015092 -0.043752 -0.0019375
0.018128 0.16915 0.050091 -0.00050825 -0.037447 -0.0019223
0.019529 0.24022 0.047666 -0.01634 -0.053629 -0.005033
0.016637 0.18184 0.04016 -0.0035278 -0.041775 -0.0011866
0.019731 0.064598 0.076915 -0.011238 -0.040854 -0.0052389
0.016912 0.21502 0.048388 -0.0033905 -0.045936 -0.0012036
0.013851 0.2082 0.058225 -0.016274 -0.041951 -0.0068139
0.016624 0.18256 0.043113 -0.0064825 -0.044208 -0.0031464
0.016452 0.075481 0.071066 -0.0093661 -0.044688 -0.0045982
0.019497 0.20797 0.054208 -0.0096558 -0.043355 -0.0049905
0.014391 0.21052 0.041134 0.005956 -0.036077 -0.0038991
0.010633 0.17748 0.058659 -0.02236 -0.040266 -0.0066051
0.013259 0.065211 0.072145 -0.0075132 -0.04176 -0.0056124
0.012649 0.22139 0.05257 -0.0034653 -0.050092 -0.0085437
0.016962 0.23426 0.031693 -0.00079433 -0.030691 -0.00448
0.012176 0.11257 0.06356 -0.01783 -0.036777 -0.0093642
0.016264 0.10581 0.075257 0.00061359 -0.035031 -0.0064869
0.010413 0.22954 0.044826 -0.0074467 -0.04212 -0.0080324
0.0061863 0.22741 0.030349 0.0043486 -0.037618 -0.0082943
0.013683 0.1046 0.063158 -0.0093988 -0.034016 -0.010602
0.016819 0.1017 0.068405 -0.0089768 -0.035237 -0.012059
0.0085474 0.2481 0.046314 -0.010279 -0.02987 -0.0026025
0.011976 0.2075 0.030245 0.016058 -0.039292 -0.013111
0.0091929 0.13234 0.063239 -0.010361 -0.02938 -0.011906
0.013926 0.081174 0.059411 -0.0033419 -0.030758 -0.0081238
0.010634 0.25313 0.038033 -0.0030396 -0.035941 -0.011918
0.0092951 0.20923 0.03885 0.0066635 -0.028486 -0.010848
0.011548 0.13433 0.052682 -0.0072209 -0.028817 -0.01054
0.011552 0.097129 0.051258 0.0030167 -0.033847 -0.0093849
0.01139 0.25211 0.040502 0.0027837 -0.029252 -0.012777
0.010273 0.20448 0.034078 0.0021475 -0.025174 -0.0097865
0.011494 0.070057 0.062265 -0.0050599 -0.029011 -0.011243
0.011297 0.20345 0.029397 0.0049041 -0.027481 -0.0096306
0.010835 0.24546 0.030712 0.0031222 -0.029016 -0.012168
0.010922 0.12087 0.049422 0.002777 -0.027451 -0.013001
0.01171 0.11094 0.055072 0.0037811 -0.028102 -0.0079365
0.010349 0.25451 0.023179 0.0022056 -0.022664 -0.0081321
0.011687 0.20251 0.027425 0.0060145 -0.022602 -0.01199
0.013545 0.062119 0.058702 -0.00049135 -0.026139 -0.012633
0.010131 0.22013 0.033377 -0.0017189 -0.03148 -0.010367
0.0093026 0.2271 0.03163 0.016248 -0.021559 -0.0071169
0.014702 0.12644 0.037327 -0.0063176 -0.020591 -0.011947
0.015442 0.11462 0.047646 0.0065273 -0.023165 -0.013113
0.0052261 0.25066 0.033151 0.013985 -0.032667 -0.004211
0.012602 0.1866 0.03389 -0.011477 -0.012506 -0.009336
0.016277 0.058611 0.056384 0.0088053 -0.022803 -0.012909
0.011384 0.20468 0.038365 0.004998 -0.030711 -0.010901
0.014553 0.22719 0.028474 -0.0024376 -0.017745 -0.0066293
0.0092318 0.12467 0.047785 0.010936 -0.023195 -0.010641
0.015355 0.059829 0.063629 -0.0037546 -0.018996 -0.0059659
0.011604 0.23688 0.042025 0.0073959 -0.024208 -0.011284
0.014515 0.17071 0.035408 -0.001932 -0.022327 -0.0098823
0.02009 0.026769 0.069559 0.0016984 -0.020854 -0.0096981
0.0077017 0.16721 0.055898 -0.0085127 -0.014598 -0.0020178
0.015526 0.17251 0.048946 0.0090735 -0.02206 -0.010008
0.014325 0.081148 0.065151 0.00028322 -0.03103 -0.011319
0.020849 0.0049627 0.077249 -0.010352 -0.010227 -0.0043329
0.014584 0.13442 0.062141 -0.0039989 -0.017615 -0.0061101
0.016207 0.10556 0.06907 -0.0011116 -0.018667 -0.0060951
0.014205 0.036732 0.074952 -0.007591 -0.026055 -0.010527
0.017404 0.03888 0.079608 -0.0083752 -0.018474 -0.0059862
