-0.00067537 -0.0048629 0.00268 0.00034302 -0.00090768 9.9467e-05
-0.0068998 -0.046909 0.033988 -0.0072623 -0.012157 0.0019619
0.013727 0.10847 -0.043429 -0.021647 0.045794 0.011923
-0.00075382 0.1502 -0.029026 -0.001459 0.01902 0.013356
-0.0077063 0.10574 0.024162 -0.039052 0.0212 0.019457
-0.012717 0.060291 0.041158 -0.0046302 0.027062 0.021157
-0.02822 0.196 0.064565 -0.020406 0.017031 0.028812
-0.0356 0.13872 0.1024 -0.010581 0.0028118 0.027013
-0.044701 0.13286 0.13814 -0.0077459 0.0012592 0.032816
-0.051104 0.10597 0.1809 -0.00074717 -0.010281 0.031444
-0.052183 0.17315 0.17169 -0.010823 -0.012037 0.032227
-0.057807 0.15954 0.20683 -0.0046098 -0.018438 0.03436
-0.054186 0.16811 0.20675 -6.4122e-05 -0.020261 0.033365
-0.059801 0.13139 0.2383 -0.013685 -0.025219 0.033669
-0.061286 0.1524 0.2335 -0.015421 -0.026578 0.034125
-0.063819 0.20653 0.24316 -0.0081359 -0.036033 0.034257
-0.063765 0.17215 0.25074 -0.0062845 -0.031096 0.034253
-0.068852 0.14338 0.28391 -0.021647 -0.04042 0.034298
-0.07007 0.15859 0.25705 -0.0011799 -0.043894 0.034533
-0.068175 0.21675 0.27525 -0.012637 -0.037656 0.034598
-0.070471 0.16335 0.26866 -0.0019368 -0.043542 0.034368
-0.068911 0.13854 0.30222 -0.02551 -0.041086 0.033838
-0.066647 0.13806 0.26971 -0.0094743 -0.039432 0.033292
-0.065409 0.17825 0.2901 -0.02825 -0.041903 0.029208
-0.062787 0.16936 0.27771 -0.0060316 -0.043962 0.026296
-0.063365 0.11045 0.33271 -0.046023 -0.042282 0.027778
-0.06081 0.13799 0.28662 -0.011681 -0.053 0.020237
-0.064071 0.19884 0.31932 -0.02226 -0.052315 0.023533
-0.067267 0.17312 0.31102 -0.00078256 -0.052475 0.026878
-0.072949 0.12075 0.35546 -0.072326 -0.065068 0.023481
-0.076615 0.13744 0.3156 0.031738 -0.063862 0.034669
-0.079743 0.18843 0.34017 -0.051189 -0.061907 0.034413
-0.085616 0.13891 0.33086 -0.0036146 -0.068555 0.037838
-0.084881 0.1035 0.36205 -0.027226 -0.06583 0.038936
-0.084102 0.10753 0.32666 -0.014961 -0.067697 0.037145
-0.082509 0.18409 0.3258 0.001146 -0.066705 0.036881
-0.087125 0.15336 0.32316 -0.032948 -0.06902 0.037243
-0.087393 0.094284 0.31697 -0.053059 -0.082868 0.028121
-0.090775 0.20899 0.24946 -0.080026 -0.081098 0.040406
-0.083159 0.20201 0.30752 -0.062802 -0.073718 0.022143
-0.10703 0.20001 0.25442 -0.15897 -0.10614 0.042487
-0.082867 0.21478 0.33219 -0.22608 -0.068418 0.037749
-0.061287 0.25297 0.36622 -0.2086 -0.052931 0.027016
-0.10378 0.32715 0.37885 -0.24529 -0.062456 0.031109
-0.043498 0.25479 0.48532 -0.33393 -0.027477 0.032901
-0.02253 0.2585 0.54406 -0.30923 0.0061471 0.035189
-0.0797 0.38404 0.46531 -0.23192 -0.010183 0.0026771
-0.018177 0.26371 0.51418 -0.23244 0.044089 0.055391
-0.025599 0.21985 0.49188 -0.17198 0.037187 0.0097649
-0.046563 0.31138 0.42034 -0.076647 0.082192 0.051487
-0.039591 0.25067 0.37621 -0.01142 0.080465 0.049331
-0.040789 0.28038 0.31233 0.052716 0.11058 0.055101
-0.04571 0.15863 0.34505 0.048847 0.13333 0.06847
-0.04377 0.30136 0.23151 0.13662 0.12377 0.072722
-0.062052 0.27085 0.22992 0.1519 0.12516 0.085829
-0.047755 0.18068 0.2315 0.11905 0.1338 0.069442
-0.049821 0.23331 0.20225 0.15798 0.11604 0.077757
-0.05004 0.27461 0.1855 0.16673 0.081368 0.067865
-0.042444 0.22632 0.19368 0.14161 0.094274 0.066393
-0.033661 0.21489 0.22003 0.05334 0.058805 0.054721
-0.02728 0.1834 0.2226 -0.074862 0.042009 0.03886
-0.043995 0.19419 0.1325 -0.080132 0.042142 0.055672
-0.085322 0.15049 0.047951 0.17402 0.10503 0.077115
-0.11919 0.15096 0.046116 0.5888 0.20129 0.095794
-0.16483 0.23209 -0.005355 0.73623 0.12676 0.090896
-0.28101 0.2821 -0.55471 1.796 0.35264 0.2022
-0.28563 0.4089 -0.095485 3.3065 0.40424 0.24665
-0.3034 0.63566 -0.30655 3.5612 0.34731 0.2363
-0.33535 0.63955 -0.57321 3.9862 0.4277 0.30647
-0.2595 0.61104 -0.28832 4.1985 0.35685 0.28315
-0.15913 0.71639 -0.053584 4.2924 0.42628 0.26354
-0.16897 0.73428 -0.46973 3.2394 0.26681 0.23996
-0.01251 0.26891 -0.060775 1.3373 0.34457 0.10162
-0.033812 0.44858 -0.2682 1.7106 0.31094 0.12691
-0.044476 0.29909 -0.32301 0.7703 0.25197 0.092291
-0.0075347 0.12048 -0.13153 -0.20917 0.2298 0.0060957
-0.10435 0.21928 -0.51874 0.32886 0.2312 0.10152
-0.15791 0.10888 -0.28163 0.25081 0.061218 0.062275
-0.15573 0.1584 -0.21059 0.27546 0.051643 0.091651
-0.19983 0.1751 -0.25484 0.46038 -0.014322 0.11609
-0.21482 0.15085 -0.18435 0.40628 -0.067543 0.10827
-0.1972 0.15124 -0.1151 0.29457 -0.10168 0.10468
-0.17459 0.13518 -0.064971 0.21612 -0.081769 0.097924
-0.15232 0.14031 -0.10666 0.21006 -0.070257 0.090542
-0.1382 0.062415 -0.11503 0.1823 -0.059624 0.087094
-0.104 0.14658 -0.1732 0.19233 -0.021718 0.087057
-0.083551 0.076092 -0.15895 0.19839 0.0024508 0.07905
-0.05965 0.04309 -0.17797 0.24422 0.037244 0.079341
-0.058855 0.13796 -0.24222 0.2216 0.026639 0.079977
-0.024106 0.13286 -0.26828 0.23413 0.082379 0.065292
-0.020071 0.10694 -0.23835 0.18607 0.081807 0.06481
-0.02429 0.16031 -0.29576 0.22253 0.084049 0.058098
-0.012209 0.16488 -0.2871 0.19851 0.096482 0.059282
-0.010987 0.15881 -0.29136 0.21393 0.10029 0.050104
-0.013399 0.16968 -0.29817 0.23609 0.10593 0.053345
-0.016976 0.15342 -0.27636 0.23134 0.095777 0.057884
-0.019694 0.12976 -0.26174 0.21312 0.08907 0.059455
-0.018855 0.11736 -0.26586 0.21898 0.089632 0.060599
-0.028089 0.095379 -0.22322 0.18522 0.079313 0.054834
-0.040286 0.12115 -0.18491 0.16379 0.065909 0.063884
-0.034299 0.049426 -0.10116 0.1402 0.071618 0.054107
-0.041172 0.081873 -0.053268 0.14363 0.064079 0.062771
-0.027792 0.10724 0.009987 0.10545 0.064075 0.058507
-0.025523 0.097245 0.070765 0.01013 0.047556 0.071014
-0.013647 0.083678 -0.0041607 0.029504 0.051943 0.07847
-0.021923 -0.011103 -0.148 0.18997 0.04895 0.06733
-0.059169 0.13729 -0.29372 0.40182 0.034363 0.066724
-0.12567 -0.0022823 -0.4671 0.41334 0.04289 0.037277
-0.16562 0.075639 -0.83684 1.5478 0.091924 0.048731
-0.28307 0.30409 -0.86339 2.1817 0.1105 -0.043566
-0.41101 0.41876 -0.94497 3.4371 0.23924 -0.065886
-0.38139 0.61466 -1.0352 4.0143 0.1554 0.017736
-0.4806 0.84633 -1.0135 4.9016 0.21163 -0.10212
-0.61411 0.91127 -0.73124 5.3681 0.37996 -0.23471
-0.67299 1.0306 -0.56265 5.2303 0.24803 -0.26179
-0.67543 0.71832 -0.69889 3.8656 0.37261 -0.32815
-0.89264 0.71228 -0.090796 3.5781 0.36671 -0.62984
-1.0233 0.49946 -0.15307 2.3246 0.60293 -0.78693
-0.98891 0.22045 0.0022066 1.3575 0.5653 -0.77279
-1.0288 0.16203 -0.027472 0.80831 0.69714 -0.90574
-0.96034 0.12024 -0.20921 0.56115 0.60725 -0.84212
-0.75341 0.12257 -0.69017 0.75681 0.57509 -0.74951
-0.69093 0.056641 -0.68302 0.882 0.58166 -0.65253
-0.39873 0.23531 -1.6897 1.2498 0.28587 -0.4971
-0.29208 0.11517 -1.7836 1.467 0.16894 -0.38667
-0.23353 0.13747 -1.8194 1.483 0.17645 -0.32957
-0.17711 0.12399 -2.0874 1.5458 0.01537 -0.30602
-0.15316 0.044677 -1.7976 1.3799 0.042899 -0.23132
-0.2041 0.012889 -1.4012 1.2159 -0.013767 -0.21567
-0.19561 0.049441 -1.2656 1.0484 0.016068 -0.20351
-0.24857 0.011016 -0.85433 0.96925 -0.020663 -0.16531
-0.23178 0.0097105 -0.6686 0.8658 -0.038972 -0.14234
-0.2453 0.12086 -0.53776 0.81582 -0.062508 -0.12426
-0.23734 0.1394 -0.42098 0.80031 -0.10658 -0.11726
-0.25026 0.10879 -0.24462 0.73671 -0.12655 -0.091982
-0.2407 0.17188 -0.20844 0.75405 -0.13359 -0.10147
-0.23039 0.2118 -0.083366 0.74015 -0.13602 -0.092294
-0.25193 0.19597 0.064659 0.72432 -0.16104 -0.074508
-0.2275 0.13985 0.070084 0.76794 -0.15381 -0.07069
-0.23351 0.24193 0.11277 0.7983 -0.15102 -0.063567
-0.22856 0.2283 0.14605 0.84529 -0.15299 -0.055777
-0.22758 0.20694 0.1467 0.84405 -0.16742 -0.047537
-0.22569 0.25145 0.1415 0.86435 -0.15537 -0.044435
-0.22339 0.24001 0.18211 0.87648 -0.15183 -0.049216
-0.22668 0.22974 0.2177 0.83576 -0.16635 -0.03912
-0.22562 0.21293 0.27111 0.86927 -0.1755 -0.043628
-0.22912 0.21816 0.2789 0.84454 -0.16273 -0.044143
-0.22569 0.19904 0.32579 0.88715 -0.17665 -0.050823
-0.22516 0.21361 0.33289 0.89549 -0.18518 -0.04226
-0.22525 0.2119 0.31521 0.92704 -0.17166 -0.053045
-0.22266 0.25238 0.31047 0.94289 -0.16099 -0.045401
-0.21279 0.20198 0.3075 0.92972 -0.16678 -0.053192
-0.21557 0.26236 0.28295 0.9561 -0.14264 -0.046358
-0.20439 0.22101 0.29062 0.93686 -0.13904 -0.04853
-0.20391 0.24762 0.27759 0.91847 -0.13781 -0.045451
-0.1992 0.20949 0.29297 0.93065 -0.13147 -0.045521
-0.19792 0.25371 0.28899 0.92265 -0.13726 -0.047669
-0.19815 0.23877 0.31046 0.90458 -0.13864 -0.038168
-0.19528 0.21945 0.30585 0.90299 -0.13894 -0.044745
-0.19596 0.20302 0.33126 0.87465 -0.1406 -0.043775
-0.19215 0.24616 0.33294 0.86954 -0.13431 -0.04061
-0.19462 0.21639 0.34503 0.84234 -0.13479 -0.041341
-0.19058 0.19742 0.35866 0.79864 -0.13133 -0.047036
-0.18979 0.19434 0.36799 0.82025 -0.1064 -0.032664
-0.19189 0.25405 0.29469 0.87028 -0.14633 -0.047034
-0.19462 0.23751 0.3027 0.9496 -0.14045 -0.034112
-0.1976 0.16649 0.23819 0.874 -0.1554 -0.032479
-0.18529 0.2191 0.15475 1.2626 -0.14608 -0.02501
-0.19971 0.25159 0.10462 1.1132 -0.21692 -0.035084
-0.18213 0.15585 0.083938 1.3708 -0.18805 -0.014631
-0.18616 0.21974 0.048499 1.331 -0.17926 -0.019217
-0.17531 0.22929 0.11775 1.4175 -0.19756 -0.019574
-0.17688 0.2419 0.11856 1.3989 -0.17673 -0.012406
-0.17492 0.24686 0.14529 1.3685 -0.16933 -0.012909
-0.1822 0.28861 0.211 1.2976 -0.15348 -0.017662
-0.20266 0.25203 0.20951 1.1864 -0.15783 -0.018035
-0.21134 0.22629 0.19316 1.1047 -0.16606 -0.025643
-0.20669 0.25974 0.15169 0.94325 -0.13942 -0.013745
-0.28223 0.21671 0.18686 0.89801 -0.21146 -0.051907
-0.24237 0.13828 0.15714 0.61551 -0.14151 -0.016935
-0.27136 0.18756 0.14013 0.63347 -0.1822 -0.032526
-0.28533 0.16949 0.18793 0.57475 -0.1813 -0.034661
-0.2812 0.14641 0.1665 0.51125 -0.16492 -0.017628
-0.27218 0.13202 0.18913 0.5143 -0.14934 -0.016288
-0.26528 0.12311 0.19374 0.53699 -0.15582 -0.0064606
-0.27252 0.24245 0.13937 0.61654 -0.14537 -0.011372
-0.24302 0.13022 0.20563 0.59131 -0.12178 0.006774
-0.24894 0.16739 0.1565 0.619 -0.13625 0.00025239
-0.23916 0.2773 0.17908 0.61693 -0.11679 -0.00036906
-0.23161 0.21641 0.21837 0.63696 -0.11993 0.0039369
-0.23164 0.22402 0.23288 0.62909 -0.12056 0.0019312
-0.23089 0.24412 0.25415 0.613 -0.11915 0.0024587
-0.22754 0.24898 0.27781 0.63808 -0.1263 0.002038
-0.23205 0.23554 0.29575 0.63176 -0.12082 8.9135e-05
-0.23017 0.22032 0.29888 0.63893 -0.12869 0.0082626
-0.22967 0.2288 0.30243 0.64028 -0.12563 -0.0016067
-0.2292 0.22811 0.30892 0.63924 -0.12017 0.0044323
-0.22229 0.20112 0.31029 0.63517 -0.11645 0.0064558
-0.21829 0.17662 0.30998 0.61799 -0.10718 0.0031221
-0.21648 0.19301 0.29583 0.61897 -0.10931 0.005166
-0.21593 0.19869 0.28477 0.57658 -0.093816 0.0090445
-0.20067 0.11978 0.29865 0.59538 -0.092845 0.010721
-0.20433 0.1229 0.26306 0.55381 -0.086153 0.010488
-0.21736 0.31741 0.24599 0.57421 -0.093203 0.007675
-0.19979 0.10779 0.2961 0.56263 -0.083133 0.018333
-0.20447 0.16511 0.27853 0.57674 -0.083133 0.011367
-0.21205 0.29128 0.29901 0.5897 -0.087021 0.010084
-0.20914 0.22477 0.32092 0.60695 -0.089967 0.0169
-0.21214 0.19801 0.35999 0.61161 -0.084484 0.01683
-0.20371 0.19423 0.35681 0.61932 -0.088234 0.012594
-0.21679 0.27503 0.3696 0.6382 -0.093038 0.017525
-0.2133 0.20594 0.38349 0.6395 -0.094382 0.012687
-0.21312 0.20595 0.37983 0.64469 -0.090964 0.019849
-0.21837 0.22444 0.38357 0.64873 -0.0958 0.011088
-0.21769 0.21668 0.38607 0.65881 -0.10153 0.014864
-0.22276 0.21757 0.38729 0.6645 -0.088412 0.012536
-0.22027 0.20031 0.38871 0.65934 -0.098446 0.02113
-0.21808 0.19588 0.39394 0.6649 -0.091329 0.011798
-0.21299 0.1498 0.38242 0.64746 -0.088914 0.019597
-0.21621 0.18847 0.3753 0.64307 -0.091938 0.017961
-0.20218 0.21802 0.38447 0.62618 -0.080131 0.019631
-0.20135 0.11035 0.36974 0.60882 -0.08586 0.020736
-0.19983 0.14884 0.34332 0.54482 -0.080974 0.021076
-0.20113 0.28587 0.32148 0.55951 -0.080492 0.016523
-0.19918 0.19225 0.35811 0.52244 -0.074608 0.020108
-0.20318 0.12513 0.29798 0.48379 -0.081596 0.021122
-0.2084 0.29587 0.27077 0.49489 -0.074633 0.012034
-0.2107 0.21957 0.29553 0.48432 -0.08475 0.011715
-0.21264 0.21987 0.28183 0.50015 -0.076022 0.01242
-0.21535 0.20168 0.26629 0.5085 -0.081677 0.01
-0.21412 0.20793 0.26559 0.51027 -0.088905 0.0082923
-0.22028 0.25681 0.28732 0.5374 -0.080261 0.0056061
-0.21829 0.18855 0.29513 0.54328 -0.085168 0.018744
-0.219 0.17572 0.31186 0.5335 -0.085092 0.0074967
-0.2225 0.20068 0.32696 0.5548 -0.090657 0.020763
-0.22558 0.23331 0.34693 0.55963 -0.089639 0.017241
-0.22946 0.15583 0.38637 0.557 -0.094149 0.02095
-0.23023 0.16476 0.38638 0.55928 -0.11022 0.021232
-0.23489 0.23412 0.39869 0.55893 -0.10687 0.020328
-0.23899 0.17986 0.42343 0.56731 -0.11911 0.021613
-0.24645 0.23494 0.40159 0.56191 -0.12113 0.016304
-0.23179 0.1423 0.42694 0.53295 -0.12763 0.019004
-0.24133 0.24092 0.38693 0.53882 -0.12026 0.015225
-0.23756 0.2432 0.40469 0.54957 -0.1249 0.018082
-0.23378 0.20599 0.38957 0.52676 -0.11639 0.0096296
-0.22231 0.14304 0.38716 0.51329 -0.11711 0.02324
-0.23136 0.27836 0.37155 0.52354 -0.11562 0.0091162
-0.22404 0.195 0.37383 0.52638 -0.11111 0.021314
-0.2256 0.22446 0.36342 0.52177 -0.11576 0.02141
-0.22118 0.15982 0.37073 0.52064 -0.11209 0.011129
-0.22613 0.26525 0.33847 0.51976 -0.11758 0.021794
-0.22904 0.23113 0.33851 0.55511 -0.10808 0.0096368
-0.22951 0.21898 0.33204 0.53952 -0.1126 0.0091528
-0.24355 0.21967 0.32094 0.54499 -0.097062 -0.013823
-0.25327 0.19419 0.29614 0.5323 -0.097234 -0.01767
-0.25388 0.20817 0.29692 0.54692 -0.088109 -0.013822
-0.26212 0.19624 0.31825 0.50988 -0.081033 -0.039607
-0.29152 0.10352 0.3262 0.49845 -0.097424 -0.037168
-0.25207 0.15303 0.32751 0.45825 -0.084589 -0.016005
-0.2712 0.18394 0.35154 0.50017 -0.11071 -0.026268
-0.26322 0.15264 0.39685 0.41923 -0.11789 -0.011129
-0.26157 0.19195 0.3807 0.48363 -0.13408 -0.0047132
-0.23899 0.15182 0.38593 0.42923 -0.13224 0.0020148
-0.25147 0.25316 0.37613 0.46171 -0.14977 0.0025856
-0.24484 0.22373 0.38397 0.4614 -0.14155 0.0048698
-0.24802 0.22613 0.35315 0.46603 -0.14421 -0.0018671
-0.23892 0.1812 0.35845 0.46313 -0.13993 0.0049235
-0.24913 0.26372 0.33198 0.4717 -0.13988 -0.0077286
-0.24742 0.22777 0.34182 0.48551 -0.13281 -0.00022072
-0.24338 0.21794 0.33935 0.47694 -0.13474 -0.0097722
-0.24341 0.18824 0.33742 0.48493 -0.13256 -0.0092572
-0.246 0.21638 0.32862 0.48557 -0.12808 -0.0075801
-0.23864 0.19187 0.33778 0.48221 -0.12104 -0.011534
-0.23673 0.16284 0.3326 0.48663 -0.11696 -0.009897
-0.22992 0.21003 0.33085 0.48734 -0.10745 -0.017764
-0.22954 0.13764 0.34254 0.45116 -0.096426 -0.014316
-0.22747 0.12916 0.33239 0.43298 -0.09296 -0.010802
-0.22163 0.21842 0.32584 0.42524 -0.079519 -0.032808
-0.23231 0.17765 0.30685 0.41583 -0.07669 -0.020405
-0.24994 0.095576 0.29277 0.4291 -0.082404 -0.020264
-0.28613 0.19378 0.23312 0.47969 -0.10236 -0.0074921
-0.2926 0.15003 0.27632 0.43954 -0.10384 0.0055795
-0.32431 0.16377 0.14772 0.43159 -0.11862 -0.013796
-0.38544 0.12508 0.22187 0.46954 -0.18311 0.053058
-0.36414 0.034433 0.2377 0.37064 -0.15624 0.03281
-0.38315 0.17042 0.16213 0.29011 -0.17815 0.030801
-0.38274 0.054382 0.17038 0.31078 -0.19721 0.052031
-0.37063 0.048788 0.048716 0.6178 -0.18664 0.062366
-0.37692 0.17696 -0.028294 1.1401 -0.19952 0.077354
-0.35415 0.30492 -0.14982 1.2351 -0.097448 0.05275
-0.34041 0.18849 -0.56042 1.3762 -0.2536 0.10412
-0.35394 0.50074 -0.275 2.7956 -0.17056 0.087277
-0.35986 0.48275 -0.70733 1.8077 -0.14537 0.095166
-0.32526 0.49624 -0.55384 2.1418 -0.27278 0.078931
-0.33079 0.42323 -0.47266 1.8532 -0.24719 0.077913
-0.33767 0.44353 -0.39796 1.6179 -0.28192 0.060532
-0.32209 0.3565 -0.29005 1.1515 -0.27386 0.050982
-0.31799 0.30433 -0.1667 0.93438 -0.31238 0.039164
-0.3252 0.20531 -0.07651 0.74677 -0.29423 0.031193
-0.32519 0.23455 -0.071163 0.70858 -0.29526 0.029633
-0.33261 0.24236 -0.066397 0.6678 -0.27714 0.022229
-0.35329 0.24612 -0.092168 0.6741 -0.31089 0.02968
-0.40219 0.16146 -0.17834 0.61041 -0.35839 0.050107
-0.43155 0.26288 -0.28032 0.66508 -0.4512 0.04129
-0.40149 0.10823 -0.095651 0.60662 -0.39725 0.071212
-0.58616 0.26635 -0.48342 0.76665 -0.65494 0.10385
-0.45996 0.12317 -0.1602 0.61485 -0.56021 0.11236
-0.5244 0.094073 -0.21056 0.67065 -0.6395 0.12428
-0.51268 0.21022 -0.16578 0.6535 -0.62572 0.13271
-0.46979 0.15874 -0.086806 0.6074 -0.59814 0.14582
-0.43791 0.16248 -0.0018758 0.51023 -0.53182 0.1394
-0.41167 0.19342 0.027961 0.47148 -0.50083 0.12816
-0.38972 0.15279 0.036888 0.41103 -0.44264 0.13195
-0.37533 0.23298 0.034066 0.38826 -0.42288 0.12718
-0.36831 0.16625 0.049307 0.37947 -0.40228 0.12603
-0.36431 0.14999 0.055113 0.36472 -0.39107 0.1188
-0.35477 0.16231 0.062613 0.38612 -0.38198 0.11746
-0.35785 0.16642 0.086235 0.39623 -0.39012 0.11653
-0.33404 0.16169 0.1511 0.40173 -0.37046 0.10496
-0.33755 0.18271 0.15666 0.42537 -0.36593 0.11823
-0.32527 0.18273 0.21412 0.44232 -0.37216 0.10166
-0.32464 0.23604 0.22644 0.44386 -0.36409 0.1131
-0.3214 0.22456 0.25334 0.46727 -0.3653 0.11187
-0.31969 0.20705 0.25047 0.47508 -0.35837 0.11564
-0.31992 0.21058 0.23083 0.47338 -0.36088 0.11685
-0.31438 0.25117 0.25316 0.46057 -0.35938 0.11154
-0.31376 0.17998 0.2024 0.50945 -0.34405 0.12183
-0.30053 0.16652 0.2006 0.45232 -0.33973 0.10952
-0.29879 0.24197 0.19922 0.46211 -0.3336 0.10849
-0.29514 0.20851 0.18657 0.46599 -0.32431 0.11538
-0.29537 0.20268 0.20767 0.44902 -0.33229 0.10612
-0.28782 0.15097 0.20401 0.41553 -0.3247 0.107
-0.29641 0.25792 0.20583 0.41017 -0.31495 0.10903
-0.29096 0.20799 0.23791 0.39665 -0.32969 0.10946
-0.29643 0.10574 0.24382 0.37849 -0.32041 0.10739
-0.28401 0.24122 0.19711 0.35347 -0.29294 0.11014
-0.28969 0.22656 0.24103 0.36242 -0.3105 0.10947
-0.27853 0.11411 0.24096 0.33572 -0.28382 0.11154
-0.27668 0.22498 0.20303 0.33045 -0.27458 0.10704
-0.27102 0.23442 0.21711 0.3288 -0.26905 0.11367
-0.26963 0.17088 0.24051 0.31772 -0.27016 0.10157
-0.26482 0.14737 0.22705 0.30009 -0.25627 0.1062
-0.26069 0.27181 0.20826 0.31472 -0.25365 0.098484
-0.26238 0.17246 0.24429 0.29478 -0.26081 0.099474
-0.25785 0.16111 0.22385 0.31459 -0.25107 0.095231
-0.25654 0.27628 0.21229 0.29959 -0.24613 0.097121
-0.25144 0.1593 0.22778 0.30026 -0.24483 0.098162
-0.25681 0.21264 0.21428 0.30688 -0.24957 0.10074
-0.25633 0.26277 0.20589 0.3026 -0.24457 0.098404
-0.26302 0.16969 0.2332 0.27532 -0.24867 0.10639
-0.26132 0.17836 0.22514 0.26462 -0.25587 0.10497
-0.2776 0.27525 0.212 0.27572 -0.26812 0.097919
-0.29806 0.21369 0.23719 0.24029 -0.28842 0.10432
-0.29477 0.12906 0.23998 0.24373 -0.28873 0.10732
-0.29922 0.29072 0.20536 0.23454 -0.28681 0.10045
-0.32977 0.24318 0.2301 0.26323 -0.33543 0.095929
-0.31088 0.19321 0.20924 0.2415 -0.29604 0.11628
-0.30764 0.21532 0.21365 0.26381 -0.30165 0.090775
-0.3122 0.29079 0.19235 0.274 -0.30771 0.11183
-0.30377 0.23388 0.20842 0.27839 -0.3001 0.095468
-0.29557 0.16054 0.20289 0.28371 -0.28971 0.099774
-0.29474 0.28036 0.18961 0.28795 -0.2837 0.1022
-0.30299 0.2407 0.20041 0.29223 -0.31005 0.092216
-0.2905 0.12414 0.21062 0.288 -0.27868 0.099609
-0.30104 0.25848 0.18943 0.28358 -0.30202 0.096036
-0.29926 0.23467 0.20169 0.28758 -0.29203 0.098444
-0.29121 0.13028 0.22447 0.28182 -0.29397 0.093794
-0.28723 0.23167 0.20289 0.27462 -0.28121 0.09753
-0.27823 0.25018 0.18705 0.28381 -0.27743 0.091684
-0.26768 0.13706 0.25711 0.27729 -0.26925 0.093519
-0.25983 0.20708 0.1938 0.27159 -0.26559 0.082027
-0.25899 0.27944 0.19666 0.28395 -0.25452 0.098571
-0.2426 0.11604 0.2549 0.25403 -0.24849 0.075611
-0.25313 0.18117 0.21097 0.26846 -0.25843 0.087998
-0.24685 0.27761 0.2062 0.26215 -0.24539 0.087331
-0.25032 0.14197 0.24564 0.24911 -0.25523 0.078139
-0.24768 0.11938 0.23639 0.25273 -0.2521 0.08272
-0.24867 0.24089 0.2179 0.2636 -0.25199 0.079521
-0.25455 0.19587 0.21424 0.25014 -0.26236 0.081769
-0.25327 0.12691 0.28989 0.20801 -0.2535 0.077578
-0.26641 0.16682 0.26119 0.19062 -0.24534 0.091374
-0.26615 0.26582 0.28012 0.13821 -0.25901 0.081503
-0.28041 0.20295 0.33539 0.069494 -0.24471 0.092968
