0.00027207 0.0082109 -0.0023403 0.00024885 -8.9833e-05 0.00022331
-0.0010403 0.035008 0.0061938 -0.007065 -0.0026867 -0.0049782
0.0017822 0.16161 -0.0060107 0.0055267 -0.013564 -0.010747
0.0020234 0.1102 0.014869 -0.019971 -0.013101 -0.015278
-0.0018148 0.16066 0.0386 0.0025509 -0.0087035 -0.01009
0.012493 0.2346 -0.036954 0.025379 -0.01714 -0.014371
-0.00028094 0.14543 0.072368 -0.018246 -0.0028862 -0.010832
0.0044973 0.19289 0.030536 -0.0040204 -0.0038072 -0.0047488
0.0047861 0.24442 0.032522 0.00030437 -0.0024493 -0.011848
0.0035558 0.209 0.049978 -0.025035 -0.0034203 -0.0082716
0.0015664 0.21934 0.056484 -0.010617 -0.0017556 -0.013431
0.0057452 0.23407 0.048569 -0.0063118 -0.01387 -0.015427
0.0030617 0.23631 0.058537 0.0011887 -0.0015153 -0.012456
0.0046661 0.21052 0.068145 0.0048479 -0.010019 -0.024507
0.0045756 0.20714 0.076926 0.011349 -0.0024878 -0.0081968
-0.0038212 0.20288 0.091218 0.0031132 0.010624 -0.020109
0.0051678 0.22493 0.082558 0.010451 -0.0010611 -0.016423
0.00036444 0.21191 0.08177 0.0066095 0.0091051 -0.014493
0.00047722 0.19092 0.10629 0.0086341 0.0070346 -0.016017
0.0047309 0.2242 0.081447 0.010918 0.0046483 -0.014173
0.0037587 0.2088 0.10779 0.01793 0.0065271 -0.013314
0.0061477 0.2062 0.099553 0.020143 0.0044473 -0.013255
0.0016115 0.19567 0.12375 0.018655 0.011041 -0.011836
0.0066037 0.22112 0.12828 0.010604 -0.0018787 -0.020172
0.0083922 0.21101 0.13163 0.017561 -0.0035505 -0.020987
0.0072083 0.21076 0.13745 0.0038275 -0.010025 -0.031979
0.0038137 0.19804 0.14168 -0.0015545 -0.011066 -0.028715
-0.001206 0.16453 0.16087 -0.010123 -0.014569 -0.045212
0.0010935 0.25526 0.079761 0.0071123 -0.010373 -0.03094
-0.026227 0.15384 0.13903 -0.04146 0.00095708 -0.042633
-0.013387 0.21517 0.078472 -0.010906 0.0020755 -0.030535
-0.021104 0.25582 0.054307 -0.041426 0.00031801 -0.0295
-0.027804 0.21962 0.055863 -0.031417 0.016316 -0.027604
-0.021908 0.22632 0.059511 -0.03984 0.0091733 -0.018504
-0.02584 0.22843 0.060991 -0.035424 0.015341 -0.020269
-0.027443 0.23145 0.061175 -0.019694 0.01643 -0.021282
-0.031713 0.19026 0.10892 -0.027303 0.023221 -0.012783
-0.026204 0.2045 0.08925 -0.018294 0.015534 -0.018867
-0.026427 0.21893 0.10692 -0.0092688 0.017383 -0.016199
-0.018393 0.18183 0.11717 -0.014538 0.011121 -0.014452
-0.015893 0.21819 0.1041 -0.0075077 0.012319 -0.01637
-0.015052 0.21499 0.10661 -0.002259 0.0072164 -0.020122
-0.0096529 0.2144 0.11294 -0.0042007 0.0069285 -0.019359
-0.014147 0.19799 0.11219 0.016444 0.020511 -0.014428
0.0018485 0.22963 0.10545 0.033892 0.009366 -0.014086
-0.015783 0.17822 0.13112 0.014679 0.01568 -0.016184
0.017372 0.19899 0.11706 0.07029 0.013468 0.0025701
0.0018748 0.21457 0.11452 0.036114 0.0013749 -0.015182
0.0047027 0.16938 0.13975 0.037926 0.00064415 -0.0086066
0.011719 0.23728 0.11004 0.034006 -0.0055902 -0.013734
0.0045001 0.21107 0.12761 0.018829 -0.0077871 -0.018169
0.0064516 0.20897 0.13342 0.0071131 -0.0067512 -0.021309
0.004105 0.22257 0.13639 0.0034017 -0.0087524 -0.017889
0.01285 0.22814 0.1344 0.0077933 -0.012488 -0.023347
0.0017308 0.19111 0.1502 0.0041899 -0.0071485 -0.020747
0.0011006 0.19877 0.14038 0.015358 -0.007554 -0.023699
0.0035492 0.23161 0.13753 0.0007135 -0.0147 -0.023899
-0.011814 0.16919 0.13343 0.023556 0.0058017 -0.02998
-0.0042967 0.21721 0.14085 -0.00010661 -0.0035997 -0.020289
-0.0046972 0.21123 0.12969 0.013349 0.0012069 -0.023317
4.8827e-05 0.20779 0.13459 0.011167 -0.00097879 -0.02083
-0.0034861 0.20486 0.13929 0.0086817 -0.0034821 -0.017859
0.0091642 0.2121 0.098438 0.013574 -0.008102 -0.01727
0.00093496 0.20429 0.13568 0.01422 -0.015555 -0.023007
0.0055479 0.22525 0.061523 0.0029628 -0.010289 -0.022369
0.0016126 0.19521 0.098707 0.01337 -0.014566 -0.024482
0.0049586 0.20874 0.085939 0.0022046 -0.006328 -0.022587
0.0044766 0.24675 0.08438 0.0067392 -0.0089127 -0.021292
0.0065792 0.20258 0.10836 0.0078342 -0.0086869 -0.021704
0.0072112 0.19689 0.12339 -0.0036786 -0.0023906 -0.01718
0.010765 0.24831 0.12606 0.0051505 -0.011603 -0.019141
0.0080804 0.18658 0.14456 -0.026423 -0.0099882 -0.022506
0.0082977 0.20304 0.12667 0.0089812 -0.0090258 -0.023728
0.0067797 0.20253 0.13114 -0.0043865 -0.014876 -0.031384
0.0077464 0.21913 0.1354 -0.016649 -0.0024165 -0.021792
0.0037116 0.18478 0.11908 0.02767 -0.018125 -0.039508
0.00824 0.23078 0.13376 0.0022495 0.0013397 -0.021929
0.004802 0.19137 0.17267 -0.038535 -0.0013057 -0.020898
-0.0019238 0.19624 0.18241 -0.011739 0.010433 -0.020881
0.0065951 0.21112 0.19424 -0.054349 0.0047203 -0.015869
-0.0097529 0.15302 0.2468 -0.080205 0.024645 -0.010636
-0.0036717 0.19817 0.23018 -0.083378 0.015388 -0.018923
-0.0026868 0.18286 0.22444 -0.068109 0.0089177 -0.014092
-0.012323 0.14859 0.26438 -0.14036 0.030529 -0.015908
-0.0052532 0.18462 0.23018 -0.10222 0.023124 -0.013255
-0.017181 0.17376 0.24009 -0.13148 0.035212 -0.012269
-0.019407 0.15012 0.26016 -0.16042 0.056273 -0.010053
-0.033243 0.18633 0.22044 -0.11562 0.050252 -0.026742
-0.038073 0.17959 0.21056 -0.11074 0.062572 -0.021305
-0.034599 0.20252 0.19304 -0.087937 0.055877 -0.020865
-0.051557 0.18733 0.15809 -0.046441 0.045045 -0.049419
-0.042666 0.21764 0.15015 -0.049718 0.052752 -0.015843
-0.029698 0.20899 0.14041 -0.046382 0.045295 -0.0208
-0.049479 0.18862 0.15211 -0.063768 0.03974 -0.026171
-0.038316 0.19099 0.14968 -0.068575 0.060303 -0.013729
-0.03224 0.18978 0.15651 -0.087215 0.057582 -0.011923
-0.057727 0.16907 0.15246 -0.10545 0.064237 -0.029013
-0.056279 0.16148 0.14818 -0.11944 0.081265 -0.028009
-0.071228 0.16571 0.17324 -0.14124 0.096934 -0.029067
-0.082062 0.16764 0.13279 -0.18395 0.094528 -0.044327
-0.091932 0.1759 0.17459 -0.18437 0.11211 -0.038713
-0.083302 0.15402 0.16758 -0.19247 0.11725 -0.038151
-0.063056 0.2131 0.16115 -0.19994 0.10987 -0.033142
-0.065162 0.19912 0.155 -0.15707 0.11151 -0.029808
-0.030333 0.17481 0.17973 -0.16782 0.10767 -0.016102
-0.024735 0.20489 0.15856 -0.14607 0.10535 -0.010422
-0.035805 0.19479 0.17204 -0.13242 0.090384 -0.015065
-0.032454 0.15284 0.18239 -0.13964 0.098622 -0.0092497
-0.041941 0.18606 0.17631 -0.1315 0.087887 -0.016101
-0.051735 0.17271 0.18739 -0.12815 0.089919 -0.019038
-0.051596 0.17009 0.18737 -0.13526 0.096156 -0.020782
-0.047169 0.2022 0.17798 -0.13058 0.088404 -0.020934
-0.045411 0.17087 0.19283 -0.1286 0.1015 -0.021181
-0.043482 0.20105 0.18268 -0.13288 0.094417 -0.017745
-0.038186 0.19702 0.16695 -0.1015 0.090828 -0.0211
-0.038795 0.17958 0.15377 -0.089745 0.089932 -0.013949
-0.042693 0.18437 0.16561 -0.11038 0.091072 -0.022755
-0.035563 0.17823 0.13264 -0.064633 0.091594 -0.0082105
-0.047883 0.18992 0.16111 -0.14931 0.090764 -0.019848
-0.059599 0.12695 0.19929 -0.13223 0.11528 -0.024701
-0.05826 0.20301 0.2066 -0.20482 0.1178 -0.016846
-0.077964 0.14651 0.25854 -0.2121 0.12964 -0.037395
-0.08067 0.17661 0.26087 -0.2226 0.14145 -0.037156
-0.076945 0.18071 0.27027 -0.21676 0.14393 -0.031405
-0.079072 0.17784 0.26038 -0.20319 0.14007 -0.037812
-0.075834 0.18346 0.24712 -0.1945 0.14221 -0.031259
-0.06904 0.18128 0.22741 -0.17471 0.13705 -0.021485
-0.072119 0.16189 0.24354 -0.19397 0.13731 -0.025164
-0.074012 0.17383 0.23167 -0.19589 0.14212 -0.024414
-0.069886 0.17454 0.2313 -0.18454 0.13719 -0.020258
-0.076214 0.17038 0.23443 -0.17659 0.1348 -0.025386
-0.074932 0.17501 0.22862 -0.17858 0.12896 -0.025822
-0.077579 0.16142 0.22815 -0.14962 0.12242 -0.020393
-0.079189 0.14343 0.23201 -0.14098 0.112 -0.019981
-0.085013 0.17 0.24003 -0.1662 0.10843 -0.018786
-0.084654 0.10369 0.2671 -0.16847 0.11292 -0.016279
-0.086118 0.15631 0.26515 -0.17932 0.1094 -0.01748
-0.084691 0.17059 0.2555 -0.17947 0.10822 -0.01946
-0.081352 0.15667 0.25717 -0.18901 0.11269 -0.019327
-0.079616 0.18156 0.23338 -0.15606 0.10377 -0.025817
-0.078193 0.19582 0.21146 -0.14386 0.10563 -0.017533
-0.079305 0.18774 0.21891 -0.15051 0.1031 -0.025585
-0.080033 0.18126 0.22347 -0.14841 0.11331 -0.01812
-0.083546 0.17983 0.22078 -0.14361 0.1103 -0.020791
-0.081516 0.1712 0.24843 -0.17515 0.12798 -0.016048
-0.080834 0.15947 0.23386 -0.16914 0.12671 -0.02398
-0.081472 0.17618 0.22456 -0.15151 0.12477 -0.015386
-0.072326 0.16205 0.21962 -0.15678 0.13091 -0.025348
-0.072655 0.2214 0.18036 -0.14578 0.12045 -0.02189
-0.069791 0.20095 0.16854 -0.12479 0.1205 -0.025051
-0.061312 0.24066 0.15595 -0.13018 0.10773 -0.020704
-0.059192 0.2437 0.091934 -0.11233 0.11102 -0.023643
-0.05629 0.19813 0.1366 -0.14817 0.099571 -0.020676
-0.046943 0.18301 0.088974 -0.09195 0.091104 -0.013457
-0.049517 0.15638 0.12554 -0.11729 0.10436 -0.016842
-0.0433 0.13005 0.18104 -0.091351 0.096282 -0.02265
-0.042315 0.11467 0.1264 -0.05119 0.088868 -0.013289
-0.0475 0.18274 0.22421 -0.036276 0.096857 -0.033941
-0.040187 0.16059 0.14003 -0.018957 0.074256 -0.036219
-0.04112 0.2656 0.063529 -0.0012044 0.052193 -0.029462
-0.055226 0.20293 0.097174 -0.063456 0.067726 -0.040145
-0.040704 0.23494 0.0081063 -0.025046 0.049674 -0.025084
-0.053665 0.25346 -0.040957 -0.068513 0.065152 -0.008028
-0.049836 0.14102 0.029958 -0.10406 0.11494 -0.00041629
-0.041345 0.20816 -0.053245 -0.013157 0.10914 0.017932
-0.047379 0.18751 -0.0051886 -0.1044 0.12204 0.017356
-0.036454 0.16784 -0.043517 -0.065932 0.18451 0.024466
-0.038394 0.19817 -0.030334 -0.10039 0.12828 0.021922
-0.056547 0.18832 -0.02583 -0.1183 0.13255 0.0012002
-0.035899 0.19514 -0.021855 -0.17162 0.16127 0.010238
-0.056874 0.16048 -0.010529 -0.11942 0.088817 -0.0016747
-0.049547 0.16373 0.035667 -0.13218 0.10932 -0.0022052
-0.045247 0.21712 -0.0023232 -0.14638 0.08269 -0.0068553
-0.046604 0.11407 0.085773 -0.11347 0.080367 -0.00017932
-0.060116 0.19886 0.043749 -0.12874 0.070559 -0.010477
-0.05575 0.22169 0.060312 -0.1446 0.062166 -0.010637
-0.066891 0.15893 0.067938 -0.13284 0.060367 -0.018688
-0.073206 0.22605 0.031784 -0.10732 0.04758 -0.017088
-0.064189 0.20848 0.037878 -0.11709 0.046764 -0.018007
-0.057081 0.21487 0.024104 -0.083177 0.037831 -0.014381
-0.051968 0.18788 0.042723 -0.095954 0.043729 -0.0097782
-0.041884 0.21189 0.028092 -0.0752 0.046975 -0.0047928
-0.043446 0.21489 0.051943 -0.11384 0.058888 -0.0067365
-0.047747 0.19232 0.039153 -0.095856 0.06209 0.0012067
-0.054573 0.20739 0.023533 -0.10152 0.086941 -0.0052812
-0.061733 0.20566 0.034978 -0.12975 0.081828 0.0035268
-0.073497 0.17291 0.02965 -0.15114 0.11602 0.008683
-0.068115 0.18254 0.031233 -0.11533 0.092859 0.003654
-0.077268 0.14845 0.067171 -0.19985 0.12533 0.0090933
-0.073132 0.20755 0.023038 -0.15284 0.11085 0.0041455
-0.071939 0.15518 0.027439 -0.17325 0.11741 0.0010962
-0.067952 0.19394 -0.022843 -0.17149 0.11802 -0.0078443
-0.073451 0.22062 -0.068039 -0.135 0.12428 -0.0077229
-0.060816 0.18449 -0.10119 -0.15233 0.11575 0.00015885
-0.072635 0.17265 -0.034238 -0.15368 0.13262 -0.0071409
-0.081472 0.13968 0.083931 -0.32362 0.14586 -0.0021866
-0.078093 0.087414 0.22286 -0.50843 0.14307 0.02848
-0.097448 0.014803 0.46062 -0.72698 0.1708 0.0060886
-0.10844 -0.070699 0.67319 -1.1198 0.18106 0.032021
-0.098856 -0.066896 0.74971 -1.2046 0.17939 0.033389
-0.11092 -0.093716 0.79849 -1.2274 0.19097 0.02165
-0.10928 -0.080013 0.74582 -1.1196 0.20665 0.036551
-0.10252 0.047031 0.60106 -0.73506 0.23624 0.072974
-0.11188 0.08265 0.46506 -0.44775 0.26044 0.06417
-0.10961 0.13533 0.36681 -0.13728 0.26262 0.10368
-0.1097 0.20835 0.29208 0.048546 0.33174 0.15267
-0.1127 0.18468 0.28318 0.047431 0.27483 0.099456
-0.10659 0.16322 0.29621 0.032543 0.2856 0.11729
-0.1048 0.15863 0.31534 -0.027952 0.28192 0.10555
-0.10343 0.1545 0.29327 -0.10533 0.25594 0.072936
-0.10124 0.12779 0.29838 -0.14145 0.25061 0.066141
-0.10415 0.11727 0.30025 -0.14035 0.26834 0.079108
-0.099849 0.17503 0.21557 -0.18386 0.25174 0.069894
-0.10772 0.14031 0.25235 -0.18327 0.24053 0.057873
-0.097957 0.13857 0.23966 -0.21741 0.25565 0.067068
-0.098252 0.20132 0.19764 -0.22222 0.21678 0.046576
-0.095961 0.14256 0.23441 -0.22562 0.22955 0.0411
-0.089186 0.18403 0.20783 -0.20879 0.22728 0.052496
-0.084781 0.16894 0.22543 -0.22048 0.23468 0.049181
-0.09114 0.14092 0.23725 -0.20798 0.24154 0.053275
-0.087121 0.1777 0.22384 -0.21045 0.24903 0.057075
-0.090043 0.13642 0.25018 -0.19719 0.25387 0.061429
-0.095077 0.1448 0.24904 -0.22948 0.25476 0.049485
-0.095394 0.1528 0.24269 -0.18677 0.25162 0.057842
-0.093887 0.14267 0.24948 -0.18822 0.25528 0.053421
-0.097587 0.14874 0.25819 -0.20099 0.26078 0.056532
-0.09621 0.15811 0.25359 -0.1751 0.24953 0.050619
-0.10083 0.13122 0.27687 -0.20289 0.27199 0.052522
-0.10066 0.17507 0.25022 -0.19029 0.26036 0.047849
-0.10286 0.15781 0.24399 -0.19956 0.25521 0.047394
-0.10507 0.14235 0.25826 -0.22004 0.28297 0.040506
-0.10256 0.17846 0.20124 -0.17544 0.2566 0.053687
-0.098358 0.18381 0.2085 -0.20158 0.26549 0.042828
-0.10272 0.1321 0.20938 -0.1832 0.26547 0.040606
-0.1029 0.17745 0.18882 -0.19605 0.26456 0.042726
-0.094364 0.15953 0.19721 -0.17356 0.23864 0.033248
-0.11575 0.1568 0.15995 -0.21633 0.24703 0.02506
-0.10683 0.1277 0.20939 -0.1828 0.24748 0.027682
-0.10871 0.19145 0.16098 -0.20507 0.23157 0.031957
-0.12313 0.16754 0.16605 -0.18548 0.23017 0.026283
-0.10398 0.15033 0.19034 -0.18093 0.25121 0.039132
-0.1135 0.17942 0.16481 -0.163 0.22735 0.041311
-0.1022 0.19459 0.15721 -0.16052 0.23531 0.046602
-0.10135 0.1542 0.15961 -0.14637 0.22837 0.044403
-0.10149 0.16012 0.16911 -0.14806 0.23925 0.045003
-0.10533 0.18072 0.18718 -0.17655 0.23722 0.039023
-0.10569 0.16108 0.22374 -0.20659 0.23842 0.032662
-0.11959 0.13354 0.26775 -0.21827 0.26183 0.022069
-0.11195 0.14814 0.26126 -0.21028 0.25608 0.042465
-0.11211 0.13051 0.2587 -0.20157 0.2633 0.04138
-0.118 0.13817 0.22737 -0.19601 0.23582 0.035454
-0.10387 0.10094 0.14698 -0.064654 0.27507 0.079275
-0.10743 0.15602 0.1403 -0.1591 0.22133 0.040627
-0.11458 0.10368 0.14176 -0.099563 0.25648 0.042224
-0.10878 0.18853 0.057418 -0.11811 0.23822 0.038306
-0.1125 0.12439 0.15697 -0.12741 0.24572 0.021605
-0.10749 0.17788 0.079225 -0.15225 0.24546 0.015544
-0.11004 0.18992 0.089581 -0.12608 0.23824 0.023148
-0.10206 0.11653 0.13331 -0.15746 0.24403 0.017435
-0.10554 0.18478 0.07934 -0.13613 0.25617 0.025765
-0.11578 0.14707 0.15929 -0.20767 0.26238 0.013656
-0.11188 0.14749 0.16593 -0.19346 0.27583 0.023177
-0.12295 0.21547 0.14208 -0.2202 0.28589 0.01404
-0.12081 0.20193 0.17086 -0.23484 0.29512 0.025213
-0.12389 0.20851 0.14759 -0.22988 0.28334 0.016547
-0.1265 0.18932 0.15503 -0.23162 0.29761 0.024124
-0.13018 0.1929 0.15492 -0.22024 0.29117 0.019156
-0.13607 0.14889 0.19399 -0.22771 0.29311 0.016464
-0.14107 0.1268 0.21655 -0.2196 0.31044 0.017742
-0.14104 0.16993 0.22104 -0.21813 0.29802 0.014466
-0.14272 0.14599 0.23529 -0.21318 0.30563 0.02296
-0.13609 0.15441 0.23286 -0.21736 0.30426 0.019662
-0.14048 0.15094 0.23521 -0.21763 0.30339 0.021785
-0.13178 0.15611 0.23069 -0.20848 0.30218 0.02635
-0.13603 0.15186 0.22286 -0.20222 0.30032 0.01594
-0.13592 0.13627 0.23428 -0.20896 0.31106 0.019338
-0.13238 0.17251 0.21039 -0.18298 0.30249 0.015513
-0.13535 0.14965 0.21353 -0.18669 0.30466 0.017429
-0.13191 0.16414 0.19675 -0.18454 0.30262 0.017366
-0.12923 0.16153 0.20408 -0.18101 0.29935 0.025498
-0.13132 0.14159 0.20294 -0.17999 0.30165 0.026851
-0.12351 0.17165 0.20029 -0.18123 0.29091 0.029021
-0.12685 0.12894 0.22002 -0.18384 0.30451 0.029511
-0.12713 0.15363 0.22692 -0.18288 0.30076 0.024055
-0.12202 0.14985 0.22382 -0.18221 0.30295 0.022673
-0.132 0.12424 0.24877 -0.18552 0.31707 0.015943
-0.12501 0.16043 0.23274 -0.18313 0.30348 0.023159
-0.12746 0.1288 0.24833 -0.18906 0.31644 0.017056
-0.12767 0.13363 0.24229 -0.17919 0.31463 0.025674
-0.11955 0.16037 0.22652 -0.1825 0.29939 0.02897
-0.12528 0.11365 0.25577 -0.18391 0.31886 0.026413
-0.11668 0.15482 0.22572 -0.17859 0.30373 0.028563
-0.12084 0.13614 0.25202 -0.18417 0.31326 0.028097
-0.11887 0.13889 0.245 -0.19098 0.31569 0.029593
-0.11891 0.14588 0.24204 -0.17995 0.31426 0.025605
-0.12132 0.12839 0.25928 -0.19892 0.32463 0.029894
-0.11934 0.14676 0.25136 -0.20334 0.31614 0.032668
-0.12276 0.12231 0.26289 -0.2038 0.3158 0.025584
-0.12443 0.12564 0.268 -0.21247 0.31756 0.029897
-0.12193 0.13531 0.2717 -0.1887 0.30277 0.030591
-0.12729 0.10986 0.29955 -0.2499 0.31979 0.034237
-0.12319 0.12764 0.26157 -0.1471 0.29182 0.032754
-0.12819 0.12106 0.27985 -0.18568 0.3194 0.03791
-0.12023 0.11201 0.33633 -0.23884 0.30137 0.046014
-0.12523 0.09456 0.4757 -0.43491 0.30491 0.044172
-0.1286 0.067084 0.4632 -0.3738 0.32132 0.031427
-0.12656 0.049595 0.82 -0.8899 0.32158 0.060418
-0.13985 -0.064662 0.91406 -1.0244 0.33679 0.039858
-0.155 -0.081658 1.0562 -1.3157 0.37438 0.041701
-0.16196 -0.1462 1.1858 -1.4797 0.37354 0.046423
-0.17586 -0.19206 1.1884 -1.5413 0.3912 0.023357
-0.17964 -0.13986 1.1097 -1.3706 0.38977 -0.00086885
-0.18792 -0.16508 1.1396 -1.411 0.41171 0.0055205
-0.16417 0.019452 0.75343 -0.58392 0.329 -0.050895
-0.15869 0.0081878 0.7851 -0.81318 0.35223 -0.025336
-0.14291 0.11481 0.53714 -0.40305 0.32656 -0.025914
-0.11948 0.15708 0.32937 -0.12932 0.27653 -0.041853
-0.10137 0.21203 0.19673 -0.26329 0.2817 -0.005685
-0.10427 0.16828 0.1892 -0.26836 0.29758 -0.011701
-0.090735 0.19184 0.089461 -0.2191 0.28377 -0.010153
-0.09416 0.20699 0.093982 -0.27384 0.29397 -0.005501
-0.10059 0.14729 0.16133 -0.31156 0.31247 -0.0109
-0.10456 0.16624 0.17798 -0.30383 0.31393 -0.0087991
-0.10476 0.15414 0.20043 -0.2977 0.31696 -0.011475
-0.11135 0.13403 0.22718 -0.31159 0.3257 -0.013983
-0.10833 0.1587 0.23261 -0.32355 0.32769 -0.011892
-0.10643 0.13909 0.23654 -0.33461 0.32813 -0.017168
-0.10895 0.14374 0.24542 -0.34317 0.33835 -0.013555
-0.11035 0.12083 0.28363 -0.35328 0.3538 -0.016436
-0.11485 0.10608 0.31632 -0.36966 0.37182 -0.01724
-0.11951 0.12772 0.26761 -0.33459 0.35932 -0.015847
-0.12221 0.11389 0.30257 -0.36078 0.38664 -0.019355
-0.11915 0.12861 0.25441 -0.3484 0.37291 -0.0092038
-0.10144 0.20449 0.091603 -0.29589 0.30373 -0.018351
-0.089397 0.16229 0.12529 -0.3303 0.32479 -0.00081936
-0.073033 0.15921 0.074771 -0.30144 0.28254 0.0029536
-0.063934 0.20462 0.02819 -0.28248 0.2517 -0.0092248
-0.062001 0.12622 0.10932 -0.29057 0.25865 0.0013637
-0.071388 0.14817 0.14468 -0.29662 0.27415 -0.0082541
-0.081658 0.15132 0.16158 -0.29073 0.26039 -0.020102
-0.077728 0.16028 0.18515 -0.30142 0.26529 -0.018357
-0.079958 0.14702 0.23467 -0.31666 0.29825 -0.016272
-0.076189 0.16348 0.20721 -0.28505 0.27192 -0.018487
-0.054608 0.19923 0.19679 -0.28134 0.27557 -0.015998
-0.067988 0.15557 0.21139 -0.28628 0.28422 -0.014502
-0.062959 0.17212 0.19006 -0.30308 0.2693 -0.022651
-0.071262 0.16287 0.19589 -0.33197 0.2656 -0.02096
-0.095224 0.16323 0.2001 -0.33525 0.26094 -0.030345
-0.096934 0.085473 0.27308 -0.4911 0.29316 -0.02836
-0.10792 0.16103 0.25232 -0.32748 0.25821 -0.024044
-0.11721 0.1218 0.27685 -0.42314 0.28958 -0.027129
-0.11803 0.14018 0.25541 -0.34183 0.28634 -0.019139
-0.1131 0.1716 0.21787 -0.30892 0.28736 -0.025622
-0.12484 0.16152 0.21558 -0.2418 0.28082 -0.018142
-0.11213 0.18261 0.13446 -0.2906 0.29418 -0.023706
-0.11924 0.16364 0.20144 -0.27512 0.29135 -0.017051
-0.11146 0.14874 0.18767 -0.2726 0.29989 -0.017439
-0.10912 0.18244 0.17219 -0.31076 0.29894 -0.0077904
-0.10756 0.15207 0.21125 -0.29982 0.30357 -0.010231
-0.1014 0.16217 0.20783 -0.3021 0.31082 0.0024785
-0.099911 0.18247 0.17333 -0.27887 0.30142 -0.0018889
-0.10511 0.17562 0.20021 -0.27442 0.30398 0.0027241
-0.099243 0.17116 0.19838 -0.2894 0.30953 0.0049765
-0.10977 0.18723 0.19116 -0.25435 0.30638 0.0082009
-0.11346 0.15132 0.24119 -0.31715 0.32793 -0.004788
-0.11431 0.16713 0.23823 -0.31432 0.33219 0.0084789
-0.11573 0.15973 0.24391 -0.33294 0.34911 0.0025149
-0.1189 0.13026 0.26777 -0.34361 0.35959 -0.0014475
-0.12015 0.15533 0.26594 -0.3908 0.36465 -0.0015835
-0.11508 0.12533 0.27455 -0.39253 0.35573 -0.0016163
-0.13364 0.13077 0.25386 -0.3416 0.3493 -0.011239
-0.12477 0.11495 0.31814 -0.50469 0.36411 -0.010519
-0.1409 0.12454 0.26035 -0.33985 0.32461 -0.017198
-0.12802 0.12014 0.2751 -0.38133 0.33277 -0.0088043
-0.13195 0.16284 0.20508 -0.31627 0.30072 -0.015367
-0.11512 0.14123 0.17771 -0.23191 0.2616 -0.019621
-0.11456 0.14713 0.18416 -0.22465 0.23583 -0.014594
-0.10511 0.20761 0.056774 -0.15883 0.20769 -0.037744
-0.10708 0.16111 0.14353 -0.24876 0.20132 -0.033482
-0.11054 0.18533 0.14194 -0.23828 0.19908 -0.044403
-0.10433 0.23046 0.055406 -0.30145 0.2248 -0.043298
-0.10422 0.19467 0.093894 -0.2947 0.22464 -0.036037
-0.095381 0.21881 0.015482 -0.30203 0.24884 -0.027848
