-6.6932e-05 -0.0044024 0.0012144 -0.0032592 0.00024091 -1.1986e-05
0.00032402 0.031092 0.00083103 -0.0084496 -0.0020464 0.002865
-0.00047673 0.085611 0.0036558 -0.020393 0.0058911 0.0066452
0.000114 0.096022 0.060828 -0.024986 0.0037961 0.0035653
0.0017942 0.15043 0.08747 -0.032062 0.012953 0.0025165
0.0057045 0.22026 0.12972 -0.03416 0.0058094 -0.00021417
0.007447 0.17359 0.15063 -0.039652 0.0058228 -0.00078597
0.0056574 0.17462 0.18055 -0.051753 0.0008514 0.00059125
0.00043474 0.12722 0.2023 -0.043023 0.0039941 0.0054886
0.0027291 0.19404 0.1869 -0.040049 0.00065871 0.0039767
0.00044466 0.23975 0.16921 -0.029548 0.002155 0.0060061
0.0073158 0.21426 0.15299 -0.033426 -9.3676e-05 0.0034354
0.00090643 0.18387 0.17243 -0.034364 -0.0020204 0.0023549
0.0039205 0.16415 0.16661 -0.025474 -0.0001529 0.0066244
0.0015161 0.21821 0.15998 -0.016963 -0.005782 -0.00041696
0.004837 0.20091 0.14383 -0.0056661 -0.001056 0.0035034
0.0037166 0.20341 0.15477 -0.010367 -0.0005474 0.0010192
0.0070417 0.16079 0.14124 -0.014022 0.00067387 0.0062202
0.010474 0.21678 0.13214 -0.032152 -0.0032213 0.008996
0.01785 0.17967 0.11469 -0.044251 -0.013623 0.0049535
0.022621 0.20276 0.1305 -0.056707 -0.021187 0.0045897
0.027252 0.15788 0.13293 -0.058896 -0.02918 0.00018257
0.025294 0.19146 0.14726 -0.059371 -0.021197 0.0016794
0.024982 0.16891 0.15113 -0.046537 -0.019972 -0.0028668
0.019631 0.16603 0.17979 0.0044541 -0.0060214 0.0068367
0.021357 0.18809 0.16016 0.072419 -0.0034796 0.014034
0.023551 0.25697 0.12007 0.15067 0.0063159 0.037747
0.020027 0.24517 0.091797 0.16942 0.017451 0.048364
0.017417 0.24395 0.089206 0.16696 0.025508 0.057391
0.008828 0.16939 0.1352 0.1483 0.031558 0.058431
0.012101 0.23727 0.12282 0.14829 0.031612 0.053194
0.012769 0.24071 0.13455 0.15076 0.028233 0.049505
0.018247 0.21946 0.11188 0.14165 0.02674 0.042517
0.019313 0.19026 0.10339 0.13828 0.029228 0.037215
0.013587 0.15918 0.16605 0.1034 0.045094 0.034684
0.019107 0.24911 0.10386 0.10623 0.043384 0.027989
0.0082477 0.2674 0.18197 0.049705 0.051474 0.026042
0.01922 0.23157 0.064659 0.053086 0.020903 0.025862
0.0091592 0.20272 0.099184 0.024721 0.027572 0.026212
0.011504 0.15949 0.081253 0.037651 0.01627 0.030582
0.0088902 0.23007 0.10264 0.047357 0.02954 0.026122
0.011604 0.25479 0.1144 0.044249 0.020161 0.027083
0.01497 0.23392 0.10718 0.042328 0.01612 0.024764
0.017074 0.20419 0.10659 0.024347 0.0048357 0.02548
0.015909 0.17076 0.14055 0.010656 0.0060931 0.025985
0.020306 0.20002 0.12682 0.0088605 0.0023573 0.025434
0.019713 0.20821 0.13672 0.0032506 0.0073622 0.025613
0.018707 0.19918 0.12971 0.016342 0.0073794 0.025685
0.014085 0.17593 0.14334 0.0069873 0.011186 0.025435
0.012999 0.19978 0.13042 0.015515 0.0083097 0.025894
0.017366 0.1998 0.11908 0.0020244 0.0058462 0.025583
0.018679 0.18404 0.11528 0.01902 0.001259 0.024779
0.020663 0.15283 0.13875 0.021291 0.0035502 0.026897
0.017927 0.16707 0.13334 0.036639 0.0058633 0.026265
0.017884 0.23329 0.12031 0.033063 0.01553 0.027307
0.017257 0.22163 0.094717 0.027992 0.017282 0.026922
0.012066 0.2174 0.12256 0.024403 0.021352 0.018615
0.010664 0.14748 0.14689 0.024684 0.017453 0.02343
0.01071 0.22343 0.13902 0.028767 0.012866 0.014723
0.011909 0.1974 0.13733 0.030238 0.0084422 0.025582
0.017307 0.22111 0.11109 0.030857 0.0078064 0.022325
0.012091 0.16664 0.1518 0.028801 0.0068548 0.027614
0.01742 0.19667 0.14376 0.03294 0.011544 0.026587
0.014646 0.2378 0.14764 0.04152 0.0065678 0.027196
0.013916 0.21107 0.14297 0.046593 0.011074 0.025907
0.018018 0.2118 0.1506 0.063505 0.012549 0.028181
0.015819 0.15699 0.16693 0.055654 0.017084 0.023259
0.027299 0.23352 0.14954 0.063495 0.019376 0.023044
0.023726 0.19847 0.1434 0.046941 0.012395 0.019101
0.021621 0.20787 0.13746 0.039311 0.011459 0.015544
0.015954 0.15849 0.16324 0.032256 0.0064248 0.022019
0.017951 0.18256 0.16564 0.038142 0.0078631 0.01919
0.022851 0.2398 0.15885 0.025712 0.013356 0.023161
0.028628 0.24276 0.098228 0.024658 0.022226 0.021906
0.023491 0.22818 0.077778 -0.032708 0.037746 0.017317
0.014066 0.15375 0.042796 -0.016102 0.047832 0.025104
0.0089447 0.15704 0.082974 -0.030496 0.051147 0.022088
0.0070326 0.18424 0.073162 0.018253 0.052569 0.027406
0.011817 0.25138 0.076902 0.020745 0.050611 0.025966
0.012058 0.21909 0.068669 0.01673 0.05257 0.024728
0.0044853 0.20883 0.074169 0.014202 0.053151 0.026617
0.0072117 0.15624 0.091399 0.0032501 0.047976 0.025126
0.0048476 0.22605 0.064526 0.018403 0.045477 0.023457
0.012757 0.19618 0.064187 0.0079888 0.047261 0.030089
0.0064291 0.19077 0.059257 0.014378 0.051014 0.026333
0.0041801 0.13487 0.10716 0.006611 0.064365 0.036761
0.0020131 0.17083 0.099735 0.017874 0.057966 0.030217
-0.00059609 0.23166 0.10993 0.027237 0.068935 0.040421
-0.00080615 0.20757 0.099778 0.044037 0.073839 0.044587
-0.012237 0.20309 0.13274 0.060965 0.0927 0.061636
-0.012869 0.14318 0.13851 0.074766 0.10937 0.067445
-0.01641 0.21595 0.12943 0.076894 0.10551 0.076173
-0.013376 0.19571 0.091624 0.068579 0.11227 0.067516
-0.014478 0.17861 0.11303 0.058999 0.1074 0.070657
-0.013964 0.14461 0.11855 0.047968 0.11575 0.061919
-0.018444 0.15659 0.14836 0.05984 0.11556 0.074594
-0.015143 0.23274 0.12087 0.059624 0.1067 0.06371
-0.022911 0.20154 0.12153 0.076984 0.10183 0.072675
-0.02018 0.20087 0.12126 0.078237 0.094956 0.065222
-0.024185 0.15445 0.13302 0.084153 0.094903 0.06642
-0.02167 0.21232 0.11117 0.083799 0.093392 0.063986
-0.018969 0.20448 0.11387 0.080696 0.097952 0.058274
-0.020312 0.20554 0.1025 0.084753 0.10049 0.062534
-0.018307 0.17273 0.1228 0.088602 0.11717 0.071558
-0.019397 0.20083 0.088968 0.090083 0.10791 0.075763
-0.018478 0.19089 0.088306 0.088712 0.11806 0.075659
-0.018763 0.18395 0.089426 0.081086 0.099518 0.073014
-0.019196 0.15179 0.10995 0.080221 0.10876 0.069421
-0.016583 0.19446 0.10075 0.08243 0.094705 0.063775
-0.018985 0.19271 0.093261 0.078064 0.10601 0.066045
-0.019883 0.19006 0.093802 0.090937 0.10125 0.059906
-0.028591 0.14601 0.14675 0.096323 0.12106 0.0814
-0.029327 0.17204 0.1233 0.11288 0.11436 0.080086
-0.031923 0.21397 0.13248 0.11621 0.11998 0.088583
-0.032313 0.19267 0.10201 0.1073 0.11429 0.082383
-0.033709 0.17674 0.14447 0.1081 0.11707 0.085533
-0.033781 0.14004 0.16352 0.10894 0.12068 0.086449
-0.03299 0.20957 0.15106 0.11434 0.11874 0.089165
-0.031782 0.19681 0.14985 0.11375 0.12412 0.081944
-0.033918 0.1957 0.14225 0.10989 0.13019 0.083153
-0.035385 0.1602 0.16226 0.11028 0.13331 0.080471
-0.034 0.19425 0.14055 0.1144 0.13516 0.082061
-0.03537 0.20706 0.13303 0.1153 0.1382 0.082522
-0.033116 0.19082 0.1384 0.11597 0.14187 0.083863
-0.036056 0.163 0.15471 0.11769 0.14155 0.086742
-0.034203 0.18198 0.14372 0.11998 0.1299 0.08678
-0.034654 0.18707 0.13157 0.11911 0.12059 0.08365
-0.033575 0.19094 0.12088 0.12264 0.12191 0.080893
-0.03368 0.15981 0.13714 0.11847 0.12582 0.0806
-0.033431 0.18924 0.12146 0.12057 0.12894 0.082215
-0.034347 0.18574 0.11564 0.10653 0.1329 0.082441
-0.03431 0.19809 0.11333 0.10522 0.12927 0.080028
-0.035513 0.16821 0.1317 0.10685 0.13809 0.085334
-0.033296 0.19784 0.1288 0.1198 0.13257 0.083873
-0.035465 0.19205 0.13504 0.12951 0.13842 0.09897
-0.033585 0.18652 0.1229 0.12796 0.13439 0.096876
-0.038274 0.16304 0.13645 0.12973 0.14126 0.10494
-0.033959 0.18172 0.11311 0.12966 0.13217 0.10224
-0.036671 0.176 0.11547 0.13287 0.13914 0.099119
-0.034036 0.18976 0.11705 0.13713 0.12674 0.10042
-0.03595 0.15468 0.12358 0.13846 0.12977 0.095816
-0.036835 0.19872 0.11928 0.14069 0.13008 0.10003
-0.03472 0.16909 0.11091 0.13665 0.13127 0.096192
-0.035708 0.18783 0.1247 0.1344 0.1412 0.10324
-0.033028 0.15821 0.13049 0.13391 0.13286 0.097357
-0.033815 0.20621 0.1243 0.14057 0.13461 0.10294
-0.034623 0.1889 0.119 0.13885 0.13207 0.095332
-0.036705 0.19212 0.13404 0.14153 0.14417 0.099753
-0.036109 0.16361 0.14339 0.14029 0.14511 0.097809
-0.035658 0.20625 0.13275 0.14655 0.14977 0.09959
-0.033941 0.19658 0.11491 0.14837 0.14267 0.096304
-0.035996 0.18617 0.12096 0.1506 0.1401 0.096906
-0.037096 0.15154 0.13797 0.14776 0.14151 0.094933
-0.033016 0.1881 0.1308 0.15401 0.13885 0.094864
-0.035776 0.21096 0.1199 0.15245 0.14798 0.095339
-0.036256 0.20325 0.11502 0.15259 0.15272 0.097863
-0.045201 0.17257 0.13451 0.14857 0.15719 0.10232
-0.045309 0.17006 0.12749 0.148 0.15491 0.10716
-0.041554 0.1876 0.11572 0.14637 0.14663 0.10201
-0.039137 0.1825 0.098236 0.15312 0.14155 0.1014
-0.03578 0.17005 0.1077 0.14298 0.13897 0.097164
-0.037817 0.17464 0.12192 0.14216 0.13257 0.092324
-0.037735 0.19821 0.11724 0.17546 0.14282 0.097909
-0.032909 0.20146 0.092806 0.18309 0.12747 0.086172
-0.026744 0.20254 0.037416 0.2232 0.12711 0.085615
-0.0085304 0.20734 -0.033116 0.15383 0.085237 0.061339
0.002169 0.2216 -0.052468 0.10668 0.061324 0.052521
0.0054972 0.17061 -0.04374 0.053473 0.04904 0.042853
-0.0018403 0.15232 0.020155 0.063419 0.057303 0.058967
-0.01142 0.12408 0.048449 0.094508 0.069771 0.071291
0.00014543 0.20214 0.040323 0.10391 0.038791 0.079926
0.013664 0.18531 0.037188 0.074336 -0.0093808 0.073442
0.026362 0.17882 0.021317 0.059782 -0.039503 0.057482
0.022379 0.13387 0.061468 0.072474 -0.029759 0.048424
0.0026268 0.16752 0.040752 0.12356 0.082755 0.040953
-0.0050735 0.22336 0.056292 0.17101 0.12534 0.048304
-0.014834 0.21199 0.022083 0.16183 0.18483 0.045843
-0.010705 0.17717 0.062217 0.15348 0.095845 0.057667
-0.0022612 0.13116 0.10272 0.12031 0.047098 0.04855
-0.0007077 0.15331 0.12374 0.1228 0.0050785 0.051223
0.011519 0.20492 0.13798 0.11682 0.0094281 0.04534
0.0048995 0.17788 0.10226 0.10032 0.025597 0.046788
0.0018161 0.16886 0.1314 0.1037 0.020899 0.049002
0.00087314 0.11628 0.14821 0.12409 0.038677 0.045402
-0.0052722 0.1943 0.15429 0.15346 0.056228 0.038673
0.0022005 0.21543 0.13381 0.17976 0.08096 0.033081
-0.0074254 0.21908 0.15535 0.15129 0.076224 0.039083
-0.01251 0.16793 0.16983 0.17326 0.056624 0.04766
-0.013887 0.14216 0.23325 0.15441 0.054675 0.057187
-0.01423 0.18582 0.16788 0.20558 0.045002 0.057439
-0.0063364 0.1983 0.1662 0.17877 0.045343 0.051984
-0.010116 0.18999 0.1364 0.19137 0.039329 0.048415
-0.012089 0.16597 0.17333 0.17468 0.025761 0.046628
-0.013074 0.17093 0.16716 0.17061 0.028356 0.045706
-0.0099299 0.19017 0.15821 0.16979 0.018622 0.045717
-0.0091718 0.1779 0.14111 0.15604 0.020514 0.046281
-0.0060694 0.16781 0.16107 0.16565 0.021611 0.047331
-0.0078169 0.17464 0.14885 0.16733 0.027481 0.053505
-0.0024584 0.1827 0.15107 0.17178 0.028059 0.059358
-0.0048819 0.19032 0.13406 0.16768 0.031121 0.062637
-0.0033539 0.17438 0.13915 0.16833 0.032268 0.062745
-2.1426e-05 0.19053 0.13355 0.1595 0.021943 0.059088
0.0036105 0.16767 0.13297 0.16093 0.014537 0.062663
0.011109 0.17546 0.1359 0.1428 -0.014525 0.067201
0.010702 0.14602 0.14068 0.14792 -0.015853 0.066734
0.013009 0.18513 0.1416 0.1347 -0.026684 0.062961
0.015101 0.15857 0.14927 0.14256 -0.014656 0.053932
0.016665 0.17326 0.15446 0.13882 -0.022706 0.064792
0.022578 0.14987 0.1504 0.13771 -0.021971 0.059573
0.021239 0.18178 0.13703 0.13503 -0.034992 0.067082
0.022324 0.17225 0.12145 0.12471 -0.031683 0.057157
0.016134 0.1771 0.13005 0.13109 -0.028802 0.064436
0.016621 0.17152 0.11587 0.12291 -0.019384 0.06587
0.010892 0.18023 0.13143 0.12761 -0.0085374 0.064595
0.0091381 0.17773 0.11985 0.12421 0.0036832 0.063087
-0.00040517 0.16618 0.13838 0.12854 0.020928 0.061903
-0.0022182 0.17536 0.10848 0.11847 0.030583 0.069557
-0.007083 0.1666 0.09108 0.11407 0.0406 0.068521
-0.0094771 0.17065 0.075084 0.098191 0.034014 0.068945
-0.012389 0.14428 0.078572 0.11385 0.03731 0.070243
-0.011624 0.19167 0.073117 0.1133 0.029115 0.070587
-0.0057971 0.17347 0.071635 0.11798 0.027506 0.070131
-0.0033373 0.1927 0.0754 0.11547 0.023061 0.065401
-0.0038437 0.15487 0.089343 0.11565 0.022442 0.060827
-0.0030713 0.17511 0.08798 0.11298 0.026311 0.062969
-0.0023443 0.16523 0.076898 0.11266 0.027488 0.06191
0.0019717 0.16696 0.066252 0.099634 0.027482 0.062134
0.0013677 0.15566 0.054997 0.10029 0.025191 0.062816
0.0031941 0.18148 0.052091 0.10887 0.023799 0.054755
0.00038953 0.16678 0.035665 0.092753 0.029114 0.055519
0.0046097 0.1682 0.058106 0.10724 0.025218 0.054416
0.0016983 0.15233 0.031519 0.085673 0.032847 0.066527
0.0084387 0.19698 0.050865 0.092492 0.025365 0.07517
0.0078098 0.16312 0.037412 0.081716 0.028532 0.075345
0.0095649 0.16793 0.068711 0.070481 0.020696 0.066704
0.0098804 0.12733 0.067301 0.064796 0.020553 0.063122
0.0074315 0.19265 0.060526 0.062898 0.021363 0.058359
0.006964 0.17522 0.051555 0.064099 0.030961 0.06859
0.0053042 0.18972 0.048801 0.07185 0.035789 0.068116
0.0079903 0.14967 0.042628 0.073335 0.037423 0.069914
0.011617 0.18361 0.020044 0.067125 0.033529 0.067472
0.013662 0.16374 0.026446 0.063785 0.0309 0.057839
0.011744 0.16059 0.043943 0.061485 0.033789 0.06
0.0096693 0.13465 0.061678 0.066598 0.036422 0.058139
0.013215 0.1574 0.056659 0.070573 0.03646 0.065925
0.013257 0.1419 0.044589 0.069494 0.03328 0.067253
0.019397 0.14036 0.048526 0.060028 0.018839 0.06175
0.019977 0.12707 0.045581 0.0559 0.0097748 0.056045
0.026584 0.15494 0.024417 0.034617 -0.008289 0.04258
0.029715 0.14622 0.010049 0.028836 -0.010828 0.044182
0.031037 0.13752 0.0030378 0.012247 -0.017307 0.029935
0.033338 0.12663 0.0025036 0.014946 -0.017278 0.036503
0.032533 0.15565 -0.00084345 0.010993 -0.020097 0.021015
0.03435 0.13856 -0.0035503 0.012755 -0.019377 0.029944
0.031726 0.14285 0.0050586 0.012711 -0.024296 0.018918
0.034536 0.1156 0.013234 0.0027169 -0.027482 0.028886
0.035156 0.16913 -0.017903 0.020685 -0.024953 0.023321
0.035034 0.15129 -0.028922 0.02953 -0.020292 0.040462
0.027209 0.15427 -0.045723 0.070251 0.01275 0.043512
0.020537 0.13745 -0.039955 0.081808 0.017902 0.060068
0.016819 0.17416 -0.041816 0.077892 0.040862 0.049239
0.015441 0.16869 -0.044447 0.06913 0.032008 0.055451
0.016394 0.16041 -0.032459 0.050083 0.036092 0.042807
0.013324 0.11705 -0.016882 0.055125 0.032961 0.056198
0.01773 0.1695 -0.026445 0.057113 0.033927 0.055508
0.018086 0.1549 -0.040469 0.051843 0.036014 0.059553
0.020288 0.15054 -0.039403 0.05627 0.035555 0.058375
0.017163 0.10557 -0.03425 0.052249 0.039056 0.05137
0.017516 0.1277 -0.0091734 0.066308 0.032817 0.048104
0.01953 0.19841 -0.024091 0.079303 0.03324 0.044178
0.021935 0.18676 -0.011401 0.070584 0.02317 0.041705
0.021402 0.15494 -0.012283 0.060021 0.023801 0.039491
0.018471 0.060539 0.013226 0.050053 0.026746 0.045264
0.017608 0.08634 0.018518 0.047988 0.036475 0.046389
0.017622 0.12725 0.012568 0.071549 0.039529 0.063321
0.019677 0.22658 -0.01428 0.06863 0.033873 0.064302
0.016587 0.22282 -0.033112 0.068312 0.023658 0.070221
0.017363 0.19106 -0.035356 0.06064 0.016325 0.067187
0.01117 0.147 -0.010241 0.050234 0.016124 0.065423
0.01393 0.14104 8.1801e-05 0.067815 0.01545 0.065426
0.0087557 0.17983 0.00587 0.072674 0.01558 0.063671
0.010551 0.1647 0.0018997 0.080496 0.016049 0.061344
0.01014 0.15206 0.0088573 0.081093 0.016646 0.06014
0.015383 0.13875 0.013863 0.072743 0.016362 0.055048
0.023018 0.1778 0.0034283 0.075373 0.011112 0.05573
0.02837 0.17692 -0.0016597 0.072753 0.0038776 0.050562
0.033154 0.16774 -0.0022256 0.064172 -0.0030124 0.050879
0.032933 0.12642 0.021362 0.07051 -0.0064285 0.046689
0.034092 0.13752 0.027573 0.066496 -0.0063656 0.044899
0.035894 0.17114 0.010821 0.080915 -0.010441 0.046422
0.036358 0.17894 -0.0055767 0.071816 -0.011808 0.045583
0.035764 0.14038 -0.0056838 0.077761 -0.016162 0.050332
0.030921 0.10761 0.042497 0.071973 -0.0069249 0.051835
0.026019 0.088859 0.093278 0.0937 0.0030456 0.053709
0.028104 0.15926 0.075455 0.094532 0.013333 0.053011
0.028313 0.17107 0.081214 0.10851 0.015182 0.047706
0.031035 0.18371 0.029026 0.1078 0.015839 0.046447
0.029891 0.14724 0.088535 0.10974 0.015988 0.045922
0.026017 0.16288 0.072626 0.1146 0.019072 0.045924
0.02965 0.1765 0.10228 0.11167 0.019191 0.04573
0.024698 0.17455 0.078335 0.11566 0.016756 0.044147
0.028027 0.16579 0.089879 0.1171 0.018407 0.047411
0.023072 0.1554 0.083987 0.11924 0.013108 0.05017
0.022954 0.15894 0.089094 0.11753 0.013566 0.049023
0.021949 0.16105 0.087203 0.11859 0.0059318 0.046121
0.021799 0.13358 0.097764 0.11368 0.0056009 0.037676
0.0264 0.15821 0.091821 0.1112 0.0029287 0.042475
0.027692 0.13737 0.08868 0.11096 0.0033962 0.038984
0.028825 0.16076 0.070731 0.11053 -0.00048186 0.046439
0.031398 0.14644 0.064799 0.11328 -0.0031391 0.041463
0.027438 0.14888 0.065344 0.11369 -0.0032957 0.042
0.032531 0.14857 0.076765 0.10711 -0.0023194 0.042573
0.025418 0.1426 0.090055 0.12107 0.00055814 0.039387
0.029877 0.1744 0.087646 0.11612 -0.0026258 0.039976
0.025954 0.15863 0.089007 0.12846 -0.0065337 0.036658
0.025602 0.15615 0.10791 0.11262 -0.0083665 0.042862
0.02641 0.13651 0.11076 0.14843 -0.012307 0.045271
0.031789 0.15758 0.12487 0.14235 -0.034968 0.038572
0.04227 0.16653 0.08716 0.2023 -0.042273 0.045749
0.049842 0.211 0.023448 0.29684 -0.061469 0.033449
0.049656 0.25274 -0.074888 0.56116 -0.040484 0.056551
0.054697 0.45021 -0.34096 1.0046 -0.039194 0.044951
0.060678 0.56241 -0.54467 1.4282 -0.058055 0.049208
0.074471 0.71866 -0.82559 1.778 -0.076983 0.046998
0.082775 0.70268 -0.88278 1.8593 -0.12136 0.041411
0.084451 0.73302 -0.8822 1.8475 -0.12432 0.049786
0.083698 0.65688 -0.78041 1.7605 -0.141 0.043363
0.082247 0.66191 -0.70996 1.7187 -0.14808 0.042574
0.085103 0.62816 -0.71375 1.6795 -0.15628 0.040855
0.086236 0.65977 -0.75095 1.6602 -0.17157 0.035637
0.08689 0.64328 -0.77255 1.6412 -0.16634 0.035387
0.080595 0.63036 -0.70947 1.6039 -0.16335 0.03313
0.075229 0.5792 -0.52912 1.5782 -0.14967 0.031086
0.069241 0.60076 -0.46138 1.5373 -0.14111 0.036211
0.071128 0.59004 -0.42966 1.4979 -0.12951 0.039261
0.076732 0.63482 -0.68943 1.4867 -0.1213 0.053717
0.078212 0.63815 -0.80599 1.451 -0.10849 0.061901
0.07302 0.56704 -0.82782 1.4474 -0.09734 0.072425
0.061895 0.55822 -0.66054 1.4218 -0.090318 0.075757
0.057429 0.50206 -0.50283 1.3884 -0.079333 0.076212
0.058396 0.58138 -0.48093 1.3559 -0.08522 0.069579
0.058645 0.55467 -0.46463 1.3065 -0.075414 0.069196
0.057581 0.56312 -0.47279 1.2653 -0.073613 0.068273
0.052952 0.5222 -0.44096 1.2045 -0.072384 0.074389
0.051374 0.53652 -0.4434 1.2009 -0.062798 0.083808
0.046827 0.53835 -0.45237 1.1947 -0.056606 0.091116
0.040831 0.53443 -0.42809 1.229 -0.027016 0.10641
0.032766 0.54042 -0.43288 1.1936 -0.0044248 0.11385
0.030175 0.51483 -0.39952 1.1383 0.010653 0.12338
0.029279 0.52528 -0.42287 1.0935 0.018078 0.11987
0.032907 0.48739 -0.39577 1.0542 0.029501 0.1213
0.033683 0.51014 -0.41432 1.0413 0.033283 0.11257
0.035758 0.47381 -0.39183 0.97767 0.043617 0.11313
0.032464 0.47119 -0.38967 0.93569 0.032786 0.11072
0.035409 0.43901 -0.3779 0.85316 0.033776 0.10181
0.032063 0.4086 -0.34961 0.77346 0.022546 0.098365
0.033124 0.38378 -0.32075 0.6858 0.024196 0.084634
0.033911 0.33378 -0.25398 0.60632 0.016382 0.086132
0.028537 0.32892 -0.19979 0.5806 0.022888 0.079883
0.035431 0.32678 -0.20668 0.5762 0.028579 0.085614
0.027898 0.35675 -0.21799 0.57195 0.034665 0.082962
0.037479 0.36991 -0.32798 0.60278 0.040908 0.090608
0.035098 0.36171 -0.31374 0.54965 0.029682 0.089795
0.038752 0.30814 -0.32489 0.53058 0.032954 0.080853
0.037447 0.26653 -0.23528 0.41605 0.020443 0.072789
0.041627 0.26884 -0.22891 0.38268 0.023151 0.051821
0.042676 0.26037 -0.21223 0.29364 0.0066852 0.047029
0.048009 0.24932 -0.22345 0.28823 0.0063057 0.043659
0.041506 0.2118 -0.20192 0.26228 0.00022082 0.052636
0.040754 0.22663 -0.22354 0.30866 0.012289 0.061226
0.03682 0.27322 -0.22744 0.32276 0.010439 0.072539
0.032812 0.2563 -0.23165 0.32914 0.014384 0.067481
0.033687 0.2403 -0.17642 0.27907 0.0068406 0.072915
0.031276 0.21893 -0.18528 0.28113 0.0097761 0.062197
0.035956 0.23581 -0.1771 0.27497 0.0074746 0.072378
0.038276 0.25088 -0.23405 0.31251 0.010797 0.072431
0.0393 0.2214 -0.2055 0.30472 0.012958 0.083443
0.043812 0.24751 -0.22976 0.30473 0.022857 0.077628
0.040988 0.24377 -0.19899 0.26195 0.026939 0.074577
0.036919 0.23229 -0.19502 0.2468 0.032238 0.069222
0.027093 0.1751 -0.12767 0.19284 0.023761 0.06892
0.022925 0.18677 -0.11627 0.21139 0.024754 0.070203
0.024499 0.27604 -0.12269 0.23402 0.025875 0.068219
