0.002532 -0.0041566 0.01909 -0.012174 0.0031879 -0.0016198
0.011587 0.011749 0.060908 0.090726 0.020072 0.018678
0.0061909 0.07254 0.11648 0.074322 0.0015471 0.011061
0.035514 0.092237 0.13477 0.042157 0.038039 0.017599
0.037332 0.12438 0.18164 -0.081219 0.024648 -0.0075122
0.041295 0.13516 0.01006 -0.057215 0.028247 0.0088274
0.049456 0.10363 -0.025922 -0.0049513 0.022746 0.024699
0.032727 0.077108 -0.27135 0.10835 -0.024574 0.042876
0.059803 0.13879 -0.26797 0.27754 -0.034466 0.045629
0.065884 0.10744 -0.22465 0.26082 -0.017222 0.02954
0.077006 0.22834 -0.14086 0.36782 -0.017678 0.016993
0.0736 0.19156 -0.0096355 0.21787 0.043685 0.029168
0.062556 0.20789 0.033317 0.20045 0.020372 0.045808
0.061139 0.19317 0.055252 0.091654 0.024184 0.063544
0.068457 0.17427 0.085876 0.058532 0.0071603 0.073878
0.073333 0.18621 0.083857 0.05655 -0.021408 0.073109
0.079849 0.17989 0.10173 0.037962 -0.024334 0.074927
0.07972 0.18838 0.10176 0.043826 -0.046851 0.067829
0.078245 0.15876 0.131 0.018651 -0.045312 0.059761
0.079359 0.16402 0.14079 -0.00072419 -0.044877 0.05871
0.072775 0.15187 0.16903 -0.042139 -0.035525 0.043003
0.078538 0.14337 0.18533 -0.083169 -0.024321 0.048049
0.077072 0.15668 0.18339 -0.12575 -0.024641 0.033284
0.082999 0.12828 0.18779 -0.13602 -0.014741 0.03796
0.082185 0.138 0.186 -0.15496 -0.017945 0.039415
0.079033 0.14207 0.17977 -0.17082 -0.014825 0.043054
0.080134 0.15475 0.20475 -0.18763 -0.019816 0.037308
0.078349 0.12871 0.19539 -0.20921 -0.013209 0.051244
0.074681 0.12439 0.19122 -0.20909 -0.020244 0.045251
0.069861 0.10579 0.21689 -0.24252 -0.0013016 0.069989
0.051471 0.13856 0.16345 -0.23942 -0.013978 0.066588
0.049427 0.16377 0.26413 -0.29823 -0.01096 0.072392
0.046501 0.14085 0.22265 -0.27321 -0.021841 0.068913
0.048793 0.14288 0.26081 -0.30224 -0.026947 0.068058
0.063515 0.11329 0.21559 -0.29777 -0.028463 0.071178
0.048086 0.12142 0.17789 -0.26233 -0.033533 0.067933
0.058019 0.10503 0.18958 -0.27024 -0.037783 0.064575
0.039328 0.09967 0.22208 -0.19863 -0.054661 0.056107
0.050736 0.087501 0.25218 -0.21513 -0.056351 0.045206
0.046546 0.13474 0.27504 -0.21323 -0.060871 0.04505
0.055046 0.11496 0.27987 -0.25927 -0.062662 0.042431
0.048837 0.12892 0.26707 -0.27874 -0.049233 0.04871
0.046787 0.12215 0.26677 -0.3126 -0.057885 0.051771
0.040557 0.098403 0.22093 -0.31285 -0.049826 0.050646
0.040735 0.16392 0.21582 -0.33164 -0.051507 0.049601
0.034912 0.11522 0.21071 -0.36473 -0.054229 0.048256
0.042285 0.14606 0.24633 -0.38446 -0.054292 0.0521
0.03398 0.11078 0.29966 -0.43935 -0.056271 0.049844
0.044754 0.12257 0.32595 -0.46215 -0.060005 0.055057
0.042677 0.10749 0.35002 -0.48418 -0.059395 0.046393
0.044575 0.12796 0.36313 -0.49445 -0.068481 0.047183
0.046635 0.094013 0.35252 -0.5254 -0.069857 0.044944
0.043472 0.11166 0.39454 -0.56323 -0.080618 0.052572
0.046458 0.084366 0.41629 -0.61724 -0.072561 0.053087
0.049001 0.096294 0.41215 -0.64821 -0.073175 0.062699
0.049631 0.092544 0.40534 -0.65306 -0.061542 0.054853
0.049924 0.094498 0.33733 -0.6485 -0.069612 0.054628
0.04817 0.11566 0.32359 -0.64506 -0.075103 0.059899
0.047243 0.082628 0.36344 -0.64028 -0.086466 0.056035
0.056854 0.11807 0.35515 -0.60239 -0.071536 0.062523
0.054953 0.068499 0.37383 -0.60186 -0.06999 0.051274
0.075662 0.094845 0.33009 -0.56214 -0.040223 0.039823
0.063266 0.077295 0.33069 -0.60184 -0.064351 0.037726
0.093299 0.090332 0.46436 -0.65101 -0.030306 0.038361
0.092572 0.091766 0.58495 -0.69045 -0.030439 0.057642
0.12223 0.074475 0.72401 -0.74422 0.026807 0.068238
0.12986 0.085472 0.75624 -0.78083 0.041809 0.081078
0.14032 0.064575 0.72921 -0.79368 0.062939 0.075508
0.1409 0.045431 0.71619 -0.84078 0.051129 0.078184
0.15022 0.077739 0.72991 -0.84149 0.05318 0.071754
0.13788 0.021239 0.70246 -0.87426 0.054324 0.084994
0.13429 0.10425 0.68995 -0.88547 0.04544 0.06453
0.10234 0.039954 0.63978 -0.88987 0.042741 0.060562
0.091585 0.057803 0.62336 -0.89107 0.022282 0.025362
0.074593 0.026539 0.65351 -0.85229 0.010398 0.024086
0.080095 0.022503 0.67393 -0.8854 0.016501 0.022436
0.082074 0.040959 0.69212 -0.86544 0.010324 0.038598
0.088847 0.029586 0.70498 -0.90062 0.0256 0.043113
0.094708 0.0553 0.68941 -0.88937 0.014746 0.045622
0.098294 0.020693 0.69124 -0.86888 0.028296 0.04655
0.097376 0.047937 0.68482 -0.89014 0.011614 0.045274
0.10257 0.021864 0.72834 -0.91915 0.04289 0.047548
0.089406 0.015654 0.79028 -0.97005 0.032376 0.043298
0.096199 0.052631 0.82338 -1.0278 0.052435 0.032081
0.083629 0.030989 0.853 -1.0176 0.044016 0.0249
0.087931 0.064665 0.77838 -1.04 0.039896 0.025848
0.091527 0.041458 0.76698 -0.99865 0.027708 0.017831
0.089274 0.037186 0.73277 -1.0046 0.015772 0.027927
0.095584 0.024689 0.74882 -0.98078 -0.0025284 0.021344
0.085859 0.054223 0.75424 -0.97587 -0.02143 0.018129
0.085933 0.023363 0.7536 -0.96659 -0.031254 0.02339
0.081794 0.046521 0.74692 -0.97229 -0.03126 0.016675
0.083403 0.020501 0.74966 -0.97368 -0.028379 0.020889
0.08766 0.031853 0.74801 -0.98609 -0.0089225 0.025172
0.092102 0.0033638 0.76653 -1.0023 -0.006863 0.023865
0.095181 0.035947 0.75667 -1.0213 0.00054579 0.02955
0.10101 -0.012615 0.78952 -1.0458 0.01013 0.023439
0.095324 -0.0053335 0.77178 -1.0633 0.018013 0.030271
0.096771 0.014766 0.75542 -1.076 -0.0066885 0.023025
0.085641 -0.022333 0.73586 -1.0962 -0.013838 0.033819
0.080126 0.027508 0.69515 -1.1243 -0.084356 0.028132
0.075391 0.0086489 0.7118 -1.1413 -0.085564 0.024335
0.075594 -0.0016928 0.72934 -1.1569 -0.1029 0.032269
0.078266 0.0099744 0.7538 -1.1518 -0.091595 0.027116
0.082666 -0.011921 0.78586 -1.1583 -0.076791 0.035399
0.081916 -0.0029576 0.78253 -1.1453 -0.082652 0.039778
0.084178 -0.014555 0.78497 -1.1698 -0.076947 0.03501
0.083181 0.010456 0.76473 -1.1514 -0.077446 0.047221
0.083546 -0.02512 0.7737 -1.1869 -0.081498 0.041349
0.08414 0.009972 0.77149 -1.1753 -0.079421 0.045312
0.083546 -0.040817 0.803 -1.1939 -0.08939 0.038855
0.083764 -0.0062618 0.79269 -1.1904 -0.080974 0.037775
0.086885 -0.017929 0.80654 -1.191 -0.087077 0.035433
0.080375 0.009986 0.77133 -1.1886 -0.077173 0.034711
0.084566 0.021747 0.7877 -1.1791 -0.084623 0.034303
0.075264 0.015524 0.77182 -1.19 -0.088552 0.03041
0.080021 0.0010038 0.79963 -1.1854 -0.091748 0.027654
0.074769 -0.018754 0.8081 -1.2246 -0.10466 0.030138
0.076943 -0.056799 0.83724 -1.2168 -0.099897 0.024717
0.076393 -0.046172 0.82441 -1.2449 -0.10866 0.036434
0.080615 -0.020365 0.82318 -1.2382 -0.11291 0.027886
0.090548 0.021921 0.79438 -1.2761 -0.10696 0.027416
0.095132 0.016975 0.81183 -1.2991 -0.11226 0.029863
0.10237 0.00097427 0.84084 -1.3545 -0.087671 0.029947
0.10066 -0.026027 0.89855 -1.3743 -0.086356 0.055145
0.10489 -0.017385 0.92131 -1.3839 -0.076577 0.056832
0.10545 0.023827 0.95549 -1.3783 -0.068791 0.066215
0.10742 0.012753 0.95804 -1.3451 -0.077237 0.055935
0.10676 -0.015932 0.978 -1.3219 -0.065193 0.05368
0.10636 -0.017678 0.97677 -1.3009 -0.073425 0.049612
0.11377 -0.039467 0.98973 -1.2769 -0.065742 0.050239
0.11866 -0.005509 0.97867 -1.2902 -0.056167 0.044926
0.12763 0.0022334 0.99944 -1.2848 -0.044421 0.048159
0.12677 -0.028408 1.0062 -1.3084 -0.037096 0.046095
0.13046 -0.0075508 1.0208 -1.3174 -0.033871 0.05664
0.12623 -0.027705 1.0239 -1.3174 -0.037079 0.051679
0.12407 -0.009154 1.0266 -1.3277 -0.04004 0.057034
0.11321 -0.0014068 1.0123 -1.2943 -0.041004 0.04467
0.10519 -0.027991 1.0237 -1.2995 -0.054125 0.055624
0.089002 -0.033675 1.0271 -1.2955 -0.057333 0.050796
0.083296 -0.0059432 1.024 -1.2947 -0.072889 0.052352
0.06375 -0.040599 1.0566 -1.3331 -0.081591 0.050765
0.066184 0.028402 1.0321 -1.3163 -0.089084 0.035794
0.059396 -0.026195 1.0583 -1.3303 -0.097462 0.0479
0.073226 -0.024971 1.0475 -1.3198 -0.089844 0.041257
0.080571 -0.022424 1.0423 -1.3134 -0.081122 0.049729
0.085395 -0.057824 1.0521 -1.3204 -0.073825 0.044816
0.090337 -0.028348 1.0501 -1.3294 -0.071103 0.039993
0.083633 -0.047 1.0676 -1.3365 -0.078131 0.046874
0.083147 -0.034446 1.0787 -1.3434 -0.090508 0.049059
0.077366 -0.037589 1.088 -1.3348 -0.094355 0.060208
0.074579 -0.051829 1.1008 -1.3563 -0.099271 0.056677
0.075409 -0.0349 1.089 -1.335 -0.09894 0.055096
0.075849 -0.05795 1.1049 -1.3838 -0.094543 0.049774
0.075813 -0.028737 1.1 -1.3608 -0.10681 0.04798
0.075771 -0.03754 1.0694 -1.3799 -0.098477 0.049014
0.066209 -0.02963 1.0946 -1.3786 -0.11403 0.052148
0.067535 -0.058397 1.0973 -1.4137 -0.10978 0.04595
0.061163 -0.073642 1.2035 -1.4482 -0.10855 0.045851
0.059942 -0.11136 1.3347 -1.5307 -0.11084 0.038832
0.057214 -0.062054 1.3464 -1.5202 -0.09555 0.036374
0.044634 -0.023084 1.3287 -1.5335 -0.10342 0.038059
0.047835 0.039689 1.1918 -1.4695 -0.10492 0.03299
0.041344 0.025413 1.0927 -1.4404 -0.1168 0.034435
0.046148 0.0079369 1.0669 -1.429 -0.1135 0.032206
0.047714 -0.029203 1.0578 -1.4221 -0.11879 0.042793
0.046037 -0.03831 1.0678 -1.4434 -0.11018 0.042284
0.05126 -0.0035845 1.0394 -1.4244 -0.11996 0.041102
0.051051 -0.030982 1.0351 -1.3948 -0.12291 0.032932
0.052897 -0.017333 1.0191 -1.4063 -0.11933 0.021325
0.041988 -0.030485 1.0203 -1.3738 -0.11269 0.018902
0.031308 -0.048314 1.0527 -1.4747 -0.10957 0.025976
0.010102 0.013024 0.99391 -1.4609 -0.10128 0.020801
0.00036145 -0.0019885 1.0588 -1.5377 -0.11525 0.029135
-0.0022994 -0.01705 1.1314 -1.5366 -0.13431 0.013453
0.0096813 0.0025706 1.2125 -1.5646 -0.14274 0.014451
0.016007 -0.02926 1.2935 -1.5824 -0.19871 -0.013884
0.039513 0.048668 1.2044 -1.543 -0.18782 -0.011519
0.036203 0.028114 1.0744 -1.4954 -0.22893 -0.033983
0.050522 0.0372 0.99474 -1.45 -0.20917 -0.022334
0.046892 -0.029542 0.94751 -1.4342 -0.2004 -0.013515
0.044733 0.0078368 0.95532 -1.4744 -0.19432 -0.00071459
0.045505 -0.022561 0.97729 -1.4915 -0.18279 0.011021
0.041085 0.0060088 0.9805 -1.5424 -0.18452 0.011837
0.045009 -0.012979 0.99597 -1.5309 -0.19078 0.0090547
0.041313 -0.030781 1.036 -1.552 -0.18045 0.0069425
0.042655 -0.044067 1.0263 -1.5231 -0.18301 0.0038054
0.043633 -0.029404 1.0668 -1.5452 -0.17659 0.0017308
0.043813 -0.078162 1.0727 -1.5262 -0.18272 -0.0098958
0.049328 -0.05437 1.1113 -1.6019 -0.19007 -0.014513
0.044709 -0.074485 1.1089 -1.577 -0.20254 -0.021317
0.040268 -0.07019 1.0869 -1.6118 -0.19992 -0.018572
0.03636 -0.017269 1.0691 -1.5805 -0.19782 -0.016595
0.04197 -0.058139 1.1154 -1.561 -0.18272 -0.019018
0.049125 0.0043213 0.96522 -1.5346 -0.191 -0.011526
0.062791 -0.0029845 0.93286 -1.571 -0.17036 -8.4664e-05
0.059147 -0.047239 0.81987 -1.5495 -0.17545 0.020055
0.057101 -0.013124 0.84485 -1.6289 -0.13434 0.02763
0.048704 -0.12844 1.1801 -1.6143 -0.11469 0.032983
0.051175 -0.069788 1.2684 -1.63 -0.10199 0.017505
0.050798 -0.080458 1.451 -1.6209 -0.096107 0.027361
0.043287 -0.069923 1.4306 -1.6319 -0.11981 0.033615
0.037815 -0.037472 1.3994 -1.6375 -0.13152 0.046514
0.025852 -0.059822 1.4596 -1.6469 -0.14566 0.064062
0.027401 -0.0058764 1.4737 -1.668 -0.15119 0.051895
0.03833 -0.063136 1.5094 -1.667 -0.14977 0.048473
0.033399 -0.0298 1.4693 -1.7046 -0.14314 0.04
0.037662 -0.092822 1.4832 -1.6931 -0.15278 0.02748
0.030917 -0.091696 1.6357 -1.7569 -0.15005 0.034136
0.031418 -0.084845 1.6035 -1.7375 -0.15705 0.024982
0.039871 -0.15717 1.8465 -1.8436 -0.16404 0.037061
0.04036 -0.10008 1.564 -1.7872 -0.15569 0.029075
0.045543 -0.16353 1.5474 -1.8014 -0.17687 0.032547
0.023347 -0.033332 1.2361 -1.7686 -0.19779 0.027523
0.03268 -0.11586 1.229 -1.764 -0.20183 0.01727
0.010946 -0.03921 1.1093 -1.7989 -0.23057 0.02797
0.031742 -0.10249 1.1827 -1.8199 -0.19279 0.014146
0.044255 -0.10744 1.1452 -1.8112 -0.18083 0.0037599
0.052338 -0.072404 1.1372 -1.8168 -0.16935 -0.002043
0.065683 -0.11614 1.155 -1.8185 -0.15405 -0.0206
0.057684 -0.10108 1.1773 -1.8276 -0.18263 -0.0047011
0.050835 -0.095073 1.1484 -1.8521 -0.18412 -0.0040255
0.040784 -0.10267 1.0824 -1.805 -0.20217 0.0061239
0.040316 -0.11411 1.0063 -1.7878 -0.21253 0.0037118
0.025776 -0.080996 0.88472 -1.7264 -0.22219 0.0036138
0.043522 -0.18021 1.1003 -1.7499 -0.21352 -0.0073727
0.033494 -0.10841 1.1266 -1.7921 -0.21531 -0.0063928
0.047935 -0.1382 1.327 -1.8238 -0.19112 -0.015729
0.044417 -0.10346 1.2981 -1.8927 -0.20782 -0.0074796
0.042426 -0.1207 1.2892 -1.8526 -0.21183 -0.030487
0.033112 -0.068641 1.3338 -1.8779 -0.2185 -0.018779
0.032504 -0.20667 1.3278 -1.8375 -0.22874 -0.043225
0.025125 -0.01054 1.4396 -1.8269 -0.21365 -0.018419
0.036851 -0.16844 1.3366 -1.8303 -0.22074 -0.015384
0.038942 -0.018435 1.401 -1.8396 -0.22296 -0.0029743
0.038621 -0.089925 1.3091 -1.8478 -0.2177 0.00047622
0.040937 -0.079474 1.3476 -1.8726 -0.22275 -0.0035379
0.033122 -0.073032 1.3824 -1.8784 -0.22215 -0.0038958
0.044711 -0.060496 1.3596 -1.8776 -0.22722 -0.00057878
0.045341 -0.053939 1.2831 -1.8072 -0.24284 -0.0079681
0.061439 -0.065961 1.2525 -1.7785 -0.23424 -0.009187
0.05807 -0.078155 1.1121 -1.6708 -0.24735 -0.016139
0.063179 -0.17907 1.2797 -1.7547 -0.23559 -0.016259
0.056291 -0.12873 1.284 -1.7883 -0.25127 -0.0086557
0.057189 -0.17555 1.4066 -1.8829 -0.25223 -0.0093453
0.059845 -0.098574 1.4223 -1.9198 -0.2591 -0.0096516
0.063438 -0.12745 1.4702 -1.9572 -0.25363 -0.0095165
0.06464 -0.099391 1.415 -1.9341 -0.27155 -0.006617
0.054363 -0.12144 1.3453 -1.9649 -0.25592 0.0030889
0.054621 -0.08464 1.2658 -1.9238 -0.28073 0.0060841
0.045609 -0.092442 1.1133 -1.8799 -0.26027 0.0047525
0.057351 -0.13665 1.3244 -1.8908 -0.26174 -0.0039602
0.055373 -0.11891 1.2618 -1.852 -0.25742 -0.0030161
0.060475 -0.1364 1.4172 -1.8784 -0.25706 -0.0070943
0.058541 -0.072012 1.3487 -1.9008 -0.26003 -0.0060178
0.059946 -0.090992 1.3368 -1.8916 -0.26542 -0.0055499
0.059852 -0.083814 1.3464 -1.9279 -0.26532 -0.0095077
0.057103 -0.12323 1.363 -1.9214 -0.26596 -0.011002
0.053127 -0.099774 1.3482 -1.915 -0.26754 -0.01145
0.050613 -0.11948 1.3597 -1.933 -0.2601 -0.017996
0.053001 -0.092782 1.3421 -1.9318 -0.25662 -0.016926
0.054339 -0.11657 1.3438 -1.9366 -0.25213 -0.018234
0.057366 -0.11559 1.3872 -1.955 -0.24454 -0.024062
0.054121 -0.095833 1.3406 -1.9361 -0.25746 -0.025815
0.053336 -0.09001 1.3032 -1.9355 -0.25062 -0.023729
0.056152 -0.13654 1.3722 -2.003 -0.27857 -0.018733
0.059968 -0.042537 1.2027 -1.9929 -0.25252 -0.0038856
0.067477 -0.21518 1.4788 -2.1172 -0.25575 0.0044046
0.067038 -0.062593 1.2981 -2.0853 -0.22511 -0.0011443
0.068233 -0.14452 1.419 -2.0992 -0.22158 0.0027629
0.062556 -0.10601 1.3498 -2.0628 -0.22793 -0.010372
0.067827 -0.061484 1.3103 -2.0246 -0.23224 -0.0038473
0.06567 -0.15418 1.3728 -2.0436 -0.23125 -0.0035388
0.068665 -0.11178 1.3839 -2.0545 -0.23154 -0.001835
0.063671 -0.14836 1.3776 -2.0573 -0.22164 -0.0013249
0.063937 -0.13825 1.4168 -2.0729 -0.23671 -0.0043927
0.061406 -0.10943 1.374 -2.0371 -0.23638 -0.0061555
0.065214 -0.14949 1.442 -2.0507 -0.24518 -0.0060136
0.066493 -0.10081 1.3409 -2.0112 -0.24539 -0.0047476
0.063795 -0.11996 1.3479 -2.0062 -0.24772 -0.0046735
0.069161 -0.1212 1.2329 -1.9735 -0.25474 -0.0070508
0.084456 -0.14725 1.3356 -2.0572 -0.26502 0.0067717
0.086308 -0.18205 1.3638 -2.0241 -0.25932 0.0080174
0.12036 -0.205 1.437 -2.0767 -0.26282 0.021252
0.09112 -0.11545 1.3558 -1.9359 -0.23316 0.0172
0.10225 -0.13161 1.2578 -1.8637 -0.2327 -0.0025469
0.075677 -0.054526 1.1886 -1.8232 -0.20941 0.0016085
0.078035 -0.098255 1.1669 -1.8027 -0.21373 -0.0035822
0.081492 -0.10034 1.1767 -1.8542 -0.20783 0.0067909
0.083888 -0.11407 1.1921 -1.8412 -0.21272 0.015436
0.085207 -0.12942 1.1864 -1.8642 -0.22539 0.00095811
0.086868 -0.12239 1.1971 -1.847 -0.22258 0.0049426
0.088173 -0.15043 1.2119 -1.8449 -0.23893 -0.0036361
0.090444 -0.11711 1.1675 -1.8039 -0.21187 0.0038245
0.092075 -0.15048 1.1884 -1.8107 -0.23901 -0.0057515
0.092179 -0.11124 1.1563 -1.799 -0.21204 -0.0058392
0.092708 -0.15266 1.1945 -1.8573 -0.23561 -0.024903
0.091651 -0.12271 1.181 -1.8588 -0.22254 -0.018127
0.091293 -0.13448 1.1771 -1.8782 -0.20971 -0.020601
0.090575 -0.12508 1.1654 -1.8756 -0.22985 -0.010703
0.084705 -0.11803 1.1671 -1.8756 -0.212 -0.0074064
0.087856 -0.1335 1.1754 -1.8829 -0.23994 -0.0074879
0.080761 -0.12923 1.1948 -1.9291 -0.23389 -0.0097298
0.085203 -0.12469 1.1694 -1.865 -0.23359 -0.002182
0.086857 -0.13085 1.1959 -1.8916 -0.2266 -0.0068564
0.080661 -0.11906 1.1503 -1.8004 -0.22545 0.0077061
0.078091 -0.12966 1.1796 -1.8297 -0.22288 -0.0033177
0.067403 -0.11233 1.1488 -1.8582 -0.24318 0.0044529
0.070715 -0.12153 1.189 -1.8834 -0.25088 0.0021267
0.070835 -0.11408 1.1748 -1.8996 -0.25389 0.0079137
0.075752 -0.11314 1.0935 -1.9424 -0.26821 0.0071604
0.078754 -0.092799 1.0827 -1.9046 -0.25519 0.00078875
0.080566 -0.14535 1.0524 -2.0122 -0.27799 -0.025967
0.10235 -0.08735 1.1311 -1.9435 -0.26313 -0.024092
0.11592 -0.22859 1.3169 -2.0001 -0.27139 -0.036889
0.13773 -0.10839 1.2534 -1.9365 -0.25431 -0.0073182
0.14482 -0.17077 1.3219 -1.9598 -0.24598 -0.0050253
0.14267 -0.09434 1.1952 -1.9259 -0.24383 0.0073932
0.14031 -0.10436 1.2074 -1.9554 -0.23813 0.0015566
0.13402 -0.12686 1.2405 -1.9696 -0.25622 -0.0006868
0.1349 -0.12982 1.2541 -1.987 -0.24692 -0.0021303
0.13104 -0.13052 1.2506 -2.0193 -0.2601 -0.0079284
0.12131 -0.1354 1.2253 -1.9989 -0.26819 -0.0041369
0.11319 -0.1349 1.2732 -1.9944 -0.28932 -0.0020799
0.11485 -0.16285 1.3168 -1.9574 -0.27175 -0.0028812
0.12523 -0.087978 1.0777 -1.926 -0.23026 -0.021991
0.14753 -0.031062 0.71382 -1.9009 -0.16588 -0.050562
0.13959 -0.038576 0.24775 -1.8229 -0.17705 -0.094171
0.12521 0.017762 0.030626 -1.8282 -0.21645 -0.093344
0.103 -0.19365 0.38019 -1.7001 -0.29571 -0.1029
0.09086 -0.11343 0.58755 -1.7496 -0.29272 -0.069234
0.087567 -0.12333 0.66207 -1.7215 -0.32544 -0.059326
0.10202 -0.1371 0.77179 -1.7968 -0.28525 -0.053433
0.085999 -0.038171 0.60843 -1.8894 -0.32932 -0.044773
0.11229 -0.23323 1.0994 -1.9599 -0.3171 -0.05687
0.097774 -0.19369 1.3712 -2.0686 -0.30463 -0.041718
0.11313 -0.22452 1.426 -2.1228 -0.31891 -0.038452
0.1112 -0.18594 1.4548 -2.1346 -0.30039 -0.030623
0.10795 -0.12954 1.2526 -2.1249 -0.32884 -0.025488
0.11318 -0.14738 1.2672 -2.0866 -0.32428 -0.029357
0.1109 -0.13569 1.3312 -2.1031 -0.32011 -0.030884
0.1105 -0.1856 1.3447 -2.1107 -0.32993 -0.029512
0.11177 -0.12518 1.3405 -2.1154 -0.33257 -0.029885
0.11012 -0.17739 1.3554 -2.1199 -0.32996 -0.037753
0.11137 -0.12931 1.3426 -2.0739 -0.33803 -0.033096
0.11553 -0.1651 1.3548 -2.1001 -0.31909 -0.046388
0.11238 -0.14679 1.3443 -2.0805 -0.32422 -0.040354
0.11685 -0.17033 1.3799 -2.1139 -0.32449 -0.039849
0.10998 -0.14939 1.3881 -2.0711 -0.30556 -0.042125
0.10837 -0.21522 1.4213 -2.0648 -0.30562 -0.034606
0.10963 -0.18945 1.4006 -1.9949 -0.29756 -0.039638
0.10809 -0.19673 1.2979 -2.0045 -0.24791 -0.027918
0.10245 -0.12571 1.2827 -2.0088 -0.25686 -0.0071607
0.098331 -0.12644 1.2502 -2.0313 -0.16868 0.0073586
0.08356 -0.081804 1.2188 -2.0688 -0.1762 0.054661
0.10656 -0.14626 1.2874 -2.041 -0.12643 0.046941
0.11849 -0.10783 1.1632 -2.0534 -0.13488 0.068456
0.13457 -0.14275 1.2199 -1.997 -0.12403 0.059952
0.13723 -0.12241 1.1619 -2.0068 -0.12791 0.040973
0.1146 -0.11789 1.1694 -1.9732 -0.14477 0.054178
0.11307 -0.12382 1.1819 -1.9801 -0.14444 0.03885
0.10777 -0.10541 1.1675 -1.9506 -0.15282 0.048137
0.11256 -0.10275 1.1669 -1.9693 -0.1448 0.056676
0.12499 -0.095458 1.1822 -1.952 -0.14278 0.046088
0.13313 -0.12924 1.27 -2.0404 -0.14592 0.044338
0.12789 -0.12402 1.3451 -2.071 -0.16696 0.036466
0.098918 -0.1192 1.0633 -1.9826 -0.15544 0.036603
0.04914 -0.024661 0.4971 -1.8973 -0.15245 0.051523
-7.0291e-05 0.11703 -0.42072 -1.6298 -0.1785 0.055452
-0.014857 0.077987 -0.87729 -1.515 -0.17413 0.062866
-0.018706 0.10156 -0.79035 -1.4048 -0.23745 0.069046
0.0029089 -0.032284 -0.30948 -1.2846 -0.21681 0.070021
-0.0031354 -0.046508 0.22606 -1.2213 -0.1944 0.089869
0.014189 0.018893 0.31395 -1.1527 -0.17565 0.080651
0.0053391 0.0064966 0.3063 -1.1513 -0.14623 0.091137
0.015723 0.042723 0.20342 -1.1923 -0.153 0.086883
0.015024 0.0080246 0.23204 -1.2243 -0.15435 0.091969
0.013603 0.0033861 0.26375 -1.2232 -0.14191 0.095358
0.014495 -0.024589 0.26944 -1.2247 -0.1422 0.10161
0.014771 0.01634 0.26372 -1.2122 -0.13873 0.095082
0.011725 -0.052534 0.26594 -1.2059 -0.13436 0.1079
0.015496 0.0058928 0.2758 -1.2309 -0.14295 0.094142
0.018055 2.1685e-05 0.2894 -1.268 -0.14547 0.090866
