-0.00084266 0.00026096 -0.00040772 -0.010162 0.0012669 0.00052442
-0.0093132 -0.010319 0.0071753 -0.062139 0.0050045 -0.0087896
0.005488 0.050297 0.044529 -0.10644 -0.034314 0.024017
0.0064301 -0.013151 0.18675 -0.21654 0.021877 0.029204
-0.0017851 0.082366 0.10627 -0.21622 -0.021618 0.020685
0.00078405 0.056975 0.17093 -0.2597 -0.022861 0.034839
0.0056867 0.057015 0.20492 -0.27441 -0.017617 0.035048
-0.0019919 0.076992 0.2478 -0.32244 -0.0066486 0.042988
-0.00089261 0.10803 0.23226 -0.23265 -0.031596 0.03755
-0.0035765 0.11614 0.27722 -0.25698 -0.00060132 0.04517
-0.0063128 0.14874 0.27107 -0.19233 -0.023172 0.039863
-0.012813 0.1706 0.26866 -0.15258 -0.010861 0.02839
-0.02346 0.21315 0.22842 -0.029089 -0.011103 0.015206
-0.027583 0.22422 0.22511 0.11934 -0.013028 0.0014962
-0.040951 0.22317 0.33018 0.27106 0.010635 0.0010428
-0.058799 0.37662 0.21142 0.42441 0.010068 -0.024955
-0.078275 0.47308 0.12468 0.77343 0.019096 -0.059904
-0.091186 0.45369 0.041962 0.78766 0.042006 -0.075901
-0.093273 0.29236 -0.099201 0.48827 -0.001377 -0.11178
-0.11114 0.3804 0.35022 0.81199 0.05473 -0.084897
-0.14045 0.66184 0.15289 1.464 0.092601 -0.13952
-0.12648 0.63573 -0.26316 1.3613 -0.097981 -0.14354
-0.21327 0.56176 -0.22449 1.3496 0.11499 -0.23648
-0.18013 0.53176 -0.12092 1.2944 0.15005 -0.20831
-0.15614 0.48361 0.03073 0.94763 0.011709 -0.15814
-0.1977 0.54513 -0.17392 1.3098 0.023316 -0.21577
-0.20213 0.5552 -0.21219 1.3508 0.054702 -0.224
-0.20638 0.51431 -0.20927 1.2083 0.064608 -0.21258
-0.21283 0.48391 -0.21906 1.1132 0.071977 -0.22077
-0.20955 0.44034 -0.19555 1.0052 0.081784 -0.20802
-0.20237 0.39908 -0.18222 0.87325 0.071301 -0.18748
-0.19756 0.36991 -0.17501 0.80532 0.072127 -0.16534
-0.19383 0.34911 -0.16771 0.73596 0.090946 -0.15438
-0.18443 0.32771 -0.16637 0.69936 0.11509 -0.12317
-0.18868 0.32316 -0.15975 0.69922 0.12469 -0.10832
-0.18754 0.30619 -0.14062 0.65026 0.14845 -0.093682
-0.2081 0.27697 -0.11182 0.63312 0.091872 -0.15325
-0.12412 0.3003 -0.11101 0.47083 0.22675 0.039556
-0.18447 0.27964 -0.13335 0.69088 0.18439 -0.054756
-0.15966 0.30457 -0.17602 0.59867 0.19593 -0.034922
-0.17071 0.29071 -0.12075 0.5903 0.22691 0.0013321
-0.1734 0.23794 0.0035036 0.67877 0.23423 0.0018697
-0.14323 0.34629 -0.13736 0.64221 0.24459 0.0043914
-0.153 0.31573 -0.16881 0.60684 0.24057 0.03445
-0.15395 0.27463 -0.11251 0.65603 0.24786 0.022965
-0.15413 0.29017 -0.1004 0.64814 0.25885 0.035343
-0.15029 0.30352 -0.10282 0.65338 0.26257 0.03312
-0.15134 0.29837 -0.096156 0.6458 0.25374 0.036544
-0.14542 0.28402 -0.092607 0.59275 0.24115 0.041055
-0.14368 0.28239 -0.08854 0.58351 0.24261 0.032377
-0.14425 0.29058 -0.087056 0.57982 0.23004 0.042238
-0.1425 0.3058 -0.12698 0.58571 0.22726 0.034581
-0.14285 0.22253 -0.079795 0.50862 0.22193 0.032293
-0.13879 0.22721 0.033102 0.49264 0.22828 0.052379
-0.1404 0.32056 -0.091546 0.4994 0.20808 0.0299
-0.13547 0.27075 -0.081349 0.5002 0.20137 0.042551
-0.13602 0.23247 -0.0455 0.45011 0.20444 0.031375
-0.13976 0.18909 0.0074135 0.43522 0.19542 0.048232
-0.13674 0.29845 -0.039243 0.43449 0.20879 0.042099
-0.13406 0.23591 -0.020716 0.40739 0.19275 0.035325
-0.13728 0.22441 -0.01441 0.42098 0.19126 0.047035
-0.13338 0.23119 -0.0045175 0.3979 0.19074 0.04166
-0.1385 0.23302 -0.003399 0.37732 0.19361 0.048081
-0.13367 0.22308 0.0061422 0.37366 0.19402 0.043072
-0.13607 0.22108 0.0078139 0.36232 0.18974 0.046964
-0.13628 0.21834 0.014738 0.34415 0.19626 0.047362
-0.13367 0.21788 0.026284 0.31645 0.18692 0.056818
-0.13254 0.20626 0.029203 0.2976 0.1926 0.048067
-0.13371 0.22255 0.026631 0.26985 0.19043 0.052525
-0.12951 0.22818 0.0074994 0.24666 0.17969 0.059421
-0.13016 0.15851 0.071283 0.22333 0.18654 0.059838
-0.12915 0.20407 0.053374 0.22177 0.18157 0.073826
-0.13365 0.28113 0.025483 0.20435 0.16659 0.05519
-0.13432 0.22843 0.014433 0.25349 0.16453 0.054381
-0.1326 0.2736 -0.014559 0.34172 0.1529 0.042778
-0.13811 0.25585 0.051913 0.40473 0.15241 0.057813
-0.14422 0.35856 0.036056 0.54461 0.11558 0.035649
-0.15406 0.37751 0.07968 0.69232 0.056293 0.022052
-0.17156 0.45968 -0.19962 0.97353 0.10862 -0.023175
-0.17546 0.55808 -0.12534 1.252 0.051824 -0.030404
-0.18692 0.68857 -0.033528 1.6483 -0.021587 -0.072516
-0.16729 0.66992 0.11737 1.8277 0.07236 -0.12066
-0.24724 0.73532 0.046848 2.3736 -0.0063179 -0.1616
-0.21716 0.99206 -0.70742 2.9321 -0.23618 -0.18041
-0.23424 1.1123 0.025655 3.1498 -0.016864 -0.25883
-0.20997 1.11 0.12332 3.27 -0.11391 -0.28057
-0.25347 1.3051 -0.22359 4.1932 -0.25721 -0.34847
-0.20718 1.2649 -0.13302 4.5145 -0.16566 -0.31944
-0.2705 1.4821 -0.2038 4.3564 -0.19066 -0.50271
-0.19284 1.3192 -0.085946 4.0707 -0.35612 -0.4196
-0.18752 1.3531 -0.057389 4.4156 -0.30972 -0.41701
-0.1812 1.7874 -0.084506 5.9056 -0.39477 -0.43016
-0.27896 1.6611 0.17345 5.5221 -0.19157 -0.64874
-0.0049934 1.2275 -0.031538 2.776 -0.54721 -0.36921
-0.10955 1.3272 0.15483 4.4159 -0.41745 -0.43592
-0.1152 1.4579 0.22791 4.4546 -0.40989 -0.47738
-0.063167 1.3994 0.36159 4.1177 -0.49771 -0.47222
-0.0087702 1.3396 0.47423 3.6309 -0.46878 -0.37761
0.02282 1.2531 0.59619 3.2568 -0.4826 -0.36097
0.045275 1.1823 0.70278 2.9987 -0.50861 -0.32424
0.066734 1.1146 0.78547 2.7041 -0.53991 -0.28901
0.12368 1.1007 1.0769 2.5909 -0.58345 -0.26525
0.115 1.195 1.3031 2.5907 -0.46881 -0.17868
0.15142 1.161 1.4578 2.4733 -0.52643 -0.15832
0.20776 1.1838 1.4459 2.2922 -0.52163 -0.094783
0.16131 1.1491 1.6081 2.2405 -0.44299 -0.068767
0.088946 1.1259 1.8241 2.2116 -0.41847 -0.044595
0.238 1.4432 1.8111 2.3721 -0.52167 -0.080855
0.15845 1.5123 1.6687 2.2863 -0.263 0.023666
0.17348 1.1315 2.2862 2.7113 -0.50008 0.15934
0.076556 1.3019 2.0202 1.7646 -0.22525 0.15579
-0.12569 1.5937 0.88511 2.8273 -0.04206 -0.2052
0.51709 1.1425 2.7293 2.3854 -0.45129 0.22767
-0.35887 2.3493 1.3899 2.7549 -0.038945 0.074739
-0.057163 1.0872 0.88631 2.537 -0.065147 0.03913
-0.033071 1.2235 1.4931 2.3213 -0.046456 0.067267
-0.086487 1.544 1.3188 2.5333 -0.1023 0.05782
-0.17877 1.5808 0.97996 2.6173 0.029319 0.026943
-0.2065 1.45 0.82799 2.6288 0.010157 0.015403
-0.24546 1.4133 0.69971 2.6245 0.037359 -0.011485
-0.24727 1.3541 0.6737 2.5921 0.011007 -0.020767
-0.25039 1.3483 0.74026 2.6798 -0.0012792 -0.022724
-0.25178 1.3437 0.92141 2.7079 -0.014242 -0.030654
-0.26606 1.4279 0.42068 2.9974 -0.026046 -0.067646
-0.25291 1.3987 0.58818 3.1728 -0.051222 -0.058694
-0.25289 1.2603 1.0237 3.1923 -0.15792 -0.095143
-0.25788 1.5076 0.84331 3.4299 -0.014184 -0.068585
-0.20415 1.6625 0.8847 3.9891 -0.16286 -0.10436
-0.20921 1.5535 1.3557 4.2478 -0.15536 -0.059418
-0.21632 1.6581 0.86109 4.5621 -0.24584 -0.17513
-0.21199 1.7934 1.1202 4.7875 -0.15005 -0.10832
-0.14307 1.8183 1.512 5.0555 -0.30866 -0.076516
-0.20041 2.0655 0.98467 5.7 -0.14674 -0.12162
-0.18296 2.091 1.2694 6.1038 -0.24994 -0.12654
-0.18253 2.1896 1.5497 6.3581 -0.31974 -0.20534
-0.15004 2.1898 1.2716 6.3401 -0.24015 -0.10464
-0.16883 2.2603 1.2326 6.4801 -0.26723 -0.096816
-0.16718 2.2907 1.1798 6.3147 -0.22925 -0.10998
-0.14707 2.2235 1.1858 6.4236 -0.31617 -0.096773
-0.14599 2.4965 1.2846 7.4538 -0.34394 -0.17871
-0.23588 2.658 1.366 7.9328 -0.21676 -0.12718
-0.10988 1.9274 0.96581 4.4903 -0.24955 -0.017869
-0.1536 2.1314 1.1645 6.1015 -0.31415 -0.11198
-0.16319 2.2406 1.1584 6.4516 -0.30288 -0.10263
-0.15763 2.2166 1.1486 6.0755 -0.30643 -0.088415
-0.15486 2.0905 1.132 5.6049 -0.30229 -0.082455
-0.15437 1.9822 1.1204 5.2778 -0.30419 -0.08195
-0.15639 1.9134 1.1172 5.0664 -0.31344 -0.086063
-0.15606 1.8713 1.119 4.9326 -0.31626 -0.095058
-0.15605 1.8386 1.1875 4.8397 -0.31676 -0.098002
-0.16133 1.7941 1.1224 4.7773 -0.34101 -0.10697
-0.15285 1.77 1.1498 4.6694 -0.33515 -0.11745
-0.16359 1.795 1.184 4.6601 -0.34267 -0.11746
-0.16806 1.7291 1.1848 4.6814 -0.33134 -0.12381
-0.16347 1.7462 1.2055 4.6619 -0.34066 -0.1415
-0.16598 1.7411 1.2146 4.6723 -0.3356 -0.14229
-0.16105 1.7525 1.1974 4.6919 -0.35227 -0.13251
-0.15695 1.7657 1.1863 4.6726 -0.31386 -0.14455
-0.16647 1.667 1.3807 4.8239 -0.3121 -0.15253
-0.16794 1.8477 1.2459 4.9508 -0.38653 -0.17014
-0.15315 1.7762 1.3228 4.8536 -0.30793 -0.16323
-0.13971 1.7509 1.2719 4.8053 -0.3325 -0.17671
-0.13531 1.7794 1.3791 4.9248 -0.33931 -0.18069
-0.13323 1.7827 1.4166 4.9496 -0.33371 -0.20451
-0.12664 1.7999 1.4208 4.9581 -0.36025 -0.21484
-0.11111 1.8049 1.4633 4.9636 -0.36635 -0.24409
-0.090322 1.8292 1.5181 5.0325 -0.40181 -0.28056
-0.069645 1.8296 1.5454 4.8955 -0.41193 -0.32747
-0.037978 1.8665 1.5748 4.96 -0.44988 -0.38253
-0.061818 1.8454 1.5802 4.9727 -0.46582 -0.41383
-0.18872 1.8046 1.2928 5.0705 -0.39172 -0.44186
0.077408 1.9584 1.97 5.0747 -0.46929 -0.40868
-0.00809 2.0035 1.573 5.1146 -0.65937 -0.66678
-0.046105 1.8847 1.6129 4.8682 -0.53362 -0.64027
-0.050261 1.958 1.5647 5.1731 -0.53739 -0.67154
0.0052005 1.8987 1.7539 4.9035 -0.55002 -0.64629
0.024033 1.898 1.835 4.8644 -0.61565 -0.69806
0.066031 1.8462 1.975 4.7222 -0.64012 -0.71948
0.095162 1.7758 2.1304 4.5121 -0.66342 -0.68602
0.14876 1.6725 2.3165 4.2759 -0.66838 -0.66206
0.20165 1.5674 2.5192 3.9871 -0.67806 -0.59924
0.26698 1.4272 2.7666 3.6323 -0.70647 -0.52696
0.34495 1.2499 3.0618 3.1596 -0.72523 -0.42665
0.46396 1.0032 3.4694 2.4745 -0.76839 -0.28862
0.62194 0.70201 3.9843 1.6806 -0.86789 -0.12552
0.80958 0.31576 4.6542 0.75617 -0.87275 0.12908
0.9411 0.018577 5.2626 0.28229 -0.88527 0.36052
0.88327 0.13518 5.1728 1.06 -0.96821 0.35629
0.87653 0.58987 4.4522 0.21832 -0.63818 0.22225
1.3763 -0.80535 5.2909 -3.2567 -0.83773 0.8147
0.90144 -0.71202 3.9371 -2.4447 -1.7355 0.65971
1.6349 -1.1986 8.0989 -0.83601 -0.63581 1.062
2.2623 -2.0833 8.9537 -5.8214 -0.92273 2.2044
0.44846 0.70282 1.516 -1.786 -0.78712 0.29227
1.5767 -1.2831 4.4185 -3.6238 -1.24 1.0765
1.5438 -1.6065 5.5407 -4.5115 -0.89565 1.502
1.5559 -1.4471 5.1876 -4.927 -0.93898 1.5524
1.493 -1.3874 4.416 -4.874 -0.88719 1.4932
1.4543 -1.2745 3.7306 -5.1242 -0.82722 1.5242
1.4141 -1.3192 3.1964 -5.3934 -0.78049 1.5575
1.3786 -1.3524 2.7837 -5.5678 -0.69162 1.6045
1.2528 -1.2259 2.4119 -4.7864 -0.7167 1.4426
1.1066 -1.0611 2.245 -3.5301 -0.99275 1.1583
1.3262 -1.354 2.8105 -5.9547 -0.40207 1.6607
1.314 -1.0911 1.6258 -5.5143 -0.62073 1.7257
1.3238 -1.2277 1.6925 -6.2461 -0.64001 1.8887
0.9774 -0.96253 1.434 -2.5774 -0.65458 1.1582
1.0077 -0.75607 1.9768 -3.0656 -0.77966 1.2695
1.1619 -0.50171 1.9622 -3.8032 -0.51939 1.5056
1.0529 -0.54942 1.4351 -3.2188 -0.68496 1.4765
1.0396 -0.3041 1.5668 -2.2484 -0.72773 1.398
1.027 -0.086302 1.7766 -1.2913 -0.78906 1.3124
0.9959 0.20275 1.9585 -0.43963 -0.80295 1.2352
0.9493 0.49166 1.7331 -0.20937 -0.83697 1.224
0.92827 0.58577 1.7549 0.4856 -1.018 1.1348
0.93065 0.50521 1.8683 0.62076 -0.84554 1.1156
0.91739 0.96819 1.8784 1.3798 -1.0708 1.0342
0.98231 1.1006 1.8726 1.7548 -1.082 1.1561
0.94555 1.1541 1.8128 2.2346 -1.2036 1.0347
0.81625 1.8125 2.2619 4.9447 -1.2109 0.79023
0.9995 0.83206 1.5048 -0.35234 -1.1505 1.1157
0.91752 0.96518 1.8916 2.2362 -1.2942 0.99233
0.92105 1.328 1.958 2.8996 -1.3251 0.93853
0.92818 1.3321 1.9704 2.5882 -1.3428 0.92268
0.92606 1.1774 1.9308 2.29 -1.385 0.93473
0.9316 1.0516 1.9372 1.8912 -1.4025 0.94933
0.92898 0.94178 1.9578 1.6527 -1.4253 0.94741
0.92404 0.87885 1.9785 1.4951 -1.4279 0.93402
0.90468 0.84173 2.026 1.4063 -1.4663 0.94163
0.89098 0.82783 2.0965 1.3183 -1.4732 0.93537
0.881 0.81648 2.1892 1.2318 -1.4869 0.94384
0.86484 0.73657 2.295 1.1964 -1.5463 0.94147
0.89499 0.79007 2.2618 1.1704 -1.5843 0.9072
0.96996 0.73988 1.6285 1.2591 -1.6624 0.74659
0.79992 0.62269 2.2171 0.81197 -1.4603 0.9234
0.71686 0.92955 3.4244 0.9452 -1.6182 1.1191
0.96685 0.8962 1.7825 1.7924 -1.8523 0.66855
0.88846 0.68265 2.1698 0.74599 -1.6136 0.85624
0.86479 0.77908 2.3627 1.2699 -1.7699 0.80986
0.85357 0.86719 2.4631 1.2739 -1.7773 0.80931
0.86384 0.86684 2.4528 1.3005 -1.8297 0.80313
0.88885 0.85828 2.4339 1.2968 -1.8526 0.77849
0.90511 0.84342 2.4258 1.2799 -1.8803 0.75534
0.91815 0.83818 2.4269 1.283 -1.9079 0.73874
0.92951 0.85559 2.3787 1.3151 -1.9383 0.7257
0.93129 0.80952 2.4601 1.2933 -1.9749 0.71625
0.95725 0.75396 2.541 1.2549 -2.0388 0.71478
0.97375 0.88214 2.5004 1.2439 -1.9947 0.6899
0.99102 0.80245 2.536 1.2198 -2.038 0.69971
1.0037 0.7658 2.5788 1.1795 -2.0661 0.70238
1.0346 0.7011 2.642 1.1127 -2.0912 0.70898
1.0329 0.82505 2.5302 1.0779 -2.1181 0.68956
1.0023 0.7639 2.4652 1.102 -2.1681 0.70638
0.99854 0.70773 2.8145 1.0738 -2.0092 0.74918
1.2089 0.76171 2.9292 1.0171 -2.1344 0.66469
1.0433 0.7186 2.4503 0.79489 -2.2984 0.79116
1.0323 0.65235 2.6405 0.86955 -2.091 0.71061
1.0778 0.76027 2.7065 0.9285 -2.1729 0.69729
1.0801 0.69385 2.719 0.87655 -2.1837 0.67607
1.0782 0.66942 2.6982 0.81297 -2.2073 0.63493
1.075 0.67057 2.6828 0.83547 -2.241 0.58021
1.0635 0.67385 2.6557 0.85154 -2.2574 0.51059
1.0363 0.65692 2.612 0.87105 -2.27 0.41638
1.0283 0.64462 2.6148 0.94692 -2.3056 0.29883
1.0138 0.64688 2.5884 1.0019 -2.3364 0.16298
0.9862 0.62969 2.5627 1.0972 -2.4042 -0.065194
0.9462 0.64695 2.497 1.285 -2.4742 -0.35651
0.91093 0.64794 2.4574 1.5697 -2.5733 -0.69229
0.88682 0.67837 2.4333 2.0634 -2.6507 -0.90051
0.99034 0.73872 2.3333 1.2603 -2.2778 -0.19615
0.69445 0.68716 2.0462 1.7672 -2.5161 -0.97787
0.81556 0.5443 2.2402 2.5968 -3.0757 -2.0676
0.82685 0.86938 2.6753 2.9314 -2.6613 -1.7436
0.68038 0.96473 1.4443 2.6065 -2.6655 -1.5924
0.64454 0.69436 1.854 2.817 -2.7254 -1.8774
0.72794 0.77629 2.1076 3.0776 -2.6593 -1.8192
0.62336 1.0277 1.7459 3.4871 -2.7836 -2.2442
0.5852 0.94015 1.6803 3.6039 -2.7593 -2.3281
0.5998 0.96797 1.6348 3.6928 -2.6982 -2.2821
0.53709 1.0327 1.5906 3.8072 -2.7222 -2.3493
0.56044 1.0372 1.5552 3.877 -2.6551 -2.2513
0.53273 1.0661 1.511 3.943 -2.6296 -2.2644
0.52762 1.0941 1.5012 3.9876 -2.6045 -2.233
0.51758 1.1179 1.4913 4.0156 -2.5765 -2.2291
0.51365 1.1264 1.4878 4.0226 -2.5866 -2.1967
0.51514 1.1529 1.4391 4.0263 -2.5517 -2.1759
0.49366 1.1051 1.5001 3.9767 -2.5562 -2.1465
0.52659 1.0839 1.5594 3.9197 -2.5494 -2.0866
0.51747 1.1878 1.5137 3.8908 -2.5082 -2.0722
0.51949 1.1371 1.5128 3.8816 -2.5239 -2.0703
0.50725 1.1405 1.5091 3.8551 -2.5616 -2.0595
0.52679 1.0822 1.5879 3.7728 -2.5258 -2.0277
0.53762 1.1033 1.5995 3.7516 -2.5316 -1.9954
0.53312 1.1376 1.5884 3.6663 -2.528 -1.9898
0.53449 1.1031 1.6154 3.6142 -2.5336 -1.9753
0.55077 1.0779 1.647 3.5728 -2.5341 -1.9346
0.55901 1.092 1.6686 3.4988 -2.5324 -1.8927
0.54938 1.094 1.6683 3.397 -2.4917 -1.8787
0.5617 1.0482 1.6589 3.3965 -2.4843 -1.8154
0.56529 0.98729 1.7169 3.1992 -2.4637 -1.7805
0.577 1.092 1.8372 3.2288 -2.4256 -1.6777
0.56626 1.0296 1.7727 2.9242 -2.3203 -1.6012
0.58603 0.93721 1.8197 2.8398 -2.3053 -1.537
0.59994 0.93167 1.8543 2.8074 -2.4623 -1.5684
0.65069 1.0025 1.9706 3.0156 -2.5518 -1.5852
0.47451 0.98782 1.9583 2.2695 -1.6888 -1.2248
0.64055 0.89123 1.9426 2.4473 -2.38 -1.2855
0.64188 0.77594 2.1793 2.3652 -2.2628 -1.3027
0.61489 0.90152 2.1805 2.2006 -2.1295 -1.2129
0.60885 0.89746 2.2017 2.133 -2.0943 -1.1675
0.62211 0.85867 2.2545 2.0857 -2.0781 -1.1079
0.63969 0.81318 2.3462 1.9617 -2.0588 -1.0842
0.67071 0.74678 2.5383 1.8705 -2.065 -1.0137
0.67313 0.86187 2.5822 1.8355 -2.0757 -1.0024
0.6866 0.80743 2.6331 1.7915 -2.019 -0.93505
0.62312 0.73398 2.6012 1.6296 -1.98 -0.91512
0.71335 0.81544 2.6232 1.7939 -1.9047 -0.94446
0.71374 0.6979 3.0064 1.6317 -2.0574 -0.90739
0.83849 0.83032 3.2197 1.8394 -2.4104 -0.83892
0.61888 0.90869 2.6537 1.6055 -1.5446 -0.82933
0.73152 0.56963 3.0731 1.4818 -2.0421 -0.79703
0.75416 0.78252 3.1124 1.6599 -2.0419 -0.81119
0.76253 0.81038 3.1444 1.6925 -2.0131 -0.79656
0.75894 0.78253 3.1622 1.7116 -1.9973 -0.78471
0.76158 0.74467 3.1995 1.607 -1.9848 -0.7587
0.74416 0.79019 3.1717 1.6589 -1.9633 -0.76329
0.72695 0.78384 3.1729 1.6965 -2.0123 -0.77419
0.75933 0.71345 3.2748 1.6557 -1.991 -0.74595
0.7726 0.85335 3.1916 1.7135 -2.0329 -0.7464
0.73152 0.79976 3.1839 1.7388 -2.0357 -0.74911
0.73815 0.79031 3.1772 1.7647 -2.0437 -0.77139
0.7366 0.82475 3.1688 1.7836 -2.0631 -0.7847
0.7459 0.85276 3.1897 1.8383 -2.0533 -0.79671
0.69964 0.71882 3.2477 1.5778 -2.1636 -0.75819
0.74324 0.90515 3.1136 2.0062 -2.0735 -0.7587
0.71733 0.92766 3.1268 1.9197 -2.1153 -0.81861
0.71105 0.85834 3.1223 1.8429 -2.252 -0.85685
0.69383 0.87652 3.0742 1.9165 -2.0834 -0.82985
0.71009 0.81039 3.2524 1.932 -2.2034 -0.80324
0.70336 0.98673 3.138 1.9605 -2.2199 -0.85288
0.69703 0.93317 3.1469 1.9571 -2.2222 -0.86401
0.72705 0.88028 3.2005 1.9136 -2.2279 -0.83078
0.73957 0.85379 3.3608 1.8179 -2.2387 -0.81664
0.7611 0.85715 3.4267 1.7212 -2.2467 -0.79415
0.79574 0.85486 3.4967 1.6815 -2.257 -0.74353
0.82407 0.75267 3.6725 1.456 -2.256 -0.67084
0.85261 0.7044 3.8082 1.3256 -2.2539 -0.65512
0.88882 0.7247 3.9439 1.1636 -2.2469 -0.57102
0.94655 0.52772 4.1623 0.94309 -2.1857 -0.49796
1.0308 0.40572 4.3605 0.52048 -2.2277 -0.3142
1.1578 0.20193 4.9419 -0.064016 -2.1685 -0.13141
1.2156 0.16585 5.2114 -0.18941 -2.1168 0.06404
1.2485 0.14287 5.3379 -0.069914 -2.1194 0.048692
0.89188 0.63139 4.2882 1.5134 -2.0963 -0.43195
1.0288 0.73418 4.0593 0.022821 -1.852 0.20845
1.4216 -0.86878 6.6377 -1.1628 -1.7622 0.59462
1.2031 0.073847 5.5051 -0.124 -1.7043 0.4679
1.4797 0.33698 5.3216 0.66465 -1.9182 0.2836
1.1221 0.77088 5.5162 1.7337 -2.3036 0.28608
0.31706 1.4166 2.7013 3.3309 -0.64305 -0.02436
1.1471 0.25641 4.901 0.81273 -1.5479 0.50203
1.0468 0.77217 4.7773 3.0881 -1.5539 0.34574
0.83407 1.2883 3.8706 3.7862 -1.5997 0.10133
0.65955 1.9795 3.6771 5.3763 -1.2247 0.039932
0.51628 1.9288 2.8189 5.4675 -1.1681 0.0037199
0.39926 1.9219 2.5459 5.5286 -1.0784 -0.13413
0.39378 1.9355 2.4187 5.9986 -1.1685 -0.13485
0.44752 2.3384 2.3163 7.1392 -1.481 -0.3144
0.29543 3.4591 2.0843 10.344 -1.0957 -0.37079
0.07425 2.2417 1.3543 5.8026 -0.86498 -0.32689
0.18527 2.5589 1.4896 7.8417 -1.1924 -0.46541
0.16404 2.8093 1.4427 8.3892 -1.2098 -0.49287
0.12033 2.8778 1.2848 8.5337 -1.1697 -0.5348
0.085715 2.8453 1.2188 8.3279 -1.116 -0.53599
0.070342 2.8043 1.1582 8.2526 -1.114 -0.58253
0.066276 2.7338 1.1578 8.0772 -1.1393 -0.58304
0.075415 2.6954 1.21 7.9491 -1.1584 -0.6135
0.089176 2.6268 1.3073 7.8091 -1.1589 -0.62977
0.10976 2.6274 1.4002 7.8112 -1.1684 -0.63441
0.11569 2.5912 1.494 7.7316 -1.1588 -0.65101
0.15144 2.5646 1.5723 7.6866 -1.1933 -0.68436
0.12007 2.5095 1.5533 7.5248 -1.1822 -0.67147
0.17181 2.5034 1.7733 7.5274 -1.1868 -0.70353
