0.0083907 0.032805 -0.086138 -0.029729 -0.0089309 -0.0076335
0.023762 -0.021953 -0.11547 -0.076917 -0.0079272 0.0019422
-0.023996 0.14735 -0.13395 -0.0085481 0.039291 0.034475
0.028079 0.077622 -0.054894 -0.0014008 -0.062388 -0.0044862
0.028981 0.0017155 0.12487 -0.16106 0.063303 -0.0079433
0.0061758 0.035821 0.18287 -0.12609 0.11248 0.032993
0.011262 0.073235 0.099446 -0.051589 0.010234 0.037144
0.027468 0.16122 -0.073426 -0.13815 0.0072198 0.018493
0.024612 0.10286 0.084446 -0.12937 0.067662 0.034241
0.021135 0.10073 0.15926 -0.14948 0.084064 0.039968
0.02542 0.084966 0.20138 -0.12701 0.06438 0.04071
0.032469 0.12394 0.17608 -0.15145 0.081819 0.048486
0.025105 0.14204 0.14343 -0.15295 0.084759 0.048434
0.035131 0.14939 0.16364 -0.15239 0.07914 0.055484
0.032581 0.13307 0.23237 -0.17878 0.093761 0.051073
0.039972 0.11029 0.25274 -0.18498 0.089902 0.05783
0.040407 0.18143 0.20364 -0.11234 0.085702 0.052903
0.038712 0.15421 0.23395 -0.17285 0.097201 0.065493
0.04465 0.16153 0.22889 -0.15829 0.10324 0.061091
0.038288 0.16985 0.2598 -0.12893 0.1157 0.066495
0.050466 0.13352 0.31646 -0.14655 0.10959 0.068511
0.049291 0.17683 0.27326 -0.12217 0.10855 0.072277
0.046253 0.1562 0.24508 -0.13619 0.080352 0.063342
0.053157 0.20869 0.2378 -0.12238 0.12194 0.059798
0.032867 0.12908 0.47324 -0.10581 0.18957 0.088312
0.065447 0.15346 0.27432 -0.091317 0.084406 0.075442
0.060276 0.21408 0.28538 -0.090999 0.11953 0.068716
0.049216 0.17457 0.34267 -0.070591 0.14264 0.075529
0.049265 0.16312 0.3197 -0.08373 0.13647 0.074726
0.052397 0.18073 0.34802 -0.07473 0.14002 0.075859
0.057757 0.145 0.38225 -0.064889 0.14319 0.076062
0.058119 0.19293 0.35258 -0.047134 0.14853 0.076456
0.049452 0.20029 0.35937 -0.044488 0.14307 0.078713
0.058312 0.18353 0.33626 -0.04013 0.15009 0.085862
0.055284 0.16878 0.39089 -0.039172 0.1485 0.069052
0.056057 0.16688 0.40551 -0.042704 0.16076 0.066216
0.054849 0.19633 0.39946 -0.02742 0.13216 0.084326
0.0548 0.19668 0.37409 -0.016564 0.1539 0.077656
0.055249 0.19784 0.36813 -0.0069793 0.1501 0.07532
0.055699 0.16454 0.45147 -0.0016503 0.14342 0.068688
0.050112 0.18612 0.46991 -0.077119 0.15514 0.079609
0.04998 0.18471 0.51712 -0.030435 0.14237 0.085897
0.052957 0.19102 0.55622 -0.10368 0.13189 0.076235
0.043502 0.22454 0.38251 0.093093 0.14917 0.083615
0.075776 0.17004 0.47303 -0.074415 0.074936 0.055469
0.048494 0.13602 0.89145 -0.030585 0.20654 0.085505
0.033908 0.21178 0.6336 -0.074744 0.12975 0.10382
0.029394 0.21166 0.55684 -0.090349 0.11277 0.095065
0.069265 0.18575 0.60988 -0.10106 0.07088 0.074725
0.048493 0.11903 1.0407 -0.061164 0.11683 0.092635
0.043879 0.16719 0.92996 -0.21921 0.18758 0.10332
0.039545 0.207 0.96765 0.024451 0.1021 0.096786
0.041514 0.16754 0.80856 -0.20536 0.034136 0.11234
0.044484 0.19568 1.021 -0.19163 0.16667 0.113
0.047767 0.087951 1.3027 -0.2559 0.080902 0.11583
0.033466 0.1372 1.2144 -0.17936 0.080836 0.12306
0.044326 0.22476 1.1657 0.00016131 0.10735 0.109
0.034758 0.153 1.3187 -0.1826 0.12076 0.15136
0.045046 0.062386 1.2798 -0.3353 0.10941 0.11465
0.033207 0.16198 1.5986 -0.27093 0.035762 0.14448
0.051888 0.1327 1.5643 -0.30119 0.031149 0.1563
0.037602 0.19774 1.4296 0.1556 0.14352 0.14423
0.036523 0.10386 1.636 -0.26989 0.099945 0.14249
0.048147 0.12783 1.6379 -0.054502 0.063056 0.16041
0.035859 0.12453 1.6701 -0.1313 0.070938 0.15082
0.034153 0.12371 1.7849 -0.094151 0.10404 0.15777
0.044992 0.16124 1.7115 0.26512 0.072403 0.16878
0.044514 0.11519 1.9365 0.037903 0.059531 0.16342
0.041206 0.1614 1.8665 -0.0029663 0.059916 0.18351
0.04053 0.15116 1.8983 0.24185 -0.033361 0.17374
0.046839 0.17881 1.8028 0.47024 0.10884 0.16582
0.052262 0.13971 1.9914 0.47751 0.24289 0.12729
0.026239 0.18864 2.1345 0.49662 -0.0015292 0.20019
0.017416 0.077254 2.2278 0.091846 0.022059 0.26585
0.05402 0.19353 1.7765 1.0007 0.010108 0.10598
0.029267 0.32898 1.783 0.81324 0.15053 0.15235
0.047161 0.1186 2.4097 0.67236 0.057431 0.20996
0.055201 0.13426 2.3939 0.83077 0.015321 0.1926
-0.0016188 0.30045 1.9752 0.88011 0.13397 0.20421
0.030944 0.22438 2.0624 1.0664 0.042954 0.17293
0.040458 0.2247 2.0831 1.0786 0.094368 0.16761
0.014979 0.18831 2.2456 0.964 0.1042 0.18935
0.026272 0.225 2.2704 1.0755 0.055158 0.1952
0.021588 0.29753 2.1839 1.2134 0.095724 0.1919
0.02914 0.29516 2.1417 1.1758 0.072715 0.18408
0.021604 0.23295 2.1717 1.1493 0.068101 0.18677
0.018725 0.26897 2.1731 1.1839 0.12371 0.17336
0.014146 0.28898 2.1642 1.3024 0.1256 0.18585
0.015881 0.27877 2.1579 1.1098 0.078992 0.18399
0.024677 0.25131 2.1907 1.1168 0.072283 0.18533
0.019082 0.28951 2.1488 1.1886 0.15151 0.17371
0.023287 0.32531 2.1884 1.2903 0.093029 0.17326
0.012955 0.27923 2.1504 1.1435 0.10913 0.17697
0.017131 0.33291 1.9771 1.1571 0.1158 0.17067
0.031497 0.27399 2.0972 1.1188 0.11035 0.15974
0.014325 0.26539 2.0956 1.1 0.13788 0.16427
0.026406 0.33165 2.1147 1.098 0.12517 0.15848
0.020103 0.26902 2.1436 1.0856 0.11875 0.16905
0.023005 0.29221 2.0961 1.0751 0.099276 0.17162
0.022126 0.31326 1.8938 1.039 0.15943 0.13919
0.018504 0.32368 1.7964 1.0369 0.099592 0.13945
0.021027 0.2352 2.1262 0.86482 0.12125 0.15914
0.01187 0.28282 1.9266 0.97583 0.056439 0.15473
0.028863 0.30302 1.8786 0.97314 0.24097 0.13281
-0.002938 0.25024 1.872 0.81428 0.165 0.14711
0.015727 0.25669 1.7769 0.80797 -0.0097798 0.15575
0.013178 0.27285 1.6803 0.7491 0.11895 0.13838
0.001157 0.2402 1.614 0.63005 0.14396 0.13045
-0.0073545 0.21336 1.6002 0.56777 0.095565 0.12392
-0.015457 0.25563 1.7199 0.66019 0.13308 0.1474
-0.029047 0.26253 1.8237 0.87691 0.11927 0.18773
-0.025406 0.1542 1.1125 0.14031 0.012735 0.11233
-0.012483 0.19925 1.3451 0.27041 0.092927 0.13709
0.018445 0.1835 1.4501 0.34901 0.18001 0.13895
-0.013103 0.18188 1.3703 0.25365 0.23325 0.11198
-0.085924 0.17507 1.3149 0.19045 0.054775 0.15076
-0.12795 0.12985 1.2939 0.12789 -0.20182 0.20272
0.017151 0.16099 1.0318 -0.0077066 0.16631 0.13397
-0.0027139 0.14351 1.2741 -0.017798 0.27394 0.12359
-0.050775 0.056364 1.5176 -0.045707 0.18765 0.15517
-0.060027 0.10563 1.0956 -0.24845 0.076098 0.15373
-0.058012 0.12535 1.084 -0.10054 0.040544 0.15378
-0.047757 0.12396 1.0786 -0.19915 0.088018 0.16681
-0.033981 0.030928 1.391 -0.35378 0.1464 0.16746
-0.040592 0.031011 1.3416 -0.27 0.16588 0.17698
-0.04414 0.084756 1.2922 -0.27068 0.1647 0.1581
-0.038517 0.050291 1.3238 -0.32514 0.16076 0.17277
-0.048212 0.050987 1.311 -0.3826 0.21408 0.13618
0.014751 0.015428 1.4775 -0.2275 0.035837 0.23083
-0.019185 0.040993 1.4514 -0.3412 0.15793 0.19273
-0.027782 0.031462 1.4788 -0.39472 0.20866 0.1698
-0.025032 0.046342 1.4084 -0.27689 0.1657 0.17603
0.0032359 0.0022488 1.5953 -0.23886 0.16475 0.19636
-0.0094328 0.010705 1.5483 -0.2478 0.13925 0.20081
-0.003573 0.04929 1.5177 -0.276 0.22365 0.18769
0.041378 0.051804 1.7039 -0.30114 0.097427 0.19977
0.025267 -0.026455 1.6136 -0.48228 0.066107 0.15564
0.0069616 0.010216 1.4893 -0.14719 0.20198 0.24371
-0.010263 0.08614 1.497 0.3629 0.16655 0.2132
0.029484 0.040734 1.5315 -0.60539 0.075734 0.14601
0.066446 0.051834 1.4822 -0.42003 0.11089 0.2009
0.026448 -0.03957 1.4459 -0.16674 0.07627 0.17273
0.022969 0.069436 1.4981 -0.1285 0.077077 0.16755
0.030465 0.12424 1.5371 -0.021459 0.14431 0.21227
0.056353 0.028316 1.0931 -0.40558 0.011474 0.18038
0.056564 0.00019 1.3033 -0.43934 0.008873 0.15519
0.031599 0.083987 1.148 -0.18082 0.043309 0.15052
0.049199 0.078839 1.1476 -0.20744 0.073152 0.15518
0.044029 0.08678 1.0947 -0.30941 0.024643 0.15007
0.047586 0.068721 1.0934 -0.31293 -0.003265 0.15907
0.052209 0.061471 0.99398 -0.33415 0.0093413 0.13994
0.050766 0.085976 0.90483 -0.34199 -0.0079234 0.13618
0.053233 0.092162 0.874 -0.33415 0.01281 0.12937
0.049257 0.066646 0.84325 -0.36135 0.011726 0.12541
0.050794 0.095927 0.80607 -0.38353 0.0077447 0.11994
0.047883 0.10015 0.74346 -0.31982 0.0027921 0.11785
0.046985 0.09603 0.73765 -0.34475 0.011386 0.11637
0.041057 0.09759 0.69536 -0.33017 0.045927 0.1139
0.053655 0.09103 0.74731 -0.36016 0.029319 0.099629
0.056378 0.083658 0.73124 -0.38121 0.034113 0.097567
0.041875 0.14937 0.52003 -0.23456 0.062717 0.11382
0.039707 0.10475 0.551 -0.33656 0.012748 0.099971
0.031594 0.063632 0.6777 -0.34509 0.058977 0.095809
0.048248 0.11674 0.65808 -0.32284 0.1413 0.083149
0.050572 0.10583 0.60819 -0.2808 0.088312 0.087989
0.04431 0.14106 0.49416 -0.20762 0.066091 0.10142
0.02763 0.13361 0.42167 -0.31706 0.077206 0.087212
0.037582 0.076909 0.55397 -0.29591 0.1 0.076784
0.042083 0.10522 0.56955 -0.28349 0.13897 0.087507
0.047597 0.13262 0.56059 -0.20869 0.16142 0.084911
0.019909 0.12778 0.37818 -0.27942 0.050549 0.080537
0.041194 0.11002 0.4417 -0.28465 0.1169 0.07902
0.035782 0.086321 0.46836 -0.2776 0.14217 0.086222
0.038082 0.13789 0.40601 -0.27198 0.12329 0.073527
0.030167 0.15011 0.29908 -0.23448 0.10393 0.068034
0.034467 0.1152 0.40379 -0.24569 0.11859 0.085541
0.029044 0.061369 0.44992 -0.28944 0.1326 0.083206
0.037382 0.12716 0.38773 -0.29932 0.11388 0.073945
0.048848 0.090347 0.55332 -0.37123 0.13627 0.084402
0.021862 0.18319 0.18405 -0.21379 0.11195 0.041456
0.018994 0.093413 0.21987 -0.24471 0.11609 0.105
0.03338 0.085379 0.41243 -0.30282 0.10829 0.075578
0.046883 0.0915 0.43482 -0.268 0.14559 0.081584
0.030952 0.12453 0.46184 -0.4376 0.15059 0.069633
0.0339 0.1189 0.31965 -0.2487 0.13289 0.078467
0.027594 0.098639 0.34747 -0.18752 0.13716 0.079997
0.03765 0.10717 0.455 -0.38019 0.16934 0.091278
0.039234 0.086266 0.45314 -0.31378 0.17772 0.079647
0.03224 0.11091 0.39156 -0.26178 0.17938 0.10969
0.04101 0.12092 0.43237 -0.30784 0.19025 0.098245
0.040712 0.09985 0.46409 -0.27471 0.22253 0.10423
0.045819 0.10042 0.50284 -0.28262 0.24026 0.11749
0.049316 0.10236 0.5011 -0.2653 0.26357 0.12678
0.054624 0.099606 0.52671 -0.28885 0.27279 0.13444
0.044715 0.12699 0.51151 -0.27852 0.28459 0.1487
0.052439 0.14718 0.41189 -0.14156 0.24632 0.15159
0.065072 0.069945 0.72437 -0.25973 0.4615 0.17087
0.0589 0.10043 0.52927 -0.33078 0.25901 0.17598
0.067303 0.17402 0.49933 -0.17758 0.36307 0.18868
0.075661 0.10879 0.53904 -0.13491 0.43605 0.21307
0.075876 0.10315 0.61323 -0.097693 0.45784 0.25427
0.092844 0.16144 0.73656 -0.21226 0.50402 0.30572
0.088992 0.12353 0.55332 -0.033326 0.52181 0.32672
0.093546 0.18915 0.45043 -0.15665 0.46915 0.28662
0.060353 0.10315 0.9078 -0.22852 0.38368 0.032894
0.0016177 0.20764 0.22226 -0.25461 -0.034132 -0.51414
0.10406 0.14438 0.79829 0.74953 1.3374 1.4954
0.20794 0.14275 0.79638 -0.084579 0.70238 0.29812
0.16779 0.15522 0.81492 -0.47708 0.35066 0.34282
-0.071485 0.25341 0.457 0.24296 0.42315 -0.29522
0.053659 0.23552 0.66469 0.45996 0.65863 0.28206
0.11991 0.16634 0.78131 0.085056 0.64376 0.4808
0.090856 0.20623 0.79696 0.23498 0.71044 0.38869
0.068819 0.19881 0.83128 0.25844 0.7135 0.34021
0.065687 0.22496 0.80229 0.41858 0.64941 0.32347
0.056378 0.31207 0.75602 0.52184 0.6928 0.28388
0.064654 0.28685 0.89366 0.61618 0.74383 0.30845
0.039955 0.22712 1.0614 0.57615 0.86527 0.34661
0.0041505 0.27471 1.0155 0.58503 0.7056 0.32922
0.043103 0.26727 0.83864 0.46581 0.59804 0.21933
0.041378 0.19916 0.85347 0.24091 0.67044 0.17683
-0.040754 0.43037 1.1844 2.1809 1.2427 0.75224
0.041741 0.3031 1.2035 0.39579 0.63816 0.17928
-0.016904 0.30897 1.1179 0.87961 0.75677 0.29979
-0.031814 0.3441 0.96395 1.1669 0.8486 0.35948
-0.018267 0.29466 1.1616 1.0082 0.86626 0.38964
-0.027512 0.24984 1.1314 0.97025 0.76714 0.29767
-0.029698 0.3513 1.1742 1.2383 0.75353 0.30258
-0.046278 0.39913 1.0435 1.4042 0.88298 0.43886
-0.10091 0.33555 1.1169 1.3727 0.92823 0.41034
-0.074074 0.2947 1.1213 1.3541 0.87661 0.38953
-0.0019643 0.27927 1.2138 1.1835 0.54628 0.26698
-0.048409 0.40022 0.93391 1.479 0.72907 0.36996
-0.16611 0.44648 0.7328 1.5714 0.94608 0.35098
-0.057984 0.21834 0.79871 1.4936 0.78418 0.38205
-0.069417 0.30117 1.0739 1.4761 0.62597 0.33083
-0.08042 0.34027 0.85613 1.2283 0.61992 0.30151
-0.11358 0.25788 0.78097 0.91653 0.69821 0.32661
-0.067268 0.29815 0.57388 1.2008 0.72072 0.38065
-0.095631 0.64607 0.41826 3.8447 0.70562 0.30218
-0.14912 0.18512 0.66866 0.95387 0.58424 0.30862
-0.070471 0.26518 0.26462 0.58947 0.5795 0.25445
-0.060447 0.23905 0.61817 1.0901 0.58087 0.25185
-0.10155 0.33867 0.41229 2.0201 0.5497 0.30236
-0.11301 0.40366 0.29528 2.1642 0.4939 0.2848
-0.11079 0.34699 0.32187 1.6107 0.68478 0.25636
-0.078098 0.3028 0.31821 1.6107 0.51617 0.23343
-0.084224 0.3175 0.21151 1.7166 0.5334 0.22641
-0.12904 0.36324 0.19055 1.9173 0.55104 0.24607
-0.084063 0.31272 0.51422 1.9295 0.44821 0.23956
-0.073515 0.32968 0.44071 1.8013 0.50387 0.22601
-0.10181 0.3085 0.40445 1.9052 0.50539 0.2089
-0.081022 0.45203 0.29857 2.5749 0.45531 0.19736
-0.12132 0.40725 0.53077 2.2862 0.53204 0.22955
-0.11091 0.34184 0.62888 2.1268 0.48191 0.25256
-0.12962 0.38029 0.5482 2.4465 0.49331 0.22527
-0.11136 0.46952 0.79924 2.5725 0.36463 0.17085
-0.14122 0.40528 0.88437 2.3532 0.46416 0.20624
-0.11332 0.4744 0.87682 2.8843 0.40169 0.2708
-0.12995 0.46267 1.0055 2.6715 0.40422 0.27923
-0.19527 0.4372 1.1271 2.9997 0.40969 0.26404
-0.21669 0.59703 0.95957 3.0169 0.3027 0.17763
-0.17304 0.58469 1.0793 3.0297 0.19463 0.17379
-0.22621 0.50967 1.4796 2.6776 0.32465 0.29254
-0.2362 0.44288 1.4866 2.7726 0.29156 0.31737
-0.27421 0.64267 1.4091 3.3324 0.2619 0.2886
-0.26856 0.5806 1.462 2.9501 0.11448 0.21885
-0.27647 0.57675 1.5102 2.9837 0.017926 0.24715
-0.34448 0.58966 1.5885 3.016 0.045049 0.25862
-0.37567 0.61044 1.6556 2.9643 -0.021251 0.24458
-0.40649 0.56539 1.7655 2.8134 -0.064706 0.24362
-0.37097 0.52737 1.7474 2.683 -0.13569 0.21302
-0.27782 0.59728 1.6351 2.5457 -0.045882 0.17853
-0.40282 0.53538 1.8313 2.5976 -0.16518 0.44078
-0.44108 0.51007 1.9556 2.4572 -0.28882 0.34161
-0.35409 0.58489 1.5991 2.5585 -0.25842 0.0085276
-0.70349 0.51727 1.7579 2.8492 -0.30758 -0.20996
-0.40405 0.44562 2.0357 1.9551 -0.97599 0.59896
-0.27029 0.46488 1.5769 1.9121 -0.022375 0.25146
-0.27632 0.40618 1.7837 1.5253 0.013697 0.13838
-0.41141 0.42169 1.8108 2.1576 -0.55074 0.18648
-0.58991 0.46801 1.6848 2.2515 -0.72317 0.0088418
-0.44038 0.37433 1.6516 1.7241 -0.48537 0.12479
-0.27665 0.39327 1.5634 1.5287 -0.30682 0.21487
-0.32108 0.36108 1.5696 1.4528 -0.38151 0.12903
-0.3642 0.32657 1.5636 1.534 -0.3926 0.12222
-0.31938 0.33612 1.4307 1.4957 -0.39139 0.15218
-0.2754 0.45127 1.0833 1.8058 -0.43982 0.058924
-0.32719 0.19873 1.7034 0.83192 -0.16657 0.12596
-0.27634 0.35123 1.4962 1.4392 -0.29463 0.11825
-0.26335 0.39642 0.96248 1.4293 -0.28197 0.1102
-0.24576 0.32651 0.92493 1.2496 -0.17186 0.099656
-0.22363 0.32073 1.3535 1.5071 -0.11903 0.12427
-0.24029 0.39644 1.1319 1.465 -0.15665 0.13746
-0.20882 0.39898 1.0289 1.4802 0.051193 0.096056
-0.22054 0.41553 0.98359 1.4784 -0.069371 0.15137
-0.21509 0.38295 1.0042 1.6281 -0.013362 0.14203
-0.20932 0.47728 1.0792 1.7967 0.07389 0.16933
-0.21712 0.49677 1.023 1.912 0.10348 0.16876
-0.21384 0.52929 0.90851 1.9287 0.1326 0.19316
-0.22488 0.54599 0.86954 2.0896 0.14256 0.22315
-0.21149 0.58055 1.0241 2.4725 0.32546 0.17906
-0.22534 0.66192 1.112 2.7063 0.20601 0.26603
-0.2291 0.7075 1.0902 2.8441 0.14595 0.30586
-0.27997 0.70948 1.583 2.996 0.1703 0.29752
-0.17157 0.84904 0.54943 2.8573 0.33112 0.254
-0.3289 0.75154 1.0458 3.0482 0.51576 0.38987
-0.21696 0.76183 1.3573 3.6143 0.23273 0.27555
-0.332 1.0076 1.4259 3.9938 0.36143 0.43579
-0.27203 0.90903 1.3581 3.2852 0.39913 0.39997
-0.1792 0.91269 1.2372 3.7388 0.38256 0.38709
-0.33892 0.93606 1.4254 4.2007 0.46773 0.46145
-0.31926 1.0103 1.3235 4.3945 0.31956 0.38477
-0.26627 1.1517 1.5921 3.9061 0.49176 0.37708
-0.25854 0.88268 1.4688 3.4537 0.4673 0.43753
-0.32159 0.9962 1.4764 4.1535 0.55668 0.48011
-0.38951 1.0801 1.6106 4.3342 0.73291 0.57272
-0.16733 0.95595 1.5996 3.6464 0.26371 0.29039
-0.29271 0.95509 1.5831 3.7941 0.58522 0.39463
-0.29133 0.99143 1.5809 3.7451 0.58192 0.40029
-0.29183 0.96285 1.5735 3.5771 0.58244 0.40328
-0.32309 0.90059 1.5843 3.3459 0.57758 0.45199
-0.25651 0.89031 1.8386 3.2905 0.60361 0.33777
-0.27163 0.84928 1.688 3.1329 0.62224 0.34658
-0.26937 0.89002 1.434 3.1456 0.47183 0.36017
-0.23241 0.84598 1.2939 2.7526 0.59134 0.28899
-0.30265 0.63138 1.8889 2.3065 0.75796 0.27286
-0.28329 0.74211 1.6048 2.5407 0.51619 0.30646
-0.27122 0.7616 1.5048 2.5165 0.4334 0.30521
-0.28674 0.70368 1.4848 2.2827 0.49672 0.28189
-0.27973 0.68894 1.4461 2.1449 0.51413 0.25348
-0.21697 0.6243 1.4363 1.9332 0.58467 0.21554
-0.044509 0.60136 1.2769 1.8319 0.82192 0.081338
-0.53563 0.61628 1.485 1.9405 0.023253 0.34869
-0.35701 0.62765 1.3755 1.7597 0.42696 0.3127
-0.13526 0.56432 1.1823 1.6388 0.54727 0.10998
-0.21827 0.51047 1.2284 1.5589 0.45645 0.16748
-0.25762 0.60586 1.1509 1.6357 0.39982 0.17927
-0.26798 0.55788 1.1572 1.5942 0.38242 0.18146
-0.2695 0.55231 1.0606 1.5323 0.33394 0.16229
-0.2519 0.53956 0.88418 1.3438 0.32165 0.17473
-0.24646 0.51617 1.1236 1.4519 0.45527 0.18792
-0.23817 0.55441 1.0546 1.5062 0.21446 0.17291
-0.20572 0.52125 0.87152 1.4598 0.37065 0.11269
-0.26035 0.52706 0.78108 1.4161 0.40281 0.10483
-0.22266 0.57641 0.68005 1.3505 0.30268 0.13678
-0.19322 0.48091 0.92616 1.3058 0.29889 0.15523
-0.20168 0.52151 0.71478 1.3168 0.36818 0.10109
-0.21202 0.55383 0.78879 1.3476 0.29426 0.14022
-0.20605 0.50785 0.82294 1.4823 0.31584 0.13081
-0.18653 0.57694 0.62321 1.3662 0.34619 0.095735
-0.17914 0.50167 0.65623 1.2546 0.33733 0.094653
-0.18381 0.52298 0.66335 1.2761 0.33595 0.096928
-0.1722 0.55011 0.6638 1.3317 0.32631 0.11091
-0.1779 0.55327 0.61581 1.3155 0.32392 0.10752
-0.162 0.50093 0.73029 1.2816 0.33705 0.093469
-0.16028 0.51729 0.68247 1.2879 0.33091 0.094265
-0.16566 0.57395 0.63998 1.2779 0.35607 0.099687
-0.15996 0.56763 0.55244 1.301 0.32337 0.10265
-0.15978 0.50453 0.69686 1.2156 0.32198 0.091411
-0.14553 0.50846 0.68916 1.2356 0.32896 0.094385
-0.15533 0.57745 0.62581 1.2357 0.35579 0.094146
-0.154 0.56202 0.57819 1.2584 0.34202 0.089325
-0.14571 0.50769 0.70237 1.2082 0.3258 0.096783
-0.15086 0.51877 0.69376 1.1499 0.32968 0.1068
-0.15342 0.58281 0.57625 1.2345 0.33367 0.087361
-0.14721 0.52668 0.65489 1.1249 0.33641 0.1027
-0.13869 0.49557 0.67695 1.1648 0.32847 0.08779
-0.1458 0.56277 0.64743 1.1439 0.3375 0.0944
-0.15122 0.54204 0.60651 1.1548 0.34128 0.10086
-0.14149 0.5081 0.6653 1.1208 0.33331 0.092806
-0.14518 0.51347 0.64514 1.0865 0.33433 0.099419
-0.14515 0.53432 0.63469 1.0803 0.33019 0.099856
-0.13865 0.51554 0.7011 1.0478 0.32666 0.089829
-0.13666 0.47383 0.70737 1.0444 0.33775 0.098345
-0.13909 0.52853 0.63398 1.0647 0.34515 0.096646
-0.14732 0.51388 0.64323 1.0388 0.33915 0.10083
-0.13896 0.47468 0.68097 0.99012 0.3262 0.094658
-0.12946 0.44315 0.72363 0.96646 0.32015 0.09506
-0.1335 0.50416 0.74956 0.95442 0.34136 0.10731
-0.13796 0.45821 0.71846 0.96613 0.34268 0.096319
-0.12818 0.47625 0.74593 0.94571 0.33082 0.08914
-0.12951 0.44899 0.75958 0.91781 0.33141 0.098201
