9.6623e-05 -0.0014343 0.00065403 0.00087531 0.00038294 -0.00027601
-0.013821 0.083112 -0.010878 -0.003467 -0.0068573 0.0023754
-0.022034 0.10084 0.0095051 -0.015325 -0.0086225 0.0079112
-0.030353 0.11174 0.06169 -0.018571 -0.021652 0.03263
-0.029344 0.13876 0.062094 -0.032568 -0.021104 0.032552
-0.023516 0.19406 0.073987 -0.023869 -0.01948 0.025739
-0.014886 0.15946 0.075915 -0.015318 -0.0057898 0.0066323
-0.011147 0.19376 0.091085 -0.044996 -0.0068444 0.0085903
-0.019619 0.19872 0.05801 -0.085349 -0.016773 0.024602
-0.014838 0.20631 0.017686 -0.12552 -0.021406 0.028744
-0.026551 0.16161 -0.0056065 -0.093448 -0.029023 0.037519
-0.0071779 0.12309 -0.0073151 -0.09414 -0.021387 0.021527
-0.015493 0.16232 -0.037545 -0.094113 -0.027194 0.02452
0.031781 0.13415 -0.11546 -0.12942 0.064235 0.033238
-0.014864 0.12425 -0.31817 -0.20814 0.087631 0.082504
-0.0082686 0.11748 -0.52208 -0.11712 0.10731 0.064687
-0.060519 0.28156 -0.7388 0.69422 -0.046981 0.080201
0.046183 0.55127 -0.84646 1.9377 -0.12994 0.06789
0.14091 0.79318 -0.99442 3.0889 -0.1692 0.15485
0.28505 0.87648 -1.1474 3.1618 -0.10428 0.16592
0.38662 0.85042 -1.1675 3.3574 -0.033761 0.26305
0.43304 0.8874 -1.0491 3.4024 0.010695 0.3001
0.42321 0.94558 -0.75337 3.7767 0.066991 0.30641
0.2945 0.95882 -0.54868 3.0746 0.18257 0.20444
0.18626 0.76788 -0.32933 2.339 0.29815 0.12712
0.097095 0.65016 -0.17765 1.6516 0.40364 0.14011
0.091638 0.44006 -0.13838 1.426 0.41272 0.17614
0.085967 0.45183 -0.20592 1.7232 0.43974 0.21824
0.092968 0.362 -0.37556 2.1754 0.42879 0.22015
0.081272 0.55033 -0.29336 3.2166 0.48029 0.27586
0.10926 0.58349 -0.25544 3.8618 0.42185 0.34248
0.18326 0.81476 -0.19727 4.6846 0.42422 0.47147
0.33762 1.0617 -0.2759 5.3504 0.20504 0.58732
0.59496 1.5709 0.010651 6.325 0.26003 0.73516
0.85418 1.9409 0.61748 7.1411 0.19187 0.80366
1.0498 2.3011 0.95977 8.2179 0.21977 0.75538
1.1287 2.4716 0.8466 8.4886 -0.099652 0.75528
1.02 2.5125 0.30394 8.0516 -0.23544 0.66935
0.81292 2.1746 0.091811 6.159 -0.12267 0.64224
0.49935 1.7257 0.079636 4.9229 0.080424 0.32081
0.42585 1.3954 0.28216 4.327 0.06719 0.18984
0.45824 1.2358 0.71576 4.2283 -0.094824 0.040533
0.49046 1.109 1.0173 3.659 -0.12712 0.10864
0.3974 0.96686 1.1284 2.7381 0.019439 0.14448
0.25705 0.87342 0.79958 2.3586 0.087187 0.2279
0.23308 0.87591 0.60544 2.2218 0.11628 0.29317
0.19423 0.84852 0.59931 2.3913 0.07392 0.31207
0.17917 0.83161 0.65338 2.5167 0.08146 0.34981
0.13788 0.8369 0.70494 2.6233 0.035522 0.36279
0.10819 0.88541 0.66943 2.6577 -0.0076313 0.36102
0.10373 0.89939 0.65772 2.5884 -0.033097 0.34295
0.086938 0.87276 0.62897 2.6108 -0.039675 0.33933
0.082853 0.9008 0.58232 2.7213 -0.059321 0.33627
0.053358 0.96994 0.62993 2.8367 -0.098471 0.31605
0.042884 0.94803 0.6404 2.9061 -0.12455 0.30514
0.043522 0.93283 0.67142 2.8398 -0.13259 0.29884
0.040828 0.90753 0.64027 2.7988 -0.14682 0.30125
0.035617 0.96667 0.61311 2.7636 -0.15521 0.28162
0.026514 0.94949 0.62004 2.7856 -0.17814 0.28774
0.025719 0.92792 0.62031 2.7529 -0.17685 0.27929
0.018358 0.92165 0.64594 2.733 -0.18742 0.29073
0.012748 0.88126 0.653 2.6904 -0.18117 0.277
0.0095839 0.92561 0.63285 2.6958 -0.19293 0.28253
0.012312 0.9139 0.6249 2.6676 -0.20661 0.27944
0.016906 0.93338 0.60942 2.6761 -0.21229 0.2803
0.022088 0.90185 0.64166 2.6443 -0.21085 0.28748
0.02002 0.92645 0.63441 2.657 -0.20684 0.27924
0.028887 0.90383 0.64188 2.6721 -0.20509 0.28346
0.023168 0.88878 0.63548 2.7074 -0.19189 0.26052
0.022798 0.87466 0.6287 2.7383 -0.17284 0.26497
0.001912 0.90247 0.61901 2.6965 -0.16862 0.25075
0.007202 0.84641 0.5887 2.6966 -0.1751 0.26205
0.010575 0.83584 0.56362 2.6342 -0.17576 0.25175
0.022189 0.8666 0.52437 2.6446 -0.18047 0.26131
0.020908 0.87815 0.49767 2.6116 -0.1726 0.25585
0.02308 0.82035 0.45889 2.5847 -0.18518 0.25635
0.021582 0.8203 0.4129 2.5466 -0.18031 0.24801
0.021167 0.81616 0.4097 2.4754 -0.19472 0.2459
0.017237 0.83006 0.42739 2.5081 -0.1965 0.25809
0.018393 0.77551 0.44904 2.4956 -0.19912 0.25334
0.020285 0.85114 0.44028 2.5279 -0.20591 0.25256
0.029163 0.85548 0.42726 2.4912 -0.2055 0.25129
0.035873 0.8463 0.41634 2.4669 -0.22043 0.26049
0.039256 0.84235 0.4132 2.4487 -0.21149 0.26051
0.030866 0.89805 0.38109 2.3761 -0.2208 0.24073
0.019624 0.93288 0.31513 2.3333 -0.23328 0.23473
0.012475 0.80281 0.20703 2.2577 -0.27141 0.23349
0.017409 0.74622 0.15854 2.2775 -0.30182 0.25277
0.03228 0.74219 0.13812 2.2618 -0.29989 0.25142
0.040536 0.82251 0.14434 2.2568 -0.28229 0.24412
0.039823 0.76863 0.12491 2.1948 -0.26506 0.22659
0.026781 0.73484 0.1237 2.1825 -0.27438 0.22925
0.02022 0.72936 0.14311 2.1405 -0.28103 0.22956
0.019788 0.73664 0.15856 2.1299 -0.28346 0.22447
0.026001 0.70426 0.18793 2.0834 -0.28864 0.22331
0.025443 0.72384 0.17593 2.0859 -0.29437 0.22493
0.027976 0.73972 0.209 2.064 -0.30555 0.24009
0.030545 0.73604 0.20013 2.0486 -0.30791 0.23148
0.039119 0.71856 0.21623 2.032 -0.31783 0.23024
0.041476 0.78133 0.18239 2.0303 -0.32298 0.21856
0.044869 0.79018 0.19472 2.0174 -0.32214 0.218
0.044808 0.74191 0.21213 1.9794 -0.32027 0.21581
0.045751 0.67952 0.23986 1.9255 -0.31359 0.20417
0.046494 0.68841 0.24847 1.893 -0.30869 0.19982
0.048769 0.71741 0.23775 1.8584 -0.29928 0.18485
0.055997 0.68945 0.24504 1.8168 -0.28306 0.18784
0.06002 0.68671 0.2348 1.7826 -0.27592 0.18452
0.066697 0.68427 0.21176 1.778 -0.25862 0.1908
0.066815 0.72719 0.1522 1.7968 -0.25895 0.18965
0.069904 0.7253 0.11073 1.8012 -0.25331 0.18549
0.069967 0.70461 0.10352 1.7815 -0.27135 0.18171
0.06764 0.72431 0.10248 1.7669 -0.27146 0.18169
0.069808 0.69808 0.11687 1.7236 -0.2662 0.17885
0.076225 0.67737 0.14867 1.6883 -0.23822 0.17999
0.079747 0.65253 0.18297 1.6535 -0.23092 0.17369
0.081581 0.65549 0.23614 1.6211 -0.21338 0.18442
0.070006 0.65676 0.26334 1.6096 -0.20814 0.19024
0.070914 0.63053 0.30216 1.59 -0.20249 0.2015
0.054663 0.63625 0.29011 1.6449 -0.18607 0.21071
0.045358 0.66138 0.27002 1.666 -0.15975 0.21303
0.029255 0.63688 0.26914 1.6704 -0.09459 0.22436
0.029419 0.64263 0.2751 1.6133 -0.073585 0.20949
0.03067 0.60977 0.30657 1.58 -0.05142 0.21401
0.031692 0.66941 0.3028 1.5683 -0.06249 0.19667
0.034696 0.65498 0.32564 1.5565 -0.043145 0.19576
0.039513 0.64588 0.34448 1.5569 -0.028151 0.19464
0.034226 0.61777 0.33078 1.6117 -0.032985 0.21005
0.023193 0.66432 0.30341 1.6723 -0.061169 0.22971
0.022955 0.65602 0.27293 1.682 -0.079434 0.21841
0.036445 0.6309 0.30381 1.6179 -0.050406 0.21649
0.046727 0.6434 0.28298 1.6277 -0.022757 0.2067
0.044519 0.67221 0.28292 1.6251 -0.0037218 0.22226
0.03794 0.6485 0.27913 1.6447 -0.023349 0.22128
0.024764 0.58281 0.31721 1.5858 -0.012244 0.23095
0.0097683 0.64703 0.31562 1.6115 -0.024326 0.22521
0.0025272 0.64529 0.31265 1.606 0.00018341 0.22326
0.0048835 0.66123 0.31731 1.631 0.014284 0.22072
0.00067638 0.61028 0.30656 1.6262 0.060272 0.22816
-0.014695 0.68518 0.29645 1.6479 0.074173 0.23444
-0.022047 0.63292 0.27815 1.6497 0.079376 0.23005
-0.019283 0.63609 0.2822 1.6472 0.065587 0.22721
-0.010849 0.63507 0.27263 1.6372 0.076988 0.22405
-0.0094597 0.67953 0.27517 1.6214 0.077998 0.22904
-0.006358 0.69031 0.27613 1.61 0.08322 0.23232
0.0018588 0.63217 0.28043 1.5916 0.069267 0.233
0.0083235 0.6689 0.27082 1.6073 0.068302 0.2279
0.01662 0.65312 0.26411 1.6037 0.070655 0.22136
0.010999 0.71276 0.25339 1.6159 0.067589 0.22266
0.016147 0.683 0.25146 1.6022 0.067833 0.22089
0.010055 0.65218 0.27355 1.5558 0.071176 0.22447
0.018665 0.65066 0.27919 1.5887 0.09368 0.22028
-0.00068321 0.69951 0.28291 1.4905 0.09555 0.2203
0.0028422 0.75189 0.1943 1.5098 0.091238 0.22608
0.0075703 0.67592 0.13566 1.2953 0.10191 0.24122
0.046637 0.53241 0.062681 1.2943 0.14635 0.26436
0.062817 0.44962 0.10476 1.1461 0.19622 0.26589
0.066596 0.53958 0.10054 1.2218 0.20154 0.27208
0.062208 0.58907 0.13569 1.2031 0.19673 0.26164
0.064123 0.62573 0.12653 1.2446 0.17317 0.26775
0.066614 0.56417 0.13765 1.2632 0.18102 0.2639
0.062597 0.62533 0.16196 1.1748 0.17282 0.2691
0.066443 0.56013 0.16719 1.1623 0.18859 0.26477
0.06951 0.5269 0.21898 1.0925 0.18395 0.2695
0.067541 0.58114 0.18728 1.158 0.17237 0.26855
0.050758 0.66024 0.22204 1.2076 0.16351 0.27911
0.040691 0.66171 0.23583 1.1891 0.15429 0.25537
0.029799 0.53576 0.27862 1.2037 0.15404 0.24621
0.022054 0.54436 0.31633 1.0572 0.13382 0.23362
0.019694 0.50303 0.3284 1.0628 0.13513 0.24581
0.02006 0.51442 0.34114 1.0993 0.15645 0.27826
0.037986 0.44655 0.28104 0.85832 0.095028 0.1951
0.02925 0.6147 0.22802 1.161 0.14008 0.27283
0.0063901 0.6568 0.15253 1.6225 0.29127 0.34533
-0.040977 0.85624 0.025426 3.0185 0.5858 0.61355
-0.056946 0.76568 -0.10544 3.2915 0.62994 0.57721
-0.046694 0.80166 -0.24386 3.2202 0.48663 0.52208
-0.028965 0.63119 -0.26732 2.6569 0.35258 0.41136
-0.026064 0.70573 -0.28342 2.4998 0.33835 0.41062
-0.030829 0.71654 -0.13978 2.659 0.39088 0.4211
0.00013182 0.59495 -0.24512 2.1637 0.31762 0.36863
0.026005 0.44103 -0.41694 2.0966 0.32292 0.38815
0.063446 0.37388 -0.67108 2.0857 0.27844 0.33318
0.053821 0.78581 -0.4067 3.3611 0.29344 0.34889
0.068194 1.0415 -0.04811 3.9613 0.13145 0.29268
0.052312 1.2172 0.20912 3.9277 0.036834 0.31238
0.040994 1.0192 0.16012 3.1136 -0.052992 0.27579
0.019211 0.93746 0.12812 2.6908 -0.034993 0.2783
0.00037519 0.84987 0.17273 2.5818 -0.05406 0.28267
0.0033274 0.8619 0.014934 2.4429 -0.062038 0.2814
-0.003414 0.74673 -0.1767 2.1842 -0.045815 0.28485
0.027607 0.62983 -0.44813 2.0064 0.0011808 0.24598
0.037292 0.55074 -0.34899 1.9711 0.03447 0.25472
0.050119 0.61115 -0.28863 2.0002 0.043351 0.25428
0.034554 0.69838 -0.10275 1.9709 0.037937 0.27631
0.030063 0.6693 -0.056216 1.8853 0.036762 0.27807
0.025459 0.6568 0.010493 1.8253 0.041297 0.27437
0.020808 0.61841 0.0479 1.7665 0.058235 0.2741
0.021914 0.67055 0.040978 1.7854 0.052236 0.27501
0.025351 0.65508 0.061205 1.7843 0.052158 0.27805
0.033591 0.69549 0.040951 1.8221 0.031052 0.27686
0.035227 0.7106 0.035617 1.8005 0.036084 0.2673
0.036579 0.71737 0.031059 1.7808 0.039168 0.25815
0.036959 0.67642 0.042331 1.7502 0.039468 0.26224
0.043368 0.68968 0.011307 1.6931 0.062272 0.2619
0.052458 0.64289 0.078705 1.6758 0.094441 0.26553
0.075741 0.57907 0.13368 1.6667 0.15761 0.2413
0.085538 0.52863 0.28837 1.7386 0.17849 0.23425
0.094472 0.67367 0.23261 1.7487 0.16905 0.22614
0.083705 0.76016 0.23269 1.7258 0.16285 0.23907
0.086192 0.75228 0.16906 1.7028 0.15436 0.24183
0.085385 0.68795 0.16267 1.7042 0.15204 0.24037
0.094792 0.7379 0.11712 1.7161 0.14215 0.23574
0.10006 0.74567 0.09001 1.6673 0.15875 0.23812
0.1058 0.69586 0.098609 1.619 0.18355 0.23931
0.1061 0.68634 0.080625 1.6069 0.17905 0.24316
0.11262 0.71597 0.060877 1.6146 0.17792 0.23959
0.11465 0.73294 0.041278 1.6318 0.17254 0.24898
0.11447 0.69127 0.063571 1.6085 0.18682 0.2493
0.099621 0.68541 0.079072 1.5621 0.18723 0.25638
0.092288 0.6858 0.11825 1.4431 0.1884 0.25178
0.088452 0.66452 0.090858 1.4575 0.18495 0.25477
0.082921 0.62336 0.13177 1.3168 0.1705 0.25575
0.07836 0.55036 0.16873 1.2886 0.1608 0.25421
0.06851 0.50334 0.26123 1.0495 0.14949 0.25129
0.077438 0.60257 0.22295 1.1893 0.15182 0.24936
0.076826 0.59763 0.2192 1.1318 0.15949 0.25357
0.088114 0.68283 0.1646 1.2407 0.15221 0.25288
0.084502 0.57367 0.19431 1.1693 0.15769 0.25056
0.091235 0.6716 0.15559 1.2384 0.14185 0.24076
0.087943 0.56044 0.21384 1.1611 0.1681 0.23745
0.093562 0.55977 0.22997 1.0993 0.16267 0.2318
0.08696 0.59105 0.23491 1.1034 0.17771 0.23879
0.082466 0.64592 0.20979 1.144 0.1549 0.23893
0.074444 0.65728 0.2224 1.1101 0.14698 0.23428
0.080253 0.60636 0.24536 1.0341 0.12903 0.23419
0.090371 0.61807 0.26471 0.99879 0.1384 0.22314
0.090549 0.65593 0.24038 0.97929 0.13931 0.22917
0.087746 0.54841 0.27922 0.91269 0.14567 0.20773
0.08138 0.55506 0.24325 0.86084 0.12611 0.21472
0.084858 0.53757 0.27081 0.87536 0.12035 0.19937
0.081833 0.64992 0.24342 0.89475 0.099153 0.20791
0.083949 0.60164 0.28192 0.8933 0.11101 0.19521
0.08774 0.53937 0.2922 0.82292 0.1192 0.20046
0.093751 0.54794 0.26764 0.83734 0.14869 0.20227
0.097806 0.60894 0.26111 0.83687 0.155 0.2094
0.10221 0.62387 0.24207 0.86346 0.16116 0.20274
0.10602 0.57956 0.26903 0.83011 0.16281 0.19654
0.10724 0.58836 0.25226 0.84549 0.15946 0.20033
0.10575 0.60661 0.26231 0.84424 0.16813 0.20135
0.10119 0.5992 0.28094 0.82104 0.16097 0.19659
0.090496 0.55697 0.29079 0.79738 0.15639 0.18336
0.086445 0.57095 0.28933 0.78792 0.14624 0.18949
0.084969 0.55102 0.29161 0.77984 0.14777 0.19209
0.090442 0.56131 0.30948 0.77277 0.15403 0.19727
0.095 0.54457 0.31384 0.762 0.1583 0.18952
0.10643 0.53897 0.29136 0.7731 0.16578 0.19129
0.10943 0.50955 0.29529 0.74449 0.17523 0.19024
0.10405 0.49567 0.31051 0.7323 0.16419 0.19055
0.098825 0.47803 0.35527 0.72115 0.159 0.18267
0.10327 0.4766 0.3562 0.69627 0.14924 0.18451
0.10874 0.52769 0.34896 0.72027 0.1533 0.19823
0.11258 0.55439 0.31627 0.70746 0.15349 0.21201
0.11522 0.55715 0.31668 0.71065 0.15919 0.21251
0.11573 0.51985 0.28974 0.66634 0.17055 0.19918
0.10499 0.51485 0.28257 0.66557 0.17188 0.18553
0.099027 0.47893 0.26221 0.68032 0.17369 0.17813
0.093863 0.47623 0.28859 0.66834 0.16828 0.17433
0.097815 0.48932 0.31329 0.55988 0.15081 0.18115
0.09583 0.54314 0.25566 0.48442 0.13329 0.18264
0.090225 0.47827 0.17018 0.36021 0.10146 0.1737
0.084555 0.41217 0.049294 0.39853 0.094492 0.15503
0.068092 0.36222 0.073399 0.35639 0.07043 0.13893
0.06624 0.43343 0.091152 0.40037 0.064407 0.14254
0.063344 0.46365 0.14722 0.35678 0.05858 0.13518
0.072296 0.45058 0.15964 0.33855 0.06031 0.13352
0.072397 0.45808 0.16681 0.35197 0.074262 0.12811
0.06975 0.52879 0.17115 0.35588 0.056942 0.14305
0.076709 0.52594 0.15849 0.36959 0.062557 0.14306
0.081453 0.48649 0.17305 0.3526 0.053727 0.13983
0.08492 0.46651 0.16905 0.34623 0.071455 0.14046
0.080294 0.47348 0.1839 0.37538 0.080399 0.13925
0.088316 0.45198 0.20117 0.37116 0.089695 0.14411
0.10173 0.42613 0.21109 0.42179 0.10605 0.12953
0.10735 0.53525 0.19666 0.44631 0.10001 0.14942
0.10812 0.5299 0.18604 0.45555 0.10837 0.13884
0.10808 0.51948 0.19305 0.44381 0.098577 0.15694
0.10812 0.46329 0.19358 0.42442 0.1071 0.1447
0.095956 0.49726 0.20963 0.45062 0.091523 0.16735
0.0848 0.45783 0.22842 0.41576 0.087158 0.1552
0.078155 0.42655 0.25533 0.40849 0.075447 0.15982
0.081446 0.44122 0.25592 0.40196 0.08303 0.14877
0.085452 0.43909 0.26258 0.42144 0.087735 0.15702
0.092868 0.40389 0.27667 0.4144 0.097939 0.14695
0.091958 0.42264 0.25205 0.40922 0.088331 0.15102
0.096342 0.44004 0.24951 0.40516 0.091037 0.14431
0.09655 0.42973 0.25257 0.4026 0.088419 0.15867
0.11158 0.36039 0.28546 0.37992 0.10699 0.15381
0.10802 0.42645 0.27079 0.39072 0.09561 0.16134
0.11825 0.43163 0.26007 0.40637 0.10328 0.15222
0.11661 0.44497 0.26121 0.41823 0.10375 0.15077
0.12869 0.38549 0.26214 0.40575 0.12722 0.15398
0.12742 0.41994 0.25528 0.39306 0.13195 0.1524
0.13649 0.41264 0.24861 0.38781 0.12804 0.16325
0.14964 0.46262 0.2378 0.42331 0.13118 0.15712
0.16112 0.50253 0.23677 0.44457 0.13852 0.17206
0.16829 0.48675 0.25288 0.46368 0.15886 0.16376
0.16032 0.42442 0.28605 0.42628 0.15985 0.16381
0.16188 0.41235 0.28194 0.39823 0.15344 0.1483
0.16055 0.44318 0.26374 0.39805 0.15637 0.15532
0.17954 0.4626 0.2646 0.41224 0.16887 0.16156
0.18385 0.47922 0.2693 0.47793 0.19902 0.18121
0.18789 0.50628 0.28103 0.47483 0.20239 0.18357
0.17979 0.48153 0.27398 0.45734 0.199 0.1851
0.17258 0.44656 0.28799 0.42086 0.18398 0.17732
0.16708 0.46562 0.27358 0.41885 0.1764 0.17693
0.15813 0.45503 0.29032 0.44555 0.17924 0.16804
0.16402 0.41912 0.29747 0.41509 0.17613 0.16469
0.16188 0.41324 0.30088 0.44393 0.18113 0.15936
0.16226 0.49128 0.27065 0.4506 0.17089 0.17357
0.15684 0.50314 0.26388 0.47773 0.16898 0.16857
0.15827 0.48286 0.26862 0.45964 0.15675 0.17318
0.16186 0.47908 0.26864 0.45987 0.15875 0.15791
0.16395 0.50137 0.25594 0.45703 0.1597 0.15817
0.16533 0.48621 0.24781 0.45118 0.16794 0.15455
0.16367 0.48412 0.23123 0.43893 0.16062 0.15902
0.16021 0.46688 0.2291 0.43388 0.15763 0.16522
0.15558 0.4857 0.21463 0.44539 0.14814 0.16543
0.15821 0.46216 0.22336 0.42608 0.15311 0.16941
0.1632 0.49221 0.21287 0.45115 0.16027 0.16754
0.17255 0.45566 0.22375 0.42953 0.16338 0.16555
0.17081 0.45336 0.27242 0.45624 0.18888 0.17379
0.16235 0.52504 0.20696 0.43504 0.15601 0.16642
0.17022 0.53815 0.11019 0.37441 0.15696 0.14646
0.19559 0.48311 -0.11371 0.32181 0.099675 0.10545
0.2429 0.34747 -0.17453 0.23384 0.1348 0.096706
0.2626 0.36616 -0.24602 0.27692 0.12272 0.097269
0.26419 0.40628 -0.20261 0.24015 0.14769 0.10926
0.2423 0.42604 -0.17152 0.25787 0.1223 0.10507
0.22567 0.4081 -0.075658 0.20469 0.11499 0.11557
0.21873 0.40718 -0.018197 0.20849 0.10338 0.11487
0.22153 0.41634 0.010398 0.21482 0.1002 0.11947
0.22336 0.43513 0.0038402 0.22148 0.10107 0.11598
0.22483 0.43934 0.015068 0.22969 0.0999 0.12385
0.2204 0.43059 0.03375 0.20973 0.10935 0.13154
0.22461 0.39811 0.050377 0.2134 0.12487 0.13318
0.22398 0.45847 0.059154 0.20134 0.12266 0.1349
0.22471 0.44129 0.068762 0.20888 0.1287 0.13336
0.21749 0.45156 0.09732 0.19162 0.1184 0.13618
0.20806 0.39242 0.092156 0.21058 0.14655 0.13585
0.20302 0.43655 0.10246 0.19835 0.14786 0.13569
0.20252 0.38573 0.11077 0.19468 0.15983 0.13752
0.20157 0.35501 0.16055 0.16781 0.15677 0.13503
0.20366 0.39068 0.14248 0.18664 0.15027 0.13807
0.204 0.42715 0.13192 0.19705 0.15891 0.138
0.20705 0.40939 0.11698 0.19046 0.13919 0.13856
0.19871 0.36889 0.12272 0.17128 0.13397 0.13649
0.19383 0.3991 0.11446 0.17547 0.12118 0.13315
0.19486 0.43834 0.10044 0.1916 0.1264 0.1337
0.19809 0.44225 0.0904 0.21129 0.12878 0.12885
0.2005 0.43701 0.084139 0.19567 0.11814 0.13125
0.19474 0.44694 0.068384 0.19133 0.11964 0.13293
0.19415 0.4299 0.07282 0.16847 0.12587 0.13174
0.18659 0.3918 0.05496 0.16904 0.12836 0.12456
0.1878 0.39401 0.040585 0.16428 0.13408 0.11964
0.18315 0.39768 0.0093005 0.17566 0.11923 0.11354
0.18638 0.42673 0.0045985 0.18146 0.12206 0.11746
0.17755 0.39203 0.0094621 0.19025 0.1029 0.11427
0.17734 0.35581 0.039973 0.178 0.10891 0.12886
0.16771 0.38767 0.018655 0.1942 0.095163 0.12557
0.16712 0.38291 0.017939 0.1908 0.094773 0.12539
0.15177 0.45502 -0.016675 0.22446 0.077899 0.11407
0.1457 0.40292 0.01796 0.20609 0.070414 0.11236
0.1358 0.44532 0.015641 0.20004 0.067544 0.11723
0.13737 0.39153 0.039603 0.17414 0.066923 0.11581
0.13346 0.42157 0.019279 0.18725 0.071256 0.11352
0.13093 0.39411 0.023246 0.19331 0.064844 0.10776
0.1292 0.39138 0.014086 0.19745 0.06248 0.10896
0.12979 0.37264 0.014298 0.19631 0.053915 0.11552
0.13429 0.36986 0.0091749 0.20907 0.049513 0.11866
0.13472 0.36394 0.013495 0.21081 0.056508 0.11838
0.13666 0.33822 0.01852 0.2099 0.063078 0.10869
0.13886 0.36837 4.3354e-05 0.20916 0.069464 0.10387
0.14693 0.45902 -0.040519 0.22548 0.066921 0.10421
