0.00066869 -0.0017835 -0.0010018 -0.00061463 0.00016245 -0.00011603 0 0 0 0 0 0
0.0023403 0.077903 0.028813 0.015505 0.0022695 0.0065014 0.0016716 0.079686 0.029814 0.016119 0.002107 0.0066174
0.0045547 0.18953 -0.056601 -0.021175 0.012085 0.00060685 0.0022143 0.11163 -0.085414 -0.036679 0.0098152 -0.0058945
0.013753 0.22114 -0.069876 0.0053923 0.021818 0.015425 0.0091985 0.031614 -0.013274 0.026567 0.009733 0.014818
0.02562 0.25236 -0.16112 -0.034465 0.028057 -0.0022861 0.011866 0.031221 -0.091247 -0.039858 0.0062399 -0.017711
0.024037 0.22298 -0.043508 0.01324 0.017614 0.00074978 -0.0015828 -0.029388 0.11762 0.047705 -0.010443 0.0030359
0.035127 0.2528 0.0015757 0.028017 0.01385 -0.008544 0.01109 0.029828 0.045083 0.014777 -0.0037644 -0.0092937
0.020809 0.31884 0.062625 0.03623 0.013652 -0.0027663 -0.014317 0.066036 0.061049 0.0082127 -0.00019857 0.0057776
0.025002 0.30178 0.083267 0.036861 0.021273 -0.0038223 0.0041923 -0.017062 0.020642 0.00063148 0.0076211 -0.001056
0.020467 0.2992 0.085533 0.0042081 0.027183 -0.0048789 -0.004535 -0.002574 0.0022655 -0.032653 0.0059106 -0.0010566
0.022233 0.2526 0.15006 0.017416 0.027904 -0.011151 0.0017663 -0.046605 0.064526 0.013208 0.00072052 -0.0062719
0.025138 0.31116 0.17102 -0.005405 0.026845 -0.0062101 0.0029047 0.05856 0.020962 -0.022821 -0.0010588 0.0049407
0.022878 0.3191 0.19993 -0.018029 0.028241 -0.0057173 -0.0022593 0.0079405 0.028906 -0.012624 0.0013961 0.00049281
0.025751 0.3063 0.17641 -0.017809 0.035001 -0.001932 0.0028729 -0.012802 -0.023519 0.00022012 0.0067595 0.0037853
0.024125 0.2686 0.21007 -0.050881 0.039354 -0.0048856 -0.0016265 -0.0377 0.033657 -0.033072 0.0043538 -0.0029536
0.026047 0.19911 0.33581 -0.21027 0.03271 -0.0038216 0.0019228 -0.069487 0.12575 -0.15938 -0.0066442 0.001064
0.022446 0.23071 0.36226 -0.25678 0.029728 -0.0051664 -0.0036018 0.031599 0.026449 -0.046513 -0.0029825 -0.0013448
0.021257 0.18338 0.43632 -0.44043 0.010517 0.0019525 -0.0011887 -0.047335 0.074061 -0.18365 -0.019211 0.0071189
0.023851 0.19899 0.34462 -0.1854 0.025567 -0.0049494 0.0025936 0.015614 -0.091709 0.25502 0.01505 -0.0069019
0.029683 0.22829 0.4026 -0.17896 0.029711 0.0018271 0.0058325 0.0293 0.057982 0.0064457 0.0041441 0.0067765
0.037346 0.24595 0.50328 0.0091676 0.051162 -0.0034899 0.0076633 0.017661 0.10068 0.18813 0.021451 -0.005317
0.037654 0.3358 0.55315 -0.07228 0.046036 0.0027137 0.00030779 0.089846 0.049868 -0.081447 -0.0051256 0.0062036
0.030045 0.30618 0.52365 -0.10764 0.044214 0.0026953 -0.0076088 -0.029619 -0.029501 -0.035359 -0.0018215 -1.8418e-05
0.026625 0.27694 0.40706 -0.096389 0.028125 -0.0013523 -0.0034207 -0.029238 -0.11659 0.011251 -0.01609 -0.0040476
0.024599 0.24211 0.34618 -0.12403 0.025882 -0.0084009 -0.0020259 -0.034831 -0.060879 -0.027644 -0.002243 -0.0070486
0.036689 0.22441 0.32946 -0.056253 0.025814 -0.022139 0.012091 -0.017695 -0.016715 0.067779 -6.742e-05 -0.013739
0.030916 0.27779 0.31942 -0.10207 0.017818 -0.018757 -0.0057733 0.053375 -0.010043 -0.045813 -0.0079964 0.0033827
0.035472 0.26315 0.32202 -0.087725 0.025829 -0.021993 0.0045559 -0.01464 0.0026025 0.014341 0.0080109 -0.0032363
0.019407 0.25166 0.33244 -0.15285 0.020852 -0.0010656 -0.016064 -0.011493 0.010419 -0.065127 -0.0049765 0.020927
0.023126 0.21013 0.39558 -0.23486 0.02675 -0.0085841 0.0037185 -0.041531 0.063135 -0.082007 0.0058977 -0.0075185
0.024071 0.19876 0.40262 -0.2622 0.025482 -0.0050148 0.000945 -0.011369 0.0070437 -0.027342 -0.0012679 0.0035693
0.029739 0.22252 0.37269 -0.27327 0.01247 -0.021126 0.0056681 0.023763 -0.029931 -0.011071 -0.013012 -0.016112
0.037854 0.23668 0.328 -0.14996 0.0034161 -0.03037 0.0081147 0.014158 -0.044687 0.12331 -0.009054 -0.0092431
0.030386 0.26996 0.23606 -0.14019 -0.0070855 -0.029049 -0.0074681 0.033276 -0.091947 0.0097755 -0.010502 0.0013206
0.03068 0.26332 0.2473 -0.082456 -0.0065956 -0.029005 0.00029392 -0.0066306 0.011242 0.05773 0.00048991 4.3829e-05
0.020319 0.28911 0.26915 0.02765 -0.0011438 -0.015541 -0.010361 0.025783 0.021855 0.11011 0.0054518 0.013464
0.028588 0.2412 0.29699 -0.17973 -0.015821 -0.024284 0.0082692 -0.047908 0.02784 -0.20738 -0.014677 -0.0087428
0.028985 0.22796 0.26663 -0.3508 0.0088594 -0.025496 0.00039724 -0.013234 -0.030364 -0.17106 0.024681 -0.0012125
0.034623 0.13155 0.16167 -0.93573 -0.015937 -0.039694 0.0056377 -0.096418 -0.10496 -0.58493 -0.024797 -0.014198
0.033031 0.12657 -0.040745 -1.178 0.029003 -0.036679 -0.0015916 -0.0049758 -0.20242 -0.24227 0.04494 0.0030151
0.031836 0.12185 -0.065169 -1.0876 0.010274 -0.032213 -0.0011952 -0.0047228 -0.024425 0.090377 -0.018728 0.0044659
0.033156 0.18793 -0.21193 -0.97207 0.025697 -0.026421 0.0013197 0.066084 -0.14676 0.11556 0.015423 0.0057914
0.033482 0.19564 -0.12993 -0.70405 0.027081 -0.020244 0.00032627 0.0077063 0.082002 0.26801 0.0013841 0.0061777
0.033593 0.1855 -0.13549 -0.72554 0.027863 -0.019687 0.00011091 -0.01014 -0.0055554 -0.021491 0.00078152 0.00055631
0.031964 0.17575 -0.094424 -0.70336 0.025078 -0.018632 -0.001629 -0.0097464 0.041062 0.022188 -0.0027852 0.0010554
0.032829 0.15706 -0.028239 -0.66767 0.025361 -0.022062 0.00086528 -0.018691 0.066185 0.03569 0.00028313 -0.0034296
0.035817 0.19077 -0.020913 -0.67561 0.0020718 -0.030994 0.0029879 0.033707 0.0073266 -0.0079394 -0.023289 -0.0089324
0.029863 0.16139 0.024256 -0.642 0.01568 -0.025399 -0.0059542 -0.029373 0.045168 0.033602 0.013608 0.0055948
0.022031 0.18865 0.032111 -0.6558 -0.0023104 -0.020382 -0.007832 0.027253 0.0078558 -0.013796 -0.01799 0.0050177
0.00062004 0.14402 0.083799 -0.65281 -0.0057335 0.0050735 -0.021411 -0.044631 0.051688 0.0029877 -0.0034232 0.025455
-0.00070016 0.18842 0.056507 -0.57087 -0.0021003 0.0021322 -0.0013202 0.0444 -0.027292 0.081944 0.0036333 -0.0029413
-0.0032714 0.16408 0.0091762 -0.54183 -0.0075608 0.013812 -0.0025712 -0.024338 -0.047331 0.029041 -0.0054605 0.01168
0.026416 0.23557 -0.13645 -0.37436 0.016804 -0.010475 0.029687 0.071497 -0.14563 0.16747 0.024365 -0.024288
0.020743 0.22806 -0.24831 -0.42664 -0.00016541 0.0044803 -0.0056726 -0.0075151 -0.11185 -0.052277 -0.016969 0.014955
0.044686 0.23643 -0.19812 -0.37018 0.0011456 -0.019382 0.023943 0.0083668 0.050188 0.056457 0.001311 -0.023862
0.02294 0.2307 -0.16659 -0.40804 -0.00019838 -0.00085348 -0.021746 -0.0057268 0.031527 -0.037862 -0.001344 0.018528
0.035448 0.25566 -0.11247 -0.42035 0.0037605 -0.020697 0.012508 0.024959 0.054127 -0.012308 0.0039589 -0.019844
0.027619 0.24241 -0.12249 -0.42778 0.023436 -0.0078439 -0.0078294 -0.01325 -0.010024 -0.0074295 0.019675 0.012854
0.028523 0.24938 -0.11622 -0.52609 0.019653 -0.01426 0.000904 0.0069718 0.0062678 -0.098315 -0.0037825 -0.0064165
0.02898 0.18389 -0.013482 -0.53764 0.021784 -0.012892 0.00045773 -0.065494 0.10274 -0.01155 0.0021308 0.0013686
0.025917 0.20853 0.048928 -0.59378 0.021463 -0.010737 -0.0030639 0.024648 0.06241 -0.056135 -0.00032125 0.0021545
0.030277 0.1871 0.077441 -0.58535 0.016219 -0.020157 0.0043605 -0.021431 0.028513 0.0084278 -0.0052437 -0.0094202
0.029663 0.20785 0.083493 -0.6078 0.017303 -0.020367 -0.00061383 0.020746 0.006052 -0.022451 0.0010841 -0.00020924
0.02893 0.16765 0.08921 -0.62812 0.016623 -0.020264 -0.00073357 -0.040199 0.0057177 -0.02032 -0.00067991 0.00010282
0.024874 0.21415 0.079784 -0.60899 0.0088644 -0.018197 -0.0040553 0.046495 -0.0094264 0.019135 -0.0077587 0.0020672
0.017892 0.19122 0.082508 -0.61285 0.012921 -0.0012001 -0.0069827 -0.022929 0.002724 -0.0038596 0.0040567 0.016997
0.021305 0.23787 0.030146 -0.55697 -0.0079001 -0.0039659 0.0034131 0.046652 -0.052361 0.05588 -0.020821 -0.0027658
0.017993 0.21195 0.026653 -0.53413 -0.0036383 -0.0015356 -0.003312 -0.025921 -0.0034936 0.022836 0.0042618 0.0024303
0.027038 0.22338 0.031059 -0.51019 -0.012681 -0.010998 0.0090456 0.011436 0.0044058 0.02394 -0.0090425 -0.0094621
0.026781 0.23188 0.040864 -0.50894 -0.00045554 -0.022212 -0.00025724 0.0084937 0.0098058 0.0012511 0.012225 -0.011214
0.024054 0.22905 0.059705 -0.52087 0.0017977 -0.014208 -0.002727 -0.0028301 0.01884 -0.011932 0.0022532 0.0080041
0.023057 0.22952 0.047934 -0.50518 -0.0012706 -0.019291 -0.00099738 0.00047302 -0.011771 0.01569 -0.0030683 -0.0050834
0.028877 0.21674 0.014291 -0.46539 0.00022874 -0.013137 0.0058199 -0.012779 -0.033642 0.039787 0.0014993 0.0061542
0.024219 0.23425 -0.025185 -0.42584 -0.018371 -0.018386 -0.0046573 0.017505 -0.039476 0.039559 -0.0186 -0.0052493
0.030881 0.23851 -0.05155 -0.39328 -0.013848 -0.0198 0.006662 0.0042608 -0.026366 0.032555 0.0045236 -0.0014136
0.010179 0.26343 -0.086516 -0.37883 -0.028199 -0.0097426 -0.020702 0.024922 -0.034966 0.014454 -0.014352 0.010057
0.012076 0.26671 -0.042148 -0.40102 -0.014442 -0.0067901 0.0018971 0.0032795 0.044367 -0.022196 0.013757 0.0029525
0.014413 0.24515 -0.064038 -0.37831 -0.015277 -0.010494 0.0023368 -0.021559 -0.02189 0.022708 -0.00083515 -0.0037039
0.01988 0.27112 -0.056386 -0.408 -0.0077002 -0.012924 0.0054677 0.025969 0.0076517 -0.029689 0.007577 -0.0024299
0.024533 0.23245 -0.07141 -0.39194 -0.02385 -0.019456 0.0046527 -0.038669 -0.015024 0.016062 -0.01615 -0.0065322
0.024073 0.26156 -0.10032 -0.41053 -0.030746 -0.016257 -0.00046034 0.029104 -0.028911 -0.018591 -0.0068959 0.0031992
0.021882 0.23222 -0.077116 -0.41269 -0.04653 -0.015965 -0.0021907 -0.029333 0.023205 -0.0021583 -0.015784 0.00029202
0.027647 0.23999 -0.072325 -0.39943 -0.036757 -0.01901 0.0057644 0.0077686 0.0047902 0.013264 0.0097736 -0.0030449
0.026361 0.23695 -0.067158 -0.38776 -0.031467 -0.018602 -0.0012851 -0.0030457 0.0051676 0.011666 0.0052898 0.00040828
0.025295 0.24489 -0.024642 -0.3951 -0.012754 -0.01763 -0.0010669 0.0079486 0.042516 -0.0073361 0.018713 0.0009714
0.025488 0.23667 0.013876 -0.40926 -0.0094363 -0.020184 0.00019328 -0.0082285 0.038518 -0.01416 0.003318 -0.0025539
0.024224 0.24403 0.048054 -0.44947 -0.0011804 -0.019921 -0.0012641 0.0073606 0.034178 -0.040209 0.0082559 0.00026352
0.023356 0.23455 0.081507 -0.47039 -0.00045786 -0.021451 -0.00086723 -0.0094736 0.033453 -0.020926 0.00072253 -0.0015306
0.02696 0.22556 0.10588 -0.51109 0.0039876 -0.021343 0.0036036 -0.0089932 0.024368 -0.040696 0.0044454 0.00010794
0.026368 0.19865 0.15149 -0.58472 0.010827 -0.022238 -0.00059244 -0.026912 0.045611 -0.073637 0.0068391 -0.00089448
0.025449 0.16647 0.22682 -0.67345 0.0054998 -0.019279 -0.00091901 -0.032181 0.075331 -0.088728 -0.0053268 0.002959
0.028386 0.15139 0.22632 -0.67877 0.0080896 -0.018972 0.0029373 -0.015074 -0.00049386 -0.0053228 0.0025898 0.00030709
0.023381 0.17338 0.15702 -0.72051 -0.0071406 -0.010647 -0.0050054 0.021986 -0.069308 -0.041736 -0.01523 0.0083251
0.019158 0.16427 0.16265 -0.53739 0.0014363 -0.0030148 -0.0042224 -0.0091051 0.0056326 0.18312 0.0085769 0.0076317
0.024446 0.22844 0.19792 -0.39405 0.003404 -0.0029281 0.0052875 0.06417 0.035276 0.14334 0.0019676 8.6706e-05
0.017867 0.2062 -0.0092042 -0.30147 -0.013345 -0.013064 -0.0065788 -0.022243 -0.20713 0.092578 -0.016749 -0.010136
0.049541 0.3248 -0.14633 -0.19627 -0.015648 -0.024114 0.031674 0.1186 -0.13713 0.1052 -0.002303 -0.01105
0.052383 0.29265 -0.64369 -0.41978 -0.058124 -0.03809 0.0028424 -0.032154 -0.49736 -0.22351 -0.042476 -0.013976
0.061462 0.31044 -0.5079 -0.33737 -0.051951 -0.031582 0.0090781 0.01779 0.13579 0.082408 0.0061727 0.0065079
0.047094 0.27408 -0.35706 -0.34124 -0.044727 -0.031763 -0.014368 -0.036359 0.15083 -0.0038636 0.007224 -0.00018121
0.042022 0.23096 -0.074045 -0.35536 -0.021368 -0.026485 -0.0050719 -0.043118 0.28302 -0.014118 0.02336 0.0052776
0.041199 0.25076 0.12403 -0.45444 0.00057292 -0.022216 -0.0008227 0.0198 0.19807 -0.099086 0.021941 0.0042696
0.062801 0.14996 0.18266 -0.82574 0.012432 -0.0062199 0.021602 -0.1008 0.058634 -0.3713 0.011859 0.015996
0.061256 0.14869 0.24534 -0.89893 -0.020903 -0.018561 -0.001545 -0.0012647 0.06268 -0.073187 -0.033335 -0.012341
0.06458 0.10815 0.31911 -0.98047 -0.022188 -0.027435 0.003324 -0.040541 0.073769 -0.081542 -0.0012849 -0.0088739
0.061969 0.20707 0.17449 -0.58788 -0.0088688 -0.00088856 -0.0026108 0.098921 -0.14462 0.39259 0.013319 0.026546
0.041004 0.23726 0.1381 -0.44075 -0.015252 -0.011359 -0.020966 0.030186 -0.036395 0.14713 -0.0063827 -0.01047
0.052008 0.28761 0.0012984 -0.096811 0.0069451 0.068748 0.011004 0.050354 -0.1368 0.34394 0.022197 0.080107
0.040321 0.2527 0.027862 -0.1829 -0.018703 -0.00093623 -0.011687 -0.034912 0.026563 -0.08609 -0.025648 -0.069684
0.032504 0.22512 0.062827 -0.21806 -0.061237 0.015193 -0.0078168 -0.027576 0.034966 -0.035163 -0.042534 0.016129
0.069177 0.21486 0.14503 -0.25212 0.069282 -0.019295 0.036673 -0.010265 0.082203 -0.034059 0.13052 -0.034488
0.030554 0.21379 0.19975 -0.25796 -0.013186 -0.025464 -0.038623 -0.0010712 0.054724 -0.0058347 -0.082468 -0.0061693
0.089968 0.26074 0.13538 -0.1314 0.11236 0.00051841 0.059414 0.046949 -0.064379 0.12656 0.12555 0.025982
0.049188 0.23553 0.10752 -0.18323 -0.034268 -0.030023 -0.04078 -0.025205 -0.027859 -0.051828 -0.14663 -0.030541
0.074652 0.26367 0.014815 -0.14601 -0.032562 -0.012676 0.025465 0.028136 -0.092701 0.03722 0.0017055 0.017347
0.067699 0.24729 0.014828 -0.20459 -0.076266 -0.020441 -0.0069535 -0.016374 1.2964e-05 -0.058582 -0.043704 -0.007766
0.065444 0.28072 -8.9356e-05 -0.17938 -0.064701 -0.026459 -0.0022551 0.033425 -0.014917 0.025209 0.011565 -0.006018
0.077599 0.26562 -0.0093411 -0.207 -0.050136 -0.024813 0.012155 -0.015098 -0.0092518 -0.027625 0.014565 0.0016466
0.072693 0.25388 0.023279 -0.24239 -0.028534 -0.041001 -0.0049057 -0.011743 0.03262 -0.035385 0.021603 -0.016188
0.0617 0.21079 0.13434 -0.24806 -0.01987 -0.053508 -0.010993 -0.043087 0.11106 -0.0056727 0.0086636 -0.012507
0.050122 0.19885 0.28633 -0.27439 0.0002198 -0.060183 -0.011578 -0.011938 0.152 -0.02633 0.02009 -0.0066757
0.028634 0.15791 0.497 -0.21929 0.010161 -0.080058 -0.021488 -0.040946 0.21067 0.055104 0.0099416 -0.019875
0.041321 0.16806 0.56261 -0.22559 -0.024068 -0.062814 0.012686 0.010158 0.065607 -0.0063043 -0.03423 0.017244
0.050059 0.17836 0.54654 -0.19135 -0.043461 -0.066778 0.008738 0.010298 -0.016073 0.034239 -0.019392 -0.0039642
0.070766 0.21334 0.45771 -0.2447 -0.064507 -0.060947 0.020707 0.034978 -0.088832 -0.053345 -0.021047 0.0058308
0.067638 0.18979 0.38522 -0.22275 -0.063372 -0.068611 -0.0031281 -0.023547 -0.07249 0.021947 0.0011351 -0.0076636
0.069231 0.2093 0.32066 -0.19834 -0.06797 -0.075103 0.0015934 0.019504 -0.064558 0.024414 -0.004598 -0.0064919
0.072639 0.2028 0.23391 -0.14639 -0.081367 -0.076266 0.0034084 -0.0064933 -0.086745 0.051949 -0.013397 -0.0011629
0.08249 0.26748 0.11902 -0.13463 -0.12611 -0.07793 0.0098508 0.064679 -0.1149 0.011761 -0.044746 -0.001664
0.097919 0.24964 0.067305 -0.16694 -0.14505 -0.077257 0.015429 -0.017843 -0.051713 -0.03231 -0.018935 0.00067314
0.1041 0.24983 0.073615 -0.20937 -0.16593 -0.085393 0.0061819 0.00018959 0.0063102 -0.042433 -0.02088 -0.0081367
0.10679 0.20978 0.19257 -0.23038 -0.1715 -0.098685 0.0026843 -0.040046 0.11896 -0.021016 -0.0055705 -0.013292
0.10424 0.21621 0.26096 -0.22776 -0.14132 -0.10493 -0.0025426 0.0064262 0.068383 0.0026232 0.030174 -0.0062422
0.071779 0.237 0.38912 -0.20193 -0.079407 -0.11302 -0.032464 0.020793 0.12817 0.025835 0.061917 -0.0080891
0.086784 0.30545 0.54572 -0.087329 -0.15458 -0.13954 0.015005 0.068451 0.1566 0.1146 -0.075177 -0.026522
0.10244 0.31532 0.54817 -0.13644 -0.13851 -0.13309 0.015659 0.0098635 0.0024447 -0.049113 0.016071 0.0064505
0.16158 0.3288 0.70671 -0.04259 -0.35759 -0.17097 0.059135 0.013482 0.15854 0.093852 -0.21907 -0.037879
0.19777 0.2565 0.42445 -0.27989 -0.33188 -0.12109 0.036189 -0.072296 -0.28226 -0.2373 0.025708 0.049879
0.18949 0.21215 0.62262 -0.35951 -0.40459 -0.13777 -0.0082792 -0.04435 0.19817 -0.079622 -0.072717 -0.016681
0.17793 0.28828 0.48661 -0.31157 -0.30714 -0.10956 -0.011553 0.07613 -0.13601 0.047943 0.097459 0.028212
0.14952 0.27877 0.35599 -0.38378 -0.30175 -0.097189 -0.028415 -0.0095065 -0.13062 -0.072216 0.0053902 0.012368
0.12363 0.33879 0.17409 -0.011931 -0.16122 -0.063795 -0.025887 0.060014 -0.18189 0.37185 0.14053 0.033394
0.12045 0.26361 -0.50439 -0.43834 -0.19684 -0.056498 -0.0031838 -0.075181 -0.67849 -0.42641 -0.035623 0.0072965
0.12358 0.13594 -0.29667 -0.88284 -0.12999 -0.091105 0.0031295 -0.12767 0.20772 -0.44451 0.066857 -0.034607
0.16301 0.1781 -0.6808 -1.1536 -0.22994 -0.10649 0.039431 0.042158 -0.38414 -0.27072 -0.099958 -0.015389
0.18373 0.10509 -0.37547 -1.356 -0.26016 -0.11098 0.020716 -0.073002 0.30533 -0.20244 -0.030221 -0.0044866
0.17553 0.27144 -0.47894 -0.44018 -0.23553 -0.01777 -0.0081934 0.16635 -0.10347 0.91583 0.024633 0.09321
0.15592 0.32149 -0.41051 -0.17034 -0.20116 0.0054557 -0.01961 0.050045 0.068434 0.26984 0.03437 0.023226
0.13905 0.37306 -0.28056 0.093978 -0.14958 0.039956 -0.016876 0.05157 0.12995 0.26431 0.051581 0.034501
0.13797 0.39354 -0.32179 -0.05234 -0.14471 0.020201 -0.0010768 0.02048 -0.041225 -0.14632 0.0048708 -0.019755
0.14526 0.29409 -0.23001 -0.32799 -0.15515 0.0060755 0.0072954 -0.099447 0.091777 -0.27565 -0.010437 -0.014126
0.1456 0.26543 -0.18069 -0.34952 -0.15626 0.0020904 0.00033353 -0.028665 0.049324 -0.021533 -0.0011113 -0.003985
0.15463 0.22496 -0.094394 -0.41132 -0.15591 -0.010038 0.0090352 -0.040469 0.086292 -0.061802 0.000345 -0.012128
0.1531 0.21109 -0.003037 -0.49069 -0.15188 -0.013145 -0.0015324 -0.013871 0.091357 -0.079366 0.0040363 -0.0031069
0.15078 0.23641 -0.015726 -0.50852 -0.16091 -0.01891 -0.0023245 0.025318 -0.012689 -0.017827 -0.0090361 -0.0057658
0.1426 0.21462 0.0039878 -0.57427 -0.15382 -0.025375 -0.0081797 -0.021787 0.019714 -0.065747 0.0070903 -0.0064644
0.13845 0.23426 -0.020839 -0.57329 -0.15861 -0.038507 -0.0041512 0.019638 -0.024827 0.00097092 -0.0047912 -0.013132
0.13251 0.22409 -0.0097803 -0.60224 -0.15793 -0.04148 -0.005932 -0.010169 0.011059 -0.02895 0.00067911 -0.0029737
0.1316 0.21982 0.017202 -0.63814 -0.17345 -0.039259 -0.00091227 -0.0042655 0.026982 -0.035897 -0.015518 0.0022213
0.13025 0.21835 0.015911 -0.62969 -0.18963 -0.024861 -0.0013522 -0.0014705 -0.0012912 0.0084524 -0.01618 0.014398
0.13957 0.22266 0.032432 -0.61883 -0.20516 -0.022613 0.0093239 0.0043056 0.016521 0.010854 -0.015523 0.0022482
0.14806 0.24509 -0.026585 -0.4581 -0.19512 -0.0062414 0.0084827 0.022436 -0.059017 0.16073 0.010039 0.016372
0.15033 0.27229 -0.015409 -0.38577 -0.18819 -0.013119 0.0022733 0.027193 0.011176 0.072333 0.0069225 -0.0068775
0.14615 0.28702 -0.045415 -0.33622 -0.17808 0.0019569 -0.0041816 0.014731 -0.030006 0.049552 0.010117 0.015076
0.13875 0.2843 -0.0072888 -0.38677 -0.18317 -0.011277 -0.0073967 -0.002718 0.038127 -0.050552 -0.005096 -0.013234
0.13195 0.27224 -0.0373 -0.4388 -0.1787 -0.011326 -0.0067952 -0.012063 -0.030011 -0.052032 0.0044756 -4.9088e-05
0.12588 0.2661 -0.01092 -0.46528 -0.16621 -0.016089 -0.0060791 -0.0061354 0.026379 -0.026479 0.012483 -0.0047628
0.12663 0.27043 -0.036553 -0.43582 -0.16306 -0.021668 0.00074936 0.0043279 -0.025633 0.029455 0.0031515 -0.0055789
0.12784 0.28296 -0.030598 -0.41919 -0.15132 -0.0095657 0.001218 0.012531 0.0059554 0.016634 0.011739 0.012102
0.13523 0.28074 -0.038411 -0.4006 -0.17323 -0.017592 0.0073889 -0.0022246 -0.0078133 0.018587 -0.021902 -0.0080258
0.13123 0.27899 -0.05296 -0.38249 -0.1656 -0.01351 -0.0040042 -0.0017444 -0.014549 0.018111 0.0076222 0.0040811
0.12042 0.2807 -0.059453 -0.37547 -0.17907 -0.023627 -0.010811 0.0017088 -0.0064936 0.0070224 -0.013462 -0.010117
0.11114 0.27397 -0.043327 -0.40428 -0.17031 -0.025801 -0.0092736 -0.0067281 0.016127 -0.028811 0.0087568 -0.0021734
0.10778 0.28259 -0.070237 -0.41053 -0.17459 -0.024966 -0.0033667 0.0086225 -0.02691 -0.0062497 -0.0042769 0.00083433
0.1126 0.26343 -0.035764 -0.49768 -0.17302 -0.023137 0.0048268 -0.019162 0.034473 -0.087153 0.0015686 0.0018292
0.12109 0.20645 0.027048 -0.60185 -0.16778 -0.025343 0.0084816 -0.056979 0.062812 -0.10417 0.0052372 -0.0022055
0.12151 0.20543 0.055723 -0.57938 -0.18709 -0.029085 0.00042485 -0.0010242 0.028675 0.022473 -0.019305 -0.0037427
0.12942 0.23021 0.022258 -0.52743 -0.20301 -0.025881 0.0079123 0.024776 -0.033466 0.051941 -0.015924 0.0032047
0.12195 0.16793 0.23314 -0.77765 -0.15871 -0.039418 -0.0074678 -0.062278 0.21088 -0.25022 0.044302 -0.013537
0.11777 0.12308 0.29453 -0.98716 -0.13874 -0.03761 -0.0041812 -0.044844 0.061397 -0.20951 0.019971 0.0018075
0.10061 -0.08246 0.68144 -1.4957 -0.03603 -0.064028 -0.017166 -0.20554 0.3869 -0.50851 0.10271 -0.026418
0.091586 -0.039626 0.50959 -1.3914 -0.086208 -0.063481 -0.0090221 0.042834 -0.17184 0.10432 -0.050178 0.00054698
0.08381 0.032984 0.35473 -1.1574 -0.11478 -0.071662 -0.0077755 0.07261 -0.15486 0.23397 -0.028572 -0.0081809
0.080367 0.07857 0.23657 -1.0399 -0.16192 -0.071481 -0.0034433 0.045586 -0.11817 0.11747 -0.047141 0.00018114
0.078717 0.11466 0.22856 -0.94753 -0.176 -0.069782 -0.0016505 0.03609 -0.0080016 0.092384 -0.014081 0.0016986
0.078968 0.040432 0.36646 -1.1354 -0.14012 -0.069125 0.00025181 -0.074228 0.1379 -0.18783 0.035877 0.00065674
0.088968 0.10329 0.34262 -1.117 -0.15132 -0.062182 0.0099998 0.062858 -0.023844 0.018398 -0.011199 0.0069433
0.086081 0.070921 0.35986 -1.1456 -0.15743 -0.06019 -0.002887 -0.032369 0.017245 -0.02865 -0.0061022 0.0019923
0.084951 0.098724 0.38649 -1.0494 -0.15859 -0.067552 -0.0011304 0.027803 0.026628 0.096234 -0.0011673 -0.0073625
0.11077 0.23271 -0.0032795 -0.54387 -0.19893 -0.043774 0.02582 0.13398 -0.38977 0.5055 -0.040332 0.023778
0.116 0.33724 -0.16834 -0.17341 -0.15525 -0.034611 0.0052276 0.10454 -0.16506 0.37046 0.043676 0.0091624
0.17176 0.58946 -0.89944 0.37801 -0.24042 0.014975 0.055762 0.25221 -0.73111 0.55142 -0.085172 0.049586
0.13989 0.41705 -0.61186 0.015631 -0.15874 0.0028492 -0.031871 -0.1724 0.28759 -0.36237 0.081676 -0.012125
0.14213 0.35631 -0.58085 -0.20289 -0.21056 -0.0040321 0.0022368 -0.060741 0.031005 -0.21852 -0.051818 -0.0068813
0.10906 0.21182 -0.18541 -0.54515 -0.15129 -0.031691 -0.033065 -0.1445 0.39544 -0.34226 0.059278 -0.027659
0.1071 0.20848 0.01569 -0.57764 -0.15127 -0.046485 -0.0019631 -0.0033392 0.20111 -0.032488 1.2138e-05 -0.014794
0.10809 0.28394 -0.024779 -0.55367 -0.16402 -0.040713 0.00098869 0.075459 -0.040469 0.023966 -0.012749 0.0057725
0.10254 0.23529 0.041467 -0.61945 -0.16547 -0.048193 -0.0055498 -0.048641 0.066246 -0.065774 -0.0014458 -0.0074805
0.095782 0.21181 0.094596 -0.76782 -0.19486 -0.048434 -0.0067537 -0.023486 0.053129 -0.14837 -0.02939 -0.00024098
0.088794 0.15852 0.16146 -0.82312 -0.21257 -0.062222 -0.0069882 -0.053287 0.066868 -0.055302 -0.017707 -0.013787
0.090619 0.20857 0.22487 -0.9001 -0.21196 -0.067126 0.0018246 0.05005 0.063409 -0.076978 0.00060809 -0.0049039
0.088721 0.19827 0.2402 -0.9523 -0.21296 -0.063934 -0.0018981 -0.010302 0.015325 -0.052196 -0.00099842 0.0031914
0.095607 0.23335 0.13662 -0.90183 -0.22663 -0.06088 0.0068868 0.035085 -0.10358 0.05047 -0.013672 0.0030539
0.095309 0.22563 0.074161 -0.92987 -0.22682 -0.050896 -0.00029806 -0.0077259 -0.062462 -0.028039 -0.00019494 0.0099848
0.10314 0.23477 -0.045664 -0.79754 -0.2641 -0.058917 0.00783 0.009137 -0.11983 0.13233 -0.037282 -0.0080216
0.10492 0.27253 -0.12399 -0.82319 -0.25191 -0.062362 0.0017794 0.037762 -0.078323 -0.025652 0.012199 -0.0034447
0.10865 0.2456 -0.11446 -0.79801 -0.26818 -0.067982 0.0037324 -0.026929 0.0095298 0.025176 -0.016279 -0.0056202
0.10547 0.23632 -0.096075 -0.79455 -0.25414 -0.064307 -0.0031767 -0.0092829 0.018382 0.003459 0.014048 0.003675
0.10105 0.25897 -0.061784 -0.78795 -0.26784 -0.065202 -0.0044283 0.022653 0.034291 0.0065996 -0.013703 -0.00089495
0.096565 0.24953 -0.071818 -0.74559 -0.25973 -0.065418 -0.0044809 -0.0094395 -0.010034 0.042365 0.0081059 -0.00021646
0.099642 0.28603 -0.078871 -0.73235 -0.26969 -0.062905 0.003077 0.036496 -0.0070531 0.013243 -0.0099584 0.0025138
0.10272 0.25341 -0.084896 -0.72412 -0.25907 -0.063998 0.0030805 -0.032618 -0.0060245 0.0082269 0.01062 -0.0010928
0.10672 0.25657 -0.078447 -0.70888 -0.26721 -0.064438 0.0039993 0.0031642 0.0064484 0.015238 -0.0081354 -0.00044038
0.10317 0.26206 -0.073332 -0.72435 -0.2674 -0.068907 -0.003548 0.005493 0.0051151 -0.015468 -0.00019769 -0.0044694
0.097425 0.25162 -0.063542 -0.72895 -0.27176 -0.075039 -0.005749 -0.010441 0.0097903 -0.004601 -0.0043568 -0.0061316
0.099431 0.28138 -0.12602 -0.6463 -0.28132 -0.06112 0.0020061 0.029761 -0.062475 0.082651 -0.0095602 0.013919
0.10168 0.27573 -0.1182 -0.67498 -0.26955 -0.06857 0.0022532 -0.0056504 0.0078155 -0.028679 0.011775 -0.0074497
0.10738 0.28837 -0.22057 -0.64317 -0.28433 -0.06828 0.0056923 0.01264 -0.10237 0.031805 -0.014782 0.00029011
0.10366 0.23838 -0.13378 -0.87141 -0.27151 -0.086587 -0.0037136 -0.04999 0.086795 -0.22823 0.01282 -0.018307
0.10201 0.19439 -0.12286 -0.92721 -0.28642 -0.093308 -0.00165 -0.043992 0.010914 -0.055806 -0.01491 -0.0067217
0.095249 0.11722 0.0025876 -1.1315 -0.28255 -0.094619 -0.0067643 -0.077172 0.12545 -0.20426 0.0038652 -0.0013104
0.094659 0.13827 0.032662 -1.1314 -0.27706 -0.094688 -0.00058986 0.021055 0.030075 2.5588e-05 0.0054887 -6.8943e-05
0.10036 0.13601 0.031121 -1.1275 -0.28174 -0.08806 0.0056983 -0.0022609 -0.0015417 0.003944 -0.0046754 0.006628
0.093679 0.21088 -0.020978 -0.99683 -0.25462 -0.092302 -0.0066786 0.074862 -0.052098 0.13068 0.027125 -0.0042424
0.0849 0.23901 -0.097251 -0.78593 -0.31969 -0.11963 -0.0087789 0.028139 -0.076273 0.2109 -0.065078 -0.027326
0.066386 0.26687 -0.094858 -0.73823 -0.32608 -0.14507 -0.018514 0.027851 0.0023921 0.047697 -0.0063871 -0.025445
0.045511 0.27232 -0.10324 -0.70186 -0.41703 -0.18471 -0.020875 0.0054551 -0.0083773 0.036372 -0.090947 -0.039636
0.049279 0.27939 -0.086062 -0.73976 -0.37928 -0.17603 0.0037682 0.00707 0.017174 -0.037901 0.037749 0.0086783
0.047086 0.25347 -0.036884 -0.80968 -0.38102 -0.15908 -0.0021926 -0.025915 0.049178 -0.069922 -0.001745 0.01695
0.027703 0.27459 -0.066239 -0.73835 -0.30212 -0.13791 -0.019383 0.021115 -0.029355 0.071332 0.078901 0.021173
0.021507 0.23932 -0.028064 -0.77799 -0.3076 -0.11816 -0.0061961 -0.03527 0.038175 -0.039644 -0.0054733 0.019743
-0.0080228 0.26989 -0.1579 -0.6036 -0.25064 -0.11425 -0.02953 0.03057 -0.12984 0.17439 0.056956 0.0039196
0.013273 0.27924 -0.24017 -0.50483 -0.27828 -0.11144 0.021296 0.0093478 -0.082271 0.098774 -0.027643 0.0028027
0.021316 0.29525 -0.32854 -0.43781 -0.24889 -0.099941 0.0080422 0.016009 -0.088367 0.067022 0.029392 0.011502
0.030882 0.31196 -0.33275 -0.45703 -0.26936 -0.10881 0.0095664 0.016714 -0.0042045 -0.019226 -0.020467 -0.0088645
0.021055 0.27416 -0.29632 -0.49253 -0.27267 -0.10444 -0.0098274 -0.0378 0.036421 -0.0355 -0.0033146 0.0043621
0.013038 0.28286 -0.28446 -0.5324 -0.28566 -0.11037 -0.008017 0.0086953 0.011865 -0.039865 -0.012988 -0.0059244
0.0045704 0.25357 -0.27605 -0.52095 -0.29515 -0.11901 -0.0084672 -0.029288 0.0084113 0.011453 -0.0094928 -0.0086401
0.017985 0.26036 -0.2812 -0.52232 -0.29253 -0.10364 0.013415 0.0067942 -0.005154 -0.0013702 0.002626 0.015369
0.019679 0.26341 -0.2887 -0.49999 -0.28929 -0.1195 0.0016938 0.0030466 -0.0074945 0.022328 0.0032366 -0.015864
0.02162 0.24805 -0.32368 -0.49565 -0.29999 -0.11493 0.0019405 -0.015356 -0.034987 0.0043413 -0.010696 0.0045764
0.014999 0.26714 -0.31009 -0.46748 -0.30311 -0.12543 -0.006621 0.01909 0.013594 0.028164 -0.00312 -0.010502
0.043325 0.27516 -0.383 -0.63221 -0.31137 -0.13067 0.028326 0.0080138 -0.072908 -0.16472 -0.0082674 -0.0052451
0.049841 0.24249 -0.2697 -0.53484 -0.25246 -0.10726 0.0065156 -0.032667 0.1133 0.097368 0.058912 0.023409
0.094647 0.29091 -0.36294 -0.61687 -0.2434 -0.10523 0.044807 0.048424 -0.093237 -0.082034 0.0090609 0.0020384
0.067217 0.22177 -0.19325 -0.4681 -0.20408 -0.090987 -0.02743 -0.069139 0.16969 0.14877 0.039326 0.014239
0.068771 0.25737 -0.14884 -0.47642 -0.21428 -0.085143 0.001554 0.035594 0.044407 -0.0083178 -0.010208 0.0058443
0.055248 0.22447 -0.010632 -0.49024 -0.2013 -0.093842 -0.013523 -0.0329 0.13821 -0.013819 0.012987 -0.0086992
0.055191 0.21423 0.026045 -0.46888 -0.19058 -0.08956 -5.7253e-05 -0.010238 0.036678 0.02136 0.01072 0.0042826
0.065166 0.22792 -0.032088 -0.44369 -0.2006 -0.10127 0.0099753 0.01369 -0.058133 0.025188 -0.010022 -0.01171
0.055299 0.22058 -0.088116 -0.39363 -0.20218 -0.10342 -0.009867 -0.0073388 -0.056028 0.050057 -0.001584 -0.0021462
0.052339 0.23848 -0.092687 -0.37549 -0.21851 -0.10197 -0.0029593 0.017898 -0.0045709 0.01814 -0.01633 0.0014453
0.051142 0.25769 -0.093697 -0.37274 -0.20865 -0.10256 -0.0011976 0.019208 -0.0010098 0.0027527 0.0098626 -0.00059501
0.050407 0.25717 -0.083533 -0.36764 -0.21298 -0.10231 -0.00073445 -0.00051551 0.010164 0.0050939 -0.0043279 0.00025051
0.053108 0.27144 -0.099112 -0.3577 -0.20864 -0.10275 0.0027005 0.014269 -0.015579 0.0099427 0.0043407 -0.00043109
0.048421 0.26365 -0.13697 -0.34488 -0.21041 -0.10772 -0.0046866 -0.0077895 -0.037859 0.012826 -0.00177 -0.0049764
0.047682 0.25585 -0.15778 -0.3204 -0.22047 -0.10192 -0.00073964 -0.0078039 -0.020807 0.024472 -0.010058 0.0057995
0.049874 0.25682 -0.17775 -0.28531 -0.21599 -0.098352 0.0021921 0.00097779 -0.019973 0.035092 0.0044749 0.00357
0.055663 0.2499 -0.22816 -0.24163 -0.22537 -0.093672 0.0057891 -0.0069277 -0.050406 0.043682 -0.0093822 0.0046804
0.062381 0.27758 -0.21109 -0.22739 -0.20739 -0.091979 0.0067178 0.027679 0.017066 0.014236 0.017982 0.0016927
0.059459 0.26003 -0.17723 -0.26222 -0.20574 -0.098302 -0.0029217 -0.017544 0.033865 -0.034826 0.0016529 -0.0063228
0.060371 0.27107 -0.15188 -0.32951 -0.21475 -0.097005 0.00091172 0.011034 0.025347 -0.067294 -0.0090153 0.0012972
0.060037 0.23706 -0.11777 -0.36877 -0.22069 -0.094017 -0.00033348 -0.034011 0.034105 -0.039259 -0.0059378 0.0029881
0.066657 0.26625 -0.22687 -0.38923 -0.24887 -0.087281 0.00662 0.029196 -0.1091 -0.020457 -0.028175 0.0067359
0.071535 0.26326 -0.24478 -0.30799 -0.22802 -0.08214 0.0048782 -0.0029896 -0.017909 0.081236 0.020842 0.0051408
0.074771 0.27913 -0.32007 -0.29778 -0.24912 -0.083244 0.0032358 0.015872 -0.075293 0.010213 -0.021094 -0.0011045
0.072999 0.28228 -0.28307 -0.29251 -0.22616 -0.089481 -0.0017727 0.0031492 0.037005 0.0052728 0.022959 -0.0062369
0.073449 0.26734 -0.34649 -0.3439 -0.26023 -0.096431 0.00044991 -0.014942 -0.063423 -0.051389 -0.034076 -0.0069498
0.070778 0.28107 -0.33931 -0.37232 -0.25129 -0.099145 -0.002671 0.013724 0.0071766 -0.028418 0.0089433 -0.0027135
0.070486 0.25159 -0.36284 -0.36599 -0.25509 -0.10235 -0.00029199 -0.029478 -0.023531 0.0063217 -0.0038028 -0.0032012
0.072469 0.27982 -0.35656 -0.35625 -0.25364 -0.10122 0.0019838 0.028237 0.006289 0.009744 0.0014551 0.0011235
0.071095 0.25041 -0.30319 -0.34319 -0.23179 -0.10646 -0.0013742 -0.029415 0.053371 0.013064 0.021847 -0.0052329
0.076606 0.27847 -0.35237 -0.35449 -0.25183 -0.10408 0.0055107 0.028058 -0.049188 -0.011303 -0.020037 0.0023774
0.077133 0.25911 -0.32547 -0.38373 -0.23592 -0.10294 0.00052663 -0.019354 0.026902 -0.029238 0.015913 0.0011393
0.078421 0.2352 -0.34318 -0.42611 -0.24635 -0.10348 0.001288 -0.023913 -0.017711 -0.042385 -0.010436 -0.0005404
0.079821 0.25215 -0.33171 -0.49112 -0.24152 -0.10796 0.0014 0.016954 0.011471 -0.065006 0.0048279 -0.00448
0.072536 0.19851 -0.28726 -0.51099 -0.23473 -0.11179 -0.0072843 -0.053648 0.044448 -0.019873 0.0067967 -0.0038338
0.071154 0.21645 -0.23957 -0.49635 -0.21672 -0.11337 -0.0013823 0.017946 0.047692 0.014646 0.018009 -0.0015787
0.063435 0.19441 -0.21556 -0.49 -0.2036 -0.10579 -0.007719 -0.02204 0.024009 0.0063514 0.013117 0.0075768
0.059973 0.1904 -0.17434 -0.42022 -0.17277 -0.1065 -0.0034623 -0.0040159 0.041226 0.069773 0.030828 -0.00070059
0.061447 0.20537 -0.21312 -0.41516 -0.18355 -0.097475 0.0014739 0.014967 -0.038787 0.0050647 -0.010775 0.0090199
0.067197 0.22197 -0.21889 -0.34664 -0.16936 -0.096621 0.0057503 0.0166 -0.0057639 0.068515 0.014189 0.00085415
0.072362 0.23928 -0.23811 -0.33147 -0.17896 -0.093913 0.0051656 0.017318 -0.019221 0.01517 -0.009601 0.0027078
0.077302 0.27497 -0.24982 -0.31101 -0.18097 -0.096831 0.0049395 0.03569 -0.011711 0.020459 -0.0020093 -0.0029173
0.070202 0.26852 -0.26019 -0.30972 -0.17417 -0.099788 -0.0071005 -0.0064563 -0.010367 0.0012899 0.0067959 -0.0029573
0.073444 0.2655 -0.28022 -0.30129 -0.18929 -0.099446 0.0032425 -0.0030195 -0.020034 0.0084323 -0.015113 0.00034224
0.070553 0.27227 -0.29019 -0.3102 -0.18159 -0.094377 -0.0028909 0.0067751 -0.0099713 -0.0089084 0.0076937 0.0050687
0.077143 0.25598 -0.28946 -0.29262 -0.19025 -0.088268 0.0065904 -0.016293 0.00073315 0.017583 -0.008652 0.0061093
0.078789 0.28576 -0.29779 -0.30636 -0.19344 -0.092129 0.0016453 0.029784 -0.0083269 -0.013747 -0.003193 -0.0038613
0.077182 0.25988 -0.30405 -0.291 -0.19206 -0.090413 -0.0016068 -0.025883 -0.006264 0.015366 0.0013769 0.0017165
0.078935 0.2747 -0.33233 -0.29334 -0.19378 -0.10379 0.001753 0.014818 -0.028285 -0.0023452 -0.0017159 -0.013379
0.072099 0.25286 -0.32782 -0.29027 -0.18392 -0.10032 -0.0068355 -0.021839 0.004515 0.0030696 0.0098577 0.0034681
0.072052 0.25834 -0.31207 -0.28767 -0.17513 -0.10347 -4.7616e-05 0.0054821 0.015753 0.0026084 0.0087891 -0.0031437
0.069372 0.25312 -0.29062 -0.28076 -0.16304 -0.098507 -0.0026802 -0.0052181 0.021447 0.0069063 0.012089 0.0049597
0.0725 0.2639 -0.30089 -0.28227 -0.15246 -0.10121 0.0031287 0.010776 -0.010272 -0.0015063 0.010584 -0.0027074
0.080448 0.27553 -0.32301 -0.29239 -0.15911 -0.09866 0.0079475 0.011628 -0.022116 -0.010122 -0.0066561 0.002555
0.085266 0.2639 -0.32953 -0.28562 -0.14104 -0.097269 0.0048184 -0.011626 -0.0065228 0.0067658 0.018075 0.0013903
0.091978 0.29319 -0.3866 -0.30818 -0.16838 -0.089521 0.0067121 0.029284 -0.057066 -0.022562 -0.027342 0.0077479
0.094658 0.26221 -0.35277 -0.29002 -0.15905 -0.086399 0.0026799 -0.030973 0.033831 0.018164 0.0093327 0.0031222
0.098881 0.26255 -0.39832 -0.30017 -0.17591 -0.091372 0.0042234 0.00033642 -0.045559 -0.010145 -0.016866 -0.0049727
0.10306 0.27121 -0.386 -0.31453 -0.17719 -0.095103 0.0041757 0.0086607 0.012327 -0.014361 -0.0012737 -0.0037313
0.10144 0.24952 -0.37611 -0.3014 -0.15588 -0.099275 -0.0016174 -0.02169 0.009883 0.013122 0.02131 -0.0041714
0.096663 0.29213 -0.42404 -0.29597 -0.15242 -0.094962 -0.0047768 0.042606 -0.047925 0.005437 0.0034576 0.0043127
0.099401 0.2765 -0.39324 -0.30678 -0.17391 -0.09555 0.0027376 -0.015626 0.0308 -0.010814 -0.02149 -0.00058773
0.095856 0.24067 -0.3221 -0.33283 -0.20932 -0.092619 -0.0035443 -0.035832 0.071143 -0.026047 -0.03541 0.0029306
0.11677 0.33025 -0.53466 -0.30934 -0.20908 -0.097724 0.020912 0.08958 -0.21256 0.023492 0.00024055 -0.0051054
0.11073 0.32155 -0.65608 -0.28 -0.19952 -0.095882 -0.0060399 -0.0086982 -0.12142 0.029335 0.0095556 0.0018427
0.13029 0.42963 -1.0698 -0.066012 -0.14869 -0.089417 0.019562 0.10808 -0.41373 0.21399 0.050838 0.0064647
0.1235 0.37929 -1.0402 -0.038669 -0.19199 -0.086972 -0.0067887 -0.050347 0.029603 0.027342 -0.043306 0.0024453
0.13634 0.37663 -0.93657 0.026311 -0.24949 -0.079427 0.012838 -0.0026544 0.10363 0.064981 -0.057495 0.0075452
0.12701 0.33971 -0.67302 -0.095069 -0.26167 -0.081635 -0.0093338 -0.036924 0.26355 -0.12138 -0.012186 -0.0022084
0.12796 0.34491 -0.61429 -0.15451 -0.28965 -0.089467 0.00095432 0.0052035 0.058726 -0.059443 -0.027981 -0.007832
0.12049 0.37165 -0.64825 -0.12369 -0.25873 -0.085311 -0.0074713 0.026739 -0.033953 0.030817 0.030919 0.0041557
0.12879 0.36344 -0.75676 -0.058623 -0.32389 -0.091648 0.0082999 -0.0082072 -0.10852 0.065072 -0.065151 -0.0063369
0.12204 0.39386 -0.7356 0.026799 -0.28757 -0.078295 -0.0067527 0.030412 0.021163 0.085421 0.036317 0.013353
0.12365 0.36746 -0.63834 0.020926 -0.28087 -0.074529 0.0016186 -0.026395 0.097259 -0.005873 0.0066989 0.0037662
0.11162 0.36572 -0.55835 -0.0035029 -0.21299 -0.069177 -0.012032 -0.0017435 0.079992 -0.024429 0.067877 0.0053524
0.11208 0.3756 -0.50465 -0.023973 -0.21793 -0.069149 0.00045649 0.0098866 0.0537 -0.02047 -0.0049386 2.8276e-05
0.11585 0.36242 -0.51572 -0.035405 -0.27243 -0.076764 0.0037658 -0.013184 -0.01107 -0.011432 -0.054497 -0.0076158
0.11203 0.37237 -0.47458 -0.022323 -0.23708 -0.077042 -0.0038141 0.0099524 0.041136 0.013083 0.035351 -0.0002778
0.11612 0.37443 -0.46954 -0.034911 -0.26508 -0.084167 0.0040875 0.0020558 0.0050478 -0.012588 -0.028 -0.007125
0.10941 0.36832 -0.42396 -0.025743 -0.19921 -0.070712 -0.0067062 -0.0061114 0.045571 0.0091676 0.065866 0.013455
0.10837 0.34788 -0.36114 -0.1359 -0.22219 -0.07946 -0.0010386 -0.020439 0.062824 -0.11015 -0.022975 -0.0087486
0.11519 0.3439 -0.4383 -0.087027 -0.25272 -0.06776 0.006821 -0.0039763 -0.077163 0.048868 -0.030531 0.0117
0.11441 0.42179 -0.57967 0.10829 -0.24332 -0.049273 -0.00078625 0.077884 -0.14137 0.19532 0.0093968 0.018487
0.12928 0.45767 -0.80783 0.29187 -0.30405 -0.042982 0.01487 0.035885 -0.22816 0.18358 -0.06073 0.006291
0.12507 0.57646 -0.95898 0.61236 -0.26435 -0.012094 -0.0042061 0.11879 -0.15114 0.32049 0.039699 0.030888
0.12455 0.4525 -0.74746 0.32866 -0.31193 -0.045445 -0.00051903 -0.12397 0.21151 -0.2837 -0.047582 -0.033351
0.11491 0.47719 -0.64815 0.30503 -0.28002 -0.047207 -0.0096455 0.024697 0.099307 -0.023633 0.031918 -0.0017628
0.10552 0.39926 -0.44884 0.063148 -0.26829 -0.066744 -0.0093853 -0.077934 0.19931 -0.24188 0.011723 -0.019537
0.10001 0.41769 -0.47179 0.061607 -0.23355 -0.064854 -0.0055102 0.018435 -0.022949 -0.0015417 0.034748 0.0018909
0.09429 0.41332 -0.4612 0.054564 -0.21298 -0.060684 -0.0057222 -0.0043729 0.010587 -0.0070425 0.020569 0.0041691
0.090144 0.3928 -0.42504 -0.027748 -0.20801 -0.06313 -0.0041463 -0.020526 0.036162 -0.082312 0.00497 -0.002446
0.090404 0.38004 -0.38154 -0.071843 -0.21294 -0.068613 0.00026013 -0.012756 0.043498 -0.044095 -0.0049324 -0.0054831
0.087894 0.35733 -0.33368 -0.10518 -0.20087 -0.066491 -0.0025096 -0.022711 0.047866 -0.033338 0.012068 0.0021227
0.0925 0.33968 -0.31732 -0.11207 -0.20914 -0.076638 0.0046059 -0.017644 0.016359 -0.0068906 -0.0082666 -0.010147
0.088683 0.3379 -0.31684 -0.084353 -0.2067 -0.07201 -0.0038172 -0.0017877 0.00047952 0.027719 0.0024352 0.004628
0.084798 0.36931 -0.35294 -0.079867 -0.22494 -0.083976 -0.0038846 0.031417 -0.036102 0.0044861 -0.018234 -0.011966
0.077684 0.37425 -0.37796 -0.063295 -0.22036 -0.08103 -0.0071144 0.0049367 -0.025017 0.016572 0.0045738 0.0029461
0.076597 0.38166 -0.36433 -0.074122 -0.21509 -0.080173 -0.001087 0.0074047 0.013629 -0.010827 0.0052755 0.00085651
0.077229 0.37828 -0.38062 -0.050983 -0.2158 -0.078804 0.00063216 -0.0033791 -0.016293 0.023139 -0.00071587 0.0013686
0.080478 0.41883 -0.39522 -0.033825 -0.21059 -0.070779 0.0032491 0.040555 -0.014593 0.017157 0.0052112 0.0080259
0.075741 0.38005 -0.36489 -0.082585 -0.21663 -0.071405 -0.0047371 -0.038782 0.030326 -0.048759 -0.0060339 -0.00062669
0.079407 0.40486 -0.3935 -0.048609 -0.21515 -0.073345 0.0036657 0.02481 -0.02861 0.033976 0.0014767 -0.0019393
0.076455 0.31989 -0.28358 -0.081789 -0.19747 -0.066829 -0.0029519 -0.08497 0.10992 -0.03318 0.017682 0.0065157
0.070387 0.3567 -0.33821 -0.037138 -0.21233 -0.073647 -0.006068 0.03681 -0.054629 0.044651 -0.014864 -0.006818
0.074854 0.40096 -0.50189 -0.214 -0.20445 -0.083625 0.0044675 0.044263 -0.16369 -0.17686 0.0078824 -0.0099785
0.092262 0.34846 -0.63047 -0.28481 -0.28994 -0.062954 0.017408 -0.052507 -0.12858 -0.070809 -0.085491 0.020671
0.14438 0.4366 -0.97951 -0.45125 -0.32973 -0.065917 0.052121 0.088141 -0.34904 -0.16644 -0.039789 -0.0029634
0.16924 0.28335 -0.91153 -0.30768 -0.39439 -0.019178 0.024861 -0.15325 0.067983 0.14356 -0.06466 0.046739
0.16313 0.33037 -0.93486 -0.28825 -0.37279 -0.032106 -0.006115 0.047021 -0.023331 0.01943 0.021596 -0.012928
0.13188 0.29533 -0.78297 -0.20705 -0.35283 -0.036838 -0.031252 -0.03504 0.15189 0.081203 0.019963 -0.0047313
0.10117 0.31364 -0.6978 -0.18861 -0.35377 -0.054251 -0.030708 0.018312 0.085176 0.018441 -0.00094462 -0.017413
0.11807 0.41063 -0.74204 -0.12778 -0.36163 -0.051785 0.016898 0.096992 -0.04424 0.060833 -0.0078595 0.0024661
0.124 0.36853 -0.68623 -0.065236 -0.36378 -0.046073 0.0059345 -0.042102 0.055807 0.062542 -0.0021481 0.0057115
0.14014 0.41643 -0.67084 -0.0024005 -0.34017 -0.029722 0.01614 0.0479 0.01539 0.062835 0.023615 0.016351
0.14112 0.37206 -0.59769 -0.030525 -0.32948 -0.033325 0.0009749 -0.044372 0.073153 -0.028124 0.010686 -0.0036035
0.13172 0.40127 -0.60957 -0.04019 -0.33366 -0.037252 -0.0094001 0.029213 -0.011887 -0.0096652 -0.0041801 -0.0039267
0.13084 0.36961 -0.54917 -0.057015 -0.31305 -0.042104 -0.0008721 -0.031665 0.060404 -0.016825 0.020611 -0.0048524
0.10817 0.37012 -0.5684 -0.080078 -0.28887 -0.056531 -0.022679 0.00051089 -0.019235 -0.023063 0.024181 -0.014427
0.10258 0.35914 -0.50797 -0.071918 -0.26385 -0.056071 -0.0055818 -0.01098 0.060437 0.0081603 0.025018 0.0004603
0.093964 0.3739 -0.51018 -0.082471 -0.27357 -0.059393 -0.0086194 0.014761 -0.0022135 -0.010554 -0.0097153 -0.0033221
0.092919 0.36713 -0.44188 -0.11358 -0.28592 -0.062813 -0.0010454 -0.0067678 0.068297 -0.031108 -0.012356 -0.0034201
0.08586 0.3398 -0.36396 -0.15178 -0.24975 -0.067096 -0.0070586 -0.02733 0.077926 -0.038199 0.036176 -0.0042826
0.082918 0.30183 -0.24247 -0.18068 -0.24092 -0.072078 -0.0029427 -0.037969 0.12149 -0.028906 0.0088233 -0.0049823
0.071496 0.28711 -0.26105 -0.20417 -0.22356 -0.076953 -0.011421 -0.014728 -0.018576 -0.023487 0.017367 -0.0048748
0.076829 0.28091 -0.23098 -0.19603 -0.24579 -0.076225 0.0053331 -0.0061936 0.03007 0.0081432 -0.022231 0.00072794
0.068977 0.27866 -0.30552 -0.19804 -0.25736 -0.079522 -0.0078525 -0.0022486 -0.074547 -0.0020157 -0.011574 -0.0032966
0.078227 0.29122 -0.30077 -0.19844 -0.25829 -0.082726 0.0092496 0.012556 0.0047473 -0.00039374 -0.00092643 -0.0032045
0.078234 0.29417 -0.32198 -0.19457 -0.25253 -0.088611 7.7041e-06 0.0029543 -0.02121 0.0038711 0.0057537 -0.0058853
0.07288 0.26787 -0.29951 -0.21361 -0.25448 -0.088275 -0.0053546 -0.026304 0.022479 -0.019047 -0.0019415 0.00033624
0.076202 0.27897 -0.28663 -0.21817 -0.22898 -0.091957 0.003322 0.011096 0.012878 -0.0045571 0.025493 -0.0036818
0.087813 0.28033 -0.2864 -0.21374 -0.2404 -0.077828 0.011611 0.0013659 0.00022663 0.0044304 -0.011417 0.014129
0.10038 0.32033 -0.2808 -0.23086 -0.21915 -0.081643 0.012563 0.039997 0.0055973 -0.017116 0.021247 -0.0038148
0.11008 0.33205 -0.2238 -0.25762 -0.20429 -0.079235 0.0096998 0.01172 0.057003 -0.026761 0.014858 0.0024076
0.11375 0.32776 -0.35206 -0.28015 -0.23172 -0.08374 0.0036707 -0.0042918 -0.12826 -0.022535 -0.027429 -0.0045044
0.099208 0.31845 -0.39503 -0.21994 -0.22708 -0.084907 -0.014538 -0.0093085 -0.042974 0.060216 0.004647 -0.0011672
0.13193 0.337 -0.80136 -0.023916 -0.34371 -0.06727 0.032717 0.018552 -0.40633 0.19602 -0.11664 0.017637
0.11138 0.38466 -0.81878 0.11053 -0.34936 -0.061651 -0.020547 0.047661 -0.017414 0.13445 -0.005646 0.0056185
0.13488 0.38542 -0.90026 0.22794 -0.41387 -0.054608 0.023506 0.00075964 -0.08148 0.1174 -0.064514 0.0070432
0.12104 0.45456 -0.7688 0.1332 -0.40201 -0.059194 -0.013849 0.069137 0.13146 -0.094733 0.011863 -0.0045864
0.12156 0.37783 -0.64266 0.072141 -0.39305 -0.062327 0.00052631 -0.076724 0.12615 -0.061063 0.0089542 -0.0031327
0.11191 0.32539 -0.58325 0.0043551 -0.36931 -0.059236 -0.0096541 -0.052442 0.059408 -0.067786 0.023745 0.0030915
