-0.00028588 -0.0043257 0.0019593 0.00051245 0.0012121 0.00092739 0 0 0 0 0 0
-0.0012123 0.090442 -0.013518 -0.026769 0.011656 0.015387 -0.00092642 0.094768 -0.015478 -0.027282 0.010444 0.01446
0.0030143 0.091874 -0.00017672 -0.061647 0.014629 0.025855 0.0042266 0.0014314 0.013342 -0.034878 0.0029735 0.010467
0.0056619 0.08641 0.010049 -0.075946 0.021369 0.036626 0.0026475 -0.0054642 0.010226 -0.014298 0.0067395 0.010771
0.011003 0.040424 0.042418 -0.098299 0.017274 0.038749 0.005341 -0.045985 0.032369 -0.022353 -0.0040948 0.0021231
0.011073 0.11422 0.030672 -0.11982 0.010258 0.034164 6.9668e-05 0.073799 -0.011746 -0.021524 -0.0070159 -0.0045845
0.0093791 0.14601 0.024291 -0.11417 0.015559 0.033943 -0.0016935 0.031788 -0.0063807 0.0056515 0.0053007 -0.00022147
0.0096785 0.14219 0.002468 -0.099006 0.0029195 0.022516 0.00029943 -0.0038165 -0.021823 0.015166 -0.012639 -0.011427
0.0057291 0.12268 0.015529 -0.071523 0.0166 0.029893 -0.0039494 -0.019517 0.013061 0.027483 0.01368 0.0073778
0.0064686 0.090803 0.023161 -0.045248 0.010084 0.028702 0.00073951 -0.031875 0.0076316 0.026275 -0.0065155 -0.0011909
0.0068389 0.18081 0.018678 -0.049695 0.019796 0.034264 0.00037029 0.090007 -0.0044833 -0.0044472 0.0097119 0.0055614
0.012274 0.14182 0.025189 -0.039372 0.011344 0.031853 0.0054351 -0.038993 0.0065115 0.010323 -0.0084519 -0.0024113
0.017535 0.14998 0.024918 -0.03871 0.008609 0.036987 0.0052609 0.0081639 -0.0002707 0.00066176 -0.0027354 0.005134
0.023452 0.085997 0.043939 -0.024149 -0.011302 0.036325 0.005917 -0.063984 0.01902 0.014561 -0.019911 -0.00066158
0.022879 0.17412 0.031612 -0.031756 -0.007879 0.052649 -0.00057265 0.08812 -0.012327 -0.0076064 0.0034229 0.016324
0.028538 0.19081 0.026152 -0.030812 -0.0091602 0.056069 0.0056585 0.016693 -0.0054596 0.00094399 -0.0012813 0.0034192
0.023778 0.1933 0.014715 -0.042055 -0.00035091 0.060566 -0.0047599 0.0024885 -0.011437 -0.011243 0.0088093 0.0044974
0.026472 0.14046 0.029272 -0.027785 0.0085558 0.061991 0.0026942 -0.052838 0.014557 0.01427 0.0089067 0.0014246
0.020874 0.14998 0.01304 -0.052132 0.011902 0.066206 -0.0055982 0.0095175 -0.016232 -0.024347 0.0033467 0.0042157
0.018444 0.17987 0.0024913 -0.03423 0.024363 0.066941 -0.0024303 0.029896 -0.010549 0.017901 0.01246 0.00073435
0.02008 0.17387 -0.0046149 -0.066677 0.044723 0.081631 0.0016365 -0.0060028 -0.0071062 -0.032446 0.02036 0.01469
0.016063 0.14068 0.033316 -0.039926 0.059987 0.088107 -0.0040175 -0.033188 0.037931 0.026751 0.015265 0.0064764
0.01626 0.18438 -0.040496 0.0099633 0.012517 0.06528 0.0001978 0.043694 -0.073812 0.049889 -0.047471 -0.022827
0.01222 0.20569 -0.034583 0.017312 -0.0015998 0.049629 -0.0040407 0.021317 0.0059134 0.0073483 -0.014117 -0.015652
0.0088368 0.23601 -0.14566 0.10845 -0.091166 -0.014213 -0.003383 0.030312 -0.11107 0.091137 -0.089566 -0.063842
0.0077762 0.1527 -0.057392 0.057398 -0.055658 -0.011578 -0.0010606 -0.083307 0.088264 -0.05105 0.035507 0.002635
0.0019465 0.14764 -0.0012662 0.087577 -0.058831 -0.0029316 -0.0058297 -0.0050594 0.056126 0.030179 -0.0031721 0.0086467
-0.0042823 0.18995 0.012251 0.051517 -0.0014049 0.039897 -0.0062287 0.042311 0.013517 -0.03606 0.057426 0.042829
-0.010069 0.21111 0.019103 0.057105 0.035755 0.075082 -0.0057869 0.021158 0.0068528 0.0055879 0.03716 0.035185
-0.021502 0.22556 -0.063628 0.05613 0.090431 0.10294 -0.011432 0.014451 -0.082731 -0.00097515 0.054676 0.027854
-0.025671 0.15895 -0.057907 0.081581 0.085833 0.10221 -0.0041698 -0.066614 0.0057206 0.025451 -0.0045979 -0.00072271
-0.039639 0.22242 -0.073933 0.063804 0.13181 0.11616 -0.013968 0.063468 -0.016026 -0.017777 0.045981 0.013949
-0.036726 0.19748 -0.069097 0.075149 0.062833 0.10449 0.0029129 -0.024937 0.0048358 0.011344 -0.068982 -0.011677
-0.041221 0.22261 -0.063325 0.050394 0.095122 0.11157 -0.0044943 0.02513 0.0057723 -0.024754 0.032289 0.0070866
-0.036982 0.15269 -0.034401 0.035777 0.041252 0.1069 0.0042384 -0.06992 0.028923 -0.014618 -0.05387 -0.0046747
-0.037198 0.16646 -0.016637 0.03454 0.058196 0.11005 -0.00021534 0.01377 0.017765 -0.0012364 0.016944 0.0031548
-0.036137 0.20706 -0.00057277 0.018046 0.05579 0.10851 0.0010602 0.040604 0.016064 -0.016494 -0.0024058 -0.0015451
-0.033389 0.18053 0.00114 0.025892 0.065512 0.1144 0.002748 -0.026529 0.0017128 0.007846 0.0097221 0.0058952
-0.03203 0.19095 -0.0019878 0.026203 0.072476 0.10984 0.0013597 0.010416 -0.0031278 0.00031071 0.0069638 -0.0045603
-0.033756 0.13534 0.018487 0.036892 0.073472 0.11179 -0.0017263 -0.055612 0.020475 0.010689 0.00099622 0.0019482
-0.033707 0.20973 0.012099 0.03575 0.06449 0.11133 4.8635e-05 0.074393 -0.0063885 -0.0011424 -0.0089826 -0.00045885
-0.028966 0.19721 0.041088 0.034558 0.075474 0.11785 0.0047409 -0.012521 0.02899 -0.0011916 0.010984 0.006514
-0.028683 0.17379 0.037896 0.03124 0.065185 0.1176 0.00028376 -0.023419 -0.0031926 -0.0033184 -0.010289 -0.00024474
-0.020637 0.15065 0.046609 0.02416 0.067543 0.11368 0.0080458 -0.023138 0.008713 -0.0070795 0.0023581 -0.0039176
-0.024781 0.15052 0.04285 0.012768 0.06977 0.11427 -0.0041445 -0.00013603 -0.0037586 -0.011392 0.0022266 0.00058976
-0.019741 0.22421 0.028985 0.0096786 0.071259 0.11039 0.0050401 0.07369 -0.013865 -0.0030894 0.0014895 -0.0038815
-0.01975 0.17842 0.032271 0.0046581 0.073482 0.12232 -8.8352e-06 -0.045787 0.0032858 -0.0050204 0.0022227 0.011926
-0.019604 0.19218 0.024506 0.022786 0.058687 0.1097 0.00014601 0.013761 -0.0077651 0.018128 -0.014794 -0.012615
-0.017017 0.14946 0.015906 0.022827 0.049522 0.11499 0.0025875 -0.042725 -0.0085993 4.1011e-05 -0.0091651 0.0052878
-0.014962 0.19212 0.01039 0.024399 0.046774 0.09639 0.0020551 0.042667 -0.0055162 0.0015721 -0.0027478 -0.0186
-0.0099307 0.17914 -0.0015601 0.021222 0.046168 0.093162 0.0050308 -0.01298 -0.01195 -0.0031769 -0.00060613 -0.0032285
-0.0065761 0.15685 0.015127 0.026813 0.046866 0.088366 0.0033546 -0.022296 0.016687 0.0055905 0.00069751 -0.0047962
-0.0063664 0.18763 0.0064965 0.032836 0.034774 0.086659 0.00020972 0.030785 -0.0086306 0.0060235 -0.012091 -0.0017066
-0.0045089 0.17776 0.02306 0.038696 0.038247 0.098007 0.0018575 -0.0098754 0.016564 0.0058598 0.0034727 0.011348
-0.00040575 0.20179 0.0066784 0.030946 0.029542 0.097122 0.0041032 0.024031 -0.016382 -0.0077501 -0.008705 -0.00088478
0.00078791 0.15243 0.031408 0.028811 0.039585 0.10178 0.0011937 -0.049357 0.024729 -0.0021354 0.010043 0.0046619
0.0021629 0.1795 0.021233 0.046848 0.036014 0.10179 0.001375 0.027063 -0.010174 0.018037 -0.0035711 7.2021e-06
0.006942 0.20997 0.019456 0.025576 0.031587 0.10995 0.0047791 0.030474 -0.0017776 -0.021271 -0.0044267 0.0081624
0.013654 0.19016 -0.0051205 0.031067 0.04421 0.11346 0.0067119 -0.019806 -0.024576 0.0054909 0.012623 0.0035066
0.024717 0.19726 0.0041193 -0.0014126 0.022672 0.12591 0.011063 0.007095 0.0092399 -0.03248 -0.021538 0.012454
0.013665 0.13353 0.037431 0.011438 0.040082 0.13471 -0.011053 -0.063733 0.033312 0.012851 0.01741 0.0087934
0.00063619 0.23314 0.035395 0.057404 0.04591 0.14524 -0.013029 0.099612 -0.0020363 0.045966 0.0058284 0.010528
-0.016223 0.21957 0.017505 0.061481 0.073472 0.15672 -0.016859 -0.013573 -0.01789 0.0040771 0.027562 0.011488
-0.016911 0.2252 -0.062155 0.085038 0.093019 0.1471 -0.00068806 0.0056356 -0.07966 0.023556 0.019547 -0.0096218
-0.022247 0.19344 -0.056366 0.063224 0.10156 0.14293 -0.0053353 -0.031758 0.0057893 -0.021814 0.0085417 -0.0041699
-0.020129 0.18811 -0.088039 0.068429 0.05096 0.1156 0.0021172 -0.005336 -0.031673 0.0052053 -0.050601 -0.027336
-0.040113 0.22586 -0.045678 0.061092 0.073826 0.12737 -0.019983 0.037755 0.042361 -0.0073369 0.022866 0.011774
-0.045896 0.15973 0.038478 0.10528 0.16824 0.15139 -0.0057828 -0.06613 0.084157 0.044184 0.094416 0.024022
-0.070265 0.14193 0.16312 0.12484 0.2069 0.19348 -0.024369 -0.017806 0.12464 0.019567 0.038661 0.042083
-0.089305 0.082921 0.26496 0.20616 0.39861 0.21686 -0.01904 -0.059006 0.10183 0.081319 0.19171 0.023382
-0.096705 0.19448 0.26219 0.18272 0.23345 0.1846 -0.0074008 0.11156 -0.0027624 -0.023444 -0.16516 -0.032254
-0.093418 0.13399 0.17501 0.17758 0.30815 0.16235 0.0032877 -0.060484 -0.087179 -0.0051361 0.074696 -0.022251
-0.07197 0.2131 0.19098 0.12564 0.16509 0.15338 0.021448 0.079111 0.015963 -0.051939 -0.14306 -0.008973
-0.072369 0.11895 0.17901 0.14032 0.24256 0.2 -0.00039946 -0.094153 -0.011968 0.014679 0.077475 0.046625
-0.06075 0.2236 0.22965 0.17178 0.14279 0.16722 0.011619 0.10465 0.050641 0.03146 -0.099773 -0.03278
-0.039058 0.20474 0.21441 0.16971 -0.0026231 0.14127 0.021692 -0.018865 -0.015239 -0.00207 -0.14541 -0.025955
-0.053105 0.2034 0.2279 0.24835 -0.012071 0.068969 -0.014047 -0.0013383 0.013488 0.078641 -0.0094482 -0.072299
-0.017191 0.18355 0.26875 0.29345 -0.24672 -0.0031861 0.035914 -0.019853 0.04085 0.045095 -0.23465 -0.072155
-0.097545 0.18733 0.20155 0.41137 0.15489 0.089271 -0.080354 0.003783 -0.067202 0.11792 0.4016 0.092457
-0.054252 0.17587 0.21622 0.54198 -0.19011 -0.058989 0.043293 -0.011456 0.014671 0.13061 -0.345 -0.14826
-0.094639 0.19669 0.1292 0.64873 0.213 0.086102 -0.040387 0.020813 -0.087014 0.10675 0.40311 0.14509
-0.06419 0.17784 0.18464 0.76514 -0.039913 -0.02448 0.030448 -0.018846 0.055432 0.11642 -0.25292 -0.11058
-0.074249 0.25156 0.12223 0.84051 0.26242 0.12027 -0.010058 0.073719 -0.062402 0.075368 0.30233 0.14476
-0.067249 0.29726 0.066909 0.79539 0.11779 0.076953 0.0069997 0.045704 -0.055324 -0.045121 -0.14463 -0.043322
-0.039538 0.22725 0.06406 0.70921 0.040696 0.065801 0.027711 -0.070018 -0.0028493 -0.086186 -0.077092 -0.011152
-0.045452 0.20636 0.093866 0.67417 -0.04694 0.03163 -0.0059137 -0.02089 0.029806 -0.035031 -0.087636 -0.034172
-0.032753 0.17646 0.090524 0.5991 -0.037741 0.052297 0.012699 -0.029898 -0.0033426 -0.07507 0.009199 0.020668
-0.10966 0.26943 -0.018019 0.71377 0.2034 0.092921 -0.076904 0.092974 -0.10854 0.11466 0.24114 0.040623
-0.08198 0.3388 -0.19255 0.68807 0.19436 0.085659 0.027677 0.06937 -0.17453 -0.025693 -0.0090432 -0.0072619
-0.15637 0.2559 -0.20919 0.74208 0.36743 0.13581 -0.074386 -0.082899 -0.016636 0.054006 0.17307 0.05015
-0.13532 0.27561 -0.15805 0.69301 0.39667 0.20336 0.02105 0.019707 0.051136 -0.049065 0.029238 0.067553
-0.17502 0.20146 -0.063383 0.66109 0.64719 0.45111 -0.039702 -0.074146 0.094667 -0.031924 0.25052 0.24774
-0.097561 0.25134 -0.11661 0.56405 0.77076 0.5775 0.077457 0.049879 -0.053228 -0.097043 0.12358 0.12639
0.092094 0.2327 -0.17386 0.59718 1.0675 0.89737 0.18965 -0.018642 -0.057253 0.03313 0.29671 0.31987
0.23769 0.14838 -0.27194 0.64235 1.2462 0.99941 0.14559 -0.084318 -0.098079 0.045169 0.17873 0.10204
0.3602 0.20704 -0.22084 0.66334 1.225 1.0115 0.12251 0.058655 0.051108 0.020998 -0.021203 0.012114
0.20663 0.18226 -0.22111 0.52667 0.82637 0.69247 -0.15357 -0.024774 -0.00026985 -0.13668 -0.39863 -0.31905
0.104 0.19594 -0.11704 0.24634 0.18561 0.24096 -0.10263 0.013678 0.10406 -0.28033 -0.64076 -0.45151
-0.040423 0.16852 -0.044098 0.29855 0.18469 0.15292 -0.14442 -0.027426 0.072944 0.052213 -0.00092696 -0.088047
-0.039474 0.15277 -0.024153 0.28868 0.24664 0.15631 0.00094972 -0.015744 0.019946 -0.0098703 0.061951 0.0033959
-0.047342 0.14925 0.052374 0.72831 0.84446 0.43277 -0.0078686 -0.003519 0.076527 0.43962 0.59783 0.27646
-0.01444 0.28654 -0.27198 0.5907 0.37259 0.24714 0.032902 0.13729 -0.32435 -0.13761 -0.47187 -0.18563
-0.015041 0.25051 -0.44314 0.81829 0.47654 0.27376 -0.00060045 -0.036027 -0.17116 0.22759 0.10395 0.026622
0.032342 0.41 -0.92516 0.74838 -0.051956 0.090937 0.047383 0.15948 -0.48202 -0.069914 -0.5285 -0.18283
0.010328 0.31726 -0.92876 0.91884 0.41124 0.26941 -0.022014 -0.092734 -0.0035978 0.17046 0.4632 0.17847
0.00016622 0.29182 -0.88147 0.95272 0.37434 0.28094 -0.010162 -0.025442 0.047291 0.033878 -0.036906 0.011532
-0.027502 0.23908 -0.63965 0.84765 0.55151 0.32877 -0.027668 -0.052735 0.24182 -0.10506 0.17717 0.047832
-0.042044 0.22807 -0.54006 0.74498 0.4859 0.31088 -0.014542 -0.011018 0.099592 -0.10267 -0.065609 -0.017889
-0.041268 0.2735 -0.4403 0.63633 0.46104 0.31585 0.00077599 0.045429 0.099762 -0.10866 -0.024863 0.0049674
-0.041397 0.26458 -0.44735 0.6124 0.42817 0.26584 -0.00012916 -0.0089203 -0.0070506 -0.023923 -0.032862 -0.050016
-0.061792 0.20193 -0.29442 0.63721 0.38335 0.2179 -0.020395 -0.062643 0.15293 0.024808 -0.044824 -0.047933
-0.055718 0.24881 -0.36922 0.52523 0.30582 0.1392 0.0060739 0.046872 -0.074807 -0.11198 -0.077533 -0.078704
-0.084977 0.20757 -0.36031 0.6469 0.37809 0.15356 -0.029259 -0.041239 0.008912 0.12167 0.072268 0.014359
-0.094708 0.26692 -0.39274 0.56178 0.26104 0.15151 -0.0097305 0.059354 -0.032425 -0.085118 -0.11705 -0.0020486
-0.11771 0.23985 -0.38587 0.90328 0.34232 0.17903 -0.023001 -0.027075 0.0068652 0.3415 0.081285 0.027517
-0.12323 0.25377 -0.29748 0.87259 0.13031 0.10271 -0.0055246 0.013921 0.088392 -0.030685 -0.21201 -0.076315
-0.12998 0.32262 -0.30508 0.92786 0.18048 0.08875 -0.0067479 0.068854 -0.0075988 0.055267 0.05017 -0.013961
-0.11417 0.31256 -0.33125 0.79064 0.072616 0.077711 0.015807 -0.010058 -0.026171 -0.13722 -0.10786 -0.011039
-0.090457 0.35073 -0.4104 0.76259 0.27212 0.16329 0.023717 0.038173 -0.079145 -0.028057 0.19951 0.085579
-0.08864 0.27141 -0.44851 0.98139 0.24489 0.13855 0.0018167 -0.079327 -0.038116 0.2188 -0.027233 -0.02474
-0.055713 0.29464 -0.44412 1.0092 0.368 0.14776 0.032927 0.023235 0.0043923 0.027836 0.12311 0.0092146
-0.089755 0.22912 -0.31648 1.1119 0.16114 -0.054589 -0.034042 -0.065524 0.12764 0.10263 -0.20686 -0.20235
-0.065149 0.30255 -0.32413 0.94149 0.10077 -0.084342 0.024606 0.073429 -0.0076568 -0.17037 -0.060367 -0.029753
-0.078366 0.31353 -0.36747 0.99951 0.14163 -0.16463 -0.013217 0.010986 -0.043334 0.058011 0.040855 -0.08029
-0.072272 0.35168 -0.47239 1.1155 0.19376 -0.12487 0.0060941 0.038143 -0.10493 0.11603 0.052136 0.039758
-0.075153 0.36427 -0.5107 1.1819 0.32319 -0.091213 -0.0028812 0.012594 -0.038302 0.066317 0.12943 0.033661
-0.080885 0.32597 -0.44935 1.1843 0.27868 -0.089096 -0.0057315 -0.038295 0.061347 0.0024783 -0.044515 0.0021163
-0.079882 0.33073 -0.41067 1.0373 0.24979 -0.076363 0.0010026 0.0047514 0.038683 -0.14703 -0.028881 0.012733
-0.078459 0.27553 -0.41049 0.97782 0.26421 -0.054982 0.0014232 -0.055196 0.0001748 -0.059481 0.014419 0.021381
-0.0749 0.19774 -0.33282 0.96102 0.25756 -0.045294 0.0035589 -0.077786 0.077676 -0.016805 -0.0066485 0.0096877
-0.063346 0.15663 -0.26515 1.0362 0.24529 -0.018874 0.011554 -0.041108 0.067669 0.075144 -0.012272 0.026421
-0.058029 0.17452 -0.088361 1.0047 0.2009 -0.017131 0.0053169 0.017885 0.17679 -0.031489 -0.044397 0.0017429
-0.049911 0.34366 -0.12267 1.0684 0.18509 -0.015492 0.0081183 0.16914 -0.034311 0.06371 -0.015805 0.0016394
-0.063986 0.42115 -0.18143 1.0017 0.18708 -0.013386 -0.014075 0.077499 -0.058756 -0.066691 0.0019865 0.0021062
-0.059358 0.49849 -0.38539 1.0702 0.26845 -0.015774 0.0046278 0.07734 -0.20396 0.068479 0.081376 -0.0023887
-0.061639 0.37075 -0.41444 1.0273 0.23961 -0.024877 -0.0022809 -0.12774 -0.029053 -0.042865 -0.028841 -0.0091029
-0.039307 0.34511 -0.44563 0.98296 0.19414 -0.025856 0.022332 -0.02564 -0.031185 -0.044345 -0.045473 -0.00097873
-0.06863 0.26083 -0.35478 0.98992 0.37991 0.055115 -0.029323 -0.084281 0.090843 0.0069653 0.18577 0.080971
-0.083342 0.2631 -0.3719 1.0281 0.34661 0.0071951 -0.014712 0.0022718 -0.017117 0.038219 -0.033302 -0.04792
-0.13332 0.30944 -0.37672 1.1262 0.66648 0.044943 -0.049975 0.046343 -0.0048196 0.098048 0.31987 0.037748
-0.15363 0.2978 -0.42464 1.2503 0.43343 -0.17867 -0.020314 -0.011639 -0.047921 0.12412 -0.23306 -0.22361
-0.12855 0.41595 -0.43343 1.1421 0.39641 -0.17564 0.025077 0.11815 -0.0087845 -0.10823 -0.037011 0.00303
-0.089909 0.35437 -0.45625 1.1584 0.35137 -0.083186 0.038646 -0.061579 -0.022821 0.016286 -0.045043 0.09245
-0.041626 0.38146 -0.50745 1.0936 0.42488 0.084431 0.048283 0.027085 -0.051202 -0.06479 0.073505 0.16762
0.016341 0.31598 -0.53331 1.0046 0.43536 0.2413 0.057967 -0.065473 -0.025858 -0.088972 0.010484 0.15687
-0.018236 0.23888 -0.43934 1.0437 0.42594 0.14476 -0.034577 -0.077102 0.093964 0.039098 -0.0094231 -0.096537
-0.016353 0.20821 -0.28235 0.73432 0.16106 0.053606 0.0018836 -0.030671 0.157 -0.30938 -0.26487 -0.091155
-0.070656 0.12669 -0.039597 0.58386 0.19697 0.0061085 -0.054303 -0.081522 0.24275 -0.15045 0.035902 -0.047498
-0.08699 0.17081 -0.019856 0.34079 0.15282 0.0083901 -0.016334 0.044125 0.019741 -0.24307 -0.044151 0.0022816
-0.070883 0.21134 -0.09272 0.32048 0.2072 0.034278 0.016108 0.040527 -0.072864 -0.020311 0.054381 0.025888
-0.062505 0.25343 -0.27798 0.57539 0.29234 0.047193 0.0083776 0.042089 -0.18526 0.25491 0.085147 0.012915
-0.051505 0.22707 -0.3399 0.70413 0.26844 0.020253 0.011 -0.02636 -0.061925 0.12874 -0.023909 -0.026941
-0.068076 0.22855 -0.34076 0.85419 0.31926 0.062569 -0.01657 0.0014772 -0.00085108 0.15007 0.050822 0.042316
-0.094853 0.20796 -0.20963 0.64141 0.24821 -0.0074391 -0.026777 -0.020587 0.13113 -0.21279 -0.071046 -0.070008
-0.10106 0.27779 -0.20089 0.52725 0.20304 -0.029687 -0.0062098 0.069831 0.0087361 -0.11416 -0.045167 -0.022248
-0.091252 0.3319 -0.26749 0.67108 0.34661 0.095136 0.0098108 0.05411 -0.066604 0.14383 0.14357 0.12482
-0.070193 0.33085 -0.35094 0.6346 0.31788 0.084935 0.021058 -0.0010505 -0.083444 -0.036478 -0.028734 -0.010201
-0.065634 0.30368 -0.36705 1.0252 0.57267 0.32877 0.0045593 -0.027173 -0.016114 0.39062 0.25479 0.24383
-0.088138 0.22701 -0.28623 0.77403 0.33796 0.097541 -0.022504 -0.076664 0.080819 -0.25119 -0.23471 -0.23123
-0.10618 0.20543 -0.12858 0.93111 0.40928 0.13708 -0.01804 -0.021581 0.15765 0.15709 0.071321 0.039544
-0.12553 0.29443 -0.25428 0.89491 0.26483 -0.020647 -0.019351 0.089002 -0.1257 -0.036206 -0.14445 -0.15773
-0.10676 0.38763 -0.31916 0.92232 0.33461 0.02398 0.01877 0.093192 -0.064878 0.027411 0.069773 0.044627
-0.096929 0.39228 -0.47897 1.0147 0.37122 0.049059 0.0098289 0.0046517 -0.15981 0.09236 0.036613 0.02508
-0.096683 0.39369 -0.46716 0.93977 0.39182 0.045192 0.00024694 0.0014101 0.011802 -0.074913 0.020601 -0.0038674
-0.10175 0.29995 -0.43892 0.99868 0.48899 0.10909 -0.0050628 -0.093736 0.028247 0.058913 0.097174 0.063902
-0.10989 0.38971 -0.51229 1.1227 0.52531 0.12232 -0.0081409 0.089763 -0.073371 0.12401 0.036315 0.013224
-0.10181 0.3585 -0.49802 1.1578 0.60049 0.20797 0.0080726 -0.031219 0.014272 0.035138 0.075178 0.085656
-0.13191 0.34237 -0.49928 1.1771 0.63106 0.22493 -0.030099 -0.016126 -0.0012651 0.019311 0.03057 0.016953
-0.089728 0.24211 -0.31309 1.068 0.4641 0.18251 0.042185 -0.10026 0.18619 -0.10916 -0.16696 -0.04242
-0.063746 0.1744 -0.24342 0.9185 0.16745 0.01846 0.025982 -0.06771 0.069673 -0.14948 -0.29665 -0.16405
-0.015567 0.1442 -0.20304 1.0723 0.53884 0.17148 0.048179 -0.030193 0.040378 0.15385 0.37139 0.15302
0.019702 0.19567 -0.19715 1.031 0.64634 0.16739 0.035268 0.05147 0.0058921 -0.041319 0.1075 -0.0040973
-0.051311 0.17484 -0.20769 1.1426 1.3763 0.48612 -0.071012 -0.020838 -0.010538 0.11159 0.73 0.31873
-0.0065398 0.25911 -0.14503 0.98856 1.0181 0.30235 0.044771 0.084273 0.062654 -0.15407 -0.3582 -0.18377
-0.021386 0.2526 -0.23501 0.8983 0.44857 0.051641 -0.014846 -0.0065135 -0.089975 -0.09026 -0.56957 -0.25071
0.0049534 0.29432 -0.35644 0.96529 0.19437 -0.082622 0.026339 0.041725 -0.12143 0.06699 -0.2542 -0.13426
-0.017608 0.3159 -0.41341 0.72113 0.034696 -0.14062 -0.022561 0.021577 -0.056966 -0.24415 -0.15968 -0.057998
-0.072536 0.16334 -0.17888 0.23326 0.41404 -0.0027508 -0.054928 -0.15255 0.23453 -0.48787 0.37934 0.13787
-0.098141 -0.044602 0.45012 -0.57661 0.57828 0.095336 -0.025605 -0.20795 0.629 -0.80988 0.16424 0.098087
-0.10969 -0.24962 1.046 -1.1545 0.63659 0.09536 -0.011548 -0.20502 0.59585 -0.57787 0.058308 2.3471e-05
-0.11021 -0.31121 1.2987 -1.2168 0.67711 0.13085 -0.00052122 -0.06159 0.25274 -0.062304 0.040527 0.035492
-0.10798 -0.14427 1.2128 -1.0234 0.68835 0.14543 0.0022298 0.16694 -0.085863 0.19341 0.011238 0.014578
-0.11105 -0.084412 0.93997 -0.82758 0.59077 0.095734 -0.0030727 0.059859 -0.27288 0.19579 -0.097586 -0.049696
-0.12606 -0.039701 0.78533 -0.73238 0.58935 0.10593 -0.01501 0.044711 -0.15464 0.0952 -0.0014147 0.010197
-0.13365 -0.12439 0.75943 -0.70233 0.57153 0.081968 -0.0075831 -0.08469 -0.0259 0.030054 -0.017824 -0.023963
-0.14788 -0.11363 0.5368 -0.53509 0.59649 0.097794 -0.014229 0.010758 -0.22263 0.16723 0.024963 0.015826
-0.15589 -0.059915 0.56127 -0.42261 0.63151 0.12594 -0.0080111 0.053718 0.024468 0.11249 0.035015 0.028146
-0.14221 -0.0031276 0.41951 -0.3664 0.52613 0.093164 0.013679 0.056787 -0.14176 0.056203 -0.10537 -0.032775
-0.15337 0.083611 0.3727 -0.14771 0.51908 0.071761 -0.011162 0.086738 -0.046809 0.2187 -0.0070537 -0.021403
-0.099413 0.081016 0.31761 -0.065385 0.20429 -0.094163 0.053957 -0.0025946 -0.055087 0.082321 -0.3148 -0.16592
-0.10898 0.18039 0.18544 0.2677 0.036487 -0.13773 -0.0095628 0.099378 -0.13217 0.33309 -0.1678 -0.043564
-0.12432 0.15671 0.16376 0.30138 0.32367 -0.054682 -0.015349 -0.023683 -0.021683 0.033677 0.28718 0.083045
-0.095452 0.23141 0.18533 0.3166 -0.044102 -0.15072 0.028873 0.074696 0.021571 0.015225 -0.36777 -0.096034
-0.17465 0.17841 -0.0198 0.52655 0.74955 0.014928 -0.079199 -0.052993 -0.20513 0.20995 0.79366 0.16565
-0.059122 0.2194 0.0031186 0.56982 0.018257 -0.26306 0.11553 0.040985 0.022919 0.043262 -0.7313 -0.27798
-0.14084 0.21135 -0.15472 1.0458 0.37104 -0.19261 -0.081721 -0.0080463 -0.15784 0.47603 0.35278 0.070444
-0.075408 0.31337 -0.21918 1.1893 0.17056 -0.19238 0.065435 0.10202 -0.06446 0.14351 -0.20047 0.00022745
-0.15101 0.29037 -0.12276 1.35 0.19964 -0.22954 -0.075607 -0.023002 0.09642 0.16069 0.029079 -0.037152
-0.1492 0.38331 -0.30856 1.4624 0.45819 -0.13778 0.0018159 0.092945 -0.1858 0.11239 0.25855 0.091756
-0.18342 0.37326 -0.12827 1.4688 0.45427 -0.16333 -0.034217 -0.01005 0.18029 0.0063494 -0.0039132 -0.025555
-0.17595 0.41915 -0.26518 1.4154 0.44873 -0.11695 0.0074678 0.04589 -0.13691 -0.05335 -0.0055417 0.046385
-0.18227 0.42127 -0.19418 1.4021 0.52858 -0.049498 -0.0063224 0.0021164 0.070997 -0.013379 0.079848 0.067452
-0.17552 0.31428 -0.084629 0.99719 0.38569 -0.094555 0.0067478 -0.10699 0.10955 -0.40487 -0.14289 -0.045058
-0.18203 0.29572 -0.032656 1.0058 0.40291 -0.10058 -0.0065124 -0.018566 0.051973 0.0085643 0.017213 -0.0060282
-0.18764 0.24817 0.13503 0.86398 0.38102 -0.11071 -0.0056061 -0.047548 0.16769 -0.14177 -0.021882 -0.010123
-0.18629 0.30188 0.11588 0.96314 0.32854 -0.1279 0.0013483 0.053714 -0.019157 0.099151 -0.052487 -0.017192
-0.19235 0.31654 0.12381 0.98789 0.37193 -0.1323 -0.0060607 0.014663 0.0079359 0.024751 0.043398 -0.0044019
-0.18796 0.35527 0.090017 0.92915 0.37247 -0.11903 0.0043979 0.038729 -0.033796 -0.058739 0.00053699 0.01327
-0.20267 0.33479 -0.007203 0.9101 0.3993 -0.11803 -0.014711 -0.020484 -0.09722 -0.019043 0.026824 0.00099532
-0.19686 0.28605 0.013391 0.92657 0.38031 -0.083241 0.0058083 -0.048735 0.020594 0.016465 -0.018982 0.034794
-0.20527 0.29327 -0.0045867 0.92719 0.36369 -0.086791 -0.0084136 0.007211 -0.017978 0.00061681 -0.016621 -0.0035507
-0.19682 0.27129 0.099747 0.90142 0.34245 -0.08875 0.0084473 -0.021972 0.10433 -0.025761 -0.02124 -0.0019589
-0.19764 0.34113 0.13096 0.87429 0.37757 -0.076984 -0.00081836 0.069835 0.031216 -0.027139 0.035119 0.011766
-0.19764 0.37744 0.062827 0.87043 0.39531 -0.063351 7.571e-06 0.036312 -0.068136 -0.0038586 0.017739 0.013633
-0.21072 0.33565 0.030865 0.86063 0.38514 -0.068992 -0.013087 -0.041785 -0.031962 -0.0097985 -0.010175 -0.0056408
-0.22013 0.32837 -0.048606 0.80335 0.34782 -0.071078 -0.0094101 -0.0072854 -0.079472 -0.05728 -0.037319 -0.0020858
-0.21168 0.27193 -0.050887 0.75747 0.36324 -0.048854 0.0084573 -0.056441 -0.002281 -0.045881 0.015419 0.022223
-0.20468 0.29759 -0.062974 0.76217 0.39297 -0.075642 0.0069931 0.02566 -0.012087 0.0047055 0.029739 -0.026788
-0.16734 0.34818 -0.16736 0.88572 0.38479 -0.092159 0.037339 0.05059 -0.10439 0.12354 -0.0081801 -0.016517
-0.16941 0.32248 -0.14976 0.94744 0.26876 -0.23035 -0.00207 -0.025699 0.017606 0.061726 -0.11603 -0.13819
-0.14252 0.29337 -0.12757 0.87512 0.064352 -0.32496 0.026893 -0.029105 0.022187 -0.072316 -0.20441 -0.094604
-0.13131 0.21596 -0.012643 0.86753 -0.0060171 -0.33143 0.011213 -0.077413 0.11493 -0.0075964 -0.070369 -0.0064695
-0.12927 0.29429 0.04021 0.79202 -0.072529 -0.35859 0.0020391 0.078328 0.052853 -0.075506 -0.066512 -0.027167
-0.11214 0.32621 0.063072 0.87285 -0.033001 -0.30241 0.017129 0.03192 0.022861 0.080828 0.039528 0.05618
-0.12686 0.43803 -0.017289 1.1722 0.23899 -0.085088 -0.014717 0.11182 -0.080361 0.29938 0.27199 0.21733
-0.1694 0.38651 -0.088987 1.0401 0.30389 -0.26402 -0.042544 -0.05152 -0.071698 -0.13216 0.064901 -0.17893
-0.17467 0.35051 -0.23097 1.4269 0.6512 -0.05641 -0.0052701 -0.035994 -0.14198 0.38686 0.34731 0.20761
-0.23522 0.26207 -0.19134 0.98909 0.42724 -0.5692 -0.060552 -0.088438 0.039629 -0.43784 -0.22396 -0.51279
-0.16331 0.22065 -0.11536 1.1058 0.31345 -0.47453 0.07191 -0.041419 0.075981 0.11668 -0.11379 0.094668
-0.14772 0.22244 0.095776 0.95788 0.19633 -0.5373 0.015592 0.0017889 0.21114 -0.1479 -0.11712 -0.062775
-0.10001 0.27688 0.12383 0.99544 0.14887 -0.40995 0.047706 0.054433 0.028055 0.037563 -0.04746 0.12736
-0.1197 0.32026 0.15166 1.1047 0.21078 -0.30706 -0.019688 0.043381 0.027824 0.10922 0.061914 0.10288
-0.14539 0.2994 0.074147 1.0439 0.15017 -0.36361 -0.025687 -0.020857 -0.077509 -0.060782 -0.060613 -0.056551
-0.16605 0.32988 -6.2211e-05 0.99144 0.095634 -0.39023 -0.020662 0.030477 -0.074209 -0.052434 -0.054535 -0.026618
-0.15476 0.28899 -0.089152 0.95387 0.13186 -0.36503 0.011295 -0.040889 -0.089089 -0.037571 0.036225 0.025201
-0.13653 0.29005 -0.13971 0.94792 0.22897 -0.37784 0.018233 0.0010644 -0.050558 -0.0059476 0.097114 -0.012813
-0.14107 0.26014 -0.091514 1.0296 0.25719 -0.35492 -0.0045469 -0.029917 0.048196 0.081697 0.028221 0.022924
-0.1612 0.27317 -0.015783 1.0731 0.32796 -0.31803 -0.020131 0.013033 0.075731 0.043522 0.070769 0.036889
-0.16912 0.33513 -0.031514 1.1405 0.32638 -0.3129 -0.0079128 0.061963 -0.015731 0.067396 -0.0015848 0.0051348
-0.18224 0.45412 -0.15849 1.0677 0.35353 -0.26429 -0.013125 0.11899 -0.12698 -0.072805 0.027154 0.048611
-0.13726 0.40187 -0.273 1.0924 0.42063 -0.25908 0.044982 -0.052252 -0.1145 0.024644 0.067097 0.0052098
-0.13919 0.39265 -0.27704 1.0468 0.42433 -0.23419 -0.0019303 -0.009224 -0.0040438 -0.045606 0.0036983 0.024889
-0.12702 0.29785 -0.20644 1.0627 0.43277 -0.21201 0.012167 -0.094793 0.0706 0.015973 0.0084444 0.022178
-0.1318 0.30316 -0.18897 1.0486 0.3987 -0.22065 -0.004777 0.0053031 0.01747 -0.014103 -0.034073 -0.0086423
-0.13395 0.39815 -0.24774 1.0142 0.36536 -0.2228 -0.0021452 0.094997 -0.058764 -0.034453 -0.033342 -0.0021534
-0.15133 0.3658 -0.23882 0.89136 0.43469 -0.22294 -0.01738 -0.032352 0.0089186 -0.12283 0.069333 -0.00013608
-0.13458 0.37455 -0.075178 0.84435 0.34624 -0.25506 0.016742 0.0087498 0.16364 -0.04701 -0.088449 -0.032118
-0.15397 0.23759 0.30533 0.74744 0.14699 -0.27879 -0.01939 -0.13696 0.3805 -0.096912 -0.19925 -0.023735
-0.14484 0.21652 0.56056 0.70861 0.11629 -0.26105 0.009132 -0.021072 0.25523 -0.038827 -0.030696 0.01774
-0.15316 0.21139 0.74635 0.58674 0.45332 -0.1036 -0.0083181 -0.0051318 0.18579 -0.12187 0.33703 0.15746
-0.12508 0.18919 0.77079 0.37861 1.3246 0.19929 0.028075 -0.022201 0.024441 -0.20813 0.87129 0.30289
-0.07034 0.2009 0.70294 0.26047 1.7862 0.31743 0.054745 0.011715 -0.067847 -0.11814 0.46159 0.11814
0.0013513 0.11081 0.75224 0.13611 1.7524 0.30447 0.071691 -0.090088 0.049302 -0.12436 -0.033781 -0.012959
-0.020473 0.090516 0.84612 0.13386 1.2193 0.054488 -0.021824 -0.020296 0.093873 -0.0022494 -0.5331 -0.24999
-0.062707 0.067396 0.85674 0.27007 0.86333 -0.072238 -0.042234 -0.023121 0.010625 0.13621 -0.35599 -0.12673
-0.14042 0.10985 0.91385 0.31383 0.85982 -0.090076 -0.077717 0.042454 0.057108 0.043767 -0.0035068 -0.017838
-0.17885 0.18544 0.52758 0.65601 0.86452 -0.057044 -0.038427 0.075594 -0.38627 0.34217 0.0046966 0.033032
-0.17803 0.25078 0.37477 0.57515 0.87552 -0.028719 0.00082508 0.065337 -0.15281 -0.080854 0.010998 0.028325
-0.18317 0.25726 0.2288 0.66686 0.76043 -0.04582 -0.0051463 0.0064814 -0.14597 0.091705 -0.11509 -0.0171
-0.17894 0.24481 0.28519 0.52659 0.75364 -0.033291 0.0042338 -0.012451 0.056383 -0.14026 -0.0067907 0.012528
-0.17562 0.18958 0.41477 0.50381 0.76461 -0.021789 0.0033183 -0.05523 0.12958 -0.022788 0.010969 0.011503
-0.17471 0.17926 0.42457 0.55483 0.75082 -0.027846 0.00090894 -0.010324 0.0098084 0.051023 -0.013793 -0.0060567
-0.16917 0.1592 0.48581 0.58101 0.74076 -0.037019 0.0055454 -0.020057 0.061232 0.026178 -0.01006 -0.0091729
-0.16977 0.2574 0.48463 0.62519 0.73258 -0.046013 -0.00060637 0.098198 -0.0011803 0.04418 -0.0081735 -0.0089941
-0.1743 0.25834 0.47304 0.64972 0.7094 -0.03858 -0.0045247 0.00094403 -0.01159 0.02453 -0.023184 0.0074324
-0.15447 0.24574 0.48913 0.62978 0.62674 -0.044438 0.019822 -0.012597 0.016094 -0.019937 -0.082659 -0.0058577
-0.15948 0.2318 0.47993 0.64938 0.72856 -0.038624 -0.0050022 -0.013942 -0.0091981 0.019601 0.10182 0.0058142
-0.18885 0.21726 0.47278 0.70508 0.76797 -0.034981 -0.02937 -0.01454 -0.007152 0.055698 0.03941 0.003643
-0.19947 0.26221 0.71704 0.6952 0.53439 -0.06206 -0.010623 0.044949 0.24426 -0.0098796 -0.23358 -0.027079
-0.25477 0.23162 0.7354 0.76709 0.53406 -0.054306 -0.055303 -0.030591 0.01836 0.071894 -0.00032909 0.0077543
-0.16342 0.11738 1.2132 0.61621 -0.0070916 -0.11372 0.091351 -0.11424 0.47782 -0.15088 -0.54115 -0.05941
-0.15649 0.15891 1.0935 0.68829 0.4459 -0.079228 0.0069281 0.041526 -0.11975 0.072076 0.453 0.034488
-0.092313 0.18698 1.1309 0.59075 0.35688 -0.10155 0.064181 0.028071 0.0374 -0.097534 -0.089026 -0.022324
-0.10593 0.23128 0.96293 0.66091 0.58557 -0.086577 -0.013615 0.044303 -0.16793 0.070161 0.22869 0.014976
-0.12564 0.21535 0.87853 0.61894 0.52626 -0.077267 -0.019708 -0.015927 -0.084398 -0.041978 -0.059314 0.0093093
-0.12231 0.14634 0.95044 0.63703 0.40797 -0.095894 0.003327 -0.069008 0.07191 0.018099 -0.11828 -0.018627
-0.12975 0.1637 0.98047 0.67052 0.44571 -0.086936 -0.0074412 0.017352 0.030025 0.033485 0.037734 0.0089578
-0.12248 0.22619 1.0054 0.74681 0.39039 -0.12525 0.0072717 0.062495 0.024976 0.076285 -0.055318 -0.038318
-0.12621 0.25343 0.95752 0.75519 0.3352 -0.12389 -0.0037289 0.027244 -0.047923 0.0083829 -0.055194 0.0013641
-0.13394 0.28962 0.84993 0.73873 0.33806 -0.12479 -0.0077361 0.036185 -0.10759 -0.016454 0.0028601 -0.00089561
-0.14248 0.26527 0.67429 0.66218 0.34614 -0.10164 -0.0085416 -0.024349 -0.17564 -0.076556 0.008084 0.023147
-0.14806 0.22439 0.62048 0.61171 0.38133 -0.10317 -0.0055733 -0.040879 -0.053807 -0.050468 0.035187 -0.0015302
-0.14744 0.20819 0.61645 0.6368 0.36321 -0.1188 0.00061922 -0.016202 -0.0040285 0.025087 -0.018115 -0.015633
-0.15015 0.23353 0.66516 0.6595 0.3373 -0.13895 -0.0027077 0.025341 0.048709 0.022703 -0.025917 -0.020146
-0.15311 0.27379 0.69301 0.69098 0.32883 -0.14258 -0.0029617 0.040255 0.027855 0.031481 -0.008464 -0.0036354
-0.15652 0.33151 0.66462 0.67038 0.31928 -0.1326 -0.0034086 0.057728 -0.028391 -0.020598 -0.0095467 0.0099858
-0.15982 0.24295 0.66068 0.62326 0.34512 -0.11703 -0.0033047 -0.088562 -0.0039454 -0.047122 0.025832 0.015565
-0.16089 0.2204 0.64344 0.58512 0.3357 -0.11659 -0.0010636 -0.022553 -0.017239 -0.038144 -0.0094127 0.00044171
-0.16096 0.15203 0.6699 0.5782 0.35192 -0.11849 -7.4466e-05 -0.068372 0.026461 -0.0069173 0.016216 -0.0019032
-0.16263 0.18304 0.66899 0.5535 0.3571 -0.12803 -0.001674 0.031012 -0.00090674 -0.024698 0.0051755 -0.0095311
-0.16057 0.2236 0.69075 0.51987 0.39206 -0.10638 0.0020658 0.040561 0.021759 -0.033628 0.034965 0.02165
-0.16291 0.2271 0.67695 0.52671 0.38275 -0.1209 -0.0023459 0.003504 -0.013797 0.0068394 -0.0093094 -0.014524
-0.16568 0.19494 0.66468 0.54129 0.39169 -0.099828 -0.002768 -0.032161 -0.012272 0.014574 0.0089361 0.021071
-0.16654 0.20938 0.64999 0.64682 0.32064 -0.14893 -0.00086031 0.014433 -0.014687 0.10553 -0.071045 -0.049097
-0.1661 0.15874 0.71186 0.68935 0.33711 -0.12987 0.00044318 -0.05064 0.061863 0.042524 0.016467 0.019053
-0.16513 0.26202 0.71967 0.67436 0.31865 -0.13651 0.0009728 0.10328 0.0078121 -0.014983 -0.018459 -0.0066398
-0.15906 0.25242 0.75856 0.65364 0.33739 -0.10105 0.0060616 -0.0095926 0.038893 -0.020718 0.018745 0.035459
-0.1575 0.23707 0.74358 0.59984 0.32302 -0.094797 0.0015637 -0.015355 -0.014977 -0.053806 -0.014375 0.0062569
-0.15336 0.20342 0.7289 0.61135 0.30668 -0.088383 0.004144 -0.03365 -0.014684 0.011509 -0.016343 0.0064137
-0.15461 0.14467 0.78687 0.61193 0.30153 -0.097661 -0.0012513 -0.058743 0.057968 0.00058 -0.0051481 -0.009278
-0.15486 0.20796 0.77303 0.60983 0.30162 -0.085119 -0.00024704 0.063288 -0.013842 -0.0020937 9.4098e-05 0.012542
-0.15359 0.27621 0.69388 0.58956 0.31109 -0.072024 0.001263 0.068247 -0.079142 -0.020275 0.0094714 0.013095
-0.1519 0.22483 0.75602 0.60093 0.35924 -0.066756 0.0016963 -0.051383 0.062132 0.011373 0.048143 0.0052675
-0.15366 0.19633 0.72509 0.66259 0.40234 -0.05499 -0.0017597 -0.028499 -0.030922 0.061653 0.043107 0.011766
-0.16212 0.13245 0.85785 0.73694 0.33607 -0.10914 -0.0084667 -0.063876 0.13275 0.074357 -0.066274 -0.054153
-0.15145 0.18265 0.8459 0.68753 0.28677 -0.097557 0.010674 0.050204 -0.011946 -0.049412 -0.049295 0.011587
-0.13288 0.16445 1.0515 0.46675 0.099474 -0.10854 0.018571 -0.018208 0.2056 -0.22079 -0.1873 -0.010986
-0.099375 0.11875 1.2721 0.12854 0.17693 -0.037979 0.033502 -0.045699 0.22059 -0.33821 0.077452 0.070563
-0.08212 -0.042147 1.774 -0.10525 0.15208 -0.0078882 0.017256 -0.16089 0.5019 -0.23379 -0.02485 0.030091
-0.091514 0.024983 1.7821 -0.23926 0.29668 0.023375 -0.0093945 0.06713 0.0081225 -0.134 0.14461 0.031263
-0.088514 0.0084464 1.8528 -0.28532 0.30502 0.030201 0.0030005 -0.016536 0.070665 -0.046066 0.0083308 0.0068257
-0.099288 0.03112 1.7598 -0.29868 0.32866 0.032039 -0.010775 0.022674 -0.093004 -0.013363 0.02364 0.0018386
-0.096029 -0.017611 1.8491 -0.24614 0.35348 0.018531 0.003259 -0.048731 0.089338 0.052544 0.02483 -0.013508
-0.085974 -0.012985 1.6243 -0.17302 0.29313 0.01744 0.010055 0.0046252 -0.22478 0.073115 -0.06035 -0.0010914
-0.092277 0.072448 1.3773 -0.041497 0.35542 0.014655 -0.0063032 0.085433 -0.24707 0.13153 0.062289 -0.0027846
-0.056263 0.18504 0.67287 -0.15717 0.39368 0.0434 0.036014 0.11259 -0.70439 -0.11567 0.038261 0.028744
-0.071798 0.15015 0.63104 -0.081333 0.47665 0.020561 -0.015534 -0.034888 -0.041831 0.075839 0.082963 -0.022838
-0.059036 0.15127 0.53158 -0.13407 0.51902 -0.033891 0.012762 0.0011186 -0.099465 -0.052734 0.042372 -0.054452
-0.087442 0.1715 0.50106 0.21477 0.46116 -0.044028 -0.028407 0.020232 -0.030521 0.34883 -0.057855 -0.010137
-0.099031 0.17293 0.51588 0.34346 0.54532 -0.023076 -0.011588 0.0014225 0.01482 0.12869 0.08416 0.020952
-0.15634 0.16868 0.55675 0.55829 0.42804 -0.1355 -0.057309 -0.0042447 0.040876 0.21483 -0.11729 -0.11242
-0.11731 0.10827 0.77828 0.39554 0.50697 -0.043998 0.039026 -0.060413 0.22153 -0.16275 0.078934 0.091498
-0.060683 0.091431 1.1216 0.10845 0.25427 -0.16688 0.056631 -0.016838 0.34332 -0.28709 -0.2527 -0.12289
0.032474 0.13073 0.94032 -0.17795 0.40403 0.087219 0.093157 0.039296 -0.18129 -0.2864 0.14975 0.2541
0.061294 0.096611 0.97856 -0.32999 0.51599 0.14093 0.02882 -0.034117 0.038235 -0.15204 0.11196 0.05371
-0.054856 0.066442 0.90686 -0.1315 0.60437 0.060125 -0.11615 -0.030169 -0.071691 0.1985 0.088387 -0.080804
-0.090552 0.074767 1.0919 0.11035 0.65489 0.029428 -0.035696 0.0083247 0.18504 0.24185 0.050521 -0.030698
-0.13467 0.17464 1.0988 0.26465 0.37973 -0.14249 -0.044115 0.099872 0.006866 0.1543 -0.27516 -0.17192
-0.093915 0.20324 1.0773 0.28852 0.35133 -0.091669 0.040752 0.028604 -0.021451 0.02387 -0.028399 0.050822
-0.090544 0.21497 0.86394 0.26469 0.34593 -0.089857 0.0033708 0.011727 -0.21338 -0.023832 -0.0054066 0.0018117
-0.1052 0.11006 0.90995 0.31253 0.37042 -0.10802 -0.014654 -0.10491 0.046014 0.04784 0.024491 -0.01816
-0.11574 0.15389 0.91484 0.33103 0.42403 -0.095913 -0.010545 0.043827 0.00489 0.018505 0.053612 0.012104
-0.10184 0.1879 0.95069 0.35109 0.39122 -0.08188 0.013899 0.03401 0.035846 0.020061 -0.032805 0.014034
-0.10714 0.18857 1.0044 0.25447 0.42396 -0.071243 -0.0052977 0.00067142 0.053686 -0.096628 0.032733 0.010637
-0.10585 0.17757 0.91067 0.26781 0.44514 -0.066337 0.0012889 -0.010998 -0.093706 0.01334 0.021179 0.0049058
-0.11762 0.10335 0.95449 0.17154 0.48023 -0.062998 -0.011769 -0.074223 0.043825 -0.096265 0.035091 0.0033397
-0.11213 0.065406 0.93904 0.2061 0.45479 -0.061321 0.0054916 -0.037941 -0.015456 0.03456 -0.025441 0.0016767
-0.11272 0.1044 0.97058 0.17712 0.46388 -0.055528 -0.00059081 0.038991 0.03154 -0.028981 0.009092 0.005793
-0.099348 0.059591 0.98529 0.29492 0.42456 -0.04891 0.013374 -0.044805 0.014711 0.1178 -0.039315 0.006618
-0.10356 0.21211 1.0018 0.28021 0.42774 -0.061343 -0.0042153 0.15252 0.016543 -0.014719 0.0031737 -0.012433
-0.10463 0.22864 0.98817 0.30498 0.41237 -0.049166 -0.0010692 0.016528 -0.013662 0.02477 -0.015362 0.012177
-0.10865 0.28145 1.0403 0.22527 0.40142 -0.051586 -0.0040214 0.052815 0.052151 -0.079707 -0.010958 -0.0024198
-0.11106 0.23389 1.0389 0.21901 0.4055 -0.046144 -0.0024049 -0.047566 -0.0014595 -0.0062585 0.0040796 0.0054425
-0.11126 0.19236 1.0569 0.24592 0.40023 -0.052312 -0.00020252 -0.041531 0.018043 0.026909 -0.0052652 -0.0061677
-0.114 0.1894 1.0399 0.26268 0.41661 -0.059948 -0.0027361 -0.002962 -0.016967 0.016763 0.016381 -0.0076368
-0.122 0.21727 0.99482 0.26284 0.43775 -0.049816 -0.0080023 0.027878 -0.045113 0.00015478 0.02114 0.010133
-0.11974 0.20625 0.98662 0.22893 0.46841 -0.036542 0.0022565 -0.011029 -0.0082016 -0.033911 0.030658 0.013274
-0.12956 0.17371 1.0464 0.11296 0.57653 0.010146 -0.0098126 -0.03253 0.059765 -0.11596 0.10812 0.046688
-0.14256 0.14298 1.0488 0.00056476 0.69045 0.045349 -0.013009 -0.030739 0.0024312 -0.1124 0.11392 0.035202
-0.16648 0.14064 0.99233 -0.11688 0.74971 0.050452 -0.023917 -0.0023379 -0.056491 -0.11745 0.059257 0.0051035
-0.15075 0.083483 1.0068 -0.01754 0.68336 0.02499 0.01573 -0.057154 0.014474 0.099342 -0.066343 -0.025462
-0.13844 0.11395 0.95284 0.12182 0.54702 -0.042601 0.012316 0.030464 -0.053962 0.13936 -0.13635 -0.067591
-0.089803 0.03064 1.2692 0.41905 0.39297 -0.1099 0.048632 -0.083307 0.31638 0.29723 -0.15404 -0.0673
-0.087771 0.1522 1.2929 0.39441 0.37956 -0.10492 0.0020313 0.12156 0.023719 -0.024644 -0.013408 0.0049788
-0.076782 0.1859 1.3352 0.40986 0.37189 -0.094721 0.010989 0.033693 0.042299 0.015453 -0.0076764 0.010201
-0.079924 0.20576 1.2155 0.21194 0.38475 -0.025058 -0.003142 0.019865 -0.11978 -0.19792 0.012862 0.069663
-0.077904 0.19138 1.0489 0.19396 0.40119 -0.010004 0.0020201 -0.01438 -0.16652 -0.01799 0.016439 0.015054
-0.081261 0.10122 1.0989 0.18168 0.3908 -0.0040734 -0.0033572 -0.090166 0.049987 -0.01227 -0.010387 0.0059311
-0.087277 0.12926 1.0959 0.17406 0.43655 -0.0084284 -0.0060157 0.028046 -0.0030482 -0.0076234 0.045746 -0.004355
-0.098395 0.14531 1.1472 0.17646 0.47122 -0.019355 -0.011118 0.016045 0.051353 0.0024011 0.034669 -0.010927
-0.096498 0.17022 1.1223 0.20817 0.46775 -0.012887 0.0018971 0.024915 -0.024973 0.031705 -0.0034714 0.0064677
-0.096113 0.18809 1.0921 0.21245 0.4868 -0.010852 0.00038497 0.01787 -0.030133 0.0042806 0.019058 0.0020357
-0.098263 0.17267 1.0766 0.24545 0.48414 -0.0039447 -0.0021505 -0.015426 -0.015479 0.033006 -0.0026606 0.006907
-0.10082 0.10158 1.1309 0.10369 0.52785 0.020216 -0.0025585 -0.071088 0.054207 -0.14176 0.04371 0.02416
-0.10719 0.091076 1.2036 0.073404 0.56026 0.017087 -0.0063693 -0.010502 0.072741 -0.030286 0.032403 -0.0031287
-0.11229 0.044766 1.2164 0.013827 0.57926 0.039935 -0.0051025 -0.04631 0.012786 -0.059577 0.019008 0.022848
-0.11768 0.14815 1.177 0.085303 0.56101 0.015544 -0.005385 0.10339 -0.039381 0.071476 -0.018255 -0.02439
-0.12883 0.13583 1.1115 0.1349 0.54717 0.022383 -0.011153 -0.012322 -0.065466 0.049592 -0.013835 0.0068387
-0.13609 0.15401 1.0575 0.15561 0.52964 -0.0012152 -0.0072587 0.018179 -0.054018 0.020717 -0.017533 -0.023598
-0.1372 0.092562 1.1128 0.19422 0.53788 -0.0035131 -0.0011098 -0.06145 0.055333 0.038603 0.0082361 -0.0022979
-0.13805 0.12542 1.1353 0.16308 0.52949 -0.020252 -0.00085003 0.032855 0.022466 -0.03114 -0.0083851 -0.016739
-0.13687 0.15312 1.1598 0.20132 0.53366 -0.023844 0.0011804 0.027704 0.024454 0.03824 0.0041633 -0.003592
-0.15001 0.19978 1.118 0.17695 0.50856 -0.039424 -0.013136 0.046658 -0.041769 -0.024367 -0.0251 -0.01558
-0.16576 0.16485 1.0785 0.20389 0.52177 -0.048273 -0.015758 -0.034931 -0.039467 0.026939 0.013212 -0.0088498
-0.17876 0.11328 1.0714 0.18861 0.5396 -0.054633 -0.013 -0.051567 -0.0070892 -0.01528 0.017833 -0.0063595
-0.18499 0.085833 1.1244 0.17491 0.58166 -0.053148 -0.0062255 -0.027448 0.052929 -0.013696 0.042063 0.0014852
-0.1838 0.070137 1.1665 0.16074 0.58565 -0.051006 0.0011922 -0.015696 0.042157 -0.014173 0.0039913 0.0021418
-0.18416 0.14324 1.1733 0.14165 0.52438 -0.077374 -0.0003674 0.073101 0.0068191 -0.019086 -0.061273 -0.026368
-0.18579 0.16734 1.1535 0.1252 0.4107 -0.11356 -0.0016293 0.0241 -0.019858 -0.016452 -0.11369 -0.03619
-0.16192 0.13508 1.1564 0.14484 0.40398 -0.09866 0.023874 -0.03226 0.0028971 0.019637 -0.0067183 0.014904
-0.15162 0.1112 1.1901 0.13248 0.4042 -0.089842 0.010301 -0.023882 0.033742 -0.012356 0.00022651 0.0088182
-0.13373 0.056119 1.2512 0.1549 0.52094 -0.053588 0.017889 -0.055076 0.061047 0.022422 0.11674 0.036253
-0.14601 0.098173 1.297 0.12975 0.57172 -0.076777 -0.012285 0.042054 0.045842 -0.025157 0.050777 -0.023189
