0.0028668 -0.015413 0.062181 -0.010328 -0.007861 -0.004677 0 0 0 0 0 0
0.0024118 0.052452 0.052822 0.013512 -0.0055763 0.00071551 -0.00045503 0.067865 -0.0093586 0.02384 0.0022846 0.0053925
-0.0055532 0.091152 -0.037541 0.030144 0.015067 0.015219 -0.007965 0.0387 -0.090363 0.016632 0.020643 0.014504
-0.0015589 0.12353 0.1016 0.023892 -0.011339 0.0011294 0.0039943 0.032373 0.13914 -0.0062516 -0.026406 -0.01409
0.0067301 0.096304 0.5228 0.022642 -0.048715 -0.01242 0.008289 -0.027221 0.4212 -0.0012503 -0.037376 -0.013549
-0.0012824 0.17364 0.25978 0.12815 -0.043214 -0.027 -0.0080125 0.077331 -0.26302 0.10551 0.005501 -0.01458
0.0097963 0.11737 0.62463 0.020033 -0.095887 -0.039441 0.011079 -0.056263 0.36485 -0.10812 -0.052673 -0.012441
0.03808 0.1037 0.64493 0.18065 -0.12274 -0.071622 0.028284 -0.013677 0.020302 0.16062 -0.026856 -0.032181
0.015592 0.15284 0.52451 0.29899 -0.053491 -0.0046861 -0.022488 0.04915 -0.12041 0.11833 0.069252 0.066936
0.073679 0.15958 1.2615 1.2465 -0.080213 -0.13051 0.058087 0.0067371 0.73697 0.94755 -0.026722 -0.12582
-0.074953 0.24462 -0.59916 2.958 0.15926 -0.33888 -0.14863 0.085037 -1.8607 1.7114 0.23947 -0.20837
-0.084733 0.27534 -0.94434 4.9222 0.11425 -0.76875 -0.0097798 0.030717 -0.34517 1.9642 -0.045004 -0.42987
-0.16463 0.15771 -2.0955 5.8382 0.036296 -1.0293 -0.079895 -0.11763 -1.1512 0.91608 -0.077957 -0.26058
-0.12312 0.42798 -1.6857 5.3259 -0.048729 -0.9656 0.041503 0.27028 0.40976 -0.51239 -0.085026 0.063723
-0.038704 0.40901 -0.77267 3.0703 -0.21342 -0.54248 0.084421 -0.018974 0.91307 -2.2555 -0.16469 0.42312
-0.058913 0.49635 -0.26126 1.3911 -0.041004 -0.15997 -0.02021 0.087339 0.51141 -1.6793 0.17242 0.38252
-0.019016 0.28562 0.19721 0.036724 0.13279 0.043881 0.039897 -0.21073 0.45847 -1.3543 0.17379 0.20385
0.054611 0.17943 0.16401 -0.14238 0.12339 -0.070294 0.073627 -0.10619 -0.033197 -0.17911 -0.0093962 -0.11418
0.1474 0.16863 0.50773 0.080707 0.36196 -0.23416 0.092786 -0.010804 0.34371 0.22309 0.23856 -0.16387
0.29006 0.35218 0.30716 0.24467 0.028524 -0.36203 0.14266 0.18355 -0.20057 0.16397 -0.33343 -0.12788
0.2151 0.36485 0.82168 0.58721 0.20551 -0.30732 -0.07496 0.012676 0.51452 0.34253 0.17699 0.054718
0.17304 0.39353 0.50097 0.45951 0.026171 -0.23363 -0.042054 0.028678 -0.32071 -0.12769 -0.17934 0.073686
0.094697 0.32658 0.5386 0.32569 0.083092 -0.13614 -0.078344 -0.066951 0.037621 -0.13382 0.056921 0.097493
0.087165 0.29062 0.36974 0.14137 0.092921 -0.11249 -0.0075322 -0.035966 -0.16885 -0.18432 0.0098293 0.023651
0.10293 0.29416 0.28392 0.08348 0.069666 -0.12269 0.015766 0.0035417 -0.085824 -0.057891 -0.023255 -0.010203
0.099293 0.30075 0.40068 0.094127 0.077432 -0.10242 -0.0036382 0.0065953 0.11677 0.010648 0.0077666 0.020267
0.096765 0.29033 0.45747 0.077009 0.095931 -0.097612 -0.0025272 -0.010426 0.056783 -0.017118 0.018499 0.0048118
0.090191 0.28027 0.44883 0.066209 0.16375 -0.092398 -0.0065738 -0.010054 -0.0086342 -0.0108 0.067821 0.0052142
0.071399 0.26003 0.48764 0.050915 0.071449 -0.086973 -0.018792 -0.020241 0.038806 -0.015293 -0.092303 0.005425
0.084592 0.26043 0.78482 0.10077 0.10434 -0.10833 0.013193 0.00040035 0.29718 0.049853 0.032892 -0.021355
0.11229 0.16667 1.4765 0.25527 -0.3977 -0.14791 0.027695 -0.093762 0.69164 0.15451 -0.50204 -0.039578
0.12599 0.19757 2.2412 0.52143 -0.44396 -0.079508 0.013704 0.030903 0.76472 0.26616 -0.046267 0.068398
0.098495 0.25735 2.151 1.3646 -0.6656 -0.15059 -0.027496 0.059776 -0.090194 0.84312 -0.22163 -0.071084
0.038451 0.50805 1.5294 2.1522 -0.37047 -0.1281 -0.060044 0.2507 -0.62154 0.78766 0.29513 0.022495
-0.0020201 0.68529 0.10215 3.6533 -0.046511 -0.41647 -0.040471 0.17724 -1.4273 1.5011 0.32396 -0.28837
0.0021553 0.45226 -0.71152 5.2169 -0.02874 -0.97021 0.0041754 -0.23303 -0.81367 1.5635 0.017771 -0.55375
-0.021094 0.29174 -1.3223 6.412 -0.083647 -1.3383 -0.023249 -0.16053 -0.61077 1.1952 -0.054907 -0.36804
0.0085681 -0.064158 -1.3065 5.9112 -0.39511 -1.5469 0.029662 -0.3559 0.015743 -0.50086 -0.31147 -0.20862
-0.0021124 0.19229 -1.1285 4.555 -0.39576 -1.1623 -0.01068 0.25645 0.17803 -1.3562 -0.00064525 0.38457
0.040699 0.27664 -0.6581 1.9868 -0.17254 -0.57027 0.042811 0.084357 0.47042 -2.5682 0.22322 0.59203
0.026483 0.52011 -0.56129 1.6112 0.032719 -0.37545 -0.014216 0.24347 0.096806 -0.37562 0.20526 0.19483
0.026025 0.51993 -0.37709 1.2011 0.1629 -0.22405 -0.00045783 -0.00018627 0.1842 -0.41011 0.13018 0.1514
0.011409 0.49215 -0.47982 1.7272 0.080459 -0.35269 -0.014615 -0.02778 -0.10273 0.5261 -0.082437 -0.12864
0.033859 0.45229 -0.62993 1.6334 0.092174 -0.3752 0.02245 -0.039855 -0.15011 -0.09373 0.011714 -0.022516
0.047059 0.48278 -0.48435 1.5088 0.17016 -0.36773 0.0132 0.030492 0.14558 -0.12459 0.077982 0.0074728
0.087898 0.47568 -0.0036636 1.6276 0.27317 -0.43575 0.040838 -0.0071027 0.48069 0.1188 0.10301 -0.068017
0.09061 0.74163 0.585 1.981 0.23378 -0.51717 0.0027127 0.26595 0.58866 0.35332 -0.039383 -0.081417
0.12151 0.78264 1.59 2.0112 0.096819 -0.43583 0.030899 0.041011 1.005 0.030284 -0.13697 0.081334
0.095053 0.93454 1.1864 2.0407 0.030318 -0.41668 -0.026456 0.1519 -0.40364 0.029484 -0.066501 0.019147
0.086905 0.87642 1.1121 1.8607 0.070588 -0.33564 -0.0081476 -0.058118 -0.074234 -0.17998 0.040269 0.08104
0.066362 0.79446 0.33244 1.5901 0.22235 -0.28777 -0.020543 -0.081959 -0.77968 -0.27066 0.15177 0.047874
0.067595 0.64017 0.25944 1.4967 0.30428 -0.28424 0.0012324 -0.1543 -0.073 -0.093389 0.081927 0.0035284
0.058297 0.63191 0.3024 1.392 0.33577 -0.22911 -0.0092982 -0.0082607 0.042966 -0.1047 0.031486 0.055136
0.056453 0.45954 0.29348 1.3546 0.30562 -0.23574 -0.0018435 -0.17237 -0.0089202 -0.037418 -0.030146 -0.0066294
0.04111 0.59748 0.3315 1.2105 0.32381 -0.19722 -0.015343 0.13795 0.038021 -0.14409 0.018191 0.038515
0.041051 0.47525 0.20218 0.95362 0.32937 -0.18126 -5.9244e-05 -0.12223 -0.12932 -0.25685 0.0055615 0.015955
0.046267 0.4735 0.18282 0.72541 0.37412 -0.13062 0.0052159 -0.0017451 -0.019363 -0.22821 0.044747 0.050646
0.046661 0.42406 0.26012 0.69583 0.38982 -0.13265 0.00039398 -0.049442 0.077298 -0.029578 0.015699 -0.0020267
0.050896 0.38163 0.35398 0.62219 0.33681 -0.13822 0.0042353 -0.042433 0.093864 -0.073638 -0.053007 -0.0055727
0.056151 0.39381 0.21912 0.4549 0.45693 -0.087676 0.0052555 0.01218 -0.13486 -0.16729 0.12012 0.050541
0.03599 0.44884 0.27234 0.61885 0.43322 -0.10119 -0.020162 0.055029 0.053222 0.16395 -0.02371 -0.01351
0.036562 0.36069 0.97153 0.67455 0.36608 -0.22555 0.00057263 -0.088147 0.69919 0.055706 -0.067143 -0.12437
0.15563 0.35645 1.8501 0.75818 0.22784 -0.1843 0.11907 -0.0042398 0.87861 0.083626 -0.13824 0.041247
0.24618 0.1832 3.1859 0.62304 -0.27525 -0.34279 0.090549 -0.17325 1.3358 -0.13514 -0.50309 -0.15849
0.42572 0.37224 2.5324 0.63123 -0.15242 -0.0356 0.17954 0.18903 -0.65347 0.0081901 0.12283 0.30719
0.3636 0.36971 2.0247 0.87922 -0.3136 -0.17894 -0.062122 -0.0025279 -0.5078 0.24799 -0.16118 -0.14334
0.31007 0.60412 0.74656 2.2062 -0.055519 -0.32291 -0.053527 0.23441 -1.2781 1.327 0.25809 -0.14398
0.23563 0.42471 0.26653 2.7415 -0.094144 -0.66726 -0.074445 -0.17941 -0.48003 0.53531 -0.038624 -0.34435
0.20808 0.28284 0.18301 4.4326 -0.17398 -1.0179 -0.02755 -0.14186 -0.083528 1.691 -0.079835 -0.35061
0.23108 0.26093 -0.19997 4.9499 -0.17766 -1.1241 0.023003 -0.021915 -0.38297 0.51732 -0.0036808 -0.10619
0.19995 0.35143 -0.27142 5.165 -0.14001 -1.0466 -0.031129 0.090506 -0.071453 0.21511 0.037645 0.077467
0.17677 0.62109 -0.48603 4.6465 -0.095772 -0.89601 -0.023186 0.26966 -0.21461 -0.51849 0.044242 0.15059
0.16883 0.87767 -0.45783 3.3136 -0.073486 -0.54229 -0.0079364 0.25658 0.028197 -1.3329 0.022286 0.35371
0.16908 0.86771 -0.39673 2.9822 -0.10252 -0.4197 0.00025506 -0.0099669 0.061103 -0.33138 -0.029035 0.12259
0.16916 0.90797 -0.40894 2.7376 -0.10255 -0.31817 7.7412e-05 0.040258 -0.01221 -0.24465 -3.2141e-05 0.10154
0.16939 0.77629 -0.35802 2.9056 -0.076279 -0.34326 0.00022392 -0.13168 0.05092 0.168 0.026274 -0.025095
0.16919 0.7416 -0.34006 2.8548 -0.046237 -0.34678 -0.00019799 -0.034693 0.017953 -0.050758 0.030042 -0.0035199
0.17518 0.73453 -0.19862 2.6852 -0.058962 -0.31254 0.0059967 -0.0070668 0.14144 -0.16958 -0.012725 0.034236
0.17777 0.72064 -0.16395 2.6349 -0.051655 -0.30644 0.0025818 -0.013889 0.034667 -0.050324 0.0073077 0.0061007
0.15656 0.7351 -0.24309 2.5796 -0.016071 -0.29193 -0.021205 0.014463 -0.079139 -0.055352 0.035584 0.014509
0.16919 0.71745 -0.092736 2.5626 -0.029355 -0.3038 0.012632 -0.017654 0.15036 -0.016982 -0.013285 -0.011863
0.21732 0.7086 0.63348 2.5894 -0.12788 -0.34152 0.048124 -0.0088534 0.72622 0.026782 -0.098525 -0.037724
0.227 0.62155 1.2905 2.4338 -0.10885 -0.32211 0.0096788 -0.087049 0.65699 -0.15558 0.019035 0.019407
0.28725 0.61623 1.6961 2.2305 -0.32932 -0.38895 0.06025 -0.0053194 0.40559 -0.20325 -0.22047 -0.066838
0.22273 0.58385 0.96743 1.6404 -0.11529 -0.26493 -0.064517 -0.03238 -0.72863 -0.59012 0.21403 0.12402
0.24576 0.56155 0.22626 1.253 -0.28066 -0.31513 0.023028 -0.022297 -0.74117 -0.38744 -0.16537 -0.050202
0.24149 0.57458 -0.094392 0.9641 -0.12828 -0.24866 -0.0042673 0.013033 -0.32065 -0.28889 0.15238 0.066475
0.25395 0.51107 -0.16708 0.97173 -0.15553 -0.2524 0.012459 -0.063516 -0.072689 0.00763 -0.027254 -0.0037386
0.27016 0.49591 0.12905 0.96785 -0.095811 -0.2449 0.016207 -0.015158 0.29613 -0.003879 0.059723 0.007494
0.25322 0.4829 0.11152 0.99826 -0.035446 -0.21234 -0.016938 -0.013007 -0.017533 0.030407 0.060364 0.032563
0.23125 0.47287 0.1183 0.97614 -0.00066472 -0.17191 -0.021971 -0.010027 0.0067863 -0.022114 0.034782 0.040427
0.23374 0.51037 0.16845 1.0037 0.028087 -0.15473 0.002495 0.037501 0.050149 0.027572 0.028752 0.01718
0.26101 0.42675 0.034801 0.87328 -0.08403 -0.19535 0.02727 -0.083626 -0.13365 -0.13044 -0.11212 -0.040613
0.22513 0.39869 0.3635 0.84922 0.065236 -0.14112 -0.035878 -0.02806 0.3287 -0.024062 0.14927 0.054224
0.16197 0.45944 0.80584 1.0271 0.22987 -0.14622 -0.063164 0.060755 0.44234 0.17793 0.16464 -0.0050948
0.1992 0.61192 0.77846 1.4565 0.031168 -0.19724 0.037227 0.15247 -0.027376 0.42936 -0.1987 -0.051018
0.27103 0.59359 1.3753 1.8368 -0.088067 -0.332 0.07183 -0.018324 0.59681 0.38025 -0.11924 -0.13476
0.79118 0.68762 2.3032 1.6008 -1.2106 -0.78937 0.52016 0.094028 0.9279 -0.236 -1.1226 -0.45738
0.76948 1.1752 3.3494 2.7691 -1.2525 -0.78039 -0.021704 0.48755 1.0462 1.1684 -0.041844 0.0089814
0.94194 1.9724 4.1038 3.8774 -1.2615 -0.50574 0.17246 0.79722 0.75443 1.1083 -0.0090463 0.27466
0.42208 2.4707 1.9032 5.605 -1.264 -1.4851 -0.51986 0.49831 -2.2006 1.7276 -0.002442 -0.97933
0.34924 1.9004 0.25759 4.9952 -0.98127 -2.0298 -0.072838 -0.57034 -1.6456 -0.60979 0.2827 -0.54474
0.22436 0.9492 -1.5175 2.8996 -1.5792 -3.6577 -0.12488 -0.95116 -1.7751 -2.0957 -0.59795 -1.6279
0.37422 0.2874 -1.3687 2.2192 -1.3265 -3.5477 0.14986 -0.6618 0.14877 -0.6804 0.25276 0.11001
0.41502 0.44274 -1.2535 2.927 -1.0358 -2.5885 0.0408 0.15534 0.11527 0.70782 0.29069 0.9592
0.36858 0.66287 -1.3808 6.0003 -0.84943 -2.4422 -0.046442 0.22013 -0.12731 3.0733 0.18634 0.14635
0.26836 0.76195 -2.0657 7.7822 -0.59174 -1.9153 -0.10022 0.099085 -0.68492 1.7819 0.25769 0.5269
0.19244 0.4105 -2.6474 9.0644 -0.583 -2.4838 -0.075913 -0.35145 -0.58169 1.2822 0.0087364 -0.5685
0.18086 0.36696 -2.4166 8.3152 -0.42496 -2.3329 -0.011582 -0.043536 0.23075 -0.74917 0.15804 0.15089
0.16242 0.40671 -2.1186 7.8737 -0.18609 -2.0866 -0.018443 0.039746 0.29804 -0.44155 0.23887 0.24633
0.16322 0.77325 -1.3992 5.9801 -0.10536 -1.9218 0.00080154 0.36654 0.71942 -1.8936 0.080733 0.16478
0.1352 1.0072 -1.2829 5.3663 -0.15779 -1.82 -0.028018 0.23398 0.1163 -0.61372 -0.052433 0.10176
0.1177 1.2127 -1.4644 4.9534 -0.11019 -1.7416 -0.017504 0.20549 -0.18151 -0.41299 0.047605 0.078422
0.17649 1.291 -1.4016 5.1302 -0.21984 -1.7344 0.058796 0.078239 0.062751 0.17688 -0.10966 0.0072448
0.24256 1.282 -0.52451 5.5537 -0.47962 -1.8749 0.066062 -0.0089986 0.87713 0.42349 -0.25977 -0.14051
0.3672 1.321 0.38078 5.042 -0.80079 -1.8201 0.12464 0.038996 0.90529 -0.51172 -0.32118 0.05472
0.43904 1.1971 1.3007 4.807 -1.2345 -1.9059 0.071844 -0.12388 0.91987 -0.23505 -0.43371 -0.085785
0.4907 1.118 1.5886 4.2516 -1.2358 -1.654 0.051656 -0.079081 0.28796 -0.55537 -0.0013043 0.25188
0.55789 1.1103 1.6968 3.7457 -1.1897 -1.5112 0.067187 -0.00764 0.10818 -0.50585 0.046078 0.14288
0.55107 1.2211 1.698 3.6697 -1.0621 -1.4031 -0.0068146 0.11071 0.0012435 -0.076003 0.12761 0.10804
0.56566 1.2773 1.1009 3.5494 -1.0038 -1.3716 0.014583 0.056272 -0.59712 -0.12034 0.058322 0.031531
0.44306 1.3019 -0.77822 3.7853 -0.91417 -1.4683 -0.12259 0.024587 -1.8791 0.23587 0.089619 -0.096655
0.45773 1.0643 -0.72459 3.7202 -0.84931 -1.4216 0.014671 -0.23766 0.053627 -0.065059 0.064864 0.046688
0.4117 1.0687 -1.3712 3.4402 -0.80366 -1.3526 -0.046035 0.0043953 -0.64661 -0.28001 0.045651 0.068996
0.49621 0.9823 0.56076 3.026 -0.8867 -1.1419 0.084512 -0.086361 1.932 -0.41417 -0.083036 0.21071
0.46602 1.0284 0.17681 2.7313 -0.97447 -1.0523 -0.030187 0.046136 -0.38394 -0.29474 -0.087778 0.089573
0.50114 1.0331 0.47282 2.4891 -0.97631 -0.99596 0.035122 0.0046984 0.296 -0.24217 -0.0018358 0.056333
0.50307 1.0662 0.49156 2.4991 -0.92875 -1.0698 0.0019209 0.033044 0.018742 0.0099679 0.047561 -0.073884
0.51633 1.167 1.298 3.0198 -0.79759 -1.0296 0.013265 0.10086 0.80641 0.52067 0.13116 0.040213
0.40271 1.2621 0.79155 3.2325 -0.55481 -0.87763 -0.11362 0.0951 -0.50642 0.21278 0.24278 0.152
0.28767 1.2363 0.57526 3.5708 -0.37254 -0.63456 -0.11504 -0.025883 -0.21629 0.33822 0.18227 0.24306
0.13121 1.1716 -1.4582 2.9536 -0.28074 -0.39733 -0.15646 -0.064674 -2.0335 -0.61712 0.091799 0.23723
0.14367 1.0376 -0.58925 2.4001 -0.23524 -0.3578 0.012455 -0.13398 0.86894 -0.5535 0.045495 0.039532
0.14209 1.0552 -0.86501 2.1384 -0.37876 -0.3757 -0.0015798 0.017646 -0.27576 -0.26176 -0.14351 -0.017903
0.18008 1.0423 -0.011406 2.0681 -0.23503 -0.37237 0.037993 -0.012913 0.85361 -0.070284 0.14373 0.0033308
0.17286 1.1061 -0.24036 2.105 -0.19903 -0.32697 -0.0072225 0.063777 -0.22895 0.036902 0.035995 0.045407
0.15576 1.0773 -0.68191 2.0471 -0.11154 -0.24759 -0.017099 -0.028817 -0.44155 -0.057866 0.08749 0.079377
0.19739 0.9854 0.16607 2.0881 -0.069104 -0.31122 0.041627 -0.091893 0.84798 0.040973 0.042437 -0.06363
0.1871 0.96523 0.84366 2.5632 -0.21563 -0.3624 -0.010285 -0.020173 0.67759 0.47508 -0.14653 -0.051178
0.21941 0.95691 1.3658 3.3705 -0.35484 -0.5934 0.032305 -0.0083167 0.52216 0.80726 -0.13921 -0.231
0.23622 1.0226 1.1918 4.1985 -0.49506 -0.8438 0.016809 0.065717 -0.17401 0.82805 -0.14022 -0.2504
0.2856 1.2813 -0.33485 5.0137 -0.60834 -1.1489 0.049389 0.25871 -1.5267 0.81519 -0.11328 -0.30514
0.37628 1.1276 -0.443 5.6278 -0.59803 -1.5409 0.090675 -0.15375 -0.10815 0.61407 0.010311 -0.39197
0.34622 1.1352 -0.86217 6.2187 -0.43732 -1.6059 -0.030061 0.0075813 -0.41918 0.59094 0.16071 -0.064953
0.23351 0.54397 -0.84387 7.2271 -0.37459 -1.8903 -0.11271 -0.59121 0.018306 1.0084 0.062734 -0.28441
0.2178 0.32028 -1.1758 8.0008 -0.45316 -2.3241 -0.015707 -0.22369 -0.33196 0.77375 -0.07857 -0.43382
0.21306 0.19247 -1.0097 7.274 -0.57415 -2.1768 -0.0047405 -0.12781 0.16617 -0.72686 -0.12099 0.14724
0.45975 0.47022 -0.56067 5.8124 -0.89285 -2.3722 0.24669 0.27775 0.44899 -1.4616 -0.3187 -0.19538
0.51029 0.7294 0.72145 2.6938 -0.57899 -1.2087 0.050542 0.25919 1.2821 -3.1186 0.31386 1.1635
0.49995 0.87419 0.81366 1.6113 -0.43595 -1.0013 -0.010341 0.14479 0.092211 -1.0825 0.14304 0.20745
0.42862 0.80097 0.82483 1.0113 -0.14445 -0.61022 -0.071333 -0.073225 0.011163 -0.59999 0.2915 0.39104
0.3448 0.86777 -0.048785 1.6481 -0.17441 -0.73828 -0.083822 0.066806 -0.87361 0.63678 -0.029955 -0.12806
0.40346 0.90237 -0.25818 1.869 -0.22666 -0.82612 0.058665 0.034601 -0.20939 0.22099 -0.052253 -0.087842
0.44294 0.5008 1.4867 1.1872 -0.26116 -0.72014 0.039481 -0.40158 1.7448 -0.68189 -0.034493 0.10598
0.44521 0.14737 3.9496 -0.00098101 -0.082284 -0.4824 0.002271 -0.35343 2.4629 -1.1881 0.17887 0.23774
0.48482 -0.20165 5.9892 -0.10457 -0.2457 -0.66182 0.039604 -0.34902 2.0396 -0.10359 -0.16342 -0.17942
0.44229 0.026713 6.1993 -0.019847 -0.22784 -0.52489 -0.042528 0.22837 0.21016 0.08472 0.017861 0.13693
0.47405 0.68196 3.8476 1.5046 -0.43639 -0.81224 0.031758 0.65525 -2.3517 1.5245 -0.20856 -0.28735
0.52309 0.71695 3.6798 1.6174 -0.4832 -0.69673 0.049045 0.034991 -0.16782 0.11282 -0.046803 0.11551
0.46259 0.89385 2.2931 1.4069 -0.39147 -0.63555 -0.060502 0.1769 -1.3867 -0.2105 0.091724 0.061174
0.51398 0.6273 3.0175 1.0833 -0.49341 -0.57252 0.051394 -0.26655 0.72444 -0.32365 -0.10193 0.063035
0.42505 0.59382 2.485 0.74365 -0.40484 -0.46397 -0.088931 -0.033482 -0.5325 -0.33964 0.088562 0.10854
0.45112 0.67694 2.1986 1.0668 -0.4322 -0.52771 0.026066 0.083121 -0.28639 0.3232 -0.027356 -0.063731
0.45065 0.6001 2.4515 1.0333 -0.45615 -0.50675 -0.00046415 -0.076845 0.25288 -0.033555 -0.023951 0.020954
0.40518 0.65768 2.0806 0.8156 -0.3864 -0.44993 -0.045472 0.05758 -0.37089 -0.21769 0.069748 0.056823
0.42818 0.59202 2.1756 0.95718 -0.34154 -0.52223 0.022995 -0.065659 0.094999 0.14158 0.044866 -0.072301
0.48646 0.47789 2.9525 0.89991 -0.37752 -0.64666 0.058281 -0.11412 0.77686 -0.057276 -0.035981 -0.12443
0.57793 0.59096 3.3152 0.94489 -0.12742 -0.91409 0.091468 0.11307 0.36273 0.044983 0.25009 -0.26743
0.75788 0.63426 4.4632 1.1366 -0.51777 -1.1298 0.17995 0.043302 1.148 0.19176 -0.39035 -0.21576
0.72907 0.91486 3.4102 0.74123 -0.38668 -1.0503 -0.028804 0.2806 -1.0529 -0.39541 0.13109 0.079594
0.80488 0.93108 3.1367 1.1207 -0.68347 -1.0493 0.075811 0.016221 -0.27358 0.37942 -0.29679 0.00099511
0.70569 0.9247 2.4733 0.96215 -0.47973 -0.89418 -0.099193 -0.0063783 -0.66331 -0.1585 0.20374 0.15508
0.80782 0.56947 4.0288 1.1233 -0.50382 -1.0445 0.10213 -0.35523 1.5555 0.16111 -0.02409 -0.15034
0.87992 0.69722 4.4069 0.90304 -0.30146 -1.0583 0.072092 0.12775 0.37814 -0.22022 0.20236 -0.013777
0.95254 0.35151 5.7002 0.52824 -0.55559 -1.1013 0.072624 -0.34571 1.2932 -0.37479 -0.25413 -0.042982
0.95593 0.81155 3.7249 0.39092 -0.27298 -0.92328 0.0033914 0.46004 -1.9752 -0.13732 0.28261 0.17799
0.78226 0.5978 2.9822 0.29791 -0.52214 -0.76054 -0.17367 -0.21375 -0.74272 -0.093011 -0.24916 0.16275
0.70381 0.58758 2.1636 0.43097 -0.32751 -0.63401 -0.078453 -0.010228 -0.81863 0.13306 0.19463 0.12653
0.61742 0.51715 2.1005 0.30994 -0.39549 -0.60347 -0.086392 -0.070423 -0.063109 -0.12103 -0.067983 0.030541
0.64868 0.40142 2.4839 0.33267 -0.35307 -0.61324 0.031263 -0.11573 0.38345 0.022731 0.042427 -0.0097635
0.65455 0.54973 2.4364 0.38344 -0.38766 -0.64263 0.0058708 0.1483 -0.047484 0.05077 -0.034599 -0.029398
0.647 0.60848 2.8146 0.48121 -0.48429 -0.63683 -0.0075463 0.058752 0.37815 0.097773 -0.096625 0.0058058
0.66964 0.63172 4.141 1.0124 -0.57997 -0.72405 0.022639 0.023241 1.3264 0.53118 -0.095683 -0.087218
0.614 0.76396 4.349 1.2661 -0.55098 -0.65195 -0.05564 0.13224 0.20793 0.25372 0.028994 0.072093
0.64293 0.81941 3.9128 2.1544 -0.5255 -0.70626 0.028923 0.055458 -0.43614 0.88828 0.025474 -0.054303
0.60435 1.0477 2.6639 2.8466 -0.73445 -0.66774 -0.038576 0.22829 -1.2489 0.69218 -0.20895 0.038512
0.63507 1.0994 1.1555 3.4091 -1.0666 -0.78254 0.030723 0.051709 -1.5084 0.56254 -0.33211 -0.1148
0.68747 1.269 1.2481 3.8756 -1.1577 -0.89665 0.052395 0.16957 0.092607 0.46651 -0.09117 -0.11411
0.51211 0.99521 0.22501 4.5808 -1.2297 -1.2222 -0.17536 -0.27377 -1.0231 0.70519 -0.072004 -0.3256
0.46376 0.75315 0.59768 5.3996 -0.89861 -1.4286 -0.048348 -0.24205 0.37267 0.81874 0.33112 -0.20633
0.26236 0.53355 0.049288 6.1851 -0.93158 -1.6551 -0.2014 -0.21961 -0.5484 0.78556 -0.032973 -0.22653
0.32262 0.6522 0.48953 5.8991 -0.96583 -1.6311 0.060261 0.11865 0.44024 -0.28597 -0.034253 0.023973
0.36062 1.0502 0.50747 4.6302 -0.89648 -1.29 0.037998 0.39801 0.01794 -1.2689 0.069358 0.34112
0.38238 1.1892 0.44028 3.4289 -0.78638 -0.9628 0.021765 0.13895 -0.067185 -1.2013 0.11009 0.32722
0.39068 1.1392 0.39577 2.5246 -0.57161 -0.67833 0.0082963 -0.049996 -0.044507 -0.90436 0.21477 0.28447
0.36255 1.0181 0.33913 2.4244 -0.54562 -0.60171 -0.028135 -0.12107 -0.056641 -0.10016 0.025986 0.07662
0.36581 0.9406 0.43061 2.4992 -0.67224 -0.87243 0.0032607 -0.077485 0.091479 0.07478 -0.12662 -0.27072
0.37063 0.93502 0.64848 2.3066 -0.63724 -0.71813 0.0048277 -0.005579 0.21787 -0.19259 0.035004 0.1543
0.41017 0.95676 0.64199 1.7663 -0.25504 -0.10729 0.039532 0.021738 -0.0064944 -0.54033 0.38219 0.61084
0.48886 0.86267 1.0535 2.5806 -0.69172 -1.1738 0.078698 -0.094091 0.41148 0.81438 -0.43667 -1.0665
0.60835 0.81937 1.0604 2.9409 -1.5769 -2.4036 0.11949 -0.043303 0.0068958 0.36021 -0.88516 -1.2299
0.74078 0.41315 1.5891 3.0107 -2.9697 -4.642 0.13243 -0.40621 0.52873 0.06982 -1.3928 -2.2384
0.60972 0.16567 1.9966 2.4755 -2.4098 -3.6741 -0.13107 -0.24749 0.40755 -0.53518 0.55984 0.96791
0.73162 0.33835 2.1114 1.1165 -1.7319 -2.3613 0.12191 0.17269 0.11479 -1.359 0.67788 1.3128
0.37673 0.64823 2.2821 0.63547 0.77403 0.37587 -0.3549 0.30987 0.17067 -0.48102 2.506 2.7372
0.27354 -0.58652 2.3342 -1.0628 0.067493 -1.1686 -0.10319 -1.2348 0.052094 -1.6983 -0.70653 -1.5445
-0.15021 -3.454 4.7439 -6.0154 0.8519 -0.66826 -0.42374 -2.8675 2.4097 -4.9526 0.7844 0.50032
-0.49611 -5.9312 5.6306 -9.0534 -0.11657 -2.3752 -0.34591 -2.4773 0.88676 -3.0381 -0.96847 -1.7069
-0.47323 -7.6554 8.1673 -12.021 0.12861 -1.5552 0.022885 -1.7241 2.5367 -2.968 0.24518 0.81996
-0.40674 -6.8402 9.3611 -10.934 0.2091 -1.4084 0.066486 0.81522 1.1938 1.0879 0.080487 0.1468
-0.24117 -5.7628 9.276 -9.3276 0.020711 -1.6263 0.16557 1.0773 -0.085156 1.6059 -0.18839 -0.21788
-0.055646 -5.1912 10.677 -8.5192 0.17827 -1.1287 0.18553 0.57164 1.4007 0.80838 0.15756 0.49757
-0.21333 -4.4745 8.8004 -8.1937 0.24434 -1.1532 -0.15768 0.71675 -1.8763 0.32553 0.066072 -0.024491
-0.10274 -5.5021 10.533 -8.758 0.053947 -0.95405 0.11058 -1.0276 1.7329 -0.56434 -0.1904 0.19918
-0.27426 -7.3237 13.256 -10.885 0.13496 -0.88633 -0.17151 -1.8216 2.7225 -2.1271 0.081017 0.067722
-0.26765 -7.8768 14.965 -11.59 -0.0065772 -0.81478 0.0066071 -0.5531 1.7094 -0.70461 -0.14154 0.071544
-0.30963 -7.5843 15.182 -11.103 0.16119 -0.75402 -0.041982 0.29249 0.21647 0.48723 0.16777 0.060758
-0.16746 -6.2424 13.086 -10.142 0.091879 -0.74459 0.14217 1.3419 -2.096 0.96008 -0.069309 0.0094386
-0.30654 -5.0988 10.85 -8.7072 0.32687 -0.78967 -0.13908 1.1436 -2.236 1.4352 0.23499 -0.045081
-0.46257 -6.7593 12.596 -10.16 0.43268 -1.0259 -0.15602 -1.6605 1.746 -1.4532 0.10581 -0.23621
-0.67476 -8.8706 15.366 -11.331 0.50199 -1.3052 -0.2122 -2.1113 2.7702 -1.1703 0.069311 -0.27928
-0.6865 -10.547 18.364 -12.138 0.34745 -1.7308 -0.011743 -1.6761 2.9986 -0.80776 -0.15454 -0.42562
-0.1692 -11.33 19.932 -12.064 -0.27713 -2.0146 0.51731 -0.78357 1.5674 0.074051 -0.62458 -0.28382
-0.020793 -9.5067 18.548 -10.917 -0.36861 -1.909 0.14841 1.8235 -1.3837 1.1479 -0.091479 0.10559
0.24129 -7.1939 15.414 -9.5999 -0.67274 -1.7049 0.26208 2.3129 -3.1342 1.3167 -0.30412 0.20411
0.15763 -6.5142 14.162 -9.2189 -0.49758 -1.4979 -0.083656 0.67969 -1.2523 0.38096 0.17516 0.20702
0.16066 -5.5866 12.857 -8.4582 -0.54278 -1.4273 0.0030304 0.92761 -1.3047 0.7607 -0.045209 0.070619
0.19173 -6.0238 12.562 -8.5382 -0.46222 -1.3122 0.031071 -0.43727 -0.29445 -0.080002 0.080564 0.11505
0.13495 -5.986 13.233 -8.3744 -0.31477 -1.1346 -0.056777 0.037863 0.6707 0.16383 0.14745 0.17758
0.06129 -6.0351 12.804 -8.6774 -0.21981 -0.90507 -0.073665 -0.049144 -0.42938 -0.303 0.094966 0.22956
0.10968 -7.4341 15.875 -9.5973 -0.26571 -0.76516 0.048386 -1.399 3.0712 -0.91994 -0.045905 0.1399
0.17393 -7.789 16.848 -9.7994 -0.42457 -0.84576 0.064258 -0.35487 0.97301 -0.20207 -0.15886 -0.080598
0.29285 -8.1284 17.94 -9.9681 -0.5477 -0.82257 0.11892 -0.33943 1.0916 -0.16871 -0.12313 0.023191
0.3453 -7.9487 18.274 -9.6511 -0.53481 -0.88053 0.05245 0.17969 0.33402 0.31697 0.012893 -0.057959
0.34066 -7.2863 17.042 -9.4817 -0.55903 -0.79027 -0.0046392 0.66241 -1.2315 0.16943 -0.024221 0.090262
0.3485 -6.1495 15.081 -8.8752 -0.55325 -0.78378 0.0078359 1.1368 -1.9608 0.60651 0.0057818 0.0064814
0.30168 -5.9833 14.465 -8.4678 -0.48078 -0.74027 -0.046813 0.16615 -0.61601 0.40739 0.072468 0.043512
0.24331 -5.5928 13.588 -7.5516 -0.29608 -0.86926 -0.05837 0.39051 -0.87708 0.91625 0.1847 -0.12899
0.2143 -8.5254 19.427 -8.7812 -0.047675 -0.71001 -0.02901 -2.9326 5.8387 -1.2296 0.24841 0.15926
0.053758 -8.8129 20.917 -9.2654 0.17453 -0.76111 -0.16055 -0.28745 1.4898 -0.48422 0.22221 -0.051108
0.10883 -7.5325 19.028 -8.3779 -0.15864 -0.90615 0.055077 1.2804 -1.8891 0.88747 -0.33318 -0.14504
-0.25143 -7.124 17.911 -8.8887 0.3709 -1.0107 -0.36026 0.40848 -1.117 -0.51072 0.52954 -0.10454
-0.015472 -2.8676 9.6582 -5.0974 -0.28442 -1.4644 0.23596 4.2564 -8.2524 3.7913 -0.65532 -0.4537
-0.18271 -5.2469 12.958 -6.676 0.32425 -1.3499 -0.16723 -2.3793 3.2996 -1.5786 0.60866 0.11445
0.074035 -2.6815 8.9992 -4.8933 -0.1265 -1.2949 0.25674 2.5654 -3.9587 1.7827 -0.45074 0.055056
0.10691 -4.3258 12.001 -5.4588 -0.064047 -1.2692 0.032871 -1.6443 3.0016 -0.56552 0.06245 0.025722
-0.17316 -4.1581 12.258 -6.518 0.24593 -1.09 -0.28007 0.16777 0.25767 -1.0592 0.30997 0.17917
-0.071729 -4.349 13.026 -6.1404 -0.038924 -1.1398 0.10143 -0.19089 0.76779 0.37768 -0.28485 -0.049844
-0.37566 -3.8555 11.24 -6.4039 0.29466 -1.3047 -0.30394 0.49344 -1.7858 -0.26356 0.33358 -0.16489
-0.20786 -3.3138 9.8157 -5.6482 0.053079 -1.2913 0.1678 0.54174 -1.4248 0.75569 -0.24158 0.013385
-0.23106 -2.5822 7.5803 -4.3512 0.017442 -1.71 -0.023193 0.73156 -2.2354 1.297 -0.035638 -0.41864
-0.1656 -2.8094 7.8639 -4.3276 -0.0066986 -1.6057 0.065456 -0.22714 0.28359 0.023664 -0.02414 0.10423
-0.072969 -2.6329 7.7942 -4.1005 -0.16398 -1.5703 0.092633 0.17646 -0.069673 0.2271 -0.15728 0.035414
-0.052821 -2.3873 7.4667 -3.8974 -0.1189 -1.4856 0.020149 0.24564 -0.32749 0.20307 0.045083 0.084726
-0.035974 -2.762 8.75 -4.3493 -0.11919 -1.3512 0.016846 -0.37478 1.2833 -0.45189 -0.0002923 0.13439
-0.069594 -2.8996 9.4396 -4.6179 -0.122 -1.3996 -0.03362 -0.13752 0.68954 -0.26865 -0.0028089 -0.048434
-0.053833 -3.5003 10.772 -5.3812 -0.18457 -1.333 0.015762 -0.60071 1.3326 -0.76325 -0.062572 0.066631
-0.089585 -3.1232 9.9486 -5.6605 -0.31374 -1.3035 -0.035752 0.37708 -0.82367 -0.27935 -0.12917 0.029562
-0.092935 -3.6945 10.042 -6.0485 -0.27346 -1.3045 -0.0033497 -0.57127 0.093664 -0.38791 0.040282 -0.0010874
-0.07756 -4.0498 10.927 -6.5868 -0.25206 -1.2095 0.015375 -0.35532 0.88511 -0.53835 0.021404 0.094999
-0.085858 -4.8731 12.151 -7.4182 -0.17039 -1.1295 -0.0082986 -0.8233 1.2233 -0.83145 0.081671 0.080036
0.019494 -5.3567 13.719 -8.1988 -0.1284 -0.90449 0.10535 -0.48366 1.5688 -0.78055 0.04199 0.22501
-0.0045048 -5.0025 13.269 -8.0575 -0.17676 -0.87901 -0.023999 0.35422 -0.45014 0.1413 -0.048358 0.025474
0.029642 -4.8982 13.284 -7.9626 -0.14523 -0.84043 0.034147 0.10435 0.014507 0.094942 0.03153 0.038588
-0.0020479 -4.701 13.04 -7.6523 -0.089682 -0.86843 -0.03169 0.19715 -0.24398 0.31022 0.055543 -0.028003
0.044052 -4.6292 12.941 -7.5593 -0.17627 -0.87812 0.0461 0.071818 -0.098897 0.093045 -0.086592 -0.0096931
0.055029 -4.611 12.912 -7.4767 -0.11983 -0.83401 0.010977 0.018172 -0.029038 0.082598 0.056442 0.044116
0.065472 -4.3242 12.569 -7.1267 -0.20594 -0.83517 0.010443 0.28681 -0.34326 0.34999 -0.086111 -0.0011628
0.055088 -4.2452 12.287 -7.2104 -0.18216 -0.81444 -0.010384 0.079005 -0.28197 -0.083698 0.023784 0.020727
0.10538 -4.2337 12.375 -6.7756 -0.21421 -0.86034 0.050289 0.011545 0.088855 0.43476 -0.032054 -0.045899
0.11616 -4.0541 12.77 -6.6828 -0.19709 -0.88596 0.010785 0.17961 0.39439 0.092859 0.017124 -0.025615
0.13301 -4.1919 12.137 -7.6185 -0.41613 -0.83016 0.016849 -0.13781 -0.63318 -0.93574 -0.21904 0.055801
-0.087123 -3.0395 11.183 -5.6689 0.20038 -0.79674 -0.22013 1.1524 -0.95358 1.9496 0.61651 0.033412
-0.14718 -2.9669 8.7717 -6.73 -0.022346 -0.78485 -0.060055 0.072558 -2.4114 -1.0611 -0.22273 0.011891
0.0082799 -1.5967 7.836 -2.3178 0.031576 -1.7232 0.15546 1.3702 -0.93568 4.4122 0.053922 -0.93834
-0.044544 -1.7265 7.5909 -3.1208 -0.053557 -1.245 -0.052824 -0.1298 -0.24512 -0.80295 -0.085134 0.47816
0.21455 -1.7174 8.4426 -1.9665 -0.53097 -1.595 0.25909 0.0091314 0.85176 1.1543 -0.47741 -0.34992
-0.34589 -1.6792 8.7585 -2.784 0.82374 0.34403 -0.56043 0.038131 0.31585 -0.81744 1.3547 1.939
-0.37958 -1.901 8.5812 -3.0222 0.9892 0.43632 -0.033692 -0.22179 -0.17724 -0.23821 0.16546 0.092294
-0.57939 -1.8971 8.4874 -3.0714 1.6762 0.79786 -0.19981 0.0039629 -0.093861 -0.04922 0.68702 0.36154
-0.4314 -2.0218 8.6525 -3.1222 1.4153 0.33203 0.14799 -0.12479 0.16515 -0.050747 -0.26096 -0.46584
-0.28044 -2.3027 8.9291 -3.6682 0.74524 -0.30398 0.15097 -0.28086 0.27657 -0.54608 -0.67002 -0.63601
-0.22019 -1.9805 8.682 -2.2415 0.4525 -0.47904 0.060245 0.32218 -0.24706 1.4267 -0.29274 -0.17506
-0.29641 -1.5853 7.6659 -0.58957 0.19378 -1.0891 -0.076218 0.3952 -1.0161 1.6519 -0.25871 -0.61008
-0.29218 -1.5383 7.131 0.9803 0.12034 -1.3813 0.0042303 0.046995 -0.53494 1.5699 -0.073446 -0.29215
-0.34884 -1.3755 6.6228 1.9752 0.21201 -1.5914 -0.056659 0.16286 -0.50819 0.99488 0.091667 -0.21009
-0.31904 -1.5257 6.814 2.3306 0.12538 -1.6817 0.0298 -0.15019 0.19126 0.35541 -0.086625 -0.090305
-0.33927 -1.4687 6.7623 2.8388 0.07077 -1.7081 -0.020233 0.056922 -0.051693 0.50821 -0.054611 -0.026413
-0.34369 -1.1756 6.7914 3.6204 0.0062313 -1.8093 -0.0044189 0.29313 0.029071 0.78161 -0.064539 -0.10123
-0.43464 -0.93395 6.6814 3.7081 0.10316 -1.8674 -0.090946 0.24166 -0.11001 0.087739 0.096928 -0.058106
-0.302 -0.55892 6.8945 2.8241 0.081181 -1.5626 0.13264 0.37503 0.21311 -0.88407 -0.021978 0.30482
-0.279 -0.45871 6.9546 1.4314 0.15844 -1.4375 0.022997 0.10022 0.060105 -1.3926 0.077257 0.12508
-0.10811 -0.66181 7.1946 -0.52398 0.083403 -0.9175 0.17089 -0.2031 0.24001 -1.9554 -0.075035 0.52003
-0.06345 -0.95354 7.3185 -1.4927 0.043575 -0.95266 0.044661 -0.29173 0.12384 -0.96872 -0.039829 -0.035163
-0.02223 -1.0372 7.153 -1.8708 0.040613 -0.83734 0.041219 -0.083616 -0.16547 -0.37807 -0.0029613 0.11532
0.018006 -1.1557 7.6648 -1.7224 -0.030434 -0.9045 0.040237 -0.11855 0.51185 0.14839 -0.071047 -0.067153
0.026576 -1.0545 7.5875 -1.6014 -0.012023 -0.82815 0.0085697 0.10121 -0.077345 0.12096 0.01841 0.076343
0.059372 -1.2613 8.4711 -1.5596 -0.092731 -0.76541 0.032796 -0.20679 0.88357 0.041806 -0.080708 0.062742
0.021911 -1.1673 8.0265 -1.7503 0.0017762 -0.67227 -0.037462 0.094024 -0.44456 -0.19069 0.094507 0.093145
0.05844 -1.1765 7.9213 -1.6171 -0.082351 -0.78399 0.03653 -0.0092646 -0.1052 0.13324 -0.084127 -0.11173
0.013118 -1.099 7.4877 -1.6012 0.045595 -0.74081 -0.045323 0.077546 -0.43358 0.01589 0.12795 0.043189
-0.019818 -1.0896 7.3431 -1.4914 0.097071 -0.64848 -0.032935 0.0093744 -0.1446 0.10974 0.051477 0.092326
0.031705 -1.0706 7.4863 -1.3248 0.0047215 -0.83442 0.051523 0.018996 0.14319 0.16666 -0.09235 -0.18594
-0.044757 -1.043 7.4627 -1.3379 0.084939 -0.80275 -0.076462 0.027632 -0.023577 -0.013124 0.080217 0.031671
0.14234 -1.0042 7.3815 -1.2568 -0.29174 -1.3146 0.1871 0.03874 -0.081232 0.081156 -0.37668 -0.51181
0.040039 -1.0567 7.4922 -1.4542 -0.12508 -1.2097 -0.1023 -0.052504 0.11071 -0.1974 0.16665 0.10486
0.10601 -1.0764 7.4091 -1.6122 -0.22046 -1.2274 0.065974 -0.019626 -0.0831 -0.15803 -0.09538 -0.017684
0.033173 -1.0735 7.2296 -1.8099 -0.091313 -1.0379 -0.07284 0.0028756 -0.17957 -0.19767 0.12915 0.18943
0.032985 -1.1718 7.7696 -1.8532 -0.045147 -0.95614 -0.00018833 -0.098341 0.54 -0.043385 0.046166 0.081809
0.085652 -1.1814 8.0953 -1.7533 -0.15405 -1.0387 0.052667 -0.0095594 0.32569 0.099965 -0.1089 -0.082535
0.10536 -1.324 8.9699 -1.8253 -0.17972 -1.0086 0.019713 -0.14258 0.87461 -0.071998 -0.025675 0.030026
0.17489 -1.5145 9.9156 -1.9828 -0.29142 -1.0045 0.069528 -0.19057 0.94573 -0.15754 -0.1117 0.0041328
0.14044 -1.1813 8.6955 -1.9117 -0.29426 -0.99213 -0.034451 0.33321 -1.2201 0.071126 -0.0028381 0.012389
0.15316 -1.3668 9.181 -1.9372 -0.2821 -1.009 0.012724 -0.18543 0.48546 -0.025502 0.012159 -0.016921
0.068851 -0.69809 6.944 -1.4172 -0.14548 -1.0072 -0.084314 0.66867 -2.237 0.51998 0.13662 0.0018154
0.098188 -1.0616 7.3061 -1.6103 -0.17376 -0.9478 0.029337 -0.3635 0.36212 -0.19313 -0.02828 0.059429
0.083161 -0.94436 6.7452 -1.6926 -0.22911 -0.88788 -0.015027 0.11724 -0.56089 -0.082219 -0.055345 0.059926
0.18676 -1.1191 7.1689 -1.9127 -0.37848 -0.89945 0.1036 -0.17477 0.4237 -0.22011 -0.14938 -0.011578
0.14778 -1.1174 7.1626 -1.9886 -0.37317 -0.94364 -0.038977 0.001683 -0.0063446 -0.07589 0.005309 -0.044182
0.18339 -0.85581 7.0578 -1.8677 -0.26386 -0.86762 0.035608 0.26164 -0.10474 0.12084 0.10931 0.076017
0.074304 -0.93614 6.5147 -1.9181 0.0008468 -0.76831 -0.10909 -0.08033 -0.54312 -0.050367 0.2647 0.099309
0.050455 -0.88149 6.4629 -1.7821 -0.036414 -0.65009 -0.023849 0.054645 -0.051792 0.136 -0.037261 0.11822
0.059357 -1.0069 6.3702 -1.7821 -0.012123 -0.58838 0.008902 -0.12544 -0.092766 -4.4674e-05 0.024291 0.061705
-0.036659 -0.80026 6.3281 -1.1808 0.074423 -0.6938 -0.096016 0.20667 -0.042032 0.60129 0.086545 -0.10542
-0.12431 -0.80011 6.0429 -1.4272 0.17583 -0.60629 -0.087655 0.00015268 -0.28525 -0.2464 0.10141 0.087513
-0.24905 -0.59699 5.5764 -0.60759 0.45261 -0.86456 -0.12474 0.20311 -0.46651 0.81964 0.27678 -0.25827
-0.3223 -0.63008 5.0584 -0.31574 0.24636 -1.0501 -0.073251 -0.033086 -0.51795 0.29186 -0.20625 -0.18558
-0.27657 -0.49914 4.7876 1.1561 0.14659 -1.4116 0.045734 0.13093 -0.27077 1.4719 -0.099768 -0.36146
-0.42107 -0.31176 3.9321 2.9467 0.22832 -1.5899 -0.1445 0.18739 -0.85557 1.7906 0.081726 -0.17825
-0.56021 -0.46264 3.5122 4.0455 0.40264 -1.5258 -0.13914 -0.15089 -0.41988 1.0988 0.17432 0.064053
-0.77311 -0.64176 2.8376 5.7737 0.49259 -1.8027 -0.21289 -0.17911 -0.67463 1.7282 0.089949 -0.2769
-0.69529 -1.0719 4.1156 5.0949 0.26321 -2.0924 0.077813 -0.43013 1.278 -0.67881 -0.22938 -0.28972
-0.52457 -1.1996 5.3847 3.9561 -0.26419 -2.2263 0.17073 -0.12774 1.2691 -1.1389 -0.5274 -0.13385
-0.24866 -2.0351 7.482 -0.28099 -0.29328 -2.0373 0.2759 -0.83542 2.0973 -4.237 -0.029096 0.189
-0.052476 -2.5058 8.3576 -4.359 -0.38322 -1.0628 0.19619 -0.47071 0.87554 -4.078 -0.089937 0.97447
-0.14245 -4.0054 8.7053 -7.6742 0.041324 -0.92328 -0.089973 -1.4997 0.34776 -3.3152 0.42454 0.13953
-0.15714 -4.6536 10.061 -8.9134 -0.038687 -0.68807 -0.014691 -0.64812 1.3557 -1.2392 -0.080011 0.2352
-0.41704 -5.0775 10.418 -8.7257 0.18834 -1.1688 -0.2599 -0.42391 0.35681 0.18766 0.22702 -0.48071
-0.40421 -5.3493 12.21 -8.8139 -0.082995 -1.255 0.012827 -0.27178 1.7927 -0.088227 -0.27133 -0.086211
-0.42165 -4.6588 11.31 -8.4573 0.0042758 -1.2347 -0.017444 0.69042 -0.9008 0.35667 0.087271 0.02033
-0.33893 -4.5588 11.004 -8.2509 -0.093126 -1.1526 0.082722 0.10001 -0.30535 0.20637 -0.097402 0.082112
-0.27321 -4.0535 10.109 -7.6157 -0.10807 -1.1056 0.065721 0.50531 -0.89536 0.63519 -0.014946 0.046923
-0.29907 -4.1632 10.337 -7.6394 0.022262 -1.0178 -0.02586 -0.10967 0.22803 -0.023694 0.13033 0.087862
-0.33137 -4.3611 10.896 -7.7349 0.0018 -1.0208 -0.032298 -0.19794 0.55872 -0.095463 -0.020462 -0.0030752
-0.40955 -4.8302 11.896 -8.4049 0.1626 -0.89809 -0.078184 -0.46904 1.0001 -0.67005 0.1608 0.12275
-0.44727 -4.7638 11.792 -8.4211 0.2423 -0.92562 -0.03772 0.066353 -0.10336 -0.016177 0.0797 -0.027526
-0.43329 -4.9095 12.041 -8.5515 0.27451 -0.90905 0.01398 -0.14563 0.24841 -0.13045 0.032214 0.016563
-0.37565 -4.7348 12.106 -8.0995 0.12834 -0.9315 0.057634 0.17461 0.064965 0.45204 -0.14617 -0.022449
-0.33267 -4.5607 12.294 -7.655 0.0010653 -0.9351 0.042988 0.17411 0.18791 0.44447 -0.12728 -0.0035933
-0.29443 -4.5569 12.666 -7.1236 -0.22708 -0.90283 0.038232 0.0038168 0.37266 0.53145 -0.22815 0.032272
-0.34795 -4.0681 12.007 -6.8269 -0.083991 -0.82744 -0.053516 0.4888 -0.65959 0.29671 0.14309 0.075389
-0.32995 -4.0754 11.585 -6.7735 0.018269 -0.8375 0.017997 -0.0072988 -0.4217 0.053364 0.10226 -0.010069
-0.35424 -3.9734 11.793 -6.7058 0.12672 -0.74346 -0.024291 0.10205 0.20822 0.067697 0.10846 0.094048
-0.32158 -3.9073 11.647 -6.8265 0.17995 -0.63058 0.032667 0.066063 -0.14588 -0.12068 0.053229 0.11288
-0.25723 -3.5786 11.156 -6.2078 0.079596 -0.76208 0.064347 0.32865 -0.4919 0.6187 -0.10036 -0.1315
-0.17499 -2.7913 9.7082 -5.4206 0.038903 -0.76436 0.082236 0.78729 -1.4473 0.7872 -0.040693 -0.0022806
-0.042294 -1.9118 7.9414 -3.7261 -0.039268 -1.2254 0.1327 0.87958 -1.7668 1.6945 -0.07817 -0.46103
0.022547 -1.8239 8.0588 -3.4484 -0.17827 -1.2029 0.064841 0.087886 0.11745 0.27771 -0.139 0.022447
0.018697 -1.594 7.8706 -3.009 -0.14626 -1.2068 -0.0038505 0.22992 -0.18828 0.43937 0.032005 -0.0038871
-0.0012794 -2.1643 8.6337 -4.0883 -0.18789 -1.0553 -0.019976 -0.57032 0.76313 -1.0793 -0.041627 0.15158
-0.085551 -2.3052 8.9668 -4.3196 -0.023938 -0.91954 -0.084271 -0.1409 0.33307 -0.23133 0.16395 0.13572
-0.070684 -1.995 8.9595 -3.8478 0.043086 -0.87136 0.014867 0.31023 -0.0072503 0.4718 0.067024 0.04818
-0.18257 -2.262 9.6074 -3.9002 0.22597 -0.761 -0.11188 -0.267 0.64793 -0.052328 0.18289 0.11036
-0.2299 -2.5612 8.943 -5.0631 0.32389 -0.7806 -0.047333 -0.29924 -0.66441 -1.163 0.09792 -0.019597
-0.41743 -3.7678 9.1892 -6.9405 0.50298 -0.75485 -0.18753 -1.2066 0.24618 -1.8774 0.17909 0.025748
-0.49271 -6.5688 9.3449 -11.273 0.48084 -1.0839 -0.075274 -2.801 0.15571 -4.3325 -0.02214 -0.32905
-0.59856 -7.1541 10.869 -11.041 0.59049 -1.0652 -0.10586 -0.5853 1.5241 0.23171 0.10965 0.0187
-0.46264 -7.7245 11.116 -11.125 0.37431 -1.2531 0.13593 -0.57037 0.24715 -0.083771 -0.21617 -0.18794
-0.37563 -5.6137 11.505 -7.9208 0.34775 -1.1505 0.087005 2.1108 0.38903 3.2043 -0.026564 0.1026
-0.14067 -3.385 9.664 -5.3598 0.079613 -1.0362 0.23496 2.2287 -1.8412 2.561 -0.26814 0.11434
-0.12 -2.7183 9.3525 -4.9289 0.10859 -0.94854 0.020668 0.66666 -0.31149 0.43084 0.028975 0.087657
-0.077045 -2.0461 8.4227 -4.3018 0.10671 -0.83743 0.042957 0.67224 -0.92977 0.62717 -0.0018813 0.11111
-0.14453 -2.5783 8.7926 -4.8662 0.17173 -0.78854 -0.067482 -0.53221 0.3699 -0.56446 0.065026 0.048887
-0.14221 -3.01 9.5138 -5.2534 0.22095 -0.78113 0.0023204 -0.43165 0.72113 -0.38716 0.049213 0.0074066
-0.091836 -2.3204 8.6376 -4.6357 0.15284 -0.77998 0.05037 0.68951 -0.87612 0.61766 -0.068107 0.0011549
-0.1862 -1.6036 7.5208 -4.0084 0.10572 -0.75671 -0.094365 0.71682 -1.1168 0.62729 -0.047123 0.023263
-0.16159 -2.5637 5.1906 -6.2373 0.18172 -1.1051 0.024608 -0.96004 -2.3303 -2.2288 0.076001 -0.34836
-0.31568 -4.541 5.6255 -8.6765 0.076544 -1.255 -0.15409 -1.9774 0.43498 -2.4393 -0.10517 -0.14997
-0.82587 -8.5562 6.6734 -14.89 0.3784 -1.7117 -0.51019 -4.0152 1.0479 -6.2131 0.30185 -0.45668
-0.99215 -8.465 6.9105 -14.247 0.51517 -1.8571 -0.16628 0.091268 0.23709 0.64265 0.13678 -0.1454
-1.8882 -6.8885 5.7785 -13.651 0.83484 -1.7597 -0.89606 1.5765 -1.132 0.59559 0.31967 0.097461
-1.5399 -5.8497 5.8451 -11.178 0.87418 -1.5065 0.34826 1.0388 0.066631 2.473 0.039339 0.25322
-1.3267 -7.8334 8.2266 -12.941 0.75478 -1.0681 0.21329 -1.9836 2.3815 -1.7627 -0.1194 0.43838
