0.00047448 0.0046486 0.0051999 0.0017256 -0.0002391 -2.7757e-05 0 0 0 0 0 0
0.010475 -0.025434 0.017613 -0.059195 0.002076 0.027003 0.01 -0.030083 0.012413 -0.060921 0.0023151 0.027031
0.021074 0.040282 0.0039395 -0.065889 0.013339 0.041413 0.010599 0.065716 -0.013673 -0.0066938 0.011263 0.01441
0.019181 0.13902 0.026444 -0.054476 -0.0062609 0.04014 -0.0018926 0.098737 0.022505 0.011413 -0.0196 -0.0012726
0.020232 0.15719 0.041041 -0.040973 -0.008779 0.025989 0.0010505 0.018168 0.014597 0.013503 -0.0025181 -0.014151
0.0079897 0.091954 0.0030262 -0.083156 -0.022689 0.010291 -0.012242 -0.065233 -0.038014 -0.042182 -0.01391 -0.015698
0.0037538 0.06223 -0.027888 -0.11962 -0.026747 0.0032404 -0.0042359 -0.029724 -0.030914 -0.036467 -0.0040583 -0.0070508
-0.0053289 0.09944 -0.15724 -0.14082 -0.013765 0.0026671 -0.0090827 0.03721 -0.12935 -0.021195 0.012982 -0.00057327
-0.00060331 0.22983 -0.14988 -0.10676 -0.0045949 0.0036492 0.0047256 0.13039 0.0073549 0.034055 0.0091697 0.00098213
0.0010291 0.21725 -0.12116 -0.066162 0.007781 0.006678 0.0016324 -0.012576 0.028716 0.0406 0.012376 0.0030288
0.0066633 0.20718 -0.060916 -0.02652 0.021864 0.0070193 0.0056342 -0.010077 0.060249 0.039642 0.014083 0.00034128
0.0074073 0.15416 -0.017249 -0.019661 0.009864 0.010134 0.00074398 -0.053012 0.043667 0.0068587 -0.012 0.0031151
0.012233 0.16477 -0.028074 0.0075063 0.016629 0.0087997 0.0048257 0.010605 -0.010825 0.027168 0.0067648 -0.0013346
0.0149 0.18875 -0.017521 0.014976 0.0015965 0.0074671 0.0026673 0.023987 0.010553 0.00747 -0.015032 -0.0013327
0.019417 0.1539 0.0071523 -0.0074736 0.00052132 0.0065565 0.0045162 -0.034852 0.024673 -0.02245 -0.0010752 -0.00091058
0.025558 0.13708 0.009223 -0.010935 -0.0038061 0.012241 0.0061412 -0.016826 0.0020707 -0.0034618 -0.0043274 0.0056841
0.030683 0.081192 0.060626 -0.10177 -0.012957 0.019012 0.0051256 -0.055884 0.051403 -0.090834 -0.0091505 0.0067717
0.036007 0.12453 0.023262 -0.031652 -0.014644 0.01364 0.0053237 0.043338 -0.037364 0.070117 -0.001687 -0.0053722
0.03459 0.10399 0.030762 -0.046929 -0.0042828 0.011122 -0.0014176 -0.020545 0.0074998 -0.015277 0.010361 -0.0025178
0.032228 0.15019 0.0096857 -0.0070891 -0.0029744 0.01293 -0.0023613 0.046207 -0.021076 0.03984 0.0013084 0.0018072
0.026256 0.1306 -0.004254 0.0010761 0.015708 0.011129 -0.0059725 -0.01959 -0.01394 0.0081652 0.018683 -0.0018007
0.027271 0.14846 0.018114 -0.03992 0.016265 0.031757 0.0010152 0.017857 0.022368 -0.040996 0.00055609 0.020628
0.023788 0.15033 0.0096738 -0.021723 0.0052619 0.0036288 -0.0034826 0.0018753 -0.0084403 0.018197 -0.011003 -0.028128
0.025989 0.10873 0.013003 -0.033481 0.0080493 0.019473 0.0022004 -0.041607 0.0033295 -0.011758 0.0027874 0.015845
0.035385 0.14812 0.046539 -0.096633 -0.018402 0.014597 0.0093962 0.039392 0.033536 -0.063152 -0.026451 -0.0048767
0.031709 0.10367 0.019546 -0.034465 -0.0036732 0.033675 -0.0036761 -0.044452 -0.026993 0.062168 0.014729 0.019078
0.029552 0.12266 0.060729 -0.13551 -0.0010852 0.030928 -0.0021562 0.018995 0.041183 -0.10104 0.0025881 -0.0027471
0.055114 0.11673 0.022009 -0.095436 -0.019961 0.051842 0.025562 -0.0059318 -0.038721 0.040072 -0.018876 0.020915
0.048414 0.057959 0.04692 -0.19497 -0.013972 0.040198 -0.0066998 -0.058772 0.024911 -0.099535 0.0059882 -0.011644
0.11205 0.12665 0.017504 -0.19288 -0.057371 0.1027 0.063638 0.068695 -0.029416 0.002093 -0.043399 0.062498
0.085592 0.12798 0.022326 -0.13271 -0.030589 0.085472 -0.026461 0.0013256 0.0048223 0.060164 0.026782 -0.017224
0.096894 0.11986 0.016154 -0.097417 -0.025749 0.10148 0.011302 -0.0081185 -0.006172 0.035297 0.0048398 0.016003
0.074186 0.16761 0.01351 -0.044781 -0.0069559 0.078449 -0.022707 0.047751 -0.0026435 0.052636 0.018794 -0.023026
0.056234 0.14038 -0.049421 0.059648 0.018946 0.064845 -0.017953 -0.027229 -0.062931 0.10443 0.025902 -0.013604
0.062804 0.19962 -0.095856 0.11467 0.0083531 0.071482 0.0065701 0.059235 -0.046435 0.055022 -0.010593 0.006637
0.047351 0.20871 -0.18832 0.26582 0.024808 0.066447 -0.015453 0.0090944 -0.092466 0.15115 0.016455 -0.0050353
0.041375 0.19464 -0.18223 0.25349 0.015776 0.058192 -0.0059754 -0.014077 0.0060888 -0.012337 -0.0090328 -0.0082555
0.038678 0.17456 -0.18214 0.22618 0.0099604 0.055133 -0.0026971 -0.020076 9.4658e-05 -0.027311 -0.0058152 -0.0030586
0.038533 0.27551 -0.18982 0.27435 0.020787 0.053799 -0.00014517 0.10095 -0.0076863 0.048177 0.010827 -0.0013336
0.051404 0.22383 -0.16937 0.26134 0.008051 0.06316 0.012871 -0.051675 0.020452 -0.013014 -0.012736 0.0093603
0.05238 0.24701 -0.20838 0.30614 0.017978 0.066616 0.00097594 0.023175 -0.039012 0.0448 0.0099265 0.0034568
0.05184 0.23512 -0.1883 0.29948 0.028057 0.069036 -0.00053999 -0.011888 0.020088 -0.0066587 0.010079 0.0024194
0.054098 0.1723 -0.16423 0.22594 0.024122 0.072164 0.0022585 -0.062823 0.024068 -0.073542 -0.003935 0.0031283
0.05558 0.24247 -0.16883 0.25347 0.047571 0.086789 0.0014821 0.070175 -0.0045999 0.027535 0.023449 0.014625
0.066773 0.18745 -0.14514 0.19258 0.034288 0.10272 0.011193 -0.055024 0.023693 -0.060895 -0.013283 0.015935
0.063186 0.15965 -0.17787 0.2054 0.04379 0.10637 -0.0035872 -0.027799 -0.032736 0.01282 0.0095019 0.0036447
0.064497 0.23795 -0.14823 0.17712 0.052145 0.11056 0.0013119 0.078302 0.029637 -0.028277 0.008355 0.0041963
0.060064 0.16409 -0.10902 0.18954 0.049649 0.096941 -0.0044337 -0.073865 0.039216 0.012423 -0.0024956 -0.013624
0.054612 0.1424 -0.15005 0.16804 0.063712 0.099454 -0.0054522 -0.021681 -0.041029 -0.021499 0.014063 0.0025123
0.047173 0.12411 -0.20732 0.16194 0.059377 0.093118 -0.0074389 -0.018298 -0.057277 -0.0061036 -0.0043348 -0.0063361
0.042011 0.13892 -0.3308 0.17784 0.067618 0.098314 -0.0051621 0.014812 -0.12347 0.015903 0.0082403 0.0051963
0.041186 0.24573 -0.28333 0.12673 0.06854 0.095628 -0.00082427 0.10681 0.047468 -0.051108 0.00092242 -0.0026857
0.04904 0.24486 -0.19744 0.16186 0.054093 0.08713 0.007854 -0.00087117 0.085887 0.035126 -0.014447 -0.0084985
0.053652 0.12 -0.052488 0.10373 0.051008 0.083106 0.0046113 -0.12486 0.14495 -0.058131 -0.0030853 -0.0040236
0.060906 0.17011 -0.094593 0.18297 0.047713 0.083258 0.007254 0.050116 -0.042105 0.079238 -0.0032946 0.0001516
0.065381 0.15603 -0.11646 0.18114 0.057359 0.098448 0.0044758 -0.014078 -0.021867 -0.0018252 0.0096465 0.015191
0.071842 0.25975 -0.22432 0.28241 0.071811 0.10944 0.006461 0.10372 -0.10786 0.10127 0.014451 0.010992
0.067335 0.20875 -0.18819 0.17766 0.067708 0.10862 -0.0045075 -0.050998 0.03613 -0.10474 -0.0041026 -0.00081593
0.065264 0.15958 -0.17489 0.26883 0.070075 0.10295 -0.0020711 -0.049167 0.013302 0.091164 0.0023675 -0.0056715
0.054976 0.16163 -0.18576 0.16267 0.061742 0.08556 -0.010288 0.0020439 -0.01087 -0.10616 -0.008333 -0.017392
0.060822 0.23676 -0.1606 0.21261 0.052061 0.090779 0.0058462 0.075131 0.025155 0.049939 -0.0096819 0.0052189
0.06587 0.23946 -0.17029 0.17453 0.060083 0.086311 0.0050479 0.0027 -0.0096924 -0.038081 0.0080222 -0.0044677
0.076909 0.23493 -0.10592 0.11281 0.055725 0.10314 0.011039 -0.0045263 0.064369 -0.061712 -0.0043578 0.016825
0.079681 0.21765 -0.10056 0.17143 0.071363 0.10268 0.0027721 -0.017286 0.0053629 0.058616 0.015638 -0.00045515
0.080472 0.21095 -0.09763 0.16499 0.06855 0.10629 0.00079084 -0.0066985 0.0029305 -0.006436 -0.0028125 0.0036074
0.072061 0.22767 -0.10341 0.18371 0.068735 0.098894 -0.0084109 0.016721 -0.0057809 0.018715 0.00018517 -0.0073956
0.069448 0.20643 -0.10346 0.18479 0.078023 0.10261 -0.0026134 -0.02124 -4.9058e-05 0.0010858 0.0092873 0.0037138
0.063518 0.20839 -0.16847 0.21776 0.054874 0.090054 -0.0059297 0.001954 -0.06501 0.032968 -0.023149 -0.012553
0.063522 0.29413 -0.20086 0.32699 0.057352 0.091676 3.181e-06 0.085745 -0.032393 0.10923 0.0024781 0.0016219
0.064555 0.32477 -0.35375 0.56642 0.024516 0.07896 0.0010336 0.030636 -0.15288 0.23942 -0.032836 -0.012717
0.059648 0.27572 -0.31375 0.48966 0.050792 0.089354 -0.0049071 -0.049051 0.039997 -0.07676 0.026277 0.010395
0.055694 0.2428 -0.33798 0.51134 0.062458 0.10064 -0.0039535 -0.032916 -0.024227 0.021685 0.011666 0.011286
0.054708 0.15297 -0.20628 0.19334 0.088057 0.10718 -0.00098612 -0.089828 0.13169 -0.318 0.025599 0.0065383
0.05464 0.19685 -0.13889 0.14051 0.081524 0.107 -6.8837e-05 0.043873 0.067393 -0.05283 -0.006533 -0.00017511
0.058739 0.18954 -0.10937 0.081663 0.07226 0.097052 0.0040998 -0.0073076 0.029523 -0.058848 -0.0092644 -0.0099504
0.06107 0.1695 -0.093904 0.10095 0.067683 0.098182 0.0023306 -0.02004 0.015463 0.019291 -0.0045772 0.0011297
0.055032 0.19691 -0.1254 0.16015 0.066648 0.097668 -0.0060377 0.027413 -0.0315 0.059194 -0.0010346 -0.00051376
0.061012 0.17889 -0.11195 0.13769 0.07089 0.10311 0.0059801 -0.018018 0.013452 -0.02246 0.004242 0.0054456
0.055253 0.21255 -0.10604 0.14572 0.063371 0.096815 -0.0057592 0.033659 0.0059136 0.008033 -0.0075191 -0.0062986
0.057553 0.17914 -0.11582 0.1319 0.058459 0.095899 0.0022998 -0.03341 -0.0097766 -0.013821 -0.0049114 -0.00091611
0.055096 0.20872 -0.11179 0.12882 0.056549 0.083388 -0.0024573 0.029583 0.0040226 -0.0030783 -0.0019107 -0.012511
0.053185 0.19765 -0.14162 0.16976 0.051012 0.087726 -0.001911 -0.011077 -0.029829 0.040935 -0.0055367 0.0043379
0.052572 0.20679 -0.15278 0.18931 0.052411 0.07524 -0.00061302 0.0091416 -0.011155 0.019553 0.0013988 -0.012485
0.054323 0.22573 -0.14744 0.19675 0.048238 0.081334 0.0017513 0.018944 0.0053323 0.0074432 -0.004173 0.0060934
0.050141 0.18844 -0.15406 0.18906 0.047645 0.076798 -0.0041816 -0.037295 -0.0066158 -0.0076966 -0.00059309 -0.0045357
0.052825 0.21934 -0.1319 0.15339 0.048543 0.078145 0.0026839 0.030903 0.022161 -0.035672 0.00089843 0.0013465
0.0504 0.22137 -0.13677 0.18 0.047456 0.083108 -0.0024257 0.0020244 -0.0048708 0.026612 -0.0010872 0.0049633
0.047962 0.16314 -0.14029 0.16321 0.044908 0.072995 -0.0024378 -0.058227 -0.0035181 -0.016784 -0.0025477 -0.010113
0.052279 0.21718 -0.13502 0.19002 0.050924 0.077428 0.0043175 0.054043 0.005263 0.026803 0.006016 0.0044325
0.054367 0.13523 -0.10655 0.12845 0.048044 0.076505 0.0020878 -0.081948 0.028471 -0.061561 -0.0028807 -0.00092249
0.060927 0.15608 -0.10644 0.13486 0.053077 0.084644 0.0065605 0.020852 0.00011368 0.0064013 0.0050329 0.0081386
0.069936 0.17015 -0.053275 0.056238 0.044663 0.10066 0.0090084 0.014068 0.053165 -0.078618 -0.008414 0.016015
0.062185 0.13048 -0.065115 0.073874 0.036615 0.093553 -0.007751 -0.039676 -0.01184 0.017636 -0.0080479 -0.0071053
0.067133 0.177 -0.043753 0.042515 0.03982 0.10105 0.0049485 0.046528 0.021362 -0.031358 0.0032053 0.0074954
0.061818 0.16627 -0.043424 0.0327 0.034046 0.091867 -0.0053149 -0.010734 0.00032901 -0.009815 -0.0057738 -0.0091818
0.061112 0.1311 -0.056684 0.062908 0.04446 0.092374 -0.00070653 -0.035175 -0.01326 0.030208 0.010414 0.00050739
0.068534 0.17689 -0.075179 0.081526 0.046142 0.10405 0.0074219 0.045797 -0.018496 0.018618 0.0016819 0.011677
0.067745 0.13905 -0.025494 -0.028747 0.039382 0.097672 -0.00078866 -0.037842 0.049686 -0.11027 -0.0067605 -0.0063789
0.075182 0.11745 -0.071247 0.0037883 0.043057 0.1092 0.0074369 -0.0216 -0.045754 0.032535 0.0036748 0.011527
0.077266 0.16949 -0.0030364 -0.16271 0.029777 0.098881 0.0020843 0.052037 0.068211 -0.1665 -0.01328 -0.010319
0.0699 0.10331 -0.077095 0.001981 0.03428 0.092053 -0.0073661 -0.066176 -0.074058 0.16469 0.0045034 -0.0068274
0.069662 0.16901 -0.069288 -0.078898 0.044235 0.098903 -0.00023834 0.065699 0.0078063 -0.080879 0.0099546 0.0068492
0.066877 0.15474 -0.062711 -0.019369 0.026852 0.091906 -0.0027849 -0.014274 0.0065773 0.059529 -0.017382 -0.0069966
0.072198 0.10377 -0.050143 -0.1247 0.031218 0.11055 0.0053205 -0.050971 0.012569 -0.10533 0.0043653 0.01864
0.077127 0.12587 -0.090323 -0.078108 0.024365 0.10948 0.0049294 0.022101 -0.04018 0.046589 -0.0068528 -0.00107
0.079347 0.12694 -0.076302 -0.087428 0.023298 0.10891 0.0022204 0.0010692 0.014021 -0.0093195 -0.0010667 -0.00056932
0.083187 0.081367 -0.090514 -0.045914 0.044119 0.12562 0.0038398 -0.045569 -0.014213 0.041514 0.02082 0.016717
0.076657 0.17095 -0.16437 0.14409 0.0073723 0.1002 -0.0065298 0.089582 -0.073854 0.19 -0.036746 -0.025423
0.082586 0.10767 -0.19539 0.14044 0.045444 0.12482 0.005929 -0.063279 -0.031023 -0.0036518 0.038072 0.02462
0.082233 0.24198 -0.43842 0.49613 0.02409 0.122 -0.00035326 0.13431 -0.24303 0.3557 -0.021354 -0.0028196
0.09856 0.21656 -0.50563 0.54168 0.051483 0.15887 0.016327 -0.025421 -0.067211 0.045547 0.027393 0.036865
0.1192 0.36702 -0.76333 0.98184 0.036321 0.16121 0.020641 0.15045 -0.25769 0.44016 -0.015162 0.0023481
0.13747 0.42498 -0.93948 1.3212 0.0089961 0.13336 0.018272 0.057961 -0.17616 0.33932 -0.027325 -0.027857
0.13186 0.60775 -1.1463 1.4446 0.05293 0.095915 -0.0056159 0.18277 -0.20683 0.12343 0.043934 -0.037443
0.13132 0.58378 -0.97373 1.6512 -0.00017833 0.10323 -0.00053753 -0.023966 0.17258 0.20657 -0.053108 0.0073165
0.097003 0.38672 -0.93665 1.194 0.0098563 0.11141 -0.034317 -0.19706 0.037078 -0.45714 0.010035 0.0081829
0.10781 0.41351 -0.98916 0.66823 0.029471 0.10925 0.010807 0.026784 -0.052511 -0.52579 0.019615 -0.0021636
0.13927 0.43588 -0.91168 -0.3121 0.15036 0.050755 0.031463 0.02237 0.077479 -0.98033 0.12089 -0.058496
0.13947 0.59168 -1.1941 -1.3322 0.35984 -0.054863 0.00020074 0.1558 -0.28245 -1.0201 0.20947 -0.10562
0.16583 0.55674 -0.98704 -1.6824 0.5017 -0.081528 0.026357 -0.034937 0.20709 -0.35019 0.14186 -0.026665
0.13227 0.34054 -1.3488 -1.8128 0.43522 -0.10566 -0.033559 -0.2162 -0.36176 -0.13039 -0.066479 -0.024127
0.11995 0.24885 -1.6295 -1.1903 0.34856 -0.024109 -0.012322 -0.091696 -0.28069 0.62254 -0.086659 0.081547
0.13079 0.39255 -1.5964 -0.86806 0.1076 0.029373 0.010842 0.14371 0.033128 0.32221 -0.24096 0.053481
0.092331 0.29865 -1.4014 -0.20389 0.04722 0.071548 -0.03846 -0.093908 0.19499 0.66417 -0.060376 0.042175
0.08971 0.44981 -1.1003 -0.20215 -0.031814 0.063619 -0.0026212 0.15117 0.3011 0.0017374 -0.079034 -0.0079283
0.076775 0.26269 -0.88624 -0.11309 -0.035018 0.048168 -0.012935 -0.18712 0.21403 0.089064 -0.0032043 -0.015451
0.084159 0.34304 -0.94674 -0.31676 -0.058476 0.03261 0.0073843 0.080352 -0.060497 -0.20367 -0.023458 -0.015558
0.11248 0.32605 -0.83017 -0.38654 -0.055163 0.060688 0.028319 -0.016994 0.11657 -0.069779 0.0033133 0.028079
0.11431 0.31595 -0.77357 -0.29797 -0.064792 0.068605 0.0018311 -0.010095 0.0566 0.088568 -0.0096288 0.007917
0.11584 0.30646 -0.77475 -0.28243 -0.046338 0.081664 0.0015298 -0.0094973 -0.0011746 0.015548 0.018454 0.013059
0.11357 0.31856 -0.77964 -0.24718 -0.049273 0.072515 -0.0022669 0.012099 -0.0048986 0.035242 -0.0029355 -0.0091494
0.11284 0.3398 -0.78185 -0.23184 -0.045422 0.0706 -0.00073106 0.021245 -0.0022007 0.015345 0.0038513 -0.0019151
0.11288 0.334 -0.77154 -0.21266 -0.047581 0.0687 4.2924e-05 -0.0057978 0.010304 0.01918 -0.0021594 -0.0019004
0.11714 0.32369 -0.73595 -0.2296 -0.030583 0.069346 0.0042582 -0.010318 0.035595 -0.016938 0.016998 0.00064621
0.11323 0.33438 -0.77287 -0.23697 -0.02764 0.065875 -0.0039107 0.01069 -0.036919 -0.0073715 0.0029438 -0.0034703
0.11176 0.35449 -0.7984 -0.20522 -0.021708 0.059952 -0.0014737 0.020119 -0.025536 0.031745 0.0059318 -0.0059238
0.11326 0.28872 -0.73165 -0.21779 -0.063415 0.073026 0.0015002 -0.065777 0.066754 -0.012567 -0.041707 0.013074
0.12746 0.23409 -0.46542 -0.12885 -0.087607 0.096564 0.0142 -0.054628 0.26623 0.088937 -0.024191 0.023538
0.15518 0.062937 -0.081835 -0.23407 -0.15689 0.12673 0.027723 -0.17115 0.38358 -0.10521 -0.069284 0.030168
0.17297 0.16314 0.17927 -0.20185 -0.13743 0.15363 0.017787 0.1002 0.26111 0.032218 0.019462 0.026895
0.17878 0.20407 0.215 -0.26832 -0.15696 0.1592 0.0058129 0.040933 0.035729 -0.066471 -0.019529 0.005571
0.16539 0.36733 0.032888 -0.21732 -0.13205 0.16164 -0.01339 0.16326 -0.18211 0.050996 0.024911 0.0024449
0.1551 0.36124 -0.1102 -0.22741 -0.14174 0.1601 -0.010287 -0.0060905 -0.14309 -0.010081 -0.0096901 -0.0015396
0.14587 0.32315 -0.17482 -0.18271 -0.1427 0.1473 -0.0092304 -0.038087 -0.064623 0.044695 -0.00096534 -0.012806
0.14325 0.26109 -0.15536 -0.1853 -0.13534 0.14495 -0.0026212 -0.062061 0.019459 -0.0025917 0.0073646 -0.0023527
0.13469 0.26109 -0.15726 -0.15155 -0.12373 0.13603 -0.0085575 -2.2636e-06 -0.0018917 0.033748 0.011606 -0.0089148
0.12847 0.26259 -0.17681 -0.12769 -0.12373 0.13859 -0.0062287 0.0015074 -0.019553 0.023864 -2.0214e-06 0.0025583
0.12579 0.26949 -0.20219 -0.11495 -0.12954 0.14049 -0.002679 0.006891 -0.025381 0.012741 -0.0058057 0.001905
0.12951 0.28173 -0.22823 -0.097369 -0.13766 0.13916 0.0037246 0.012245 -0.026039 0.017581 -0.008125 -0.0013292
0.13516 0.26934 -0.22554 -0.088022 -0.14995 0.135 0.0056502 -0.012391 0.0026889 0.009347 -0.012284 -0.0041648
0.13971 0.27578 -0.21387 -0.092868 -0.15211 0.13349 0.0045476 0.0064394 0.011676 -0.0048458 -0.0021671 -0.0015091
0.14066 0.27433 -0.17568 -0.080893 -0.157 0.13554 0.00095174 -0.0014458 0.038186 0.011975 -0.0048859 0.0020444
0.13756 0.24364 -0.16034 -0.075734 -0.15408 0.13515 -0.0031046 -0.03069 0.015337 0.0051586 0.0029243 -0.00038227
0.12691 0.2413 -0.15791 -0.078299 -0.15394 0.1333 -0.010644 -0.0023401 0.0024343 -0.0025649 0.00013515 -0.0018483
0.12101 0.24782 -0.16569 -0.091852 -0.1625 0.13524 -0.0059034 0.0065188 -0.0077851 -0.013553 -0.0085558 0.0019316
0.11417 0.25877 -0.18695 -0.086531 -0.16651 0.12853 -0.0068431 0.010948 -0.021253 0.0053211 -0.0040168 -0.006704
0.11676 0.25876 -0.18366 -0.077722 -0.17337 0.12969 0.0025961 -1.1379e-05 0.0032828 0.0088083 -0.0068592 0.0011528
0.1164 0.26118 -0.18681 -0.090063 -0.16639 0.12804 -0.00035894 0.0024266 -0.0031443 -0.012341 0.0069785 -0.0016464
0.1135 0.1758 -0.18633 -0.090782 -0.16968 0.11564 -0.0029068 -0.085386 0.00047588 -0.00071867 -0.0032878 -0.012397
0.11737 0.28878 -0.19661 -0.097094 -0.16541 0.12897 0.0038764 0.11299 -0.010282 -0.006312 0.0042738 0.013328
0.11503 0.24624 -0.20905 -0.10317 -0.1748 0.12642 -0.0023408 -0.042547 -0.012436 -0.0060756 -0.0093934 -0.0025542
0.11047 0.25285 -0.20775 -0.049461 -0.1569 0.11331 -0.0045624 0.0066095 0.0013004 0.053709 0.017899 -0.013101
0.11196 0.21154 -0.17007 -0.11512 -0.18038 0.12645 0.0014931 -0.041309 0.037676 -0.065657 -0.023481 0.013133
0.11949 0.23113 -0.22433 -0.079773 -0.18319 0.13926 0.007525 0.019592 -0.054261 0.035345 -0.0028083 0.012818
0.11754 0.4673 -0.49756 1.0489 -0.15003 0.15206 -0.0019456 0.23617 -0.27322 1.1287 0.033157 0.0128
0.121 0.73714 -0.66254 1.1277 -0.09339 0.25225 0.0034567 0.26984 -0.16498 0.078785 0.056645 0.10018
0.085854 0.67982 -0.88813 2.3906 0.017057 0.19009 -0.035145 -0.057317 -0.22559 1.2629 0.11045 -0.062157
0.079935 0.70297 -0.75882 1.317 0.042369 0.28059 -0.0059187 0.023141 0.12931 -1.0736 0.025311 0.090498
0.077869 0.41179 -0.59451 1.36 0.048118 0.20566 -0.0020666 -0.29118 0.1643 0.042922 0.0057496 -0.074925
0.098638 0.55838 -0.59799 0.9487 0.044117 0.23889 0.02077 0.14659 -0.0034727 -0.41126 -0.0040012 0.033225
0.10946 0.46037 -0.30101 0.62609 0.043699 0.22098 0.010821 -0.098015 0.29698 -0.32261 -0.00041755 -0.017906
0.10846 0.40214 -0.32969 0.44535 0.059876 0.19264 -0.00099794 -0.058229 -0.028682 -0.18075 0.016177 -0.028346
0.088674 0.30279 -0.15929 0.14601 0.038085 0.18133 -0.019787 -0.099346 0.1704 -0.29934 -0.021791 -0.011311
0.10524 0.35988 -0.23026 0.8092 -0.014205 0.17762 0.016561 0.057092 -0.07097 0.66319 -0.05229 -0.0037042
0.12251 0.37434 -0.2931 0.57485 -0.040445 0.16359 0.017276 0.014453 -0.062836 -0.23435 -0.02624 -0.014033
0.025631 -0.00014298 -0.26348 -0.44619 0.044273 0.093342 -0.09688 -0.37448 0.029625 -1.021 0.084718 -0.070248
-0.16068 -1.328 0.84363 -4.3687 0.30096 -0.038198 -0.18631 -1.3279 1.1071 -3.9225 0.25669 -0.13154
-0.319 -1.6196 0.89058 -5.3513 0.47446 -0.10842 -0.15832 -0.29162 0.046955 -0.98266 0.1735 -0.070226
-0.38652 -2.1477 2.1006 -6.1384 0.59808 -0.11264 -0.067523 -0.52807 1.21 -0.78703 0.12362 -0.0042177
-0.19281 -0.49575 0.88505 -2.4691 0.38126 -0.0017362 0.19371 1.652 -1.2155 3.6692 -0.21682 0.11091
-0.11237 -0.41881 1.0412 -1.7079 0.29202 0.054969 0.08044 0.076938 0.15618 0.76124 -0.089242 0.056705
0.0026576 -0.037637 0.56507 -1.1695 0.1702 0.091155 0.11503 0.38118 -0.47616 0.53838 -0.12182 0.036186
0.041934 -0.68641 1.0025 -2.9326 0.14753 0.14153 0.039277 -0.64877 0.43742 -1.7631 -0.022671 0.050373
0.09207 -1.0706 1.4008 -3.9774 0.12079 0.15993 0.050135 -0.38424 0.39829 -1.0448 -0.026739 0.018397
0.14171 -0.93928 1.4402 -4.2219 0.050929 0.1749 0.049642 0.13136 0.039434 -0.24444 -0.069857 0.014979
0.089463 -1.0869 1.3809 -4.0999 0.087845 0.073885 -0.052249 -0.14763 -0.059327 0.12193 0.036916 -0.10102
0.004818 -0.94555 1.3315 -3.8307 0.091559 -0.058323 -0.084645 0.14137 -0.049405 0.26928 0.0037133 -0.13221
-0.083614 -1.0492 1.3051 -3.6265 0.12343 -0.1842 -0.088432 -0.10365 -0.02637 0.20413 0.031873 -0.12588
-0.11889 -0.98646 1.3363 -3.5581 0.14583 -0.20501 -0.035272 0.062737 0.031195 0.068435 0.0224 -0.020805
-0.15444 -0.8646 1.3239 -3.3284 0.19749 -0.21365 -0.035549 0.12186 -0.012392 0.2297 0.051661 -0.0086428
-0.14004 -0.75632 1.2654 -3.0866 0.20767 -0.15243 0.014399 0.10828 -0.058477 0.24177 0.010173 0.061218
-0.12989 -0.59918 1.1424 -2.7899 0.18137 -0.15141 0.010147 0.15714 -0.123 0.29673 -0.026292 0.0010179
-0.099802 -0.4398 1.1114 -2.5477 0.12349 -0.11955 0.030087 0.15939 -0.03107 0.24221 -0.057885 0.031862
-0.081062 -0.48222 1.0105 -2.4777 0.11773 -0.10132 0.01874 -0.042427 -0.10087 0.069983 -0.0057564 0.018228
-0.080998 -0.40363 0.98936 -2.5535 0.16696 -0.092267 6.3788e-05 0.078592 -0.021136 -0.075764 0.04923 0.0090574
-0.071497 -0.43898 1.1082 -2.5038 0.10822 -0.066585 0.0095013 -0.035349 0.11881 0.049625 -0.058743 0.025682
-0.058251 -0.43918 0.99602 -2.0446 0.080831 -0.075123 0.013247 -0.0002006 -0.11215 0.45926 -0.027388 -0.0085375
-0.023195 -0.168 0.92918 -1.2784 -0.046046 -0.025399 0.035055 0.27118 -0.066836 0.76613 -0.12688 0.049724
-0.0012923 -0.14253 0.49987 -0.31522 -0.036719 -0.008389 0.021903 0.025463 -0.42931 0.96323 0.0093277 0.01701
-0.0017324 0.085748 0.1138 0.1797 -0.03208 0.0051642 -0.00044004 0.22828 -0.38608 0.49492 0.0046387 0.013553
-0.010598 0.071559 -0.12216 0.32753 0.0047445 0.010323 -0.0088657 -0.014189 -0.23596 0.14783 0.036824 0.0051593
-0.030223 0.022649 -0.22791 0.14412 0.0038347 -0.0059161 -0.019625 -0.04891 -0.10575 -0.18341 -0.00090983 -0.01624
-0.014231 0.079971 -0.29313 -0.10683 0.024954 0.034334 0.015992 0.057323 -0.065219 -0.25095 0.021119 0.04025
-0.016074 0.011906 -0.26359 -0.33832 0.024724 0.050049 -0.0018428 -0.068066 0.029542 -0.23149 -0.00023049 0.015716
0.0036104 0.034363 -0.27731 -0.45594 0.048353 0.067727 0.019684 0.022458 -0.013723 -0.11762 0.02363 0.017678
-0.013873 0.022326 -0.21861 -0.45864 0.042907 0.06318 -0.017483 -0.012038 0.058702 -0.0027063 -0.0054466 -0.0045473
-0.0048911 -0.0063878 -0.14434 -0.42021 0.025557 0.052154 0.0089815 -0.028713 0.074267 0.03843 -0.017349 -0.011026
-0.0095447 0.057039 -0.14941 -0.34472 0.028224 0.060275 -0.0046536 0.063427 -0.0050642 0.075497 0.0026662 0.0081209
-0.0024089 0.021747 -0.087425 -0.44292 0.016488 0.05574 0.0071358 -0.035292 0.061983 -0.098202 -0.011735 -0.0045348
-0.0026647 0.020233 -0.13401 -0.374 0.029501 0.062252 -0.00025577 -0.001514 -0.046582 0.068924 0.013013 0.0065117
-4.6451e-05 0.046321 -0.12048 -0.32758 0.0047792 0.056299 0.0026182 0.026088 0.013528 0.046415 -0.024722 -0.0059528
-0.0040571 -0.070032 -0.15824 -0.17529 0.0092354 0.071942 -0.0040106 -0.11635 -0.037765 0.15229 0.0044562 0.015643
0.01589 0.011269 -0.039339 -0.11302 -0.035417 0.079485 0.019947 0.0813 0.1189 0.062266 -0.044652 0.0075424
0.024874 -0.013205 0.039453 -0.21493 -0.022349 0.094884 0.0089842 -0.024474 0.078793 -0.1019 0.013068 0.015399
0.04416 0.0074384 0.12667 -0.36018 -0.051604 0.090024 0.019285 0.020643 0.087213 -0.14526 -0.029255 -0.0048601
0.056941 0.1483 0.15898 -0.51284 -0.037203 0.10922 0.012782 0.14086 0.032312 -0.15266 0.014401 0.019192
0.054443 0.025359 0.12916 -0.54404 -0.038429 0.10326 -0.0024984 -0.12294 -0.029821 -0.031204 -0.0012265 -0.0059522
0.056032 0.077547 0.1375 -0.56406 -0.025459 0.11129 0.0015888 0.052188 0.0083388 -0.020015 0.012971 0.0080277
0.049723 0.02951 0.13099 -0.52758 -0.0089869 0.10158 -0.0063084 -0.048037 -0.0065064 0.036476 0.016472 -0.0097064
0.040702 -0.0015398 0.11137 -0.54805 -0.016885 0.088861 -0.009021 -0.03105 -0.019621 -0.020466 -0.0078978 -0.012724
0.041562 0.043193 0.1319 -0.59142 -0.038902 0.081317 0.00085969 0.044733 0.020533 -0.043367 -0.022017 -0.0075431
0.045326 0.017337 0.12531 -0.51532 -0.076382 0.072093 0.0037642 -0.025857 -0.0065925 0.076097 -0.037481 -0.009224
0.039364 -0.08172 0.22549 -0.61821 -0.082539 0.073139 -0.0059621 -0.099057 0.10018 -0.10289 -0.0061562 0.0010457
0.035626 -0.028127 0.20224 -0.32699 -0.049967 0.0754 -0.0037382 0.053594 -0.023255 0.29121 0.032571 0.0022612
0.011886 -0.079678 0.26798 -0.3446 -0.011051 0.070239 -0.023739 -0.051551 0.06574 -0.017609 0.038916 -0.0051615
0.0074402 -0.064474 0.22004 -0.25464 0.025176 0.056804 -0.0044463 0.015204 -0.04794 0.089958 0.036227 -0.013435
0.025392 0.024447 0.24346 -0.18323 0.0001408 0.059396 0.017952 0.08892 0.023422 0.071415 -0.025035 0.0025917
0.052078 0.1338 0.12181 0.18983 -0.033628 0.094705 0.026686 0.10936 -0.12165 0.37306 -0.033768 0.035309
-0.010913 -0.082795 0.2436 -0.39105 0.042499 0.021361 -0.062991 -0.2166 0.12179 -0.58088 0.076127 -0.073343
0.018942 -0.26826 0.47472 -0.81566 0.037113 0.033256 0.029855 -0.18547 0.23112 -0.42461 -0.0053864 0.011895
0.039233 -1.1463 1.1463 -2.9643 0.07746 0.011056 0.020291 -0.878 0.67158 -2.1486 0.040347 -0.0222
0.24036 -1.2191 1.5834 -3.429 -0.089132 0.15403 0.20113 -0.072882 0.43706 -0.46471 -0.16659 0.14297
0.44779 -1.3441 1.8882 -3.9237 -0.26806 0.38167 0.20743 -0.12492 0.30481 -0.49466 -0.17892 0.22764
0.4919 -1.019 1.7503 -3.4464 -0.27979 0.44184 0.044106 0.32504 -0.13784 0.47725 -0.011737 0.060166
0.52631 -0.81809 1.6856 -3.2006 -0.32333 0.53864 0.034414 0.20093 -0.064769 0.24583 -0.043537 0.096807
0.43234 -0.79271 1.5026 -3.0752 -0.21741 0.47163 -0.093973 0.025378 -0.18301 0.12536 0.10592 -0.067009
0.43659 -0.77977 1.5209 -3.105 -0.26161 0.48674 0.0042457 0.012935 0.018384 -0.029727 -0.044199 0.015102
0.44552 -0.76033 1.4196 -2.7528 -0.30585 0.49626 0.0089333 0.019441 -0.10133 0.35212 -0.044239 0.0095269
0.45303 -0.77187 1.4567 -2.9242 -0.33074 0.51704 0.0075155 -0.011539 0.037102 -0.17134 -0.024888 0.020781
0.43336 -0.68301 1.3648 -2.6751 -0.30132 0.49372 -0.01967 0.088863 -0.091885 0.24908 0.029423 -0.023321
0.40157 -0.54422 1.3035 -2.43 -0.25968 0.47874 -0.031794 0.13879 -0.061346 0.24511 0.041642 -0.014978
0.34442 -0.4148 1.1485 -1.8933 -0.15618 0.39937 -0.057146 0.12942 -0.15499 0.53669 0.1035 -0.079371
0.33737 -0.34643 1.0816 -1.5295 -0.15642 0.38936 -0.0070507 0.068362 -0.066891 0.36384 -0.00024369 -0.010011
0.35448 -0.21629 1.032 -1.2727 -0.17174 0.39453 0.017111 0.13015 -0.049622 0.25673 -0.015317 0.0051679
0.33652 -0.32413 1.0647 -1.4848 -0.13904 0.36278 -0.017965 -0.10784 0.032716 -0.21209 0.032705 -0.031745
0.26291 -0.42317 1.0094 -1.4541 -0.07115 0.30245 -0.073604 -0.099042 -0.05531 0.030694 0.067885 -0.060331
0.31567 -0.0846 0.90468 -0.84095 -0.25318 0.32733 0.052752 0.33857 -0.1047 0.61318 -0.18203 0.024878
0.3918 0.040132 1.0226 -1.2681 -0.21616 0.40152 0.076138 0.12473 0.11791 -0.42714 0.037018 0.074184
0.64833 0.8766 1.4426 -0.50128 -0.56821 0.52776 0.25652 0.83647 0.42003 0.76682 -0.35205 0.12625
0.59488 0.59227 2.0848 -2.0845 -0.20549 0.42537 -0.053446 -0.28433 0.64221 -1.5833 0.36272 -0.10239
0.46938 0.37955 2.6181 -1.7563 -0.056015 0.25086 -0.1255 -0.21272 0.53325 0.32826 0.14948 -0.17451
0.42503 0.030171 2.5091 -2.2261 0.14613 0.26698 -0.044348 -0.34938 -0.10901 -0.46984 0.20214 0.016126
0.38467 0.29042 2.4873 -1.0135 0.13447 0.312 -0.040364 0.26024 -0.02178 1.2127 -0.011658 0.045017
0.61301 0.94048 2.1546 0.40721 -0.048179 0.54443 0.22834 0.65006 -0.33269 1.4207 -0.18265 0.23243
0.61322 1.3908 2.1311 0.97771 -0.13899 0.55345 0.0002147 0.45037 -0.023539 0.5705 -0.090806 0.0090213
0.59874 1.0957 1.5196 0.32251 -0.055608 0.51779 -0.014487 -0.29514 -0.61151 -0.6552 0.083378 -0.035662
0.51042 -0.9631 3.3987 -2.8568 -0.075145 0.37415 -0.088316 -2.0588 1.8792 -3.1793 -0.019537 -0.14363
0.24564 -2.4612 5.0858 -5.7073 0.095436 0.062851 -0.26478 -1.4981 1.687 -2.8505 0.17058 -0.3113
0.00031002 -4.6921 9.3547 -8.0069 0.14886 -0.27104 -0.24533 -2.2309 4.269 -2.2996 0.053425 -0.33389
-0.1302 -4.3554 10.755 -8.2297 0.22831 -0.42355 -0.13051 0.33662 1.4001 -0.22274 0.079454 -0.15251
-0.14608 -4.2513 11.56 -7.8889 0.24221 -0.42895 -0.015881 0.10413 0.80547 0.34081 0.013897 -0.0054042
-0.013165 -3.6558 11.048 -7.5057 0.20018 -0.28504 0.13292 0.5955 -0.51222 0.38315 -0.042033 0.14391
0.03178 -3.5809 10.683 -7.3626 0.15472 -0.23611 0.044944 0.07492 -0.36552 0.14307 -0.045459 0.048934
0.04422 -3.5528 10.454 -7.1128 0.13222 -0.22389 0.01244 0.028139 -0.22821 0.24985 -0.022496 0.012222
0.054865 -3.6209 10.642 -6.9667 0.099875 -0.21499 0.010645 -0.068179 0.18806 0.14609 -0.032349 0.0088969
0.070903 -3.7481 11.207 -7.076 0.090508 -0.19697 0.016038 -0.12712 0.56452 -0.10933 -0.009367 0.018023
0.10716 -2.9816 9.9132 -6.8081 0.050712 -0.15283 0.036259 0.76646 -1.2937 0.26789 -0.039796 0.044143
0.095021 -2.6964 8.8438 -6.0086 0.031524 -0.13599 -0.012141 0.28525 -1.0693 0.79952 -0.019188 0.016832
0.086422 -0.52866 3.9661 -3.7762 0.056697 -0.06209 -0.0085989 2.1677 -4.8777 2.2325 0.025173 0.073904
0.11639 -0.66995 2.5314 -2.5594 0.051491 0.057093 0.02997 -0.14129 -1.4348 1.2168 -0.0052066 0.11918
0.084805 0.22968 0.57897 -0.58637 0.10958 0.098573 -0.031587 0.89963 -1.9524 1.973 0.058092 0.04148
0.21471 -0.12576 0.86749 -0.70489 0.00024087 0.23483 0.1299 -0.35543 0.28852 -0.11852 -0.10934 0.13625
0.10144 0.19589 0.53535 0.64364 0.016685 0.12613 -0.11327 0.32165 -0.33214 1.3485 0.016444 -0.1087
0.1522 0.43079 0.035178 0.57273 -0.07883 0.14223 0.050763 0.2349 -0.50017 -0.070911 -0.095515 0.016098
0.071303 0.32062 -0.15259 0.3093 -0.027322 0.080618 -0.080901 -0.11017 -0.18776 -0.26344 0.051508 -0.06161
0.11479 0.12515 -0.037179 -0.047138 -0.074255 0.11254 0.043486 -0.19547 0.11541 -0.35643 -0.046933 0.031922
0.13741 0.084194 -0.26046 -0.62024 -0.080784 0.14577 0.022618 -0.040953 -0.22328 -0.5731 -0.0065292 0.033232
0.1657 -0.033269 0.17109 -0.38066 -0.10351 0.17052 0.028296 -0.11746 0.43155 0.23958 -0.022728 0.024752
0.17273 -0.045235 0.36897 -0.39291 -0.12053 0.1636 0.0070217 -0.011967 0.19788 -0.012246 -0.017014 -0.0069259
0.1884 -0.033543 1.0859 -0.53086 -0.11752 0.16675 0.015673 0.011693 0.71698 -0.13796 0.0030076 0.0031491
0.18206 -0.10168 1.2269 -0.5201 -0.11706 0.15439 -0.0063417 -0.068133 0.14099 0.010759 0.00046071 -0.012358
0.18156 0.10257 1.277 -0.44333 -0.12821 0.14966 -0.00049615 0.20424 0.050074 0.076777 -0.011148 -0.0047256
0.18246 -0.086496 1.4531 -0.75029 -0.14724 0.15847 0.00090366 -0.18907 0.17605 -0.30696 -0.01903 0.0088054
0.17346 -0.19838 1.2985 -0.67391 -0.15061 0.14436 -0.0090037 -0.11188 -0.15457 0.076381 -0.0033735 -0.01411
0.17653 -0.033663 1.0535 -0.36005 -0.1382 0.16518 0.0030718 0.16472 -0.24505 0.31386 0.012413 0.020819
0.18832 0.17402 0.10799 0.414 -0.066589 0.16635 0.011784 0.20768 -0.94547 0.77404 0.071608 0.0011716
0.2634 0.72979 0.29279 1.1188 -0.059222 0.21136 0.075084 0.55577 0.18481 0.70477 0.0073666 0.045009
0.34405 0.69495 0.45314 0.53669 -0.049902 0.23953 0.08065 -0.034836 0.16035 -0.58208 0.0093207 0.02817
0.38173 0.48017 1.8944 0.07756 -0.070745 0.27862 0.037678 -0.21479 1.4412 -0.45913 -0.020843 0.039094
0.38866 0.40316 2.2748 -0.95363 -0.075353 0.28927 0.0069312 -0.077013 0.38037 -1.0312 -0.0046078 0.010643
0.36025 0.054298 2.9135 -2.2653 -0.03837 0.2701 -0.028413 -0.34886 0.63873 -1.3117 0.036983 -0.019168
0.39378 -0.069779 2.7789 -2.9775 -0.19389 0.25235 0.033531 -0.12408 -0.13463 -0.71223 -0.15552 -0.017752
0.41031 -0.58096 3.0067 -4.3837 -0.22597 0.23603 0.016535 -0.51118 0.22786 -1.4061 -0.032075 -0.016313
0.41865 -0.97342 2.8877 -3.4939 -0.44738 0.29948 0.0083396 -0.39246 -0.11898 0.88979 -0.22141 0.063445
0.38523 -0.92802 3.1859 -3.1931 -0.38383 0.31305 -0.033418 0.045399 0.29816 0.30081 0.063549 0.013574
0.34683 -0.82772 3.0603 -2.3218 -0.40218 0.32307 -0.038406 0.1003 -0.12559 0.87128 -0.018355 0.010021
0.31054 -0.55997 2.998 -2.1197 -0.30861 0.28176 -0.036291 0.26775 -0.062322 0.20204 0.093568 -0.04131
0.2909 -0.45433 2.6516 -2.2505 -0.29449 0.23679 -0.019636 0.10564 -0.34639 -0.13072 0.014122 -0.044974
0.26877 -0.369 2.1877 -2.1348 -0.2781 0.23553 -0.02213 0.085333 -0.4639 0.11567 0.016393 -0.0012576
0.27268 -0.32007 2.1118 -2.308 -0.28622 0.22725 0.0039128 0.048928 -0.075886 -0.17321 -0.0081211 -0.0082854
0.27803 -0.23152 2.0404 -2.479 -0.26408 0.24536 0.0053476 0.088556 -0.071422 -0.17099 0.02214 0.018114
0.27935 -0.22305 1.864 -2.2256 -0.30963 0.23754 0.0013242 0.0084619 -0.17641 0.25335 -0.045552 -0.0078162
0.25489 -0.12148 1.6515 -1.6582 -0.32623 0.21924 -0.024462 0.10157 -0.21249 0.56745 -0.016598 -0.018308
0.21459 0.25672 0.86398 -0.30603 -0.43053 0.13136 -0.040306 0.37821 -0.78751 1.3522 -0.1043 -0.087873
0.17798 0.56632 0.50101 0.71956 -0.36408 0.093249 -0.036604 0.30959 -0.36298 1.0256 0.066451 -0.038113
0.15071 0.99708 0.13151 1.5459 -0.35615 0.027136 -0.027274 0.43077 -0.36949 0.82637 0.0079272 -0.066113
0.15385 0.90955 0.24598 1.8 -0.21037 0.065875 0.0031421 -0.087537 0.11447 0.25411 0.14579 0.038739
0.13978 0.77188 0.54378 1.893 -0.21333 0.066806 -0.01407 -0.13766 0.2978 0.09295 -0.0029664 0.00093115
0.15665 0.57445 0.78623 1.9545 -0.22427 0.084111 0.016874 -0.19744 0.24245 0.061511 -0.010938 0.017304
0.14571 0.57859 0.91233 2.0524 -0.24557 0.091961 -0.010943 0.0041473 0.1261 0.097914 -0.021299 0.0078505
0.15629 0.67305 0.95103 1.9895 -0.2555 0.098323 0.010576 0.094454 0.038699 -0.062937 -0.009929 0.006362
0.15652 0.66334 0.94481 1.9642 -0.22328 0.12664 0.0002332 -0.0097053 -0.0062251 -0.025306 0.032218 0.028315
0.15902 0.63924 0.96446 1.8992 -0.22487 0.12205 0.0025023 -0.024099 0.019657 -0.064952 -0.0015868 -0.0045832
0.15383 0.60877 0.97867 2.0155 -0.1958 0.1152 -0.0051883 -0.030471 0.014207 0.11626 0.029067 -0.0068514
0.16114 0.58301 1.0641 1.7849 -0.21569 0.12038 0.0073048 -0.02576 0.085464 -0.23056 -0.019888 0.0051743
0.16671 0.50398 1.108 1.4426 -0.16468 0.14679 0.0055667 -0.079035 0.043843 -0.34233 0.05101 0.026413
0.1917 0.28712 1.2949 0.61481 -0.24442 0.19819 0.024993 -0.21686 0.18689 -0.82777 -0.07974 0.051402
0.21053 0.1514 1.2573 0.11958 -0.21319 0.22483 0.018834 -0.13572 -0.037571 -0.49523 0.031225 0.026634
0.21514 0.089353 1.2877 -0.10678 -0.23667 0.24548 0.0046066 -0.062052 0.030412 -0.22636 -0.023477 0.020657
0.21888 0.10343 1.2158 -0.067432 -0.19122 0.25241 0.0037427 0.014075 -0.07189 0.039349 0.045455 0.0069305
0.20374 0.161 1.1992 0.059432 -0.15935 0.23834 -0.01514 0.057573 -0.016614 0.12686 0.031871 -0.014072
0.19935 0.085041 1.2178 0.02427 -0.19456 0.24013 -0.0043872 -0.07596 0.018586 -0.035162 -0.035214 0.0017894
0.18773 0.19461 1.1679 0.075936 -0.19242 0.2051 -0.011627 0.10957 -0.049858 0.051666 0.0021388 -0.035032
0.18453 0.16156 1.1307 0.1481 -0.24203 0.21701 -0.0031973 -0.033055 -0.037235 0.072167 -0.049609 0.011912
0.17668 0.22432 1.0774 0.23834 -0.23039 0.19855 -0.0078495 0.062767 -0.053284 0.090241 0.011643 -0.018466
0.17552 0.25129 1.0475 0.26587 -0.25089 0.2109 -0.0011594 0.02697 -0.029927 0.027525 -0.020505 0.012352
0.17051 0.14012 1.096 0.18922 -0.23543 0.20639 -0.0050099 -0.11117 0.048561 -0.076653 0.015465 -0.0045075
0.17157 0.23592 1.0658 0.2104 -0.23651 0.21604 0.0010557 0.095796 -0.030246 0.021182 -0.0010845 0.00965
0.16984 0.1385 1.1067 0.18683 -0.22203 0.22001 -0.0017255 -0.097416 0.040901 -0.023571 0.014486 0.0039683
0.16968 0.20841 1.0558 0.25433 -0.22339 0.21996 -0.00015654 0.069912 -0.050946 0.067507 -0.0013643 -4.4817e-05
0.16688 0.21185 1.0515 0.3052 -0.20523 0.21828 -0.002801 0.0034401 -0.0042264 0.050863 0.018165 -0.0016878
0.16475 0.1851 1.0507 0.30083 -0.20719 0.21045 -0.0021358 -0.026755 -0.00086823 -0.0043653 -0.0019654 -0.0078297
0.16608 0.22822 1.0361 0.33191 -0.18836 0.21328 0.0013341 0.043124 -0.014545 0.031082 0.018833 0.0028335
0.16738 0.19453 1.0479 0.31192 -0.19271 0.21285 0.0012998 -0.033694 0.01182 -0.019993 -0.0043546 -0.00042554
0.17225 0.2098 1.0434 0.30513 -0.19314 0.21988 0.0048645 0.015269 -0.0045395 -0.0067889 -0.00042792 0.0070304
0.17328 0.232 1.0435 0.31678 -0.19446 0.22264 0.0010319 0.022202 9.9229e-05 0.011649 -0.0013231 0.0027567
0.17122 0.1968 1.0607 0.29647 -0.20664 0.22504 -0.0020567 -0.035201 0.017253 -0.020311 -0.012176 0.0023992
0.16908 0.215 1.0582 0.30466 -0.20844 0.22008 -0.0021421 0.018202 -0.0025334 0.0081858 -0.0018051 -0.0049574
0.16725 0.21279 1.0555 0.31094 -0.20749 0.21868 -0.0018328 -0.0022111 -0.0026791 0.0062875 0.00094939 -0.0014044
0.16589 0.18098 1.0685 0.29836 -0.21186 0.21616 -0.0013524 -0.031809 0.012951 -0.012584 -0.0043647 -0.002517
0.16773 0.21274 1.0582 0.29886 -0.20351 0.21341 0.0018322 0.031765 -0.010268 0.00049823 0.0083452 -0.0027511
0.16522 0.19937 1.071 0.29307 -0.20578 0.21922 -0.0025057 -0.013376 0.012807 -0.005791 -0.0022644 0.0058074
0.16522 0.1795 1.0775 0.27349 -0.2181 0.21778 -6.4722e-07 -0.019873 0.0064624 -0.019575 -0.012325 -0.0014431
0.1655 0.24063 1.0529 0.31003 -0.215 0.21872 0.0002754 0.061136 -0.024587 0.036539 0.0030994 0.00094861
0.16526 0.17475 1.072 0.27448 -0.22722 0.22086 -0.00023929 -0.065877 0.0191 -0.035552 -0.012214 0.0021383
0.16387 0.20364 1.049 0.28617 -0.22132 0.21407 -0.0013829 0.028887 -0.022954 0.011688 0.0059019 -0.0067884
0.16361 0.21913 1.0372 0.28722 -0.20536 0.21904 -0.00026157 0.015484 -0.011842 0.0010478 0.015959 0.0049654
0.15978 0.15355 1.0537 0.26382 -0.23596 0.21434 -0.0038291 -0.065579 0.016463 -0.023399 -0.030607 -0.0046992
0.16315 0.24133 1.0132 0.30738 -0.21686 0.21207 0.0033631 0.087782 -0.040419 0.043569 0.019101 -0.0022718
0.1635 0.16816 1.041 0.28108 -0.24947 0.21341 0.0003577 -0.073173 0.027779 -0.02631 -0.032607 0.0013452
0.16392 0.19439 1.0251 0.2883 -0.22524 0.20851 0.0004176 0.026237 -0.015932 0.0072225 0.024226 -0.0049082
0.16473 0.21688 1.02 0.30336 -0.21887 0.21076 0.0008101 0.022487 -0.0051226 0.015065 0.0063705 0.0022593
0.1625 0.16537 1.0384 0.28601 -0.21599 0.20626 -0.0022302 -0.051511 0.01847 -0.017356 0.0028832 -0.0045067
0.16392 0.2156 1.0225 0.31455 -0.20685 0.20689 0.001416 0.050232 -0.015907 0.028545 0.0091353 0.0006285
0.1618 0.18577 1.0324 0.3116 -0.20504 0.20651 -0.002113 -0.029828 0.0098585 -0.002952 0.0018181 -0.00037879
0.16112 0.16097 1.0434 0.2966 -0.21316 0.20396 -0.00068741 -0.024809 0.010975 -0.015003 -0.0081235 -0.0025522
0.15925 0.20821 1.0262 0.32173 -0.19817 0.20235 -0.0018676 0.047245 -0.017188 0.025135 0.014986 -0.001601
0.15838 0.16091 1.0456 0.29492 -0.21567 0.19818 -0.00086741 -0.047302 0.019407 -0.026815 -0.017502 -0.0041766
0.16367 0.18624 1.0286 0.31618 -0.20428 0.20128 0.0052878 0.025326 -0.016952 0.021258 0.011397 0.0031038
0.16271 0.2013 1.0287 0.31373 -0.20766 0.20028 -0.00096231 0.015068 1.6473e-05 -0.0024448 -0.0033834 -0.0010012
0.16534 0.14419 1.0445 0.29908 -0.21592 0.20393 0.0026361 -0.057112 0.015878 -0.014648 -0.0082561 0.0036533
0.15956 0.21802 1.0279 0.3123 -0.21128 0.20196 -0.0057796 0.073829 -0.01666 0.013217 0.004633 -0.001976
0.15549 0.16644 1.0478 0.29442 -0.22259 0.2089 -0.0040754 -0.051585 0.019902 -0.017882 -0.011309 0.0069471
0.15723 0.17997 1.0347 0.29791 -0.22221 0.20437 0.0017398 0.013537 -0.013071 0.0034961 0.00038382 -0.0045307
0.1584 0.20256 1.019 0.31243 -0.21576 0.21056 0.0011717 0.022588 -0.01567 0.014519 0.0064537 0.0061816
0.16259 0.13585 1.0333 0.28248 -0.2296 0.20349 0.0041885 -0.066706 0.014287 -0.029955 -0.013842 -0.0070699
0.15967 0.21561 0.98957 0.31704 -0.21471 0.21188 -0.0029148 0.079753 -0.043748 0.034559 0.014888 0.0083924
0.16082 0.15081 1.0176 0.28128 -0.23359 0.20764 0.0011514 -0.064801 0.02799 -0.035762 -0.018876 -0.004235
0.15663 0.177 0.99057 0.31151 -0.22619 0.2134 -0.0041991 0.026189 -0.026986 0.030238 0.0073999 0.0057577
0.16392 0.18885 1.0023 0.30397 -0.22752 0.20388 0.0072972 0.011858 0.011745 -0.0075387 -0.0013294 -0.0095161
0.15951 0.13535 1.0218 0.29689 -0.23169 0.2081 -0.0044158 -0.053505 0.01948 -0.0070815 -0.0041723 0.0042162
0.16509 0.21924 1.0012 0.31762 -0.21877 0.20373 0.005587 0.083894 -0.020622 0.020727 0.01292 -0.0043659
0.1552 0.14723 1.0334 0.29308 -0.22071 0.20848 -0.0098913 -0.07201 0.032198 -0.024542 -0.0019455 0.0047489
0.16071 0.19196 0.99907 0.31454 -0.21591 0.20593 0.0055065 0.044722 -0.034305 0.021467 0.0048049 -0.0025575
0.15526 0.19264 1.0132 0.309 -0.21011 0.20691 -0.0054542 0.00068267 0.014115 -0.0055424 0.0057998 0.00098627
0.16028 0.14243 1.0131 0.2967 -0.2257 0.20326 0.0050217 -0.050206 -4.8109e-05 -0.012298 -0.015591 -0.0036475
0.15996 0.21591 1.0042 0.31897 -0.21768 0.20967 -0.00032117 0.073479 -0.0088911 0.022268 0.0080203 0.0064075
0.15508 0.14266 1.031 0.28618 -0.22443 0.20555 -0.0048724 -0.073255 0.026765 -0.032792 -0.0067473 -0.0041223
0.15972 0.1873 1.0212 0.30727 -0.22412 0.21069 0.0046337 0.044639 -0.0097754 0.021089 0.00030343 0.0051438
0.1573 0.19185 1.034 0.29757 -0.21359 0.20693 -0.0024174 0.0045553 0.012776 -0.0097007 0.010535 -0.0037634
0.16161 0.15246 1.0382 0.29911 -0.22936 0.20626 0.0043131 -0.039389 0.0042058 0.0015463 -0.015772 -0.00066831
0.16076 0.18376 1.028 0.3038 -0.21774 0.20396 -0.00084877 0.031302 -0.010253 0.0046905 0.011618 -0.0023022
0.15951 0.16655 1.0214 0.30021 -0.22082 0.20136 -0.0012514 -0.017213 -0.0065738 -0.0035968 -0.0030815 -0.0026045
