-1.023e-05 0.0011445 0.0025025 -0.0012127 0.00033287 0.00016118 0 0 0 0 0 0
0.0094727 0.025136 0.017369 -0.04132 0.0080239 -0.00021476 0.0094829 0.023991 0.014866 -0.040107 0.007691 -0.00037595
0.0019411 0.063467 0.053798 -0.11163 0.02286 0.006469 -0.0075315 0.038331 0.036429 -0.07031 0.014836 0.0066838
0.031714 0.1251 0.074937 -0.14488 0.025102 -0.016452 0.029773 0.061634 0.021138 -0.033246 0.0022419 -0.022921
0.024572 0.17097 0.090278 -0.19646 0.022968 -0.0053092 -0.0071415 0.04587 0.015342 -0.051586 -0.0021335 0.011142
0.046544 0.14791 0.073153 -0.12799 0.017686 -0.0091873 0.021971 -0.023063 -0.017126 0.06847 -0.0052819 -0.0038781
0.044975 0.13728 0.11594 -0.15855 0.0096045 0.011118 -0.0015688 -0.010631 0.042792 -0.030556 -0.0080819 0.020306
0.053406 0.10761 0.1383 -0.13298 0.0090628 0.016215 0.0084313 -0.029663 0.022352 0.02557 -0.00054176 0.0050971
0.055895 0.14034 0.20331 -0.16061 0.0033445 0.0059183 0.0024887 0.032725 0.065009 -0.027633 -0.0057182 -0.010297
0.06263 0.18414 0.16907 -0.18195 -0.011708 0.011085 0.006735 0.043801 -0.034239 -0.021343 -0.015052 0.0051668
0.0622 0.20104 0.13904 -0.16812 -0.022657 0.0040768 -0.00042943 0.016895 -0.03003 0.013827 -0.01095 -0.0070083
0.071142 0.16854 0.11765 -0.18247 -0.028492 0.019184 0.0089419 -0.032491 -0.021384 -0.014347 -0.0058346 0.015107
0.05537 0.14772 0.071721 -0.17492 -0.025325 0.017507 -0.015772 -0.020821 -0.045931 0.0075482 0.0031675 -0.0016774
0.063957 0.089026 0.07728 -0.16398 -0.015985 0.001413 0.0085866 -0.058697 0.005559 0.01094 0.0093396 -0.016094
0.035758 0.10892 0.046269 -0.19377 0.0019322 0.0056214 -0.028199 0.019898 -0.031012 -0.029787 0.017917 0.0042083
0.044151 0.06211 0.1159 -0.24679 0.014876 -0.0010191 0.0083932 -0.046814 0.069636 -0.053024 0.012944 -0.0066405
0.022673 0.10597 0.17904 -0.28654 0.026893 0.0083851 -0.021478 0.043858 0.063138 -0.039746 0.012017 0.0094043
0.022166 0.11508 0.14052 -0.33118 0.022286 0.013683 -0.00050741 0.0091134 -0.038519 -0.044636 -0.0046073 0.0052981
0.022419 0.092839 0.13311 -0.28299 0.024447 -0.0037857 0.00025363 -0.022243 -0.0074142 0.048189 0.0021613 -0.017469
0.020275 0.12252 -0.0009648 -0.31931 0.020609 -0.0012976 -0.0021442 0.029682 -0.13407 -0.036324 -0.003838 0.0024881
0.031607 0.00029561 0.25194 -0.42171 0.046928 -0.018206 0.011332 -0.12222 0.2529 -0.1024 0.026319 -0.016908
0.023989 0.076213 0.27039 -0.56664 0.052287 -0.013112 -0.0076181 0.075917 0.018459 -0.14493 0.0053587 0.0050938
0.023339 -0.025761 0.45649 -0.72849 0.060416 -0.010439 -0.00065056 -0.10197 0.1861 -0.16185 0.0081288 0.0026734
0.016932 0.051113 0.27982 -0.70673 0.053568 -0.0050755 -0.0064071 0.076874 -0.17667 0.021765 -0.0068475 0.0053633
0.015866 -0.0084276 0.25407 -0.65393 0.040136 -0.015136 -0.0010653 -0.05954 -0.025749 0.052802 -0.013432 -0.010061
0.0098781 0.076172 0.14756 -0.52206 0.049236 -0.026361 -0.0059882 0.084599 -0.10652 0.13187 0.0091002 -0.011224
-0.0010193 0.063393 0.16064 -0.45589 0.038885 -0.048637 -0.010897 -0.012779 0.013084 0.066168 -0.010351 -0.022277
-0.0060947 0.092474 0.12491 -0.38458 0.04191 -0.054802 -0.0050754 0.029081 -0.035731 0.071311 0.0030247 -0.0061645
-0.0072353 0.09632 0.11202 -0.41382 0.030214 -0.04121 -0.0011406 0.0038467 -0.012886 -0.029237 -0.011696 0.013592
0.011207 0.043961 0.14935 -0.37689 0.031375 -0.03372 0.018442 -0.05236 0.037327 0.036928 0.0011608 0.0074906
0.028477 0.067254 0.12156 -0.36917 0.017552 -0.022717 0.01727 0.023293 -0.027789 0.0077144 -0.013823 0.011003
0.044812 0.025266 0.19998 -0.3658 0.028961 -0.039861 0.016336 -0.041987 0.078415 0.003373 0.011409 -0.017145
0.059083 0.0074189 0.43748 -0.29565 0.029234 -0.062726 0.014271 -0.017847 0.2375 0.070149 0.00027331 -0.022865
0.055184 0.10911 0.29031 -0.47798 0.094876 -0.055688 -0.0038995 0.10169 -0.14717 -0.18232 0.065642 0.0070378
0.020447 0.039515 -0.042967 -0.78249 0.066723 -0.022289 -0.034737 -0.069595 -0.33328 -0.30452 -0.028153 0.0334
-0.034051 0.064957 -0.91133 -1.0296 0.11085 0.021674 -0.054499 0.025442 -0.86837 -0.2471 0.044127 0.043963
-0.10761 -0.15469 -1.4366 -1.6107 0.035356 0.076002 -0.073554 -0.21964 -0.52529 -0.58106 -0.075495 0.054328
-0.14374 -0.25874 -1.4223 -1.6189 0.079518 0.078344 -0.036137 -0.10406 0.014362 -0.0082044 0.044162 0.0023422
-0.135 -0.29913 -1.3387 -1.8913 0.036313 0.088034 0.0087448 -0.04039 0.083595 -0.27245 -0.043206 0.0096899
-0.1215 -0.32053 -1.0507 -1.8407 0.042827 0.084079 0.013494 -0.021396 0.28793 0.050655 0.0065147 -0.003955
-0.099222 -0.32791 -1.0836 -1.7024 0.036939 0.072398 0.022281 -0.0073806 -0.032909 0.13824 -0.0058883 -0.011682
-0.11769 -0.39363 -0.74367 -1.7486 0.050036 0.068545 -0.018464 -0.065719 0.33998 -0.046187 0.013097 -0.0038524
-0.13797 -0.39261 -0.53993 -1.5873 0.10796 0.047734 -0.020285 0.0010168 0.20374 0.16131 0.057924 -0.020811
-0.15138 -0.29717 -0.35849 -1.5215 0.093642 0.022694 -0.013408 0.095443 0.18144 0.065829 -0.014318 -0.02504
-0.14246 -0.33191 -0.35711 -1.602 0.11579 0.048141 0.0089235 -0.034746 0.0013813 -0.08053 0.022148 0.025447
-0.13468 -0.3093 -0.37962 -1.4882 0.066808 0.042611 0.0077806 0.022615 -0.022512 0.11375 -0.048982 -0.0055298
-0.11691 -0.34313 -0.29541 -1.5747 0.072174 0.056905 0.017762 -0.033826 0.084206 -0.086443 0.0053659 0.014293
-0.12688 -0.23336 -0.28636 -1.3533 0.013136 0.015507 -0.0099626 0.10976 0.0090586 0.22135 -0.059038 -0.041398
-0.12937 -0.11444 -0.31348 -1.1845 -0.013914 -0.037919 -0.0024901 0.11892 -0.02712 0.16881 -0.02705 -0.053426
-0.13299 -0.11151 -0.34537 -1.098 -0.063994 -0.065633 -0.003626 0.0029293 -0.031899 0.086504 -0.05008 -0.027714
-0.13249 -0.16678 -0.31797 -1.0609 -0.070017 -0.079727 0.00049962 -0.055268 0.027404 0.037148 -0.0060232 -0.014094
-0.12306 -0.18988 -0.32434 -1.1278 -0.090095 -0.080123 0.0094328 -0.0231 -0.0063657 -0.066958 -0.020077 -0.00039608
-0.12206 -0.20822 -0.28505 -1.1049 -0.088141 -0.065953 0.0010035 -0.018347 0.039284 0.022926 0.0019537 0.01417
-0.10858 -0.12614 -0.35755 -1.1022 -0.10292 -0.056601 0.013476 0.082086 -0.072494 0.0026663 -0.014775 0.0093526
-0.11246 -0.17791 -0.30464 -1.0752 -0.078205 -0.04096 -0.0038775 -0.051775 0.05291 0.026994 0.024711 0.015641
-0.10291 -0.18577 -0.32561 -1.086 -0.076456 -0.017267 0.0095486 -0.00786 -0.02097 -0.010796 0.001749 0.023692
-0.10754 -0.25125 -0.26584 -1.0784 -0.055154 -0.02563 -0.0046344 -0.065472 0.059761 0.0076101 0.021302 -0.0083629
-0.10047 -0.23752 -0.29568 -1.0891 -0.065474 -0.016872 0.007076 0.013725 -0.029839 -0.010623 -0.01032 0.0087576
-0.099629 -0.19179 -0.29871 -1.0813 -0.042078 -0.012269 0.000838 0.045728 -0.0030225 0.0077204 0.023396 0.0046036
-0.10163 -0.18661 -0.30421 -1.0645 -0.035518 -0.0060459 -0.0019982 0.0051779 -0.0055074 0.016795 0.0065596 0.0062227
-0.098458 -0.14474 -0.3091 -1.0311 -0.032777 0.0015137 0.0031686 0.041872 -0.0048821 0.033419 0.002741 0.0075596
-0.098418 -0.19971 -0.28174 -0.99875 -0.052127 -0.0061696 3.9874e-05 -0.054966 0.027353 0.032362 -0.01935 -0.0076833
-0.086258 -0.16826 -0.29385 -0.98163 -0.10723 -0.033618 0.01216 0.031452 -0.01211 0.01712 -0.055106 -0.027449
-0.084405 -0.15474 -0.31564 -0.93507 -0.11257 -0.040179 0.0018535 0.013518 -0.021784 0.046562 -0.0053332 -0.0065611
-0.080687 -0.13201 -0.31451 -0.93518 -0.14647 -0.051391 0.0037181 0.022733 0.0011304 -0.00011018 -0.033902 -0.011211
-0.084048 -0.13895 -0.3231 -0.88892 -0.11204 -0.036192 -0.0033611 -0.0069401 -0.0085907 0.046262 0.034424 0.015199
-0.083617 -0.15466 -0.27699 -0.92331 -0.099566 -0.019026 0.00043104 -0.01571 0.046111 -0.034387 0.012478 0.017166
-0.090009 -0.17491 -0.26309 -0.9513 -0.068056 -0.0017423 -0.0063924 -0.020251 0.013895 -0.027991 0.03151 0.017283
-0.089906 -0.15548 -0.27086 -0.97027 -0.057776 0.01056 0.00010275 0.019428 -0.0077655 -0.018969 0.01028 0.012302
-0.098487 -0.20622 -0.25475 -0.98616 -0.055463 0.008134 -0.0085809 -0.050744 0.016105 -0.015895 0.0023126 -0.0024259
-0.095883 -0.1998 -0.26613 -0.94586 -0.053698 0.0085716 0.0026047 0.0064277 -0.011382 0.040307 0.0017656 0.00043758
-0.099644 -0.23586 -0.21978 -0.94875 -0.022371 -0.0062754 -0.0037612 -0.036067 0.046349 -0.0028955 0.031326 -0.014847
-0.096568 -0.15259 -0.27632 -0.8864 -0.030639 -0.00085635 0.003076 0.083275 -0.056531 0.062346 -0.0082676 0.0054191
-0.096299 -0.21153 -0.2559 -0.9574 -0.016689 -8.2187e-05 0.00026894 -0.058939 0.020414 -0.070993 0.01395 0.00077416
-0.089815 -0.12148 -0.32309 -0.84481 -0.050758 -0.0010979 0.0064837 0.090041 -0.067193 0.11258 -0.03407 -0.0010157
-0.083183 -0.15351 -0.28905 -0.86192 -0.061713 0.008145 0.0066323 -0.032021 0.034047 -0.017106 -0.010955 0.0092428
-0.084125 -0.043573 -0.3087 -0.82124 -0.066292 0.0012698 -0.00094187 0.10993 -0.019647 0.040677 -0.0045792 -0.0068752
-0.081972 -0.053339 -0.31713 -0.81857 -0.083735 0.013407 0.002153 -0.0097667 -0.0084306 0.0026746 -0.017442 0.012137
-0.09024 -0.14606 -0.2678 -1.0236 -0.071535 0.029302 -0.0082686 -0.092717 0.049328 -0.20503 0.0122 0.015895
-0.081881 -0.15788 -0.29674 -0.9661 -0.07715 0.039411 0.008359 -0.011819 -0.028941 0.057496 -0.0056149 0.010109
-0.081421 -0.19258 -0.23894 -1.0913 -0.078239 0.047383 0.00046039 -0.034702 0.057794 -0.12515 -0.0010893 0.0079719
-0.072102 -0.085126 -0.29832 -0.92064 -0.086732 0.041601 0.0093188 0.10745 -0.05938 0.17061 -0.0084936 -0.0057815
-0.075388 -0.092277 -0.27012 -0.94124 -0.11214 0.037894 -0.0032859 -0.007151 0.028206 -0.020594 -0.025406 -0.0037067
-0.077661 -0.063706 -0.32994 -0.80241 -0.11767 0.040474 -0.0022733 0.028571 -0.059822 0.13882 -0.0055334 0.0025801
-0.084552 -0.051817 -0.32001 -0.79018 -0.12031 0.039252 -0.006891 0.01189 0.0099272 0.01223 -0.002633 -0.0012222
-0.088592 -0.058966 -0.29629 -0.69948 -0.12144 0.029318 -0.0040399 -0.0071493 0.02372 0.090702 -0.0011337 -0.0099345
-0.082102 -0.046421 -0.26542 -0.72813 -0.10812 0.031391 0.0064906 0.012545 0.03087 -0.028649 0.01332 0.0020733
-0.082563 -0.11182 -0.16527 -0.73342 -0.11903 0.03058 -0.00046173 -0.0654 0.10015 -0.0052931 -0.010914 -0.00081054
-0.073976 -0.080475 -0.21361 -0.81349 -0.10301 0.049448 0.0085869 0.031346 -0.048334 -0.080068 0.016021 0.018868
-0.081057 -0.022829 -0.21273 -0.77784 -0.10958 0.05432 -0.0070804 0.057645 0.0008832 0.035647 -0.0065683 0.0048723
-0.082476 -0.061596 -0.24333 -0.8272 -0.10616 0.058101 -0.0014188 -0.038766 -0.030606 -0.049357 0.0034161 0.003781
-0.083106 -0.029945 -0.23719 -0.76233 -0.10692 0.05272 -0.00063024 0.031651 0.0061421 0.064872 -0.00075532 -0.0053815
-0.079984 -0.099935 -0.17499 -0.73854 -0.11346 0.05129 0.0031216 -0.06999 0.062196 0.023793 -0.0065387 -0.0014296
-0.072375 -0.034095 -0.19145 -0.72003 -0.10011 0.050225 0.0076095 0.06584 -0.016459 0.018503 0.013344 -0.0010648
-0.069628 0.013709 -0.21151 -0.67213 -0.10211 0.053533 0.0027465 0.047805 -0.02006 0.047907 -0.001996 0.0033074
-0.07103 -0.013791 -0.22794 -0.72939 -0.089774 0.055333 -0.0014017 -0.027501 -0.016426 -0.057262 0.012336 0.0017996
-0.073026 -0.016334 -0.24667 -0.68864 -0.095196 0.053057 -0.0019955 -0.0025428 -0.018729 0.040748 -0.0054215 -0.0022757
-0.069858 -0.074556 -0.17792 -0.74396 -0.085946 0.057344 0.0031681 -0.058222 0.068743 -0.055319 0.0092496 0.0042872
-0.059316 -0.024844 -0.19684 -0.66638 -0.085348 0.051274 0.010542 0.049712 -0.018919 0.077582 0.00059872 -0.0060698
-0.045902 0.017133 -0.20259 -0.70496 -0.07736 0.061648 0.013414 0.041977 -0.0057496 -0.038585 0.007988 0.010374
-0.032943 0.009365 -0.23851 -0.64095 -0.090488 0.057811 0.012959 -0.0077679 -0.035918 0.064013 -0.013129 -0.0038368
-0.027504 0.014874 -0.25101 -0.658 -0.094382 0.060066 0.0054389 0.0055086 -0.012504 -0.017053 -0.003894 0.0022549
-0.022305 -0.040715 -0.20242 -0.6934 -0.10218 0.055017 0.0051988 -0.055589 0.048598 -0.035398 -0.0078014 -0.0050486
-0.026761 0.0033583 -0.22848 -0.66948 -0.098703 0.045956 -0.0044558 0.044073 -0.026068 0.023924 0.0034805 -0.0090619
-0.029104 0.036128 -0.23136 -0.70048 -0.092915 0.036909 -0.0023423 0.03277 -0.0028733 -0.031001 0.0057882 -0.0090468
-0.036005 0.0015102 -0.26509 -0.60687 -0.091215 0.038995 -0.006901 -0.034618 -0.033732 0.09361 0.0017 0.0020859
-0.030857 0.0044634 -0.23656 -0.6749 -0.10613 0.033342 0.0051477 0.0029532 0.028532 -0.068032 -0.014911 -0.0056532
-0.030906 -0.070508 -0.22547 -0.60909 -0.097962 0.034651 -4.8802e-05 -0.074971 0.011088 0.065815 0.0081638 0.0013097
-0.031616 -0.026606 -0.20708 -0.68817 -0.11553 0.034824 -0.00071022 0.043901 0.018385 -0.079088 -0.017572 0.00017286
-0.037535 -0.010622 -0.23629 -0.52263 -0.089503 0.022343 -0.0059193 0.015984 -0.029205 0.16554 0.026031 -0.012481
-0.044413 -0.003994 -0.2354 -0.50848 -0.084254 0.039353 -0.0068775 0.0066278 0.00089381 0.014155 0.0052493 0.017009
-0.046202 -0.014302 -0.22362 -0.42231 -0.070891 0.024081 -0.0017897 -0.010308 0.011776 0.086173 0.013363 -0.015272
-0.044323 0.0044163 -0.21916 -0.42426 -0.071047 0.02964 0.001879 0.018719 0.0044646 -0.0019579 -0.00015596 0.0055592
-0.047471 0.020358 -0.18475 -0.40697 -0.062639 0.022031 -0.0031475 0.015942 0.034402 0.017298 0.0084077 -0.0076095
-0.039643 0.042854 -0.19977 -0.47229 -0.072557 0.039857 0.0078279 0.022496 -0.015014 -0.065321 -0.0099179 0.017826
-0.038266 -0.01148 -0.19324 -0.50633 -0.053316 0.044853 0.0013765 -0.054334 0.0065285 -0.034045 0.01924 0.0049958
-0.042455 -0.075131 -0.20539 -0.57623 -0.05407 0.060959 -0.0041889 -0.063651 -0.012153 -0.069894 -0.00075397 0.016106
-0.029328 -0.14247 -0.14069 -0.5738 -0.041596 0.052407 0.013127 -0.067338 0.0647 0.0024233 0.012475 -0.0085518
-0.0028729 -0.14779 -0.14669 -0.54524 -0.041253 0.069538 0.026455 -0.0053195 -0.0060018 0.028558 0.00034305 0.017131
0.02122 -0.30156 -0.10954 -0.81404 -0.026019 0.08454 0.024093 -0.15377 0.037153 -0.2688 0.015234 0.015002
0.033831 -0.29811 -0.20169 -0.9391 -0.029065 0.090689 0.012611 0.0034475 -0.092146 -0.12506 -0.0030464 0.0061482
-0.0050651 -0.41663 -0.23269 -1.2604 0.02743 0.077742 -0.038896 -0.11852 -0.031001 -0.32128 0.056495 -0.012947
-0.026168 -0.29589 -0.22251 -1.198 0.024655 0.066051 -0.021103 0.12074 0.010182 0.06242 -0.0027753 -0.011691
-0.031288 -0.3221 -0.18686 -1.3012 0.075694 0.063726 -0.0051205 -0.026202 0.035646 -0.10328 0.051039 -0.0023253
-0.033199 -0.27574 -0.16919 -1.1743 0.054181 0.074305 -0.0019108 0.046357 0.017673 0.12694 -0.021513 0.010579
-0.038513 -0.29366 -0.14854 -1.1705 0.064759 0.093699 -0.0053141 -0.017926 0.020648 0.0038255 0.010578 0.019394
-0.015477 -0.22429 -0.17324 -1.1044 0.05969 0.029729 0.023036 0.069377 -0.024701 0.066095 -0.0050688 -0.06397
0.0070587 -0.22114 -0.12533 -1.1263 0.05856 0.014532 0.022536 0.0031428 0.047906 -0.021938 -0.0011302 -0.015198
0.058068 -0.26517 -0.053709 -1.3618 0.077557 -0.06392 0.05101 -0.044031 0.071625 -0.23547 0.018998 -0.078452
0.038615 -0.36932 -0.048453 -1.4412 0.051191 -0.021513 -0.019453 -0.10415 0.0052553 -0.079423 -0.026366 0.042407
-0.023577 -0.37835 0.0043385 -1.547 0.048869 0.018866 -0.062192 -0.0090243 0.052792 -0.10576 -0.0023217 0.040379
-0.068683 -0.36228 -0.057098 -1.4233 0.02367 0.066115 -0.045105 0.016072 -0.061436 0.12367 -0.025199 0.047249
-0.099039 -0.30371 -0.061081 -1.3524 0.029542 0.090231 -0.030356 0.058565 -0.0039834 0.070916 0.0058722 0.024116
-0.090252 -0.23972 -0.093678 -1.2383 0.011517 0.068955 0.0087865 0.063988 -0.032597 0.11412 -0.018026 -0.021276
-0.091013 -0.22772 -0.077393 -1.1967 0.020941 0.065627 -0.00076093 0.012 0.016285 0.041565 0.009424 -0.0033283
-0.10338 -0.15089 -0.086119 -1.0891 -0.01629 0.063725 -0.012364 0.076836 -0.0087264 0.10764 -0.037231 -0.0019017
-0.11367 -0.17171 -0.050425 -1.0584 0.010284 0.078767 -0.01029 -0.02082 0.035695 0.030669 0.026574 0.015043
-0.11343 -0.21523 -0.045903 -0.99702 -0.0077146 0.085859 0.0002358 -0.043518 0.004522 0.061392 -0.017998 0.0070914
-0.11191 -0.23051 -0.04175 -0.97677 0.00072289 0.090548 0.0015163 -0.015281 0.0041527 0.020253 0.0084375 0.0046888
-0.10542 -0.2503 -0.027558 -0.96039 -0.014576 0.086753 0.006497 -0.019794 0.014192 0.016371 -0.015299 -0.0037951
-0.10543 -0.19309 -0.058246 -0.94444 -0.018359 0.087656 -1.4802e-05 0.057211 -0.030687 0.015957 -0.0037827 0.00090354
-0.10488 -0.17808 -0.034521 -0.92518 -0.031701 0.083231 0.00055741 0.01501 0.023724 0.019258 -0.013343 -0.0044248
-0.10887 -0.21633 -0.025398 -0.9328 -0.012252 0.089686 -0.0039914 -0.038254 0.0091232 -0.0076226 0.01945 0.0064545
-0.10749 -0.22441 -0.0041623 -0.9392 -0.031529 0.082167 0.001378 -0.0080724 0.021236 -0.0063952 -0.019277 -0.0075185
-0.10847 -0.24736 0.019508 -0.96778 -0.011962 0.088835 -0.00097844 -0.022957 0.02367 -0.028584 0.019566 0.006668
-0.10849 -0.19767 -0.013445 -0.97206 -0.019485 0.089441 -2.0723e-05 0.049692 -0.032952 -0.0042818 -0.0075221 0.0006058
-0.10203 -0.22354 0.0011191 -0.95018 -0.023647 0.071899 0.0064549 -0.02587 0.014564 0.021888 -0.0041629 -0.017542
-0.10069 -0.21408 -0.018277 -0.96327 -0.022478 0.077426 0.0013401 0.0094567 -0.019396 -0.013093 0.0011693 0.0055263
-0.10434 -0.27316 -0.006084 -0.93411 0.002424 0.06583 -0.0036443 -0.059079 0.012193 0.029156 0.024902 -0.011595
-0.09654 -0.21711 -0.0022939 -0.94272 0.026554 0.062053 0.0077973 0.056053 0.0037901 -0.0086051 0.02413 -0.0037769
-0.097275 -0.22894 0.0099584 -0.93738 0.091706 0.0057613 -0.00073554 -0.011831 0.012252 0.00534 0.065152 -0.056292
-0.08136 -0.16925 0.018084 -0.97817 0.09335 -0.042241 0.015915 0.05969 0.0081258 -0.040793 0.0016438 -0.048002
-0.076083 -0.21726 0.063627 -0.99944 0.11204 -0.091147 0.0052766 -0.04801 0.045543 -0.02127 0.018689 -0.048906
-0.093701 -0.18034 -0.008974 -0.98046 0.093042 -0.053724 -0.017618 0.036923 -0.072601 0.018985 -0.018997 0.037423
-0.094874 -0.14502 -0.038916 -0.8586 0.056462 -0.030646 -0.0011728 0.035315 -0.029943 0.12186 -0.03658 0.023079
-0.11011 -0.03494 -0.098597 -0.79212 0.029286 0.012323 -0.015233 0.11008 -0.059681 0.066483 -0.027176 0.042969
-0.086475 -0.015241 -0.083634 -0.77561 -0.025005 0.020397 0.023632 0.019699 0.014963 0.016501 -0.05429 0.0080739
-0.08343 -0.049177 0.021407 -0.88047 -0.018037 0.048066 0.003045 -0.033936 0.10504 -0.10486 0.0069673 0.027669
-0.06747 -0.14336 0.040932 -0.91699 -0.015494 0.055589 0.01596 -0.09418 0.019525 -0.036521 0.0025431 0.0075223
-0.088946 -0.14968 0.055378 -0.99671 0.00025729 0.07516 -0.021476 -0.0063235 0.014447 -0.079714 0.015752 0.019572
-0.092141 -0.14923 0.006638 -0.94308 0.015105 0.067812 -0.0031953 0.00045168 -0.04874 0.053625 0.014847 -0.007348
-0.10683 -0.144 -0.0082267 -1.0083 -0.029172 0.061987 -0.014686 0.0052237 -0.014865 -0.065224 -0.044277 -0.005825
-0.095787 -0.19301 -0.012354 -1.0438 -0.0099349 0.068921 0.01104 -0.049009 -0.0041269 -0.035527 0.019237 0.006934
-0.094075 -0.25797 -0.001978 -1.1176 -0.028249 0.063959 0.0017116 -0.064955 0.010376 -0.073739 -0.018314 -0.0049624
-0.094552 -0.30911 -0.018265 -1.2834 0.027309 0.070583 -0.00047708 -0.051139 -0.016287 -0.16579 0.055558 0.0066246
-0.11544 -0.32996 -0.01401 -1.3985 0.076821 0.072872 -0.020889 -0.020853 0.0042551 -0.11516 0.049512 0.0022887
-0.124 -0.35688 -0.01159 -1.5326 0.09644 0.070849 -0.0085575 -0.026922 0.0024192 -0.13404 0.019619 -0.0020232
-0.13439 -0.28845 -0.011171 -1.4846 0.10873 0.077797 -0.010392 0.068431 0.00041918 0.047996 0.012294 0.0069478
-0.12464 -0.32979 0.022463 -1.4498 0.089357 0.082464 0.0097488 -0.041341 0.033635 0.034761 -0.019377 0.0046668
-0.12196 -0.28778 0.038917 -1.3507 0.079203 0.087354 0.0026794 0.042015 0.016454 0.09912 -0.010154 0.0048902
-0.11827 -0.36654 0.090437 -1.3806 0.080661 0.093466 0.0036921 -0.078758 0.051519 -0.029893 0.0014582 0.0061125
-0.11454 -0.33993 0.061096 -1.4123 0.064048 0.095621 0.0037251 0.026603 -0.02934 -0.031741 -0.016613 0.0021543
-0.11832 -0.34284 0.041054 -1.4077 0.062732 0.10346 -0.003777 -0.0029096 -0.020042 0.0046489 -0.0013163 0.0078444
-0.11499 -0.33535 -0.0037992 -1.4699 0.060774 0.11325 0.0033343 0.0074927 -0.044853 -0.062269 -0.0019574 0.0097841
-0.1186 -0.35887 -0.0021178 -1.4224 0.066798 0.11266 -0.0036153 -0.023517 0.0016814 0.047495 0.0060236 -0.00059152
-0.11599 -0.34392 0.0064134 -1.4768 0.065504 0.11106 0.002611 0.014945 0.0085312 -0.054332 -0.001294 -0.0015947
-0.11476 -0.36026 0.0092806 -1.4564 0.066947 0.090856 0.0012347 -0.016339 0.0028672 0.02036 0.0014433 -0.020206
-0.11656 -0.34386 0.0088089 -1.4996 0.066569 0.10159 -0.0018014 0.016397 -0.00047172 -0.043205 -0.00037831 0.010732
-0.11626 -0.34381 0.011008 -1.4569 0.067635 0.10395 0.00030285 5.5243e-05 0.0021987 0.042723 0.0010657 0.0023617
-0.10736 -0.31779 0.035974 -1.4593 0.064028 0.11916 0.0088955 0.026023 0.024966 -0.0023855 -0.0036072 0.015206
-0.09959 -0.30645 0.061197 -1.4851 0.073092 0.11706 0.0077706 0.011336 0.025223 -0.025819 0.0090645 -0.0020952
-0.085342 -0.29337 0.072744 -1.5148 0.071272 0.11385 0.014247 0.013081 0.011547 -0.029732 -0.0018205 -0.0032108
-0.091462 -0.39496 0.075611 -1.6064 0.097845 0.1148 -0.0061199 -0.10159 0.0028672 -0.09159 0.026573 0.00095544
-0.09912 -0.35599 0.021249 -1.5162 0.099456 0.12082 -0.0076582 0.038973 -0.054362 0.090217 0.0016107 0.0060188
-0.11542 -0.37472 -0.0012076 -1.4759 0.1104 0.11818 -0.016301 -0.018737 -0.022457 0.040299 0.010942 -0.0026466
-0.13014 -0.34365 -0.012833 -1.4242 0.1303 0.1131 -0.014715 0.031072 -0.011626 0.051743 0.019903 -0.0050759
-0.12579 -0.31061 0.016372 -1.4382 0.12413 0.10399 0.0043492 0.033044 0.029205 -0.014076 -0.0061675 -0.0091068
-0.12753 -0.3385 0.035318 -1.4405 0.13055 0.096091 -0.0017397 -0.027888 0.018946 -0.0023019 0.0064129 -0.0079035
-0.11165 -0.23211 -0.0017925 -1.402 0.096739 0.088239 0.015872 0.10639 -0.037111 0.038529 -0.033807 -0.0078522
-0.11526 -0.29701 0.0043979 -1.3585 0.079383 0.083314 -0.003609 -0.064897 0.0061904 0.043468 -0.017356 -0.0049241
-0.10834 -0.2436 -0.014149 -1.3353 0.054879 0.078871 0.0069232 0.053412 -0.018547 0.023248 -0.024503 -0.0044434
-0.11025 -0.31921 0.035562 -1.3321 0.046934 0.075075 -0.001906 -0.075615 0.049711 0.0031583 -0.0079454 -0.003796
-0.10559 -0.21402 -0.011191 -1.3028 0.041976 0.087644 0.0046574 0.10519 -0.046753 0.029286 -0.0049579 0.012569
-0.10516 -0.27393 0.01608 -1.2983 0.040471 0.080677 0.00042647 -0.059911 0.027271 0.0045 -0.0015049 -0.0069672
-0.10541 -0.25334 -0.0089569 -1.3044 0.045808 0.1033 -0.00025181 0.020588 -0.025037 -0.0060563 0.0053368 0.022618
-0.09961 -0.34306 0.054252 -1.338 0.045528 0.090875 0.0058038 -0.08972 0.063209 -0.033551 -0.00028051 -0.01242
-0.095443 -0.26336 0.0043952 -1.2955 0.045159 0.10621 0.0041676 0.079702 -0.049857 0.042452 -0.00036879 0.015331
-0.087864 -0.26647 0.016112 -1.3025 0.041531 0.10298 0.0075785 -0.0031079 0.011717 -0.007021 -0.003628 -0.0032224
-0.08885 -0.24847 -0.022213 -1.2846 0.04636 0.12367 -0.00098598 0.017997 -0.038326 0.017882 0.0048295 0.020681
-0.090561 -0.26624 0.0044736 -1.2484 0.040133 0.11791 -0.0017107 -0.017768 0.026687 0.036221 -0.0062272 -0.005753
-0.088118 -0.2799 -0.018345 -1.3533 0.053485 0.13809 0.0024426 -0.013661 -0.022819 -0.10484 0.013352 0.020177
-0.090445 -0.26546 -0.019103 -1.3315 0.066588 0.12416 -0.0023273 0.014442 -0.00075758 0.021715 0.013103 -0.013927
-0.083486 -0.34616 -0.0097123 -1.5493 0.09959 0.14743 0.0069591 -0.080703 0.0093904 -0.2178 0.033002 0.023271
-0.094453 -0.41701 0.039141 -1.5843 0.12252 0.13764 -0.010967 -0.070849 0.048854 -0.034907 0.022931 -0.0097903
-0.097011 -0.45202 0.06074 -1.6271 0.14389 0.15433 -0.0025577 -0.035009 0.021599 -0.042823 0.021365 0.016686
-0.10608 -0.41328 0.026643 -1.5816 0.13412 0.146 -0.0090706 0.038736 -0.034097 0.045494 -0.0097687 -0.0083341
-0.11111 -0.41009 0.010044 -1.558 0.15137 0.14897 -0.0050248 0.0031905 -0.016598 0.023586 0.017251 0.0029732
-0.11312 -0.39344 -0.0035734 -1.5214 0.13239 0.13448 -0.0020172 0.016652 -0.013618 0.036603 -0.01898 -0.014487
-0.11622 -0.45083 0.037764 -1.5798 0.14264 0.13278 -0.0031001 -0.057389 0.041338 -0.058391 0.010251 -0.001706
-0.1224 -0.42115 0.04916 -1.5457 0.12799 0.12237 -0.0061736 0.029676 0.011396 0.034069 -0.014646 -0.010401
-0.11865 -0.40227 0.020705 -1.5823 0.12679 0.12918 0.00375 0.018889 -0.028455 -0.036547 -0.0012037 0.0068044
-0.12897 -0.38364 0.014248 -1.5475 0.1274 0.1099 -0.010326 0.018623 -0.0064573 0.034736 0.00061354 -0.019274
-0.11771 -0.4106 0.0053791 -1.548 0.1306 0.12635 0.011259 -0.026955 -0.0088691 -0.00045894 0.003194 0.016445
-0.12385 -0.41788 0.043851 -1.5596 0.13431 0.11519 -0.0061365 -0.0072859 0.038472 -0.011618 0.0037128 -0.011161
-0.11205 -0.44669 0.052333 -1.5815 0.14568 0.13585 0.011796 -0.02881 0.0084815 -0.021944 0.011371 0.02066
-0.11443 -0.38515 0.034768 -1.5607 0.13622 0.13112 -0.0023739 0.06154 -0.017565 0.020842 -0.0094639 -0.0047337
-0.11074 -0.40323 0.032208 -1.5644 0.16222 0.13709 0.0036841 -0.018074 -0.0025597 -0.0037359 0.026005 0.005975
-0.11934 -0.43874 0.077175 -1.5136 0.15753 0.15175 -0.0085978 -0.035508 0.044967 0.050795 -0.0046964 0.014662
-0.11367 -0.42292 0.037637 -1.5063 0.16639 0.14217 0.0056684 0.015818 -0.039538 0.007323 0.0088672 -0.0095794
-0.10802 -0.36677 0.013941 -1.3841 0.14629 0.13091 0.0056573 0.056145 -0.023696 0.12223 -0.020101 -0.011265
-0.083019 -0.21617 -0.14602 -1.2445 0.10059 0.087112 0.024998 0.1506 -0.15996 0.13959 -0.045701 -0.043796
-0.05591 -0.15281 -0.17052 -1.2464 0.071174 0.060421 0.027109 0.063359 -0.024493 -0.0019402 -0.029416 -0.02669
-0.052787 -0.06629 -0.20077 -0.95635 0.0032957 0.036531 0.0031229 0.086521 -0.030258 0.29008 -0.067879 -0.023891
-0.056422 -0.11173 -0.13175 -1.1227 0.017897 0.042602 -0.0036345 -0.045445 0.069019 -0.16634 0.014601 0.0060709
-0.079879 -0.027582 -0.30552 -0.91709 0.032839 0.0577 -0.023458 0.084152 -0.17376 0.2056 0.014942 0.015099
-0.12234 -0.2074 -0.24065 -1.3336 0.16011 0.079015 -0.042459 -0.17981 0.064868 -0.41654 0.12727 0.021315
-0.13827 -0.24287 -0.44478 -1.4891 0.24031 0.090306 -0.015934 -0.035469 -0.20413 -0.15545 0.080196 0.011291
-0.18667 -0.41998 -0.21077 -1.7574 0.32447 0.084022 -0.048398 -0.17711 0.23401 -0.26834 0.084158 -0.0062846
-0.18565 -0.40826 -0.19077 -1.7795 0.3194 0.077821 0.0010177 0.011719 0.020003 -0.022042 -0.0050693 -0.006201
-0.19383 -0.43466 -0.047247 -1.769 0.29914 0.081994 -0.0081792 -0.026403 0.14352 0.01048 -0.020259 0.0041732
-0.18715 -0.44185 -0.004012 -1.7215 0.27019 0.065998 0.0066801 -0.007184 0.043235 0.047526 -0.028943 -0.015996
-0.18052 -0.43689 -0.0051782 -1.653 0.25905 0.077654 0.0066297 0.0049558 -0.0011662 0.068424 -0.011146 0.011656
-0.18324 -0.41123 -0.010572 -1.641 0.2769 0.064812 -0.0027157 0.025658 -0.0053942 0.012086 0.017852 -0.012842
-0.18377 -0.36407 -0.0084839 -1.5826 0.28457 0.083246 -0.00053234 0.047161 0.0020885 0.058326 0.0076756 0.018434
-0.18149 -0.31344 -0.038638 -1.5795 0.29039 0.088418 0.0022816 0.050632 -0.030154 0.0031275 0.0058128 0.0051724
-0.18527 -0.33477 -0.034408 -1.5796 0.28075 0.079163 -0.003785 -0.021329 0.0042296 -8.8231e-05 -0.0096428 -0.0092548
-0.18657 -0.36293 -0.010243 -1.5528 0.2809 0.067891 -0.0012913 -0.028161 0.024165 0.026836 0.00015011 -0.011273
-0.1884 -0.36766 -0.0034233 -1.5837 0.27126 0.059082 -0.0018296 -0.0047274 0.00682 -0.030913 -0.0096326 -0.0088089
-0.19288 -0.38021 0.03962 -1.5722 0.28578 0.049112 -0.0044799 -0.012553 0.043043 0.011493 0.014517 -0.0099699
-0.18378 -0.25708 -0.0088418 -1.4982 0.26215 0.046903 0.0090991 0.12313 -0.048461 0.073998 -0.023632 -0.0022087
-0.18357 -0.27907 -0.0029418 -1.4853 0.27436 0.038576 0.00021078 -0.021985 0.0059 0.012905 0.012213 -0.0083276
-0.18752 -0.24385 -0.054016 -1.4333 0.27375 0.019883 -0.0039498 0.035216 -0.051074 0.051971 -0.00060574 -0.018692
-0.18283 -0.30407 0.0054199 -1.4116 0.24306 0.037705 0.0046822 -0.06022 0.059436 0.021664 -0.030698 0.017821
-0.1973 -0.28855 -0.028715 -1.363 0.25497 0.019495 -0.014471 0.015521 -0.034135 0.048681 0.011909 -0.01821
-0.17473 -0.20603 -0.0074628 -1.1873 0.17899 0.022163 0.022578 0.082517 0.021253 0.17562 -0.075972 0.002668
-0.18036 -0.22613 -0.052981 -1.1204 0.20312 0.01469 -0.0056355 -0.020096 -0.045518 0.066949 0.024131 -0.007473
-0.17214 -0.17575 -0.062585 -1.0978 0.18742 0.031034 0.0082201 0.050376 -0.0096037 0.022635 -0.015699 0.016344
-0.17662 -0.26524 -0.065449 -1.2242 0.2446 0.075292 -0.0044761 -0.089482 -0.002864 -0.12641 0.057171 0.044258
-0.18226 -0.27065 -0.052929 -1.4578 0.27783 0.11097 -0.0056468 -0.0054132 0.01252 -0.23363 0.033236 0.035682
-0.18002 -0.32735 -0.02366 -1.4967 0.29682 0.11196 0.0022482 -0.056696 0.029269 -0.038954 0.018986 0.00098322
-0.18507 -0.36013 0.02832 -1.5618 0.28728 0.10577 -0.0050587 -0.032788 0.05198 -0.06502 -0.0095415 -0.0061903
-0.18816 -0.35564 0.047066 -1.4207 0.26362 0.094477 -0.00309 0.004496 0.018746 0.14105 -0.023653 -0.01129
-0.18794 -0.31139 0.013221 -1.4256 0.2626 0.096822 0.00022399 0.044252 -0.033845 -0.0048782 -0.0010257 0.0023453
-0.18523 -0.32434 -0.010248 -1.4278 0.25583 0.10648 0.0027069 -0.012951 -0.023469 -0.0021717 -0.0067656 0.0096579
-0.17637 -0.36694 -0.0071171 -1.4545 0.26326 0.10323 0.0088661 -0.0426 0.0031306 -0.026689 0.0074279 -0.0032507
-0.18219 -0.4392 0.046038 -1.4547 0.26374 0.10773 -0.0058204 -0.072259 0.053156 -0.00028832 0.0004793 0.004505
-0.18636 -0.46145 0.10102 -1.3948 0.25381 0.1047 -0.0041728 -0.022251 0.05498 0.059955 -0.0099306 -0.0030366
-0.20505 -0.43739 0.11863 -1.4932 0.25082 0.087406 -0.018692 0.024061 0.017613 -0.098427 -0.0029919 -0.017292
-0.2059 -0.39389 0.10093 -1.4939 0.23991 0.076064 -0.00085176 0.043495 -0.017698 -0.00063483 -0.01091 -0.011342
-0.20608 -0.34511 0.11989 -1.5903 0.21302 0.061275 -0.00017207 0.048786 0.01896 -0.096449 -0.026882 -0.014789
-0.19592 -0.22833 0.036899 -1.384 0.21321 0.058326 0.010161 0.11678 -0.082995 0.2063 0.00018126 -0.0029494
-0.18523 -0.13499 0.023231 -1.2154 0.19599 0.076831 0.010687 0.093335 -0.013667 0.16864 -0.017211 0.018505
-0.17264 -0.17472 0.008562 -1.1285 0.20514 0.086702 0.012591 -0.039724 -0.014669 0.086859 0.0091485 0.0098701
-0.16857 -0.17474 0.013997 -1.0729 0.2104 0.10601 0.0040706 -2.7546e-05 0.0054351 0.055598 0.0052551 0.019309
-0.16602 -0.29499 0.082429 -1.1862 0.19924 0.1063 0.0025431 -0.12024 0.068432 -0.11334 -0.011154 0.00029344
-0.17086 -0.20166 0.0069635 -1.0862 0.18367 0.083641 -0.0048384 0.093327 -0.075466 0.10005 -0.01557 -0.022663
-0.16713 -0.17748 -0.018929 -1.0746 0.15694 0.080353 0.0037292 0.024179 -0.025892 0.011599 -0.026735 -0.0032883
-0.16464 -0.24069 -0.011909 -1.1 0.15313 0.090145 0.0024964 -0.063212 0.0070202 -0.025428 -0.0038076 0.0097924
-0.16233 -0.2459 0.0038826 -1.1786 0.16966 0.097379 0.002303 -0.0052082 0.015791 -0.078525 0.016527 0.0072345
-0.17436 -0.32468 0.087858 -1.2702 0.21877 0.12582 -0.012022 -0.078775 0.083976 -0.091689 0.049113 0.028439
-0.16736 -0.29647 0.065807 -1.4054 0.20914 0.11818 0.0069911 0.028205 -0.022051 -0.13514 -0.0096328 -0.007641
-0.17175 -0.23955 0.037772 -1.3768 0.23536 0.14182 -0.0043845 0.056919 -0.028036 0.02856 0.02622 0.023647
-0.1598 -0.34677 0.063727 -1.5234 0.18595 0.14603 0.011947 -0.10722 0.025955 -0.14656 -0.049412 0.0042045
-0.17292 -0.24782 0.03022 -1.3606 0.21152 0.13068 -0.013121 0.098957 -0.033507 0.16282 0.02557 -0.015344
-0.17615 -0.28737 0.069524 -1.3124 0.18158 0.10904 -0.0032285 -0.039559 0.039304 0.048157 -0.029941 -0.021642
-0.18378 -0.12577 -0.0047858 -1.1179 0.16846 0.060848 -0.0076324 0.1616 -0.07431 0.19455 -0.013111 -0.048195
-0.18337 -0.15605 -0.014956 -1.0557 0.15274 0.047202 0.00040885 -0.03028 -0.01017 0.062155 -0.015723 -0.013646
-0.18538 -0.18116 -0.012058 -1.0438 0.15342 0.05139 -0.0020072 -0.025109 0.0028976 0.011897 0.00067898 0.0041876
-0.19055 -0.23546 0.015634 -1.1014 0.16509 0.065483 -0.0051693 -0.054303 0.027692 -0.057595 0.011665 0.014093
-0.19117 -0.26893 0.052224 -1.1771 0.17018 0.089097 -0.00061829 -0.033461 0.03659 -0.075717 0.0050935 0.023614
-0.18696 -0.17417 0.0034062 -1.1406 0.14128 0.084602 0.00421 0.094753 -0.048817 0.036505 -0.028899 -0.0044947
-0.19345 -0.21695 0.032086 -1.1274 0.14026 0.071026 -0.006492 -0.042778 0.02868 0.013161 -0.0010193 -0.013577
-0.193 -0.17412 0.010061 -0.98599 0.13785 0.06074 0.00045205 0.042833 -0.022025 0.14146 -0.0024077 -0.010286
-0.19296 -0.20771 0.07528 -0.99883 0.15138 0.069383 3.6804e-05 -0.033591 0.06522 -0.012844 0.013522 0.0086429
-0.18379 -0.15926 0.059882 -0.93848 0.14673 0.081426 0.0091732 0.048447 -0.015399 0.060357 -0.0046466 0.012043
-0.17042 -0.12073 0.053884 -0.95455 0.16164 0.10989 0.013365 0.038527 -0.0059977 -0.016078 0.01491 0.028462
-0.17639 -0.13852 0.038633 -0.90215 0.14258 0.096749 -0.0059628 -0.017787 -0.015251 0.052409 -0.01906 -0.013138
-0.17522 -0.079822 0.047737 -0.87393 0.17472 0.071107 0.0011708 0.058699 0.0091038 0.028217 0.032136 -0.025642
-0.1702 -0.14916 0.082106 -0.85844 0.12633 0.066391 0.0050211 -0.069334 0.034369 0.015492 -0.048385 -0.004716
-0.15312 -0.07644 0.098991 -0.95235 0.17365 0.081218 0.01708 0.072717 0.016885 -0.093913 0.047317 0.014826
-0.15811 -0.22667 0.11107 -1.0886 0.19345 0.11982 -0.0049941 -0.15023 0.012076 -0.13628 0.019801 0.038598
-0.17121 -0.27255 0.13318 -1.2901 0.31002 0.15751 -0.013102 -0.045876 0.022116 -0.20147 0.11657 0.037695
-0.18884 -0.28995 0.13679 -1.2747 0.34293 0.14673 -0.017632 -0.0174 0.003601 0.015394 0.032918 -0.010781
-0.18852 -0.25781 0.17689 -1.1645 0.34689 0.13528 0.00031919 0.032135 0.040102 0.11022 0.0039607 -0.011453
-0.17445 -0.093802 0.12796 -0.86945 0.29265 0.1058 0.014074 0.16401 -0.04893 0.29503 -0.054241 -0.029474
-0.18313 -0.038553 0.10794 -0.74783 0.23814 0.074969 -0.0086771 0.055249 -0.020015 0.12163 -0.054513 -0.030833
-0.18567 -0.0018085 0.05133 -0.63266 0.23934 0.054299 -0.0025402 0.036744 -0.056613 0.11517 0.0012033 -0.02067
-0.18967 0.019463 0.095253 -0.66151 0.20537 0.037836 -0.004006 0.021271 0.043923 -0.028855 -0.033971 -0.016463
-0.18129 -0.0015161 0.14326 -0.56922 0.22079 0.021935 0.0083807 -0.020979 0.048011 0.092291 0.015414 -0.0159
-0.16592 0.04216 0.20493 -0.52958 0.18682 0.014047 0.01537 0.043676 0.061666 0.039646 -0.033971 -0.0078877
-0.1664 0.08301 0.1691 -0.50357 0.18935 0.017049 -0.00047563 0.04085 -0.035828 0.02601 0.0025292 0.0030013
-0.16213 0.059683 0.14594 -0.54338 0.17435 0.021851 0.0042728 -0.023327 -0.023157 -0.039818 -0.014994 0.0048026
-0.16235 0.046784 0.12871 -0.62001 0.16622 0.040619 -0.00022641 -0.012899 -0.017233 -0.076627 -0.0081354 0.018767
-0.16394 -0.0039129 0.17765 -0.6522 0.1672 0.036553 -0.0015853 -0.050697 0.04894 -0.032184 0.00098352 -0.0040658
-0.16571 0.021917 0.19881 -0.6532 0.1597 0.02728 -0.0017728 0.02583 0.021157 -0.0010072 -0.007496 -0.0092732
-0.17196 0.072441 0.18057 -0.65163 0.16523 0.028971 -0.0062496 0.050524 -0.018242 0.0015677 0.0055286 0.001691
-0.17596 0.069443 0.12678 -0.66113 0.16985 0.030871 -0.0040034 -0.0029986 -0.053783 -0.0094963 0.0046199 0.0019005
-0.17531 0.028017 0.11378 -0.7219 0.18929 0.048975 0.00065184 -0.041426 -0.013003 -0.060769 0.019432 0.018104
-0.17473 0.020323 0.11617 -0.74445 0.18786 0.050738 0.00057627 -0.0076935 0.0023936 -0.022553 -0.0014259 0.0017634
-0.17898 0.0057436 0.14445 -0.70207 0.18391 0.037267 -0.0042499 -0.01458 0.028273 0.042387 -0.003949 -0.013471
-0.16803 0.072798 0.13647 -0.63979 0.14856 0.030144 0.010956 0.067055 -0.0079732 0.062272 -0.03535 -0.0071228
-0.1893 0.014487 0.12205 -0.61577 0.16506 0.01592 -0.021268 -0.058311 -0.014426 0.024025 0.016495 -0.014224
-0.1774 0.026538 0.10857 -0.68353 0.17484 0.023686 0.011894 0.012051 -0.013479 -0.067767 0.0097825 0.0077657
-0.19977 -0.013857 0.10782 -0.74327 0.20335 0.022214 -0.022367 -0.040395 -0.00074841 -0.059731 0.028511 -0.0014711
-0.19049 0.043477 0.08776 -0.73872 0.20208 0.019218 0.0092792 0.057334 -0.02006 0.0045425 -0.0012735 -0.0029963
-0.18732 0.034479 0.088932 -0.68129 0.15871 0.013383 0.0031732 -0.0089977 0.0011717 0.057435 -0.043365 -0.005835
-0.18265 0.037518 0.088068 -0.63055 0.14248 0.001192 0.0046732 0.0030389 -0.00086409 0.050742 -0.016226 -0.012191
-0.1744 -0.0059369 0.1284 -0.62489 0.10542 -0.0073472 0.0082443 -0.043455 0.040334 0.0056584 -0.037066 -0.0085392
-0.17261 -0.0083366 0.18004 -0.6296 0.12668 -0.0076116 0.0017866 -0.0023997 0.051633 -0.0047124 0.021258 -0.00026442
-0.16883 0.034152 0.17495 -0.59253 0.12342 -0.025058 0.003785 0.042489 -0.0050847 0.037074 -0.0032564 -0.017446
-0.16958 0.066907 0.1606 -0.59647 0.15275 0.037395 -0.00074809 0.032755 -0.014349 -0.0039376 0.029329 0.062452
-0.16696 0.050722 0.10191 -0.66412 0.14981 0.044135 0.0026204 -0.016185 -0.058695 -0.06765 -0.0029357 0.0067407
-0.17756 -0.074213 0.13558 -0.8864 0.1895 0.12884 -0.010599 -0.12494 0.033676 -0.22228 0.039691 0.0847
-0.16502 -0.14634 0.13191 -1.0868 0.18715 0.11509 0.012533 -0.072126 -0.0036754 -0.2004 -0.002359 -0.013743
-0.15963 -0.18669 0.19004 -1.2076 0.20165 0.11995 0.0053962 -0.040355 0.058132 -0.12081 0.0145 0.0048565
-0.15368 -0.090919 0.10931 -1.1136 0.18048 0.11035 0.0059447 0.095776 -0.080725 0.094053 -0.021164 -0.0095957
-0.1467 -0.078453 0.092366 -0.96539 0.16769 0.089021 0.0069841 0.012466 -0.016948 0.14817 -0.012793 -0.021332
-0.1685 -0.11604 0.061349 -0.84773 0.18823 0.099579 -0.021806 -0.037589 -0.031018 0.11766 0.020541 0.010558
-0.16356 -0.13275 0.088171 -0.86047 0.1953 0.080558 0.0049479 -0.016706 0.026822 -0.01274 0.0070674 -0.019021
-0.16756 -0.16912 0.13663 -0.9124 0.21787 0.088805 -0.0040025 -0.036376 0.048463 -0.051933 0.022572 0.0082472
-0.16808 -0.053057 0.10576 -0.97385 0.20993 0.081246 -0.00051882 0.11607 -0.030878 -0.061449 -0.0079381 -0.0075593
-0.1742 -0.081488 0.09892 -0.94384 0.22663 0.087655 -0.0061183 -0.028431 -0.0068359 0.030009 0.0167 0.006409
-0.18147 -0.068688 0.078633 -0.93489 0.2407 0.08507 -0.0072696 0.0128 -0.020287 0.0089485 0.01407 -0.0025847
-0.1773 -0.16498 0.068971 -1.0568 0.26245 0.11022 0.0041651 -0.096289 -0.0096614 -0.12194 0.021745 0.025146
-0.15457 -0.16477 0.06181 -0.98816 0.22495 0.094165 0.022728 0.00020738 -0.0071616 0.068673 -0.037493 -0.01605
-0.14794 -0.16574 0.084667 -0.89513 0.19817 0.094679 0.0066296 -0.00096625 0.022857 0.093029 -0.026785 0.00051384
-0.13024 -0.12842 0.024515 -0.97651 0.18333 0.11483 0.017707 0.037318 -0.060152 -0.08138 -0.014837 0.020155
-0.1267 -0.19307 0.077669 -1.1068 0.21348 0.13121 0.0035375 -0.06465 0.053154 -0.13025 0.030151 0.016379
-0.085747 -0.33863 -0.077447 -2.1387 0.26479 0.25695 0.040951 -0.14556 -0.15512 -1.032 0.051308 0.12574
-0.082365 -0.44085 -0.092605 -2.381 0.24224 0.22876 0.0033818 -0.10222 -0.015158 -0.24223 -0.022554 -0.028189
-0.056589 -0.55033 -0.12265 -2.7792 0.26265 0.28994 0.025777 -0.10948 -0.03005 -0.39822 0.020412 0.061182
-0.07673 -0.41111 -0.10158 -2.3802 0.2296 0.22462 -0.020141 0.13922 0.021072 0.39897 -0.033048 -0.065323
-0.082233 -0.42124 -0.0091739 -2.189 0.28057 0.22072 -0.0055029 -0.010131 0.092409 0.19124 0.050965 -0.0039044
-0.089311 -0.32967 -0.029587 -2.1374 0.28067 0.21942 -0.0070781 0.091567 -0.020413 0.051623 0.00010247 -0.0012918
-0.094919 -0.38825 -0.011217 -2.1735 0.28016 0.20057 -0.0056081 -0.058584 0.01837 -0.03614 -0.00050839 -0.018858
-0.091734 -0.43853 -0.010471 -2.2546 0.247 0.21393 0.0031853 -0.050278 0.00074547 -0.081079 -0.033155 0.013366
-0.085493 -0.36766 -0.023699 -2.1683 0.25994 0.21984 0.0062408 0.070869 -0.013228 0.086253 0.012937 0.0059094
-0.094023 -0.41353 -0.026741 -2.1655 0.24158 0.20073 -0.0085301 -0.045869 -0.0030416 0.0028764 -0.018365 -0.019113
-0.11708 -0.35134 -0.056212 -2.1235 0.43146 0.29127 -0.023055 0.06219 -0.029471 0.041964 0.18988 0.090546
-0.14225 -0.43003 -0.087818 -2.2269 0.4285 0.22847 -0.025174 -0.078689 -0.031606 -0.10344 -0.0029612 -0.062801
-0.16944 -0.44107 -0.099558 -2.3828 0.59603 0.31033 -0.027189 -0.011039 -0.01174 -0.15583 0.16754 0.081859
-0.17099 -0.45766 -0.15933 -2.3676 0.45686 0.18294 -0.0015505 -0.016586 -0.059775 0.01521 -0.13917 -0.12739
-0.18066 -0.42951 -0.15299 -2.3912 0.4591 0.18422 -0.0096739 0.028149 0.0063419 -0.023658 0.0022333 0.0012785
-0.19079 -0.49761 -0.12111 -2.3022 0.40751 0.13774 -0.010129 -0.0681 0.031879 0.089037 -0.051589 -0.046475
-0.20843 -0.45866 -0.06172 -2.2536 0.42956 0.13669 -0.017632 0.038952 0.059392 0.048607 0.022049 -0.0010563
-0.20784 -0.5126 0.0092074 -2.2379 0.46577 0.15653 0.00058266 -0.05394 0.070927 0.015711 0.036216 0.019842
-0.20661 -0.42685 -0.035688 -2.185 0.44714 0.13023 0.0012367 0.085741 -0.044895 0.05285 -0.018638 -0.026298
-0.19146 -0.44732 -0.051827 -2.1681 0.42724 0.14123 0.015145 -0.020465 -0.016139 0.016894 -0.019897 0.010998
-0.19043 -0.4647 -0.062196 -2.1954 0.42364 0.13554 0.0010265 -0.01738 -0.010369 -0.027339 -0.003595 -0.0056861
-0.17897 -0.47145 -0.042997 -2.1414 0.38453 0.16951 0.011467 -0.0067497 0.019199 0.054089 -0.03911 0.03397
-0.16882 -0.45932 -0.0045762 -2.1412 0.40303 0.19418 0.010146 0.012133 0.038421 0.00019847 0.018495 0.024665
-0.15123 -0.46733 0.022537 -2.0804 0.36286 0.21499 0.01759 -0.0080155 0.027113 0.060713 -0.040166 0.020812
-0.14152 -0.43338 0.023723 -2.0757 0.37591 0.21745 0.0097152 0.033951 0.0011859 0.004738 0.013045 0.0024583
-0.1466 -0.47329 0.055717 -2.0747 0.3549 0.20403 -0.0050799 -0.039907 0.031994 0.0010169 -0.02101 -0.013415
-0.14601 -0.40192 0.010137 -2.0878 0.34911 0.18486 0.00058769 0.071371 -0.04558 -0.013135 -0.0057896 -0.019173
-0.15741 -0.44365 0.015175 -2.1058 0.34422 0.17638 -0.011401 -0.041734 0.0050384 -0.018002 -0.0048906 -0.0084781
-0.15616 -0.45983 0.00025042 -2.1475 0.32521 0.16544 0.0012447 -0.016175 -0.014925 -0.041671 -0.019011 -0.010944
-0.15651 -0.49977 0.02593 -2.1297 0.32445 0.16717 -0.00034422 -0.039941 0.02568 0.017824 -0.00075309 0.0017312
-0.16434 -0.45642 -0.011039 -2.1272 0.3042 0.16149 -0.0078311 0.043348 -0.036969 0.0024587 -0.020254 -0.0056802
-0.15784 -0.45825 -0.0069356 -2.1192 0.30006 0.15836 0.0065016 -0.0018256 0.0041037 0.0080532 -0.0041352 -0.0031254
-0.16401 -0.45097 -0.037819 -2.1037 0.29364 0.15137 -0.0061707 0.0072721 -0.030883 0.015468 -0.006426 -0.0069909
-0.15861 -0.46511 -0.002488 -2.1027 0.29977 0.14909 0.0053938 -0.01414 0.035331 0.0009839 0.006137 -0.0022786
-0.15048 -0.4592 -0.0023343 -2.1284 0.29131 0.16098 0.0081384 0.0059176 0.00015364 -0.025727 -0.0084663 0.011883
-0.15622 -0.39255 -0.0074759 -2.0957 0.30504 0.16927 -0.0057491 0.066646 -0.0051416 0.032719 0.013729 0.0082892
-0.14622 -0.47042 0.010644 -2.0892 0.29639 0.18832 0.010008 -0.077869 0.01812 0.006527 -0.0086487 0.019057
-0.15383 -0.48234 0.038113 -2.0551 0.30745 0.17676 -0.0076125 -0.011917 0.027469 0.034141 0.011066 -0.011561
-0.15938 -0.51552 0.047474 -1.9385 0.32318 0.17307 -0.0055475 -0.033182 0.0093613 0.11659 0.015724 -0.0036898
-0.16483 -0.45717 0.055345 -1.9771 0.3374 0.16137 -0.0054567 0.058349 0.0078712 -0.038623 0.014223 -0.011706
-0.18345 -0.41503 0.033297 -1.9341 0.34716 0.15691 -0.018619 0.042141 -0.022048 0.042947 0.0097552 -0.0044553
-0.17851 -0.3725 -0.0055836 -1.8753 0.35304 0.16215 0.0049453 0.042528 -0.038881 0.058795 0.0058822 0.0052398
-0.18179 -0.40844 0.014952 -1.9431 0.31672 0.1513 -0.0032786 -0.035939 0.020535 -0.067776 -0.036322 -0.010852
-0.18702 -0.40601 0.0082377 -1.8426 0.33079 0.15681 -0.0052342 0.0024276 -0.006714 0.10051 0.014068 0.0055155
-0.21074 -0.44012 0.068329 -1.8817 0.34219 0.15371 -0.023721 -0.03411 0.060092 -0.039062 0.011407 -0.0031095
