0.00012588 -0.0034598 0.00041113 0.00062327 0.00060105 4.3703e-05 0 0 0 0 0 0
0.0055236 0.026024 0.025013 0.0022908 -0.004704 -0.0042766 0.0053977 0.029484 0.024602 0.0016675 -0.005305 -0.0043203
0.019455 0.079904 0.035276 -0.002224 -0.0099814 -0.015938 0.013931 0.05388 0.010263 -0.0045148 -0.0052774 -0.011661
0.021637 0.092623 0.066399 0.013088 -0.017361 -0.018833 0.0021826 0.012718 0.031123 0.015312 -0.0073799 -0.0028951
0.028156 0.12408 0.067923 0.012264 -0.018149 -0.022964 0.006519 0.031458 0.0015237 -0.00082347 -0.00078787 -0.0041306
0.0237 0.13007 0.11113 0.0073852 -0.023148 -0.022026 -0.0044564 0.0059909 0.043204 -0.0048793 -0.004999 0.00093752
0.019583 0.12113 0.098667 0.0098266 -0.018976 -0.017151 -0.0041169 -0.0089454 -0.012461 0.0024414 0.0041719 0.0048753
0.019651 0.15002 0.1047 -0.0080063 -0.020206 -0.024087 6.7738e-05 0.028894 0.0060325 -0.017833 -0.0012293 -0.006936
0.019139 0.11006 0.10272 0.0017432 -0.012718 -0.018579 -0.00051193 -0.039959 -0.0019787 0.0097495 0.0074879 0.005508
0.020259 0.12328 0.09998 -0.0064374 -0.0082491 -0.02372 0.00112 0.013224 -0.0027405 -0.0081806 0.0044687 -0.0051417
0.019327 0.11775 0.1133 -0.012698 -0.0043971 -0.020239 -0.00093144 -0.0055385 0.01332 -0.0062605 0.003852 0.0034813
0.019572 0.12546 0.11696 0.0032134 -0.013152 -0.018955 0.0002445 0.0077161 0.0036576 0.015911 -0.0087544 0.0012842
0.016371 0.12322 0.1288 0.0023396 -0.006955 -0.018036 -0.0032004 -0.002245 0.011839 -0.00087389 0.0061965 0.0009187
0.017259 0.10938 0.14292 0.038923 -0.022152 -0.0064028 0.00088765 -0.013834 0.014119 0.036583 -0.015197 0.011633
0.012015 0.11487 0.1366 0.036228 -0.0055017 -0.0070329 -0.0052438 0.0054915 -0.0063117 -0.0026947 0.01665 -0.00063013
0.01659 0.12112 0.14547 0.035305 -0.01648 -0.0087272 0.0045754 0.0062491 0.0088701 -0.00092327 -0.010979 -0.0016943
0.015429 0.12991 0.13201 0.034247 -0.0079534 -0.013122 -0.0011617 0.008784 -0.013467 -0.0010574 0.008527 -0.0043943
0.022131 0.11469 0.1392 0.028077 -0.010215 -0.022835 0.0067027 -0.015214 0.0071905 -0.00617 -0.0022618 -0.0097131
0.022469 0.12134 0.12234 0.036948 -0.0054846 -0.021353 0.00033705 0.0066456 -0.01686 0.0088713 0.0047307 0.0014817
0.022347 0.1152 0.12551 0.026471 -0.0055198 -0.024527 -0.00012139 -0.0061427 0.0031724 -0.010478 -3.5252e-05 -0.003174
0.019294 0.12823 0.12737 0.018674 -0.0056184 -0.02287 -0.0030527 0.013038 0.001863 -0.0077973 -9.8576e-05 0.0016568
0.016903 0.12108 0.13746 0.013414 -0.01513 -0.022351 -0.0023915 -0.0071551 0.010084 -0.0052598 -0.0095112 0.00051955
0.014191 0.14551 0.13964 0.0085741 -0.018368 -0.020862 -0.0027116 0.024428 0.0021815 -0.0048397 -0.0032387 0.001489
0.017551 0.1256 0.13895 0.0056945 -0.018324 -0.023588 0.0033595 -0.019903 -0.00068463 -0.0028795 4.4148e-05 -0.0027265
0.016365 0.13883 0.14194 -0.0031271 -0.01421 -0.022094 -0.001186 0.013228 0.0029881 -0.0088216 0.0041138 0.0014946
0.018516 0.11902 0.1455 -0.0051975 -0.0092989 -0.022494 0.0021509 -0.019815 0.0035597 -0.0020704 0.0049115 -0.00040092
0.017534 0.14127 0.1354 -0.003409 -0.0070167 -0.021111 -0.00098193 0.022249 -0.010104 0.0017884 0.0022822 0.0013834
0.017858 0.11935 0.14752 -0.0052793 -0.0072798 -0.019957 0.00032415 -0.021913 0.012127 -0.0018702 -0.00026304 0.0011544
0.0188 0.12131 0.14149 -0.0057818 -0.0098168 -0.021569 0.00094241 0.0019556 -0.006033 -0.00050256 -0.002537 -0.0016127
0.021465 0.098795 0.14659 -0.0056546 -0.0088309 -0.023606 0.0026643 -0.022513 0.0050972 0.00012719 0.00098588 -0.0020367
0.018401 0.12405 0.14015 -0.0039466 -0.014706 -0.020743 -0.0030638 0.025259 -0.0064363 0.001708 -0.0058752 0.0028631
0.020698 0.11203 0.13216 0.008529 -0.0075339 -0.021045 0.002297 -0.012023 -0.0079958 0.012476 0.0071722 -0.0003018
0.0183 0.12071 0.15598 -0.00052957 -0.0085932 -0.017225 -0.0023982 0.0086819 0.023819 -0.0090586 -0.0010593 0.0038195
0.020713 0.098426 0.15214 0.0083339 -0.00038544 -0.017659 0.0024138 -0.022286 -0.0038387 0.0088635 0.0082078 -0.00043383
0.024761 0.11515 0.15628 -0.0047585 -0.004373 -0.021461 0.0040478 0.016722 0.0041467 -0.013092 -0.0039875 -0.0038021
0.02421 0.12241 0.13528 0.0030468 -0.0010344 -0.022757 -0.00055084 0.007265 -0.021005 0.0078053 0.0033385 -0.0012958
0.025316 0.12343 0.13199 -0.0043025 -0.0099153 -0.023721 0.0011051 0.0010203 -0.003293 -0.0073493 -0.0088808 -0.00096453
0.022318 0.12673 0.13266 0.0012747 -0.0075019 -0.022474 -0.0029971 0.0032935 0.00067271 0.0055772 0.0024133 0.0012476
0.020954 0.11312 0.1288 0.0045879 -0.0066425 -0.015884 -0.0013645 -0.013605 -0.003855 0.0033132 0.00085946 0.0065894
0.020467 0.12303 0.12973 0.0062349 -0.0062918 -0.018497 -0.00048697 0.0099059 0.0009222 0.0016471 0.00035072 -0.0026125
0.021382 0.11801 0.12173 0.007113 0.0049649 -0.015962 0.00091505 -0.005021 -0.007996 0.00087806 0.011257 0.0025351
0.020554 0.12254 0.12326 0.00033774 -0.0071548 -0.02243 -0.00082821 0.0045282 0.0015325 -0.0067752 -0.01212 -0.0064682
0.024436 0.11698 0.11433 0.0039043 -0.00029717 -0.021209 0.0038818 -0.0055571 -0.0089373 0.0035665 0.0068576 0.0012207
0.027419 0.12269 0.11606 0.0021963 -0.0079351 -0.024556 0.0029834 0.005712 0.0017346 -0.001708 -0.0076379 -0.0033464
0.028316 0.12741 0.1158 0.013706 -0.0036143 -0.025704 0.00089714 0.0047165 -0.00026183 0.01151 0.0043208 -0.0011484
0.032974 0.11911 0.13112 0.011218 -0.0020609 -0.018954 0.0046579 -0.008301 0.015318 -0.0024885 0.0015534 0.0067506
0.028438 0.12573 0.12934 0.021818 -0.0033716 -0.021065 -0.0045365 0.0066214 -0.0017791 0.0106 -0.0013107 -0.0021115
0.034505 0.10821 0.13918 0.015056 -0.0022197 -0.0031581 0.006067 -0.017514 0.0098409 -0.0067619 0.0011519 0.017907
0.03454 0.12374 0.1371 0.016609 -0.0030186 -0.010123 3.535e-05 0.01553 -0.0020774 0.0015528 -0.00079891 -0.0069651
0.033838 0.12115 0.15015 0.010929 -0.0054965 -0.0013532 -0.0007017 -0.0025924 0.013054 -0.0056799 -0.0024779 0.00877
0.028598 0.11371 0.14067 0.014751 -0.0085729 -0.0054091 -0.0052399 -0.0074394 -0.0094797 0.0038222 -0.0030764 -0.0040559
0.024195 0.1344 0.13058 0.016012 -0.009753 -0.011005 -0.0044038 0.020693 -0.010096 0.0012605 -0.0011801 -0.0055959
0.018355 0.11899 0.11216 0.019489 -0.012506 -0.0089444 -0.0058401 -0.015414 -0.018423 0.0034772 -0.0027526 0.0020606
0.025368 0.14423 0.1091 0.010451 -0.0095583 -0.019997 0.007014 0.025237 -0.0030561 -0.009038 0.0029474 -0.011052
0.018621 0.13003 0.11866 0.011695 -0.017477 -0.011648 -0.0067473 -0.014194 0.0095593 0.0012441 -0.0079188 0.0083489
0.019335 0.14453 0.12184 0.0076676 -0.016197 -0.012155 0.00071405 0.014498 0.0031784 -0.0040274 0.0012799 -0.00050713
0.012554 0.1372 0.13154 0.015752 -0.021313 -0.0057969 -0.0067814 -0.0073279 0.0096994 0.008084 -0.0051157 0.0063582
0.01557 0.14711 0.12396 0.01352 -0.017373 -0.0077511 0.0030157 0.0099088 -0.0075787 -0.002232 0.0039394 -0.0019541
0.016737 0.13352 0.1255 0.015227 -0.0089126 -0.007947 0.0011672 -0.013593 0.0015384 0.0017074 0.0084608 -0.00019591
0.019993 0.13197 0.12597 0.011876 -0.0078085 -0.0092558 0.0032563 -0.0015488 0.00047014 -0.0033514 0.0011041 -0.0013088
0.020143 0.12466 0.13541 0.0099578 -0.0063562 -0.0093515 0.00015018 -0.0073133 0.0094425 -0.0019178 0.0014523 -9.5702e-05
0.018427 0.11644 0.15368 0.012414 -0.010316 -0.0077502 -0.0017167 -0.0082204 0.018269 0.0024564 -0.00396 0.0016013
0.024418 0.12612 0.16171 0.009122 -0.015554 -0.011565 0.0059914 0.0096809 0.0080293 -0.0032922 -0.0052379 -0.0038145
0.018876 0.12058 0.15923 0.018017 -0.010675 0.00014741 -0.005542 -0.0055403 -0.0024722 0.0088952 0.0048791 0.011712
0.020582 0.12879 0.144 0.016081 -0.011577 0.0014459 0.0017059 0.0082147 -0.015237 -0.0019362 -0.00090237 0.0012985
0.017465 0.12596 0.13712 0.016119 -0.011718 0.008288 -0.0031169 -0.0028313 -0.0068827 3.8437e-05 -0.0001405 0.0068421
0.01652 0.12981 0.13903 0.011838 -0.011142 0.0093273 -0.00094535 0.0038457 0.0019198 -0.0042816 0.00057563 0.0010394
0.019786 0.11995 0.15118 0.01708 -0.011783 0.0024031 0.0032661 -0.0098525 0.012146 0.0052419 -0.00064026 -0.0069243
0.019398 0.1239 0.14333 0.023252 -0.0098824 0.011424 -0.00038785 0.003949 -0.0078477 0.0061727 0.0019002 0.0090213
0.019184 0.11839 0.1395 0.033539 -0.0076581 0.009672 -0.0002139 -0.0055129 -0.0038296 0.010287 0.0022243 -0.0017524
0.013385 0.12377 0.14361 0.02981 -0.0010713 0.02044 -0.0057993 0.0053771 0.0041028 -0.0037286 0.0065868 0.010768
0.0099725 0.12949 0.155 0.028403 -0.0046197 0.018333 -0.0034121 0.005725 0.011399 -0.0014072 -0.0035483 -0.0021064
0.004421 0.12087 0.16147 0.034565 0.0027415 0.017323 -0.0055515 -0.0086183 0.0064654 0.0061617 0.0073611 -0.0010106
0.0092727 0.13656 0.15007 0.036305 -0.014776 0.0035005 0.0048516 0.015684 -0.011405 0.0017403 -0.017517 -0.013822
0.012496 0.12156 0.13767 0.041253 -0.013399 0.0074893 0.0032234 -0.014997 -0.012398 0.0049472 0.0013768 0.0039888
0.0080993 0.12518 0.14453 0.036846 -0.017413 0.006538 -0.0043968 0.0036219 0.006866 -0.0044069 -0.0040141 -0.00095133
0.013157 0.11747 0.14794 0.033393 -0.011556 0.012675 0.0050573 -0.0077094 0.0034093 -0.0034526 0.0058569 0.0061368
0.0027513 0.12742 0.15094 0.037928 0.0004302 0.012976 -0.010405 0.0099458 0.0029933 0.0045354 0.011986 0.00030118
0.012234 0.12059 0.15881 0.028588 -0.0037643 0.000968 0.009483 -0.0068309 0.0078758 -0.0093407 -0.0041945 -0.012008
0.012029 0.13143 0.15766 0.01945 0.008668 0.0062556 -0.00020525 0.010839 -0.0011474 -0.0091381 0.012432 0.0052876
0.019064 0.12372 0.16489 0.010675 -0.00039452 0.0008674 0.0070352 -0.0077095 0.007226 -0.0087744 -0.0090625 -0.0053882
0.026063 0.13127 0.16699 0.0069903 0.016278 0.0099437 0.0069986 0.0075538 0.002097 -0.0036849 0.016672 0.0090763
0.028206 0.11769 0.17706 0.0099562 0.0143 0.017207 0.002143 -0.013581 0.01007 0.0029659 -0.0019774 0.0072629
0.017501 0.11654 0.18528 0.01162 0.017152 0.024431 -0.010705 -0.0011449 0.0082191 0.0016638 0.0028517 0.0072247
0.016024 0.11739 0.19513 0.0076075 0.011246 0.022944 -0.0014769 0.00084328 0.009857 -0.0040125 -0.0059059 -0.0014868
0.0033491 0.13159 0.17583 0.0070852 0.0055863 0.018543 -0.012675 0.014202 -0.019303 -0.00052236 -0.0056599 -0.0044016
0.01397 0.13127 0.18425 0.0066562 -0.0010532 0.014263 0.010621 -0.00031941 0.0084177 -0.00042896 -0.0066395 -0.00428
0.013785 0.11923 0.17449 0.0025854 0.00702 0.028893 -0.00018485 -0.012036 -0.009761 -0.0040707 0.0080732 0.01463
0.015473 0.12077 0.18505 0.015794 -0.0022343 0.037108 0.0016876 0.001536 0.010564 0.013208 -0.0092543 0.008215
0.017964 0.10373 0.19511 0.0050933 0.0032725 0.041997 0.0024915 -0.017037 0.010058 -0.0107 0.0055068 0.004889
0.016118 0.11243 0.20081 0.020249 0.0026084 0.031724 -0.0018462 0.0087003 0.0056972 0.015156 -0.0006641 -0.010273
0.018271 0.11153 0.2092 0.0070557 0.0052614 0.030311 0.0021529 -0.00090104 0.0083945 -0.013193 0.0026529 -0.0014136
0.021029 0.11155 0.24484 0.0096738 0.01255 0.026485 0.002758 1.6867e-05 0.035642 0.0026181 0.0072884 -0.0038258
0.021425 0.12344 0.24086 0.0030629 0.01235 0.037905 0.0003966 0.011891 -0.0039848 -0.0066109 -0.00019934 0.01142
0.028119 0.10115 0.29507 0.0026771 0.014825 0.0375 0.006694 -0.022287 0.054208 -0.0003858 0.0024743 -0.00040551
0.025344 0.13367 0.24312 0.021812 0.017723 0.042263 -0.0027749 0.03252 -0.051948 0.019135 0.0028985 0.0047634
0.026091 0.10711 0.24537 0.028034 0.024112 0.039969 0.00074634 -0.026562 0.0022481 0.0062218 0.0063887 -0.0022937
0.022334 0.13248 0.22493 0.0391 0.01909 0.04087 -0.0037565 0.02537 -0.020441 0.011066 -0.0050221 0.00090032
0.020463 0.096596 0.22444 0.038899 0.020709 0.038034 -0.0018711 -0.035887 -0.00048735 -0.0002011 0.0016187 -0.0028361
0.019495 0.12782 0.24141 0.047007 0.015891 0.038536 -0.00096844 0.031228 0.016968 0.0081082 -0.004818 0.00050211
0.017946 0.10845 0.23209 0.038563 0.0153 0.039743 -0.0015485 -0.019375 -0.0093132 -0.008444 -0.00059058 0.0012074
0.02247 0.11498 0.25138 0.0021307 0.044875 0.041576 0.0045235 0.006531 0.01929 -0.036432 0.029575 0.0018327
0.023706 0.10383 0.2733 -0.037271 0.049283 0.052075 0.0012361 -0.011149 0.021916 -0.039401 0.0044077 0.010499
0.020512 0.092644 0.28434 -0.079663 0.088988 0.045913 -0.0031941 -0.011188 0.011043 -0.042392 0.039705 -0.0061622
0.021039 0.1162 0.27588 -0.081378 0.077591 0.053044 0.00052758 0.023555 -0.0084603 -0.0017155 -0.011397 0.0071318
0.014314 0.10813 0.27584 -0.098702 0.082853 0.05362 -0.0067248 -0.0080715 -3.851e-05 -0.017324 0.0052617 0.00057539
0.024197 0.10712 0.27766 -0.011768 0.05364 0.033954 0.0098821 -0.0010023 0.0018199 0.086934 -0.029213 -0.019666
0.022558 0.11801 0.26444 0.012339 0.029366 0.031026 -0.001639 0.010885 -0.013223 0.024108 -0.024275 -0.002928
0.023041 0.12122 0.19654 0.15457 -0.0062809 -0.013625 0.00048338 0.0032152 -0.067897 0.14223 -0.035646 -0.04465
0.016347 0.12289 0.10005 0.11185 -0.0021031 -0.0021374 -0.0066935 0.0016695 -0.09649 -0.042717 0.0041778 0.011487
0.0091666 0.15196 -0.001094 0.14129 0.011575 -0.0069015 -0.0071809 0.02907 -0.10115 0.029437 0.013678 -0.0047642
0.0017041 0.15491 -0.083423 0.1578 0.049927 0.0042827 -0.0074625 0.0029499 -0.082329 0.01651 0.038352 0.011184
0.0095657 0.19172 -0.10298 0.16208 0.074328 0.015486 0.0078615 0.036808 -0.019561 0.0042781 0.024401 0.011203
-0.0035217 0.20265 -0.10699 0.41952 0.075474 0.031624 -0.013087 0.010924 -0.0040062 0.25744 0.0011454 0.016138
0.0062938 0.2137 -0.1246 0.49562 0.091749 0.052073 0.0098155 0.011053 -0.017608 0.076107 0.016275 0.02045
-0.017265 0.25958 -0.14591 0.82123 0.083966 0.071446 -0.023559 0.045886 -0.021315 0.32561 -0.0077832 0.019373
-0.013786 0.31227 -0.2701 0.84482 0.077133 0.068289 0.0034795 0.052689 -0.12419 0.023593 -0.0068327 -0.0031564
-0.0035225 0.35534 -0.24888 0.88142 0.068197 0.077077 0.010263 0.043063 0.021218 0.036602 -0.0089362 0.008788
0.01657 0.3513 -0.24065 0.79782 0.041613 0.089656 0.020092 -0.0040401 0.0082318 -0.083603 -0.026584 0.012579
0.050984 0.34278 -0.15526 0.7481 0.053662 0.10518 0.034414 -0.0085154 0.085395 -0.049719 0.01205 0.015527
0.044911 0.31855 -0.12947 0.72009 0.046869 0.096702 -0.0060728 -0.024236 0.025784 -0.02801 -0.0067933 -0.0084811
0.041924 0.2995 -0.11457 0.69522 0.067877 0.096398 -0.0029873 -0.019042 0.014904 -0.024869 0.021008 -0.00030392
0.01916 0.28224 -0.10169 0.62551 0.080754 0.087186 -0.022763 -0.017259 0.01288 -0.06971 0.012877 -0.009212
0.010946 0.24927 -0.05206 0.58926 0.092537 0.095859 -0.0082138 -0.032977 0.049628 -0.036249 0.011783 0.008673
0.0070193 0.25888 -0.042617 0.54868 0.10164 0.10008 -0.0039272 0.0096128 0.009443 -0.040588 0.0091026 0.0042242
0.0010163 0.24874 -0.015769 0.52576 0.10552 0.097339 -0.0060031 -0.010141 0.026848 -0.022918 0.0038761 -0.0027448
0.00058259 0.24933 -0.015432 0.50966 0.11399 0.10595 -0.00043369 0.00059463 0.00033769 -0.016098 0.0084706 0.0086162
-0.0011635 0.23291 -0.00092253 0.49659 0.12244 0.10465 -0.0017461 -0.01642 0.014509 -0.01307 0.0084575 -0.0013063
-0.0019073 0.2412 -0.027422 0.50672 0.12725 0.10546 -0.00074381 0.0082904 -0.0265 0.010134 0.0048054 0.00080823
-0.0017347 0.22037 -0.021805 0.49846 0.11912 0.096359 0.00017257 -0.020837 0.0056178 -0.0082665 -0.0081298 -0.0090983
-0.006669 0.22252 -0.031279 0.48385 0.12623 0.10621 -0.0049343 0.0021529 -0.0094741 -0.014611 0.0071098 0.0098521
-0.0034356 0.19711 -0.0066003 0.45653 0.11515 0.10794 0.0032334 -0.025412 0.024678 -0.027315 -0.011083 0.0017293
-0.008822 0.21771 -0.012694 0.44979 0.13288 0.11881 -0.0053864 0.020608 -0.006094 -0.0067362 0.017735 0.010868
-0.0074074 0.20436 -0.010489 0.44601 0.128 0.11818 0.0014146 -0.013354 0.0022057 -0.0037892 -0.0048843 -0.00062684
-0.017718 0.21766 -0.011028 0.45949 0.12693 0.11587 -0.010311 0.013295 -0.00053897 0.013482 -0.0010656 -0.0023079
-0.014414 0.19871 -0.0042632 0.45167 0.12326 0.1169 0.0033042 -0.018947 0.0067643 -0.0078214 -0.0036732 0.0010271
-0.017976 0.23412 -0.028898 0.46034 0.11861 0.10534 -0.0035619 0.035412 -0.024635 0.0086768 -0.0046435 -0.01156
-0.011112 0.2087 -0.022063 0.44699 0.12343 0.10066 0.0068638 -0.025422 0.0068354 -0.013357 0.0048165 -0.0046814
-0.011666 0.20391 -0.021231 0.42794 0.13168 0.10148 -0.00055403 -0.0047922 0.00083179 -0.019049 0.0082503 0.0008248
-0.010746 0.17584 0.0084981 0.407 0.121 0.10961 0.00092065 -0.028069 0.029729 -0.020936 -0.010679 0.0081301
-0.0099248 0.19147 -0.0042247 0.38792 0.11714 0.10844 0.000821 0.015635 -0.012723 -0.019079 -0.0038649 -0.0011759
-0.010534 0.21723 -0.013869 0.38353 0.11004 0.10405 -0.0006092 0.025758 -0.0096442 -0.0043877 -0.007094 -0.0043852
-0.0078742 0.20761 -0.019608 0.37332 0.10223 0.096827 0.0026598 -0.0096215 -0.0057393 -0.010217 -0.0078089 -0.007225
-0.009546 0.19655 0.012462 0.35957 0.10352 0.10263 -0.0016718 -0.011061 0.03207 -0.013743 0.0012898 0.0057981
-0.0093794 0.19883 0.0028942 0.35347 0.094279 0.10595 0.00016667 0.0022777 -0.0095674 -0.0060992 -0.0092446 0.0033203
-0.011043 0.21544 0.0074248 0.35063 0.096799 0.1054 -0.0016639 0.016611 0.0045307 -0.0028424 0.0025194 -0.00054404
-0.0070368 0.20884 -0.016441 0.35022 0.10809 0.1023 0.0040065 -0.006597 -0.023865 -0.00041233 0.011292 -0.003104
-0.0093507 0.20512 -0.015701 0.34035 0.10473 0.10266 -0.0023139 -0.003719 0.00074005 -0.009874 -0.0033582 0.00035955
-0.0087349 0.19003 -0.010163 0.34815 0.10907 0.10414 0.00061578 -0.015088 0.0055373 0.007805 0.0043342 0.0014845
-0.015276 0.20192 -0.010155 0.34981 0.095696 0.1075 -0.0065416 0.011882 7.8254e-06 0.0016626 -0.013371 0.00336
-0.017416 0.22064 0.0020191 0.36906 0.1063 0.10946 -0.0021392 0.018729 0.012175 0.019244 0.010604 0.0019628
-0.013216 0.20333 0.00013827 0.36237 0.10334 0.10923 0.0042001 -0.017317 -0.0018808 -0.006683 -0.0029625 -0.00023396
-0.010435 0.22493 -0.0020003 0.35729 0.10589 0.10552 0.0027805 0.021604 -0.0021386 -0.0050881 0.0025529 -0.0037149
-0.0042948 0.18798 -0.015364 0.34987 0.095128 0.10043 0.0061404 -0.036951 -0.013364 -0.0074143 -0.010764 -0.0050811
-0.0032225 0.20874 -0.0017726 0.33905 0.092174 0.09594 0.0010722 0.020756 0.013592 -0.010824 -0.0029534 -0.0044945
-0.003254 0.19167 -0.008973 0.34374 0.097596 0.10536 -3.1459e-05 -0.017066 -0.0072004 0.0046906 0.0054214 0.009424
-0.0027058 0.22175 -0.0036999 0.335 0.10596 0.10262 0.00054816 0.030077 0.0052732 -0.0087434 0.0083627 -0.0027445
-0.0023056 0.20121 -0.0092577 0.32793 0.10953 0.11093 0.00040027 -0.020533 -0.0055579 -0.0070694 0.0035699 0.0083108
0.0012823 0.19595 0.020991 0.33379 0.10487 0.10173 0.0035879 -0.0052618 0.030249 0.0058662 -0.0046631 -0.0091998
0.0013947 0.19349 0.02572 0.34828 0.096923 0.10629 0.00011234 -0.0024665 0.0047288 0.014487 -0.0079425 0.0045577
0.0070911 0.20333 0.046027 0.37657 0.092124 0.10002 0.0056964 0.00984 0.020307 0.028287 -0.004799 -0.0062656
0.00087385 0.20884 0.024645 0.38327 0.094683 0.1062 -0.0062173 0.0055189 -0.021382 0.0067034 0.0025598 0.0061726
0.0061414 0.19812 0.033819 0.34764 0.10311 0.10526 0.0052675 -0.010724 0.0091735 -0.03563 0.008425 -0.00093079
0.0019483 0.18818 0.032832 0.32921 0.10959 0.11294 -0.004193 -0.0099419 -0.00098694 -0.018426 0.0064792 0.007674
0.0062032 0.19997 0.040305 0.30743 0.11279 0.11098 0.0042549 0.011786 0.0074727 -0.021783 0.0032028 -0.001962
0.0049031 0.19107 0.043769 0.3187 0.11386 0.11323 -0.0013002 -0.0088996 0.0034641 0.011273 0.0010682 0.0022569
-0.00097601 0.19143 0.053551 0.30815 0.1051 0.11275 -0.0058791 0.00036835 0.0097822 -0.010552 -0.008759 -0.00048698
-0.0027259 0.18444 0.046217 0.29882 0.10631 0.11479 -0.0017499 -0.0069908 -0.0073339 -0.0093313 0.0012088 0.0020445
-0.0061983 0.18714 0.049768 0.27308 0.10693 0.11318 -0.0034724 0.0026993 0.0035508 -0.025745 0.00061701 -0.0016128
-0.0015218 0.18556 0.050807 0.26694 0.12152 0.10799 0.0046765 -0.0015795 0.0010393 -0.0061327 0.014594 -0.0051918
-0.0011072 0.17039 0.062564 0.24356 0.13283 0.10634 0.00041454 -0.01517 0.011757 -0.02338 0.011311 -0.0016461
-0.0038122 0.18339 0.065951 0.22851 0.13165 0.11276 -0.002705 0.012999 0.0033867 -0.015053 -0.0011763 0.0064177
-0.012299 0.17641 0.07924 0.21516 0.1251 0.11258 -0.0084866 -0.0069823 0.013289 -0.013354 -0.0065576 -0.00018243
-0.017392 0.18255 0.08991 0.20585 0.12423 0.12723 -0.0050935 0.0061397 0.01067 -0.0093109 -0.00086638 0.014651
-0.022362 0.16761 0.1112 0.1972 0.13136 0.11757 -0.0049695 -0.014944 0.021289 -0.0086425 0.0071301 -0.00966
-0.017854 0.16675 0.095477 0.17478 0.13526 0.12564 0.0045083 -0.00085396 -0.015722 -0.02242 0.0039037 0.0080754
-0.01295 0.16632 0.094988 0.14625 0.12736 0.11592 0.0049039 -0.00042659 -0.0004886 -0.028533 -0.0079043 -0.0097241
-0.017216 0.16342 0.085644 0.13642 0.11263 0.11678 -0.0042659 -0.0029063 -0.0093446 -0.0098341 -0.014729 0.00086089
-0.01953 0.1522 0.11391 0.13043 0.10543 0.11841 -0.0023144 -0.011223 0.028262 -0.0059826 -0.0071994 0.0016328
-0.030646 0.15365 0.1282 0.15459 0.10799 0.12264 -0.011116 0.0014539 0.014296 0.02416 0.0025546 0.0042301
-0.030125 0.14767 0.13228 0.14518 0.10694 0.12367 0.00052129 -0.0059773 0.0040768 -0.00941 -0.0010502 0.0010288
-0.022922 0.15169 0.14388 0.15687 0.11165 0.12568 0.0072028 0.004016 0.011601 0.011686 0.0047175 0.0020078
-0.021441 0.1589 0.13387 0.14738 0.10758 0.12822 0.0014811 0.0072107 -0.010013 -0.0094867 -0.0040709 0.0025385
-0.013304 0.15474 0.13827 0.1612 0.1158 0.13502 0.0081362 -0.004156 0.0044006 0.013821 0.0082196 0.0068056
-0.017083 0.16898 0.12181 0.1606 0.11028 0.14191 -0.003778 0.014236 -0.016454 -0.00060409 -0.0055207 0.0068914
-0.014828 0.15189 0.12066 0.15703 0.11069 0.13398 0.0022546 -0.017091 -0.0011501 -0.0035689 0.00041312 -0.0079308
-0.013406 0.16568 0.11782 0.15205 0.1056 0.13537 0.0014214 0.013791 -0.0028404 -0.0049848 -0.0050961 0.0013914
-0.012227 0.16355 0.14371 0.14571 0.11036 0.12717 0.0011795 -0.0021298 0.025885 -0.0063371 0.0047615 -0.0082005
-0.0085587 0.16612 0.13595 0.17052 0.12436 0.13869 0.0036683 0.0025699 -0.007757 0.024808 0.013996 0.011517
-0.010839 0.16972 0.15494 0.17482 0.13308 0.13993 -0.00228 0.0035964 0.018984 0.0043056 0.0087278 0.001245
-0.013025 0.1638 0.12866 0.20353 0.13985 0.1487 -0.0021866 -0.0059143 -0.026279 0.028712 0.0067634 0.0087659
-0.010997 0.17161 0.14379 0.19824 0.14041 0.15314 0.0020287 0.0078073 0.015132 -0.0052922 0.00056407 0.0044363
-0.0064634 0.16271 0.13836 0.20064 0.13543 0.15291 0.0045332 -0.0088959 -0.0054332 0.0023968 -0.004979 -0.00022615
-0.0021496 0.16391 0.17007 0.18415 0.13547 0.15699 0.0043138 0.0012023 0.031715 -0.016493 3.9761e-05 0.004076
0.00091376 0.15407 0.16866 0.18743 0.13728 0.14519 0.0030634 -0.0098463 -0.0014144 0.003284 0.0018074 -0.0118
-0.011241 0.16283 0.17778 0.1752 0.13619 0.15475 -0.012155 0.0087666 0.0091272 -0.012231 -0.0010939 0.0095644
-0.010444 0.15931 0.16454 0.19067 0.15006 0.14263 0.00079784 -0.00352 -0.013247 0.015473 0.013875 -0.012126
-0.018095 0.15115 0.16154 0.17679 0.15102 0.15143 -0.007651 -0.0081653 -0.0029963 -0.01388 0.00096431 0.0088015
-0.018988 0.15661 0.16482 0.18512 0.15664 0.14383 -0.00089331 0.0054649 0.0032829 0.0083299 0.0056205 -0.0075938
-0.019084 0.14168 0.15394 0.17556 0.16011 0.14394 -9.5959e-05 -0.014932 -0.010881 -0.0095619 0.0034666 0.000108
-0.026696 0.16493 0.14775 0.17961 0.1509 0.14088 -0.0076118 0.023244 -0.0061929 0.0040475 -0.0092109 -0.0030612
-0.017873 0.13976 0.14241 0.17948 0.1561 0.1366 0.0088222 -0.025164 -0.0053355 -0.00012741 0.0051965 -0.0042852
-0.017311 0.16114 0.1676 0.16914 0.14452 0.13661 0.00056251 0.021382 0.025188 -0.010344 -0.01158 1.2741e-05
-0.0099763 0.13844 0.17727 0.15842 0.13751 0.13893 0.0073346 -0.022701 0.0096715 -0.010711 -0.0070061 0.0023178
-0.012353 0.171 0.19814 0.13881 0.13946 0.14013 -0.002377 0.032556 0.020865 -0.019617 0.0019501 0.0011998
-0.01338 0.1418 0.18733 0.14219 0.13672 0.13942 -0.0010268 -0.0292 -0.010809 0.0033805 -0.0027437 -0.00070562
-0.014958 0.15954 0.19968 0.1574 0.15524 0.14381 -0.0015778 0.017738 0.012353 0.015217 0.018526 0.0043921
-0.014138 0.1433 0.18233 0.17132 0.15549 0.14537 0.00082013 -0.016236 -0.017354 0.013912 0.0002477 0.0015617
-0.013076 0.16049 0.1715 0.18591 0.15708 0.14936 0.0010615 0.017191 -0.010828 0.014588 0.0015904 0.0039853
-0.014113 0.15537 0.15395 0.16238 0.142 0.15174 -0.0010363 -0.0051252 -0.017551 -0.023529 -0.015081 0.0023833
-0.018756 0.15405 0.15033 0.16537 0.13487 0.1435 -0.004643 -0.0013221 -0.0036136 0.0029961 -0.0071258 -0.0082462
-0.021675 0.14901 0.16491 0.14829 0.12887 0.15092 -0.0029193 -0.0050362 0.014575 -0.017086 -0.0060077 0.0074231
-0.026326 0.14811 0.16068 0.15805 0.13522 0.13744 -0.0046508 -0.00089659 -0.0042343 0.0097646 0.006359 -0.01348
-0.018578 0.1563 0.16873 0.16477 0.13432 0.14335 0.0077477 0.008187 0.0080552 0.0067174 -0.00090594 0.0059114
-0.016476 0.14359 0.17268 0.15626 0.12908 0.1363 0.0021022 -0.012715 0.0039524 -0.0085037 -0.0052365 -0.0070535
-0.017368 0.1556 0.17909 0.16496 0.12353 0.14009 -0.0008921 0.012019 0.0064034 0.0086978 -0.0055539 0.0037944
-0.020798 0.14434 0.18153 0.15887 0.12194 0.13263 -0.0034303 -0.01126 0.002448 -0.0060961 -0.0015871 -0.0074606
-0.026614 0.15989 0.17529 0.16337 0.12251 0.12831 -0.0058154 0.015545 -0.0062405 0.0045076 0.0005738 -0.004321
-0.015159 0.17045 0.15192 0.17064 0.12472 0.11679 0.011454 0.01056 -0.023372 0.0072697 0.0022038 -0.011522
-0.012923 0.16353 0.16716 0.15653 0.12224 0.12304 0.0022359 -0.0069193 0.01524 -0.01411 -0.0024786 0.0062489
-0.0063307 0.16968 0.18607 0.16453 0.12751 0.13016 0.0065927 0.0061534 0.018909 0.0079967 0.0052726 0.0071272
-0.012751 0.1502 0.20041 0.15129 0.12857 0.12874 -0.0064199 -0.019486 0.014339 -0.013237 0.0010549 -0.0014211
-0.013738 0.17054 0.21867 0.17195 0.13161 0.12543 -0.00098737 0.020344 0.018261 0.020654 0.0030386 -0.0033088
-0.015073 0.15924 0.17407 0.16349 0.12327 0.10309 -0.0013347 -0.011305 -0.044605 -0.0084542 -0.0083363 -0.022342
-0.015403 0.16808 0.17782 0.17766 0.12671 0.10625 -0.00033047 0.0088407 0.0037587 0.014166 0.0034442 0.0031587
-0.014224 0.14689 0.15729 0.16547 0.12834 0.10478 0.0011787 -0.021188 -0.020532 -0.012193 0.0016251 -0.0014733
-0.011634 0.15759 0.15858 0.17035 0.14342 0.11316 0.0025903 0.010699 0.0012906 0.0048865 0.015083 0.0083831
-0.0075107 0.14116 0.17108 0.16633 0.14506 0.11242 0.0041235 -0.016425 0.012495 -0.0040196 0.0016407 -0.00073724
-0.003839 0.14713 0.18138 0.1755 0.14948 0.11404 0.0036717 0.0059641 0.010304 0.0091681 0.0044143 0.0016212
-0.00075566 0.14182 0.18786 0.17209 0.14717 0.11886 0.0030834 -0.0053078 0.0064741 -0.0034143 -0.0023046 0.0048158
-0.00085782 0.1507 0.19655 0.18164 0.1519 0.12203 -0.00010216 0.0088775 0.0086962 0.00955 0.0047323 0.0031669
0.0002576 0.14341 0.18738 0.1822 0.15745 0.12023 0.0011154 -0.007284 -0.0091683 0.00056274 0.0055438 -0.0017977
-0.0079744 0.13606 0.20562 0.19192 0.15823 0.11754 -0.008232 -0.0073493 0.018239 0.0097242 0.00078588 -0.0026912
-0.0095435 0.13446 0.21134 0.21889 0.16466 0.11482 -0.0015691 -0.0016046 0.0057133 0.02697 0.0064253 -0.002716
-0.012639 0.13675 0.20929 0.21901 0.16106 0.11915 -0.0030957 0.0022916 -0.002042 0.00011828 -0.0036029 0.0043242
-0.0050628 0.15606 0.21553 0.2364 0.16375 0.12091 0.0075764 0.01931 0.0062378 0.017383 0.0026938 0.0017658
-0.0080531 0.14312 0.22059 0.20528 0.15043 0.1256 -0.0029903 -0.012937 0.0050624 -0.031117 -0.013319 0.0046856
-0.0047543 0.16254 0.2224 0.22365 0.16073 0.12183 0.0032988 0.019416 0.0018089 0.018372 0.010298 -0.0037656
-0.009986 0.1447 0.22485 0.20182 0.15888 0.12139 -0.0052317 -0.017839 0.0024434 -0.021829 -0.0018441 -0.00043821
-0.0053134 0.15054 0.20964 0.22811 0.17791 0.11003 0.0046726 0.005836 -0.015206 0.026291 0.019021 -0.011368
-0.0068897 0.14692 0.21914 0.20044 0.17254 0.11248 -0.0015763 -0.003612 0.0095018 -0.027673 -0.0053659 0.0024582
-0.0016582 0.15983 0.23457 0.18275 0.16875 0.11111 0.0052315 0.012909 0.015431 -0.017693 -0.0037894 -0.0013716
0.0030971 0.16918 0.23722 0.15723 0.15827 0.12042 0.0047552 0.0093457 0.0026482 -0.025515 -0.010483 0.0093067
0.0092932 0.18126 0.25275 0.17735 0.15665 0.12822 0.0061961 0.012082 0.01553 0.020122 -0.0016148 0.0078002
0.010849 0.17064 0.28141 0.16187 0.16387 0.12775 0.0015554 -0.010623 0.028658 -0.015485 0.0072192 -0.00047192
-0.00033641 0.17501 0.27151 0.16092 0.18 0.12579 -0.011185 0.0043706 -0.0099034 -0.00095162 0.016126 -0.001954
-0.0046626 0.18352 0.28226 0.10858 0.19417 0.11493 -0.0043262 0.0085109 0.010753 -0.052333 0.014176 -0.010861
-0.0075251 0.14102 0.24586 0.10309 0.19515 0.11274 -0.0028625 -0.042503 -0.036397 -0.0054928 0.00098017 -0.002189
-0.0021089 0.17336 0.22021 0.168 0.20033 0.1174 0.0054162 0.032344 -0.025656 0.064912 0.0051706 0.0046548
0.0049275 0.14347 0.22894 0.19478 0.19837 0.12821 0.0070364 -0.029892 0.0087371 0.026774 -0.0019564 0.010815
-0.00027429 0.16789 0.19463 0.2014 0.18884 0.14535 -0.0052018 0.024417 -0.034311 0.0066234 -0.0095253 0.01714
-0.0034119 0.18097 0.1411 0.16357 0.18197 0.14436 -0.0031376 0.013083 -0.053533 -0.03783 -0.0068743 -0.00099431
-0.011113 0.14592 0.14449 0.15115 0.16739 0.14786 -0.007701 -0.035053 0.0033886 -0.012415 -0.014574 0.003498
-0.0072247 0.17324 -0.12882 -0.002851 0.17188 0.14135 0.0038882 0.027325 -0.2733 -0.15401 0.0044884 -0.0065119
-0.014809 0.2136 -0.4244 -0.12088 0.14678 0.1403 -0.0075847 0.040361 -0.29558 -0.11803 -0.025105 -0.0010483
-0.012882 0.2297 -1.0078 -0.4934 0.096932 0.14352 0.0019278 0.0161 -0.58335 -0.37252 -0.049846 0.0032267
-0.023641 0.22295 -1.2439 -0.45698 0.098371 0.1236 -0.010759 -0.0067494 -0.2361 0.036416 0.0014392 -0.019919
-0.0141 0.17829 -1.3761 -0.49016 0.16159 0.12168 0.009541 -0.044664 -0.13229 -0.033186 0.063214 -0.0019215
-0.00054426 0.073717 -0.88424 -0.22548 0.21939 0.094522 0.013555 -0.10457 0.49191 0.26468 0.057807 -0.027162
0.0044986 0.10785 -0.66759 -0.18148 0.22981 0.098617 0.0050429 0.034128 0.21665 0.044004 0.010417 0.0040956
0.019647 0.056984 -0.063372 -0.13281 0.10267 0.07542 0.015148 -0.050862 0.60422 0.048669 -0.12713 -0.023198
0.011441 0.074353 0.082605 -0.13883 0.051971 0.081208 -0.0082056 0.017369 0.14598 -0.0060217 -0.050703 0.0057882
0.023438 0.097942 0.28486 -0.13594 0.041973 0.075122 0.011997 0.02359 0.20226 0.0028884 -0.009998 -0.0060855
0.019677 0.098774 0.3031 -0.13124 0.080866 0.084669 -0.0037613 0.00083175 0.018241 0.004705 0.038893 0.0095466
0.023877 0.1235 0.2708 -0.13151 0.1235 0.09014 0.0042004 0.024722 -0.032299 -0.0002752 0.042629 0.0054711
0.024611 0.13745 0.27921 -0.10594 0.11936 0.093989 0.00073411 0.013958 0.0084074 0.025572 -0.0041327 0.0038488
0.020974 0.10523 0.29451 -0.046909 0.14783 0.10052 -0.003637 -0.032227 0.0153 0.059033 0.028468 0.006527
0.023352 0.12699 0.27379 -0.020963 0.16471 0.10669 0.0023779 0.02176 -0.02072 0.025946 0.01688 0.0061694
0.021701 0.12602 0.26891 -0.02228 0.16907 0.10426 -0.0016517 -0.0009705 -0.0048869 -0.0013168 0.0043614 -0.0024302
0.025155 0.1019 0.3012 -0.058897 0.16931 0.10407 0.0034543 -0.024112 0.032294 -0.036617 0.0002369 -0.00018206
0.026591 0.12302 0.27284 -0.037142 0.15752 0.10601 0.0014365 0.021114 -0.028362 0.021755 -0.011787 0.0019321
0.027861 0.117 0.22979 -0.042635 0.16626 0.11 0.0012699 -0.0060193 -0.043052 -0.0054929 0.0087382 0.00399
0.024787 0.12934 0.16063 0.0066012 0.16015 0.11605 -0.0030745 0.01234 -0.069155 0.049236 -0.0061134 0.0060534
0.031809 0.13561 0.10699 -0.025133 0.16655 0.11013 0.0070223 0.0062679 -0.053643 -0.031735 0.0063992 -0.0059221
0.032599 0.10324 0.14596 -0.028617 0.15557 0.10593 0.00079042 -0.032365 0.038971 -0.0034833 -0.010977 -0.0041918
0.034605 0.098256 0.1889 -0.029581 0.15984 0.10281 0.0020054 -0.0049862 0.042941 -0.00096468 0.0042669 -0.0031285
0.023781 0.10861 0.20566 -0.024323 0.16773 0.10472 -0.010824 0.010353 0.016757 0.0052585 0.0078895 0.0019164
0.01983 0.11353 0.21263 -0.0014317 0.15755 0.1058 -0.0039506 0.004917 0.0069706 0.022891 -0.01018 0.0010804
0.012323 0.11554 0.20681 -0.0079964 0.16923 0.11191 -0.0075077 0.002018 -0.0058208 -0.0065648 0.011688 0.006105
0.016418 0.10738 0.21974 -0.012694 0.16942 0.11215 0.0040955 -0.0081596 0.012929 -0.0046973 0.00018565 0.00024257
0.01443 0.099569 0.23752 -0.0074673 0.18357 0.11687 -0.0019878 -0.0078152 0.017784 0.0052264 0.014148 0.0047219
0.020542 0.10798 0.23822 -0.007068 0.19059 0.11175 0.0061122 0.0084081 0.00070218 0.00039933 0.0070222 -0.005118
0.025887 0.10813 0.23756 -0.015948 0.17031 0.11751 0.0053449 0.0001482 -0.00066533 -0.0088796 -0.020278 0.0057593
0.027429 0.098087 0.24457 -0.025151 0.15612 0.1137 0.0015415 -0.010038 0.007009 -0.0092038 -0.014195 -0.0038183
-0.0095072 0.095992 0.28138 -0.032137 0.19885 0.10154 -0.036936 -0.0020948 0.036819 -0.0069855 0.042738 -0.01216
0.012654 0.093623 0.2931 -0.046137 0.17456 0.14023 0.022161 -0.0023695 0.011716 -0.014 -0.024295 0.038691
0.06794 0.12249 0.25392 -0.076321 0.034811 0.13222 0.055286 0.028863 -0.039176 -0.030184 -0.13975 -0.00801
0.096269 0.11512 0.31885 -0.077584 0.16347 0.25637 0.028329 -0.0073623 0.064926 -0.0012634 0.12866 0.12415
0.069611 0.098786 0.43513 -0.064164 0.32594 0.3018 -0.026658 -0.016337 0.11628 0.01342 0.16247 0.04543
-0.10394 0.069383 0.69044 0.0064223 0.8709 0.37843 -0.17355 -0.029403 0.25532 0.070586 0.54496 0.076632
-0.20946 0.045607 0.84407 0.014353 1.0907 0.39353 -0.10552 -0.023776 0.15362 0.0079304 0.21983 0.015103
-0.22775 0.10512 0.78593 -0.0085319 0.97116 0.3182 -0.018284 0.059513 -0.058141 -0.022885 -0.11957 -0.07534
-0.21181 0.085924 0.71823 -0.027882 0.82213 0.26605 0.015937 -0.019196 -0.067694 -0.01935 -0.14903 -0.052144
-0.1395 0.11059 0.64644 -0.054417 0.59562 0.24075 0.072306 0.024663 -0.071794 -0.026535 -0.22651 -0.025297
-0.14286 0.080157 0.71323 -0.033141 0.73843 0.31323 -0.0033581 -0.030429 0.066794 0.021276 0.14281 0.072473
-0.09274 0.10307 0.72605 -0.082835 0.64622 0.35903 0.050122 0.022913 0.012823 -0.049694 -0.092213 0.0458
-0.073519 0.11992 0.72146 -0.12151 0.72097 0.41755 0.019221 0.016847 -0.0045906 -0.038672 0.074746 0.058525
-0.068554 0.092948 0.66279 -0.20519 0.49899 0.27603 0.004965 -0.026969 -0.05867 -0.083686 -0.22197 -0.14153
-0.091956 0.067447 0.69989 -0.21621 0.56114 0.25035 -0.023402 -0.025501 0.037097 -0.011014 0.062144 -0.025679
-0.12841 0.05248 0.6758 -0.20349 0.46103 0.16796 -0.036451 -0.014967 -0.024093 0.012721 -0.10011 -0.082389
-0.14395 0.063224 0.68289 -0.15449 0.47421 0.17349 -0.015544 0.010744 0.0070962 0.048994 0.013177 0.0055301
-0.16048 0.069294 0.65539 -0.11548 0.46128 0.17946 -0.016524 0.0060701 -0.027503 0.03901 -0.012925 0.0059728
-0.15598 0.060899 0.69158 -0.12422 0.46407 0.16248 0.0044985 -0.0083948 0.036193 -0.0087418 0.0027848 -0.016981
-0.15585 0.057845 0.70817 -0.13902 0.47995 0.1638 0.0001254 -0.0030536 0.016584 -0.014792 0.015888 0.001316
-0.15637 0.079747 0.73104 -0.15485 0.49395 0.16468 -0.0005229 0.021902 0.022878 -0.015834 0.013997 0.00088573
-0.15419 0.074382 0.72089 -0.16452 0.48802 0.16329 0.0021859 -0.0053654 -0.010152 -0.0096696 -0.0059293 -0.00139
-0.15835 0.090809 0.73254 -0.17035 0.48457 0.15961 -0.0041645 0.016427 0.011644 -0.0058262 -0.0034498 -0.0036783
-0.15052 0.081887 0.73503 -0.1885 0.48832 0.16261 0.0078351 -0.0089222 0.0024977 -0.018157 0.0037471 0.0030018
-0.15197 0.081402 0.74687 -0.21578 0.4849 0.15871 -0.0014506 -0.0004847 0.011838 -0.027275 -0.0034224 -0.0039006
-0.14727 0.051969 0.72072 -0.22313 0.47255 0.15467 0.0047009 -0.029433 -0.026156 -0.0073478 -0.012342 -0.0040435
-0.1474 0.067508 0.69925 -0.2186 0.47262 0.15292 -0.00013746 0.015539 -0.021462 0.0045208 6.2003e-05 -0.0017467
-0.14487 0.056661 0.673 -0.19674 0.45331 0.14338 0.0025312 -0.010847 -0.026256 0.021865 -0.019301 -0.0095473
-0.14209 0.11522 0.65022 -0.1772 0.44923 0.1388 0.002788 0.058561 -0.022781 0.019542 -0.004085 -0.0045792
-0.14004 0.099428 0.67968 -0.18294 0.45915 0.13549 0.0020449 -0.015794 0.029462 -0.0057465 0.0099198 -0.0033071
-0.13514 0.097718 0.66311 -0.17744 0.45765 0.13962 0.0048993 -0.00171 -0.016572 0.0054994 -0.0014993 0.004125
-0.13186 0.10858 0.6662 -0.17145 0.48024 0.13927 0.0032802 0.010864 0.0030939 0.0059953 0.02259 -0.00034612
-0.13307 0.072798 0.65142 -0.16225 0.46847 0.1469 -0.001206 -0.035784 -0.014777 0.0092004 -0.011769 0.0076357
-0.13238 0.087066 0.6908 -0.16429 0.47923 0.14147 0.00068998 0.014268 0.03938 -0.0020419 0.010756 -0.0054361
-0.13369 0.048408 0.7213 -0.17649 0.47708 0.1521 -0.0013106 -0.038658 0.030495 -0.012201 -0.0021496 0.010635
-0.13286 0.079616 0.74339 -0.17787 0.47937 0.14936 0.00082281 0.031208 0.022091 -0.0013828 0.0022949 -0.0027428
-0.12999 0.078338 0.7046 -0.17956 0.48823 0.15468 0.0028745 -0.0012783 -0.038791 -0.0016838 0.0088608 0.0053171
-0.13008 0.081688 0.74469 -0.18674 0.49048 0.15312 -8.5239e-05 0.0033506 0.040087 -0.0071848 0.0022469 -0.001556
-0.13387 0.020827 0.81491 -0.20313 0.50881 0.15489 -0.0037946 -0.060861 0.070221 -0.016388 0.018335 0.0017661
-0.12448 0.035355 0.91417 -0.22578 0.5328 0.15754 0.0093898 0.014527 0.099261 -0.02265 0.023988 0.0026509
-0.13624 0.030197 0.97034 -0.22335 0.54758 0.15272 -0.01176 -0.0051578 0.056171 0.0024339 0.014776 -0.0048193
-0.12096 0.11722 0.9258 -0.23704 0.55669 0.14518 0.015283 0.087024 -0.044541 -0.013691 0.0091143 -0.0075437
-0.13913 0.12381 0.88937 -0.21557 0.54598 0.14461 -0.018174 0.0065851 -0.036423 0.021469 -0.010714 -0.00056683
-0.13329 0.1411 0.82514 -0.19975 0.52741 0.1392 0.0058401 0.017295 -0.06424 0.015819 -0.018569 -0.0054115
-0.13611 0.10778 0.82452 -0.18048 0.52597 0.15059 -0.0028178 -0.033319 -0.00061917 0.019268 -0.0014429 0.011396
-0.13076 0.074818 0.81949 -0.1662 0.53189 0.15456 0.0053449 -0.032964 -0.0050234 0.014285 0.0059267 0.0039671
-0.12647 0.068051 0.86219 -0.18349 0.54305 0.15593 0.0042907 -0.0067671 0.042694 -0.01729 0.011152 0.0013682
-0.12928 0.054348 0.85298 -0.17796 0.55208 0.15533 -0.0028049 -0.013703 -0.0092024 0.005531 0.0090292 -0.00059775
-0.12849 0.084466 0.83558 -0.17164 0.53079 0.14244 0.00078931 0.030117 -0.017403 0.0063221 -0.021289 -0.012895
-0.1291 0.064813 0.82769 -0.16554 0.54012 0.14512 -0.00060594 -0.019653 -0.0078953 0.0060921 0.0093315 0.0026845
-0.12668 0.062656 0.8099 -0.16125 0.52315 0.14459 0.0024133 -0.0021573 -0.017786 0.0042953 -0.016969 -0.00052802
-0.12764 0.039026 0.88366 -0.18502 0.54618 0.1504 -0.00095539 -0.02363 0.073757 -0.023774 0.02303 0.0058077
-0.12452 0.049249 0.8475 -0.17235 0.53625 0.15007 0.0031218 0.010223 -0.036155 0.012669 -0.0099244 -0.00033403
-0.12072 0.06221 0.86818 -0.17706 0.54093 0.14484 0.0037933 0.012961 0.020675 -0.0047033 0.0046726 -0.0052284
-0.12042 0.036646 0.84015 -0.1588 0.53556 0.14889 0.00030737 -0.025565 -0.028021 0.018256 -0.0053641 0.0040497
-0.12439 0.055978 0.89574 -0.17726 0.56386 0.14644 -0.0039704 0.019333 0.055588 -0.01846 0.028295 -0.0024468
-0.1279 0.036999 0.89881 -0.18345 0.55341 0.14565 -0.0035179 -0.018979 0.0030656 -0.006191 -0.010448 -0.00079118
-0.12923 0.10341 0.90462 -0.22032 0.58404 0.13051 -0.0013245 0.066415 0.0058154 -0.036866 0.030633 -0.015142
-0.1233 0.076335 0.84537 -0.23869 0.5151 0.11712 0.0059261 -0.027079 -0.059254 -0.018368 -0.068943 -0.013391
-0.12998 0.090268 0.84125 -0.26243 0.52301 0.11086 -0.0066803 0.013933 -0.0041173 -0.023738 0.0079131 -0.0062531
-0.13062 0.065634 0.82301 -0.25791 0.48421 0.11178 -0.00063372 -0.024634 -0.018244 0.0045176 -0.038802 0.00092044
-0.13894 0.087051 0.82759 -0.2271 0.50959 0.11228 -0.0083262 0.021417 0.0045797 0.030808 0.02538 0.00050021
-0.1366 0.071109 0.8271 -0.22305 0.51876 0.11922 0.0023466 -0.015942 -0.00048665 0.0040546 0.009167 0.0069404
-0.13418 0.079108 0.85152 -0.22165 0.53075 0.11884 0.002419 0.0079986 0.024418 0.0013969 0.011994 -0.0003831
-0.13615 0.059287 0.86349 -0.23774 0.53049 0.12956 -0.0019767 -0.019821 0.011972 -0.016088 -0.0002563 0.010714
-0.13309 0.080423 0.89916 -0.26369 0.54192 0.12481 0.0030603 0.021136 0.03567 -0.025949 0.011423 -0.0047437
-0.13121 0.067412 0.88704 -0.25102 0.53216 0.12414 0.0018824 -0.013011 -0.012126 0.012662 -0.0097545 -0.00067197
-0.13428 0.06725 0.90498 -0.27712 0.53773 0.11707 -0.0030718 -0.00016153 0.017947 -0.026102 0.0055719 -0.0070732
-0.13185 0.068276 0.8522 -0.24158 0.52006 0.11988 0.00243 0.0010262 -0.052781 0.035545 -0.017674 0.0028142
-0.1435 0.078529 0.84847 -0.25156 0.52051 0.11981 -0.01165 0.010253 -0.0037271 -0.0099845 0.00044585 -7.1702e-05
-0.13689 0.084169 0.79162 -0.22491 0.51201 0.12293 0.00661 0.0056402 -0.056849 0.026652 -0.0084954 0.0031165
-0.13709 0.076774 0.80857 -0.2495 0.5085 0.11927 -0.00020016 -0.0073952 0.016944 -0.024584 -0.0035084 -0.0036524
-0.13032 0.07142 0.7907 -0.24072 0.51273 0.12503 0.006777 -0.005354 -0.017871 0.0087771 0.0042228 0.0057554
-0.13452 0.074364 0.78949 -0.2085 0.51518 0.1192 -0.0042086 0.0029433 -0.0012108 0.032222 0.0024525 -0.0058306
-0.14452 0.079163 0.78881 -0.1855 0.52572 0.11981 -0.0099918 0.0047993 -0.00067348 0.022997 0.010543 0.00061539
-0.15514 0.080642 0.76677 -0.12533 0.52006 0.10262 -0.010625 0.0014788 -0.022045 0.060168 -0.0056619 -0.017189
-0.15953 0.079176 0.78216 -0.1484 0.50696 0.1022 -0.0043917 -0.0014654 0.015389 -0.023066 -0.013101 -0.00042726
-0.15583 0.07893 0.78855 -0.14038 0.51107 0.10143 0.0036982 -0.00024578 0.0063884 0.0080126 0.00411 -0.00076675
-0.14671 0.066665 0.81357 -0.16373 0.51345 0.11064 0.0091231 -0.012266 0.025026 -0.023349 0.0023836 0.0092134
-0.14618 0.082298 0.83498 -0.16556 0.53081 0.10978 0.00052691 0.015633 0.021404 -0.0018274 0.017354 -0.00086306
-0.14347 0.058327 0.83367 -0.15545 0.53046 0.11356 0.0027186 -0.023971 -0.0013081 0.010113 -0.00034482 0.0037741
-0.14916 0.081115 0.82578 -0.1645 0.53393 0.11255 -0.0056972 0.022788 -0.0078882 -0.0090497 0.0034726 -0.0010055
-0.14512 0.064091 0.81953 -0.16929 0.53474 0.12305 0.0040385 -0.017024 -0.0062459 -0.0047928 0.0008035 0.010499
-0.14552 0.1003 0.78841 -0.19136 0.53635 0.12371 -0.00039891 0.036206 -0.031121 -0.022067 0.0016086 0.00066264
-0.14363 0.081675 0.8257 -0.18532 0.53336 0.12111 0.0018901 -0.018622 0.037287 0.0060364 -0.002988 -0.0026022
-0.14408 0.08629 0.82819 -0.18967 0.535 0.12056 -0.00045012 0.004615 0.0024881 -0.0043477 0.0016457 -0.00055296
-0.14497 0.065051 0.87107 -0.17897 0.53348 0.11478 -0.00088801 -0.021238 0.04288 0.010703 -0.0015195 -0.0057723
-0.14407 0.069762 0.88228 -0.18951 0.54789 0.11926 0.00089939 0.0047105 0.011208 -0.010542 0.014404 0.0044772
-0.14379 0.077189 0.8778 -0.19399 0.54215 0.11544 0.00028557 0.0074267 -0.0044734 -0.0044825 -0.0057375 -0.003821
-0.14559 0.08184 0.87348 -0.19124 0.54977 0.1169 -0.0018039 0.0046511 -0.0043274 0.0027469 0.0076174 0.0014599
-0.14439 0.071395 0.88249 -0.20665 0.53397 0.11422 0.0012052 -0.010445 0.009016 -0.015407 -0.015797 -0.0026788
-0.14648 0.086449 0.86121 -0.18806 0.54391 0.11577 -0.002096 0.015054 -0.021285 0.018589 0.0099396 0.0015467
-0.14618 0.075427 0.8791 -0.20177 0.53071 0.11254 0.00029817 -0.011022 0.017896 -0.013706 -0.013203 -0.0032251
-0.14552 0.080863 0.86441 -0.19035 0.5398 0.11209 0.00066667 0.0054356 -0.01469 0.01142 0.0090946 -0.00045489
-0.14829 0.066173 0.87284 -0.18659 0.53007 0.10964 -0.0027753 -0.01469 0.0084231 0.0037589 -0.0097347 -0.0024488
-0.14576 0.057513 0.90484 -0.22635 0.51983 0.10466 0.0025285 -0.0086599 0.032003 -0.039761 -0.01024 -0.0049746
-0.14611 0.056154 0.91199 -0.20756 0.53059 0.11314 -0.00034405 -0.0013589 0.0071481 0.018795 0.010767 0.0084769
-0.1409 0.065082 0.90923 -0.23253 0.52132 0.11496 0.0052079 0.0089283 -0.0027556 -0.024975 -0.0092764 0.0018161
-0.1359 0.080022 0.85665 -0.203 0.52792 0.12549 0.004995 0.01494 -0.052577 0.029529 0.0065977 0.010529
