8.7112e-06 0.0040358 -0.0033242 -0.00035461 -0.00031057 4.0249e-05 0 0 0 0 0 0
3.002e-05 -0.0097161 0.033933 0.0037168 5.7064e-06 5.11e-05 2.1309e-05 -0.013752 0.037257 0.0040714 0.00031627 1.085e-05
-2.9716e-05 0.016109 0.041082 0.0014145 0.00040732 -4.1189e-05 -5.9736e-05 0.025825 0.0071491 -0.0023023 0.00040162 -9.2289e-05
1.0376e-05 0.030727 0.072469 0.0019415 -0.00029452 4.8357e-05 4.0092e-05 0.014618 0.031387 0.00052699 -0.00070184 8.9547e-05
-1.1707e-06 0.066057 0.082397 0.00081659 -0.00062006 -7.9666e-05 -1.1547e-05 0.03533 0.0099283 -0.0011249 -0.00032555 -0.00012802
-3.16e-05 0.05385 0.11382 -2.6937e-05 0.0012212 -0.00010403 -3.0429e-05 -0.012206 0.031426 -0.00084352 0.0018412 -2.4363e-05
0.00011497 0.045697 0.16334 0.013301 0.00034431 0.00044399 0.00014657 -0.0081535 0.049513 0.013328 -0.00087686 0.00054802
6.9432e-06 0.037072 0.16509 0.011175 0.0038944 -0.000174 -0.00010803 -0.0086252 0.0017553 -0.0021268 0.00355 -0.00061799
-0.00027651 0.060509 0.14906 0.011577 0.00041779 -0.0010502 -0.00028345 0.023438 -0.016033 0.00040201 -0.0034766 -0.00087617
0.00050719 0.068373 0.12113 -0.0024313 0.0011186 0.0014655 0.0007837 0.0078637 -0.027929 -0.014008 0.00070082 0.0025157
0.0001848 0.059375 0.12822 -0.011275 -0.0006369 0.0012218 -0.00032239 -0.0089982 0.0070929 -0.0088434 -0.0017555 -0.00024368
0.0014678 0.063963 0.14904 -0.015933 -6.9758e-05 0.0062156 0.001283 0.0045881 0.020819 -0.0046579 0.00056714 0.0049937
0.00030715 0.064486 0.16235 -0.011843 0.00024004 0.0041006 -0.0011607 0.00052359 0.013311 0.0040892 0.0003098 -0.0021149
0.00073912 0.08711 0.14605 -0.013754 -0.00031269 0.0016175 0.00043196 0.022623 -0.0163 -0.0019101 -0.00055273 -0.0024831
-0.0011184 0.094232 0.12021 -0.022871 0.00028862 0.0026149 -0.0018575 0.0071224 -0.025837 -0.0091169 0.00060131 0.00099745
0.00017385 0.08465 0.10217 -0.034233 0.00031766 0.0002499 0.0012922 -0.0095822 -0.018041 -0.011362 2.9039e-05 -0.002365
0.002116 0.091525 0.096355 -0.045141 0.0052282 0.0039575 0.0019422 0.0068757 -0.0058179 -0.010908 0.0049106 0.0037076
-0.0026517 0.071812 0.1007 -0.037498 -0.0012439 0.0032278 -0.0047677 -0.019713 0.0043464 0.0076425 -0.0064722 -0.00072974
-0.0021571 0.072316 0.13198 -0.033708 0.0028453 0.00060655 0.0004946 0.00050371 0.031278 0.0037901 0.0040892 -0.0026213
-0.0084268 0.062484 0.12373 -0.030294 -0.0063849 -0.0011948 -0.0062697 -0.0098314 -0.0082545 0.0034144 -0.0092302 -0.0018013
-0.0084918 0.06118 0.14053 -0.032629 0.00055993 0.0018229 -6.4931e-05 -0.0013045 0.016804 -0.0023348 0.0069449 0.0030176
-0.0039663 0.063981 0.12569 -0.025579 -0.0023732 0.0015725 0.0045255 0.002801 -0.014843 0.00705 -0.0029331 -0.00025039
-0.014848 0.064507 0.12634 -0.020103 -0.00036286 0.01145 -0.010882 0.0005265 0.00065345 0.005476 0.0020103 0.009878
-0.012023 0.06051 0.13217 -0.012609 0.0023729 0.011151 0.0028246 -0.0039975 0.0058321 0.0074939 0.0027358 -0.00029912
-0.016245 0.079774 0.11233 -0.020297 0.00071251 0.015904 -0.0042218 0.019264 -0.019841 -0.007688 -0.0016604 0.0047528
-0.01068 0.077597 0.095282 -0.036127 0.0097237 0.020824 0.0055648 -0.0021772 -0.017048 -0.01583 0.0090112 0.0049197
-0.0054743 0.086217 0.087564 -0.035994 -0.0017093 0.024361 0.0052061 0.0086205 -0.0077182 0.00013276 -0.011433 0.0035368
-0.0079752 0.064953 0.0977 -0.03876 0.010642 0.022675 -0.0025008 -0.021264 0.010136 -0.002766 0.012351 -0.0016858
-0.010126 0.055218 0.12979 -0.022839 0.0040052 0.01932 -0.0021506 -0.0097351 0.032093 0.015921 -0.0066363 -0.0033554
-0.0070252 0.057705 0.14885 -0.023284 0.017917 0.0079326 0.0031006 0.0024865 0.019056 -0.00044571 0.013911 -0.011387
-0.0073782 0.068698 0.14944 -0.023151 0.010577 0.0091205 -0.00035301 0.010994 0.00059286 0.0001335 -0.0073398 0.0011879
-0.0032332 0.076865 0.15257 -0.036221 0.0065496 0.007981 0.004145 0.0081666 0.0031297 -0.01307 -0.0040272 -0.0011395
-0.0049796 0.072829 0.14967 -0.034218 0.0013796 0.0097599 -0.0017464 -0.0040356 -0.0029003 0.0020034 -0.00517 0.0017789
-0.0067093 0.072898 0.15655 -0.0401 -6.1883e-05 0.01254 -0.0017298 6.8902e-05 0.006876 -0.0058823 -0.0014415 0.0027796
-0.0067138 0.081145 0.15522 -0.032984 0.0045081 0.014268 -4.4822e-06 0.0082473 -0.001329 0.0071162 0.00457 0.0017281
-0.0089866 0.084219 0.148 -0.040453 -0.0016317 0.020906 -0.0022728 0.0030733 -0.0072159 -0.007469 -0.0061399 0.006638
-0.0052703 0.09163 0.14969 -0.041663 0.00499 0.02327 0.0037163 0.0074111 0.0016862 -0.0012096 0.0066217 0.0023645
-0.0054969 0.06529 0.14535 -0.047615 -0.0016571 0.023329 -0.00022658 -0.02634 -0.004335 -0.0059524 -0.0066471 5.841e-05
-0.0065419 0.07238 0.13456 -0.0361 0.0097488 0.023689 -0.0010449 0.00709 -0.010797 0.011515 0.011406 0.00036034
-0.012472 0.069071 0.12282 -0.034739 0.0055037 0.024953 -0.0059303 -0.0033083 -0.011735 0.0013604 -0.0042452 0.0012646
-0.016511 0.086632 0.10351 -0.027776 0.003496 0.019608 -0.0040389 0.017561 -0.019316 0.0069629 -0.0020077 -0.0053458
-0.014849 0.092434 0.1197 -0.031337 -0.00092701 0.022061 0.0016622 0.0058011 0.016191 -0.0035607 -0.004423 0.0024535
-0.010999 0.090081 0.12693 -0.024428 -0.0086053 0.010507 0.0038499 -0.0023523 0.0072382 0.0069089 -0.0076783 -0.011554
-0.012408 0.069485 0.15738 -0.061249 -0.0015263 0.022056 -0.0014089 -0.020596 0.030441 -0.036821 0.007079 0.011549
-0.013036 0.09854 0.11567 -0.043578 -0.0047189 0.019285 -0.00062853 0.029055 -0.041705 0.017671 -0.0031925 -0.0027708
-0.019129 0.069133 0.10993 -0.10329 0.001949 0.025433 -0.0060931 -0.029407 -0.0057445 -0.059711 0.0066678 0.0061484
-0.012206 0.0687 0.08861 -0.042823 -0.0031609 0.024153 0.0069231 -0.00043365 -0.021317 0.060466 -0.0051098 -0.0012804
-0.011413 0.044386 0.1101 -0.062357 0.0020148 0.021509 0.00079302 -0.024314 0.021492 -0.019534 0.0051757 -0.0026437
-0.0054053 0.03693 0.1445 -0.027704 0.0029253 0.023844 0.0060079 -0.0074563 0.034395 0.034653 0.00091051 0.0023344
-0.0037444 0.068434 0.13387 -0.049413 0.0065359 0.024956 0.001661 0.031505 -0.010627 -0.021709 0.0036106 0.0011127
-0.0022867 0.071297 0.14488 -0.056147 0.0028949 0.024463 0.0014577 0.0028626 0.011006 -0.006734 -0.0036409 -0.00049359
0.00057711 0.077903 0.1253 -0.059938 -0.0010315 0.028384 0.0028638 0.006606 -0.019571 -0.0037904 -0.0039264 0.0039216
0.0042353 0.061645 0.15577 -0.053868 0.0032442 0.026364 0.0036582 -0.016258 0.030467 0.0060692 0.0042756 -0.0020204
0.0034799 0.06224 0.15843 -0.053175 0.0089519 0.02861 -0.00075535 0.00059551 0.0026628 0.00069319 0.0057077 0.0022464
0.0070857 0.053067 0.19039 -0.051669 0.015494 0.0277 0.0036057 -0.0091734 0.031959 0.0015064 0.0065419 -0.00090987
0.0015032 0.057445 0.19087 -0.043109 0.018643 0.02758 -0.0055825 0.0043784 0.000478 0.0085595 0.0031489 -0.00012056
0.0027711 0.072276 0.16958 -0.045855 0.008815 0.020611 0.001268 0.014831 -0.021294 -0.0027463 -0.0098278 -0.0069684
0.004749 0.061901 0.17414 -0.047641 0.010426 0.027166 0.0019778 -0.010375 0.0045629 -0.001785 0.0016112 0.0065542
0.0044567 0.09387 0.13255 -0.06236 0.0024414 0.014592 -0.00029228 0.031969 -0.041592 -0.01472 -0.0079848 -0.012574
0.0030713 0.078953 0.15146 -0.067653 0.0071333 0.029308 -0.0013853 -0.014917 0.018912 -0.0052932 0.0046919 0.014716
-0.0011605 0.095806 0.12849 -0.061324 0.0088057 0.020281 -0.0042318 0.016853 -0.022966 0.0063289 0.0016724 -0.0090266
-0.0042488 0.1018 0.11437 -0.063143 0.014881 0.026095 -0.0030883 0.0059942 -0.014127 -0.0018183 0.006075 0.0058138
0.0046384 0.075381 0.11737 -0.051826 0.0092966 0.022934 0.0088872 -0.02642 0.0030065 0.011317 -0.0055841 -0.0031612
0.0031291 0.099332 0.099227 -0.052895 0.0086905 0.022631 -0.0015093 0.023951 -0.018146 -0.0010686 -0.00060606 -0.00030232
0.0057196 0.074487 0.12476 -0.038513 0.0026095 0.024159 0.0025905 -0.024845 0.025533 0.014382 -0.006081 0.0015275
-0.0012102 0.075751 0.12867 -0.031474 0.0082136 0.034505 -0.0069298 0.001264 0.0039126 0.0070385 0.0056041 0.010346
-0.0027949 0.081537 0.14208 -0.038371 0.01405 0.034942 -0.0015848 0.0057865 0.01341 -0.0068963 0.0058364 0.00043725
-0.0044646 0.067621 0.1491 -0.044068 0.013968 0.047714 -0.0016696 -0.013917 0.0070192 -0.0056973 -8.2173e-05 0.012772
-0.0026375 0.085574 0.14612 -0.057046 0.010526 0.037867 0.0018271 0.017954 -0.0029834 -0.012978 -0.0034419 -0.0098474
-0.0035189 0.089505 0.14091 -0.061251 0.010175 0.04004 -0.00088144 0.0039305 -0.0052062 -0.0042049 -0.00035106 0.0021736
-0.0033658 0.081723 0.12177 -0.058779 0.0083932 0.035175 0.00015313 -0.0077814 -0.019139 0.0024716 -0.0017817 -0.0048656
-0.0058284 0.092241 0.12334 -0.069165 0.017309 0.035473 -0.0024626 0.010517 0.0015664 -0.010385 0.0089163 0.00029827
-0.0037028 0.072903 0.12467 -0.061056 0.023176 0.040266 0.0021256 -0.019338 0.0013256 0.0081088 0.0058667 0.0047934
-0.0043364 0.075172 0.13244 -0.068844 0.027306 0.033509 -0.00063365 0.0022693 0.0077705 -0.0077884 0.0041296 -0.006757
-0.0058817 0.075416 0.14299 -0.052155 0.024637 0.036951 -0.0015453 0.00024323 0.010557 0.016689 -0.0026692 0.0034417
-0.0082681 0.078373 0.13169 -0.058693 0.020223 0.032087 -0.0023864 0.0029569 -0.011308 -0.0065382 -0.0044131 -0.0048643
-0.014944 0.078387 0.14796 -0.039859 0.016545 0.030981 -0.0066758 1.4041e-05 0.016273 0.018835 -0.0036785 -0.0011061
-0.0063636 0.079401 0.15441 -0.049627 0.024998 0.033644 0.0085803 0.0010145 0.0064473 -0.009768 0.0084527 0.0026633
-0.0045809 0.067801 0.15029 -0.035725 0.029405 0.02586 0.0017827 -0.0116 -0.0041209 0.013902 0.0044068 -0.0077839
-0.00098735 0.090895 0.13897 -0.041971 0.03065 0.029848 0.0035936 0.023093 -0.011312 -0.0062454 0.0012458 0.0039876
-0.0018466 0.055432 0.13979 -0.041369 0.031192 0.023149 -0.00085924 -0.035463 0.00081948 0.00060176 0.00054129 -0.0066984
-0.0056135 0.07188 0.15369 -0.03651 0.030808 0.029336 -0.0037669 0.016448 0.013898 0.0048589 -0.0003834 0.0061865
-0.0039527 0.057955 0.16896 -0.044697 0.033883 0.028073 0.0016608 -0.013925 0.01527 -0.0081868 0.0030753 -0.0012628
-0.0028867 0.085583 0.17319 -0.04385 0.035288 0.035124 0.0010659 0.027628 0.0042328 0.00084681 0.001404 0.0070508
-0.0038854 0.077441 0.16057 -0.053033 0.034319 0.026328 -0.00099866 -0.0081425 -0.012621 -0.0091828 -0.00096825 -0.0087954
-0.0048704 0.076975 0.16123 -0.048796 0.03406 0.02899 -0.00098502 -0.00046566 0.00065223 0.0042369 -0.00025967 0.0026611
-0.0028529 0.049019 0.17511 -0.039559 0.038634 0.021228 0.0020175 -0.027956 0.013883 0.0092363 0.0045747 -0.0077617
-0.0019307 0.053644 0.176 -0.035125 0.040359 0.021248 0.00092214 0.0046253 0.00089451 0.0044347 0.0017245 2.0243e-05
0.0024043 0.05858 0.20055 -0.02752 0.044603 0.026302 0.004335 0.0049361 0.024544 0.0076047 0.0042443 0.0050538
0.0010746 0.055477 0.19025 -0.029238 0.042337 0.027015 -0.0013297 -0.0031031 -0.010293 -0.0017176 -0.0022661 0.00071269
-0.0017996 0.068608 0.20302 -0.025868 0.039961 0.036291 -0.0028742 0.01313 0.012763 0.0033693 -0.0023761 0.0092762
-0.0033262 0.060443 0.18745 -0.024798 0.034775 0.035096 -0.0015266 -0.0081647 -0.015569 0.0010706 -0.0051854 -0.001195
-0.0048421 0.068701 0.18329 -0.037379 0.034751 0.036572 -0.0015159 0.0082579 -0.0041606 -0.012581 -2.4021e-05 0.0014761
-0.0033424 0.07297 0.17721 -0.04118 0.030018 0.036955 0.0014997 0.004269 -0.0060728 -0.0038013 -0.004733 0.00038335
-0.0037465 0.079031 0.15854 -0.048635 0.027086 0.031535 -0.00040409 0.0060613 -0.018674 -0.0074546 -0.0029326 -0.0054201
-0.004992 0.086789 0.16459 -0.054586 0.018726 0.037159 -0.0012455 0.0077579 0.0060531 -0.0059508 -0.0083593 0.0056242
-0.002424 0.079385 0.14161 -0.049897 0.019632 0.030817 0.002568 -0.0074042 -0.022983 0.0046882 0.00090556 -0.0063422
-0.0030831 0.076594 0.15405 -0.059963 0.019664 0.039031 -0.00065904 -0.0027904 0.012436 -0.010066 3.2229e-05 0.0082138
-0.0024238 0.077808 0.14685 -0.055819 0.029884 0.038003 0.00065929 0.0012139 -0.0072006 0.0041441 0.01022 -0.0010284
-0.0027849 0.058528 0.18037 -0.058593 0.032128 0.030444 -0.00036117 -0.01928 0.033528 -0.0027734 0.0022439 -0.007559
-0.0072737 0.090714 0.15924 -0.061843 0.033244 0.03616 -0.0044887 0.032187 -0.021135 -0.0032499 0.0011156 0.0057165
-0.0010365 0.070709 0.17397 -0.05802 0.032478 0.021502 0.0062371 -0.020005 0.014733 0.0038225 -0.00076563 -0.014658
-0.0051465 0.10064 0.11855 -0.062612 0.027657 0.032491 -0.0041099 0.029931 -0.055424 -0.0045914 -0.0048206 0.010989
-0.0012876 0.081174 0.14697 -0.051245 0.030032 0.022518 0.0038588 -0.019467 0.028418 0.011367 0.0023748 -0.009973
-0.0046128 0.084433 0.12913 -0.058087 0.028144 0.03742 -0.0033252 0.0032591 -0.017836 -0.0068423 -0.0018884 0.014902
-0.0054319 0.063351 0.17118 -0.053011 0.027698 0.03448 -0.00081907 -0.021082 0.042052 0.0050764 -0.00044583 -0.0029401
-0.0018581 0.076614 0.14888 -0.061919 0.028048 0.040876 0.0035737 0.013262 -0.022305 -0.0089082 0.00035026 0.0063962
-0.0034242 0.065749 0.14387 -0.064398 0.025218 0.034818 -0.001566 -0.010865 -0.0050077 -0.0024788 -0.0028307 -0.0060577
-0.0018201 0.069518 0.13254 -0.060016 0.029664 0.03183 0.001604 0.0037688 -0.011331 0.0043821 0.0044459 -0.0029881
-0.0076426 0.077265 0.13169 -0.064341 0.022318 0.035667 -0.0058225 0.007747 -0.00084812 -0.0043254 -0.007346 0.0038376
-0.010015 0.067588 0.14145 -0.057282 0.020295 0.036903 -0.0023721 -0.0096766 0.009754 0.0070596 -0.0020229 0.0012353
-0.010136 0.085688 0.14012 -0.061665 0.015238 0.038628 -0.00012169 0.0181 -0.0013299 -0.0043837 -0.0050568 0.001725
-0.010125 0.0738 0.14085 -0.063491 0.011061 0.041322 1.165e-05 -0.011887 0.00073695 -0.0018253 -0.0041766 0.0026938
-0.010291 0.075867 0.12934 -0.060524 0.017067 0.038431 -0.00016659 0.0020665 -0.01151 0.0029668 0.0060057 -0.0028909
-0.010471 0.073596 0.14656 -0.067663 0.0215 0.041454 -0.00017959 -0.0022711 0.017219 -0.0071391 0.0044328 0.0030233
-0.0089919 0.058629 0.15058 -0.061644 0.031827 0.039316 0.0014791 -0.014967 0.0040186 0.0060186 0.010327 -0.0021382
-0.0054325 0.074821 0.15659 -0.060965 0.038744 0.039867 0.0035593 0.016192 0.0060124 0.00067906 0.0069174 0.0005515
-0.0029429 0.062062 0.16859 -0.051247 0.040506 0.043543 0.0024897 -0.012759 0.011998 0.0097181 0.0017615 0.0036753
-0.0062266 0.058585 0.15379 -0.033054 0.034881 0.039913 -0.0032837 -0.003477 -0.014803 0.018193 -0.0056253 -0.0036297
-0.0081061 0.070674 0.1467 -0.031623 0.028197 0.038735 -0.0018795 0.012089 -0.0070868 0.001431 -0.0066835 -0.0011783
-0.0077017 0.050479 0.15362 -0.039429 0.024778 0.034335 0.00040442 -0.020195 0.0069155 -0.0078062 -0.0034193 -0.0043994
-0.0066776 0.073588 0.12285 -0.046685 0.011981 0.03233 0.001024 0.02311 -0.030771 -0.0072561 -0.012797 -0.0020055
-0.0072893 0.076753 0.12672 -0.059492 0.02363 0.040409 -0.00061167 0.003165 0.003873 -0.012807 0.011649 0.0080788
-0.0085673 0.034349 0.13348 -0.040089 0.014321 0.036909 -0.001278 -0.042405 0.0067571 0.019403 -0.0093085 -0.0035
-0.018191 0.054417 0.10992 -0.039324 0.029721 0.040511 -0.009624 0.020069 -0.02356 0.00076527 0.0154 0.0036024
-0.014729 0.02138 0.14368 -0.043383 0.03272 0.033105 0.0034617 -0.033037 0.033766 -0.0040594 0.0029983 -0.0074058
-0.016664 0.043864 0.12685 -0.040741 0.031566 0.036639 -0.0019345 0.022484 -0.016833 0.0026418 -0.0011535 0.0035333
-0.010895 0.051327 0.14101 -0.05445 0.031997 0.03447 0.0057688 0.0074625 0.014164 -0.013709 0.00043026 -0.0021683
-0.0071369 0.047242 0.15891 -0.038531 0.024571 0.036259 0.0037583 -0.0040849 0.0179 0.015919 -0.007426 0.0017886
-0.0094078 0.048769 0.14426 -0.04491 0.024633 0.039218 -0.002271 0.001527 -0.014653 -0.0063784 6.2769e-05 0.0029593
-0.0072865 0.050637 0.15534 -0.041532 0.035506 0.040014 0.0021213 0.0018683 0.011079 0.0033772 0.010872 0.00079582
-0.0080474 0.052211 0.14103 -0.04757 0.032155 0.054081 -0.00076086 0.0015736 -0.014305 -0.0060373 -0.0033506 0.014066
-0.0060019 0.048511 0.14738 -0.049725 0.043315 0.058988 0.0020455 -0.0036992 0.00635 -0.0021554 0.01116 0.0049074
-0.0025447 0.056537 0.15393 -0.048294 0.031409 0.052203 0.0034572 0.0080255 0.006546 0.0014309 -0.011905 -0.0067848
-0.0044102 0.046388 0.16832 -0.041721 0.034903 0.052551 -0.0018656 -0.010148 0.014388 0.0065735 0.003494 0.0003475
0.0047051 0.057137 0.17979 -0.040237 0.029008 0.030014 0.0091153 0.010749 0.011467 0.0014833 -0.0058957 -0.022537
0.0022588 0.054852 0.18297 -0.037226 0.034281 0.044608 -0.0024462 -0.0022853 0.0031868 0.0030111 0.0052729 0.014594
0.0091777 0.056388 0.17976 -0.04281 0.03945 0.041334 0.0069189 0.0015364 -0.0032158 -0.0055839 0.0051689 -0.0032734
0.00076973 0.056389 0.17086 -0.032752 0.040502 0.050087 -0.0084079 4.7395e-07 -0.0088972 0.010058 0.0010524 0.0087529
-0.00033021 0.065729 0.15942 -0.036649 0.037227 0.050043 -0.0010999 0.0093398 -0.011436 -0.0038971 -0.0032754 -4.464e-05
-0.0037877 0.05571 0.16793 -0.031444 0.034198 0.042133 -0.0034575 -0.010019 0.0085027 0.0052053 -0.003029 -0.0079096
0.0021463 0.059672 0.16589 -0.042483 0.037941 0.049334 0.005934 0.0039626 -0.0020321 -0.011039 0.0037437 0.0072005
-0.0045542 0.051365 0.18867 -0.046567 0.037245 0.033047 -0.0067005 -0.0083078 0.022772 -0.004084 -0.0006968 -0.016287
-0.0052822 0.086132 0.14299 -0.042682 0.038591 0.039979 -0.00072799 0.034768 -0.045676 0.0038852 0.001346 0.0069323
-0.013566 0.1047 0.14087 -0.059594 0.028288 0.028921 -0.0082837 0.01857 -0.0021164 -0.016912 -0.010303 -0.011058
-0.012378 0.067004 0.11978 -0.038981 0.0355 0.048208 0.0011878 -0.037698 -0.021091 0.020613 0.0072125 0.019287
-0.0039508 0.080129 0.13552 -0.062534 0.037028 0.058064 0.0084274 0.013125 0.015737 -0.023554 0.0015274 0.0098557
-0.0063767 0.03083 0.1547 -0.039811 0.037826 0.066957 -0.0024259 -0.049299 0.019178 0.022723 0.00079866 0.008893
-0.0038462 0.098974 0.13273 -0.055302 0.038229 0.063628 0.0025304 0.068144 -0.021966 -0.015491 0.00040251 -0.0033284
-0.0039275 0.069232 0.15365 -0.046666 0.028914 0.061258 -8.1313e-05 -0.029743 0.020916 0.0086361 -0.0093146 -0.0023698
-0.0043926 0.06551 0.16611 -0.041126 0.038237 0.056096 -0.00046511 -0.0037215 0.012462 0.0055399 0.0093227 -0.0051624
0.0021477 0.06246 0.16509 -0.04246 0.031333 0.062189 0.0065403 -0.0030509 -0.0010184 -0.0013336 -0.006904 0.0060928
-0.0010271 0.068901 0.18116 -0.044487 0.031916 0.056829 -0.0031747 0.0064418 0.016072 -0.002027 0.00058336 -0.00536
0.00017791 0.088036 0.14754 -0.05901 0.022804 0.057253 0.001205 0.019134 -0.033626 -0.014524 -0.0091121 0.00042459
0.0016091 0.095167 0.16421 -0.054175 0.023677 0.057299 0.0014312 0.0071312 0.016672 0.0048351 0.00087283 4.528e-05
0.0030058 0.069663 0.17095 -0.056432 0.022926 0.056625 0.0013967 -0.025504 0.0067379 -0.0022566 -0.00075087 -0.0006736
0.0061355 0.092442 0.1672 -0.040743 0.022129 0.064491 0.0031297 0.022779 -0.0037435 0.015689 -0.00079696 0.0078662
0.0050273 0.093963 0.17706 -0.052298 0.022164 0.062781 -0.0011082 0.0015215 0.0098552 -0.011555 3.4538e-05 -0.0017098
0.0071615 0.095693 0.17258 -0.052494 0.019689 0.068397 0.0021342 0.0017296 -0.0044822 -0.00019621 -0.0024746 0.0056158
0.0031054 0.12134 0.15611 -0.059256 0.028893 0.068985 -0.0040561 0.025651 -0.016464 -0.0067619 0.0092035 0.00058742
0.0049317 0.11366 0.14786 -0.064129 0.028492 0.068593 0.0018263 -0.007688 -0.0082522 -0.0048735 -0.00040062 -0.00039141
0.00070833 0.11107 0.15072 -0.062995 0.026139 0.070746 -0.0042234 -0.0025813 0.0028611 0.0011343 -0.0023536 0.0021524
0.0010406 0.11778 0.14233 -0.065069 0.022781 0.067882 0.00033224 0.0067057 -0.0083903 -0.0020741 -0.0033571 -0.0028642
-0.0015187 0.1041 0.16849 -0.061777 0.018228 0.067693 -0.0025593 -0.01368 0.02616 0.0032922 -0.0045534 -0.00018835
-0.00091165 0.10806 0.15225 -0.066924 0.021571 0.073607 0.00060708 0.0039614 -0.01624 -0.0051466 0.0033427 0.0059138
-0.0011844 0.12232 0.15143 -0.065763 0.028415 0.06701 -0.00027279 0.01426 -0.00082519 0.0011609 0.0068442 -0.0065969
-0.00091796 0.10191 0.15745 -0.077154 0.021901 0.080799 0.00026647 -0.020407 0.006026 -0.011391 -0.0065137 0.013789
0.0028731 0.10598 0.15388 -0.064489 0.030923 0.065037 0.003791 0.004063 -0.00357 0.012665 0.009022 -0.015762
0.00084575 0.10937 0.15734 -0.064577 0.020744 0.070241 -0.0020273 0.0033895 0.0034563 -8.7562e-05 -0.010179 0.0052037
0.0048962 0.086533 0.16145 -0.066368 0.023553 0.058851 0.0040504 -0.022835 0.0041103 -0.0017916 0.002809 -0.01139
0.0037664 0.10138 0.15945 -0.067466 0.022498 0.058546 -0.0011297 0.014852 -0.002004 -0.0010981 -0.0010554 -0.00030504
0.0020948 0.10313 0.14627 -0.07712 0.016506 0.058424 -0.0016716 0.0017436 -0.013179 -0.0096536 -0.0059914 -0.00012146
0.0036706 0.091191 0.15586 -0.070969 0.026394 0.056773 0.0015758 -0.011936 0.0095923 0.0061512 0.0098873 -0.0016514
0.0018 0.083055 0.16407 -0.068454 0.024714 0.06124 -0.0018706 -0.0081361 0.0082142 0.0025147 -0.0016796 0.0044669
0.0050082 0.074696 0.18257 -0.07065 0.033055 0.068176 0.0032082 -0.0083595 0.018501 -0.0021962 0.0083414 0.0069362
0.0047891 0.076091 0.17758 -0.070598 0.029385 0.069757 -0.00021916 0.0013953 -0.0049946 5.197e-05 -0.0036707 0.0015809
0.0045048 0.088028 0.16137 -0.067167 0.032074 0.067879 -0.00028434 0.011937 -0.016212 0.0034314 0.0026888 -0.0018784
0.00099469 0.097407 0.13429 -0.064526 0.032093 0.060067 -0.0035101 0.0093786 -0.027078 0.0026405 1.9847e-05 -0.0078112
-3.8037e-05 0.071492 0.15321 -0.058201 0.03983 0.065305 -0.0010327 -0.025915 0.018926 0.0063254 0.0077365 0.0052378
-0.0011623 0.092496 0.15062 -0.048914 0.038842 0.061496 -0.0011243 0.021004 -0.0025921 0.0092867 -0.0009877 -0.0038096
-4.6778e-05 0.083358 0.16648 -0.059082 0.033935 0.074961 0.0011155 -0.0091381 0.015855 -0.010168 -0.0049071 0.013466
0.00058691 0.07583 0.17332 -0.044508 0.030626 0.062672 0.00063369 -0.0075277 0.0068383 0.014574 -0.0033087 -0.01229
0.0054633 0.083214 0.16944 -0.061451 0.031314 0.07381 0.0048764 0.0073836 -0.0038753 -0.016943 0.00068803 0.011139
0.0032645 0.089047 0.14819 -0.047024 0.033413 0.062662 -0.0021988 0.0058339 -0.021254 0.014428 0.0020984 -0.011148
0.0025308 0.088947 0.14681 -0.052393 0.036092 0.065811 -0.00073371 -0.00010024 -0.0013796 -0.0053696 0.0026793 0.0031485
-0.0031579 0.094105 0.13776 -0.050306 0.034739 0.063096 -0.0056887 0.0051583 -0.0090418 0.002087 -0.0013536 -0.0027147
-0.010533 0.065062 0.1672 -0.056086 0.032976 0.073583 -0.0073749 -0.029044 0.029432 -0.0057792 -0.0017623 0.010487
-0.00537 0.064217 0.17622 -0.053975 0.047013 0.082369 0.0051629 -0.00084423 0.0090238 0.0021102 0.014037 0.0087853
-0.0069195 0.081128 0.16959 -0.057017 0.042875 0.085295 -0.0015495 0.016911 -0.0066328 -0.0030414 -0.004138 0.0029267
-0.002922 0.064803 0.16522 -0.043479 0.054234 0.076383 0.0039975 -0.016325 -0.0043675 0.013538 0.011358 -0.0089128
-0.0077491 0.083562 0.16564 -0.049833 0.043123 0.071676 -0.0048271 0.018759 0.00041922 -0.0063541 -0.011111 -0.0047067
-0.0026252 0.05797 0.17319 -0.041129 0.042878 0.074239 0.0051239 -0.025592 0.0075496 0.0087036 -0.0002447 0.0025634
-0.0010605 0.074274 0.17948 -0.039019 0.036886 0.082723 0.0015647 0.016304 0.0062916 0.0021096 -0.0059918 0.0084834
0.022915 0.064144 0.1761 -0.042371 0.031739 0.089419 0.023976 -0.010129 -0.0033819 -0.003352 -0.0051477 0.0066967
0.01676 0.068308 0.16934 -0.044701 0.032002 0.088728 -0.006155 0.004164 -0.0067632 -0.0023297 0.00026316 -0.00069093
0.020554 0.076423 0.1561 -0.062275 0.020802 0.089168 0.0037939 0.0081151 -0.013238 -0.017574 -0.011199 0.00043926
-0.0004118 0.074017 0.15015 -0.069529 0.031891 0.087465 -0.020966 -0.0024065 -0.0059471 -0.0072539 0.011088 -0.0017025
-0.0083692 0.087266 0.14351 -0.070058 0.022255 0.087206 -0.0079574 0.013249 -0.006639 -0.00052942 -0.0096359 -0.00025883
-0.011456 0.076745 0.14958 -0.07292 0.036219 0.085216 -0.0030865 -0.010521 0.00607 -0.0028619 0.013964 -0.0019907
-0.013346 0.076453 0.14915 -0.069739 0.037 0.082806 -0.0018902 -0.00029265 -0.00043052 0.0031809 0.0007809 -0.0024098
-0.012301 0.081019 0.15583 -0.0714 0.036454 0.084374 0.0010444 0.0045668 0.0066825 -0.0016608 -0.00054551 0.0015682
-0.016211 0.069878 0.15761 -0.063475 0.036015 0.083873 -0.0039096 -0.011141 0.0017795 0.0079244 -0.00043881 -0.00050089
-0.013574 0.074484 0.17784 -0.058524 0.03036 0.08925 0.0026373 0.0046059 0.020224 0.0049512 -0.005655 0.0053772
-0.010725 0.068569 0.17496 -0.051972 0.028659 0.085725 0.0028491 -0.0059157 -0.002878 0.0065521 -0.0017009 -0.0035253
-0.0055133 0.065709 0.19088 -0.062513 0.04306 0.086906 0.0052114 -0.00286 0.015925 -0.010541 0.014401 0.0011806
-0.0050998 0.074199 0.1825 -0.065039 0.04393 0.083472 0.00041347 0.00849 -0.0083867 -0.0025257 0.00087002 -0.0034334
-0.011128 0.086618 0.16344 -0.073248 0.050798 0.09 -0.0060282 0.01242 -0.019056 -0.0082085 0.0068681 0.0065282
-0.015697 0.086607 0.1504 -0.067969 0.050714 0.094611 -0.0045692 -1.1243e-05 -0.013043 0.0052787 -8.4107e-05 0.0046105
-0.014354 0.096245 0.12923 -0.066701 0.042266 0.10355 0.0013433 0.0096377 -0.021165 0.0012674 -0.008448 0.0089376
-0.011557 0.070428 0.14637 -0.062501 0.049066 0.094874 0.002797 -0.025817 0.017134 0.0042001 0.0068 -0.0086741
-0.0031743 0.074591 0.17666 -0.070165 0.04719 0.096616 0.0083826 0.0041634 0.030294 -0.007664 -0.0018759 0.0017415
-0.010568 0.089089 0.15398 -0.060441 0.048535 0.088706 -0.0073934 0.014497 -0.022682 0.0097242 0.0013446 -0.0079102
-0.010491 0.08561 0.16873 -0.057681 0.045225 0.087804 7.6491e-05 -0.0034786 0.014755 0.0027602 -0.0033099 -0.00090134
-0.016901 0.10013 0.11595 -0.052536 0.035758 0.085905 -0.00641 0.014519 -0.052788 0.005145 -0.0094666 -0.0018996
-0.012047 0.054511 0.1449 -0.058247 0.030706 0.07674 0.0048541 -0.045619 0.028951 -0.005711 -0.0050523 -0.0091647
-0.005099 0.067517 0.13215 -0.081623 0.028362 0.081496 0.0069481 0.013006 -0.012744 -0.023376 -0.0023442 0.0047563
-0.0042232 0.065326 0.12853 -0.085599 0.027971 0.080864 0.00087573 -0.0021913 -0.0036268 -0.0039761 -0.00039097 -0.00063245
-0.0026117 0.070036 0.13639 -0.085281 0.028019 0.084585 0.0016116 0.0047101 0.0078667 0.00031773 4.8134e-05 0.0037209
-0.010068 0.088637 0.12341 -0.075246 0.026925 0.085058 -0.0074565 0.018602 -0.012981 0.010035 -0.0010943 0.0004734
-0.0059234 0.070189 0.13596 -0.079096 0.034029 0.084931 0.0041448 -0.018448 0.012552 -0.0038497 0.007104 -0.00012766
0.0028682 0.073272 0.14529 -0.083543 0.029424 0.087903 0.0087916 0.0030826 0.0093299 -0.0044466 -0.0046052 0.0029723
0.0098182 0.095324 0.087582 -0.10198 0.036779 0.083145 0.00695 0.022052 -0.057711 -0.018436 0.0073557 -0.0047581
0.011227 0.050369 0.11803 -0.10114 0.036358 0.086379 0.0014093 -0.044955 0.030446 0.00083536 -0.00042114 0.0032337
-0.00074115 0.091724 0.054679 -0.098453 0.037977 0.077839 -0.011969 0.041355 -0.06335 0.0026911 0.0016189 -0.0085397
-0.0040879 0.064656 0.089141 -0.092144 0.047075 0.087246 -0.0033468 -0.027068 0.034462 0.0063087 0.0090982 0.0094067
-0.0067139 0.09173 0.091005 -0.069731 0.03635 0.082737 -0.002626 0.027074 0.0018639 0.022413 -0.010725 -0.0045089
-0.0021036 0.10206 0.095897 -0.06964 0.03714 0.081137 0.0046103 0.010325 0.0048919 9.0851e-05 0.0007903 -0.0016001
-0.0042994 0.07999 0.14071 -0.059025 0.029381 0.080865 -0.0021958 -0.022065 0.044814 0.010615 -0.0077594 -0.00027176
-0.0088348 0.084306 0.14136 -0.068811 0.028351 0.079978 -0.0045353 0.0043158 0.00064691 -0.009786 -0.0010296 -0.00088643
-0.011312 0.099973 0.13726 -0.068202 0.026996 0.092609 -0.0024771 0.015666 -0.004094 0.00060948 -0.0013556 0.01263
-0.01168 0.09712 0.13024 -0.073532 0.025851 0.094478 -0.00036832 -0.0028523 -0.0070273 -0.0053305 -0.0011448 0.0018694
-0.0064687 0.11427 0.11329 -0.073376 0.02679 0.093864 0.0052114 0.01715 -0.016952 0.00015615 0.00093892 -0.00061393
-0.0043029 0.075094 0.15984 -0.069918 0.034201 0.090104 0.0021658 -0.039177 0.046559 0.003458 0.0074112 -0.0037597
-0.0028689 0.077373 0.19011 -0.069261 0.039883 0.091882 0.001434 0.0022792 0.030263 0.00065678 0.0056821 0.0017777
-0.0052547 0.088891 0.18311 -0.069254 0.037074 0.089416 -0.0023858 0.011518 -0.0069939 7.4113e-06 -0.002809 -0.0024658
-0.0024583 0.097853 0.16235 -0.066991 0.02957 0.09233 0.0027964 0.0089615 -0.020768 0.002263 -0.0075038 0.0029133
-0.0028173 0.11507 0.10083 -0.080894 0.01934 0.079156 -0.00035903 0.017214 -0.061519 -0.013903 -0.01023 -0.013174
0.0046651 0.10585 0.097505 -0.070228 0.015912 0.088579 0.0074824 -0.0092146 -0.0033213 0.010666 -0.0034286 0.0094231
0.0086713 0.10624 0.097189 -0.083634 0.022635 0.084376 0.0040062 0.00039181 -0.00031632 -0.013407 0.0067234 -0.0042026
0.0084716 0.1106 0.09609 -0.07839 0.018049 0.096773 -0.00019962 0.0043536 -0.0010992 0.0052445 -0.004586 0.012397
0.01293 0.11293 0.11562 -0.084388 0.028567 0.08978 0.0044586 0.0023325 0.019533 -0.0059981 0.010518 -0.0069937
0.0019513 0.10229 0.10747 -0.090338 0.023777 0.092754 -0.010979 -0.010635 -0.0081518 -0.00595 -0.0047905 0.0029742
0.0039045 0.11768 0.10594 -0.085367 0.035731 0.086918 0.0019532 0.015382 -0.0015305 0.0049711 0.011954 -0.0058361
-0.0016348 0.10028 0.11516 -0.090362 0.039844 0.092787 -0.0055392 -0.017398 0.0092158 -0.0049954 0.0041132 0.005869
-1.7013e-05 0.099814 0.10604 -0.08298 0.043901 0.090792 0.0016178 -0.00046406 -0.0091152 0.0073825 0.004057 -0.0019946
0.00046906 0.1035 0.10804 -0.084638 0.044156 0.095148 0.00048607 0.0036905 0.0019972 -0.0016583 0.00025531 0.0043561
1.3136e-05 0.092507 0.10283 -0.081431 0.049124 0.098679 -0.00045592 -0.010998 -0.0052106 0.0032074 0.0049671 0.0035303
-0.0010176 0.10129 0.093241 -0.075485 0.039392 0.095437 -0.0010307 0.0087816 -0.009587 0.0059453 -0.0097312 -0.003242
0.0033658 0.10963 0.11071 -0.062396 0.04008 0.10847 0.0043834 0.0083445 0.017473 0.01309 0.0006878 0.013034
0.0011138 0.10465 0.1178 -0.053461 0.029131 0.10488 -0.002252 -0.0049869 0.007084 0.0089344 -0.01095 -0.0035912
0.003183 0.10627 0.16439 -0.034449 0.031182 0.11461 0.0020692 0.0016271 0.04659 0.019012 0.0020514 0.0097275
-0.0011727 0.099085 0.1584 -0.046206 0.041439 0.11059 -0.0043556 -0.0071884 -0.0059849 -0.011757 0.010257 -0.004018
-0.0034002 0.089501 0.20281 -0.04909 0.042622 0.10575 -0.0022275 -0.0095842 0.044412 -0.0028845 0.0011837 -0.0048359
-0.0031747 0.097631 0.17059 -0.070213 0.037877 0.11011 0.00022541 0.0081299 -0.032225 -0.021122 -0.0047451 0.004353
-0.0072132 0.12064 0.16663 -0.083442 0.03456 0.1084 -0.0040385 0.02301 -0.0039563 -0.013229 -0.0033172 -0.0017104
-0.0079549 0.096813 0.14831 -0.075193 0.020654 0.11256 -0.00074167 -0.023827 -0.018327 0.0082493 -0.013906 0.0041682
-0.010563 0.118 0.13928 -0.078442 0.027181 0.10507 -0.0026083 0.021192 -0.0090257 -0.00325 0.0065273 -0.007492
-0.01045 0.095925 0.13651 -0.060538 0.020393 0.099182 0.00011324 -0.02208 -0.0027704 0.017905 -0.0067879 -0.0058905
-0.0078545 0.11598 0.12135 -0.065414 0.026775 0.099889 0.0025955 0.020053 -0.015164 -0.0048758 0.0063811 0.00070711
-0.010734 0.12173 0.10482 -0.061778 0.027159 0.096813 -0.0028799 0.0057545 -0.016521 0.0036353 0.00038435 -0.0030752
-0.01149 0.10069 0.10854 -0.067242 0.031286 0.10386 -0.00075616 -0.021046 0.0037179 -0.005464 0.0041268 0.0070448
-0.014116 0.094753 0.13456 -0.068778 0.027383 0.095439 -0.0026258 -0.0059338 0.026021 -0.0015354 -0.0039025 -0.0084197
-0.013347 0.082471 0.14717 -0.065094 0.028127 0.1013 0.00076946 -0.012282 0.01261 0.0036832 0.0007437 0.0058571
-0.0088004 0.086559 0.15099 -0.061597 0.03199 0.10254 0.0045464 0.0040881 0.0038197 0.0034971 0.0038629 0.0012437
-0.004153 0.089189 0.14806 -0.061057 0.035859 0.10986 0.0046474 0.0026307 -0.0029327 0.00054004 0.0038686 0.0073255
-0.001637 0.099052 0.12764 -0.066294 0.033414 0.11482 0.002516 0.0098621 -0.020418 -0.0052371 -0.0024444 0.0049508
-0.0031361 0.086996 0.14079 -0.069367 0.031642 0.11259 -0.0014991 -0.012056 0.013149 -0.0030723 -0.0017721 -0.0022295
-0.0061479 0.10746 0.12918 -0.0666 0.030778 0.11052 -0.0030118 0.020461 -0.011606 0.0027661 -0.00086432 -0.0020657
-0.013565 0.10388 0.10646 -0.047202 0.037027 0.10528 -0.0074169 -0.003578 -0.022723 0.019398 0.0062497 -0.0052424
-0.0073528 0.10807 0.12133 -0.055614 0.047256 0.10408 0.006212 0.0041903 0.014868 -0.0084119 0.010228 -0.0011948
-0.008111 0.095643 0.10856 -0.043336 0.041336 0.10182 -0.00075821 -0.012426 -0.012774 0.012278 -0.0059199 -0.0022656
-0.00079828 0.12076 0.1095 -0.067188 0.03714 0.10161 0.0073127 0.025113 0.00094104 -0.023852 -0.0041954 -0.00020857
-0.0018349 0.094926 0.11923 -0.056279 0.032766 0.094904 -0.0010367 -0.02583 0.0097288 0.010908 -0.0043743 -0.0067053
-0.0047781 0.13641 0.084256 -0.06086 0.023331 0.096689 -0.0029432 0.041487 -0.03497 -0.0045803 -0.0094351 0.0017855
-0.007131 0.12423 0.084416 -0.059209 0.03341 0.098966 -0.0023528 -0.012185 0.00016051 0.0016506 0.010079 0.002277
-0.0061987 0.10297 0.10615 -0.063047 0.031891 0.1019 0.00093232 -0.021257 0.021737 -0.0038376 -0.0015187 0.0029296
-0.0074956 0.12667 0.080929 -0.069103 0.030329 0.1029 -0.001297 0.023695 -0.025224 -0.006056 -0.0015623 0.0010056
-0.0059333 0.11119 0.11224 -0.074137 0.030424 0.097325 0.0015623 -0.015476 0.031313 -0.005034 9.4812e-05 -0.0055762
-0.0053691 0.098323 0.11321 -0.075806 0.024333 0.096015 0.00056428 -0.012866 0.00096922 -0.0016696 -0.0060906 -0.0013098
-0.0050166 0.11994 0.10878 -0.081529 0.032795 0.1056 0.00035247 0.021614 -0.0044274 -0.0057223 0.0084618 0.0095883
-0.0016053 0.09216 0.13436 -0.083107 0.035829 0.10596 0.0034113 -0.027777 0.025572 -0.0015783 0.0030334 0.00035416
-0.00045747 0.099484 0.10647 -0.0816 0.038532 0.11127 0.0011478 0.0073236 -0.027885 0.0015074 0.002703 0.0053151
-0.0033493 0.11845 0.11562 -0.071842 0.042785 0.10849 -0.0028919 0.018969 0.0091538 0.0097575 0.0042532 -0.0027837
-0.0037003 0.094006 0.091192 -0.072101 0.04798 0.11261 -0.000351 -0.024446 -0.024433 -0.00025872 0.0051948 0.00412
-0.0030079 0.083687 0.13349 -0.069536 0.053565 0.11193 0.00069245 -0.010319 0.042295 0.0025653 0.0055851 -0.00067469
-0.0043085 0.086175 0.11172 -0.071531 0.046856 0.11288 -0.0013006 0.0024878 -0.021767 -0.0019949 -0.0067082 0.00094139
0.0024162 0.070393 0.14725 -0.080755 0.041721 0.10107 0.0067247 -0.015782 0.035531 -0.0092242 -0.0051352 -0.011808
-0.003256 0.079954 0.12605 -0.071132 0.045762 0.10187 -0.0056722 0.0095609 -0.021203 0.0096228 0.004041 0.00079846
-0.0038793 0.11069 0.07474 -0.091529 0.053687 0.10409 -0.00062326 0.030739 -0.051308 -0.020397 0.0079251 0.0022272
-0.012629 0.073615 0.07972 -0.085307 0.067497 0.10484 -0.0087499 -0.037078 0.0049796 0.0062218 0.013809 0.00074375
-0.020501 0.089942 0.032938 -0.086441 0.062304 0.10736 -0.0078716 0.016327 -0.046782 -0.0011333 -0.0051928 0.0025187
-0.023882 0.10311 0.047799 -0.081498 0.057504 0.10901 -0.0033813 0.013164 0.014861 0.0049422 -0.0048003 0.0016557
-0.023808 0.084745 0.049919 -0.068671 0.049768 0.1073 7.3907e-05 -0.018361 0.0021201 0.012828 -0.0077359 -0.0017137
-0.01593 0.10637 0.080631 -0.068267 0.057577 0.12194 0.0078781 0.021623 0.030712 0.00040381 0.0078096 0.014645
-0.013974 0.059911 0.13886 -0.066282 0.055042 0.11178 0.0019564 -0.046457 0.058226 0.0019844 -0.0025348 -0.010163
-0.011627 0.061969 0.16335 -0.057665 0.061479 0.11934 0.0023468 0.0020584 0.024491 0.0086174 0.0064366 0.0075574
-0.01203 0.096216 0.13877 -0.079112 0.044096 0.1121 -0.0004029 0.034247 -0.024579 -0.021447 -0.017383 -0.0072328
-0.015777 0.073901 0.096431 -0.059912 0.043051 0.10875 -0.0037468 -0.022315 -0.042338 0.0192 -0.0010444 -0.0033501
-0.0098653 0.092899 0.079486 -0.084716 0.047724 0.11073 0.0059113 0.018997 -0.016945 -0.024804 0.004673 0.0019712
-0.010375 0.047819 0.094856 -0.067987 0.047149 0.11028 -0.00050956 -0.04508 0.015369 0.016729 -0.00057557 -0.00044541
-0.0066967 0.092875 0.10426 -0.094259 0.060556 0.11427 0.0036781 0.045056 0.0093996 -0.026272 0.013407 0.0039888
-0.0085105 0.10139 0.075121 -0.094866 0.045876 0.1186 -0.0018138 0.0085149 -0.029135 -0.00060761 -0.01468 0.0043345
-0.0144 0.10061 0.075606 -0.095022 0.052467 0.10639 -0.0058895 -0.00078066 0.00048506 -0.00015596 0.0065909 -0.012218
-0.022445 0.077335 0.065532 -0.081142 0.051368 0.10892 -0.008045 -0.023273 -0.010073 0.01388 -0.0010997 0.0025312
-0.020189 0.081699 0.076445 -0.078664 0.04991 0.10505 0.002256 0.0043632 0.010913 0.0024779 -0.0014572 -0.0038715
-0.0251 0.071772 0.078244 -0.080412 0.057172 0.11169 -0.0049109 -0.0099265 0.0017993 -0.0017478 0.0072611 0.0066478
-0.022285 0.11133 0.042112 -0.077938 0.049121 0.11122 0.002815 0.039553 -0.036132 0.0024738 -0.0080504 -0.00047251
-0.025888 0.051157 0.12044 -0.068819 0.051681 0.10732 -0.0036029 -0.060168 0.078332 0.0091194 0.0025595 -0.003904
-0.026417 0.052879 0.1391 -0.045665 0.04851 0.10864 -0.00052893 0.0017226 0.018655 0.023153 -0.0031706 0.0013275
-0.019989 0.052289 0.19235 -0.050201 0.04034 0.10663 0.0064274 -0.00059046 0.053253 -0.0045353 -0.0081699 -0.0020095
-0.016836 0.057971 0.17794 -0.044294 0.045612 0.10834 0.0031535 0.0056825 -0.014408 0.0059068 0.005272 0.0017017
-0.012191 0.080613 0.13201 -0.056664 0.04376 0.099256 0.0046446 0.022641 -0.04593 -0.01237 -0.001852 -0.0090799
-0.011547 0.064488 0.1442 -0.052438 0.050157 0.101 0.00064416 -0.016125 0.012182 0.0042265 0.0063972 0.0017485
-0.013782 0.069788 0.12496 -0.066285 0.048111 0.10237 -0.0022346 0.0052998 -0.019236 -0.013847 -0.0020466 0.0013646
-0.013617 0.087085 0.11337 -0.062828 0.04362 0.10758 0.0001643 0.017298 -0.011588 0.0034561 -0.004491 0.0052141
-0.018412 0.094963 0.095217 -0.075402 0.04481 0.109 -0.004795 0.0078778 -0.018155 -0.012574 0.0011905 0.0014206
-0.013416 0.080912 0.075331 -0.063421 0.045738 0.10876 0.0049959 -0.014051 -0.019886 0.011981 0.00092768 -0.00024585
-0.014715 0.078302 0.10661 -0.072584 0.051336 0.11413 -0.0012988 -0.0026097 0.031283 -0.0091628 0.0055976 0.0053714
-0.011167 0.067609 0.11126 -0.076895 0.050914 0.11905 0.0035485 -0.010694 0.0046478 -0.0043105 -0.00042158 0.0049201
-0.012971 0.061931 0.13423 -0.087358 0.054984 0.12566 -0.0018041 -0.005678 0.022971 -0.010463 0.00407 0.0066063
-0.017185 0.06686 0.11608 -0.081988 0.053072 0.12344 -0.004214 0.0049289 -0.018151 0.0053702 -0.0019123 -0.0022199
-0.017826 0.051817 0.11204 -0.081666 0.054842 0.12622 -0.00064171 -0.015042 -0.0040454 0.0003215 0.0017708 0.0027839
-0.024992 0.061514 0.10186 -0.060925 0.04905 0.12211 -0.0071652 0.0096972 -0.010172 0.020741 -0.0057919 -0.0041057
-0.02116 0.072824 0.081473 -0.080548 0.052383 0.12353 0.0038321 0.01131 -0.020392 -0.019623 0.0033325 0.0014199
-0.026018 0.082927 0.072816 -0.076218 0.049572 0.11643 -0.0048588 0.010102 -0.0086568 0.0043302 -0.0028111 -0.0071058
-0.024241 0.084028 0.067495 -0.088618 0.055563 0.1121 0.0017774 0.0011014 -0.0053208 -0.0124 0.005991 -0.0043241
-0.017716 0.078457 0.059405 -0.099133 0.051261 0.10987 0.0065245 -0.0055706 -0.0080897 -0.010515 -0.0043017 -0.0022368
-0.024708 0.10406 0.035698 -0.066867 0.05182 0.11583 -0.0069913 0.025606 -0.023707 0.032266 0.00055883 0.0059661
-0.0089847 0.090148 0.020065 -0.069702 0.050065 0.12195 0.015723 -0.013915 -0.015633 -0.0028356 -0.0017545 0.0061179
-0.024163 0.14837 -0.037993 -0.020016 0.045178 0.13002 -0.015178 0.058223 -0.058058 0.049686 -0.0048872 0.0080644
-0.016171 0.087503 -0.004232 -0.02618 0.042192 0.13048 0.0079923 -0.060868 0.033761 -0.0061633 -0.0029861 0.00045956
-0.023145 0.10441 -0.021418 -0.025866 0.045492 0.13578 -0.0069745 0.016904 -0.017186 0.00031364 0.0032996 0.0053063
-0.021165 0.095426 0.006411 -0.036803 0.049421 0.13525 0.00198 -0.0089801 0.027829 -0.010937 0.0039288 -0.00053173
-0.019187 0.10347 -0.00012771 -0.041595 0.060406 0.13474 0.0019782 0.0080481 -0.0065387 -0.0047921 0.010986 -0.00051274
-0.018493 0.13155 0.0065639 -0.040556 0.065859 0.12677 0.00069425 0.02808 0.0066916 0.0010388 0.0054524 -0.007968
-0.021049 0.12283 0.0066838 -0.035947 0.064815 0.12848 -0.0025559 -0.008722 0.0001199 0.0046088 -0.0010438 0.0017086
-0.019075 0.11548 0.032113 -0.051519 0.070423 0.1203 0.0019739 -0.0073539 0.02543 -0.015572 0.0056078 -0.0081799
-0.024927 0.11593 0.042689 -0.041327 0.05517 0.12719 -0.0058527 0.00045119 0.010576 0.010193 -0.015253 0.0068933
-0.019178 0.092441 0.05443 -0.04768 0.046762 0.11536 0.0057498 -0.023488 0.011741 -0.0063535 -0.0084081 -0.011828
-0.02209 0.093593 0.068934 -0.032188 0.041345 0.12345 -0.0029126 0.0011514 0.014504 0.015492 -0.0054175 0.0080885
-0.021284 0.096521 0.037184 -0.037921 0.041274 0.11824 0.00080648 0.0029277 -0.031749 -0.0057329 -7.0362e-05 -0.0052137
-0.028286 0.096589 0.056228 -0.042401 0.058626 0.12672 -0.0070021 6.8063e-05 0.019044 -0.0044799 0.017352 0.0084768
-0.03201 0.11547 0.036863 -0.053628 0.061575 0.12833 -0.0037238 0.018885 -0.019365 -0.011227 0.0029488 0.0016103
-0.029869 0.081451 0.075707 -0.062489 0.071669 0.13619 0.0021405 -0.034022 0.038844 -0.0088609 0.010094 0.0078666
-0.02438 0.1073 0.065381 -0.058143 0.079897 0.14912 0.0054892 0.025854 -0.010326 0.0043453 0.0082276 0.012925
-0.021547 0.093319 0.07696 -0.05636 0.080935 0.14671 0.0028336 -0.013986 0.011579 0.0017828 0.0010387 -0.0024109
-0.018231 0.1097 0.066411 -0.053721 0.080221 0.15338 0.0033157 0.016385 -0.010549 0.0026394 -0.00071439 0.0066726
-0.023954 0.11515 0.066076 -0.051325 0.073553 0.13809 -0.0057229 0.0054456 -0.00033539 0.0023956 -0.0066685 -0.015288
-0.020917 0.10971 0.064295 -0.055099 0.07163 0.14902 0.0030363 -0.0054443 -0.001781 -0.0037737 -0.0019229 0.010927
-0.030104 0.10887 0.062114 -0.047113 0.081015 0.14225 -0.0091862 -0.00083644 -0.0021812 0.0079857 0.0093856 -0.006767
-0.026016 0.11111 0.064227 -0.054126 0.082727 0.14767 0.0040872 0.0022405 0.0021131 -0.0070124 0.0017117 0.0054153
-0.031894 0.10491 0.05937 -0.062909 0.08479 0.14277 -0.0058772 -0.0061957 -0.0048568 -0.0087829 0.002063 -0.0048938
-0.025794 0.10802 0.06029 -0.067529 0.082304 0.13437 0.0060994 0.0031096 0.00091986 -0.0046197 -0.0024861 -0.0083994
-0.02809 0.11362 0.060443 -0.076472 0.080263 0.13774 -0.0022955 0.0055974 0.00015343 -0.0089431 -0.0020406 0.0033656
-0.027766 0.1059 0.043124 -0.061647 0.080975 0.13369 0.00032412 -0.0077235 -0.017319 0.014824 0.00071167 -0.0040475
-0.028757 0.11507 0.057889 -0.067465 0.081731 0.14109 -0.00099158 0.0091759 0.014765 -0.0058178 0.00075615 0.0073964
-0.026157 0.095435 0.057538 -0.065016 0.078536 0.13943 0.0026002 -0.019638 -0.00035122 0.0024495 -0.0031952 -0.0016534
-0.02446 0.10702 0.056529 -0.059911 0.080088 0.13963 0.0016971 0.011589 -0.0010088 0.0051049 0.0015521 0.00019398
-0.022916 0.10398 0.06564 -0.067385 0.077241 0.13437 0.0015435 -0.0030479 0.0091102 -0.0074742 -0.0028467 -0.005255
-0.023136 0.10248 0.054929 -0.056272 0.078895 0.13339 -0.00021915 -0.0014955 -0.01071 0.011113 0.0016539 -0.00098088
-0.030478 0.11311 0.055402 -0.061851 0.078745 0.13275 -0.0073424 0.010633 0.00047261 -0.0055789 -0.00014975 -0.00064067
-0.032506 0.10915 0.072353 -0.064655 0.07557 0.1293 -0.0020282 -0.0039691 0.016951 -0.0028039 -0.0031753 -0.0034537
-0.039767 0.088614 0.073142 -0.054843 0.08114 0.13278 -0.0072609 -0.020531 0.00078961 0.0098112 0.0055703 0.0034778
-0.038195 0.11018 0.074574 -0.073404 0.078004 0.12387 0.0015723 0.021566 0.0014315 -0.018561 -0.0031364 -0.0089111
-0.033604 0.082002 0.097992 -0.068806 0.079319 0.1341 0.0045912 -0.028178 0.023418 0.0045981 0.001315 0.010235
-0.034419 0.12615 0.048691 -0.043495 0.094949 0.13535 -0.00081555 0.044147 -0.049301 0.025311 0.01563 0.0012522
-0.038703 0.14454 0.012973 -0.023032 0.099394 0.14738 -0.004284 0.018391 -0.035718 0.020463 0.0044451 0.012032
-0.048975 0.116 -0.032305 0.034619 0.13123 0.15451 -0.010272 -0.028536 -0.045278 0.057651 0.031841 0.0071244
-0.050752 0.086709 -0.03862 0.011933 0.11595 0.1542 -0.0017775 -0.029294 -0.0063154 -0.022686 -0.015284 -0.00031241
-0.04892 0.079171 -0.0037572 0.010635 0.11854 0.15924 0.0018321 -0.0075382 0.034863 -0.0012975 0.0025905 0.0050433
-0.038006 0.061061 0.011823 -0.015755 0.10195 0.14829 0.010914 -0.018111 0.01558 -0.02639 -0.016587 -0.010953
-0.040741 0.10785 -0.011912 -0.01212 0.11168 0.14438 -0.0027351 0.046792 -0.023736 0.0036355 0.0097271 -0.0039041
-0.038206 0.087889 -0.021497 -0.0055914 0.11407 0.1369 0.0025358 -0.019964 -0.009585 0.0065284 0.0023926 -0.0074782
-0.045665 0.06865 -0.030776 -0.0013393 0.11892 0.1378 -0.0074592 -0.019238 -0.0092787 0.004252 0.0048477 0.00089299
-0.046046 0.075591 0.02789 -0.0093598 0.12231 0.15158 -0.00038162 0.0069408 0.058666 -0.0080204 0.0033913 0.013785
-0.052665 0.060043 0.035599 -0.011487 0.11522 0.1501 -0.0066182 -0.015548 0.0077087 -0.0021276 -0.007094 -0.0014786
-0.055936 0.070536 0.077593 -0.016783 0.12431 0.16441 -0.0032713 0.010492 0.041994 -0.0052956 0.0090896 0.014305
-0.055669 0.085663 0.049042 -0.026012 0.11757 0.15617 0.00026667 0.015127 -0.028551 -0.0092286 -0.0067366 -0.0082427
-0.050882 0.057478 0.067903 -0.033396 0.1299 0.17001 0.0047872 -0.028186 0.018861 -0.007385 0.012329 0.01384
-0.039718 0.085296 0.077576 -0.037613 0.12546 0.15874 0.011164 0.027818 0.0096735 -0.0042161 -0.0044381 -0.011266
-0.037663 0.058406 0.073563 -0.039823 0.12188 0.15408 0.0020542 -0.02689 -0.0040128 -0.0022107 -0.0035842 -0.0046566
-0.030593 0.09541 0.048445 -0.039778 0.11655 0.13551 0.0070703 0.037004 -0.025118 4.5656e-05 -0.0053313 -0.018573
-0.028664 0.10992 -0.01385 -0.050493 0.1197 0.12386 0.0019288 0.014506 -0.062296 -0.010716 0.003153 -0.011647
