-8.2758e-05 -0.00077356 0.001033 -0.00092727 -0.00052975 0.0013368 0 0 0 0 0 0
0.01768 0.053615 -0.054378 0.050186 0.018838 0.042107 0.017763 0.054388 -0.055411 0.051113 0.019367 0.040771
0.027787 0.096837 -0.045648 0.044921 0.021103 0.055168 0.010107 0.043223 0.0087302 -0.0052647 0.0022654 0.013061
0.045709 0.050617 -0.014908 0.12414 0.052099 0.096477 0.017922 -0.04622 0.030739 0.079222 0.030996 0.041308
0.02938 0.0863 0.098886 0.019418 0.019538 0.070395 -0.016329 0.035682 0.11379 -0.10473 -0.032561 -0.026081
0.028943 0.046768 0.22625 0.10227 0.052155 0.059373 -0.00043701 -0.039532 0.12737 0.082851 0.032617 -0.011023
0.0029281 0.12162 0.26239 -0.032689 -0.017164 0.0441 -0.026015 0.074848 0.036142 -0.13496 -0.069318 -0.015272
0.0017721 0.115 0.26917 0.056521 -0.01242 0.035571 -0.0011559 -0.0066175 0.0067735 0.08921 0.0047433 -0.0085294
0.0012489 0.11968 0.26512 -0.011938 -0.050586 0.052633 -0.00052322 0.0046852 -0.00405 -0.068459 -0.038166 0.017062
-0.0019225 0.13364 0.2378 0.022847 -0.040464 0.047184 -0.0031714 0.01396 -0.027316 0.034784 0.010122 -0.0054485
0.0040146 0.093752 0.26428 -8.5522e-05 -0.040935 0.049927 0.0059371 -0.039891 0.026476 -0.022932 -0.00047137 0.0027427
0.0015637 0.12173 0.24648 0.017067 -0.026695 0.048251 -0.0024509 0.027979 -0.017794 0.017153 0.01424 -0.0016761
0.0051938 0.085121 0.25258 0.023765 -0.028722 0.053521 0.00363 -0.03661 0.0060961 0.006698 -0.0020268 0.0052705
0.0012984 0.097574 0.25689 0.034048 -0.023499 0.05373 -0.0038953 0.012453 0.0043135 0.010283 0.0052234 0.00020905
-0.0043252 0.12353 0.24443 0.022881 -0.025953 0.054982 -0.0056236 0.025952 -0.012467 -0.011167 -0.0024544 0.0012515
-0.013931 0.10437 0.24769 0.012286 -0.0072853 0.055877 -0.0096053 -0.019154 0.0032605 -0.010596 0.018668 0.00089535
-0.011764 0.14767 0.23023 0.046306 -0.0083024 0.068687 0.0021661 0.043303 -0.017454 0.034021 -0.0010171 0.012809
-0.0098585 0.13551 0.23339 0.085503 0.026312 0.094587 0.0019059 -0.012163 0.00316 0.039196 0.034614 0.025901
-0.011606 0.14672 0.22395 0.15237 0.0042413 0.11021 -0.0017475 0.011207 -0.0094473 0.066871 -0.022071 0.01562
-0.01377 0.19342 0.2044 0.18438 0.024707 0.11477 -0.0021642 0.046704 -0.019548 0.032006 0.020465 0.0045605
-0.0030902 0.12966 0.25672 0.17125 0.033421 0.11416 0.01068 -0.063763 0.052325 -0.013135 0.0087139 -0.00061236
0.0056372 0.15196 0.24972 0.15736 0.0397 0.11778 0.0087274 0.0223 -0.0069988 -0.013885 0.006279 0.0036239
0.028807 0.11543 0.30068 0.15915 0.075482 0.12379 0.02317 -0.036534 0.050955 0.001792 0.035782 0.0060148
0.016222 0.136 0.26691 0.14036 0.048665 0.13073 -0.012585 0.020579 -0.033772 -0.018795 -0.026817 0.0069365
0.0084768 0.15884 0.25663 0.18387 0.050309 0.10876 -0.0077451 0.022839 -0.010271 0.043513 0.0016435 -0.021972
-0.0015609 0.13066 0.27826 0.12992 0.024011 0.11127 -0.010038 -0.028185 0.021628 -0.053951 -0.026298 0.0025132
-0.0049052 0.12001 0.28962 0.14518 0.012958 0.093233 -0.0033443 -0.010653 0.011358 0.01526 -0.011053 -0.018039
-0.0020769 0.12309 0.31045 0.12072 0.014161 0.10668 0.0028283 0.003085 0.020833 -0.024463 0.0012027 0.013447
-0.0041652 0.13989 0.29123 0.13541 0.0069609 0.093489 -0.0020883 0.016802 -0.019221 0.014689 -0.0071997 -0.013191
-0.0084524 0.13296 0.30197 0.13141 0.0199 0.099172 -0.0042872 -0.0069282 0.010733 -0.0039935 0.012939 0.0056835
-0.0071458 0.12865 0.30822 0.12856 0.018438 0.096422 0.0013066 -0.004319 0.0062544 -0.0028543 -0.0014625 -0.0027506
-0.0079486 0.11148 0.34086 0.11274 0.024929 0.10448 -0.00080279 -0.017169 0.032634 -0.015818 0.0064917 0.0080608
-0.0067974 0.14957 0.33106 0.11614 0.014509 0.11064 0.0011512 0.038092 -0.009791 0.0034005 -0.01042 0.0061531
-0.0073814 0.15188 0.33419 0.1166 0.012829 0.11059 -0.00058402 0.0023107 0.0031291 0.00045623 -0.0016803 -4.1643e-05
-0.0067166 0.13545 0.32021 0.11838 0.0096566 0.10528 0.00066481 -0.016427 -0.013984 0.0017817 -0.0031723 -0.0053145
-0.0080857 0.12885 0.31917 0.11342 0.011188 0.10801 -0.0013691 -0.0066035 -0.0010417 -0.0049551 0.0015318 0.0027317
-0.01026 0.12385 0.29407 0.12381 0.011768 0.098136 -0.0021747 -0.0049994 -0.025099 0.010387 0.00057967 -0.0098753
-0.0080743 0.14946 0.29655 0.12117 0.0067923 0.10595 0.0021862 0.025613 0.0024852 -0.0026354 -0.0049758 0.007816
-0.010288 0.13666 0.2887 0.12467 0.021879 0.096902 -0.0022135 -0.012805 -0.007852 0.0034907 0.015086 -0.0090496
-0.0048541 0.14732 0.29959 0.12003 0.022724 0.098406 0.0054337 0.010664 0.01089 -0.0046379 0.00084593 0.0015037
-0.0070654 0.14323 0.2968 0.11959 0.030623 0.10276 -0.0022113 -0.0040959 -0.0027969 -0.00043721 0.0078986 0.0043572
-0.0070879 0.15564 0.29519 0.11479 0.02748 0.10407 -2.251e-05 0.012418 -0.0016076 -0.004801 -0.0031427 0.0013042
-0.010584 0.13436 0.29314 0.1286 0.023367 0.11096 -0.0034963 -0.021287 -0.0020528 0.013812 -0.0041134 0.0068888
-0.014626 0.13127 0.30105 0.11671 0.025671 0.10636 -0.0040419 -0.0030876 0.0079172 -0.011894 0.0023036 -0.0045941
-0.017526 0.14506 0.29225 0.12927 0.020995 0.10862 -0.0029003 0.01379 -0.0087999 0.012568 -0.0046751 0.0022589
-0.018613 0.18216 0.29316 0.12971 0.012355 0.10895 -0.001087 0.037098 0.00091162 0.00043167 -0.0086407 0.00032435
-0.017746 0.15673 0.31272 0.12027 0.019409 0.11245 0.0008674 -0.025431 0.019551 -0.0094368 0.0070548 0.0035003
-0.016698 0.15126 0.32521 0.11613 0.014391 0.11532 0.0010481 -0.0054669 0.012492 -0.0041405 -0.0050185 0.0028735
-0.019092 0.12022 0.35287 0.10771 0.026793 0.1127 -0.0023939 -0.031037 0.027668 -0.0084182 0.012402 -0.0026184
-0.019191 0.15188 0.33628 0.1146 0.026001 0.11811 -9.9166e-05 0.031653 -0.016598 0.0068909 -0.00079212 0.0054116
-0.023602 0.13482 0.33258 0.10942 0.019741 0.11093 -0.0044115 -0.017058 -0.0036929 -0.0051794 -0.006259 -0.0071824
-0.0189 0.14207 0.29411 0.12663 0.023257 0.11582 0.0047021 0.0072508 -0.038472 0.017212 0.003515 0.0048891
-0.019008 0.11631 0.29125 0.09132 0.0045379 0.11565 -0.00010723 -0.025757 -0.0028566 -0.035315 -0.018719 -0.00017192
-0.016834 0.16384 0.24406 0.10675 0.004634 0.11748 0.0021735 0.047524 -0.04719 0.015427 9.6012e-05 0.0018312
-0.014137 0.16124 0.26092 0.13157 0.027525 0.12283 0.0026975 -0.0025933 0.016851 0.024825 0.022891 0.0053492
-0.017845 0.14652 0.25657 0.12248 0.012281 0.11161 -0.003709 -0.014726 -0.0043493 -0.0090885 -0.015244 -0.011222
-0.013959 0.15186 0.28197 0.19023 0.053237 0.1148 0.0038862 0.0053408 0.025408 0.067745 0.040956 0.0031957
-0.015051 0.1188 0.31417 0.1165 0.011281 0.11013 -0.0010921 -0.033056 0.032193 -0.073733 -0.041957 -0.0046745
-0.019469 0.15762 0.29869 0.13112 0.025663 0.11496 -0.0044181 0.038814 -0.01548 0.014625 0.014383 0.0048371
-0.0092469 0.13559 0.33845 0.081859 0.013985 0.11457 0.010223 -0.022031 0.03976 -0.049262 -0.011678 -0.00039291
-0.0086564 0.13532 0.33468 0.11948 0.0073175 0.1071 0.00059051 -0.00026574 -0.0037634 0.037624 -0.0066672 -0.0074696
0.0059653 0.18241 0.33196 0.12631 0.026232 0.11224 0.014622 0.047094 -0.0027224 0.0068315 0.018914 0.0051363
0.00014261 0.19089 0.33726 0.11956 0.034157 0.10519 -0.0058227 0.0084745 0.0053022 -0.0067516 0.0079248 -0.0070434
-0.0083779 0.20159 0.32928 0.0078136 0.027503 0.10984 -0.0085206 0.010702 -0.0079798 -0.11175 -0.0066533 0.0046446
-0.01884 0.15605 0.40752 -0.088731 0.023068 0.098555 -0.010462 -0.04554 0.078235 -0.096545 -0.0044355 -0.011285
-0.016285 0.11165 0.46157 -0.1008 -0.012268 0.099654 0.0025554 -0.044402 0.05405 -0.012071 -0.035336 0.0010999
-0.013674 0.12969 0.47683 -0.031368 0.0018982 0.11114 0.0026105 0.018044 0.015261 0.069435 0.014166 0.011485
-0.01302 0.1499 0.44921 0.067655 0.0091445 0.11721 0.00065427 0.020208 -0.027621 0.099022 0.0072463 0.0060677
-0.016403 0.15305 0.44404 0.065723 -0.0016039 0.12353 -0.0033829 0.0031533 -0.00517 -0.0019316 -0.010748 0.0063207
-0.026503 0.15099 0.43215 0.05145 0.020762 0.11585 -0.010101 -0.0020589 -0.011886 -0.014273 0.022366 -0.0076767
-0.023759 0.11382 0.49344 -0.010745 -0.030211 0.1156 0.0027448 -0.037175 0.061291 -0.062195 -0.050974 -0.00025157
-0.027058 0.152 0.45104 0.045625 0.026605 0.12376 -0.003299 0.038184 -0.042402 0.05637 0.056816 0.0081609
-0.023073 0.13483 0.47575 0.018911 -0.023737 0.12887 0.003985 -0.017173 0.024705 -0.026714 -0.050342 0.0051079
-0.018307 0.13118 0.46662 0.035463 0.0015808 0.12556 0.0047652 -0.0036532 -0.0091235 0.016552 0.025318 -0.0033081
-0.02182 0.10443 0.48468 0.013928 -0.024321 0.11658 -0.0035126 -0.026746 0.018052 -0.021535 -0.025902 -0.0089816
-0.020177 0.096283 0.49484 0.015474 -0.011773 0.10906 0.0016433 -0.0081468 0.010162 0.0015455 0.012548 -0.0075172
-0.024521 0.1375 0.45622 0.054094 0.0024886 0.10302 -0.0043438 0.041212 -0.038618 0.038621 0.014262 -0.0060378
-0.016387 0.1285 0.45151 0.067026 0.013954 0.11511 0.0081332 -0.0089938 -0.0047114 0.012932 0.011465 0.012082
-0.0096217 0.12235 0.43628 0.061971 0.030627 0.11466 0.0067657 -0.0061475 -0.015227 -0.0050552 0.016673 -0.00044239
-0.010686 0.11882 0.45037 0.026639 0.026544 0.12727 -0.0010642 -0.0035315 0.014089 -0.035332 -0.0040827 0.012602
-0.014563 0.10489 0.46934 0.0057975 0.063011 0.13082 -0.0038775 -0.013934 0.01897 -0.020841 0.036466 0.0035524
-0.024173 0.12408 0.48137 -0.038543 0.049641 0.13016 -0.0096098 0.019189 0.012029 -0.044341 -0.01337 -0.00065341
-0.026166 0.11086 0.50143 -0.033404 0.050342 0.13127 -0.0019924 -0.013215 0.020058 0.0051396 0.00070048 0.001108
-0.02714 0.10909 0.48876 -0.04941 0.035426 0.11943 -0.00097494 -0.0017716 -0.012667 -0.016006 -0.014916 -0.011839
-0.0297 0.16515 0.42595 -0.0023995 0.027836 0.11219 -0.0025596 0.056058 -0.062815 0.047011 -0.0075903 -0.0072441
-0.029883 0.12935 0.4048 0.0093011 0.045462 0.10592 -0.00018313 -0.035803 -0.021144 0.011701 0.017626 -0.0062667
-0.033711 0.15025 0.36329 0.048544 0.061366 0.11267 -0.0038276 0.020906 -0.041512 0.039242 0.015904 0.0067465
-0.037795 0.10668 0.41743 -0.00027653 0.032918 0.11129 -0.0040839 -0.043567 0.05414 -0.04882 -0.028449 -0.0013775
-0.045545 0.14047 0.40414 -0.013307 0.033408 0.11475 -0.0077506 0.03379 -0.013291 -0.013031 0.00049066 0.0034601
-0.046439 0.15451 0.41321 -0.035058 0.018644 0.10383 -0.00089386 0.01404 0.0090674 -0.02175 -0.014764 -0.010925
-0.04877 0.14144 0.39512 -0.03341 0.036166 0.1107 -0.0023307 -0.013075 -0.018089 0.0016477 0.017522 0.006869
-0.043321 0.12531 0.40192 -0.0076554 0.043875 0.1158 0.0054486 -0.016127 0.0068077 0.025755 0.0077089 0.0051052
-0.046707 0.12275 0.40424 -0.0065159 0.046656 0.12307 -0.003386 -0.002563 0.0023156 0.0011395 0.0027805 0.0072717
-0.04825 0.14494 0.41194 -0.019347 0.023317 0.12516 -0.0015423 0.022191 0.007702 -0.012831 -0.023339 0.0020929
-0.047166 0.12202 0.42155 -0.013322 0.036029 0.11825 0.0010834 -0.022923 0.0096043 0.0060249 0.012713 -0.0069171
-0.045066 0.11082 0.42877 -0.047949 0.012752 0.12794 0.0021003 -0.011193 0.007219 -0.034627 -0.023278 0.0096931
-0.041533 0.072931 0.46063 -0.02155 0.037888 0.12349 0.003533 -0.037892 0.031867 0.0264 0.025136 -0.0044547
-0.041301 0.078417 0.46234 -0.0087907 0.055293 0.13198 0.00023168 0.0054862 0.0017059 0.012759 0.017405 0.0084947
-0.041992 0.11001 0.48196 0.021693 0.075227 0.13129 -0.00069074 0.031591 0.019624 0.030484 0.019934 -0.00069145
-0.038689 0.10014 0.43117 0.020583 0.093449 0.12854 0.0033027 -0.0098696 -0.050794 -0.0011103 0.018222 -0.002746
-0.037098 0.18219 0.24709 0.047884 0.088818 0.12648 0.0015916 0.082052 -0.18407 0.027301 -0.0046311 -0.0020624
-0.033241 0.13641 0.10247 0.038991 0.079564 0.098494 0.0038572 -0.045778 -0.14463 -0.0088937 -0.0092539 -0.027987
-0.03738 0.1453 0.019075 0.10664 0.099796 0.094427 -0.0041397 0.0088885 -0.083392 0.06765 0.020232 -0.0040671
-0.032033 0.10516 0.11489 0.051372 0.068136 0.08341 0.0053469 -0.040145 0.09582 -0.055268 -0.03166 -0.011016
-0.036467 0.093144 0.24576 0.12344 0.092354 0.10507 -0.0044333 -0.012013 0.13087 0.072067 0.024218 0.021656
-0.032885 0.15759 0.27039 0.049093 0.056847 0.11553 0.0035814 0.064446 0.024627 -0.074347 -0.035507 0.010465
-0.03649 0.13584 0.23327 0.15013 0.081146 0.11913 -0.0036049 -0.021753 -0.03712 0.10104 0.0243 0.0036018
-0.033672 0.1435 0.25787 0.075144 0.050634 0.12694 0.0028183 0.0076651 0.024606 -0.07499 -0.030512 0.0078115
-0.032454 0.11432 0.26247 0.11031 0.062242 0.12322 0.001218 -0.029185 0.0045972 0.035168 0.011607 -0.0037277
-0.029823 0.097903 0.34393 0.06512 0.037416 0.14051 0.0026302 -0.016413 0.08146 -0.045192 -0.024826 0.017296
-0.036717 0.094005 0.33214 0.077254 0.06686 0.1432 -0.0068932 -0.0038987 -0.011794 0.012134 0.029444 0.0026866
-0.041355 0.069914 0.33697 0.06363 0.050708 0.15308 -0.0046387 -0.024091 0.0048282 -0.013624 -0.016152 0.0098775
-0.048359 0.068531 0.352 0.06984 0.060451 0.14217 -0.0070038 -0.0013826 0.01503 0.0062095 0.009743 -0.010911
-0.049135 0.093649 0.34136 0.073735 0.038278 0.13338 -0.00077556 0.025118 -0.010633 0.0038951 -0.022174 -0.0087879
-0.053777 0.11494 0.31985 0.056909 0.043188 0.11096 -0.0046421 0.021293 -0.021514 -0.016826 0.0049102 -0.022421
-0.034588 0.081703 0.32168 0.017554 0.02371 0.105 0.019189 -0.033238 0.0018293 -0.039354 -0.019478 -0.0059591
-0.031119 0.1064 0.29938 0.1858 0.029433 0.10824 0.0034691 0.024698 -0.022298 0.16825 0.0057227 0.003245
-0.0088423 0.15706 0.095371 0.35643 0.019837 0.11192 0.022277 0.050661 -0.20401 0.17062 -0.009596 0.0036766
-0.022346 0.27163 -0.12085 0.79927 0.022356 0.12381 -0.013504 0.11457 -0.21622 0.44284 0.0025187 0.011885
-0.036989 0.33419 -0.48927 0.85099 0.0077458 0.11497 -0.014643 0.062563 -0.36842 0.051725 -0.01461 -0.0088379
-0.048634 0.26698 -0.51714 0.89382 -0.026613 0.12227 -0.011644 -0.067207 -0.027866 0.042826 -0.034359 0.0073045
-0.052609 0.23181 -0.50272 0.7336 -0.041769 0.11849 -0.0039752 -0.035179 0.014421 -0.16022 -0.015155 -0.0037814
-0.043085 0.17081 -0.36524 0.63559 -0.040676 0.12302 0.009524 -0.060993 0.13748 -0.098013 0.0010929 0.0045246
-0.036628 0.19739 -0.27164 0.55102 -0.019982 0.12278 0.0064571 0.026581 0.093593 -0.084572 0.020694 -0.00023906
-0.038987 0.17452 -0.23551 0.48237 -0.013845 0.11971 -0.0023596 -0.022873 0.03613 -0.068647 0.006137 -0.0030711
-0.043387 0.17362 -0.21056 0.42214 -0.0015527 0.12166 -0.0043999 -0.00089834 0.024958 -0.06023 0.012292 0.0019513
-0.047571 0.16671 -0.20024 0.44105 -0.01147 0.11598 -0.0041838 -0.0069153 0.010319 0.018911 -0.0099176 -0.0056721
-0.042832 0.14724 -0.16385 0.41188 0.0027072 0.10502 0.004739 -0.019463 0.036388 -0.029174 0.014177 -0.010969
-0.036341 0.16305 -0.11264 0.36097 -0.0028298 0.099699 0.006491 0.015804 0.051211 -0.050909 -0.005537 -0.0053173
-0.02505 0.13209 -0.018051 0.2712 -0.0045218 0.084097 0.011291 -0.030961 0.094586 -0.089772 -0.001692 -0.015602
-0.031398 0.18809 -0.0092668 0.24247 -0.010287 0.089324 -0.006348 0.056005 0.0087839 -0.028723 -0.005765 0.0052275
-0.034368 0.15827 0.0058174 0.23784 -0.011295 0.084811 -0.0029693 -0.02982 0.015084 -0.0046278 -0.0010087 -0.0045131
-0.04458 0.17887 -0.016707 0.25383 -0.020295 0.090753 -0.010212 0.020594 -0.022525 0.01599 -0.0089995 0.005942
-0.044339 0.14794 -0.017222 0.25288 -0.017025 0.094818 0.00024097 -0.030924 -0.00051509 -0.00095854 0.0032698 0.0040645
-0.046265 0.18265 -0.038239 0.24449 -0.028605 0.093593 -0.0019257 0.034705 -0.021016 -0.0083882 -0.01158 -0.0012249
-0.041085 0.1778 -0.043778 0.24734 -0.021359 0.092278 0.0051803 -0.004849 -0.0055394 0.0028528 0.0072456 -0.0013142
-0.044811 0.16958 -0.056017 0.23799 -0.018333 0.091265 -0.0037261 -0.0082166 -0.012239 -0.0093559 0.0030266 -0.0010135
-0.041028 0.16448 -0.045121 0.23517 -0.016823 0.091772 0.0037821 -0.0050968 0.010896 -0.002817 0.00151 0.00050686
-0.040758 0.13745 -0.032382 0.21667 -0.0095613 0.090691 0.00027051 -0.027035 0.012739 -0.018499 0.0072616 -0.001081
-0.046103 0.16123 -0.047905 0.21186 -0.013597 0.09792 -0.0053454 0.023786 -0.015523 -0.0048139 -0.0040355 0.0072289
-0.049486 0.14039 -0.029732 0.20513 -0.00099851 0.10155 -0.003383 -0.020846 0.018174 -0.0067284 0.012598 0.0036291
-0.061476 0.13773 -0.055348 0.19938 -0.0028314 0.11467 -0.01199 -0.0026566 -0.025617 -0.0057476 -0.0018329 0.013122
-0.060022 0.18109 -0.046271 0.20977 0.0031543 0.12231 0.0014546 0.04336 0.009077 0.010386 0.0059857 0.0076401
-0.059549 0.15834 -0.073414 0.20521 -0.0030982 0.11071 0.00047249 -0.022749 -0.027143 -0.0045516 -0.0062525 -0.011602
-0.053521 0.18558 -0.058895 0.20166 0.00016799 0.11068 0.0060286 0.027233 0.014519 -0.0035485 0.0032662 -3.3732e-05
-0.055163 0.15013 -0.054546 0.1928 -0.0014481 0.10334 -0.0016422 -0.035443 0.0043489 -0.0088618 -0.0016161 -0.0073379
-0.05723 0.16285 -0.036417 0.18527 -0.0011001 0.11195 -0.0020675 0.012719 0.018129 -0.0075306 0.00034797 0.0086142
-0.059495 0.17061 -0.021611 0.17898 -0.0043872 0.11459 -0.0022652 0.0077566 0.014806 -0.0062968 -0.0032871 0.0026352
-0.061453 0.18039 -0.017433 0.18919 -0.0094794 0.11144 -0.0019579 0.0097819 0.0041778 0.010213 -0.0050922 -0.0031499
-0.060984 0.16478 -0.017138 0.18147 -0.010577 0.10257 0.00046888 -0.015615 0.00029444 -0.0077178 -0.0010976 -0.0088696
-0.059115 0.15927 -0.022208 0.19649 -0.010079 0.098605 0.0018699 -0.0055081 -0.0050698 0.015022 0.0004985 -0.0039625
-0.060783 0.16158 -0.040487 0.18708 -0.011935 0.10218 -0.0016683 0.002312 -0.018279 -0.009409 -0.0018565 0.0035779
-0.056728 0.16329 -0.034098 0.20402 -0.0059233 0.10749 0.004055 0.0017111 0.006389 0.016936 0.0060117 0.00531
-0.061023 0.17483 -0.034581 0.19413 -0.0096196 0.11426 -0.0042954 0.011542 -0.00048307 -0.0098894 -0.0036962 0.006763
-0.061634 0.15056 -0.032446 0.20231 -0.004106 0.1131 -0.00061101 -0.024271 0.002136 0.0081758 0.0055136 -0.0011519
-0.064128 0.16467 -0.038792 0.2086 -0.0039486 0.10217 -0.0024942 0.014108 -0.0063463 0.0062894 0.00015741 -0.010933
-0.060658 0.14037 -0.034926 0.1874 -0.0067245 0.10475 0.0034708 -0.024305 0.0038656 -0.021199 -0.0027759 0.0025794
-0.057662 0.16548 -0.042851 0.21524 0.00051175 0.10118 0.0029961 0.025116 -0.0079253 0.027844 0.0072362 -0.0035679
-0.053116 0.14671 -0.012514 0.17114 -0.0074929 0.11767 0.0045455 -0.018774 0.030338 -0.044098 -0.0080046 0.016484
-0.054817 0.15337 -0.03288 0.20961 0.0018172 0.11996 -0.0017007 0.006664 -0.020366 0.038463 0.00931 0.002293
-0.061339 0.1669 -0.019722 0.19221 -0.0062622 0.12282 -0.0065224 0.013532 0.013157 -0.017394 -0.0080793 0.0028613
-0.059846 0.15177 -0.029272 0.2009 -0.0081007 0.11454 0.0014934 -0.015136 -0.00955 0.008692 -0.0018386 -0.0082815
-0.064039 0.15025 -0.036547 0.19226 -0.016278 0.10935 -0.0041929 -0.0015162 -0.0072749 -0.008649 -0.0081769 -0.005186
-0.05839 0.12581 -0.023666 0.15743 -0.022868 0.10661 0.0056489 -0.02444 0.012881 -0.03483 -0.0065903 -0.0027407
-0.059782 0.12268 -0.042117 0.17847 -0.016932 0.10474 -0.0013927 -0.0031359 -0.018452 0.021046 0.0059359 -0.0018688
-0.057911 0.13384 -0.030353 0.16161 -0.013635 0.10012 0.0018712 0.011168 0.011765 -0.01686 0.0032969 -0.0046218
-0.052187 0.15194 -0.022657 0.16505 -0.013874 0.098113 0.0057238 0.018092 0.0076961 0.0034423 -0.0002387 -0.0020083
-0.043328 0.13786 -0.017832 0.15214 -0.0034782 0.11094 0.0088599 -0.014073 0.0048242 -0.012915 0.010396 0.012828
-0.035789 0.16143 -0.010871 0.13525 -0.027976 0.10646 0.0075385 0.023563 0.006961 -0.016893 -0.024498 -0.004478
-0.031524 0.10387 -0.026833 0.16474 0.0027262 0.1344 0.0042651 -0.057558 -0.015962 0.02949 0.030702 0.027941
-0.035247 0.13604 -0.03517 0.1751 -0.012972 0.11354 -0.0037233 0.032167 -0.0083371 0.010357 -0.015698 -0.020867
-0.031047 0.096334 -0.03571 0.1745 0.016139 0.1306 0.0041997 -0.039702 -0.00054049 -0.00059973 0.029111 0.017058
-0.028856 0.11328 -0.025571 0.18466 0.029736 0.13073 0.0021917 0.01695 0.01014 0.010167 0.013597 0.0001383
-0.025296 0.1078 -0.017862 0.16769 0.023618 0.13613 0.0035599 -0.0054884 0.007709 -0.016976 -0.006118 0.0054002
-0.022615 0.10285 -0.022931 0.19024 0.045544 0.15048 0.0026805 -0.0049483 -0.0050695 0.022557 0.021925 0.014344
-0.029258 0.11411 -0.0092298 0.17502 0.021105 0.14333 -0.0066421 0.01126 0.013701 -0.015224 -0.024439 -0.0071524
-0.03124 0.097324 0.00028879 0.16306 0.031822 0.13554 -0.0019821 -0.016783 0.0095186 -0.011963 0.010717 -0.0077855
-0.0382 0.09788 0.032228 0.14633 0.021127 0.13256 -0.0069606 0.00055575 0.031939 -0.01673 -0.010696 -0.0029821
-0.048021 0.090645 0.040029 0.14416 0.019261 0.1228 -0.0098208 -0.0072349 0.007801 -0.0021708 -0.001866 -0.00976
-0.050922 0.12352 0.024169 0.14341 0.0088854 0.12631 -0.0029012 0.032875 -0.01586 -0.0007432 -0.010375 0.0035144
-0.055311 0.10563 0.029296 0.13953 0.0011316 0.12446 -0.0043889 -0.017893 0.0051278 -0.0038795 -0.0077539 -0.0018498
-0.056349 0.11626 0.017004 0.14269 -0.00060264 0.12323 -0.0010378 0.010628 -0.012293 0.0031619 -0.0017342 -0.0012372
-0.054743 0.096406 0.035303 0.1245 -0.0079479 0.1142 0.001606 -0.019849 0.0183 -0.018194 -0.0073453 -0.0090221
-0.056176 0.1101 0.022932 0.15271 -0.0076937 0.11093 -0.0014327 0.013698 -0.012371 0.028211 0.00025419 -0.0032684
-0.056874 0.11962 0.050885 0.097287 -0.043643 0.1014 -0.00069802 0.0095151 0.027953 -0.055425 -0.035949 -0.0095353
-0.057474 0.10982 0.034797 0.12795 -0.040997 0.10553 -0.00060076 -0.009797 -0.016088 0.030658 0.0026453 0.0041283
-0.061502 0.1238 0.055681 0.081713 -0.060336 0.11549 -0.0040271 0.013982 0.020884 -0.046233 -0.019339 0.0099598
-0.061673 0.11594 0.0277 0.12803 -0.031734 0.11259 -0.00017119 -0.0078618 -0.027981 0.046317 0.028603 -0.0028959
-0.058448 0.13243 0.02235 0.11818 -0.027022 0.11965 0.003225 0.016489 -0.0053505 -0.0098543 0.0047114 0.0070561
-0.051008 0.12697 0.023248 0.12333 -0.021833 0.11107 0.0074393 -0.0054591 0.00089828 0.0051574 0.0051895 -0.0085819
-0.043946 0.12505 0.033487 0.12445 -0.012664 0.11783 0.0070621 -0.0019255 0.010239 0.0011214 0.0091682 0.0067606
-0.034743 0.12197 0.062346 0.1361 -0.0045387 0.12213 0.0092032 -0.0030788 0.028859 0.011643 0.0081258 0.0042996
-0.044392 0.11356 0.098762 0.16282 0.021264 0.13231 -0.0096491 -0.0084061 0.036416 0.02672 0.025802 0.010188
-0.04683 0.11456 0.10716 0.18603 0.037569 0.1338 -0.002438 0.00099361 0.0084016 0.023217 0.016305 0.0014862
-0.058531 0.13644 0.10808 0.18019 0.025793 0.13981 -0.011701 0.021886 0.00092056 -0.0058485 -0.011776 0.006005
-0.054199 0.12254 0.10294 0.17404 0.031066 0.13411 0.0043323 -0.013906 -0.0051456 -0.0061422 0.0052728 -0.0056922
-0.054006 0.13299 0.10286 0.16162 0.012372 0.13099 0.00019275 0.01045 -8.1936e-05 -0.012423 -0.018694 -0.0031204
-0.049154 0.10949 0.12551 0.14875 0.022198 0.13059 0.0048521 -0.023492 0.022652 -0.012866 0.0098259 -0.00040007
-0.048867 0.1259 0.11743 0.15818 0.013139 0.12197 0.00028778 0.016405 -0.0080821 0.0094225 -0.0090586 -0.0086265
-0.054062 0.11262 0.11929 0.16339 0.001719 0.12635 -0.0051954 -0.013277 0.001868 0.0052167 -0.01142 0.0043818
-0.056848 0.10939 0.12199 0.16312 0.0043121 0.11946 -0.0027856 -0.003235 0.0026994 -0.00027284 0.0025931 -0.0068898
-0.074708 0.11505 0.10501 0.1706 -0.024142 0.12053 -0.01786 0.0056628 -0.016983 0.0074782 -0.028454 0.0010681
-0.071048 0.13801 0.11742 0.090851 -0.030643 0.10339 0.0036603 0.022959 0.012406 -0.079748 -0.0065012 -0.017133
-0.077831 0.15417 0.087125 0.077514 -0.075728 0.08888 -0.0067833 0.016162 -0.030292 -0.013337 -0.045085 -0.014513
-0.067456 0.12145 0.11638 -0.014781 -0.091916 0.069493 0.010375 -0.032723 0.029255 -0.092295 -0.016188 -0.019386
-0.076327 0.11299 0.083083 0.023113 -0.11446 0.063924 -0.0088706 -0.008458 -0.033296 0.037894 -0.022542 -0.0055691
-0.07483 0.098762 0.14604 -0.0041774 -0.10075 0.077598 0.0014968 -0.014228 0.062955 -0.02729 0.013708 0.013674
-0.083641 0.13512 0.097656 0.048335 -0.10262 0.080473 -0.0088109 0.036362 -0.048382 0.052513 -0.0018676 0.002875
-0.071473 0.1424 0.060643 0.055358 -0.080379 0.098348 0.012168 0.0072725 -0.037013 0.0070227 0.02224 0.017874
-0.0628 0.14187 -0.041599 0.10122 -0.084897 0.085632 0.0086729 -0.00052646 -0.10224 0.045864 -0.0045188 -0.012715
-0.050429 0.16616 -0.36906 0.1347 -0.10559 0.074269 0.012371 0.024287 -0.32746 0.033477 -0.020689 -0.011363
-0.053708 0.10458 -0.20171 0.19766 -0.047921 0.088337 -0.003279 -0.061577 0.16735 0.062962 0.057665 0.014068
-0.068511 0.11774 -0.30425 0.1692 -0.071582 0.093503 -0.014803 0.013158 -0.10255 -0.028466 -0.02366 0.0051659
-0.08642 0.040385 0.30469 0.21222 -0.031475 0.1404 -0.017909 -0.077353 0.60895 0.043022 0.040107 0.046893
-0.076943 0.079537 0.509 0.12949 -0.057638 0.14147 0.0094769 0.039152 0.2043 -0.082726 -0.026163 0.0010724
-0.068137 0.083601 0.80431 0.20886 -0.076889 0.14428 0.0088058 0.0040637 0.29532 0.079367 -0.019251 0.0028084
-0.035906 0.14115 0.88515 0.21764 0.0016757 0.14342 0.032231 0.057552 0.080837 0.0087815 0.078564 -0.00085694
-0.03506 0.14699 0.83825 0.27685 0.01866 0.13299 0.00084662 0.0058321 -0.046902 0.059213 0.016984 -0.010429
-0.031048 0.18514 0.91434 0.24093 0.051325 0.13828 0.0040122 0.038156 0.076095 -0.035926 0.032665 0.0052845
-0.035888 0.13194 0.98539 0.18552 0.045271 0.13361 -0.004841 -0.053199 0.071045 -0.055411 -0.0060543 -0.0046643
-0.043724 0.15575 1.0477 0.12095 0.025236 0.13231 -0.0078356 0.023809 0.062277 -0.06457 -0.020035 -0.0012971
-0.041751 0.12712 1.097 0.089853 0.043029 0.14426 0.001973 -0.028633 0.049322 -0.031093 0.017794 0.011942
-0.045673 0.16606 1.0758 0.092129 0.052721 0.14137 -0.0039215 0.038942 -0.021159 0.0022753 0.0096914 -0.0028905
-0.050818 0.14749 1.0784 0.072794 0.040671 0.14747 -0.0051454 -0.018573 0.0026195 -0.019335 -0.01205 0.0061053
-0.049063 0.15937 1.0836 0.090053 0.030772 0.14633 0.0017549 0.011882 0.0051568 0.017259 -0.0098997 -0.0011368
-0.055384 0.15106 1.0879 0.065372 0.020197 0.15467 -0.0063211 -0.008312 0.0043219 -0.02468 -0.010574 0.0083314
-0.049087 0.17014 1.1102 0.059102 0.010603 0.15769 0.0062972 0.01908 0.022251 -0.0062703 -0.0095938 0.003024
-0.051651 0.14831 1.1326 0.038574 0.017894 0.16237 -0.0025645 -0.021825 0.022473 -0.020528 0.00729 0.0046784
-0.054797 0.15053 1.1658 0.034937 0.026069 0.16134 -0.003146 0.0022214 0.033115 -0.0036376 0.0081755 -0.001032
-0.05697 0.13964 1.17 0.021964 0.016308 0.15773 -0.0021727 -0.010897 0.0042293 -0.012973 -0.0097612 -0.0036044
-0.063334 0.15461 1.1731 0.021685 0.01758 0.15917 -0.0063639 0.01497 0.0031007 -0.00027943 0.0012721 0.0014394
-0.06414 0.1396 1.1591 0.038043 0.028455 0.15676 -0.00080581 -0.015005 -0.013977 0.016358 0.010875 -0.0024155
-0.064281 0.14899 1.1579 0.029452 0.026007 0.1599 -0.00014111 0.0093868 -0.0012571 -0.0085906 -0.0024482 0.0031394
-0.056947 0.15205 1.1375 0.067582 0.073078 0.16631 0.0073345 0.0030587 -0.020336 0.038129 0.047072 0.0064134
-0.047794 0.16492 1.1563 0.022749 0.039676 0.15571 0.0091526 0.012869 0.018767 -0.044833 -0.033402 -0.010602
-0.045594 0.14972 1.177 0.016992 0.045663 0.16186 0.0021998 -0.015198 0.020708 -0.0057565 0.0059867 0.0061496
-0.052345 0.12959 1.2118 0.0016524 0.016595 0.15454 -0.0067512 -0.020132 0.034792 -0.01534 -0.029067 -0.0073206
-0.057049 0.14285 1.2297 -0.0041848 0.012575 0.16027 -0.0047036 0.013261 0.017915 -0.0058372 -0.0040204 0.0057319
-0.059556 0.12265 1.2375 0.0034961 0.020763 0.15569 -0.0025072 -0.020203 0.0078108 0.007681 0.0081883 -0.0045788
-0.061725 0.14232 1.2402 -0.0084758 0.013694 0.15251 -0.0021687 0.01967 0.0027215 -0.011972 -0.0070691 -0.0031836
-0.058577 0.12533 1.2375 -0.016468 0.021132 0.15047 0.0031474 -0.016988 -0.0027104 -0.0079925 0.0074381 -0.0020307
-0.06325 0.13946 1.2505 -0.0042405 0.016548 0.15283 -0.004673 0.014131 0.013004 0.012228 -0.0045839 0.0023527
-0.059984 0.12626 1.228 7.636e-05 0.025647 0.15121 0.003266 -0.013204 -0.022567 0.0043169 0.0090989 -0.0016124
-0.062798 0.13026 1.1752 0.0018399 0.023275 0.14389 -0.0028134 0.0040056 -0.052765 0.0017635 -0.0023723 -0.0073283
-0.070928 0.10342 1.1247 -0.0041038 0.022181 0.13538 -0.0081299 -0.026838 -0.050509 -0.0059437 -0.0010942 -0.008503
-0.067122 0.15062 1.026 -0.019044 0.024454 0.13132 0.0038058 0.047195 -0.098728 -0.01494 0.0022733 -0.0040627
-0.072103 0.086285 1.1164 -0.031194 0.021706 0.13013 -0.0049807 -0.064333 0.090471 -0.01215 -0.0027475 -0.0011916
-0.06507 0.10211 1.1407 -0.069456 0.022197 0.1358 0.007033 0.01582 0.024234 -0.038263 0.00049097 0.0056727
-0.072404 0.080795 1.2324 -0.074058 0.023906 0.14026 -0.0073345 -0.021311 0.091736 -0.0046018 0.0017081 0.0044625
-0.067426 0.10628 1.2273 -0.09898 0.019115 0.14208 0.0049777 0.025488 -0.005072 -0.024922 -0.0047908 0.00182
-0.0641 0.16478 1.1839 -0.068828 0.034258 0.14238 0.0033262 0.058502 -0.043394 0.030152 0.015143 0.00029207
-0.051396 0.12652 1.1686 -0.07416 0.026806 0.1372 0.012704 -0.038266 -0.015315 -0.005333 -0.0074514 -0.0051811
-0.047074 0.14048 1.1626 -0.078646 0.031433 0.13123 0.0043215 0.013964 -0.0059746 -0.0044854 0.0046266 -0.0059653
-0.048637 0.092844 1.1772 -0.087929 0.023493 0.13401 -0.001563 -0.047639 0.014555 -0.0092834 -0.0079396 0.0027819
-0.053253 0.11088 1.1943 -0.091196 0.022175 0.1295 -0.0046156 0.018036 0.017079 -0.0032672 -0.001318 -0.0045114
-0.059497 0.10552 1.2045 -0.086544 0.02492 0.13928 -0.0062445 -0.0053619 0.010208 0.0046526 0.0027441 0.0097754
-0.058982 0.13206 1.1849 -0.074546 0.022295 0.13173 0.0005149 0.026538 -0.019566 0.011998 -0.002625 -0.0075415
-0.059118 0.12186 1.196 -0.081766 0.033999 0.13538 -0.00013545 -0.010197 0.011109 -0.0072202 0.011704 0.0036492
-0.058259 0.11081 1.194 -0.091042 0.029878 0.12702 0.00085904 -0.011054 -0.0020107 -0.0092759 -0.0041211 -0.0083641
-0.06072 0.10945 1.2057 -0.082616 0.033383 0.13028 -0.0024616 -0.0013532 0.011655 0.0084264 0.0035051 0.0032589
-0.060794 0.10908 1.2204 -0.09585 0.02999 0.12882 -7.33e-05 -0.00037005 0.0147 -0.013234 -0.0033932 -0.0014612
-0.052423 0.12223 1.2058 -0.089564 0.050995 0.1355 0.0083708 0.01315 -0.014552 0.0062861 0.021006 0.0066804
-0.045305 0.10832 1.2298 -0.13082 0.06993 0.13073 0.0071174 -0.013911 0.023939 -0.041254 0.018934 -0.0047705
-0.035338 0.096285 1.2419 -0.13756 0.10118 0.13469 0.0099675 -0.012035 0.012096 -0.0067466 0.03125 0.0039654
-0.049736 0.11063 1.2314 -0.16679 0.072148 0.12607 -0.014398 0.014344 -0.010477 -0.029227 -0.029031 -0.0086211
-0.055145 0.12412 1.2273 -0.15552 0.062531 0.1284 -0.0054094 0.013489 -0.0040698 0.011266 -0.0096175 0.0023241
-0.070877 0.12001 1.2152 -0.11858 0.064209 0.13928 -0.015731 -0.004112 -0.012069 0.036946 0.0016781 0.010884
-0.069435 0.11506 1.2297 -0.12079 0.063291 0.14292 0.0014414 -0.0049431 0.014454 -0.002206 -0.0009174 0.0036352
-0.070445 0.10069 1.2006 -0.064217 0.10624 0.15656 -0.0010099 -0.014372 -0.029066 0.056568 0.042947 0.013645
-0.066718 0.13441 1.1867 -0.11695 0.06064 0.14259 0.0037276 0.033718 -0.01394 -0.052729 -0.045598 -0.013972
-0.065911 0.11487 1.1934 -0.094813 0.068012 0.14174 0.00080669 -0.019539 0.0067465 0.022132 0.0073713 -0.00084934
-0.06124 0.12677 1.2126 -0.12858 0.058189 0.13247 0.0046711 0.011899 0.019133 -0.033769 -0.0098224 -0.0092686
-0.065206 0.094606 1.2247 -0.12317 0.059745 0.13596 -0.0039663 -0.032163 0.012158 0.0054136 0.0015559 0.0034908
-0.064481 0.11519 1.1395 -0.14419 0.071009 0.13476 0.00072482 0.020587 -0.085247 -0.02102 0.011264 -0.0012027
-0.052758 0.09073 1.2521 -0.1501 0.069954 0.13553 0.011723 -0.024464 0.11263 -0.0059066 -0.0010552 0.00076875
-0.070202 0.084025 1.3588 -0.11064 0.068763 0.14428 -0.017444 -0.0067051 0.10666 0.039453 -0.001191 0.008754
-0.086837 0.12568 0.76314 -0.10918 0.061744 0.13728 -0.016635 0.041654 -0.59562 0.0014605 -0.0070191 -0.0069985
-0.1332 0.20094 -0.22321 -0.21124 0.00045003 0.14304 -0.046367 0.075258 -0.98636 -0.10206 -0.061294 0.0057591
-0.14983 0.25902 -1.2759 0.055088 -0.051596 0.14248 -0.016628 0.058087 -1.0527 0.26633 -0.052047 -0.00056589
-0.11751 0.28737 -1.4056 0.16621 -0.087495 0.13824 0.032322 0.028341 -0.12974 0.11113 -0.035899 -0.0042402
-0.086698 0.22459 -0.3158 0.95315 -0.089664 0.14855 0.030811 -0.06278 1.0898 0.78694 -0.0021683 0.01031
-0.051061 0.31042 0.3547 1.1116 -0.074259 0.12305 0.035637 0.085836 0.6705 0.15841 0.015404 -0.025495
-0.053943 0.34742 0.82206 1.3174 -0.037319 0.13264 -0.0028829 0.036998 0.46737 0.20585 0.03694 0.0095878
-0.070821 0.39919 0.61154 1.1562 0.0092508 0.14099 -0.016878 0.051771 -0.21053 -0.16118 0.04657 0.008349
-0.077057 0.37818 0.50848 0.91336 0.089846 0.16299 -0.0062354 -0.021012 -0.10305 -0.24287 0.080596 0.022002
-0.086854 0.31061 0.63404 0.87461 0.13025 0.18146 -0.0097974 -0.067567 0.12555 -0.038744 0.040406 0.018472
-0.08602 0.27966 0.68894 0.76291 0.14405 0.1764 0.0008343 -0.03095 0.054898 -0.1117 0.013793 -0.0050606
-0.091867 0.27129 0.68025 0.74628 0.14313 0.17749 -0.0058471 -0.0083712 -0.0086845 -0.016633 -0.00091879 0.0010934
-0.091749 0.25355 0.71392 0.73607 0.13191 0.18064 0.00011761 -0.017737 0.03367 -0.010207 -0.011215 0.003146
-0.095692 0.2702 0.70216 0.68427 0.14845 0.18078 -0.0039427 0.016643 -0.01176 -0.051801 0.016533 0.00013829
-0.086673 0.27431 0.70903 0.68077 0.15717 0.18964 0.0090193 0.0041165 0.0068626 -0.0034997 0.0087268 0.0088628
-0.093809 0.24113 0.71187 0.65768 0.1668 0.18374 -0.0071359 -0.033186 0.0028496 -0.023097 0.0096279 -0.0059049
-0.095025 0.25085 0.70542 0.6644 0.17118 0.19475 -0.0012162 0.009727 -0.0064563 0.0067242 0.0043761 0.011019
-0.10526 0.2366 0.72324 0.66007 0.17392 0.19367 -0.010232 -0.014259 0.01782 -0.0043306 0.002747 -0.0010859
-0.10607 0.24557 0.70555 0.64842 0.16407 0.19456 -0.00081649 0.008975 -0.017684 -0.011654 -0.0098556 0.00088916
-0.10372 0.24091 0.71904 0.62903 0.17067 0.18693 0.0023544 -0.0046555 0.013487 -0.019384 0.0066041 -0.0076244
-0.12063 0.15572 0.7025 0.6072 0.12043 0.1942 -0.016915 -0.085194 -0.016539 -0.021831 -0.05024 0.0072645
-0.13069 0.22485 0.67981 0.56929 0.057137 0.19243 -0.010052 0.069133 -0.022696 -0.037909 -0.063295 -0.0017717
-0.14778 0.21514 0.65481 0.5144 -0.019608 0.19867 -0.017097 -0.009715 -0.025001 -0.054891 -0.076745 0.0062422
-0.13712 0.31794 0.65082 0.47587 -0.066851 0.18223 0.010661 0.1028 -0.0039896 -0.038537 -0.047244 -0.016437
-0.11986 0.27497 0.73696 0.45737 -0.037652 0.16761 0.01726 -0.042968 0.086142 -0.018497 0.029199 -0.014624
-0.11127 0.25216 0.79405 0.46394 -0.016927 0.16264 0.0085917 -0.022816 0.05709 0.0065711 0.020725 -0.0049647
-0.10489 0.23565 0.80855 0.46605 -0.0027151 0.16211 0.0063838 -0.016511 0.014497 0.0021136 0.014212 -0.00053225
-0.10549 0.2396 0.77528 0.48699 0.020213 0.16332 -0.00060915 0.0039582 -0.033269 0.020936 0.022928 0.0012047
-0.10411 0.24615 0.74439 0.49609 0.023134 0.16591 0.0013813 0.0065411 -0.030889 0.0090973 0.0029217 0.0025942
-0.099764 0.24626 0.72066 0.55058 0.072588 0.16257 0.0043497 0.00010992 -0.023723 0.054498 0.049454 -0.0033431
-0.10384 0.23247 0.73756 0.54788 0.075818 0.16812 -0.0040797 -0.013784 0.016896 -0.0027059 0.0032298 0.0055559
-0.10381 0.24244 0.72874 0.5263 0.053981 0.16872 3.1265e-05 0.0099727 -0.008818 -0.021581 -0.021837 0.00059325
-0.10149 0.23302 0.7425 0.501 0.046706 0.16512 0.0023251 -0.0094286 0.013753 -0.025293 -0.0072752 -0.0035935
-0.10127 0.21515 0.76485 0.46978 0.027455 0.16322 0.00022122 -0.017864 0.022357 -0.031228 -0.019251 -0.0019038
-0.10214 0.20238 0.76844 0.49374 0.058851 0.16312 -0.00087113 -0.012772 0.0035845 0.023966 0.031395 -0.00010104
-0.10312 0.18763 0.82085 0.46219 0.039307 0.16785 -0.0009811 -0.014747 0.05241 -0.03155 -0.019544 0.0047332
-0.10562 0.20181 0.82084 0.45357 0.050845 0.17316 -0.0025062 0.014173 -4.1147e-06 -0.0086219 0.011539 0.0053065
-0.10049 0.18316 0.84741 0.43749 0.031652 0.17828 0.0051366 -0.018645 0.026569 -0.016083 -0.019193 0.0051231
-0.10669 0.18531 0.83776 0.45087 0.057529 0.1761 -0.0062041 0.0021452 -0.0096501 0.013379 0.025877 -0.0021842
-0.10527 0.18369 0.80804 0.4887 0.078351 0.18266 0.001425 -0.0016177 -0.029727 0.037834 0.020823 0.0065599
-0.10739 0.19725 0.80595 0.45548 0.07683 0.17526 -0.0021272 0.013566 -0.0020844 -0.033222 -0.0015214 -0.0073963
-0.09974 0.21728 0.78402 0.46716 0.081719 0.17985 0.0076541 0.020027 -0.021934 0.011683 0.0048892 0.0045862
-0.092733 0.17066 0.80907 0.43772 0.055958 0.1761 0.0070072 -0.046625 0.025048 -0.029441 -0.025762 -0.0037422
-0.088383 0.18825 0.79882 0.44944 0.037879 0.17511 0.0043505 0.017593 -0.010243 0.011718 -0.018079 -0.00099617
-0.08499 0.15511 0.80026 0.45397 0.024134 0.17739 0.0033927 -0.033135 0.0014343 0.0045349 -0.013745 0.0022801
-0.089864 0.20409 0.76706 0.47058 0.029021 0.16406 -0.0048738 0.048977 -0.033195 0.016607 0.0048874 -0.013331
-0.0935 0.17801 0.76462 0.44802 0.028115 0.16805 -0.0036365 -0.026082 -0.0024408 -0.022564 -0.00090621 0.0039964
-0.090511 0.17585 0.72534 0.47926 0.048498 0.16649 0.0029894 -0.0021545 -0.039277 0.031243 0.020384 -0.0015665
-0.078169 0.17292 0.74941 0.39788 0.011122 0.18099 0.012342 -0.0029288 0.024067 -0.081384 -0.037376 0.014501
-0.063121 0.1811 0.73487 0.42126 0.015444 0.17863 0.015048 0.0081781 -0.014546 0.023384 0.0043223 -0.0023555
-0.063173 0.21576 0.77057 0.3752 -0.0088677 0.17452 -5.1962e-05 0.034659 0.0357 -0.046055 -0.024312 -0.0041155
-0.074528 0.22376 0.76468 0.41689 -0.0053614 0.15733 -0.011355 0.0079988 -0.0058869 0.041686 0.0035064 -0.017188
-0.085309 0.25091 0.74843 0.43008 -0.0073441 0.15791 -0.010781 0.027154 -0.016244 0.013194 -0.0019827 0.00058109
-0.084705 0.21829 0.75981 0.42603 -0.010711 0.15115 0.00060399 -0.032627 0.01138 -0.0040496 -0.003367 -0.0067599
-0.080218 0.2196 0.74135 0.42677 -0.0037304 0.1517 0.0044874 0.0013161 -0.01846 0.0007394 0.0069806 0.00054774
-0.076708 0.18262 0.76858 0.40065 -0.0093332 0.14569 0.0035093 -0.036978 0.027226 -0.026122 -0.0056028 -0.006005
-0.078557 0.21092 0.74767 0.42453 -0.010681 0.14561 -0.001849 0.028291 -0.020911 0.023875 -0.0013483 -8.2883e-05
-0.079231 0.20744 0.74369 0.45186 0.0010835 0.15259 -0.00067387 -0.0034771 -0.0039819 0.027329 0.011765 0.0069812
-0.077791 0.20017 0.75508 0.44507 -0.01062 0.15329 0.0014406 -0.0072648 0.011394 -0.0067845 -0.011703 0.00070265
-0.077276 0.20157 0.7363 0.47667 0.011206 0.15591 0.00051421 0.0013993 -0.018783 0.031599 0.021826 0.0026142
-0.07677 0.18351 0.75936 0.43052 -0.018359 0.14919 0.00050647 -0.01806 0.02306 -0.04615 -0.029565 -0.0067159
-0.079746 0.18987 0.74153 0.47751 0.0020546 0.15023 -0.0029758 0.0063598 -0.017824 0.046988 0.020414 0.0010434
-0.075588 0.2002 0.75634 0.46494 -0.010046 0.15034 0.0041573 0.010328 0.014807 -0.012566 -0.0121 0.00010373
-0.077718 0.20026 0.74061 0.50416 0.0047603 0.15304 -0.0021299 5.5689e-05 -0.015731 0.039216 0.014806 0.0027035
-0.06826 0.22809 0.7547 0.49667 0.00044089 0.1544 0.0094588 0.02783 0.014089 -0.0074903 -0.0043194 0.0013611
-0.078879 0.21177 0.74611 0.52153 0.013254 0.15601 -0.010619 -0.016315 -0.008589 0.02486 0.012813 0.0016078
-0.078801 0.19632 0.78718 0.49397 0.0048456 0.15144 7.7607e-05 -0.01545 0.041073 -0.027555 -0.0084087 -0.0045699
-0.088334 0.19893 0.78315 0.49471 0.0063302 0.15055 -0.0095334 0.0026054 -0.0040323 0.00073843 0.0014846 -0.00088764
-0.086969 0.1899 0.79627 0.49371 0.0020637 0.15219 0.0013659 -0.0090246 0.013124 -0.0010043 -0.0042666 0.0016387
-0.087637 0.18526 0.81278 0.47347 0.0037048 0.15335 -0.00066854 -0.0046395 0.016502 -0.020234 0.0016412 0.0011583
-0.090541 0.18383 0.80518 0.51058 0.011836 0.16468 -0.0029042 -0.0014353 -0.0075966 0.037107 0.0081309 0.011333
-0.094369 0.1715 0.81183 0.48284 0.016315 0.16015 -0.003828 -0.012328 0.0066527 -0.02774 0.0044797 -0.0045324
-0.093505 0.17693 0.80867 0.49975 0.0016669 0.16602 0.00086413 0.0054303 -0.0031664 0.016905 -0.014649 0.0058663
-0.094825 0.18942 0.78975 0.50569 0.018056 0.16233 -0.00132 0.012485 -0.018914 0.0059395 0.016389 -0.0036904
-0.092919 0.17943 0.80381 0.50106 0.018259 0.16894 0.0019068 -0.0099849 0.014054 -0.0046271 0.00020246 0.0066166
-0.09477 0.19489 0.79662 0.47746 0.015524 0.16698 -0.0018519 0.015455 -0.0071899 -0.023599 -0.0027349 -0.0019615
-0.096549 0.19314 0.79203 0.47701 0.030411 0.17006 -0.0017786 -0.0017446 -0.004586 -0.0004526 0.014887 0.0030732
-0.091614 0.17825 0.82203 0.41489 -0.0089056 0.15983 0.0049355 -0.01489 0.029998 -0.062114 -0.039317 -0.010228
-0.09165 0.19854 0.77921 0.46923 0.031343 0.15741 -3.6508e-05 0.020285 -0.042817 0.054341 0.040248 -0.0024197
-0.082331 0.18946 0.79809 0.44613 0.024894 0.15646 0.0093186 -0.0090803 0.018881 -0.0231 -0.0064485 -0.00095139
-0.082536 0.19766 0.76516 0.48329 0.06248 0.16134 -0.00020427 0.0082044 -0.032932 0.037161 0.037586 0.0048835
-0.076231 0.20527 0.78699 0.45756 0.057014 0.1656 0.0063051 0.0076119 0.021825 -0.025729 -0.0054657 0.0042597
-0.07771 0.20169 0.77031 0.45116 0.057944 0.16487 -0.0014791 -0.0035833 -0.016671 -0.0064038 0.00093034 -0.00073056
-0.077964 0.20281 0.78554 0.44481 0.050863 0.15672 -0.00025463 0.001122 0.015231 -0.0063478 -0.0070816 -0.0081531
-0.090229 0.20054 0.78157 0.47262 0.047867 0.15579 -0.012265 -0.0022711 -0.0039702 0.027807 -0.0029954 -0.00092775
-0.096834 0.17141 0.83603 0.42455 0.010702 0.1493 -0.0066048 -0.029129 0.054454 -0.048066 -0.037166 -0.0064885
-0.10466 0.19326 0.81566 0.48051 0.021458 0.15385 -0.0078293 0.021847 -0.020369 0.055953 0.010756 0.0045457
-0.10315 0.15905 0.85131 0.40778 -0.026325 0.15245 0.0015094 -0.034211 0.035654 -0.07273 -0.047783 -0.0013945
-0.098167 0.18726 0.78749 0.51368 0.042932 0.15446 0.0049871 0.028218 -0.063828 0.1059 0.069257 0.0020136
-0.097651 0.17494 0.81834 0.45613 0.0040839 0.15689 0.00051558 -0.01232 0.030851 -0.057547 -0.038848 0.0024262
-0.096016 0.19831 0.78105 0.49023 0.036603 0.15035 0.0016356 0.023368 -0.037291 0.034098 0.032519 -0.0065371
-0.097012 0.18576 0.8075 0.46076 0.0085094 0.15708 -0.00099623 -0.012554 0.026451 -0.029466 -0.028093 0.0067282
-0.10372 0.17863 0.79886 0.47621 0.0093172 0.14569 -0.0067088 -0.0071298 -0.0086387 0.015442 0.00080779 -0.011396
-0.098786 0.18452 0.80068 0.47773 0.012673 0.15174 0.0049343 0.0058899 0.0018193 0.0015275 0.0033561 0.0060517
-0.099052 0.20055 0.79276 0.48537 0.01106 0.14291 -0.00026609 0.016032 -0.0079164 0.0076335 -0.0016129 -0.0088261
-0.091991 0.1945 0.80729 0.45684 0.0088407 0.15295 0.0070611 -0.0060519 0.014531 -0.028531 -0.0022198 0.010041
-0.093953 0.18579 0.82298 0.46413 0.01363 0.15279 -0.0019615 -0.0087098 0.01569 0.007292 0.0047888 -0.00016338
-0.09742 0.1768 0.8426 0.45754 0.012713 0.15973 -0.0034674 -0.0089843 0.019621 -0.0065904 -0.00091681 0.0069368
-0.095796 0.1893 0.8393 0.45027 0.01014 0.15281 0.0016246 0.012492 -0.0033051 -0.007263 -0.0025731 -0.0069173
-0.09456 0.19334 0.83527 0.4657 0.013409 0.15273 0.0012355 0.0040448 -0.004029 0.015424 0.0032697 -7.6326e-05
-0.088453 0.1784 0.83439 0.45621 0.010985 0.14939 0.0061073 -0.014941 -0.00087515 -0.0094918 -0.0024239 -0.0033464
-0.091127 0.18384 0.82425 0.48918 0.022581 0.14734 -0.0026743 0.0054402 -0.010147 0.032973 0.011595 -0.0020436
-0.090605 0.17792 0.82877 0.4741 0.027439 0.14685 0.00052223 -0.0059211 0.0045292 -0.015078 0.0048587 -0.00049427
-0.092158 0.1862 0.81932 0.47772 0.022715 0.14414 -0.001553 0.008279 -0.0094531 0.0036131 -0.0047239 -0.0027063
-0.091591 0.16297 0.85327 0.46857 0.025949 0.14899 0.00056725 -0.023229 0.033943 -0.009148 0.003234 0.004849
-0.086734 0.18185 0.846 0.47026 0.014532 0.1463 0.0048564 0.01888 -0.0072685 0.0016898 -0.011417 -0.0026954
-0.080231 0.21687 0.83968 0.47703 0.01491 0.142 0.006503 0.035025 -0.0063121 0.006777 0.00037766 -0.0042936
