-0.0014322 -0.0013183 -0.0033378 0.00011458 -0.0020804 -0.0063102 0 0 0 0 0 0
-0.0025027 0.048567 -0.011807 0.016648 0.0032728 0.013928 -0.0010705 0.049885 -0.008469 0.016534 0.0053531 0.020238
-0.0016672 0.077948 0.033725 -0.013973 -0.0075263 -0.019665 0.00083554 0.029381 0.045532 -0.030621 -0.010799 -0.033593
-0.016889 0.10781 0.10381 -0.010426 -0.037624 -0.044191 -0.015221 0.029857 0.070081 0.0035474 -0.030098 -0.024525
-0.034971 0.060654 0.22951 -0.060729 -0.074425 -0.11637 -0.018082 -0.047151 0.1257 -0.050303 -0.036801 -0.072177
-0.035484 0.066121 0.31484 -0.06374 -0.060843 -0.075954 -0.00051314 0.005467 0.085331 -0.0030118 0.013581 0.040414
-0.04387 0.048378 0.37969 -0.062797 -0.060184 -0.069348 -0.0083862 -0.017744 0.064847 0.00094355 0.0006598 0.0066058
-0.0068199 0.15896 0.41454 -0.062748 -0.0058304 -0.0031931 0.03705 0.11058 0.034853 4.8489e-05 0.054353 0.066155
-0.0015649 0.14225 0.39135 -0.049053 0.0018395 0.0033582 0.005255 -0.016715 -0.02319 0.013695 0.0076699 0.0065513
0.010092 0.17954 0.3561 -0.01042 0.012975 0.0022632 0.011657 0.037292 -0.035249 0.038633 0.011135 -0.001095
0.0023044 0.081288 0.34386 0.018871 0.0016016 0.0017705 -0.0077875 -0.098252 -0.01224 0.029291 -0.011373 -0.00049268
-0.0068671 0.10457 0.33221 0.059645 -0.0063888 0.0013142 -0.0091715 0.023287 -0.011647 0.040775 -0.0079904 -0.00045625
-0.0089253 0.12457 0.34407 0.065454 -0.014837 0.0054597 -0.0020581 0.019996 0.01186 0.0058082 -0.0084486 0.0041454
-0.0035288 0.19325 0.29615 0.072917 -0.003311 0.0020829 0.0053964 0.068676 -0.047923 0.0074636 0.011526 -0.0033768
-0.0026883 0.19914 0.25376 0.09635 -0.0019134 0.0018145 0.00084056 0.0058947 -0.042385 0.023433 0.0013976 -0.00026843
0.0042601 0.17618 0.2209 0.11038 0.0086459 -0.0010826 0.0069484 -0.022957 -0.032862 0.014032 0.010559 -0.0028971
0.0026041 0.11853 0.26699 0.092984 0.011874 0.0023754 -0.001656 -0.057659 0.046092 -0.017399 0.0032282 0.003458
0.00084716 0.15514 0.25615 0.12795 0.012051 -0.0004783 -0.0017569 0.036613 -0.010844 0.034963 0.0001767 -0.0028537
0.0058288 0.15428 0.2734 0.11939 0.014752 0.00802 0.0049816 -0.00086191 0.017246 -0.0085584 0.0027008 0.0084983
0.0071117 0.18736 0.30636 0.093283 0.018318 0.0047541 0.0012829 0.03308 0.032965 -0.026106 0.0035668 -0.003266
-0.020075 0.097081 0.23832 0.06612 -0.0075368 -0.0028705 -0.027186 -0.090276 -0.068037 -0.027162 -0.025855 -0.0076246
0.0019031 0.068389 0.29868 -0.046451 0.013472 -0.034549 0.021978 -0.028692 0.060357 -0.11257 0.021008 -0.031679
-0.022688 0.0073487 0.18695 -0.010182 -0.014322 -0.087631 -0.024591 -0.06104 -0.11173 0.036269 -0.027794 -0.053082
0.052034 0.078578 0.19665 0.019514 0.045074 -0.07023 0.074722 0.07123 0.0097008 0.029696 0.059396 0.017402
0.039798 0.044397 0.24982 0.033597 0.026788 -0.077527 -0.012236 -0.034182 0.053167 0.014083 -0.018285 -0.007298
0.059959 0.10856 0.2152 0.11909 0.062298 0.0038415 0.020161 0.06416 -0.034618 0.085494 0.035509 0.081369
0.022603 0.091406 0.23722 0.088452 0.040574 0.0059807 -0.037356 -0.01715 0.022016 -0.030639 -0.021724 0.0021391
0.016512 0.15794 0.19537 0.14829 0.041528 0.021484 -0.0060911 0.066536 -0.041848 0.059838 0.00095443 0.015504
0.016284 0.18032 0.18314 0.17721 0.047 0.025358 -0.00022746 0.022374 -0.012229 0.02892 0.0054718 0.0038734
-0.013671 0.10308 0.3011 0.13995 0.011829 0.0036518 -0.029956 -0.077237 0.11796 -0.037265 -0.03517 -0.021706
-0.032755 0.023745 0.52328 -0.0013964 -0.033402 0.0094417 -0.019083 -0.079334 0.22218 -0.14134 -0.045232 0.0057899
-0.094689 -0.041089 0.66081 -0.062731 0.0032972 -0.010385 -0.061934 -0.064834 0.13753 -0.061335 0.0367 -0.019827
-0.077991 -0.017656 0.87449 -0.28082 -0.046545 0.00076425 0.016698 0.023433 0.21368 -0.21809 -0.049842 0.01115
-0.064643 0.032475 0.84887 -0.038553 0.14345 0.022062 0.013348 0.050131 -0.025619 0.24227 0.18999 0.021298
-0.013715 0.062503 0.58942 -0.10085 0.066733 0.019322 0.050929 0.030028 -0.25945 -0.062298 -0.076716 -0.0027404
0.017689 0.049343 0.76393 0.062851 0.18338 0.021058 0.031404 -0.01316 0.17451 0.1637 0.11664 0.0017364
0.040554 0.088683 0.56006 0.063706 0.084732 -0.037613 0.022865 0.03934 -0.20387 0.00085458 -0.098645 -0.058671
0.043541 0.093571 1.0577 0.10366 0.10326 -0.050593 0.0029865 0.0048875 0.49767 0.039954 0.01853 -0.01298
0.04191 0.16482 0.91582 0.28254 0.045192 -0.085439 -0.0016314 0.071245 -0.14192 0.17888 -0.05807 -0.034846
0.034036 0.14928 0.83541 0.25332 0.058128 -0.072091 -0.0078733 -0.015539 -0.080405 -0.029228 0.012936 0.013348
0.018166 0.15175 0.59993 0.16898 0.019846 -0.034601 -0.01587 0.0024735 -0.23548 -0.084337 -0.038281 0.03749
0.018371 0.10396 0.45276 0.082848 0.044538 -0.024586 0.00020475 -0.04779 -0.14717 -0.086132 0.024691 0.010015
0.010757 0.086662 0.51734 0.036668 0.04257 0.0052495 -0.0076143 -0.017298 0.064577 -0.04618 -0.0019677 0.029836
0.013266 0.13774 0.49896 0.17491 0.056273 -0.015209 0.0025089 0.051082 -0.018381 0.13824 0.013703 -0.020458
0.0088618 0.11567 0.62159 0.082472 0.043453 -0.022822 -0.0044038 -0.022079 0.12263 -0.092435 -0.01282 -0.0076128
-0.009456 0.1031 0.63805 0.0018373 0.02685 -0.044341 -0.018318 -0.012561 0.016461 -0.080634 -0.016603 -0.021519
-0.013641 0.028125 0.917 -0.25126 -0.04847 -0.047367 -0.0041854 -0.07498 0.27894 -0.2531 -0.07532 -0.003026
-0.010621 -0.035764 0.93896 -0.41036 -0.0029631 -0.047803 0.0030204 -0.063888 0.021964 -0.1591 0.045507 -0.00043604
0.0029498 -0.0076908 0.98131 -0.41726 -0.053121 -0.039543 0.013571 0.028073 0.04235 -0.0069005 -0.050158 0.0082594
0.011828 -0.031854 0.9068 -0.51953 0.044591 -0.030088 0.0088783 -0.024163 -0.074511 -0.10227 0.097712 0.0094555
0.0005021 0.027576 0.77023 -0.28638 0.015334 -0.035036 -0.011326 0.05943 -0.13657 0.23315 -0.029257 -0.0049486
-0.001365 0.045148 0.74082 -0.24772 0.062102 -0.016241 -0.0018671 0.017573 -0.029411 0.038658 0.046768 0.018795
0.00036354 0.11976 0.62314 -0.042942 0.051441 -0.016872 0.0017285 0.07461 -0.11768 0.20478 -0.010661 -0.00063121
0.0088351 0.15684 0.56667 0.017331 0.050375 -0.014638 0.0084715 0.03708 -0.056473 0.060273 -0.0010664 0.0022342
0.0175 0.17404 0.52872 0.039839 0.043953 -0.020996 0.0086651 0.017196 -0.037949 0.022508 -0.0064218 -0.0063581
0.012529 0.15016 0.50767 0.084195 0.028677 -0.024824 -0.0049711 -0.023871 -0.021052 0.044356 -0.015276 -0.0038276
0.012721 0.12665 0.53343 0.096493 0.027181 -0.018158 0.00019218 -0.023518 0.025762 0.012298 -0.0014963 0.0066658
0.0077015 0.14356 0.51217 0.13785 0.016311 -0.012124 -0.0050198 0.016915 -0.021259 0.041358 -0.01087 0.0060335
0.007862 0.14829 0.49756 0.15231 0.013607 -0.016294 0.00016056 0.0047289 -0.014615 0.014463 -0.0027034 -0.0041697
0.0063917 0.15644 0.45833 0.17739 0.00041692 -0.018261 -0.0014703 0.0081483 -0.039224 0.025074 -0.01319 -0.0019668
0.0055661 0.1172 0.49046 0.17239 0.0023127 -0.016396 -0.00082561 -0.039238 0.03213 -0.0049929 0.0018958 0.0018642
0.0076592 0.13442 0.48242 0.17277 0.00452 -0.017882 0.0020931 0.017217 -0.0080416 0.00037736 0.0022073 -0.0014852
0.0088662 0.15551 0.4855 0.16156 0.0095023 -0.013358 0.001207 0.021096 0.0030832 -0.01121 0.0049823 0.0045234
0.016605 0.15749 0.4857 0.19022 0.02386 -0.027752 0.0077387 0.0019749 0.00019251 0.028662 0.014357 -0.014394
0.018158 0.14447 0.50167 0.20956 0.036562 -0.0214 0.0015531 -0.013018 0.015974 0.019332 0.012703 0.0063515
0.01857 0.10822 0.55295 0.23531 0.041352 -0.025147 0.00041236 -0.036246 0.051279 0.02575 0.0047893 -0.0037469
0.0184 0.15404 0.53761 0.25736 0.048285 -0.016154 -0.00017039 0.045819 -0.015339 0.022053 0.0069334 0.0089931
0.021014 0.15618 0.51312 0.25133 0.052726 -0.020033 0.0026141 0.0021399 -0.024493 -0.0060243 0.004441 -0.0038786
0.020959 0.17391 0.4836 0.27819 0.038988 -0.021288 -5.4659e-05 0.017722 -0.029521 0.026856 -0.013738 -0.0012553
0.022113 0.10645 0.53198 0.25662 0.052759 -0.021561 0.0011538 -0.067452 0.048381 -0.021572 0.013771 -0.00027256
-0.0037383 0.13271 0.54871 0.18792 -0.0056738 -0.034369 -0.025851 0.026262 0.016735 -0.068696 -0.058433 -0.012808
-0.0024107 0.079226 0.6048 0.062796 -0.0010929 -0.032362 0.0013276 -0.053489 0.056086 -0.12513 0.004581 0.0020072
-0.023974 0.086974 0.64872 0.027704 -0.02189 -0.049753 -0.021563 0.0077481 0.043921 -0.035092 -0.020797 -0.017392
-0.0024409 0.052683 0.69403 -0.0029864 -7.1629e-05 -0.033393 0.021533 -0.034291 0.045311 -0.030691 0.021819 0.01636
-0.0021344 0.080181 0.79124 0.13924 0.027105 -0.034185 0.00030649 0.027498 0.097211 0.14222 0.027176 -0.00079197
0.0069796 0.13035 0.76648 0.15668 0.0092531 -0.037531 0.009114 0.050166 -0.024762 0.017444 -0.017852 -0.0033461
0.0098109 0.14174 0.75567 0.20304 0.01315 -0.032459 0.0028313 0.011391 -0.010809 0.046358 0.0038974 0.0050724
-0.0046762 0.12978 0.709 0.19881 -0.024698 -0.045723 -0.014487 -0.011958 -0.046664 -0.0042341 -0.037849 -0.013265
0.0028224 0.10754 0.68737 0.22183 -0.001353 -0.022816 0.0074987 -0.022245 -0.021636 0.023023 0.023345 0.022907
-0.01357 0.1492 0.6857 0.2007 -0.04065 -0.029101 -0.016393 0.041668 -0.0016649 -0.021125 -0.039297 -0.0062855
-0.0043422 0.14016 0.68722 0.15467 -0.0075613 -0.033945 0.009228 -0.009047 0.0015153 -0.046036 0.033089 -0.0048433
-0.013398 0.14328 0.62168 0.07407 -0.034797 -0.033323 -0.0090558 0.0031245 -0.065536 -0.080598 -0.027235 0.00062169
-0.010856 0.10151 0.61736 0.035707 -0.0049418 -0.044869 0.0025422 -0.041766 -0.0043262 -0.038363 0.029855 -0.011546
-0.0086998 0.10872 0.53725 0.088502 -0.0084366 -0.03184 0.002156 0.0072068 -0.080103 0.052795 -0.0034948 0.013029
-0.0077163 0.14004 0.55193 0.088937 -0.009305 -0.03567 0.00098351 0.031323 0.014679 0.00043532 -0.00086843 -0.0038299
-0.0021823 0.14297 0.5135 0.16744 -0.013828 -0.042336 0.005534 0.0029217 -0.038434 0.078504 -0.0045234 -0.0066659
-0.0062242 0.12999 0.55108 0.14347 -0.017855 -0.023366 -0.0040419 -0.012973 0.037575 -0.02397 -0.0040267 0.018971
-0.011778 0.11473 0.56662 0.15292 -0.033872 -0.035875 -0.0055533 -0.015258 0.015541 0.0094533 -0.016017 -0.012509
-0.021198 0.12142 0.59469 0.077772 -0.049077 -0.010288 -0.0094209 0.006685 0.02807 -0.075152 -0.015205 0.025587
-0.025429 0.093968 0.61216 -0.036704 -0.028518 -0.037429 -0.0042306 -0.027452 0.017474 -0.11448 0.020559 -0.027141
-0.019115 0.11302 0.52462 0.00066743 -0.01729 -0.018261 0.0063139 0.01905 -0.087542 0.037371 0.011229 0.019168
-0.017438 0.082559 0.53657 0.01303 0.027299 -0.037051 0.0016769 -0.030459 0.011948 0.012363 0.044589 -0.01879
-0.0058633 0.14705 0.52057 0.014738 -0.0293 -0.056957 0.011575 0.064495 -0.015998 0.0017084 -0.056599 -0.019905
-0.0042923 0.10893 0.6233 -0.10223 -0.0084102 -0.06215 0.001571 -0.038126 0.10273 -0.11697 0.02089 -0.0051932
0.0019074 0.083474 0.68172 -0.30016 -0.041083 -0.10125 0.0061998 -0.025454 0.05842 -0.19792 -0.032673 -0.0391
0.005848 0.024106 0.66431 -0.29194 0.069522 -0.038007 0.0039405 -0.059368 -0.017408 0.0082219 0.11061 0.063243
-0.0098255 0.0008884 0.64936 -0.21175 0.05421 -0.048529 -0.015673 -0.023217 -0.014951 0.080181 -0.015312 -0.010522
-0.012602 0.088936 0.56417 -0.14098 0.091185 -0.022342 -0.0027767 0.088048 -0.085191 0.070776 0.036976 0.026186
-0.018609 0.10098 0.54874 -0.048959 0.025354 -0.03977 -0.0060073 0.012046 -0.015428 0.092019 -0.065832 -0.017428
-0.01263 0.12103 0.63199 -0.04681 0.062757 -0.054565 0.0059796 0.020044 0.083251 0.002149 0.037403 -0.014795
-0.010829 0.12474 0.58733 -0.019212 0.05808 -0.019484 0.0018011 0.0037128 -0.044664 0.027598 -0.0046769 0.035081
-0.024675 0.055611 0.87884 -0.048402 0.0069335 -0.049796 -0.013846 -0.069129 0.29151 -0.029189 -0.051146 -0.030312
-0.022004 0.079304 0.75258 -0.20181 -0.10471 -0.060978 0.0026705 0.023694 -0.12626 -0.15341 -0.11165 -0.011182
-0.027483 0.013565 1.0332 -0.10183 -0.22212 -0.11502 -0.0054787 -0.06574 0.28057 0.099978 -0.1174 -0.054043
-0.017201 -0.092547 1.0078 -0.349 -0.1427 -0.10481 0.010282 -0.10611 -0.025393 -0.24716 0.07942 0.010206
-0.032013 -0.030339 1.0569 -0.11573 -0.021525 -0.06581 -0.014811 0.062208 0.049169 0.23327 0.12117 0.039005
-0.04252 -0.082816 1.0571 -0.46289 0.15486 -0.011608 -0.010507 -0.052477 0.00015619 -0.34716 0.17639 0.054202
-0.051024 0.019175 0.94004 -0.17456 0.15503 -0.0036026 -0.0085048 0.10199 -0.11704 0.28834 0.00016265 0.0080058
-0.052486 0.038461 0.93335 -0.23499 0.17075 0.0016288 -0.0014612 0.019286 -0.0066917 -0.060429 0.01572 0.0052315
-0.05453 0.015734 0.94994 -0.076837 0.11906 -0.02785 -0.0020446 -0.022727 0.016591 0.15815 -0.051689 -0.029479
-0.049786 0.095942 0.84044 -0.065833 0.10332 -0.023912 0.0047443 0.080208 -0.1095 0.011004 -0.015741 0.003938
-0.053858 0.080721 0.83668 -0.099451 0.13111 -0.026299 -0.0040723 -0.015221 -0.003762 -0.033618 0.027792 -0.0023873
-0.039613 0.119 0.70528 -0.015007 0.062927 -0.023284 0.014245 0.038281 -0.13139 0.084444 -0.068182 0.0030147
-0.039271 0.10564 0.7261 0.016884 0.12385 -0.012966 0.00034226 -0.013364 0.020818 0.031891 0.060918 0.010319
-0.030359 0.11111 0.67749 0.056446 0.072458 -0.017028 0.0089116 0.0054737 -0.048613 0.039562 -0.051387 -0.0040625
-0.029392 0.088308 0.70121 0.064919 0.066011 -0.016279 0.00096668 -0.022804 0.023723 0.0084731 -0.0064469 0.00074873
-0.029036 0.10611 0.69312 0.079772 0.039325 -0.019364 0.00035614 0.017799 -0.0080882 0.014852 -0.026687 -0.0030851
-0.029905 0.084486 0.7276 0.13302 0.035248 -0.0198 -0.00086873 -0.021621 0.03448 0.053248 -0.0040767 -0.00043596
-0.0343 0.12056 0.70087 0.16704 0.012938 -0.015113 -0.0043947 0.036074 -0.026733 0.034019 -0.02231 0.0046873
-0.026296 0.11424 0.65597 0.19287 0.033301 -0.019281 0.0080036 -0.0063184 -0.0449 0.025831 0.020363 -0.0041679
-0.038661 0.12716 0.6314 0.24761 -0.016925 -0.014215 -0.012365 0.012914 -0.024566 0.054745 -0.050225 0.0050659
-0.03668 0.13222 0.6156 0.26224 -0.025277 -0.026256 0.0019807 0.005065 -0.0158 0.014625 -0.0083522 -0.012041
-0.042532 0.1422 0.64476 0.28666 -0.029474 -0.016905 -0.0058519 0.0099806 0.029159 0.024423 -0.0041969 0.009351
-0.039834 0.13342 0.64976 0.28046 -0.059025 -0.019021 0.0026981 -0.008786 0.0049976 -0.0062065 -0.029551 -0.0021162
-0.029452 0.10176 0.68133 0.24211 -0.036895 0.0023346 0.010382 -0.03166 0.031568 -0.038343 0.02213 0.021355
-0.036408 0.1354 0.67346 0.26386 -0.052661 0.0088243 -0.006956 0.03364 -0.0078652 0.021744 -0.015766 0.0064897
-0.034614 0.1234 0.67451 0.25458 -0.050747 0.01417 0.0017937 -0.011992 0.0010428 -0.0092718 0.0019141 0.0053459
-0.035091 0.15919 0.63017 0.26167 -0.041915 0.015796 -0.00047645 0.035786 -0.044339 0.0070821 0.0088317 0.0016262
-0.034828 0.11488 0.66688 0.26879 -0.058089 0.0099409 0.00026216 -0.044306 0.036714 0.0071255 -0.016174 -0.0058555
-0.031323 0.12076 0.66964 0.26002 -0.054271 0.0031361 0.0035055 0.0058734 0.0027631 -0.0087755 0.0038187 -0.0068048
-0.032281 0.1178 0.73031 0.28491 -0.058018 -0.0037793 -0.00095811 -0.0029525 0.060668 0.024893 -0.0037473 -0.0069154
-0.031566 0.13787 0.69278 0.31132 -0.064962 -0.010801 0.0007155 0.020063 -0.037536 0.026412 -0.0069443 -0.0070216
-0.032231 0.12818 0.69619 0.31794 -0.072088 -0.0028813 -0.00066535 -0.0096893 0.003414 0.0066148 -0.0071261 0.0079196
-0.035493 0.11061 0.71288 0.27915 -0.028966 0.011785 -0.0032621 -0.017565 0.016691 -0.038783 0.043122 0.014666
-0.036122 0.11421 0.73125 0.23121 -0.044571 0.0099681 -0.00062951 0.0035923 0.01837 -0.047945 -0.015605 -0.0018165
-0.036553 0.059087 0.79386 0.22344 0.023534 0.020477 -0.00043031 -0.055118 0.062614 -0.0077633 0.068105 0.010509
-0.044238 0.13324 0.77398 0.25864 0.03048 0.035306 -0.007685 0.07415 -0.019881 0.035199 0.0069461 0.01483
-0.053773 0.13251 0.75203 0.36107 0.050124 0.04529 -0.0095357 -0.00072934 -0.021953 0.10242 0.019643 0.0099836
-0.064349 0.18237 0.67831 0.30653 0.10165 0.076962 -0.010576 0.049863 -0.073725 -0.054541 0.051525 0.031672
-0.060012 0.15656 0.59441 0.2926 0.054444 0.056543 0.0043374 -0.025814 -0.083893 -0.013926 -0.047205 -0.020419
-0.049832 0.13087 0.51807 0.18841 0.051826 0.049809 0.01018 -0.025683 -0.076344 -0.10419 -0.002618 -0.0067344
-0.041907 0.15453 0.51689 0.21766 0.02427 0.032246 0.0079246 0.023652 -0.0011777 0.029247 -0.027555 -0.017563
-0.040707 0.1621 0.53103 0.24942 0.01055 0.026738 0.0011999 0.0075691 0.014138 0.031768 -0.01372 -0.0055078
-0.040987 0.1781 0.56275 0.29791 0.022064 0.023153 -0.00027945 0.016009 0.031726 0.048486 0.011514 -0.0035851
-0.042131 0.15791 0.56924 0.32071 -0.00014309 0.028957 -0.0011447 -0.020191 0.006486 0.022795 -0.022207 0.0058037
-0.035999 0.19024 0.55355 0.33439 0.0028402 0.022501 0.0061326 0.032331 -0.015695 0.013681 0.0029833 -0.0064554
-0.032353 0.16604 0.53776 0.3698 0.017877 0.041608 0.003646 -0.024207 -0.01579 0.035415 0.015037 0.019107
-0.030586 0.1868 0.56111 0.38621 0.042631 0.043507 0.0017665 0.020759 0.023354 0.016411 0.024754 0.0018982
-0.029184 0.14795 0.55249 0.39504 0.05412 0.049453 0.0014018 -0.038842 -0.0086174 0.0088251 0.011488 0.005946
-0.028875 0.19162 0.55654 0.42403 0.0086556 0.027024 0.00030949 0.043665 0.0040434 0.028991 -0.045464 -0.022429
-0.031055 0.16091 0.55149 0.3059 -0.0016764 0.030216 -0.0021802 -0.030712 -0.0050419 -0.11812 -0.010332 0.0031927
-0.01742 0.179 0.50291 0.31736 -0.030865 0.0031168 0.013635 0.018089 -0.048582 0.011451 -0.029188 -0.027099
-0.016566 0.14411 0.48934 0.16591 -0.013055 0.015445 0.00085424 -0.03489 -0.013572 -0.15144 0.01781 0.012328
-0.0057891 0.17022 0.44265 0.25584 0.0057419 0.0026411 0.010777 0.02611 -0.046685 0.089928 0.018797 -0.012803
-0.012792 0.16369 0.41895 0.25512 -0.00095865 0.014614 -0.0070034 -0.0065237 -0.023703 -0.00072164 -0.0067006 0.011973
-0.014385 0.17481 0.44296 0.29499 0.0050743 0.02385 -0.0015924 0.011122 0.024009 0.039873 0.006033 0.0092355
-0.0084512 0.14011 0.45467 0.22993 0.025704 0.02851 0.0059336 -0.034701 0.011714 -0.065057 0.02063 0.00466
-0.0020494 0.1368 0.55784 0.14787 0.010806 0.018594 0.0064019 -0.0033162 0.10317 -0.082064 -0.014898 -0.0099161
-0.0023186 0.16017 0.44407 0.15914 0.031891 0.0006615 -0.00026922 0.023376 -0.11377 0.011271 0.021085 -0.017932
-0.016153 0.16125 0.45263 0.17786 -0.0030312 -0.0056589 -0.013834 0.0010741 0.0085621 0.018714 -0.034922 -0.0063204
-0.014993 0.16996 0.36797 0.20237 -0.086851 -0.040415 0.00116 0.0087106 -0.084666 0.024517 -0.083819 -0.034756
-0.0097197 0.064853 0.47827 0.073126 -0.16094 -0.050867 0.0052729 -0.10511 0.1103 -0.12925 -0.074094 -0.010452
0.0092877 -0.050895 0.76737 -0.12509 -0.20682 -0.097951 0.019007 -0.11575 0.2891 -0.19821 -0.045872 -0.047084
0.010254 -0.036722 0.65288 -0.24174 -0.17027 -0.073992 0.00096672 0.014174 -0.11448 -0.11665 0.036542 0.023959
-0.0087549 -0.01219 0.67008 -0.23451 -0.048104 -0.060551 -0.019009 0.024532 0.017198 0.0072305 0.12217 0.013441
-0.012139 0.093125 0.34854 -0.12153 -0.040027 -0.013417 -0.0033837 0.10532 -0.32154 0.11298 0.008077 0.047134
-0.01383 0.094264 0.40255 -0.12723 -0.0035895 -0.01563 -0.0016917 0.0011391 0.054012 -0.0056972 0.036438 -0.0022127
-0.0065842 0.051765 0.49365 -0.089332 -0.040312 -0.0071587 0.0072461 -0.042499 0.091102 0.037897 -0.036722 0.0084711
0.00099498 0.06379 0.57051 -0.24548 -0.0070622 -0.0086578 0.0075792 0.012025 0.076853 -0.15615 0.03325 -0.0014991
-0.025089 0.074095 0.47862 -0.055421 -0.025356 0.0127 -0.026084 0.010305 -0.091887 0.19006 -0.018293 0.021357
-0.023592 0.087945 0.40364 -0.090526 -0.010965 0.017287 0.0014975 0.01385 -0.074977 -0.035105 0.014391 0.0045874
-0.037356 0.14515 0.32398 0.03787 -0.045504 0.019761 -0.013764 0.057202 -0.079658 0.1284 -0.03454 0.0024743
-0.030515 0.10765 0.36399 0.041294 -0.031997 0.0095012 0.0068407 -0.037495 0.04001 0.0034242 0.013508 -0.01026
-0.03614 0.14128 0.38528 0.0078729 -0.037513 0.017266 -0.0056244 0.033626 0.021289 -0.033421 -0.0055162 0.0077649
-0.041443 0.083693 0.37415 0.049343 -0.023342 0.029429 -0.0053033 -0.057585 -0.011129 0.041471 0.014171 0.012163
-0.039968 0.13484 0.38239 0.027346 -0.019833 0.027982 0.001475 0.051148 0.008236 -0.021998 0.0035088 -0.0014464
-0.039495 0.14782 0.37336 0.052551 -0.0069551 0.032651 0.00047272 0.012975 -0.009026 0.025206 0.012878 0.0046689
-0.035021 0.16646 0.35589 0.11273 -0.029296 0.021974 0.0044749 0.018643 -0.017475 0.060182 -0.022341 -0.010677
-0.043882 0.14441 0.36137 0.11747 -0.030915 0.031952 -0.0088614 -0.022043 0.0054824 0.0047336 -0.0016184 0.0099784
-0.048006 0.11376 0.36681 0.14459 -0.040348 0.036589 -0.0041235 -0.030654 0.005439 0.02712 -0.0094334 0.0046371
-0.050775 0.15986 0.37735 0.11832 -0.035582 0.032147 -0.0027695 0.046099 0.010543 -0.026268 0.0047658 -0.0044428
-0.050097 0.16125 0.38842 0.13211 -0.052023 0.027981 0.00067831 0.001394 0.011066 0.013795 -0.016441 -0.0041654
-0.050594 0.16619 0.39293 0.12775 -0.076136 0.017078 -0.00049705 0.0049322 0.0045133 -0.0043631 -0.024113 -0.010903
-0.052124 0.14225 0.41352 0.12809 -0.087402 0.018836 -0.0015301 -0.023935 0.02059 0.00033668 -0.011266 0.0017583
-0.05175 0.14855 0.41964 0.10495 -0.078665 0.017375 0.00037355 0.0063006 0.0061232 -0.023142 0.0087371 -0.0014618
-0.049158 0.19183 0.39665 0.12615 -0.060514 0.020222 0.0025925 0.043277 -0.022991 0.0212 0.018151 0.0028477
-0.040942 0.16056 0.38695 0.12238 -0.048947 0.017276 0.0082159 -0.031267 -0.0097023 -0.0037673 0.011567 -0.0029463
-0.044646 0.16218 0.35831 0.1679 -0.047672 0.027703 -0.0037043 0.0016193 -0.028646 0.045517 0.0012757 0.010427
-0.042053 0.12722 0.37461 0.15979 -0.048988 0.02683 0.0025931 -0.034958 0.016307 -0.0081012 -0.0013159 -0.00087322
-0.040754 0.15182 0.3445 0.17356 -0.033886 0.032043 0.0012997 0.024595 -0.03011 0.013765 0.015102 0.005213
-0.03888 0.17046 0.32897 0.19888 -0.039045 0.029108 0.0018739 0.018638 -0.015532 0.025318 -0.0051589 -0.0029346
-0.037478 0.15331 0.35482 0.16406 -0.047611 0.015717 0.0014015 -0.01715 0.025846 -0.034818 -0.0085661 -0.013391
-0.038511 0.16282 0.33372 0.16285 -0.012776 0.034262 -0.0010327 0.0095166 -0.021094 -0.0012099 0.034835 0.018544
-0.041034 0.15539 0.39232 0.10208 -0.020226 0.043207 -0.002523 -0.0074288 0.0586 -0.060765 -0.0074503 0.008945
-0.051214 0.15661 0.38937 0.05085 -0.0041727 0.0083859 -0.01018 0.0012196 -0.002947 -0.051234 0.016053 -0.034821
-0.049848 0.13462 0.39091 0.0027366 -0.060973 -0.0056872 0.0013661 -0.021991 0.0015339 -0.048114 -0.056801 -0.014073
-0.12133 0.11368 0.63679 -0.031863 -0.010804 -0.11442 -0.071479 -0.020941 0.24588 -0.034599 0.050169 -0.10873
-0.080254 0.09544 0.54464 -0.18549 0.00036093 -0.076714 0.041074 -0.018244 -0.092149 -0.15363 0.011165 0.037708
-0.13429 0.049011 0.76564 -0.15043 0.15802 -0.074737 -0.054035 -0.046428 0.221 0.03506 0.15766 0.0019763
-0.043997 0.08081 0.45462 -0.33263 0.060083 -0.0052207 0.090291 0.031798 -0.31102 -0.1822 -0.09794 0.069517
-0.061539 0.062529 0.43171 -0.15868 0.10716 0.030488 -0.017542 -0.018281 -0.022904 0.17395 0.047081 0.035709
-0.042714 0.15638 0.29549 -0.16357 0.024783 0.029159 0.018825 0.093851 -0.13623 -0.0048926 -0.082381 -0.0013294
-0.052313 0.12053 0.27982 -0.037658 0.061798 0.035557 -0.0095991 -0.035851 -0.015671 0.12592 0.037015 0.0063982
-0.060945 0.12894 0.29682 -0.010155 0.080335 0.034646 -0.0086322 0.00841 0.017003 0.027503 0.018537 -0.00091121
-0.055788 0.086298 0.2555 -0.024399 0.070945 0.037421 0.0051576 -0.042641 -0.041319 -0.014244 -0.0093899 0.0027754
-0.052659 0.1421 0.25183 -0.0093862 0.059576 0.041746 0.0031283 0.0558 -0.0036714 0.015013 -0.01137 0.0043252
-0.053107 0.11757 0.26125 -0.0065873 0.061376 0.034497 -0.00044718 -0.024527 0.009425 0.0027989 0.0018003 -0.0072496
-0.041487 0.1493 0.30381 -0.014012 0.043779 0.029743 0.01162 0.031728 0.042556 -0.0074242 -0.017597 -0.0047534
-0.037708 0.084498 0.33397 0.0058624 0.063053 0.023552 0.0037787 -0.0648 0.030163 0.019874 0.019274 -0.006191
-0.037445 0.14971 0.30843 0.029398 0.067513 0.023078 0.00026341 0.065217 -0.02554 0.023536 0.0044595 -0.00047386
-0.042385 0.13565 0.30128 0.044299 0.09272 0.025261 -0.0049406 -0.014064 -0.0071539 0.0149 0.025207 0.0021826
-0.042128 0.14323 0.24711 0.076715 0.098668 0.022546 0.00025764 0.0075741 -0.05417 0.032417 0.0059473 -0.0027147
-0.038138 0.10721 0.26115 0.049684 0.088154 0.030182 0.0039893 -0.036011 0.014038 -0.027031 -0.010513 0.0076353
-0.041174 0.096371 0.27523 0.019003 0.061276 0.023769 -0.0030358 -0.010843 0.014088 -0.030681 -0.026879 -0.0064123
-0.041721 0.13012 0.25897 0.042877 0.041681 0.033159 -0.00054717 0.033751 -0.016266 0.023873 -0.019595 0.0093899
-0.061996 0.10698 0.29345 -0.0040952 0.034154 0.031925 -0.020275 -0.023137 0.034487 -0.046972 -0.0075274 -0.0012338
-0.056146 0.092923 0.27393 0.057769 0.069424 0.042438 0.00585 -0.014061 -0.019528 0.061864 0.035271 0.010512
-0.061385 0.094862 0.28072 0.083222 0.066345 0.042773 -0.0052386 0.0019382 0.0067893 0.025453 -0.0030788 0.00033499
-0.054917 0.14113 0.25695 0.11122 0.064205 0.039985 0.0064675 0.046266 -0.023761 0.028 -0.0021405 -0.0027882
-0.046675 0.12302 0.33521 0.025794 0.038599 0.031697 0.0082419 -0.018111 0.078251 -0.085428 -0.025606 -0.0082881
-0.053415 0.11743 0.32602 0.013515 0.030786 0.032865 -0.0067392 -0.0055849 -0.0091854 -0.012279 -0.0078133 0.0011686
-0.026497 0.041866 0.51067 -0.23633 0.043594 0.016506 0.026917 -0.075565 0.18465 -0.24985 0.012808 -0.016359
-0.030026 0.057134 0.40122 -0.12484 0.086673 0.040149 -0.0035288 0.015268 -0.10946 0.11149 0.04308 0.023643
-0.011841 0.074119 0.45332 -0.27266 0.085963 0.021934 0.018185 0.016985 0.052108 -0.14782 -0.0007104 -0.018215
-0.024673 0.042506 0.35055 -0.15573 0.12943 0.060609 -0.012832 -0.031613 -0.10278 0.11694 0.043467 0.038675
-0.036709 0.095365 0.3334 -0.1168 0.10448 0.047396 -0.012035 0.052859 -0.01715 0.038922 -0.024953 -0.013214
-0.04239 0.1074 0.30934 -0.05223 0.12429 0.060897 -0.0056818 0.012031 -0.024055 0.064573 0.019813 0.013501
-0.049973 0.11682 0.29837 0.0082501 0.11828 0.060162 -0.007583 0.0094289 -0.010974 0.06048 -0.0060089 -0.00073478
-0.051834 0.16472 0.23229 0.043577 0.12388 0.060937 -0.0018609 0.047893 -0.066081 0.035327 0.0056019 0.00077447
-0.053793 0.1068 0.25711 0.036921 0.11291 0.071242 -0.0019586 -0.057923 0.024817 -0.0066555 -0.010971 0.010305
-0.057434 0.13994 0.18906 0.064424 0.10592 0.063921 -0.0036416 0.033142 -0.068043 0.027503 -0.006996 -0.0073209
-0.053778 0.14702 0.20416 0.080263 0.10087 0.06471 0.0036565 0.0070872 0.015099 0.015839 -0.0050416 0.00078824
-0.050231 0.10221 0.19878 0.064461 0.11408 0.063387 0.0035465 -0.044813 -0.0053833 -0.015802 0.013202 -0.0013224
-0.053447 0.17421 0.17182 0.10712 0.11499 0.062291 -0.0032159 0.072003 -0.026959 0.042657 0.00091759 -0.0010965
-0.050733 0.11672 0.18315 0.09912 0.11884 0.064421 0.0027148 -0.05749 0.01133 -0.0079975 0.0038477 0.0021297
-0.05265 0.15854 0.15009 0.12576 0.11449 0.059944 -0.0019179 0.041813 -0.033058 0.026637 -0.0043548 -0.004477
-0.049779 0.12431 0.15241 0.13747 0.11821 0.059025 0.0028717 -0.034228 0.0023182 0.01171 0.0037219 -0.00091864
-0.050896 0.13733 0.15174 0.14016 0.13279 0.059649 -0.001117 0.013021 -0.00067217 0.0026944 0.014578 0.0006244
-0.051584 0.11418 0.15891 0.15337 0.13247 0.060626 -0.00068873 -0.023154 0.0071706 0.013207 -0.00031777 0.00097674
-0.05686 0.13472 0.17233 0.14591 0.15372 0.073237 -0.0052755 0.020547 0.013422 -0.0074573 0.021251 0.012611
-0.058128 0.091303 0.19757 0.14706 0.13989 0.075588 -0.0012679 -0.043421 0.025243 0.001151 -0.013826 0.0023511
-0.06018 0.16074 0.19097 0.15462 0.14459 0.076053 -0.0020523 0.069439 -0.0066022 0.0075583 0.0046915 0.00046541
-0.057788 0.11214 0.2157 0.15388 0.14312 0.079541 0.0023922 -0.048603 0.024731 -0.00073906 -0.0014653 0.0034871
-0.054026 0.15929 0.1958 0.15866 0.14634 0.078703 0.0037623 0.047156 -0.019904 0.0047795 0.0032154 -0.00083777
-0.056825 0.11577 0.19693 0.16523 0.1517 0.0855 -0.0027997 -0.043526 0.0011267 0.006572 0.0053599 0.0067974
-0.055385 0.14194 0.19752 0.16262 0.1349 0.084736 0.00144 0.026174 0.0005989 -0.0026126 -0.016794 -0.00076372
-0.056674 0.12547 0.19387 0.16686 0.12301 0.076377 -0.0012887 -0.016475 -0.0036527 0.004241 -0.011888 -0.0083599
-0.049562 0.10893 0.23123 0.15858 0.12422 0.091546 0.0071125 -0.016541 0.037356 -0.0082863 0.001203 0.015169
-0.054462 0.12993 0.20944 0.19486 0.12678 0.091954 -0.0049006 0.021001 -0.021788 0.03629 0.0025637 0.00040851
-0.057822 0.10835 0.25166 0.14117 0.097326 0.085693 -0.0033597 -0.021581 0.042217 -0.053691 -0.029455 -0.0062618
-0.037591 0.16705 0.21232 0.17111 0.13516 0.081688 0.020231 0.058701 -0.039336 0.029935 0.037835 -0.0040048
-0.018852 0.096163 0.2109 0.063678 0.076639 0.06317 0.018739 -0.070885 -0.0014219 -0.10743 -0.058522 -0.018517
0.016878 0.12116 0.14492 0.12574 0.15652 0.09775 0.035731 0.025001 -0.065982 0.062065 0.079881 0.03458
0.011322 0.047812 0.15017 0.049365 0.070064 0.096389 -0.005556 -0.073352 0.0052546 -0.076379 -0.086456 -0.0013613
-0.0017923 0.056013 0.15121 -0.0081337 0.10579 0.1122 -0.013115 0.0082003 0.001039 -0.057499 0.035725 0.015811
-0.0061341 0.11499 0.24623 -0.11549 0.094737 0.10519 -0.0043418 0.058981 0.095017 -0.10735 -0.011053 -0.0070109
-0.03379 0.2091 0.10208 0.15067 0.077782 0.072728 -0.027656 0.094102 -0.14415 0.26616 -0.016955 -0.032461
-0.038447 0.21486 0.043542 0.24284 0.10971 0.10217 -0.0046564 0.0057604 -0.05854 0.092168 0.031929 0.029439
-0.070759 0.25969 -0.09964 0.65038 0.0080202 0.04516 -0.032312 0.044832 -0.14318 0.40754 -0.10169 -0.057007
-0.066535 0.077092 -0.05757 0.40987 0.055333 0.096527 0.0042231 -0.1826 0.04207 -0.24051 0.047313 0.051367
-0.047444 0.22828 0.092477 0.27062 0.048225 0.045701 0.019092 0.15119 0.15005 -0.13925 -0.0071084 -0.050826
-0.037512 0.08313 0.12955 0.084637 0.090852 0.07472 0.009932 -0.14515 0.037068 -0.18598 0.042627 0.029019
-0.020316 0.19411 0.17127 -0.11276 0.19508 0.057345 0.017196 0.11098 0.04173 -0.19739 0.10423 -0.017375
-0.037574 0.099276 0.12162 0.017438 0.16092 0.06819 -0.017258 -0.094834 -0.04965 0.13019 -0.034161 0.010845
-0.03364 0.14747 0.10002 -0.0062467 0.26329 0.07719 0.0039337 0.048197 -0.021609 -0.023684 0.10236 0.0089998
-0.041744 0.15148 0.10441 0.10124 0.17691 0.08336 -0.008104 0.0040033 0.0043913 0.10749 -0.086375 0.0061703
-0.043128 0.17109 0.10652 0.15682 0.20461 0.090767 -0.0013841 0.019617 0.0021117 0.05558 0.027696 0.0074069
-0.048862 0.1374 0.10986 0.15828 0.18412 0.094902 -0.0057337 -0.033695 0.003338 0.00146 -0.020484 0.004135
-0.053024 0.17035 0.11459 0.17392 0.19588 0.09898 -0.0041614 0.032956 0.004734 0.015642 0.011753 0.0040777
-0.055842 0.1671 0.12109 0.17867 0.21164 0.10266 -0.0028189 -0.0032549 0.0065003 0.0047477 0.015768 0.0036835
-0.054003 0.17424 0.098252 0.1914 0.20438 0.10284 0.001839 0.0071449 -0.02284 0.012724 -0.0072596 0.00017957
-0.053831 0.20376 0.091178 0.20925 0.2013 0.10216 0.00017225 0.029512 -0.0070739 0.017858 -0.0030842 -0.00067827
-0.053878 0.15028 0.071249 0.2301 0.20337 0.099759 -4.7106e-05 -0.053474 -0.019929 0.020849 0.0020716 -0.0024057
-0.053918 0.18283 0.075956 0.24012 0.19239 0.10057 -3.9828e-05 0.032549 0.0047073 0.010016 -0.010985 0.00081108
-0.052504 0.13427 0.07798 0.23988 0.1885 0.099768 0.0014141 -0.048559 0.002024 -0.00024229 -0.0038885 -0.00080232
-0.054959 0.18717 0.055792 0.29652 0.19865 0.10297 -0.0024553 0.052897 -0.022188 0.056647 0.010153 0.0032064
-0.056546 0.20277 0.019187 0.30985 0.19333 0.10158 -0.0015867 0.0156 -0.036605 0.013326 -0.0053191 -0.0013899
-0.047993 0.18138 0.020018 0.30119 0.18254 0.083064 0.0085536 -0.021384 0.00083108 -0.0086583 -0.010796 -0.01852
-0.042006 0.12287 0.086477 0.19998 0.14691 0.072671 0.0059866 -0.058511 0.06646 -0.10121 -0.035627 -0.010393
-0.0071835 0.058134 0.18547 0.172 0.13227 0.042143 0.034822 -0.064738 0.09899 -0.027982 -0.014643 -0.030527
-0.00061134 0.092215 0.24393 0.16114 0.14728 0.025027 0.0065722 0.034081 0.058465 -0.010857 0.015015 -0.017116
0.017105 0.16109 0.21557 0.30704 0.18177 0.041129 0.017716 0.068873 -0.028361 0.14589 0.034491 0.016102
0.0097036 0.20951 0.14576 0.29013 0.19308 0.027007 -0.0074011 0.048427 -0.069813 -0.01691 0.011312 -0.014122
0.0024395 0.18231 0.097547 0.34731 0.19813 0.076395 -0.007264 -0.0272 -0.048212 0.057181 0.0050436 0.049388
0.00020302 0.16189 0.08136 0.28289 0.18759 0.060946 -0.0022365 -0.020429 -0.016186 -0.064425 -0.010535 -0.015449
-0.0034372 0.14512 0.072757 0.32131 0.19578 0.074994 -0.0036403 -0.016764 -0.0086034 0.038423 0.0081893 0.014048
0.00079478 0.22266 0.0544 0.33866 0.20274 0.068185 0.004232 0.077544 -0.018357 0.017354 0.0069535 -0.0068091
-0.00052715 0.21663 0.013955 0.37656 0.20688 0.064542 -0.0013219 -0.0060345 -0.040445 0.037898 0.0041464 -0.0036428
-0.0050732 0.24215 -0.0080109 0.38976 0.20118 0.081952 -0.0045461 0.025521 -0.021966 0.013204 -0.0056978 0.01741
-0.0066044 0.15127 0.044864 0.37458 0.19397 0.081175 -0.0015312 -0.09088 0.052875 -0.015186 -0.0072124 -0.0007774
-0.0074977 0.20077 0.041597 0.36039 0.19034 0.085815 -0.00089328 0.049495 -0.0032669 -0.014186 -0.0036302 0.0046403
-0.0027468 0.16223 0.12579 0.30817 0.19045 0.079113 0.0047509 -0.038531 0.084198 -0.052226 0.00010936 -0.0067022
-0.004763 0.18093 0.076075 0.30151 0.18689 0.080664 -0.0020162 0.018694 -0.049719 -0.0066556 -0.0035582 0.0015507
-0.0083565 0.18134 0.078326 0.29184 0.20399 0.094506 -0.0035935 0.00040777 0.002251 -0.0096756 0.0171 0.013842
-0.013558 0.1788 0.019118 0.35883 0.2115 0.098433 -0.0052016 -0.0025407 -0.059209 0.066997 0.0075117 0.0039271
-0.010249 0.23339 0.0061843 0.40546 0.16337 0.070336 0.0033089 0.054594 -0.012933 0.046628 -0.048137 -0.028097
-0.015802 0.19919 0.04398 0.35628 0.16155 0.081717 -0.005553 -0.0342 0.037796 -0.049182 -0.001815 0.011381
-0.010534 0.11648 0.19387 0.14716 0.065191 0.0362 0.0052679 -0.082715 0.14989 -0.20912 -0.09636 -0.045517
-0.022441 0.038756 0.27682 -0.049178 0.15122 0.10886 -0.011907 -0.07772 0.082952 -0.19633 0.086033 0.072658
-0.018497 0.034319 0.35872 -0.17865 0.15013 0.098831 0.0039441 -0.0044376 0.081903 -0.12947 -0.0010984 -0.010027
-0.027482 0.02808 0.2852 -0.085676 0.19681 0.13517 -0.008985 -0.0062388 -0.073522 0.092971 0.046689 0.036344
-0.037894 0.078064 0.24427 0.0074726 0.19993 0.11215 -0.010413 0.049985 -0.040931 0.093149 0.0031195 -0.023022
-0.040811 0.052536 0.20097 0.067235 0.18556 0.10399 -0.0029162 -0.025528 -0.043298 0.059763 -0.014379 -0.0081643
-0.054552 0.053735 0.1811 0.10275 0.20688 0.086262 -0.013741 0.0011986 -0.019878 0.035512 0.021327 -0.017727
-0.037943 0.084416 0.16791 0.006859 0.22124 0.096755 0.016609 0.030681 -0.013185 -0.095888 0.014361 0.010493
-0.045057 0.042636 0.15712 0.039878 0.19727 0.091931 -0.0071143 -0.04178 -0.010792 0.033019 -0.023973 -0.0048233
-0.033896 0.10984 0.13931 -0.0033831 0.21294 0.09533 0.011161 0.067204 -0.017805 -0.043261 0.015667 0.0033988
-0.035897 0.093873 0.13517 0.10324 0.20092 0.11563 -0.0020011 -0.015967 -0.0041463 0.10663 -0.012022 0.020304
-0.035768 0.1396 0.1136 0.18067 0.22143 0.11093 0.00012915 0.045731 -0.021568 0.077428 0.020517 -0.0047016
-0.033032 0.11941 0.16937 0.12573 0.21223 0.12518 0.0027366 -0.020192 0.055769 -0.054946 -0.009201 0.014251
-0.045211 0.07604 0.17632 0.1114 0.20811 0.11779 -0.012179 -0.043373 0.0069518 -0.014325 -0.0041226 -0.0073966
-0.046129 0.10543 0.23357 0.010608 0.20459 0.13158 -0.0009183 0.029389 0.057254 -0.10079 -0.0035188 0.013791
-0.036163 0.096337 0.22284 0.0090825 0.20002 0.1072 0.0099665 -0.0090919 -0.01073 -0.0015257 -0.0045737 -0.024377
-0.021942 0.14446 0.19146 0.06786 0.20846 0.12219 0.014221 0.04812 -0.031379 0.058778 0.008442 0.014989
0.00056714 0.0917 0.2201 -0.028881 0.1926 0.062212 0.022509 -0.052757 0.028635 -0.096741 -0.015863 -0.059977
-0.0056465 0.10957 0.13099 0.075521 0.1973 0.084985 -0.0062136 0.017873 -0.089111 0.1044 0.0047063 0.022772
-0.013048 0.10566 0.14596 0.037183 0.18556 0.070969 -0.0074013 -0.0039075 0.014968 -0.038339 -0.011738 -0.014016
-0.020443 0.1821 0.05959 0.12842 0.17186 0.08918 -0.0073954 0.076435 -0.086367 0.091241 -0.013703 0.018211
-0.026509 0.16965 0.057823 0.14763 0.16533 0.097044 -0.0060659 -0.012447 -0.0017664 0.019208 -0.0065276 0.0078644
-0.020945 0.18524 0.04675 0.12525 0.16682 0.085132 0.0055638 0.015587 -0.011073 -0.022384 0.0014881 -0.011912
-0.023356 0.13997 0.049353 0.15582 0.17268 0.093969 -0.0024105 -0.045265 0.0026024 0.030572 0.0058629 0.0088371
-0.024331 0.16993 0.053696 0.1473 0.19107 0.090539 -0.00097512 0.029957 0.004343 -0.0085222 0.018381 -0.0034302
-0.022535 0.13995 0.036931 0.19512 0.18432 0.099373 0.0017956 -0.029986 -0.016764 0.047827 -0.0067497 0.0088342
-0.019045 0.17394 0.025755 0.19421 0.18871 0.092142 0.0034902 0.033992 -0.011177 -0.00091518 0.0043912 -0.0072312
-0.015193 0.15081 -0.00048326 0.22086 0.1911 0.090546 0.0038521 -0.023132 -0.026238 0.026651 0.002391 -0.0015959
-0.0080171 0.1785 -0.0026339 0.21865 0.18972 0.086754 0.0071758 0.027695 -0.0021507 -0.002208 -0.0013751 -0.0037915
-0.01638 0.16324 -0.0003461 0.2259 0.19706 0.090454 -0.0083628 -0.015256 0.0022878 0.0072472 0.0073322 0.0036995
-0.020223 0.14712 0.023408 0.22072 0.18867 0.10117 -0.0038435 -0.016129 0.023754 -0.0051801 -0.0083808 0.010712
-0.029384 0.18202 0.011489 0.23678 0.19478 0.10032 -0.0091611 0.034908 -0.011919 0.016058 0.0061052 -0.00084244
-0.027499 0.16593 0.020538 0.2484 0.19833 0.10323 0.0018852 -0.016094 0.0090487 0.011625 0.0035484 0.0029093
-0.023397 0.19664 -0.016929 0.28044 0.19766 0.10407 0.0041018 0.030713 -0.037467 0.032035 -0.00067096 0.00083594
-0.022207 0.15767 0.025357 0.24897 0.20725 0.094194 0.0011903 -0.038971 0.042287 -0.031473 0.0095919 -0.0098748
-0.030382 0.19339 0.023204 0.23368 0.21148 0.10576 -0.0081753 0.035722 -0.0021531 -0.015284 0.004231 0.011568
-0.021641 0.1745 0.0084389 0.29731 0.22291 0.13404 0.0087413 -0.018895 -0.014765 0.063632 0.011435 0.028279
-0.012051 0.18396 -0.0071856 0.27165 0.16489 0.11258 0.0095899 0.0094609 -0.015625 -0.025667 -0.058026 -0.021458
0.008254 0.14164 -0.07555 0.34813 0.11682 0.1374 0.020305 -0.042315 -0.068364 0.076482 -0.048065 0.024816
0.010074 0.13549 -0.015899 0.19158 0.043718 0.049864 0.0018197 -0.0061561 0.059651 -0.15655 -0.073106 -0.087536
-0.0088177 0.16308 -0.021487 0.17391 0.083939 0.072048 -0.018891 0.027594 -0.0055875 -0.017668 0.040221 0.022184
-0.017249 0.16465 0.0072825 0.18453 0.12692 0.078584 -0.0084311 0.001568 0.028769 0.010616 0.04298 0.0065366
-0.02823 0.12963 0.06705 0.12951 0.16559 0.099879 -0.010981 -0.035019 0.059768 -0.055021 0.038671 0.021295
-0.024369 0.15671 0.085495 0.159 0.17985 0.12811 0.0038607 0.027076 0.018445 0.029492 0.014258 0.028228
-0.023184 0.095556 0.19451 0.016757 0.15312 0.1084 0.0011852 -0.061152 0.10902 -0.14224 -0.026726 -0.019702
-0.02651 0.16647 0.19676 0.071833 0.18186 0.10983 -0.003326 0.070911 0.002247 0.055076 0.028743 0.0014231
-0.025714 0.15991 0.17204 0.09916 0.17103 0.10337 0.00079516 -0.0065573 -0.024721 0.027327 -0.010834 -0.0064572
-0.032856 0.16839 0.18252 0.15291 0.18323 0.072617 -0.0071421 0.0084769 0.010475 0.053752 0.012199 -0.030754
-0.038582 0.1723 0.1383 0.11804 0.16061 0.060822 -0.0057254 0.0039151 -0.044217 -0.034876 -0.022624 -0.011795
-0.044442 0.12956 0.18885 0.11299 0.1593 0.06325 -0.00586 -0.042741 0.050548 -0.0050453 -0.0013035 0.0024273
-0.043488 0.11642 0.16347 0.10876 0.15619 0.085188 0.00095411 -0.013142 -0.025373 -0.0042343 -0.003108 0.021938
-0.042873 0.13864 0.16899 0.16208 0.16256 0.10182 0.00061516 0.022222 0.0055161 0.053328 0.0063655 0.016633
-0.039969 0.18407 0.1588 0.18093 0.15752 0.10006 0.0029035 0.045435 -0.010187 0.018849 -0.0050392 -0.0017614
-0.042052 0.16292 0.15445 0.19004 0.16021 0.1013 -0.0020834 -0.021157 -0.0043518 0.0091119 0.0026899 0.0012416
-0.040688 0.18516 0.13645 0.18428 0.16744 0.099997 0.0013641 0.022247 -0.018004 -0.0057608 0.0072321 -0.0013041
-0.036667 0.12621 0.12782 0.21358 0.16244 0.11069 0.0040215 -0.058954 -0.0086255 0.029297 -0.0050027 0.010693
-0.032089 0.19016 0.073209 0.21549 0.18236 0.095419 0.0045774 0.063955 -0.054612 0.0019114 0.01992 -0.015271
-0.030657 0.16378 0.10635 0.25366 0.15204 0.097113 0.0014328 -0.026381 0.033136 0.038169 -0.030316 0.0016944
-0.040007 0.18266 0.13743 0.28618 0.16142 0.10371 -0.0093507 0.018873 0.031082 0.032514 0.009377 0.0065983
-0.029459 0.13553 0.01399 0.25202 0.17355 0.080871 0.010549 -0.047125 -0.12344 -0.034155 0.012125 -0.02284
-0.026074 0.18297 0.050741 0.21091 0.15593 0.083758 0.0033853 0.047441 0.036751 -0.041109 -0.017611 0.0028874
0.0078632 0.17514 -0.20476 0.04129 0.18023 0.029146 0.033937 -0.0078292 -0.2555 -0.16962 0.0243 -0.054612
-0.002383 0.1752 0.034391 -0.091378 0.13848 0.052002 -0.010246 6.1088e-05 0.23915 -0.13267 -0.041756 0.022856
-0.0066175 0.1245 0.014848 -0.13633 0.13587 0.058565 -0.0042345 -0.050709 -0.019543 -0.044948 -0.0026042 0.0065631
-0.033747 0.13948 0.16526 -0.12769 0.14435 0.0743 -0.027129 0.014986 0.15041 0.0086322 0.0084748 0.015735
-0.042482 0.12579 0.13208 -0.0073134 0.10554 0.079948 -0.0087351 -0.013696 -0.033176 0.12038 -0.038806 0.0056481
-0.045415 0.17416 0.096297 0.033551 0.10335 0.06808 -0.0029334 0.048372 -0.035783 0.040864 -0.0021945 -0.011868
-0.044352 0.13226 0.11738 0.069597 0.083266 0.078238 0.0010633 -0.041897 0.021079 0.036046 -0.020083 0.010158
-0.047476 0.17175 0.11329 0.077468 0.077889 0.07857 -0.0031247 0.039489 -0.0040907 0.0078708 -0.005377 0.00033227
-0.047169 0.16367 0.12373 0.074917 0.11072 0.082333 0.00030745 -0.0080827 0.010441 -0.0025514 0.032828 0.0037627
-0.05062 0.1618 0.098976 0.099536 0.092253 0.073271 -0.0034509 -0.001866 -0.024751 0.024619 -0.018464 -0.0090617
-0.044205 0.15231 0.10242 0.10516 0.072818 0.078228 0.006415 -0.0094959 0.003444 0.0056199 -0.019435 0.0049562
-0.047985 0.15641 0.10483 0.078932 0.10433 0.07902 -0.0037803 0.0041048 0.0024124 -0.026224 0.031517 0.00079279
-0.045679 0.15219 0.13751 0.076135 0.05633 0.066682 0.0023064 -0.0042151 0.032683 -0.0027972 -0.048004 -0.012338
-0.056213 0.1587 0.16047 -0.01726 0.14094 0.058863 -0.010534 0.0065092 0.022959 -0.093395 0.084614 -0.0078192
-0.048074 0.065413 0.19207 -0.01515 0.075092 0.032917 0.008139 -0.093291 0.031599 0.0021104 -0.065853 -0.025946
-0.047215 0.043516 0.17808 -0.081574 0.11312 0.042179 0.00085919 -0.021897 -0.013995 -0.066424 0.038029 0.0092625
-0.030676 0.031863 0.16945 -0.028286 0.11019 0.058278 0.016539 -0.011652 -0.0086244 0.053289 -0.0029289 0.016099
-0.032874 0.08244 0.15941 0.011534 0.12073 0.077019 -0.0021976 0.050577 -0.010044 0.03982 0.010535 0.018742
-0.025529 0.16692 0.13217 0.095085 0.15532 0.10224 0.0073447 0.084482 -0.027235 0.083551 0.034589 0.025217
-0.031994 0.14762 0.13982 0.11526 0.13555 0.093111 -0.0064643 -0.019305 0.0076416 0.02018 -0.019766 -0.0091257
-0.028749 0.16912 0.11922 0.13508 0.14151 0.10373 0.0032451 0.0215 -0.020592 0.019817 0.0059602 0.010615
-0.038637 0.12894 0.1187 0.12593 0.12414 0.086934 -0.0098885 -0.040181 -0.00052552 -0.0091494 -0.017372 -0.016792
-0.040305 0.1792 0.11635 0.15854 0.1163 0.08644 -0.0016682 0.05026 -0.0023485 0.032608 -0.0078373 -0.00049336
-0.045934 0.14175 0.10798 0.15995 0.11055 0.082166 -0.0056289 -0.03745 -0.0083647 0.0014061 -0.0057477 -0.0042738
-0.043477 0.094323 0.10742 0.15731 0.1147 0.09184 0.0024572 -0.047425 -0.00056302 -0.0026335 0.0041494 0.0096737
