0.00018989 0.0075047 0.00039099 -0.00083658 -0.0033245 0.00015218 0 0 0 0 0 0
0.0017618 0.027184 0.0049999 -0.03278 -0.00099521 0.016301 0.0015719 0.01968 0.0046089 -0.031943 0.0023293 0.016148
0.006919 0.044728 0.012296 -0.054303 5.7206e-05 0.027001 0.0051572 0.017544 0.0072966 -0.021523 0.0010524 0.010701
0.012625 0.064519 0.037594 -0.063043 0.00082445 0.035731 0.0057056 0.019791 0.025297 -0.0087401 0.00076724 0.0087299
0.0096024 0.10559 0.045113 -0.0701 0.00215 0.034397 -0.0030222 0.041076 0.0075192 -0.0070572 0.0013256 -0.0013339
0.0051233 0.17986 0.033441 -0.061405 0.0069334 0.034667 -0.0044791 0.074264 -0.011672 0.0086949 0.0047834 0.00026938
0.0024451 0.17136 0.03118 -0.098561 0.0072449 0.037514 -0.0026781 -0.008503 -0.0022605 -0.037155 0.0003115 0.0028473
0.01123 0.14932 0.020199 -0.11805 0.02023 0.047557 0.0087852 -0.022041 -0.010981 -0.019489 0.012985 0.010043
0.02269 0.1391 0.039315 -0.14627 0.0071207 0.05456 0.01146 -0.010211 0.019116 -0.028224 -0.013109 0.0070034
0.024666 0.1521 0.061925 -0.17712 0.014811 0.062224 0.001976 0.012995 0.022611 -0.030845 0.0076908 0.0076644
0.017942 0.15367 0.084196 -0.19218 0.022902 0.049174 -0.0067239 0.0015742 0.022271 -0.015061 0.0080904 -0.01305
0.015971 0.14525 0.092965 -0.23193 0.030177 0.062372 -0.0019716 -0.0084211 0.0087682 -0.039755 0.007275 0.013198
0.0089531 0.15768 0.072507 -0.24204 0.068227 0.056345 -0.0070176 0.012425 -0.020457 -0.010101 0.03805 -0.006027
0.022422 0.11809 0.071921 -0.24778 0.049923 0.082434 0.013468 -0.039584 -0.00058637 -0.0057426 -0.018305 0.026089
0.022124 0.12826 0.062571 -0.2723 0.065621 0.087179 -0.00029743 0.010167 -0.0093501 -0.024526 0.015698 0.0047446
0.025678 0.13019 0.081253 -0.28503 0.042443 0.092666 0.0035538 0.0019278 0.018682 -0.012728 -0.023178 0.0054874
0.024301 0.092221 0.10123 -0.32447 0.050001 0.095992 -0.0013771 -0.037968 0.019972 -0.03944 0.0075578 0.0033261
0.019871 0.12634 0.10392 -0.32904 0.048701 0.084217 -0.00443 0.034119 0.0026977 -0.0045722 -0.0012993 -0.011775
0.018976 0.1096 0.1129 -0.3325 0.059421 0.088841 -0.00089467 -0.016735 0.0089747 -0.0034596 0.010719 0.0046238
0.02061 0.093628 0.09838 -0.33111 0.060432 0.085895 0.0016338 -0.015977 -0.014518 0.0013956 0.0010118 -0.0029454
0.017293 0.13001 0.096148 -0.33751 0.060962 0.097693 -0.0033172 0.036383 -0.0022312 -0.0064034 0.00053007 0.011797
0.021403 0.10949 0.097386 -0.35528 0.064533 0.10386 0.0041105 -0.020517 0.001238 -0.017772 0.0035702 0.0061645
0.0155 0.11455 0.10084 -0.38476 0.078137 0.11006 -0.0059033 0.0050578 0.0034505 -0.029475 0.013604 0.0062014
0.014947 0.14152 0.097041 -0.40722 0.08938 0.10491 -0.00055266 0.026966 -0.0037955 -0.022458 0.011243 -0.0051483
0.007705 0.11615 0.082483 -0.43658 0.10547 0.10167 -0.0072423 -0.025369 -0.014558 -0.029361 0.016094 -0.0032394
0.0078654 0.11789 0.075411 -0.42461 0.10163 0.096988 0.00016038 0.0017408 -0.0070723 0.011968 -0.0038436 -0.0046829
0.0058394 0.10549 0.074852 -0.43687 0.10425 0.096888 -0.002026 -0.012403 -0.00055846 -0.012259 0.0026209 -9.9699e-05
0.0098948 0.1146 0.078174 -0.37086 0.10392 0.096165 0.0040554 0.0091096 0.0033218 0.06601 -0.00033534 -0.00072289
0.011049 0.11938 0.11627 -0.38219 0.10647 0.095436 0.0011542 0.0047806 0.038099 -0.011335 0.0025525 -0.00072917
0.014573 0.082275 0.14702 -0.36436 0.099568 0.086891 0.0035242 -0.037102 0.030749 0.017836 -0.0069002 -0.0085448
0.014313 0.095047 0.17478 -0.38783 0.11079 0.086495 -0.00026028 0.012772 0.027762 -0.023475 0.011226 -0.00039637
0.01948 0.060282 0.16589 -0.41447 0.10714 0.08524 0.0051667 -0.034765 -0.0088911 -0.026635 -0.0036532 -0.0012549
0.022233 0.071786 0.15106 -0.44089 0.12829 0.091804 0.002753 0.011504 -0.014837 -0.026427 0.021152 0.0065637
0.029473 0.071018 0.15022 -0.49586 0.13237 0.10214 0.0072407 -0.00076789 -0.00083329 -0.054969 0.0040758 0.01034
0.026657 0.00056022 0.18847 -0.58503 0.13884 0.10803 -0.0028169 -0.070458 0.038246 -0.089164 0.0064733 0.0058813
0.027183 0.092887 0.14471 -0.5722 0.13379 0.11024 0.00052621 0.092327 -0.043764 0.012829 -0.0050535 0.0022158
0.022352 0.03316 0.17354 -0.62116 0.13441 0.10978 -0.0048304 -0.059727 0.028835 -0.048961 0.00061874 -0.0004652
0.029349 0.11428 0.091017 -0.53073 0.13536 0.10367 0.0069964 0.081119 -0.082524 0.090435 0.00095528 -0.0061073
0.031464 0.093368 0.15105 -0.58988 0.14124 0.099388 0.0021149 -0.020912 0.060036 -0.05915 0.0058753 -0.0042803
0.031066 0.097458 0.065236 -0.55416 0.16199 0.097591 -0.00039792 0.0040902 -0.085817 0.035719 0.020757 -0.0017975
0.021726 0.021288 0.076927 -0.542 0.17338 0.097585 -0.0093397 -0.07617 0.011691 0.012152 0.011385 -5.5231e-06
0.023111 -0.098659 0.16672 -0.51675 0.19523 0.10715 0.0013846 -0.11995 0.089788 0.025259 0.021852 0.0095609
0.031788 -0.089856 0.38577 -0.52653 0.16286 0.12804 0.0086778 0.0088029 0.21906 -0.0097855 -0.032367 0.020892
0.045322 0.02367 0.53631 -0.57392 0.11845 0.13943 0.013534 0.11353 0.15054 -0.047384 -0.044416 0.01139
0.043654 0.14415 0.70734 -0.86254 0.058278 0.1249 -0.0016687 0.12048 0.17103 -0.28863 -0.06017 -0.014529
0.018126 0.1107 0.4438 -0.76715 0.056743 0.090738 -0.025528 -0.033445 -0.26354 0.095388 -0.0015344 -0.034161
0.029519 0.099298 0.3448 -0.42215 0.06886 0.053676 0.011393 -0.011406 -0.098997 0.345 0.012117 -0.037062
0.039219 0.092331 0.16359 -0.11066 0.088753 0.063418 0.0097003 -0.0069672 -0.18121 0.31149 0.019893 0.0097417
0.098177 0.28014 0.061874 0.41617 0.041773 0.089753 0.058958 0.18781 -0.10172 0.52683 -0.04698 0.026335
0.1224 0.27131 0.32454 -0.20076 -0.012041 0.12049 0.024224 -0.0088314 0.26267 -0.61693 -0.053814 0.030737
0.13707 0.24546 0.24648 -0.22855 -0.077538 0.1299 0.014673 -0.025856 -0.078064 -0.027795 -0.065497 0.0094113
0.14255 0.11114 0.40601 -0.57711 -0.10333 0.1387 0.0054797 -0.13431 0.15953 -0.34856 -0.025793 0.0087957
0.12893 0.061583 0.34661 -0.47211 -0.10685 0.14205 -0.013621 -0.049562 -0.059396 0.105 -0.0035153 0.0033524
0.12422 0.018637 0.38617 -0.4308 -0.11338 0.15123 -0.0047091 -0.042946 0.039556 0.041314 -0.0065369 0.0091798
0.11327 0.070469 0.45347 -0.55031 -0.10593 0.14625 -0.010953 0.051832 0.067306 -0.11951 0.007451 -0.0049821
0.10542 0.073412 0.48951 -0.6162 -0.11308 0.14799 -0.007853 0.0029423 0.036037 -0.065892 -0.0071478 0.0017377
0.10492 0.063005 0.49451 -0.63128 -0.11091 0.14825 -0.00050154 -0.010406 0.0049991 -0.015078 0.0021689 0.00026107
0.1131 0.044852 0.50726 -0.66862 -0.10261 0.15473 0.0081861 -0.018153 0.01275 -0.037343 0.0083045 0.0064795
0.11583 -0.031326 0.51371 -0.68646 -0.10707 0.1504 0.0027225 -0.076179 0.0064554 -0.017838 -0.0044625 -0.0043304
0.13112 0.059091 0.50733 -0.71803 -0.091868 0.15416 0.015292 0.090418 -0.0063817 -0.03157 0.015202 0.0037662
0.12578 0.03711 0.52041 -0.71953 -0.093959 0.15416 -0.0053408 -0.021981 0.013082 -0.0014955 -0.0020917 -1.373e-06
0.11456 0.014349 0.53855 -0.78256 -0.074496 0.15096 -0.01122 -0.022761 0.018131 -0.063036 0.019463 -0.003203
0.11101 -0.006258 0.56304 -0.81983 -0.073889 0.15486 -0.0035498 -0.020607 0.02449 -0.03727 0.00060734 0.0039029
0.099359 -0.050342 0.56183 -0.82968 -0.061191 0.14258 -0.011648 -0.044084 -0.0012086 -0.0098433 0.012697 -0.012283
0.10006 -0.012462 0.59 -0.86941 -0.059601 0.13563 0.00069935 0.03788 0.028172 -0.039737 0.0015901 -0.0069515
0.092713 -0.010118 0.55868 -0.85662 -0.055472 0.12644 -0.0073451 0.0023442 -0.03132 0.012795 0.0041298 -0.0091908
0.081799 -0.042846 0.57591 -0.92489 -0.038243 0.11525 -0.010914 -0.032728 0.017228 -0.06827 0.017229 -0.011181
0.086696 -0.041745 0.61255 -0.99153 -0.04834 0.12748 0.004897 0.0011007 0.036643 -0.066644 -0.010097 0.012221
0.084227 0.00363 0.59555 -0.93067 -0.010299 0.141 -0.0024694 0.045375 -0.017005 0.060859 0.038041 0.013522
0.088479 -0.072205 0.73046 -1.0845 -0.019533 0.14453 0.0042524 -0.075835 0.13492 -0.15387 -0.0092341 0.0035364
0.087825 -0.035499 0.68118 -1.0106 0.0039969 0.15431 -0.00065393 0.036706 -0.049282 0.073924 0.02353 0.0097734
0.080056 -0.065637 0.7228 -1.168 -0.0023936 0.15143 -0.0077696 -0.030138 0.041622 -0.1574 -0.0063904 -0.0028752
0.086876 -0.083432 0.67269 -1.1191 -0.012352 0.15748 0.0068207 -0.017795 -0.050116 0.048881 -0.0099583 0.006052
0.086084 -0.0069673 0.63374 -1.1653 -0.0060276 0.16022 -0.00079193 0.076465 -0.038948 -0.046188 0.0063243 0.0027371
0.093105 -0.067423 0.61063 -1.1444 -0.011302 0.15792 0.0070204 -0.060456 -0.023111 0.020966 -0.0052745 -0.0022972
0.094669 -0.033121 0.57715 -1.1242 -0.0049833 0.15363 0.0015643 0.034302 -0.033483 0.020168 0.0063189 -0.0042914
0.092994 -0.034675 0.52814 -1.1072 -0.00036642 0.16217 -0.0016746 -0.001554 -0.049006 0.017014 0.0046169 0.0085382
0.10049 -0.017744 0.51697 -1.0887 0.0071849 0.15949 0.0074973 0.016931 -0.011172 0.018456 0.0075514 -0.0026839
0.098272 -0.060121 0.50392 -1.1245 0.020809 0.16179 -0.0022193 -0.042377 -0.013051 -0.0358 0.013625 0.0023086
0.10118 -0.041435 0.48808 -1.118 0.03499 0.15433 0.0029038 0.018686 -0.015837 0.006554 0.014181 -0.0074679
0.092162 -0.079215 0.48157 -1.1341 0.040087 0.15497 -0.0090139 -0.03778 -0.0065049 -0.016167 0.0050969 0.00064383
0.090042 -0.055602 0.46439 -1.1131 0.038849 0.15356 -0.0021204 0.023613 -0.017189 0.021046 -0.0012381 -0.0014066
0.086905 -0.044076 0.47299 -1.1332 0.040653 0.16377 -0.003137 0.011526 0.0086029 -0.020133 0.0018039 0.010204
0.089328 -0.045497 0.45792 -1.1021 0.039358 0.16857 0.0024235 -0.0014213 -0.015063 0.03108 -0.0012948 0.0047976
0.097243 -0.045848 0.42805 -1.0527 0.044645 0.17673 0.0079149 -0.00035123 -0.029871 0.049468 0.0052867 0.0081622
0.10384 -0.011224 0.36265 -0.95341 0.019328 0.18098 0.0065945 0.034625 -0.065402 0.099257 -0.025316 0.0042527
0.097253 -0.044064 0.37369 -0.88141 0.0085247 0.17085 -0.0065849 -0.03284 0.01104 0.072002 -0.010804 -0.010132
0.092348 -0.043256 0.40178 -0.88616 -0.026337 0.16073 -0.0049046 0.00080745 0.028091 -0.0047552 -0.034861 -0.010113
0.073685 -0.020487 0.45339 -0.86572 -0.013748 0.16006 -0.018663 0.02277 0.051609 0.020442 0.012589 -0.0006767
0.084924 -0.043999 0.47403 -0.95623 -0.0030827 0.17178 0.011238 -0.023512 0.020638 -0.090514 0.010665 0.011721
0.084658 0.0039597 0.49379 -0.98149 0.00067281 0.18159 -0.00026524 0.047959 0.019756 -0.025254 0.0037555 0.0098113
0.091843 -0.073678 0.51242 -1.0834 0.02281 0.18473 0.0071846 -0.077638 0.018634 -0.10195 0.022137 0.0031384
0.089543 -0.097018 0.55768 -1.1321 -0.0044053 0.16857 -0.0023003 -0.02334 0.045259 -0.048679 -0.027216 -0.016163
0.084791 -0.092596 0.53969 -1.1221 0.021258 0.16461 -0.0047522 0.0044221 -0.017989 0.010032 0.025664 -0.0039569
0.083345 -0.10566 0.54015 -1.1477 0.01987 0.16119 -0.0014452 -0.013066 0.00045868 -0.025645 -0.0013884 -0.0034201
0.080062 -0.084053 0.49315 -1.1571 0.027946 0.16 -0.0032835 0.021609 -0.046994 -0.0093647 0.0080755 -0.0011935
0.074872 -0.075289 0.46376 -1.2227 0.035219 0.16247 -0.0051897 0.0087638 -0.029393 -0.065593 0.0072739 0.0024733
0.077446 -0.12486 0.45827 -1.2744 0.034737 0.15548 0.002574 -0.049568 -0.0054948 -0.051678 -0.00048292 -0.0069848
0.078425 -0.095231 0.44186 -1.2947 0.071915 0.15865 0.00097858 0.029626 -0.016403 -0.020305 0.037179 0.0031687
0.082063 -0.15197 0.46566 -1.2892 0.12058 0.1459 0.0036388 -0.056743 0.023792 0.0054829 0.048668 -0.012749
0.082729 -0.17763 0.49775 -1.3621 0.13577 0.15903 0.00066527 -0.025658 0.032098 -0.07291 0.015191 0.013121
0.080208 -0.20958 0.51449 -1.4169 0.15002 0.16469 -0.0025203 -0.031947 0.016734 -0.054805 0.01425 0.0056683
0.077661 -0.18525 0.54536 -1.5161 0.095906 0.19944 -0.0025471 0.024333 0.030868 -0.099214 -0.054118 0.034745
0.080185 -0.23396 0.54801 -1.5647 0.10308 0.20741 0.0025239 -0.048717 0.0026557 -0.04863 0.0071692 0.0079673
0.083292 -0.23288 0.56016 -1.6838 0.087993 0.20791 0.0031063 0.0010796 0.01215 -0.11905 -0.015082 0.00050411
0.08093 -0.25663 0.55738 -1.6212 0.1289 0.1983 -0.0023616 -0.023743 -0.0027873 0.062612 0.040905 -0.0096133
0.073363 -0.26802 0.54051 -1.6546 0.1523 0.18368 -0.0075669 -0.01139 -0.01687 -0.033371 0.023402 -0.01462
0.052463 -0.11079 0.43117 -1.3992 0.16245 0.19109 -0.0209 0.15723 -0.10934 0.25537 0.01015 0.0074087
0.049649 -0.21135 0.39408 -1.3385 0.15991 0.18488 -0.002814 -0.10057 -0.037092 0.060666 -0.0025423 -0.0062039
0.043774 -0.14619 0.3276 -1.3582 0.14092 0.20055 -0.0058742 0.065159 -0.066482 -0.019671 -0.018986 0.015673
0.054177 -0.22665 0.36119 -1.3741 0.143 0.2008 0.010403 -0.080462 0.033591 -0.015917 0.0020746 0.00024234
0.055595 -0.19131 0.40954 -1.5079 0.143 0.20742 0.0014176 0.03534 0.048349 -0.13384 1.6481e-06 0.0066239
0.06315 -0.23335 0.42939 -1.5055 0.15172 0.21921 0.0075556 -0.042035 0.019853 0.0024552 0.0087212 0.011795
0.066541 -0.29077 0.50316 -1.5389 0.12949 0.21104 0.0033904 -0.057423 0.073771 -0.033393 -0.022228 -0.0081719
0.06313 -0.30442 0.49911 -1.599 0.11893 0.22655 -0.0034106 -0.013645 -0.0040461 -0.06012 -0.010559 0.015504
0.053774 -0.19817 0.52022 -1.5401 0.088132 0.2035 -0.0093557 0.10625 0.021105 0.05894 -0.0308 -0.023051
0.048937 -0.19251 0.51951 -1.5162 0.073714 0.21556 -0.0048375 0.005659 -0.00070775 0.023872 -0.014418 0.012066
0.050425 -0.19682 0.54058 -1.503 0.090669 0.20951 0.0014882 -0.0043102 0.02107 0.013223 0.016955 -0.0060546
0.066215 -0.29574 0.5903 -1.5046 0.072166 0.2171 0.01579 -0.098913 0.049717 -0.0016431 -0.018504 0.007594
0.069304 -0.28406 0.63428 -1.5531 0.12295 0.20964 0.0030895 0.011677 0.043976 -0.04844 0.050781 -0.0074627
0.078228 -0.27992 0.65662 -1.5428 0.071642 0.19846 0.0089231 0.004141 0.022345 0.010232 -0.051305 -0.011181
0.071851 -0.23334 0.63864 -1.5395 0.10477 0.19513 -0.006377 0.046577 -0.017975 0.0032753 0.033126 -0.003327
0.066086 -0.2669 0.58509 -1.5437 0.079539 0.19622 -0.0057648 -0.033557 -0.053556 -0.0041763 -0.025228 0.001094
0.056524 -0.23193 0.5082 -1.5575 0.10221 0.19537 -0.0095619 0.034971 -0.076884 -0.013825 0.022669 -0.00085037
0.048643 -0.20863 0.48836 -1.5639 0.095274 0.19317 -0.0078812 0.023292 -0.01984 -0.0063617 -0.0069347 -0.0022016
0.051016 -0.26906 0.49498 -1.5753 0.10639 0.18247 0.0023733 -0.060427 0.0066112 -0.011433 0.011115 -0.010697
0.054268 -0.22534 0.55767 -1.5603 0.10597 0.19403 0.003252 0.04372 0.062695 0.015025 -0.00042007 0.011557
0.067359 -0.2979 0.5963 -1.5665 0.093793 0.1948 0.013091 -0.072561 0.03863 -0.0062145 -0.012175 0.00077177
0.06392 -0.26615 0.63781 -1.5576 0.091505 0.1983 -0.0034386 0.031753 0.04151 0.0089388 -0.0022884 0.0034965
0.06397 -0.28201 0.64807 -1.561 0.095496 0.18013 4.9942e-05 -0.015859 0.010261 -0.0034048 0.0039906 -0.018174
0.067348 -0.24726 0.63263 -1.5689 0.092688 0.19515 0.0033778 0.03475 -0.015439 -0.0078581 -0.0028077 0.015022
0.065883 -0.23778 0.57489 -1.5584 0.11389 0.1814 -0.0014654 0.0094784 -0.057745 0.010487 0.021207 -0.013749
0.062142 -0.20083 0.53492 -1.5839 0.12303 0.17652 -0.0037404 0.036952 -0.039964 -0.025529 0.0091402 -0.0048768
0.076437 -0.30036 0.57029 -1.644 0.10399 0.18892 0.014295 -0.099534 0.035367 -0.060124 -0.019044 0.012402
0.085308 -0.30496 0.58173 -1.7643 0.067245 0.20544 0.008871 -0.0045958 0.01144 -0.12026 -0.036746 0.016512
0.084836 -0.30163 0.62056 -1.8239 0.058627 0.21258 -0.00047237 0.003329 0.038827 -0.059616 -0.0086179 0.0071386
0.071629 -0.232 0.5001 -1.808 0.097493 0.19142 -0.013206 0.06963 -0.12046 0.015865 0.038866 -0.021159
0.032351 -0.2395 0.48373 -1.7695 0.14856 0.19155 -0.039278 -0.0075043 -0.016368 0.038489 0.051067 0.00013082
0.040975 -0.25253 0.44138 -1.7169 0.14885 0.24397 0.0086237 -0.013029 -0.04235 0.052646 0.00028727 0.052422
0.070676 -0.27282 0.4398 -1.8268 -0.027866 0.21265 0.029701 -0.020287 -0.0015821 -0.10994 -0.17671 -0.031314
0.0022336 -0.25301 0.43405 -1.7034 0.21353 0.084677 -0.068442 0.019807 -0.0057538 0.12342 0.2414 -0.12798
-0.11919 -0.18833 0.38525 -1.5527 0.92125 0.22248 -0.12142 0.064679 -0.048795 0.15074 0.70772 0.13781
0.20564 -0.30105 0.52209 -1.697 0.49194 0.85757 0.32483 -0.11272 0.13684 -0.14431 -0.42931 0.63509
0.30799 -0.27523 0.67756 -1.5374 0.46241 1.1718 0.10235 0.025817 0.15547 0.15963 -0.029529 0.3142
0.88195 -0.28253 0.91241 -1.4988 -1.1845 0.5653 0.57395 -0.0072925 0.23484 0.038564 -1.6469 -0.60647
0.8182 -0.18472 1.1403 -0.76858 -1.5756 -0.78355 -0.063751 0.097809 0.22787 0.73021 -0.39115 -1.3489
0.60622 -0.096889 1.2074 -0.24536 -0.98018 -1.9522 -0.21198 0.087828 0.06709 0.52322 0.59543 -1.1687
0.60923 -0.22563 1.2126 -0.45487 -1.1453 -1.5278 0.0030149 -0.12875 0.0052374 -0.20952 -0.16511 0.42441
0.21455 -0.26825 0.99349 -1.026 0.094236 -0.70962 -0.39468 -0.042616 -0.21911 -0.57109 1.2395 0.81821
0.3098 -0.32871 0.72047 -1.6011 -0.33981 -0.028977 0.095249 -0.060461 -0.27302 -0.57517 -0.43405 0.68064
0.14926 -0.29131 0.60718 -1.8156 0.039784 0.053256 -0.16055 0.037399 -0.1133 -0.21448 0.3796 0.082232
0.13245 -0.31505 0.54548 -1.6675 0.084169 -0.1654 -0.016805 -0.023736 -0.061696 0.14807 0.044386 -0.21865
0.20221 -0.35519 0.65145 -1.7241 -0.031483 -0.10767 0.06976 -0.040143 0.10597 -0.056514 -0.11565 0.057731
0.18359 -0.38569 0.65162 -1.7757 0.0019196 -0.040873 -0.01862 -0.030504 0.00017107 -0.051635 0.033402 0.066795
0.15826 -0.30229 0.66092 -1.7139 0.049965 -0.066551 -0.025334 0.083408 0.0092958 0.061833 0.048046 -0.025678
0.1778 -0.40253 0.66624 -1.7384 -0.0029876 -0.065151 0.019539 -0.10025 0.0053215 -0.024548 -0.052953 0.0014007
0.17824 -0.41726 0.70142 -1.626 0.05905 -0.019993 0.00044265 -0.014724 0.035179 0.11246 0.062037 0.045157
0.17895 -0.51085 0.70781 -1.7246 0.067781 -0.013218 0.00070446 -0.093591 0.00639 -0.098671 0.0087313 0.0067749
0.18802 -0.29955 0.66918 -1.5509 0.066442 0.021253 0.0090704 0.2113 -0.03863 0.17368 -0.0013384 0.034471
0.14585 -0.21043 0.63264 -1.5338 0.11914 0.0075543 -0.042168 0.089113 -0.036532 0.017144 0.0527 -0.013699
0.15027 -0.13043 0.58716 -1.4347 0.075885 0.018839 0.0044248 0.080007 -0.045484 0.099133 -0.043257 0.011284
0.14717 -0.28542 0.58102 -1.4581 0.064455 0.028846 -0.0030985 -0.15499 -0.0061404 -0.023402 -0.01143 0.010007
0.14517 -0.32935 0.56225 -1.4993 0.056088 0.022038 -0.0020066 -0.043927 -0.018772 -0.041207 -0.0083672 -0.0068082
0.15601 -0.37289 0.55913 -1.5168 0.063576 0.025164 0.010839 -0.043545 -0.0031232 -0.017527 0.007488 0.0031257
0.1496 -0.32159 0.55466 -1.5873 0.074065 0.034301 -0.0064065 0.051301 -0.0044704 -0.070531 0.010489 0.0091373
0.14474 -0.30133 0.57214 -1.6538 0.092667 0.035946 -0.0048554 0.020261 0.017487 -0.066429 0.018603 0.0016449
0.14551 -0.34101 0.54066 -1.5912 0.089867 0.037212 0.00076913 -0.039676 -0.031483 0.062601 -0.0028006 0.0012666
0.15212 -0.31377 0.59029 -1.5989 0.079542 0.036401 0.0066104 0.027236 0.049634 -0.0077418 -0.010324 -0.00081182
0.15076 -0.40821 0.69371 -1.9336 0.071645 0.036314 -0.0013626 -0.094438 0.10341 -0.3347 -0.0078969 -8.6716e-05
0.13964 -0.38333 0.53817 -1.6764 0.072318 0.045042 -0.01112 0.024877 -0.15553 0.25722 0.000673 0.0087282
0.14048 -0.3034 0.47152 -1.0544 0.092204 0.037511 0.00084027 0.079927 -0.066653 0.62198 0.019886 -0.0075309
0.1592 0.044278 -0.016467 0.78841 0.20878 0.068005 0.018721 0.34768 -0.48799 1.8428 0.11658 0.030493
0.18831 0.51432 -0.19558 2.2882 0.231 -0.01007 0.029107 0.47004 -0.17912 1.4998 0.022216 -0.078075
0.16649 1.0506 -0.34195 3.1782 0.38829 -0.11788 -0.021822 0.53632 -0.14636 0.88995 0.15729 -0.10781
0.16871 1.3448 -0.3506 3.9746 0.17245 -0.30776 0.0022254 0.29421 -0.008655 0.79639 -0.21584 -0.18988
0.2076 1.3544 -0.28959 3.0715 -0.175 -0.33774 0.038887 0.0095891 0.06101 -0.90303 -0.34745 -0.029976
0.12731 1.0514 -0.2069 2.5556 0.075466 -0.4262 -0.08029 -0.30307 0.082698 -0.51592 0.25047 -0.088465
-0.09979 0.45502 -0.22218 -0.050786 0.74527 -0.20235 -0.2271 -0.59634 -0.015285 -2.6064 0.66981 0.22385
-0.35074 0.096044 -0.097601 -1.2219 1.7984 -0.17654 -0.25095 -0.35897 0.12458 -1.1711 1.0531 0.025818
-0.47132 -0.21901 -0.06822 -1.8895 2.188 0.063607 -0.12058 -0.31506 0.029381 -0.66764 0.38963 0.24014
-0.12664 -0.17498 0.05258 -1.5944 1.1416 0.15069 0.34468 0.04403 0.1208 0.29515 -1.0465 0.087081
0.082374 -0.1586 0.15839 -1.2208 0.45553 0.14059 0.20902 0.016379 0.10581 0.37363 -0.68603 -0.010098
0.27787 -0.12203 0.20952 -1.2537 -0.26846 0.17505 0.1955 0.036576 0.051133 -0.032927 -0.72399 0.03446
0.14632 -0.024601 0.18254 -1.2786 0.095109 0.068256 -0.13155 0.097427 -0.026988 -0.024904 0.36357 -0.10679
0.067593 -0.0080249 0.16531 -1.023 0.32204 0.089283 -0.07873 0.016576 -0.017227 0.25556 0.22693 0.021027
0.044122 -0.0097291 0.14588 -0.94478 0.35922 0.073626 -0.023471 -0.0017042 -0.019425 0.078249 0.037182 -0.015658
0.051685 -0.051286 0.17521 -0.97253 0.33606 0.059182 0.0075633 -0.041557 0.029325 -0.027751 -0.023168 -0.014444
0.063748 -0.11693 0.21173 -1.0438 0.32732 0.073136 0.012062 -0.065647 0.036517 -0.07127 -0.0087379 0.013954
0.054873 -0.013757 0.21242 -1.1215 0.37864 0.073531 -0.0088748 0.10318 0.00069284 -0.077707 0.051322 0.000395
0.076502 -0.061471 0.22281 -1.1246 0.39088 0.076534 0.021628 -0.047714 0.010388 -0.0031154 0.012238 0.0030028
0.077682 -0.078808 0.23066 -1.1359 0.38296 0.081439 0.0011804 -0.017337 0.0078514 -0.011316 -0.0079185 0.0049047
0.075855 -0.11912 0.26602 -1.1727 0.38706 0.071336 -0.0018272 -0.04031 0.035362 -0.036733 0.0041046 -0.010102
0.079119 -0.13441 0.26966 -1.1841 0.3804 0.087076 0.0032638 -0.015289 0.0036379 -0.011403 -0.006661 0.01574
0.077108 -0.029286 0.27747 -1.1744 0.39493 0.090744 -0.0020106 0.10512 0.0078149 0.0096995 0.014524 0.0036678
0.075934 -0.097348 0.27651 -1.2032 0.37386 0.082675 -0.0011738 -0.068062 -0.00096535 -0.028778 -0.021065 -0.0080684
0.063452 -0.072424 0.26984 -1.2274 0.39349 0.076583 -0.012482 0.024924 -0.0066691 -0.024278 0.019629 -0.0060928
0.04674 -0.14046 0.28036 -1.2575 0.41177 0.05335 -0.016712 -0.068038 0.010521 -0.030051 0.018275 -0.023233
0.047936 -0.088755 0.24325 -1.2447 0.42413 0.068385 0.0011961 0.051706 -0.037106 0.012762 0.012363 0.015035
0.039847 -0.1194 0.24955 -1.3079 0.43677 0.062492 -0.0080893 -0.030649 0.0063009 -0.063206 0.012647 -0.0058931
0.037745 -0.10585 0.23699 -1.3228 0.42223 0.067044 -0.002102 0.013551 -0.012565 -0.014839 -0.014547 0.0045523
0.02777 -0.14538 0.28992 -1.4477 0.4388 0.048931 -0.009975 -0.039528 0.052934 -0.12492 0.016571 -0.018113
0.033102 -0.11924 0.31497 -1.5013 0.40088 0.043359 0.0053319 0.026139 0.025049 -0.053612 -0.037915 -0.0055718
0.03432 -0.15042 0.33353 -1.497 0.43948 0.039721 0.001218 -0.03118 0.018554 0.0042578 0.0386 -0.0036382
0.049916 -0.14042 0.32625 -1.5021 0.39275 0.057057 0.015596 0.0099988 -0.0072757 -0.0050418 -0.046731 0.017336
0.045955 -0.12737 0.2859 -1.4347 0.42962 0.063959 -0.0039613 0.013052 -0.040346 0.067406 0.036863 0.0069023
0.053126 -0.17543 0.26826 -1.4405 0.41186 0.073431 0.0071716 -0.048063 -0.017642 -0.0058665 -0.017753 0.0094719
0.032124 -0.11025 0.24377 -1.4173 0.42875 0.058133 -0.021002 0.06518 -0.02449 0.023262 0.016891 -0.015298
0.029555 -0.17305 0.24582 -1.4311 0.43037 0.055146 -0.0025687 -0.062799 0.0020488 -0.013871 0.0016124 -0.0029879
0.023054 -0.1222 0.23804 -1.4302 0.43531 0.044629 -0.0065013 0.050855 -0.0077838 0.00090008 0.0049409 -0.010516
0.030461 -0.1217 0.23577 -1.4325 0.4341 0.0581 0.0074065 0.00050134 -0.0022648 -0.0022074 -0.0012101 0.013471
0.03858 -0.16057 0.22751 -1.4246 0.45357 0.080377 0.0081195 -0.038868 -0.0082605 0.0078779 0.019475 0.022276
0.036959 -0.1137 0.22502 -1.4116 0.44157 0.077514 -0.0016207 0.046866 -0.0024944 0.012971 -0.012001 -0.0028627
0.035491 -0.16339 0.22932 -1.4111 0.43536 0.084062 -0.0014682 -0.04969 0.0043063 0.00046711 -0.0062125 0.0065477
0.023706 -0.13055 0.25321 -1.4094 0.43641 0.073168 -0.011786 0.032839 0.023884 0.0017369 0.0010522 -0.010894
0.019516 -0.15499 0.25764 -1.4431 0.4276 0.071432 -0.0041893 -0.024437 0.0044345 -0.033672 -0.0088115 -0.0017355
0.016979 -0.17001 0.29386 -1.4361 0.42656 0.066615 -0.002537 -0.015026 0.03622 0.0069481 -0.0010338 -0.0048179
0.021963 -0.19123 0.30798 -1.4088 0.39764 0.056129 0.004984 -0.021216 0.014116 0.027376 -0.028923 -0.010486
0.020611 -0.19497 0.32579 -1.4011 0.40883 0.073268 -0.001352 -0.0037359 0.017813 0.0076949 0.011186 0.017139
0.021118 -0.15057 0.33318 -1.4145 0.39672 0.055279 0.00050683 0.044398 0.0073903 -0.013449 -0.012106 -0.017988
0.023628 -0.14965 0.3424 -1.4738 0.39726 0.069546 0.0025103 0.00091495 0.0092158 -0.059316 0.00054307 0.014266
0.028555 -0.12064 0.32625 -1.4309 0.41931 0.046395 0.0049262 0.029017 -0.01615 0.042876 0.022047 -0.023151
0.02563 -0.17298 0.37303 -1.4264 0.40627 0.056345 -0.0029246 -0.052345 0.046777 0.0045058 -0.013038 0.0099506
0.017995 -0.13722 0.42328 -1.6447 0.48228 0.08086 -0.0076352 0.03576 0.050258 -0.21826 0.07601 0.024515
0.012944 -0.2204 0.28675 -1.5479 0.40308 0.0071937 -0.0050506 -0.083179 -0.13654 0.096779 -0.079206 -0.073667
0.055535 -0.099186 0.31481 -1.088 0.3043 0.0054534 0.042591 0.12121 0.028059 0.45995 -0.098775 -0.0017403
-0.04255 0.031798 0.016437 0.11692 0.77313 0.18886 -0.098085 0.13098 -0.29837 1.2049 0.46883 0.1834
-0.17269 0.21523 0.16317 0.41852 1.1645 0.19614 -0.13014 0.18343 0.14673 0.30161 0.39133 0.0072835
-0.13329 0.23553 0.19109 0.26406 1.1612 0.1747 0.0394 0.0203 0.027919 -0.15446 -0.0032364 -0.021437
-0.16578 -0.10493 0.37201 -1.2795 0.95674 -0.20067 -0.032498 -0.34046 0.18092 -1.5436 -0.20449 -0.37537
0.25369 -0.22026 0.47434 -1.5834 -0.37458 -0.5112 0.41947 -0.11532 0.10233 -0.30388 -1.3313 -0.31053
0.12558 -0.32038 0.46362 -1.9784 -0.0014581 -0.34766 -0.12811 -0.10013 -0.010718 -0.39503 0.37313 0.16354
0.22807 -0.15456 0.41078 -1.4908 -0.23557 -0.25905 0.10249 0.16582 -0.052844 0.48765 -0.23411 0.08861
0.070526 -0.21065 0.3926 -1.5959 0.30781 -0.029866 -0.15754 -0.056087 -0.018176 -0.10511 0.54338 0.22918
0.070608 -0.23194 0.32289 -1.6591 0.32118 -0.045896 8.2059e-05 -0.021294 -0.069711 -0.06316 0.013376 -0.01603
0.11365 -0.3323 0.33894 -1.7087 0.16247 -0.089473 0.043042 -0.10036 0.016047 -0.04966 -0.15871 -0.043577
0.081614 -0.19206 0.31572 -1.6391 0.27123 -0.03909 -0.032036 0.14024 -0.023218 0.06965 0.10875 0.050383
0.055887 -0.24716 0.34169 -1.6436 0.29839 -0.034324 -0.025727 -0.0551 0.025969 -0.004527 0.027164 0.0047659
0.042314 -0.21997 0.34258 -1.6412 0.27465 -0.051836 -0.013572 0.027187 0.000896 0.0024353 -0.023738 -0.017512
0.038553 -0.29853 0.37121 -1.6796 0.29521 -0.046565 -0.003761 -0.078558 0.02863 -0.038479 0.020556 0.0052711
0.040046 -0.24837 0.35043 -1.6644 0.28847 -0.051438 0.0014929 0.050161 -0.020787 0.015186 -0.0067399 -0.0048732
0.043894 -0.26849 0.36222 -1.6785 0.31807 -0.047697 0.0038481 -0.02013 0.011797 -0.014099 0.0296 0.0037407
0.044396 -0.22977 0.35109 -1.6749 0.33342 -0.043939 0.00050232 0.038725 -0.01113 0.0036946 0.015352 0.0037585
0.046784 -0.29181 0.36122 -1.6686 0.33493 -0.046834 0.0023874 -0.062042 0.010125 0.006288 0.0015129 -0.0028951
0.048926 -0.25905 0.36407 -1.6872 0.355 -0.04143 0.0021424 0.032763 0.002849 -0.018635 0.020068 0.0054038
0.044576 -0.24324 0.33891 -1.6772 0.34814 -0.045588 -0.00435 0.015808 -0.025154 0.0099805 -0.0068621 -0.004158
0.042783 -0.26347 0.33349 -1.739 0.37016 -0.043226 -0.0017931 -0.020225 -0.0054221 -0.061823 0.02202 0.0023622
0.044597 -0.23926 0.31256 -1.7125 0.33176 -0.054035 0.0018138 0.024206 -0.020937 0.02658 -0.038404 -0.010809
0.046197 -0.27626 0.32164 -1.735 0.37616 -0.041906 0.0016 -0.037004 0.0090828 -0.022536 0.044401 0.012129
0.044406 -0.25104 0.32512 -1.7148 0.36464 -0.044412 -0.0017912 0.025226 0.0034835 0.020243 -0.011518 -0.0025064
0.041017 -0.21779 0.2959 -1.7194 0.37467 -0.044862 -0.0033893 0.03325 -0.029218 -0.0046587 0.010028 -0.00044986
0.035404 -0.27194 0.3033 -1.7354 0.37281 -0.044524 -0.0056129 -0.054151 0.0074001 -0.015978 -0.0018581 0.00033807
0.02791 -0.22777 0.27914 -1.751 0.35838 -0.042942 -0.0074934 0.044165 -0.024168 -0.01559 -0.014425 0.0015817
0.033732 -0.3044 0.32188 -1.7519 0.384 -0.037101 0.0058213 -0.076629 0.042742 -0.00095276 0.025618 0.0058414
0.037549 -0.24834 0.29149 -1.7335 0.36043 -0.025581 0.0038174 0.056066 -0.030386 0.018415 -0.023576 0.011519
0.041571 -0.23315 0.28162 -1.707 0.37876 -0.019758 0.0040223 0.015191 -0.0098703 0.026495 0.018332 0.0058233
0.042062 -0.25416 0.25987 -1.708 0.36813 -0.017621 0.00049106 -0.021015 -0.02175 -0.000973 -0.010629 0.002137
0.034239 -0.23955 0.25832 -1.7383 0.3755 -0.024602 -0.0078236 0.014607 -0.0015535 -0.030342 0.007371 -0.0069812
0.026084 -0.23486 0.28016 -1.7802 0.40514 -0.030637 -0.0081547 0.0046965 0.021839 -0.04188 0.029643 -0.0060354
0.028761 -0.24508 0.29813 -1.7938 0.36947 -0.032597 0.0026766 -0.010225 0.017976 -0.013631 -0.035671 -0.0019598
0.032806 -0.24047 0.29325 -1.7741 0.37597 -0.025347 0.0040454 0.0046168 -0.0048821 0.019754 0.0065009 0.0072503
0.038428 -0.24806 0.28594 -1.7916 0.32782 -0.015944 0.0056222 -0.007596 -0.0073116 -0.01748 -0.048154 0.0094028
0.034877 -0.27456 0.23244 -1.7463 0.35417 -0.028195 -0.0035512 -0.026502 -0.053496 0.045248 0.026356 -0.012251
0.037035 -0.22381 0.26439 -1.8467 0.37026 -0.036357 0.0021585 0.050755 0.03195 -0.10037 0.016087 -0.0081622
0.093356 -0.18161 0.46329 -1.8732 0.31587 -0.039238 0.056321 0.042195 0.1989 -0.026479 -0.05439 -0.0028812
0.099244 -0.30774 0.73035 -1.8714 0.31381 -0.025778 0.0058872 -0.12613 0.26705 0.001762 -0.0020654 0.01346
0.13607 -0.18274 0.88001 -1.9898 0.23749 0.0042114 0.03683 0.125 0.14967 -0.11839 -0.076316 0.02999
0.031908 -0.33051 0.70259 -1.8342 0.33804 -0.029567 -0.10417 -0.14777 -0.17743 0.15565 0.10055 -0.033778
0.022772 -0.24526 0.38987 -1.8836 0.32571 -0.035659 -0.0091356 0.085251 -0.31272 -0.049389 -0.012334 -0.0060923
-0.010512 -0.2367 0.11331 -1.7073 0.36741 -0.050091 -0.033284 0.0085619 -0.27657 0.1763 0.041706 -0.014431
0.023056 -0.28025 0.10025 -1.5126 0.28377 -0.023175 0.033568 -0.043555 -0.013059 0.19462 -0.083649 0.026916
0.052198 -0.18624 0.14166 -1.5002 0.2348 0.020801 0.029141 0.094018 0.041411 0.012462 -0.048966 0.043976
0.055121 -0.25843 0.22097 -1.4851 0.1258 -0.0056036 0.0029237 -0.072191 0.079312 0.015074 -0.109 -0.026404
-0.020282 -0.2476 0.20982 -1.5659 0.39783 0.0047924 -0.075403 0.010829 -0.011153 -0.0808 0.27203 0.010396
-0.069058 -0.23825 0.21875 -1.4405 0.69572 0.13257 -0.048777 0.0093462 0.0089344 0.12539 0.29789 0.12778
-0.19241 -0.18084 0.26213 -1.1681 1.1705 0.18333 -0.12335 0.057409 0.043378 0.27238 0.47482 0.050758
-0.15837 -0.11819 0.32241 -0.84616 1.2323 0.37465 0.034043 0.062653 0.060277 0.32196 0.061809 0.19132
-0.10079 -0.12298 0.42695 -0.90299 0.91722 0.21927 0.057578 -0.0047874 0.10454 -0.056838 -0.31513 -0.15538
-0.039127 -0.14145 0.44951 -0.88091 0.70723 0.21881 0.061665 -0.018471 0.022562 0.022089 -0.20999 -0.00046331
-0.001167 -0.11524 0.47905 -1.0637 0.52421 0.12908 0.03796 0.026208 0.029536 -0.18276 -0.18303 -0.089731
-0.024787 -0.1461 0.46158 -1.0067 0.6152 0.1509 -0.023621 -0.030865 -0.017464 0.056996 0.090988 0.021821
-0.031615 -0.11423 0.44739 -1.0234 0.64599 0.16689 -0.0068273 0.031879 -0.01419 -0.016781 0.030789 0.015991
-0.018836 -0.17693 0.44422 -1.0412 0.60251 0.15198 0.012779 -0.062707 -0.0031703 -0.017795 -0.043475 -0.014903
-0.019912 -0.13979 0.41216 -1.0808 0.60869 0.13285 -0.0010763 0.03714 -0.032065 -0.039527 0.0061757 -0.019135
-0.014194 -0.14938 0.38183 -1.0747 0.62558 0.14961 0.005718 -0.0095853 -0.030328 0.0060655 0.016894 0.016765
-0.013185 -0.1259 0.40598 -1.1109 0.63385 0.14581 0.001009 0.02348 0.02415 -0.036158 0.0082658 -0.0038088
-0.013181 -0.14546 0.41614 -1.1402 0.62882 0.14902 4.4288e-06 -0.019566 0.010156 -0.029322 -0.0050273 0.0032184
-0.013323 -0.16776 0.48955 -1.197 0.60934 0.14451 -0.00014208 -0.022295 0.073411 -0.05678 -0.019483 -0.0045187
-0.0097413 -0.15259 0.47506 -1.2304 0.58778 0.15229 0.0035815 0.015167 -0.014491 -0.033475 -0.021553 0.0077811
-0.011424 -0.17985 0.47615 -1.2204 0.59271 0.15194 -0.0016822 -0.027259 0.0010893 0.010016 0.0049256 -0.00035125
-0.013281 -0.14883 0.41959 -1.2321 0.59917 0.15542 -0.0018574 0.031022 -0.056557 -0.011658 0.0064643 0.0034825
-0.015062 -0.12319 0.39279 -1.2515 0.60226 0.14432 -0.001781 0.025644 -0.026798 -0.01941 0.0030838 -0.011099
-0.016235 -0.16256 0.38555 -1.2795 0.60674 0.13987 -0.001173 -0.039377 -0.0072425 -0.028012 0.0044857 -0.004445
-0.0032494 -0.12194 0.37586 -1.3696 0.57172 0.1409 0.012986 0.040623 -0.0096857 -0.090058 -0.035022 0.0010234
0.0042688 -0.16363 0.37239 -1.4164 0.56151 0.1372 0.0075182 -0.041691 -0.0034722 -0.046874 -0.010209 -0.0037009
0.0114 -0.16064 0.35278 -1.483 0.52032 0.13419 0.0071308 0.0029884 -0.019609 -0.066541 -0.041191 -0.0030026
0.0084591 -0.19395 0.34767 -1.5012 0.52289 0.1336 -0.0029405 -0.033308 -0.0051155 -0.018185 0.0025711 -0.00059778
0.0034527 -0.19907 0.3583 -1.4749 0.50632 0.13012 -0.0050064 -0.0051196 0.010629 0.026266 -0.016574 -0.0034722
0.0020319 -0.22476 0.38452 -1.482 0.50611 0.13417 -0.0014208 -0.025689 0.026226 -0.0071182 -0.00020669 0.0040504
0.00052553 -0.21563 0.40346 -1.4709 0.50346 0.12907 -0.0015064 0.0091318 0.018937 0.011134 -0.0026523 -0.0051072
-0.00036517 -0.2005 0.40105 -1.4845 0.49898 0.12757 -0.0008907 0.015132 -0.0024076 -0.013612 -0.0044738 -0.001499
0.0021555 -0.23187 0.40967 -1.4943 0.51344 0.12565 0.0025206 -0.031371 0.0086144 -0.0097905 0.014452 -0.0019152
0.0034382 -0.19876 0.38373 -1.5109 0.5001 0.1182 0.0012828 0.033109 -0.025936 -0.016596 -0.013333 -0.0074526
-0.0034785 -0.23606 0.38392 -1.5292 0.51302 0.11659 -0.0069167 -0.037306 0.00019115 -0.018312 0.012917 -0.0016117
-0.01189 -0.22726 0.38366 -1.536 0.52382 0.10982 -0.008412 0.0088049 -0.00026187 -0.0067657 0.0108 -0.0067716
-0.022744 -0.19557 0.31454 -1.5599 0.53277 0.10405 -0.010854 0.03169 -0.069121 -0.023971 0.0089487 -0.0057636
-0.023192 -0.17334 0.33043 -1.5528 0.57652 0.10583 -0.00044813 0.02223 0.015895 0.0071092 0.043753 0.001773
-0.0055232 -0.26351 0.27782 -1.6509 0.52819 0.099642 0.017669 -0.090172 -0.052613 -0.098119 -0.048335 -0.0061843
0.0015349 -0.25388 0.34887 -1.7195 0.53731 0.10483 0.0070581 0.0096355 0.071045 -0.068521 0.0091188 0.0051887
0.01064 -0.32363 0.34935 -1.7598 0.52747 0.11618 0.0091056 -0.069758 0.00048108 -0.040388 -0.0098326 0.011348
0.023583 -0.29343 0.30104 -1.7003 0.51259 0.12797 0.012942 0.030204 -0.048311 0.059525 -0.014888 0.011792
0.011333 -0.45115 0.44299 -1.746 0.51368 0.123 -0.01225 -0.15772 0.14196 -0.04572 0.0010999 -0.0049737
0.0041895 -0.64894 0.47294 -1.7706 0.4887 0.12795 -0.0071439 -0.1978 0.029948 -0.024562 -0.024983 0.0049571
0.038744 -0.48316 0.66914 -1.411 0.40292 0.10548 0.034554 0.16579 0.19619 0.35955 -0.08578 -0.022469
0.06549 -0.10749 0.5105 -0.49004 0.31904 0.022214 0.026747 0.37566 -0.15864 0.92101 -0.083883 -0.083271
0.19868 0.66395 0.31452 1.2084 0.11484 -0.072193 0.13319 0.77144 -0.19598 1.6985 -0.2042 -0.094407
0.22134 0.9054 0.33971 1.7057 0.0068275 -0.19384 0.022661 0.24145 0.025191 0.49726 -0.10801 -0.12164
0.23531 0.80417 0.38098 1.3789 0.045621 -0.17787 0.013963 -0.10123 0.04127 -0.3268 0.038793 0.015969
0.16374 0.32054 0.62469 -0.35354 0.16591 -0.09405 -0.071568 -0.48363 0.2437 -1.7325 0.12029 0.083816
0.088981 -0.072299 0.61783 -1.4952 0.31748 -0.0273 -0.074758 -0.39284 -0.0068624 -1.1416 0.15156 0.06675
0.082547 -0.32806 0.58796 -1.8452 0.32154 0.026691 -0.006434 -0.25576 -0.029869 -0.35003 0.0040584 0.053992
0.11347 -0.20417 0.63119 -1.5778 0.26554 0.011181 0.030928 0.12389 0.043229 0.2674 -0.055992 -0.015511
0.14907 -0.29615 0.5766 -1.3961 0.18314 0.0092328 0.035598 -0.091972 -0.054585 0.18174 -0.082401 -0.001948
0.16689 -0.1283 0.63908 -1.3997 0.16891 0.023344 0.017814 0.16784 0.062483 -0.00365 -0.014238 0.014112
0.13418 -0.1911 0.55219 -1.4153 0.1307 -0.0062321 -0.032709 -0.062794 -0.08689 -0.015629 -0.038205 -0.029577
0.12556 -0.28394 0.69221 -1.4459 0.15177 0.0088594 -0.0086217 -0.09284 0.14001 -0.030525 0.02107 0.015092
0.12152 -0.33679 0.66046 -1.3906 0.1442 0.0090269 -0.0040341 -0.052847 -0.031746 0.055294 -0.007569 0.0001675
0.11147 -0.41239 0.71733 -1.5651 0.16697 0.024069 -0.010055 -0.075601 0.056875 -0.17457 0.022773 0.015042
0.10416 -0.42976 0.68669 -1.6191 0.16991 0.030479 -0.0073081 -0.017373 -0.030642 -0.053979 0.0029393 0.0064103
0.073651 -0.32629 0.7577 -1.6769 0.19683 0.01719 -0.030509 0.10347 0.071008 -0.057789 0.026921 -0.013289
0.08215 -0.44916 0.88781 -1.7327 0.20403 0.029626 0.0084996 -0.12287 0.13011 -0.055756 0.0071938 0.012436
0.091809 -0.43788 0.96289 -1.7738 0.21337 0.044581 0.0096582 0.011288 0.075079 -0.041126 0.0093394 0.014956
0.10382 -0.48878 1.0005 -1.8085 0.20511 0.057594 0.012007 -0.050905 0.037636 -0.034735 -0.0082624 0.013012
0.10953 -0.44905 0.99652 -1.8204 0.17821 0.061773 0.0057118 0.039733 -0.0040001 -0.011862 -0.026897 0.0041788
0.10476 -0.36995 1.0043 -1.808 0.18104 0.055634 -0.0047694 0.079102 0.0077401 0.012414 0.0028339 -0.0061392
0.10699 -0.44207 1.0066 -1.8075 0.17848 0.047288 0.0022351 -0.072118 0.0023761 0.00044147 -0.002564 -0.0083458
0.11343 -0.40079 1.0147 -1.801 0.15237 0.045794 0.0064405 0.041273 0.0080276 0.0065718 -0.02611 -0.0014943
0.12051 -0.47025 1.0083 -1.8204 0.1274 0.036922 0.0070714 -0.069453 -0.0063459 -0.019454 -0.02497 -0.0088716
0.11699 -0.41484 1.0038 -1.7982 0.10907 0.039199 -0.0035172 0.055401 -0.0045459 0.022231 -0.018329 0.0022769
0.12636 -0.4113 0.99643 -1.7997 0.10358 0.033523 0.0093765 0.0035453 -0.0073428 -0.0015606 -0.0054903 -0.0056758
0.12108 -0.43053 1.0051 -1.8169 0.12367 0.035551 -0.0052875 -0.019232 0.0086188 -0.017116 0.020089 0.0020278
0.14134 -0.38287 1.0278 -1.7917 0.1059 0.033251 0.020263 0.047665 0.022736 0.025194 -0.017765 -0.0022994
0.13929 -0.45033 1.0046 -1.7954 0.086947 0.028407 -0.0020466 -0.067468 -0.023161 -0.0037371 -0.018956 -0.004844
0.13211 -0.38001 0.94757 -1.8155 0.081148 0.020183 -0.0071816 0.070328 -0.05706 -0.020098 -0.0057983 -0.0082249
0.15446 -0.45163 1.029 -1.8423 0.074882 0.02854 0.022343 -0.071624 0.081442 -0.026844 -0.0062662 0.0083576
0.16853 -0.35435 1.0776 -1.8617 0.083152 0.026265 0.014072 0.09728 0.048598 -0.019311 0.0082694 -0.0022748
0.20154 -0.47875 1.4718 -1.9548 0.099285 0.061041 0.033016 -0.1244 0.39422 -0.093117 0.016133 0.034776
0.21043 -0.59755 1.5108 -1.8089 0.083646 0.05664 0.0088843 -0.1188 0.038934 0.14583 -0.015639 -0.0044007
0.17535 -0.58272 1.6379 -1.8993 0.10142 0.072932 -0.035074 0.014834 0.12718 -0.090318 0.017772 0.016292
0.19963 -0.72451 1.6367 -2.2973 0.035113 0.083078 0.024275 -0.14179 -0.0012502 -0.39804 -0.066305 0.010146
0.17287 -0.41496 1.3009 -1.7407 0.056786 0.077499 -0.026755 0.30955 -0.33576 0.55661 0.021673 -0.0055789
0.18711 -0.44798 1.3897 -1.4227 0.096571 0.066672 0.014237 -0.033019 0.088764 0.31803 0.039785 -0.010827
0.17093 -0.073055 0.81703 0.6308 0.28411 0.048851 -0.016177 0.37493 -0.57265 2.0535 0.18754 -0.017822
0.14876 0.42852 0.6752 2.2778 0.35997 -0.063882 -0.022176 0.50157 -0.14183 1.647 0.075862 -0.11273
0.15112 0.82584 0.24916 3.2512 0.4024 -0.16472 0.0023611 0.39732 -0.42604 0.97334 0.042423 -0.10084
0.15825 1.0888 0.30796 2.8826 0.22733 -0.24357 0.0071359 0.26293 0.058793 -0.36854 -0.17506 -0.078856
0.16113 0.68628 0.40582 1.5148 0.16531 -0.27652 0.0028801 -0.40248 0.097863 -1.3678 -0.062028 -0.032947
0.20141 0.18521 0.91708 -0.53873 0.10009 -0.1049 0.040275 -0.50107 0.51126 -2.0535 -0.065214 0.17162
0.18895 -0.15628 0.86283 -0.789 0.12447 -0.084653 -0.012456 -0.3415 -0.05425 -0.25027 0.02438 0.020247
0.20668 -0.22859 1.017 -1.2786 0.12762 -0.0020647 0.017723 -0.072305 0.15415 -0.48956 0.0031485 0.082588
0.18954 -0.18964 0.83304 -0.77544 0.096427 -0.048962 -0.017141 0.038949 -0.18395 0.50312 -0.031193 -0.046897
0.19214 -0.17747 0.89647 -0.81552 0.09251 -0.063899 0.0026016 0.012167 0.063432 -0.040078 -0.0039171 -0.014937
0.1965 -0.24777 0.99395 -1.0548 0.085996 -0.047497 0.0043599 -0.070294 0.097484 -0.23924 -0.0065145 0.016402
0.20293 -0.18806 0.96484 -1.0371 0.086948 -0.044039 0.0064374 0.059705 -0.029112 0.017642 0.00095276 0.0034577
0.19954 -0.18162 0.98201 -1.087 0.10674 -0.027479 -0.0033937 0.0064409 0.017169 -0.049859 0.019795 0.01656
0.2043 -0.20229 0.97279 -1.17 0.10899 -0.01626 0.0047547 -0.020671 -0.0092153 -0.083052 0.0022438 0.011218
0.19247 -0.25635 1.0034 -1.2079 0.12283 -0.017699 -0.011822 -0.054055 0.030626 -0.037875 0.013838 -0.0014387
0.20328 -0.29754 1.1274 -1.2416 0.085914 -0.012317 0.010802 -0.041193 0.12402 -0.033728 -0.036911 0.0053822
0.20581 -0.18674 0.96223 -1.2113 0.10581 -0.046278 0.0025384 0.1108 -0.16521 0.030346 0.019894 -0.033961
0.17608 -0.19539 0.83085 -1.2775 0.15331 -0.066132 -0.029734 -0.0086477 -0.13138 -0.066265 0.047497 -0.019854
0.32547 -0.42697 1.4896 -1.2889 0.073362 0.059069 0.14939 -0.23159 0.65878 -0.011385 -0.079943 0.1252
0.43235 -0.19146 1.1751 -0.99547 -0.22995 0.027023 0.10688 0.23552 -0.31454 0.29346 -0.30331 -0.032045
0.7765 -0.56666 2.5573 -0.75373 -0.64118 0.21713 0.34415 -0.37521 1.3822 0.24174 -0.41123 0.19011
0.8029 -0.029659 1.5794 -0.407 -0.90498 -0.012727 0.026402 0.53701 -0.97796 0.34673 -0.2638 -0.22986
0.79657 -0.3973 2.038 -0.65427 -0.84869 -0.0021493 -0.0063243 -0.36764 0.45864 -0.24727 0.056286 0.010577
0.55504 -0.27151 1.2887 -1.0245 -0.52585 -0.12623 -0.24153 0.1258 -0.7493 -0.37021 0.32284 -0.12408
0.38454 -0.35941 0.83267 -1.3721 -0.32891 -0.085614 -0.1705 -0.087909 -0.45603 -0.34767 0.19694 0.040619
0.29531 -0.41053 0.50441 -1.6721 -0.11289 -0.0071429 -0.089233 -0.051118 -0.32826 -0.3 0.21602 0.078471
0.24049 -0.33937 0.090257 -1.7641 -0.13358 0.018542 -0.054817 0.07116 -0.41415 -0.091911 -0.020692 0.025685
0.24531 -0.40665 0.07252 -1.823 -0.15657 0.064213 0.004821 -0.06728 -0.017737 -0.058911 -0.022993 0.045671
0.22604 -0.39598 0.16322 -1.8753 -0.15935 0.083995 -0.019272 0.01067 0.090705 -0.052328 -0.0027777 0.019782
0.23912 -0.39326 0.12029 -1.8303 -0.21505 0.091105 0.01308 0.0027223 -0.042931 0.045035 -0.055696 0.0071094
0.25395 -0.43352 0.21848 -1.8404 -0.15544 0.092571 0.014827 -0.040255 0.098187 -0.010169 0.059609 0.0014667
0.27326 -0.54069 0.28873 -1.8547 -0.13093 0.087404 0.019317 -0.10718 0.070252 -0.014252 0.024504 -0.0051674
