0.00012811 0.001137 0.0001905 -0.001705 1.3452e-05 -9.7115e-05 0 0 0 0 0 0
0.00084401 0.015257 0.011356 -0.0054673 0.00080393 -0.0026909 0.0007159 0.01412 0.011166 -0.0037623 0.00079048 -0.0025938
-0.00029233 0.064532 0.004602 0.015927 -0.0010514 0.0041522 -0.0011363 0.049275 -0.006754 0.021394 -0.0018553 0.0068431
-0.0014717 0.11461 0.013385 -0.008779 -0.00048546 0.0062248 -0.0011793 0.050078 0.0087827 -0.024706 0.00056591 0.0020726
-0.0028666 0.15296 0.010946 -0.016064 -0.0040534 0.016468 -0.001395 0.038345 -0.0024391 -0.0072854 -0.003568 0.010243
-0.0044771 0.14253 0.03079 -0.10169 -0.00038272 0.014499 -0.0016104 -0.010425 0.019845 -0.085626 0.0036707 -0.0019692
-0.0012065 0.13039 0.047313 -0.088293 -0.0013584 0.0062474 0.0032706 -0.012143 0.016523 0.013398 -0.00097565 -0.0082513
0.00016969 0.13784 0.048798 -0.060889 0.001479 0.0002701 0.0013762 0.0074526 0.0014848 0.027404 0.0028374 -0.0059773
-0.00024081 0.17734 0.013657 -0.021385 -5.7502e-05 -0.0021226 -0.0004105 0.039499 -0.035141 0.039504 -0.0015365 -0.0023927
-0.0018779 0.20394 -0.017205 -0.010621 -0.003245 0.001924 -0.0016371 0.026599 -0.030862 0.010764 -0.0031875 0.0040467
0.0045796 0.16835 0.040968 0.030507 0.0040109 0.010898 0.0064575 -0.035584 0.058173 0.041128 0.0072559 0.0089736
0.00057069 0.17592 0.059384 -0.0013775 0.0044749 0.0091861 -0.0040089 0.0075626 0.018416 -0.031885 0.00046396 -0.0017115
0.00025674 0.15548 -0.068513 -0.064816 -0.025406 0.002662 -0.00031396 -0.020436 -0.1279 -0.063439 -0.02988 -0.0065241
-0.017293 0.19519 -0.098866 -0.16564 -0.034983 0.0040051 -0.01755 0.03971 -0.030353 -0.10083 -0.0095777 0.0013431
-0.027192 0.18242 -0.33473 -0.35266 -0.087185 -0.0086173 -0.0098987 -0.012774 -0.23586 -0.18702 -0.052202 -0.012622
-0.027862 0.14981 -0.079825 -0.26814 -0.053472 -0.0033076 -0.0006702 -0.032608 0.2549 0.084516 0.033712 0.0053097
-0.021941 0.1365 -0.080847 -0.33677 -0.04102 0.0079594 0.0059209 -0.013308 -0.0010216 -0.068629 0.012452 0.011267
-0.010666 0.1539 0.041787 -0.24965 -0.0045936 0.014774 0.011275 0.017403 0.12263 0.087124 0.036426 0.0068141
-0.0065653 0.15816 0.024348 -0.30421 0.012571 0.038974 0.004101 0.0042589 -0.017438 -0.054566 0.017164 0.0242
-0.0010764 0.16927 -0.040959 -0.2691 -0.010355 0.02597 0.0054889 0.011106 -0.065308 0.035111 -0.022926 -0.013004
-0.0061856 0.13743 -0.010313 -0.23847 -0.023001 0.01238 -0.0051092 -0.031841 0.030647 0.030634 -0.012646 -0.013589
0.0013948 0.15522 -0.021345 -0.17295 -0.041663 0.003782 0.0075804 0.017797 -0.011032 0.065516 -0.018662 -0.0085985
-0.0011156 0.16887 -0.036433 -0.16764 -0.040562 -0.00037176 -0.0025103 0.013643 -0.015088 0.0053096 0.0011013 -0.0041538
0.0062313 0.2032 -0.036675 -0.137 -0.032966 0.010803 0.0073468 0.034338 -0.000242 0.030638 0.0075959 0.011175
0.0082333 0.18689 -0.037031 -0.13977 -0.026504 0.010669 0.0020021 -0.016315 -0.00035505 -0.0027639 0.0064622 -0.00013477
0.011601 0.16992 -0.02176 -0.13651 -0.020806 0.0073275 0.0033678 -0.016964 0.015271 0.0032601 0.0056976 -0.0033411
0.017882 0.15139 0.0078188 -0.17646 -0.023726 -0.0022541 0.006281 -0.018535 0.029578 -0.039954 -0.00292 -0.0095816
0.011716 0.16479 0.007818 -0.18621 -0.0068317 0.0055536 -0.0061665 0.013401 -8.3268e-07 -0.0097439 0.016895 0.0078076
0.0079377 0.1988 -0.022688 -0.17442 -0.01731 0.0022618 -0.003778 0.034006 -0.030506 0.011789 -0.010478 -0.0032918
-0.0054481 0.19172 -0.043921 -0.17306 0.0001725 0.013244 -0.013386 -0.0070728 -0.021233 0.0013587 0.017483 0.010983
-0.00075607 0.1726 -0.068776 -0.16213 -0.0077267 0.012383 0.004692 -0.019123 -0.024855 0.010933 -0.0078992 -0.00086141
0.00039354 0.13496 -0.032316 -0.20713 -0.0072444 0.0091435 0.0011496 -0.037641 0.03646 -0.045008 0.00048235 -0.0032395
0.0044061 0.15054 -0.04275 -0.20944 0.00047215 0.011064 0.0040125 0.015582 -0.010434 -0.0023065 0.0077165 0.0019209
-0.0015238 0.17199 -0.061307 -0.18573 0.0037197 0.016907 -0.0059299 0.021444 -0.018558 0.023709 0.0032475 0.0058426
-0.0013387 0.18217 -0.077033 -0.16408 0.0028729 0.015347 0.00018509 0.010185 -0.015725 0.021646 -0.0008468 -0.0015601
-0.0013448 0.15606 -0.092355 -0.13836 0.0069292 0.021932 -6.0589e-06 -0.02611 -0.015322 0.025728 0.0040563 0.006585
0.0019361 0.10006 -0.0011192 -0.11541 -0.025779 0.013878 0.0032809 -0.056 0.091236 0.022949 -0.032708 -0.0080543
0.0026716 0.082779 0.057103 -0.072907 -0.010787 0.014941 0.00073549 -0.017281 0.058222 0.0425 0.014992 0.0010634
0.0094369 0.10885 0.18477 -0.059664 0.0091301 0.015065 0.0067654 0.026069 0.12767 0.013244 0.019917 0.00012361
0.017317 0.13826 0.24932 -0.019405 0.027207 0.006134 0.0078804 0.029407 0.064545 0.040259 0.018077 -0.0089305
0.026988 0.21429 0.22455 -0.035837 0.062824 0.0056938 0.0096702 0.076036 -0.024774 -0.016432 0.035617 -0.00044015
0.015836 0.1861 0.1993 -0.04172 0.039554 0.010929 -0.011152 -0.028189 -0.025244 -0.0058828 -0.02327 0.0052349
0.0084472 0.21279 0.080992 -0.042566 0.054456 0.023138 -0.0073888 0.026686 -0.11831 -0.00084579 0.014902 0.012209
-0.0027898 0.16166 0.084821 -0.13623 0.058819 0.035804 -0.011237 -0.051126 0.003829 -0.093662 0.0043624 0.012666
-0.0029093 0.15869 0.057899 -0.15797 0.073839 0.037568 -0.00011944 -0.0029708 -0.026923 -0.021738 0.01502 0.0017635
-0.00060167 0.14431 0.050997 -0.18405 0.060947 0.03449 0.0023076 -0.014383 -0.0069014 -0.026088 -0.012892 -0.0030775
-0.0011212 0.14607 0.050653 -0.19668 0.062871 0.039129 -0.00051949 0.0017608 -0.00034425 -0.012628 0.0019247 0.0046394
-0.0037861 0.14458 0.0099542 -0.13644 0.028778 0.040358 -0.002665 -0.0014876 -0.040699 0.060244 -0.034093 0.0012287
-0.0061981 0.14692 0.025308 -0.18035 0.041418 0.041383 -0.002412 0.0023369 0.015354 -0.043917 0.01264 0.0010251
-0.0082982 0.14067 0.042061 -0.14 0.042178 0.040149 -0.0021001 -0.0062445 0.016753 0.040357 0.00076018 -0.0012339
-0.0093636 0.1228 0.066295 -0.17293 0.04459 0.038795 -0.0010653 -0.017871 0.024234 -0.032929 0.0024121 -0.0013545
-0.0076028 0.1422 0.10786 -0.17672 0.070586 0.048889 0.0017608 0.019398 0.041563 -0.0037953 0.025995 0.010095
-0.008949 0.10532 0.13824 -0.21337 0.068156 0.053285 -0.0013462 -0.036878 0.03038 -0.036653 -0.0024299 0.0043957
-0.0090734 0.15455 0.12592 -0.2138 0.079732 0.059557 -0.00012434 0.04923 -0.012318 -0.00042486 0.011576 0.0062718
-0.0065705 0.12165 0.14888 -0.21657 0.079338 0.054528 0.0025029 -0.032906 0.022957 -0.0027662 -0.0003933 -0.0050289
-0.009838 0.13127 0.1199 -0.21155 0.074989 0.055728 -0.0032675 0.009622 -0.028972 0.0050111 -0.0043494 0.0012001
-0.0049412 0.11989 0.15472 -0.23345 0.07507 0.053737 0.0048968 -0.011377 0.034812 -0.021897 8.1572e-05 -0.0019911
0.0034951 0.097238 0.24619 -0.21192 0.039949 0.037918 0.0084363 -0.022654 0.09147 0.021533 -0.035121 -0.015819
0.014312 0.14281 0.14018 -0.2234 0.0054847 0.027285 0.010817 0.04557 -0.10601 -0.01148 -0.034464 -0.010633
0.029149 0.15559 -0.017379 -0.36396 -0.079731 -0.012574 0.014836 0.012778 -0.15755 -0.14056 -0.085216 -0.039859
0.025525 0.13073 -0.24643 -0.48174 -0.089669 -0.022406 -0.0036232 -0.024858 -0.22905 -0.11778 -0.0099381 -0.0098315
0.018078 0.12191 -0.37633 -0.74435 -0.11288 -0.037022 -0.0074475 -0.0088143 -0.1299 -0.26262 -0.023208 -0.014616
0.016659 0.037108 -0.14468 -0.64151 -0.061923 -0.028681 -0.0014185 -0.084805 0.23165 0.10285 0.050954 0.0083407
0.007626 0.098583 -0.096707 -0.59912 -0.040139 -0.014644 -0.0090334 0.061475 0.047978 0.04239 0.021784 0.014037
0.020217 0.11287 0.04089 -0.44084 -0.027757 -0.0081589 0.012591 0.01429 0.1376 0.15828 0.012382 0.0064852
0.01466 0.1489 -0.038425 -0.33661 -0.03001 -0.0011937 -0.0055575 0.03603 -0.079315 0.10422 -0.0022534 0.0069652
0.022658 0.163 -0.029576 -0.34807 -0.02784 -0.0045812 0.007998 0.0141 0.0088493 -0.011455 0.0021697 -0.0033875
0.020362 0.13286 0.0030642 -0.28481 -0.024771 0.0093183 -0.002296 -0.030143 0.03264 0.063261 0.0030691 0.0139
0.013026 0.18179 0.0035037 -0.33827 -0.0090926 -0.00073752 -0.0073356 0.04893 0.00043954 -0.05347 0.015679 -0.010056
0.010623 0.15326 0.0031448 -0.36477 -0.020652 0.011216 -0.0024034 -0.028528 -0.00035892 -0.026495 -0.011559 0.011954
0.0090792 0.15295 -0.012748 -0.40318 -0.013529 0.0020976 -0.0015436 -0.0003157 -0.015893 -0.038409 0.0071226 -0.0091189
0.0098767 0.12394 0.021542 -0.39969 -0.022712 0.0018781 0.00079755 -0.029012 0.03429 0.0034848 -0.0091832 -0.00021945
0.013856 0.12965 0.0057199 -0.39614 -0.0038278 0.015856 0.0039794 0.0057099 -0.015822 0.0035595 0.018884 0.013978
0.0006486 0.16646 -0.0089192 -0.37435 -0.0097835 -0.001115 -0.013208 0.036815 -0.014639 0.021785 -0.0059557 -0.016971
0.0057545 0.14381 -0.028744 -0.39356 -0.008597 0.0038159 0.0051059 -0.022649 -0.019824 -0.019211 0.0011865 0.0049309
0.0051709 0.14515 -0.022186 -0.37746 -0.00017829 0.0080033 -0.00058359 0.0013421 0.0065573 0.016104 0.0084187 0.0041874
0.0058698 0.10303 0.017023 -0.38793 -0.00080178 0.0050518 0.00069896 -0.042119 0.039209 -0.010478 -0.00062349 -0.0029515
0.0073519 0.14808 -0.011521 -0.3583 0.014567 0.02771 0.0014821 0.045045 -0.028543 0.02963 0.015369 0.022659
-0.0030723 0.14286 -0.012403 -0.36698 0.00030579 0.0025139 -0.010424 -0.0052161 -0.00088201 -0.0086762 -0.014261 -0.025197
0.0034627 0.14046 -0.019769 -0.39789 0.0045992 0.009492 0.006535 -0.0024023 -0.0073665 -0.030906 0.0042934 0.0069782
-0.0038492 0.13014 -0.0041784 -0.37354 0.012541 0.0052612 -0.007312 -0.01032 0.015591 0.024345 0.0079421 -0.0042308
-0.0038424 0.1055 0.042319 -0.39433 0.034264 0.020496 6.8003e-06 -0.024643 0.046497 -0.020792 0.021723 0.015235
-0.015563 0.16556 -0.014606 -0.26588 0.039391 0.028856 -0.011721 0.060066 -0.056925 0.12846 0.0051268 0.0083601
-0.013921 0.15709 0.0023612 -0.26924 0.0546 0.034424 0.0016422 -0.0084759 0.016967 -0.0033579 0.015209 0.0055686
-0.011016 0.17371 -0.00025866 -0.21505 0.064932 0.022543 0.0029048 0.016619 -0.0026198 0.054185 0.010332 -0.011882
0.0031045 0.15355 0.056434 -0.25781 0.049161 0.018508 0.014121 -0.020161 0.056692 -0.042761 -0.015771 -0.0040349
0.019964 0.16018 0.096101 -0.25996 0.034013 0.0094003 0.016859 0.0066353 0.039667 -0.0021529 -0.015148 -0.0091075
0.035151 0.1744 0.095875 -0.26482 -0.03117 0.0079251 0.015187 0.014221 -0.00022519 -0.0048585 -0.065183 -0.0014752
0.042244 0.1689 0.091635 -0.25816 -0.042603 0.011475 0.0070933 -0.0054968 -0.0042401 0.006664 -0.011433 0.00355
0.048915 0.16482 0.106 -0.25692 -0.053947 0.00071674 0.0066709 -0.0040801 0.014364 0.0012377 -0.011344 -0.010758
0.04266 0.14633 0.10519 -0.26582 -0.04358 0.0064586 -0.0062549 -0.018491 -0.00080562 -0.0088973 0.010367 0.0057418
0.043743 0.18707 0.091413 -0.25744 -0.032566 0.0025174 0.0010829 0.040739 -0.013781 0.0083797 0.011014 -0.0039412
0.034418 0.16934 0.084952 -0.24621 -0.035852 0.0093231 -0.0093252 -0.017737 -0.0064606 0.011233 -0.003286 0.0068057
0.039973 0.18779 0.064207 -0.2551 -0.04529 0.00058718 0.0055555 0.01845 -0.020745 -0.008891 -0.0094376 -0.0087359
0.048593 0.1403 0.11528 -0.27488 -0.031449 -0.0016067 0.0086199 -0.047483 0.051073 -0.019782 0.013841 -0.0021939
0.057323 0.15286 0.093262 -0.34999 -0.023565 -0.0082953 0.0087303 0.012562 -0.022017 -0.075116 0.0078837 -0.0066886
0.065405 0.14289 0.13246 -0.42215 0.038172 0.015651 0.0080819 -0.0099702 0.039194 -0.07216 0.061737 0.023946
0.054058 0.1137 0.10893 -0.42775 0.050764 0.013474 -0.011348 -0.029191 -0.023528 -0.0055986 0.012592 -0.0021768
0.056821 0.10763 0.1495 -0.4722 0.061533 0.029246 0.0027639 -0.0060749 0.040576 -0.044446 0.010769 0.015772
0.038527 0.063492 0.14508 -0.37064 0.036107 0.0075301 -0.018294 -0.044135 -0.004425 0.10156 -0.025426 -0.021716
0.033881 0.11575 0.10155 -0.33894 0.023832 0.0040957 -0.0046466 0.052254 -0.043525 0.031708 -0.012275 -0.0034344
0.039062 0.12051 0.10567 -0.30725 -0.0080565 -0.0112 0.0051814 0.0047664 0.0041184 0.031689 -0.031889 -0.015295
0.036977 0.14021 0.0922 -0.31779 0.0078539 -0.0065671 -0.0020856 0.019698 -0.013473 -0.010541 0.01591 0.0046324
0.059897 0.12077 0.13187 -0.40085 -0.024492 -0.0089776 0.022921 -0.019441 0.039673 -0.083058 -0.032346 -0.0024105
0.042376 0.082981 0.15751 -0.47191 0.0080115 0.0083192 -0.017521 -0.037789 0.025637 -0.071064 0.032504 0.017297
0.049329 0.057997 0.23521 -0.47355 0.0099554 0.0076572 0.0069526 -0.024984 0.077697 -0.0016423 0.0019438 -0.00066204
0.043171 0.033698 0.42684 -0.5526 0.019506 0.012649 -0.0061577 -0.024299 0.19164 -0.079045 0.009551 0.0049914
0.043886 0.059051 0.53934 -0.50485 0.024742 0.0081896 0.00071431 0.025353 0.1125 0.047743 0.0052361 -0.004459
0.029472 0.052149 0.57606 -0.52489 0.054437 0.0034205 -0.014413 -0.0069015 0.036721 -0.020034 0.029695 -0.004769
0.025953 0.031326 0.54689 -0.50598 -0.030458 0.023384 -0.0035194 -0.020824 -0.029173 0.018909 -0.084895 0.019964
-0.0013711 0.0034368 0.74816 -0.44567 0.0080109 0.025551 -0.027324 -0.027889 0.20127 0.060309 0.038468 0.0021665
-0.013395 -0.014545 1.0582 -0.43163 -0.051555 0.025247 -0.012024 -0.017981 0.31009 0.014042 -0.059566 -0.00030357
-0.04135 0.0061643 1.1813 -0.73812 -0.0098372 -0.0036696 -0.027954 0.020709 0.12305 -0.30649 0.041718 -0.028917
-0.064945 0.015841 1.1828 -1.2692 0.059333 -0.049412 -0.023596 0.0096769 0.0014983 -0.53111 0.06917 -0.045743
-0.031667 0.014796 1.1145 -2.0914 -0.06028 -0.078541 0.033278 -0.0010457 -0.068319 -0.82221 -0.11961 -0.029129
-0.010539 0.073112 1.6902 -2.587 -0.090977 -0.073306 0.021128 0.058317 0.57572 -0.49561 -0.030698 0.0052344
0.036432 0.21787 2.5001 -2.7874 -0.30238 -0.040647 0.046971 0.14476 0.80993 -0.20031 -0.21141 0.032659
0.069055 0.38836 3.3532 -2.8064 -0.41061 0.03819 0.032624 0.17049 0.85305 -0.019028 -0.10822 0.078837
0.079855 0.50545 3.4233 -2.7321 -0.46534 0.060985 0.0108 0.11709 0.070089 0.07426 -0.05473 0.022795
0.095823 0.5022 2.8211 -2.5963 -0.52396 0.1007 0.015967 -0.0032475 -0.60222 0.13586 -0.058624 0.039717
0.079456 0.34529 1.9071 -2.3712 -0.50444 0.08243 -0.016367 -0.15691 -0.91398 0.22507 0.01952 -0.018271
0.053183 0.1586 1.2296 -2.1363 -0.57083 0.12048 -0.026273 -0.18669 -0.67746 0.23494 -0.066384 0.038052
0.039156 0.035619 1.1309 -2.1499 -0.56192 0.12038 -0.014027 -0.12298 -0.098712 -0.013649 0.0089066 -0.0001011
0.033624 -0.080505 1.2406 -2.1801 -0.54592 0.12867 -0.0055314 -0.11612 0.10972 -0.030161 0.016002 0.0082863
0.036246 -0.02842 1.3222 -2.2272 -0.47295 0.095176 0.0026216 0.052085 0.081606 -0.047117 0.072966 -0.033492
0.039532 -0.054566 1.3218 -2.0891 -0.40138 0.056936 0.0032858 -0.026147 -0.00041728 0.1381 0.071572 -0.03824
0.031898 -0.0097968 1.2253 -1.9775 -0.36405 0.036463 -0.0076336 0.04477 -0.096532 0.11161 0.037334 -0.020473
0.022737 -0.037307 1.1685 -1.9367 -0.31702 0.011595 -0.0091611 -0.027511 -0.056836 0.040807 0.047025 -0.024868
0.014521 -0.048821 1.2401 -1.8972 -0.3041 0.0015517 -0.0082165 -0.011514 0.071656 0.039463 0.012926 -0.010043
-0.019886 -0.092551 1.2138 -1.8954 -0.27635 -0.0008017 -0.034406 -0.04373 -0.026296 0.0017585 0.027746 -0.0023534
-0.017317 -0.040531 1.0172 -1.9288 -0.27006 -0.015437 0.002569 0.052021 -0.19659 -0.033395 0.006291 -0.014635
-0.034859 -0.013925 0.78613 -1.8578 -0.25731 -0.0031044 -0.017542 0.026605 -0.23109 0.070994 0.012746 0.012332
0.01281 0.012187 0.24022 -1.8652 -0.23233 -0.028426 0.047669 0.026113 -0.54591 -0.0073956 0.024979 -0.025322
0.0083382 0.041599 0.32741 -1.546 -0.27001 0.026882 -0.0044719 0.029411 0.087185 0.31925 -0.037677 0.055308
0.0097327 -0.030251 0.54697 -1.215 -0.12404 0.04039 0.0013946 -0.071849 0.21956 0.33103 0.14597 0.013508
0.018647 -0.13114 1.0554 -1.0339 -0.22725 0.027344 0.0089139 -0.10089 0.50841 0.18106 -0.10321 -0.013047
0.028864 -0.18505 1.4377 -0.83495 -0.048609 -0.031191 0.010217 -0.05391 0.38229 0.19896 0.17864 -0.058535
0.10244 -0.26229 1.487 -0.87689 -0.25355 -0.15962 0.073572 -0.077241 0.049318 -0.04194 -0.20494 -0.12843
0.1079 -0.090371 1.5435 -0.62799 -0.16546 -0.13115 0.0054641 0.17192 0.056554 0.2489 0.088083 0.02847
0.09893 -0.0025876 1.3754 -0.43172 -0.18013 -0.12918 -0.0089701 0.087784 -0.16809 0.19627 -0.014668 0.0019704
0.060621 0.074171 1.3733 -0.35505 -0.10876 -0.042286 -0.038309 0.076758 -0.0021509 0.07667 0.071373 0.086897
0.029849 0.071556 1.1688 -0.54103 -0.053912 -0.016883 -0.030772 -0.0026146 -0.20447 -0.18598 0.054847 0.025403
0.036386 0.0068485 1.2018 -0.74529 -0.099603 -0.013304 0.006537 -0.064708 0.032963 -0.20426 -0.045692 0.0035795
0.039433 -0.052065 1.3589 -0.93866 -0.13939 0.011321 0.0030468 -0.058914 0.15716 -0.19337 -0.03979 0.024625
0.041204 -0.0049252 1.2717 -0.86841 -0.14554 -0.013813 0.0017711 0.04714 -0.087276 0.070248 -0.0061507 -0.025133
0.040233 -0.0014281 1.1687 -0.98191 -0.16431 -0.031229 -0.00097118 0.003497 -0.10292 -0.1135 -0.018765 -0.017416
0.035951 0.14576 0.44712 -1.1401 -0.12381 -0.084649 -0.0042816 0.14719 -0.72162 -0.15816 0.0405 -0.05342
0.038513 0.12078 0.12773 -1.3506 -0.090715 -0.099795 0.0025617 -0.024984 -0.31939 -0.2105 0.033093 -0.015146
0.03479 0.10443 -0.0033139 -1.3652 -0.078586 -0.099779 -0.0037225 -0.016344 -0.13105 -0.014593 0.01213 1.6552e-05
0.030242 0.045449 0.25718 -1.1926 -0.050083 -0.05948 -0.004548 -0.058982 0.26049 0.17251 0.028503 0.040299
0.028658 0.022371 0.54147 -1.0243 -0.075911 -0.045942 -0.0015847 -0.023078 0.2843 0.16836 -0.025829 0.013539
0.023314 0.041102 0.65754 -0.95811 -0.070268 -0.02359 -0.0053432 0.01873 0.11607 0.066175 0.0056432 0.022351
0.022656 0.038627 0.65492 -0.99811 -0.084511 -0.038208 -0.00065887 -0.002475 -0.0026182 -0.040001 -0.014243 -0.014618
0.0094479 0.054563 0.62973 -1.0255 -0.10495 -0.036647 -0.013208 0.015936 -0.025194 -0.027365 -0.020434 0.0015608
0.0079438 0.070634 0.55361 -1.0358 -0.092487 -0.047155 -0.0015041 0.016071 -0.076117 -0.010271 0.012458 -0.010507
0.0060021 0.09 0.56591 -1.0339 -0.079834 -0.05112 -0.0019417 0.019366 0.012304 0.0018505 0.012653 -0.0039652
0.013009 0.043579 0.60588 -1.0715 -0.046823 -0.046165 0.0070073 -0.046421 0.039969 -0.037575 0.033011 0.0049554
0.017587 0.03136 0.6851 -1.1053 -0.031728 -0.042474 0.0045778 -0.012219 0.079219 -0.033825 0.015095 0.0036904
0.018713 -0.0014864 0.7549 -1.1112 -0.039404 -0.026565 0.0011256 -0.032847 0.069802 -0.0058798 -0.0076759 0.015909
0.022723 0.013186 0.78525 -1.1236 -0.030862 -0.027661 0.0040103 0.014672 0.030346 -0.012398 0.0085418 -0.0010953
0.022031 0.035257 0.78556 -1.0804 -0.028596 -0.027368 -0.00069226 0.022071 0.00031046 0.043206 0.0022664 0.00029226
0.022298 0.035399 0.73507 -1.1132 -0.017174 -0.033468 0.00026681 0.00014181 -0.050487 -0.032844 0.011422 -0.0060994
0.019125 0.045265 0.71092 -1.0953 -0.018247 -0.032221 -0.0031731 0.009866 -0.024151 0.017932 -0.0010737 0.0012467
0.01262 0.021689 0.76983 -1.0389 -0.013267 -0.021153 -0.006504 -0.023576 0.05891 0.056386 0.0049805 0.011068
0.019944 0.048787 0.61075 -1.1436 -0.030258 -0.041887 0.0073239 0.027099 -0.15909 -0.10468 -0.016991 -0.020734
0.017162 0.039003 0.53957 -1.2249 -0.028589 -0.05106 -0.0027821 -0.0097845 -0.07118 -0.081356 0.0016689 -0.0091732
0.033149 0.076647 0.23262 -1.4364 -0.043338 -0.091278 0.015987 0.037644 -0.30694 -0.21149 -0.014748 -0.040219
0.031623 0.042544 0.16725 -1.5916 -0.039827 -0.1004 -0.001526 -0.034103 -0.065367 -0.15523 0.0035101 -0.0091244
0.039431 0.034272 0.21466 -1.5518 -0.023896 -0.10559 0.0078081 -0.0082726 0.047401 0.039848 0.015932 -0.0051846
0.047098 0.059629 -0.032223 -1.6778 -0.054227 -0.117 0.0076667 0.025358 -0.24688 -0.12602 -0.030331 -0.011417
0.048746 0.062484 0.062864 -1.5963 -0.040377 -0.11134 0.0016482 0.0028544 0.095087 0.08156 0.01385 0.0056634
0.050956 0.05601 -0.022385 -1.5613 -0.040165 -0.10797 0.0022097 -0.0064737 -0.085249 0.034931 0.00021215 0.0033698
0.042004 0.047031 0.16858 -1.5126 -0.01178 -0.10928 -0.0089517 -0.0089792 0.19097 0.048764 0.028386 -0.0013074
0.031979 0.0317 0.11966 -1.4099 -0.033407 -0.10408 -0.010025 -0.015331 -0.048919 0.10263 -0.021627 0.0052
0.036222 0.088227 0.052145 -1.3689 -0.078718 -0.08933 0.0042424 0.056526 -0.067517 0.041078 -0.045311 0.014749
0.026224 0.091326 -0.031567 -1.2819 -0.19105 -0.064773 -0.0099977 0.0030997 -0.083712 0.086998 -0.11233 0.024557
0.017441 0.09398 0.2791 -1.0948 -0.21518 0.0014891 -0.0087826 0.0026533 0.31067 0.18702 -0.02413 0.066262
0.016139 0.081041 0.34072 -1.1637 -0.28149 0.0039054 -0.0013028 -0.012938 0.061624 -0.068832 -0.06631 0.0024163
0.018599 0.046822 0.53087 -1.1752 -0.28838 0.029811 0.0024604 -0.03422 0.19015 -0.011563 -0.006888 0.025906
0.040873 0.039199 0.53094 -1.309 -0.27184 0.042897 0.022274 -0.0076225 7.2977e-05 -0.13381 0.016542 0.013086
0.051936 0.024198 0.60021 -1.3438 -0.23873 0.054324 0.011063 -0.015001 0.069264 -0.034802 0.033104 0.011427
0.04055 0.0111 0.71332 -1.194 -0.12877 0.07206 -0.011386 -0.013098 0.11311 0.14985 0.10996 0.017736
0.045738 0.086547 0.68778 -1.1082 -0.040357 0.036122 0.005188 0.075447 -0.025544 0.085819 0.088414 -0.035938
0.028407 0.029344 0.74349 -0.86583 0.0071904 0.0076996 -0.017331 -0.057203 0.055718 0.24234 0.047547 -0.028423
0.036374 0.13156 0.72771 -0.85938 0.038612 0.00027154 0.0079669 0.10221 -0.015781 0.0064471 0.031422 -0.007428
0.033668 0.082764 0.80994 -0.86352 0.010377 -0.0047286 -0.0027062 -0.048793 0.082231 -0.0041396 -0.028235 -0.0050001
0.031201 0.13447 0.75364 -0.92017 0.027271 0.010099 -0.0024676 0.051711 -0.056305 -0.056653 0.016894 0.014828
0.03389 0.12142 0.78712 -1.0046 0.020156 0.00049578 0.0026891 -0.013056 0.033484 -0.084448 -0.0071151 -0.0096036
0.032036 0.062635 0.84679 -1.0111 0.045124 0.0063784 -0.0018537 -0.058783 0.059667 -0.0065258 0.024968 0.0058826
0.030975 0.02587 0.99602 -1.1228 0.050367 0.0092965 -0.0010605 -0.036765 0.14923 -0.11169 0.0052431 0.0029181
0.039061 0.00090401 1.117 -1.1492 0.064293 0.019302 0.0080854 -0.024966 0.12099 -0.026358 0.013927 0.010005
0.040128 0.0098894 1.1879 -1.2123 0.053965 0.0064824 0.0010667 0.0089854 0.070854 -0.063083 -0.010329 -0.012819
0.0485 0.055139 1.1645 -1.1717 0.03022 -0.0042177 0.0083721 0.04525 -0.023365 0.040599 -0.023745 -0.0107
0.050369 0.045366 1.2753 -1.2987 0.0075674 -0.0089043 0.0018696 -0.0097732 0.11085 -0.12699 -0.022652 -0.0046866
0.049509 0.058992 1.2747 -1.2467 -0.0013805 -0.0084 -0.00086019 0.013626 -0.00069519 0.051936 -0.0089479 0.00050434
0.042674 0.067278 1.3556 -1.4172 0.02876 -0.010466 -0.0068349 0.0082861 0.080963 -0.17043 0.030141 -0.0020661
0.065722 0.013753 1.5742 -1.4472 -0.005431 0.0016379 0.023047 -0.053525 0.21858 -0.030048 -0.034191 0.012104
0.075891 -0.018878 1.9311 -1.4573 0.017237 -0.00018241 0.01017 -0.032631 0.35695 -0.010111 0.022668 -0.0018203
0.099665 -0.13603 2.1858 -1.4442 -0.081379 0.044377 0.023774 -0.11715 0.25465 0.013074 -0.098616 0.044559
0.087847 -0.080846 2.1495 -1.1639 -0.047624 0.036209 -0.011817 0.055183 -0.036272 0.28031 0.033755 -0.0081681
0.070745 -0.015614 1.5115 -1.1249 -0.079367 0.021949 -0.017103 0.065232 -0.63804 0.039023 -0.031743 -0.01426
0.060746 0.0249 1.2351 -1.0884 -0.020525 0.0061023 -0.0099991 0.040514 -0.27642 0.036459 0.058842 -0.015847
0.065207 0.026374 1.0941 -1.2047 0.022495 -0.019441 0.0044615 0.0014741 -0.14094 -0.11627 0.04302 -0.025543
0.045066 -0.0078659 1.1274 -1.1265 0.051741 -0.011083 -0.020141 -0.03424 0.033247 0.078254 0.029246 0.008358
0.043149 0.025989 0.8841 -1.135 0.014721 -0.031689 -0.0019171 0.033855 -0.24326 -0.0085099 -0.03702 -0.020606
0.048891 0.15259 0.20961 -1.0283 0.013044 -0.062471 0.0057428 0.1266 -0.67449 0.10669 -0.0016775 -0.030782
0.060986 0.16914 -0.42581 -1.2743 -0.11088 -0.085068 0.012095 0.016545 -0.63542 -0.24603 -0.12392 -0.022597
-0.0029787 0.18579 -0.50746 -1.2804 -0.12577 -0.079147 -0.063965 0.01665 -0.081652 -0.0060462 -0.014895 0.0059208
-0.046744 0.12239 -0.38322 -1.3715 -0.17566 -0.059992 -0.043765 -0.063394 0.12425 -0.091135 -0.049886 0.019155
-0.17208 0.074835 0.066284 -1.1663 -0.20798 -0.0095289 -0.12533 -0.047556 0.4495 0.20515 -0.032317 0.050463
-0.088499 0.085301 0.27452 -1.2044 -0.11279 0.0013882 0.083579 0.010466 0.20823 -0.038012 0.095183 0.010917
-0.089549 0.087422 0.34213 -1.0997 -0.15688 0.013537 -0.0010494 0.002121 0.06761 0.10464 -0.044084 0.012149
-0.024826 0.1047 0.39216 -1.1694 -0.094555 0.0082202 0.064722 0.017279 0.050031 -0.069708 0.062321 -0.0053169
-0.035767 0.094328 0.40035 -1.1301 -0.12666 0.0097265 -0.01094 -0.010373 0.0081906 0.039298 -0.03211 0.0015063
-0.050666 0.070702 0.43381 -1.1901 -0.12903 0.011351 -0.014899 -0.023626 0.033465 -0.060019 -0.0023621 0.0016241
-0.043363 0.070034 0.40963 -1.1689 -0.11733 0.013008 0.0073032 -0.00066822 -0.024186 0.021234 0.011695 0.0016575
-0.050605 0.067818 0.3328 -1.2799 -0.11391 0.0060036 -0.0072418 -0.0022156 -0.07683 -0.11097 0.0034225 -0.0070045
-0.063649 0.026282 0.37066 -1.2208 -0.099413 0.014948 -0.013045 -0.041537 0.037858 0.059107 0.014496 0.0089448
-0.064568 -0.010961 0.39635 -1.3587 -0.084439 0.0088386 -0.00091901 -0.037243 0.025691 -0.13796 0.014975 -0.0061098
-0.045187 -0.09706 0.64776 -1.399 -0.076169 0.016901 0.019381 -0.086098 0.25141 -0.040305 0.0082697 0.0080629
-0.028932 -0.037267 0.65925 -1.4269 -0.077981 1.7416e-05 0.016255 0.059793 0.011492 -0.027834 -0.0018122 -0.016884
-0.019913 -0.0054739 0.75939 -1.4524 -0.06701 0.0046532 0.0090188 0.031793 0.10014 -0.025513 0.010971 0.0046358
-0.015258 0.027652 0.73352 -1.4117 -0.066226 -0.0035325 0.0046554 0.033126 -0.025865 0.040694 0.00078428 -0.0081858
-0.017422 0.044119 0.71333 -1.436 -0.057386 0.0015741 -0.0021642 0.016467 -0.020196 -0.024306 0.0088402 0.0051066
-0.0019173 -0.0068642 0.77477 -1.4544 -0.06218 -0.0084623 0.015505 -0.050983 0.061448 -0.018405 -0.0047944 -0.010036
-0.0115 0.0464 0.7211 -1.4275 -0.057982 -0.0057749 -0.0095831 0.053264 -0.053675 0.02686 0.0041983 0.0026874
-0.012228 0.024863 0.72598 -1.4251 -0.052622 0.0070504 -0.0007281 -0.021536 0.0048842 0.0024608 0.0053594 0.012825
-0.018631 0.01302 0.73401 -1.4031 -0.036625 0.01353 -0.0064031 -0.011844 0.0080284 0.021969 0.015997 0.0064791
-0.013998 -0.0094099 0.71027 -1.3084 -0.036149 0.037059 0.0046339 -0.022429 -0.023743 0.09467 0.00047595 0.023529
-0.018902 0.00039762 0.66297 -1.3381 -0.056471 0.014173 -0.004904 0.0098075 -0.047303 -0.029703 -0.020321 -0.022885
-0.025126 0.024263 0.58069 -1.3551 -0.093101 0.014769 -0.0062241 0.023865 -0.082277 -0.016993 -0.03663 0.00059597
-0.023878 0.040753 0.49689 -1.5403 -0.1167 -0.012664 0.0012476 0.016491 -0.083798 -0.18514 -0.023599 -0.027434
-0.011986 0.056593 0.49659 -1.628 -0.10928 -0.024425 0.011892 0.015839 -0.00029678 -0.08772 0.007423 -0.011761
-0.0052179 0.067234 0.50644 -1.6449 -0.061101 -0.015211 0.006768 0.010642 0.0098502 -0.016952 0.048176 0.0092143
0.0077861 0.087252 0.5637 -1.6818 -0.026374 -0.02704 0.013004 0.020018 0.057257 -0.036898 0.034727 -0.011829
0.0022386 0.0094678 0.68348 -1.7604 -0.0021536 -0.0060336 -0.0055474 -0.077784 0.11978 -0.078579 0.02422 0.021007
0.0083778 -0.04585 0.81946 -1.9743 -0.022956 -0.036111 0.0061392 -0.055317 0.13598 -0.21385 -0.020803 -0.030077
-0.0042343 -0.11722 0.87543 -2.0327 -0.030145 -0.039256 -0.012612 -0.071366 0.055966 -0.058406 -0.0071883 -0.0031455
-0.010775 -0.087901 0.8684 -2.2073 -0.061178 -0.042963 -0.0065407 0.029314 -0.0070293 -0.17461 -0.031034 -0.0037065
0.003456 -0.061513 0.70666 -2.4204 -0.125 -0.079586 0.014231 0.026388 -0.16173 -0.21312 -0.063823 -0.036623
0.011661 -0.06435 0.68915 -2.3258 -0.103 -0.065421 0.0082054 -0.0028369 -0.017515 0.09464 0.022005 0.014165
0.012005 -0.05403 0.6076 -2.5292 -0.10435 -0.12838 0.00034364 0.01032 -0.081546 -0.2034 -0.0013535 -0.062958
0.041198 -0.079856 0.705 -1.9683 0.041091 -0.082647 0.029193 -0.025826 0.097404 0.56082 0.14544 0.045732
0.113 -0.032704 0.67256 -2.0979 -0.021814 -0.048304 0.071805 0.047152 -0.032446 -0.1296 -0.062905 0.034343
-0.032938 -0.033937 0.69777 -1.8168 0.00012535 -0.065602 -0.14594 -0.0012324 0.02521 0.28117 0.02194 -0.017298
-0.31151 -0.069101 0.63834 -1.9406 -0.027624 -0.085058 -0.27857 -0.035164 -0.059427 -0.12385 -0.02775 -0.019456
-0.88339 -0.11942 0.6459 -1.9201 0.23929 -0.26609 -0.57189 -0.050322 0.0075636 0.020531 0.26691 -0.18103
-1.0224 -0.16887 0.58909 -2.0436 0.36786 -0.23547 -0.13896 -0.049442 -0.056812 -0.12348 0.12857 0.030616
-0.92855 -0.164 0.598 -2.0739 0.49697 -0.23461 0.093802 0.004863 0.0089112 -0.030379 0.12911 0.0008622
-0.48153 -0.18921 0.64657 -2.2104 0.29331 -0.070704 0.44702 -0.025205 0.048563 -0.13647 -0.20366 0.16391
-0.26054 -0.18203 0.75321 -2.2101 0.21333 -0.039287 0.22099 0.0071796 0.10664 0.00034197 -0.079981 0.031417
-0.1893 -0.20317 0.88116 -2.2367 0.10984 -0.011499 0.071243 -0.021146 0.12795 -0.026669 -0.10349 0.027788
-0.232 -0.20418 0.92685 -2.3074 0.16335 -0.046919 -0.042706 -0.0010108 0.045694 -0.070705 0.053512 -0.03542
-0.23881 -0.23641 0.94453 -2.3177 0.16036 -0.042391 -0.0068082 -0.032224 0.017684 -0.010272 -0.0029852 0.0045282
-0.1995 -0.35246 0.99939 -2.4531 0.20721 -0.059586 0.039308 -0.11605 0.054855 -0.13542 0.04685 -0.017196
-0.19967 -0.3814 1.05 -2.5172 0.19503 -0.061268 -0.00017202 -0.028935 0.050611 -0.064064 -0.01218 -0.0016818
-0.18487 -0.39474 1.0725 -2.5453 0.19576 -0.060508 0.014801 -0.013341 0.022499 -0.02806 0.00072235 0.00076074
-0.18184 -0.32005 1.0923 -2.5616 0.16768 -0.042567 0.0030304 0.074683 0.019801 -0.01632 -0.028072 0.01794
-0.17772 -0.29449 1.0653 -2.459 0.12792 -0.058359 0.0041262 0.025568 -0.026992 0.10263 -0.039763 -0.015792
-0.17709 -0.25133 1.0616 -2.4069 0.13257 -0.074458 0.00062505 0.043159 -0.0036741 0.052021 0.0046501 -0.016099
-0.18299 -0.22418 1.0228 -2.2701 0.13071 -0.11074 -0.0058952 0.027145 -0.038827 0.13685 -0.00186 -0.036282
-0.17911 -0.1543 0.99203 -2.2096 0.13558 -0.087671 0.003879 0.069884 -0.030781 0.060495 0.0048648 0.023069
-0.16494 -0.15426 1.0005 -2.1751 0.1116 -0.05589 0.014171 4.1093e-05 0.0084332 0.034528 -0.023973 0.031781
-0.17402 -0.14769 1.0158 -2.1911 0.091448 -0.066098 -0.0090835 0.0065684 0.015313 -0.01605 -0.020154 -0.010208
-0.15317 -0.15668 1.0161 -2.1746 0.069299 -0.059835 0.020853 -0.0089956 0.00032532 0.016516 -0.022149 0.0062632
-0.17404 -0.13824 1.0187 -2.2319 0.099696 -0.094634 -0.020872 0.018446 0.0025762 -0.057297 0.030397 -0.034799
-0.15029 -0.1771 1.0272 -2.256 0.10107 -0.05584 0.023751 -0.038862 0.0085344 -0.024061 0.0013772 0.038794
-0.15735 -0.22786 1.1156 -2.3981 0.15051 -0.06545 -0.0070592 -0.050761 0.088415 -0.14211 0.049435 -0.00961
-0.144 -0.24133 1.094 -2.3301 0.11612 -0.044252 0.013345 -0.013471 -0.021587 0.06798 -0.034392 0.021198
-0.13744 -0.18732 1.0825 -2.3237 0.14402 -0.077464 0.0065652 0.05401 -0.011506 0.0063385 0.027902 -0.033212
-0.13534 -0.13429 0.99682 -2.1471 0.085973 -0.054221 0.0021011 0.053035 -0.085712 0.17664 -0.058045 0.023243
-0.1287 -0.12456 0.99089 -2.1805 0.091638 -0.054518 0.0066383 0.0097305 -0.0059286 -0.033389 0.0056644 -0.00029717
-0.1287 -0.17297 1.047 -2.1692 0.065684 -0.039349 -1.8701e-06 -0.048417 0.0561 0.011261 -0.025954 0.015169
-0.13 -0.20152 1.1336 -2.2955 0.068496 -0.03201 -0.0013018 -0.028547 0.086635 -0.12623 0.0028113 0.007339
-0.129 -0.17215 1.0132 -2.249 0.063978 -0.03723 0.0010048 0.029375 -0.12046 0.046474 -0.0045172 -0.0052207
-0.12323 -0.17895 0.8986 -2.2161 0.051521 -0.035027 0.0057658 -0.0068033 -0.11456 0.032923 -0.012457 0.0022028
-0.11546 -0.1278 0.72389 -2.0748 0.044694 -0.026601 0.007772 0.051146 -0.1747 0.14124 -0.006827 0.0084268
-0.10312 -0.15053 0.6011 -2.0641 0.041092 -0.038789 0.012339 -0.022722 -0.1228 0.010735 -0.0036023 -0.012188
-0.098622 -0.091082 0.65631 -2.1058 0.048889 -0.034245 0.004498 0.059444 0.055208 -0.041667 0.0077977 0.0045441
-0.081447 -0.13542 0.50567 -2.3204 0.057062 -0.062961 0.017175 -0.044336 -0.15063 -0.21462 0.008173 -0.028716
-0.075949 -0.11977 0.55297 -2.4462 0.049518 -0.084873 0.0054982 0.015652 0.047301 -0.12584 -0.0075439 -0.021913
-0.06413 -0.15084 0.34566 -2.5241 0.058369 -0.094708 0.011819 -0.031069 -0.20732 -0.077892 0.0088506 -0.0098344
-0.067498 -0.15454 0.25033 -2.4157 0.047473 -0.10401 -0.0033675 -0.0036999 -0.095323 0.1084 -0.010896 -0.0092972
-0.064117 -0.081994 -0.023193 -2.051 0.047901 -0.083254 0.0033808 0.072542 -0.27353 0.36475 0.00042742 0.020751
-0.055497 -0.13894 -0.015875 -1.9647 0.047305 -0.078216 0.0086199 -0.05695 0.0073188 0.086256 -0.00059563 0.0050379
-0.040151 -0.06211 0.016521 -1.6396 0.024012 -0.066489 0.015346 0.076834 0.032395 0.32508 -0.023293 0.011727
-0.032351 -0.077906 0.15084 -1.7652 0.038686 -0.065498 0.0078001 -0.015796 0.13432 -0.12562 0.014675 0.0009916
-0.031221 0.00056842 0.17263 -1.6109 0.022224 -0.049319 0.00113 0.078474 0.021791 0.15433 -0.016462 0.016179
-0.032782 0.0076406 0.16034 -1.6595 0.034781 -0.056562 -0.0015605 0.0070721 -0.012288 -0.048609 0.012557 -0.0072435
-0.03555 -0.02123 0.1856 -1.6543 0.0086339 -0.038997 -0.002768 -0.02887 0.02526 0.00517 -0.026147 0.017565
-0.028921 -0.052084 0.30516 -1.7225 0.02474 -0.070308 0.0066285 -0.030854 0.11956 -0.068149 0.016106 -0.031311
-0.035335 -0.088904 0.35722 -1.7381 0.017239 -0.067178 -0.0064141 -0.03682 0.052058 -0.015576 -0.0075016 0.00313
-0.029734 -0.019697 0.36706 -1.7298 0.040908 -0.071021 0.0056018 0.069207 0.0098419 0.0082259 0.02367 -0.0038432
-0.031569 -0.054808 0.37022 -1.6932 0.026342 -0.062267 -0.0018351 -0.035111 0.0031636 0.036646 -0.014566 0.0087536
-0.023916 -0.023127 0.35149 -1.6524 0.010588 -0.046079 0.0076526 0.031681 -0.018733 0.040839 -0.015754 0.016189
-0.021493 -0.069021 0.39482 -1.6546 0.010648 -0.052674 0.0024232 -0.045894 0.04333 -0.0022391 6.027e-05 -0.0065951
-0.016727 -0.05016 0.38848 -1.5791 0.0088172 -0.053978 0.0047654 0.018861 -0.0063403 0.075461 -0.0018311 -0.0013045
-0.021863 -0.023432 0.39181 -1.6391 0.02085 -0.035627 -0.0051357 0.026727 0.0033292 -0.059963 0.012032 0.018351
-0.02528 0.0095049 0.35455 -1.5864 0.019819 -0.02122 -0.0034173 0.032937 -0.037255 0.052661 -0.0010305 0.014407
-0.033376 -0.049552 0.42502 -1.7008 0.0057404 -0.0018764 -0.0080951 -0.059057 0.070465 -0.11435 -0.014079 0.019343
-0.031738 -0.047102 0.43571 -1.6446 0.015931 -0.010433 0.001638 0.0024498 0.010694 0.056153 0.01019 -0.0085561
-0.017413 -0.093069 0.51708 -1.6396 -0.002508 -0.033958 0.014324 -0.045967 0.081366 0.0050028 -0.018439 -0.023526
-0.012775 -0.030935 0.47528 -1.6262 0.026285 -0.031037 0.004638 0.062134 -0.041794 0.013439 0.028793 0.0029212
-0.006232 0.012641 0.42577 -1.5181 0.018395 -0.036 0.0065432 0.043575 -0.04951 0.10811 -0.0078895 -0.0049626
-0.013508 0.00017407 0.41181 -1.5893 0.040919 -0.019921 -0.0072763 -0.012467 -0.013962 -0.071255 0.022523 0.016078
-0.010538 0.012577 0.41918 -1.5327 0.027491 -0.032987 0.0029701 0.012403 0.0073647 0.056617 -0.013428 -0.013066
-0.0039904 -0.022111 0.46641 -1.5708 0.019031 -0.035963 0.0065477 -0.034689 0.047233 -0.038067 -0.0084592 -0.0029756
-0.00245 0.021365 0.46938 -1.5403 0.021065 -0.036953 0.0015405 0.043476 0.0029708 0.030494 0.0020333 -0.00099016
-0.0030839 0.0090071 0.45872 -1.5223 0.017396 -0.041247 -0.00063397 -0.012358 -0.010659 0.018014 -0.0036686 -0.0042943
-0.014679 0.021061 0.43888 -1.4866 0.031428 -0.02948 -0.011595 0.012054 -0.019841 0.035635 0.014032 0.011768
0.0056322 0.0043006 0.45031 -1.5294 0.0078044 -0.050308 0.020311 -0.016761 0.011428 -0.042784 -0.023624 -0.020828
-0.0046974 0.025314 0.44453 -1.5099 0.023171 -0.036002 -0.01033 0.021014 -0.0057775 0.019569 0.015367 0.014306
0.028163 0.043547 0.46621 -1.5443 0.01375 -0.047545 0.03286 0.018233 0.021681 -0.034394 -0.0094211 -0.011543
-0.0012552 0.023577 0.48487 -1.5468 0.039106 -0.035269 -0.029418 -0.01997 0.018657 -0.0025387 0.025356 0.012276
0.011791 0.023198 0.50536 -1.5348 0.022231 -0.038346 0.013046 -0.0003785 0.020489 0.011992 -0.016875 -0.003077
-0.0049963 -0.0013883 0.52716 -1.5518 0.013178 -0.041346 -0.016787 -0.024587 0.021797 -0.016969 -0.0090535 -0.0029995
-0.001989 0.034562 0.49713 -1.5321 0.015348 -0.03173 0.0030073 0.03595 -0.030024 0.019699 0.00217 0.0096154
0.001735 0.053774 0.47795 -1.5137 0.018793 -0.038167 0.003724 0.019212 -0.019187 0.018365 0.0034451 -0.0064365
-0.0013739 0.026778 0.48731 -1.5234 0.032595 -0.02982 -0.0031089 -0.026996 0.0093635 -0.0096763 0.013802 0.0083466
0.00089835 0.015276 0.51734 -1.5294 0.023122 -0.041166 0.0022722 -0.011502 0.030029 -0.0060242 -0.0094722 -0.011345
-0.0067015 -0.029249 0.55743 -1.5847 0.021712 -0.042296 -0.0075998 -0.044525 0.040096 -0.055304 -0.0014106 -0.0011304
-0.014831 0.0018254 0.52689 -1.5952 0.030868 -0.028313 -0.0081298 0.031075 -0.030547 -0.010523 0.0091561 0.013983
-0.019771 -0.0075427 0.49498 -1.5458 0.036123 -0.033439 -0.0049396 -0.0093681 -0.031904 0.049439 0.0052555 -0.0051258
-0.019594 -0.0045952 0.49364 -1.5849 0.039747 -0.032565 0.00017671 0.0029474 -0.0013467 -0.0391 0.0036233 0.0008738
-0.0096902 -0.01338 0.47625 -1.512 0.025999 -0.049327 0.009904 -0.0087844 -0.017383 0.072885 -0.013748 -0.016762
-0.0051012 0.0069791 0.49902 -1.6379 0.015884 -0.052057 0.004589 0.020359 0.022762 -0.12584 -0.010115 -0.0027294
-0.0004888 0.027406 0.41861 -1.5472 0.0096059 -0.044911 0.0046124 0.020426 -0.080404 0.090659 -0.0062781 0.0071452
-0.0016904 0.037019 0.3785 -1.5927 0.0020739 -0.042719 -0.0012016 0.0096135 -0.04011 -0.045456 -0.007532 0.0021921
0.0015152 0.012764 0.40174 -1.5423 0.014999 -0.049279 0.0032057 -0.024255 0.023239 0.050375 0.012925 -0.0065599
0.021979 0.040711 0.37018 -1.5116 -0.03144 -0.056573 0.020464 0.027948 -0.03156 0.030692 -0.046439 -0.0072937
0.02714 0.049008 0.43667 -1.4349 -0.030006 -0.052131 0.0051604 0.008297 0.066491 0.076716 0.0014341 0.0044419
0.043773 0.09872 0.36595 -1.3631 -0.078595 -0.046401 0.016634 0.049712 -0.070722 0.071754 -0.048589 0.0057303
0.02924 0.08043 0.40751 -1.2864 -0.02596 -0.033887 -0.014533 -0.01829 0.041559 0.076743 0.052635 0.012514
0.028878 0.034343 0.49918 -1.3825 -0.017458 -0.034565 -0.00036229 -0.046087 0.091677 -0.096121 0.0085028 -0.00067826
0.029594 0.0050759 0.60894 -1.3765 0.011219 -0.041058 0.00071612 -0.029267 0.10975 0.0059695 0.028676 -0.0064936
0.026363 -0.010742 0.7056 -1.43 0.00030839 -0.037125 -0.0032304 -0.015818 0.096661 -0.053484 -0.01091 0.0039336
0.029924 0.043534 0.69021 -1.4073 0.0017852 -0.038652 0.0035601 0.054276 -0.015391 0.022719 0.0014768 -0.0015276
0.01723 0.043633 0.70795 -1.4085 0.0077591 -0.02909 -0.012693 9.8612e-05 0.017744 -0.0011671 0.0059739 0.0095626
0.015957 0.058945 0.70431 -1.4494 -0.0014983 -0.025585 -0.001273 0.015313 -0.0036394 -0.040925 -0.0092574 0.0035049
0.015792 0.0092267 0.77991 -1.4553 -0.022295 -0.029519 -0.00016502 -0.049719 0.075597 -0.0059135 -0.020797 -0.0039338
0.015419 0.051988 0.73647 -1.4449 -0.029886 -0.022876 -0.00037365 0.042762 -0.043435 0.010424 -0.0075908 0.0066431
0.014662 0.056297 0.71369 -1.4432 -0.022743 -0.020551 -0.00075722 0.0043086 -0.022787 0.0016677 0.0071432 0.0023248
0.014103 0.052224 0.69589 -1.4535 -0.012158 -0.018967 -0.00055883 -0.004073 -0.017797 -0.010285 0.010585 0.0015835
0.018149 0.057862 0.70034 -1.4498 -0.012115 -0.021695 0.0040459 0.005638 0.0044515 0.0036696 4.3455e-05 -0.0027274
0.023325 0.018959 0.71083 -1.4238 -0.01499 -0.031614 0.0051764 -0.038903 0.010489 0.026 -0.0028754 -0.0099188
0.01954 0.069543 0.66326 -1.455 -0.012506 -0.033387 -0.0037848 0.050584 -0.047576 -0.031202 0.0024844 -0.0017731
0.014012 0.055489 0.57994 -1.4367 0.010477 -0.019908 -0.0055279 -0.014054 -0.083313 0.018287 0.022982 0.013479
0.005747 0.0182 0.5783 -1.5496 0.0052522 -0.030198 -0.0082654 -0.037289 -0.0016417 -0.11284 -0.0052244 -0.01029
0.013365 0.016228 0.56754 -1.4762 0.02258 -0.016801 0.0076178 -0.0019712 -0.010762 0.073404 0.017328 0.013397
0.017992 -0.00054377 0.58309 -1.4987 0.0064937 -0.040008 0.0046277 -0.016772 0.015552 -0.022497 -0.016087 -0.023207
0.019534 0.05952 0.61388 -1.436 0.017025 -0.022551 0.0015411 0.060063 0.030789 0.062614 0.010531 0.017457
0.021537 0.041373 0.61919 -1.4602 0.0075797 -0.032643 0.0020032 -0.018146 0.0053104 -0.02418 -0.0094455 -0.010091
0.018367 0.05419 0.62757 -1.4736 0.026989 -0.027431 -0.0031695 0.012817 0.0083846 -0.013353 0.019409 0.0052121
0.020354 -0.039272 0.7199 -1.442 0.012302 -0.039192 0.0019872 -0.093462 0.092327 0.031607 -0.014687 -0.011762
0.014246 -0.02285 0.76783 -1.4329 -0.023768 -0.023132 -0.0061087 0.016422 0.047931 0.009091 -0.036071 0.016061
-0.0080109 -0.073452 1.0997 -1.1507 -0.029049 -0.0057633 -0.022257 -0.050602 0.33187 0.28219 -0.0052801 0.017369
-0.017448 -0.0046457 1.2403 -1.0056 -0.071889 0.021846 -0.0094371 0.068806 0.14062 0.14507 -0.04284 0.027609
-0.03243 0.044982 1.4502 -0.61666 0.046945 0.025599 -0.014982 0.049627 0.20987 0.38897 0.11883 0.003753
-0.030959 0.077659 1.3326 -0.55947 0.066631 0.024017 0.0014702 0.032677 -0.11755 0.057182 0.019686 -0.0015812
-0.03522 0.11331 1.1936 -0.47163 0.16198 0.016084 -0.0042606 0.035653 -0.13905 0.087848 0.095344 -0.0079333
-0.038778 0.091238 1.0382 -0.58399 0.13662 0.0034679 -0.0035584 -0.022074 -0.15536 -0.11236 -0.025356 -0.012616
-0.039998 0.11024 0.94556 -0.63904 0.1037 0.00021345 -0.00122 0.019004 -0.092675 -0.055054 -0.032923 -0.0032544
-0.02352 0.10058 0.98386 -0.86382 0.10279 0.00047487 0.016479 -0.0096575 0.038298 -0.22477 -0.00091005 0.00026143
-0.024005 0.084277 0.93823 -0.87655 0.072076 0.027412 -0.00048533 -0.016307 -0.045636 -0.012727 -0.030709 0.026937
-0.0093805 0.048583 0.98682 -1.0413 0.11125 0.04588 0.014625 -0.035694 0.048599 -0.16471 0.039177 0.018468
-0.032322 -0.0023103 0.96109 -0.94228 0.060453 0.05952 -0.022941 -0.050893 -0.025735 0.098976 -0.0508 0.01364
-0.027888 -0.0032154 0.99412 -0.99743 0.074865 0.061738 0.0044332 -0.00090515 0.033032 -0.055144 0.014412 0.0022176
-0.027769 -0.011154 0.97393 -1.0103 0.092882 0.051153 0.00011919 -0.0079383 -0.02019 -0.012856 0.018018 -0.010585
-0.017942 0.025362 0.94931 -1.0245 0.14035 0.055231 0.0098276 0.036516 -0.02462 -0.014259 0.047471 0.0040773
-0.016029 -0.0025948 1.0603 -0.97116 0.17353 0.067062 0.0019127 -0.027957 0.11095 0.053381 0.033179 0.011831
-0.03254 0.020794 1.2031 -0.82255 0.13921 0.07849 -0.016511 0.023389 0.14281 0.14861 -0.034317 0.011428
-0.049208 -0.0058546 1.4699 -0.71889 0.11618 0.1132 -0.016668 -0.026648 0.26681 0.10366 -0.023037 0.03471
-0.057408 0.060398 1.4872 -0.534 0.098396 0.0908 -0.0082 0.066253 0.0173 0.18489 -0.017782 -0.0224
-0.061634 0.067916 1.5213 -0.45305 0.10945 0.088925 -0.0042262 0.007518 0.034152 0.080949 0.011053 -0.0018748
-0.061574 0.10805 1.437 -0.29142 0.13863 0.074953 6.0485e-05 0.040132 -0.084356 0.16164 0.029183 -0.013973
-0.056867 0.096052 1.4751 -0.34135 0.16948 0.087868 0.0047067 -0.011996 0.038089 -0.049938 0.030853 0.012915
-0.0603 0.083521 1.5503 -0.4431 0.20249 0.11208 -0.0034325 -0.012531 0.075266 -0.10174 0.033004 0.024208
-0.051506 0.060155 1.5849 -0.59571 0.20051 0.11296 0.0087935 -0.023366 0.034539 -0.15261 -0.0019804 0.00088691
-0.053294 0.061742 1.57 -0.60649 0.16628 0.099006 -0.001788 0.0015869 -0.014896 -0.010778 -0.034224 -0.013957
-0.064834 0.059369 1.432 -0.64644 0.19235 0.10643 -0.01154 -0.0023729 -0.13795 -0.03995 0.026067 0.0074254
-0.064038 0.082428 1.2804 -0.56329 0.18814 0.095818 0.00079638 0.023059 -0.15168 0.083143 -0.0042076 -0.010613
-0.07408 0.060401 1.179 -0.67112 0.21988 0.099539 -0.010042 -0.022027 -0.10133 -0.10783 0.03174 0.0037203
-0.065416 0.025029 1.1709 -0.75741 0.17572 0.071493 0.0086638 -0.035373 -0.0081672 -0.086287 -0.044161 -0.028046
