0.00012073 0.0014897 0.00018715 -0.0010896 0.00021982 2.7491e-05 0 0 0 0 0 0
9.0794e-05 0.052303 -0.041151 0.0028099 0.0071279 0.0046318 -2.9933e-05 0.050813 -0.041338 0.0038995 0.0069081 0.0046043
-5.2664e-05 0.086325 -0.01407 -0.0074509 0.0030041 0.0020281 -0.00014346 0.034022 0.027081 -0.010261 -0.0041238 -0.0026037
0.00033069 0.093486 -0.014604 -0.023795 0.0073328 0.0034595 0.00038335 0.0071616 -0.00053426 -0.016344 0.0043287 0.0014314
7.1207e-05 0.17433 -0.0046187 -0.04294 0.0056662 0.0010475 -0.00025948 0.080844 0.0099858 -0.019145 -0.0016666 -0.002412
-0.00030075 0.10214 0.017909 -0.045392 0.0080101 0.0036569 -0.00037196 -0.072187 0.022527 -0.0024513 0.0023439 0.0026094
0.00068005 0.19169 0.00020771 -0.0468 0.01406 0.0043271 0.00098081 0.089544 -0.017701 -0.0014082 0.0060501 0.00067018
0.00086165 0.17711 0.0031165 -0.040493 0.018379 0.0086117 0.0001816 -0.014574 0.0029088 0.0063066 0.0043193 0.0042846
0.0024256 0.17127 0.028371 -0.050516 0.026199 0.0091404 0.0015639 -0.0058417 0.025254 -0.010023 0.0078197 0.0005287
0.0027995 0.23836 -0.028364 -0.054409 0.039551 0.015441 0.00037389 0.067091 -0.056734 -0.0038929 0.013352 0.0063007
0.0017299 0.21043 -0.0086949 -0.054252 0.045407 0.018831 -0.0010696 -0.027929 0.019669 0.0001578 0.0058561 0.0033894
0.0028767 0.19471 0.0075433 -0.0485 0.048077 0.019863 0.0011468 -0.015724 0.016238 0.0057514 0.0026705 0.001032
0.0005303 0.23333 -0.011769 -0.047705 0.044096 0.02366 -0.0023464 0.038618 -0.019312 0.00079505 -0.0039817 0.003797
0.00069499 0.19664 0.0084666 -0.034015 0.043333 0.023761 0.00016469 -0.036685 0.020236 0.013691 -0.00076259 0.00010106
0.001942 0.20706 0.0097587 -0.054742 0.042532 0.020475 0.001247 0.010416 0.001292 -0.020727 -0.00080091 -0.0032857
0.0016293 0.23138 0.0019245 -0.072244 0.055267 0.026456 -0.00031268 0.024324 -0.0078341 -0.017502 0.012735 0.0059814
0.0039286 0.17187 0.066853 -0.10615 0.061157 0.029969 0.0022993 -0.059513 0.064929 -0.03391 0.0058899 0.003513
0.0017447 0.16227 0.091731 -0.1438 0.060294 0.031941 -0.0021839 -0.0096008 0.024878 -0.037644 -0.00086266 0.0019719
-0.0013431 0.21029 0.069753 -0.12363 0.071431 0.047592 -0.0030878 0.048021 -0.021978 0.020163 0.011137 0.015651
0.00076534 0.16214 0.11906 -0.1396 0.063221 0.039422 0.0021085 -0.048146 0.049309 -0.015962 -0.0082098 -0.0081699
-0.0049475 0.23696 0.065764 -0.12139 0.077452 0.051671 -0.0057128 0.074816 -0.053298 0.018207 0.014231 0.012249
-0.0014436 0.22756 0.066713 -0.1269 0.075869 0.048072 0.003504 -0.0093939 0.00094863 -0.005513 -0.0015834 -0.0035999
-0.0060113 0.19136 0.072051 -0.12335 0.077033 0.048314 -0.0045677 -0.0362 0.0053387 0.0035544 0.0011641 0.00024238
-0.0031993 0.22599 0.033449 -0.10751 0.079629 0.051154 0.002812 0.03463 -0.038603 0.015843 0.0025959 0.0028405
-0.0043813 0.21505 0.039919 -0.10916 0.080839 0.055114 -0.001182 -0.01094 0.0064702 -0.0016501 0.0012103 0.0039592
-0.0056043 0.16525 0.070901 -0.13736 0.076212 0.052393 -0.001223 -0.049802 0.030982 -0.0282 -0.0046268 -0.0027207
-0.0083663 0.20231 0.036015 -0.1125 0.069369 0.054522 -0.002762 0.037053 -0.034886 0.024854 -0.0068433 0.0021292
-0.0077678 0.16681 0.064882 -0.14202 0.063175 0.051572 0.00059848 -0.035496 0.028867 -0.029519 -0.0061937 -0.0029498
-0.0079609 0.1783 0.035671 -0.074022 0.048645 0.047089 -0.00019312 0.011489 -0.029211 0.067998 -0.01453 -0.0044838
-0.0059973 0.22462 0.026644 -0.090513 0.04646 0.050641 0.0019637 0.046318 -0.0090271 -0.016491 -0.0021851 0.0035529
-0.0084067 0.19882 0.041261 -0.089094 0.046193 0.049031 -0.0024095 -0.025798 0.014617 0.0014182 -0.00026758 -0.0016102
-0.005492 0.15965 0.088712 -0.13627 0.042938 0.04458 0.0029147 -0.039171 0.047452 -0.047178 -0.0032542 -0.0044512
-0.0093683 0.16871 0.081131 -0.15871 0.052358 0.04986 -0.0038763 0.0090599 -0.0075818 -0.02244 0.0094194 0.0052797
-0.0026191 0.1331 0.10986 -0.16764 0.053734 0.045579 0.0067492 -0.035604 0.028733 -0.0089228 0.0013758 -0.0042808
-0.0074792 0.15588 0.071016 -0.11307 0.047619 0.048311 -0.0048602 0.022777 -0.038848 0.054563 -0.0061149 0.0027324
-9.8892e-06 0.22323 0.038369 -0.11279 0.065635 0.054229 0.0074694 0.06735 -0.032647 0.00028465 0.018017 0.0059179
-0.0018585 0.2032 0.03766 -0.096027 0.062074 0.051556 -0.0018486 -0.020029 -0.0007083 0.016761 -0.003561 -0.002673
0.0013857 0.20074 0.04306 -0.11587 0.070816 0.054453 0.0032443 -0.0024609 0.0053994 -0.019846 0.0087412 0.0028966
0.00012153 0.2388 0.022653 -0.1204 0.07901 0.057054 -0.0012642 0.038057 -0.020407 -0.0045263 0.0081945 0.0026008
-0.0015154 0.17358 0.057944 -0.12706 0.072962 0.055502 -0.0016369 -0.06522 0.035291 -0.0066629 -0.0060484 -0.0015515
-0.0027731 0.23098 0.026892 -0.11791 0.072091 0.057234 -0.0012577 0.057401 -0.031052 0.0091487 -0.00087088 0.0017323
-0.0045451 0.2282 0.013862 -0.13398 0.076929 0.057305 -0.0017721 -0.0027793 -0.013031 -0.016067 0.0048383 7.0783e-05
-0.0063726 0.19618 0.03019 -0.11731 0.064037 0.055377 -0.0018275 -0.032016 0.016328 0.016674 -0.012892 -0.0019284
-0.0093663 0.21427 0.00096269 -0.12355 0.075456 0.059983 -0.0029937 0.01809 -0.029227 -0.0062447 0.011419 0.0046066
-0.012726 0.20566 0.032133 -0.12608 0.068848 0.062902 -0.0033595 -0.0086103 0.03117 -0.0025307 -0.0066072 0.0029184
-0.012197 0.18328 0.033144 -0.1215 0.071032 0.063466 0.00052904 -0.02238 0.001011 0.0045804 0.0021832 0.00056416
-0.0095719 0.21685 0.041455 -0.13661 0.076879 0.06222 0.0026248 0.03357 0.0083114 -0.015104 0.0058471 -0.0012459
-0.0056864 0.21879 0.028352 -0.12959 0.09343 0.068457 0.0038855 0.0019402 -0.013103 0.0070166 0.016551 0.0062374
-0.0019084 0.19501 0.047594 -0.14137 0.098863 0.065746 0.003778 -0.023783 0.019242 -0.011776 0.0054332 -0.0027112
-0.0060953 0.2172 0.037828 -0.14172 0.099651 0.070372 -0.0041869 0.022185 -0.0097666 -0.00034994 0.00078755 0.0046254
-0.0066422 0.20524 0.044143 -0.15046 0.093084 0.062722 -0.00054692 -0.011958 0.0063149 -0.0087411 -0.0065671 -0.0076495
-0.013359 0.18072 0.067913 -0.15554 0.064515 0.048517 -0.0067166 -0.024518 0.02377 -0.0050817 -0.028568 -0.014205
-0.013048 0.20756 0.049826 -0.15573 0.068758 0.044765 0.00031113 0.026841 -0.018087 -0.00018982 0.0042426 -0.0037517
-0.011543 0.19519 0.057225 -0.14497 0.047106 0.036031 0.0015045 -0.012369 0.007399 0.010754 -0.021652 -0.0087345
-0.0093186 0.17046 0.073635 -0.15039 0.051492 0.039409 0.0022246 -0.024728 0.01641 -0.0054132 0.0043861 0.0033781
-0.0069074 0.19753 0.056259 -0.15367 0.049495 0.039875 0.0024112 0.027065 -0.017376 -0.0032824 -0.0019969 0.00046603
-0.0079925 0.16248 0.082566 -0.17379 0.053802 0.045216 -0.0010851 -0.035044 0.026307 -0.020123 0.0043067 0.0053412
-0.0085229 0.1591 0.0712 -0.18087 0.056097 0.046003 -0.00053036 -0.0033887 -0.011365 -0.0070753 0.0022955 0.00078645
-0.008091 0.17595 0.070862 -0.18356 0.059088 0.049462 0.00043192 0.016855 -0.00033803 -0.0026918 0.0029908 0.0034589
-0.0080144 0.15505 0.073227 -0.18076 0.057331 0.04889 7.6624e-05 -0.020902 0.0023648 0.0028031 -0.0017567 -0.0005711
-0.0073396 0.15797 0.078356 -0.18122 0.057451 0.044748 0.00067479 0.0029188 0.0051292 -0.00046274 0.00011937 -0.0041428
-0.0068101 0.16231 0.083089 -0.17638 0.057679 0.047321 0.00052946 0.0043409 0.0047332 0.0048346 0.00022851 0.0025737
-0.0096407 0.15619 0.076929 -0.18228 0.063289 0.049646 -0.0028305 -0.0061192 -0.0061604 -0.0058958 0.0056103 0.0023249
-0.0078815 0.15726 0.092334 -0.18163 0.062068 0.05107 0.0017591 0.0010707 0.015405 0.00064967 -0.0012215 0.0014236
-0.011232 0.16209 0.087236 -0.19309 0.069676 0.056598 -0.0033506 0.0048277 -0.0050975 -0.01146 0.0076083 0.0055286
-0.009966 0.16233 0.091649 -0.19186 0.062805 0.051128 0.0012661 0.00023777 0.0044124 0.0012343 -0.0068708 -0.0054701
-0.0091558 0.14991 0.1013 -0.19956 0.061211 0.050536 0.00081022 -0.012411 0.0096544 -0.0076994 -0.0015941 -0.00059218
-0.012413 0.15612 0.087509 -0.19532 0.062384 0.051445 -0.0032573 0.0062096 -0.013794 0.0042368 0.0011726 0.00090935
-0.0084385 0.1552 0.084163 -0.19826 0.06724 0.053003 0.0039746 -0.0009237 -0.0033462 -0.002942 0.0048559 0.0015578
-0.009616 0.14527 0.082773 -0.19976 0.071783 0.057127 -0.0011775 -0.0099337 -0.0013899 -0.0014974 0.0045432 0.0041238
-0.0088062 0.15976 0.084836 -0.20545 0.07097 0.058073 0.00080973 0.014497 0.0020631 -0.005694 -0.00081353 0.00094624
-0.0078892 0.14756 0.096741 -0.20579 0.066574 0.054283 0.00091707 -0.012206 0.011905 -0.00033928 -0.0043959 -0.0037902
-0.014664 0.13939 0.11746 -0.21323 0.065226 0.060787 -0.0067746 -0.0081643 0.020723 -0.0074385 -0.0013474 0.0065038
-0.010801 0.14378 0.12835 -0.21252 0.068654 0.054446 0.0038623 0.0043834 0.010889 0.00070598 0.0034275 -0.0063404
-0.014485 0.14544 0.11438 -0.21224 0.069894 0.065323 -0.003684 0.0016597 -0.013971 0.00028135 0.0012401 0.010877
-0.0065412 0.14103 0.13007 -0.20751 0.065888 0.049603 0.0079443 -0.0044064 0.015684 0.0047332 -0.0040061 -0.015721
-0.010667 0.12838 0.12493 -0.19758 0.057803 0.052567 -0.0041255 -0.012647 -0.0051375 0.0099335 -0.0080847 0.002964
-0.0086952 0.14247 0.11298 -0.19983 0.05616 0.045228 0.0019715 0.014087 -0.011951 -0.0022505 -0.0016432 -0.0073386
-0.012838 0.12189 0.13118 -0.20389 0.057875 0.048681 -0.0041425 -0.020578 0.018201 -0.0040649 0.0017154 0.0034533
-0.0097606 0.14621 0.10285 -0.21544 0.058765 0.048731 0.0030771 0.024319 -0.028326 -0.011544 0.0008896 4.9571e-05
-0.008729 0.15003 0.11131 -0.21415 0.06144 0.048307 0.0010316 0.0038143 0.0084619 0.0012871 0.0026753 -0.00042415
-0.0083952 0.12746 0.12019 -0.21904 0.058336 0.047587 0.00033388 -0.022568 0.0088723 -0.0048917 -0.0031039 -0.00071956
-0.011935 0.13752 0.12183 -0.21709 0.058483 0.052171 -0.0035397 0.01006 0.0016415 0.0019478 0.00014731 0.0045838
-0.014734 0.14513 0.11002 -0.22172 0.069243 0.05523 -0.0027992 0.0076154 -0.011803 -0.0046329 0.010759 0.0030592
-0.013449 0.13365 0.12497 -0.22433 0.060442 0.054254 0.0012853 -0.011483 0.014941 -0.0026015 -0.0088008 -0.00097617
-0.013624 0.14475 0.11844 -0.22232 0.064216 0.05224 -0.00017543 0.011096 -0.0065279 0.002002 0.0037742 -0.0020138
-0.011562 0.15128 0.11183 -0.22132 0.058041 0.053789 0.0020621 0.0065347 -0.0066075 0.00099985 -0.0061747 0.0015491
-0.010805 0.12504 0.13243 -0.21973 0.054699 0.050014 0.00075726 -0.026246 0.020604 0.0015922 -0.0033423 -0.0037756
-0.013961 0.14468 0.11591 -0.22877 0.06307 0.054494 -0.0031565 0.01964 -0.016526 -0.0090392 0.0083714 0.0044802
-0.010223 0.14843 0.11368 -0.23126 0.064925 0.050489 0.0037385 0.0037541 -0.002227 -0.002488 0.0018548 -0.0040053
-0.01455 0.11794 0.14412 -0.24591 0.070263 0.05288 -0.0043269 -0.030488 0.030442 -0.014652 0.0053378 0.0023913
-0.010376 0.14541 0.11554 -0.24645 0.072688 0.05389 0.0041733 0.027463 -0.028586 -0.00053845 0.002425 0.0010098
-0.011268 0.14125 0.12785 -0.24981 0.07387 0.057291 -0.00089172 -0.0041525 0.012315 -0.0033587 0.0011821 0.0034015
-0.012437 0.093333 0.15508 -0.25985 0.068022 0.058091 -0.0011689 -0.04792 0.02723 -0.010037 -0.0058477 0.0008001
-0.013708 0.15803 0.11968 -0.25952 0.074317 0.065338 -0.0012712 0.064693 -0.035407 0.00032695 0.0062946 0.007247
-0.016458 0.12055 0.13381 -0.26575 0.075005 0.064344 -0.00275 -0.037474 0.01413 -0.00623 0.00068833 -0.00099479
-0.015693 0.14928 0.08942 -0.25782 0.080183 0.064844 0.00076518 0.028728 -0.044386 0.0079249 0.0051776 0.00049999
-0.014773 0.14017 0.10054 -0.26004 0.084519 0.065149 0.00091955 -0.0091111 0.011123 -0.0022214 0.0043359 0.00030495
-0.016325 0.090336 0.13328 -0.25644 0.073267 0.060357 -0.001552 -0.049834 0.032739 0.0036045 -0.011252 -0.0047912
-0.014966 0.14473 0.13381 -0.24981 0.083183 0.069401 0.0013597 0.05439 0.00052244 0.0066307 0.0099165 0.0090439
-0.01726 0.1713 0.10734 -0.2333 0.078952 0.06561 -0.0022945 0.026574 -0.026462 0.016505 -0.0042312 -0.0037917
-0.014304 0.23567 0.036022 -0.21016 0.097601 0.075326 0.0029559 0.064366 -0.071321 0.023148 0.018649 0.0097167
-0.015298 0.20642 0.025299 -0.20792 0.091141 0.073173 -0.00099359 -0.029245 -0.010723 0.0022393 -0.0064597 -0.002153
-0.01393 0.18416 0.032972 -0.21316 0.092642 0.076726 0.0013679 -0.022265 0.0076732 -0.0052403 0.0015007 0.0035522
-0.014014 0.17325 0.039791 -0.21343 0.089639 0.075488 -8.3625e-05 -0.01091 0.0068195 -0.0002727 -0.0030027 -0.001238
-0.011241 0.16798 0.067815 -0.22285 0.085354 0.07559 0.0027727 -0.0052686 0.028024 -0.0094199 -0.0042853 0.00010265
-0.0088955 0.18473 0.047456 -0.20782 0.086767 0.067204 0.0023455 0.01675 -0.020359 0.015033 0.0014133 -0.0083861
-0.0086246 0.18454 0.0485 -0.21317 0.077484 0.065582 0.0002709 -0.00018624 0.0010444 -0.0053492 -0.009283 -0.0016222
-0.0090336 0.17551 0.060171 -0.20983 0.078814 0.062477 -0.00040901 -0.0090348 0.01167 0.0033322 0.0013298 -0.0031047
-0.013847 0.17669 0.058869 -0.2114 0.080509 0.059633 -0.0048139 0.0011842 -0.001302 -0.0015668 0.0016954 -0.0028439
-0.013687 0.20311 0.058687 -0.21329 0.084925 0.075004 0.00016003 0.026422 -0.00018186 -0.0018852 0.0044154 0.01537
-0.015262 0.16068 0.084908 -0.21712 0.086729 0.062626 -0.0015744 -0.04243 0.026221 -0.0038311 0.0018045 -0.012378
-0.015237 0.19295 0.069569 -0.22039 0.077699 0.079461 2.4683e-05 0.032266 -0.015339 -0.0032702 -0.0090308 0.016835
-0.013985 0.18092 0.062521 -0.21837 0.085577 0.071372 0.0012522 -0.01203 -0.0070475 0.0020213 0.0078789 -0.0080891
-0.013744 0.14536 0.10084 -0.21686 0.07962 0.072388 0.00024051 -0.03556 0.03832 0.0015097 -0.0059578 0.0010156
-0.01078 0.19898 0.051613 -0.2187 0.098155 0.074311 0.0029648 0.053619 -0.049229 -0.0018414 0.018536 0.0019232
-0.0070432 0.1679 0.080784 -0.22488 0.10335 0.071706 0.0037364 -0.031073 0.029172 -0.0061824 0.0051956 -0.0026045
-0.0093285 0.1662 0.077442 -0.23131 0.1026 0.072927 -0.0022853 -0.0017011 -0.0033417 -0.0064337 -0.0007527 0.0012202
-0.0076496 0.21175 0.04255 -0.23568 0.1078 0.081447 0.0016789 0.045542 -0.034892 -0.0043703 0.0052038 0.0085207
-0.013812 0.14493 0.097536 -0.24669 0.099898 0.074635 -0.0061625 -0.066812 0.054986 -0.011004 -0.0079042 -0.0068125
-0.013137 0.16435 0.068266 -0.27329 0.10354 0.079518 0.00067554 0.019415 -0.02927 -0.026597 0.0036435 0.0048833
-0.014748 0.18809 0.069441 -0.2738 0.11018 0.075793 -0.0016114 0.023742 0.0011751 -0.00051684 0.006634 -0.0037248
-0.014441 0.099837 0.11448 -0.30473 0.10664 0.071557 0.00030728 -0.088253 0.045037 -0.030924 -0.0035382 -0.0042367
-0.013328 0.20661 0.047747 -0.28408 0.11475 0.079458 0.0011128 0.10677 -0.066731 0.020647 0.008108 0.0079016
-0.014233 0.12491 0.09267 -0.31051 0.11936 0.082003 -0.00090477 -0.081695 0.044924 -0.026432 0.004618 0.0025451
-0.014851 0.16013 0.041829 -0.26993 0.1071 0.081506 -0.00061875 0.035217 -0.050841 0.040578 -0.012267 -0.00049701
-0.012164 0.20984 0.036927 -0.2711 0.12065 0.086471 0.0026873 0.049709 -0.0049023 -0.0011634 0.013559 0.0049644
-0.014141 0.18017 0.052302 -0.25532 0.1059 0.083297 -0.0019774 -0.029666 0.015375 0.015776 -0.014751 -0.0031736
-0.0099757 0.23189 -0.025125 -0.31649 0.12622 0.091204 0.0041657 0.051723 -0.077427 -0.06117 0.020319 0.0079074
-0.011828 0.14174 0.079054 -0.29134 0.12404 0.09436 -0.0018528 -0.090155 0.10418 0.025154 -0.0021834 0.0031554
-0.015996 0.081141 0.10121 -0.27361 0.12013 0.088781 -0.0041672 -0.060596 0.022153 0.017727 -0.0039113 -0.0055786
-0.016401 0.10932 0.23779 -0.21395 0.12076 0.09167 -0.00040554 0.028181 0.13658 0.059665 0.00063028 0.0028888
-0.025314 0.15342 0.24228 -0.22682 0.12095 0.098263 -0.0089125 0.044102 0.0044895 -0.012875 0.00019246 0.0065928
-0.02532 0.22606 0.14987 -0.30809 0.1268 0.10319 -6.4662e-06 0.07264 -0.092407 -0.081264 0.0058453 0.0049231
-0.024401 0.22594 0.12991 -0.35461 0.13576 0.11447 0.00091876 -0.00012698 -0.019954 -0.046526 0.0089626 0.011287
-0.023291 0.18333 0.086668 -0.35461 0.12808 0.10829 0.00111 -0.042608 -0.043246 -2.0285e-06 -0.0076761 -0.0061808
-0.017947 0.18857 0.11136 -0.33349 0.13934 0.11658 0.0053445 0.0052436 0.024687 0.021123 0.011258 0.0082868
-0.020877 0.19693 0.073753 -0.31385 0.14981 0.11383 -0.0029303 0.0083559 -0.037602 0.01964 0.010469 -0.0027448
-0.023408 0.22708 -0.0024232 -0.3024 0.16108 0.11619 -0.0025305 0.030151 -0.076177 0.011447 0.011272 0.0023516
-0.032081 0.19293 -0.0057145 -0.36366 0.17157 0.10664 -0.0086739 -0.034153 -0.0032913 -0.061251 0.010485 -0.0095436
-0.032912 0.23941 -0.017318 -0.3464 0.17173 0.11817 -0.0008307 0.046484 -0.011603 0.017253 0.00016631 0.011526
-0.040334 0.18737 0.044806 -0.41077 0.17037 0.11614 -0.0074215 -0.052041 0.062124 -0.064371 -0.0013663 -0.002025
-0.030875 0.23755 0.039135 -0.39242 0.17744 0.14193 0.0094584 0.050183 -0.0056718 0.018355 0.0070669 0.025783
-0.032984 0.20556 0.057953 -0.38224 0.17681 0.14047 -0.0021092 -0.031987 0.018818 0.010179 -0.00062478 -0.0014529
-0.026521 0.17334 0.082036 -0.39668 0.18163 0.14327 0.0064636 -0.032224 0.024083 -0.014437 0.004815 0.0027946
-0.03167 0.18454 0.059194 -0.36601 0.18376 0.13718 -0.0051493 0.011201 -0.022842 0.030662 0.0021323 -0.0060873
-0.030682 0.19165 0.060541 -0.3699 0.18372 0.13418 0.00098788 0.007108 0.0013467 -0.0038839 -3.2994e-05 -0.003
-0.027302 0.13967 0.1114 -0.38772 0.18295 0.13072 0.0033802 -0.051974 0.05086 -0.017818 -0.00077203 -0.0034625
-0.024366 0.20401 0.030631 -0.35974 0.17908 0.13899 0.0029364 0.064334 -0.08077 0.02798 -0.0038698 0.0082717
-0.014425 0.090718 0.15553 -0.39753 0.16724 0.1255 0.0099408 -0.11329 0.1249 -0.037795 -0.011838 -0.013494
-0.016257 0.15522 -0.0058288 -0.23863 0.14408 0.11316 -0.0018325 0.064499 -0.16136 0.1589 -0.02316 -0.012337
-0.013704 0.17364 0.047676 -0.18558 0.12205 0.10216 0.0025533 0.018423 0.053505 0.053054 -0.022035 -0.011
-0.012435 0.1618 -0.0273 -0.046031 0.11066 0.091237 0.0012695 -0.011844 -0.074976 0.13955 -0.01139 -0.010922
-0.018615 0.2791 -0.083296 -0.086548 0.12432 0.10967 -0.0061806 0.11731 -0.055996 -0.040517 0.013665 0.018429
-0.012523 0.1781 -0.07037 -0.10945 0.1535 0.11189 0.0060916 -0.10101 0.012926 -0.0229 0.029176 0.0022199
-0.018696 0.26492 -0.13121 -0.18006 0.18206 0.1259 -0.0061727 0.086824 -0.060842 -0.070611 0.028558 0.014018
-0.017252 0.18576 -0.091397 -0.18898 0.1857 0.12005 0.0014443 -0.079163 0.039815 -0.008922 0.0036415 -0.0058492
-0.020597 0.20452 -0.078678 -0.20067 0.17771 0.13546 -0.0033447 0.018765 0.012719 -0.011687 -0.0079854 0.015407
-0.02382 0.22054 -0.09673 -0.18554 0.15811 0.12221 -0.0032236 0.016015 -0.018053 0.015127 -0.019604 -0.013251
-0.022937 0.19197 -0.068915 -0.19404 0.14739 0.13383 0.00088339 -0.028567 0.027815 -0.008496 -0.010717 0.011616
-0.022651 0.22024 -0.074888 -0.20534 0.15327 0.1172 0.00028579 0.028272 -0.0059726 -0.011304 0.0058725 -0.016625
-0.020673 0.21439 -0.069852 -0.21258 0.15772 0.12498 0.0019781 -0.0058548 0.0050361 -0.0072438 0.0044528 0.0077776
-0.01947 0.19643 -0.044558 -0.2199 0.16229 0.12319 0.0012029 -0.01796 0.025293 -0.0073171 0.0045718 -0.0017894
-0.020879 0.21303 -0.056059 -0.2201 0.16596 0.12129 -0.0014096 0.016602 -0.011501 -0.00019605 0.0036731 -0.0019011
-0.017035 0.20756 -0.04774 -0.23131 0.16794 0.1202 0.0038443 -0.0054728 0.0083195 -0.011217 0.0019787 -0.0010891
-0.018965 0.19735 -0.016489 -0.25131 0.17639 0.10972 -0.0019303 -0.010207 0.031251 -0.019995 0.0084514 -0.010483
-0.014857 0.20461 -0.038366 -0.26289 0.17867 0.11684 0.0041089 0.0072625 -0.021878 -0.011582 0.0022757 0.0071211
-0.016303 0.22603 -0.033975 -0.26395 0.18658 0.12407 -0.0014461 0.021412 0.0043909 -0.0010567 0.0079148 0.0072296
-0.015741 0.17698 -0.037987 -0.26238 0.18363 0.12964 0.00056129 -0.049048 -0.0040114 0.0015687 -0.0029565 0.0055725
-0.013372 0.24572 -0.055825 -0.26052 0.1939 0.13223 0.0023689 0.068739 -0.017839 0.0018618 0.010269 0.0025888
-0.014047 0.20223 -0.038931 -0.26659 0.1877 0.12337 -0.00067484 -0.043488 0.016894 -0.0060679 -0.0061967 -0.0088572
-0.013422 0.1988 -0.025685 -0.28105 0.18629 0.11737 0.00062538 -0.0034267 0.013246 -0.014466 -0.0014096 -0.0060009
-0.012294 0.22797 -0.038741 -0.28729 0.18633 0.11836 0.0011275 0.029162 -0.013056 -0.0062347 3.6794e-05 0.00098649
-0.01268 0.18495 -0.007658 -0.29659 0.18448 0.11451 -0.00038508 -0.04302 0.031083 -0.0093078 -0.0018511 -0.0038486
-0.0095462 0.19255 0.014255 -0.29151 0.17968 0.10899 0.0031333 0.0076046 0.021913 0.0050867 -0.0047927 -0.0055157
-0.013534 0.23641 -0.001766 -0.28354 0.18029 0.12103 -0.0039881 0.043856 -0.016021 0.0079671 0.0006057 0.012033
-0.014618 0.18128 0.037369 -0.27763 0.16858 0.11455 -0.0010841 -0.055122 0.039135 0.0059141 -0.011705 -0.0064709
-0.016869 0.2244 0.0077171 -0.27717 0.18023 0.13468 -0.0022502 0.043115 -0.029652 0.00045869 0.011643 0.020128
-0.015745 0.22697 0.0042304 -0.28772 0.18773 0.12329 0.0011232 0.002569 -0.0034867 -0.010551 0.0075014 -0.011395
-0.014882 0.16055 0.044154 -0.30871 0.19313 0.1225 0.00086371 -0.066417 0.039923 -0.020995 0.0053977 -0.00078431
-0.016378 0.21882 -0.003401 -0.33473 0.19998 0.12386 -0.0014965 0.058266 -0.047554 -0.026021 0.0068543 0.0013557
-0.014069 0.17335 0.028675 -0.34569 0.1964 0.12006 0.0023087 -0.04547 0.032076 -0.010953 -0.0035808 -0.0037966
-0.018458 0.15366 0.029479 -0.36818 0.1896 0.12449 -0.0043888 -0.019689 0.00080369 -0.02249 -0.0067973 0.0044287
-0.016342 0.22784 -0.00069463 -0.35828 0.20273 0.12513 0.0021161 0.074177 -0.030174 0.0098961 0.013129 0.00064152
-0.018054 0.14556 0.054322 -0.38232 0.2003 0.12671 -0.0017117 -0.082273 0.055016 -0.024039 -0.0024284 0.0015728
-0.02194 0.17803 0.030444 -0.38961 0.20994 0.13658 -0.0038866 0.032464 -0.023877 -0.0072848 0.0096414 0.0098765
-0.019012 0.21265 0.030213 -0.39997 0.21821 0.14198 0.0029284 0.034626 -0.00023098 -0.010366 0.0082622 0.0053932
-0.029175 0.16178 0.065941 -0.43068 0.21353 0.14125 -0.010163 -0.050869 0.035728 -0.030705 -0.0046722 -0.00072396
-0.029217 0.25044 0.031862 -0.43988 0.22343 0.14048 -4.2186e-05 0.088659 -0.034079 -0.0091992 0.0098913 -0.0007685
-0.029386 0.1971 0.063921 -0.49007 0.22424 0.14095 -0.00016834 -0.053339 0.032059 -0.050195 0.00081858 0.00046918
-0.028433 0.1539 0.11638 -0.5519 0.22928 0.14095 0.00095275 -0.043206 0.05246 -0.061832 0.0050357 -9.7112e-07
-0.021377 0.19709 0.084647 -0.53382 0.23919 0.16029 0.0070556 0.04319 -0.031734 0.018083 0.009912 0.019335
-0.022611 0.16673 0.11756 -0.52151 0.23536 0.14767 -0.0012338 -0.030353 0.032911 0.012313 -0.0038278 -0.012617
-0.022347 0.18307 0.067643 -0.36648 0.18901 0.12936 0.00026418 0.016333 -0.049915 0.15502 -0.046357 -0.018307
-0.024994 0.22154 0.020128 -0.3492 0.2056 0.12253 -0.0026471 0.038477 -0.047515 0.017285 0.016593 -0.0068275
-0.015985 0.15814 0.018274 -0.27947 0.20201 0.13911 0.0090087 -0.063404 -0.0018538 0.069726 -0.0035874 0.016577
-0.0078815 0.21023 -0.027986 -0.19512 0.25371 0.15483 0.0081037 0.052095 -0.04626 0.084348 0.0517 0.015721
0.013523 0.25266 -0.094776 -0.043629 0.17891 0.13272 0.021405 0.042421 -0.066791 0.1515 -0.074805 -0.022117
0.024256 0.22341 -0.082428 0.19822 0.061788 0.01424 0.010733 -0.029248 0.012348 0.24185 -0.11712 -0.11848
0.018165 0.26714 -0.093476 0.12194 -0.053572 -0.039372 -0.0060909 0.043733 -0.011048 -0.07628 -0.11536 -0.053612
0.011538 0.1929 -0.022289 0.050682 -0.049332 -0.068166 -0.0066271 -0.074239 0.071188 -0.07126 0.0042399 -0.028794
-0.011609 0.14457 0.060624 -0.19069 0.0094546 0.00090625 -0.023147 -0.048328 0.082913 -0.24137 0.058786 0.069072
-0.015384 0.22975 -6.499e-05 -0.22485 0.078966 0.052805 -0.0037745 0.085173 -0.060689 -0.034159 0.069512 0.051899
-0.014181 0.18336 0.032887 -0.20408 0.091832 0.071674 0.0012022 -0.046382 0.032952 0.02077 0.012866 0.018868
-0.013982 0.2672 -0.057676 -0.17482 0.09465 0.075462 0.00019932 0.083838 -0.090563 0.02926 0.0028172 0.0037883
-0.0062529 0.2629 -0.041899 -0.19949 0.11646 0.078296 0.0077292 -0.0043043 0.015777 -0.024671 0.021815 0.0028341
-0.012778 0.19633 -0.040046 -0.22851 0.11718 0.076368 -0.0065255 -0.066564 0.0018532 -0.029023 0.00072006 -0.0019279
-0.01309 0.23915 -0.037991 -0.29989 0.13116 0.090637 -0.00031212 0.042815 0.0020552 -0.071383 0.013973 0.014269
-0.014199 0.18037 -0.015477 -0.32038 0.12885 0.089578 -0.0011088 -0.058782 0.022514 -0.020489 -0.0023053 -0.0010591
-0.016636 0.15776 0.003478 -0.3251 0.13255 0.1052 -0.0024368 -0.022608 0.018955 -0.0047186 0.0036978 0.01562
-0.014571 0.22502 -0.03101 -0.31266 0.14854 0.10744 0.0020655 0.06726 -0.034488 0.012436 0.015988 0.002238
-0.017629 0.17098 -0.029825 -0.23509 0.13004 0.10207 -0.0030584 -0.054039 0.0011844 0.077574 -0.018493 -0.0053674
-0.017186 0.23237 -0.055549 -0.21275 0.12651 0.08859 0.0004424 0.061391 -0.025724 0.022339 -0.0035352 -0.013479
-0.018498 0.24324 -0.068803 -0.19303 0.11404 0.089068 -0.0013118 0.010872 -0.013253 0.019715 -0.012467 0.00047825
-0.017979 0.2061 -0.033905 -0.20394 0.11233 0.084367 0.00051919 -0.037145 0.034898 -0.010901 -0.001711 -0.0047007
-0.019445 0.24313 -0.060296 -0.2166 0.12427 0.096524 -0.0014655 0.03703 -0.026391 -0.012667 0.011936 0.012156
-0.01843 0.22827 -0.052652 -0.2106 0.12447 0.099686 0.0010148 -0.014862 0.0076442 0.0059982 0.00019901 0.0031619
-0.019616 0.20721 -0.035063 -0.21255 0.13305 0.095077 -0.0011861 -0.021058 0.017589 -0.0019508 0.0085796 -0.0046082
-0.018989 0.22824 -0.02788 -0.21844 0.12599 0.096768 0.00062653 0.021032 0.0071833 -0.0058883 -0.0070597 0.0016907
-0.018333 0.22444 -0.021563 -0.22652 0.13281 0.091057 0.00065602 -0.003796 0.0063166 -0.008081 0.0068251 -0.0057113
-0.017399 0.21219 -0.0050479 -0.23323 0.12838 0.095038 0.0009338 -0.012257 0.016515 -0.006702 -0.0044332 0.0039807
-0.016825 0.23439 -0.025054 -0.22959 0.1308 0.092648 0.00057438 0.022206 -0.020006 0.0036392 0.0024232 -0.0023894
-0.015131 0.22876 -0.02569 -0.22819 0.12905 0.099137 0.0016939 -0.005634 -0.00063546 0.0013976 -0.001749 0.0064892
-0.018395 0.20303 -0.0064466 -0.2296 0.12672 0.090783 -0.0032638 -0.025729 0.019243 -0.0014079 -0.0023287 -0.008354
-0.016733 0.24412 -0.03545 -0.23367 0.12916 0.10683 0.0016616 0.041088 -0.029003 -0.0040737 0.0024418 0.01605
-0.0207 0.21366 -0.026441 -0.24134 0.13796 0.10451 -0.0039664 -0.030455 0.0090085 -0.0076734 0.0087987 -0.0023261
-0.018183 0.20963 -0.018169 -0.24964 0.13205 0.10856 0.0025164 -0.0040283 0.0082716 -0.0082971 -0.0059085 0.0040508
-0.021517 0.22447 -0.049365 -0.24212 0.14027 0.11115 -0.0033339 0.01484 -0.031195 0.0075168 0.0082147 0.0025931
-0.019986 0.21002 -0.023701 -0.24225 0.13209 0.10789 0.0015315 -0.014458 0.025664 -0.00012428 -0.0081788 -0.0032639
-0.023444 0.18785 0.002016 -0.24062 0.12892 0.10731 -0.0034581 -0.022164 0.025717 0.0016284 -0.0031683 -0.00057722
-0.022386 0.22078 -0.008847 -0.26046 0.13374 0.1062 0.0010578 0.032931 -0.010863 -0.019835 0.0048176 -0.0011106
-0.024061 0.18053 0.033307 -0.28172 0.13121 0.10082 -0.0016746 -0.040248 0.042154 -0.021267 -0.0025252 -0.0053797
-0.025769 0.18741 0.017436 -0.30273 0.12923 0.10038 -0.0017088 0.0068742 -0.015871 -0.021007 -0.0019826 -0.00043821
-0.02551 0.22645 -0.0031826 -0.30531 0.13758 0.10995 0.00025927 0.039045 -0.020619 -0.002582 0.008349 0.009566
-0.024045 0.185 0.041874 -0.32051 0.14506 0.11508 0.0014649 -0.041456 0.045056 -0.015199 0.0074788 0.0051319
-0.022188 0.21538 0.035051 -0.34461 0.17165 0.12647 0.0018574 0.030381 -0.0068229 -0.024103 0.026591 0.01139
-0.01806 0.22503 0.050142 -0.36728 0.2027 0.13509 0.0041276 0.0096476 0.015091 -0.022669 0.03105 0.008622
-0.022749 0.17944 0.072993 -0.38877 0.20396 0.12908 -0.0046891 -0.045588 0.022851 -0.021492 0.0012558 -0.0060139
-0.019024 0.21585 0.06285 -0.39875 0.2156 0.13286 0.0037257 0.036408 -0.010143 -0.0099743 0.011643 0.0037823
-0.024329 0.20657 0.066043 -0.39213 0.21178 0.13301 -0.0053056 -0.0092726 0.0031924 0.0066136 -0.0038246 0.00015183
-0.020684 0.18816 0.10473 -0.41352 0.20995 0.13835 0.003645 -0.018415 0.038684 -0.021386 -0.0018281 0.0053339
-0.025232 0.20696 0.086347 -0.4128 0.21567 0.14662 -0.0045474 0.018804 -0.01838 0.00071991 0.0057263 0.0082765
-0.023824 0.22151 0.093247 -0.4071 0.22006 0.14711 0.001408 0.014545 0.0068999 0.0057039 0.0043861 0.00048706
-0.026065 0.17686 0.13638 -0.42805 0.20865 0.14918 -0.0022411 -0.044651 0.04313 -0.020952 -0.011411 0.002074
-0.026007 0.22729 0.10093 -0.41395 0.22508 0.15122 5.8297e-05 0.050429 -0.035446 0.014098 0.016434 0.0020324
-0.027858 0.19272 0.12744 -0.42315 0.20805 0.15657 -0.0018514 -0.034566 0.026512 -0.0091959 -0.017037 0.0053535
-0.023959 0.20742 0.040829 -0.41529 0.22134 0.15304 0.0038989 0.014705 -0.086614 0.0078572 0.013291 -0.003529
-0.028391 0.22209 0.0086109 -0.37084 0.22018 0.14651 -0.0044323 0.014667 -0.032218 0.044453 -0.0011575 -0.0065247
-0.034806 0.22095 -0.02639 -0.41354 0.22492 0.14056 -0.0064152 -0.0011422 -0.035001 -0.042702 0.0047413 -0.0059597
-0.047353 0.16152 0.056159 -0.40821 0.21414 0.1287 -0.012546 -0.059429 0.082549 0.0053271 -0.010784 -0.011856
-0.056495 0.21989 0.036623 -0.47066 0.2218 0.13689 -0.0091422 0.058364 -0.019536 -0.062444 0.0076601 0.0081876
-0.048215 0.186 0.077172 -0.46141 0.21082 0.14642 0.0082798 -0.033883 0.040549 0.0092463 -0.010976 0.0095379
-0.044016 0.17512 0.074139 -0.50325 0.23163 0.15398 0.0041996 -0.010884 -0.0030328 -0.041836 0.020812 0.0075515
-0.038467 0.19565 0.096527 -0.55776 0.2438 0.17399 0.0055486 0.020529 0.022388 -0.054513 0.012166 0.020014
-0.039668 0.14229 0.14925 -0.58607 0.26214 0.1681 -0.0012005 -0.053355 0.052725 -0.02831 0.018341 -0.0058866
-0.038953 0.16945 0.17671 -0.61624 0.26503 0.1707 0.00071483 0.027163 0.027462 -0.030175 0.0028962 0.0025918
-0.037001 0.21 0.13252 -0.54906 0.26397 0.16496 0.0019518 0.040543 -0.044192 0.067187 -0.0010678 -0.0057312
-0.031574 0.16885 0.17358 -0.56878 0.25545 0.1618 0.0054268 -0.041152 0.041054 -0.019726 -0.0085202 -0.0031648
-0.034299 0.15335 0.16975 -0.58555 0.26126 0.15665 -0.0027251 -0.015492 -0.0038258 -0.016767 0.0058147 -0.0051457
-0.031988 0.17357 0.18063 -0.60576 0.26927 0.16616 0.0023113 0.020214 0.010877 -0.020211 0.0080084 0.0095081
-0.030404 0.14794 0.19777 -0.60123 0.27834 0.15968 0.0015844 -0.02563 0.017137 0.0045259 0.0090733 -0.006478
-0.034487 0.1931 0.1774 -0.56731 0.27409 0.16574 -0.0040839 0.045163 -0.02036 0.033923 -0.004254 0.0060513
-0.031212 0.2411 0.14401 -0.55198 0.28207 0.16853 0.0032759 0.048002 -0.033395 0.015327 0.0079765 0.0027898
-0.036587 0.18177 0.17401 -0.56452 0.26857 0.15986 -0.0053752 -0.059331 0.030001 -0.01254 -0.013495 -0.0086687
-0.032006 0.23468 0.13173 -0.55865 0.27492 0.16436 0.0045806 0.052905 -0.042282 0.0058691 0.0063536 0.0045035
-0.031338 0.21013 0.14862 -0.55604 0.27512 0.16672 0.0006679 -0.024551 0.016893 0.0026134 0.00020014 0.0023571
-0.030113 0.17581 0.16722 -0.55836 0.27295 0.16553 0.0012249 -0.034316 0.018601 -0.0023182 -0.0021756 -0.0011906
-0.032289 0.21769 0.15888 -0.5559 0.28057 0.18186 -0.002176 0.041879 -0.0083476 0.0024553 0.0076234 0.016337
-0.031401 0.19307 0.16629 -0.56443 0.28274 0.18152 0.00088805 -0.024617 0.0074117 -0.0085249 0.0021727 -0.00034048
-0.034558 0.17768 0.1929 -0.57024 0.2839 0.1797 -0.0031567 -0.015388 0.026616 -0.0058074 0.0011579 -0.0018253
-0.031852 0.18974 0.17236 -0.57419 0.29643 0.18507 0.0027062 0.01206 -0.020542 -0.0039504 0.012525 0.0053727
-0.032899 0.18574 0.17336 -0.57021 0.28473 0.17364 -0.0010468 -0.0040011 0.0010004 0.0039765 -0.0117 -0.011432
-0.031975 0.18388 0.14638 -0.55946 0.28874 0.18316 0.00092372 -0.0018596 -0.026984 0.010748 0.0040146 0.0095238
-0.033544 0.21981 0.15051 -0.55829 0.27676 0.1718 -0.0015691 0.035924 0.0041375 0.0011711 -0.011988 -0.011361
-0.035861 0.19943 0.14064 -0.5552 0.28435 0.18403 -0.0023173 -0.020375 -0.0098736 0.0030869 0.007595 0.012231
-0.036951 0.18398 0.20364 -0.58096 0.28742 0.17913 -0.0010899 -0.015453 0.063001 -0.025752 0.0030689 -0.0049018
-0.035719 0.21647 0.15155 -0.56584 0.29185 0.18812 0.0012319 0.032494 -0.052096 0.015115 0.0044304 0.0089873
-0.033364 0.21016 0.15681 -0.57032 0.29742 0.19098 0.0023557 -0.006315 0.0052669 -0.0044746 0.0055737 0.0028588
-0.032311 0.19473 0.17165 -0.58784 0.28869 0.17968 0.0010527 -0.015433 0.014837 -0.017528 -0.0087348 -0.011291
-0.032038 0.20431 0.13754 -0.58167 0.28052 0.19059 0.00027251 0.0095852 -0.034111 0.0061716 -0.008172 0.010907
-0.03274 0.19741 0.17268 -0.60566 0.27397 0.1893 -0.00070146 -0.0068959 0.035139 -0.023992 -0.0065454 -0.0012919
-0.032072 0.17705 0.15775 -0.58333 0.2688 0.18771 0.00066829 -0.020366 -0.014927 0.022329 -0.0051668 -0.0015886
-0.035579 0.22758 0.14024 -0.57289 0.27408 0.18959 -0.0035074 0.050535 -0.017511 0.010441 0.0052799 0.0018816
-0.032763 0.18187 0.15574 -0.5559 0.27935 0.17715 0.0028163 -0.045717 0.015501 0.016993 0.005266 -0.012446
-0.037547 0.18483 0.17161 -0.5742 0.28164 0.17282 -0.0047838 0.0029673 0.015871 -0.018299 0.0022853 -0.0043305
-0.033829 0.20161 0.15348 -0.56283 0.27997 0.18539 0.0037178 0.016778 -0.018132 0.011369 -0.0016676 0.012578
-0.034249 0.17728 0.18727 -0.58993 0.28867 0.1788 -0.00042008 -0.024333 0.033792 -0.027102 0.0087029 -0.0065924
-0.03528 0.18116 0.19089 -0.57466 0.28472 0.19835 -0.0010316 0.0038787 0.0036176 0.015278 -0.0039497 0.019547
-0.031712 0.18912 0.18216 -0.58467 0.29654 0.18438 0.0035687 0.0079615 -0.0087269 -0.010019 0.011817 -0.013969
-0.034728 0.17041 0.20273 -0.60581 0.3025 0.19302 -0.0030166 -0.018712 0.020567 -0.021136 0.0059599 0.0086395
-0.03215 0.16085 0.19798 -0.61681 0.27894 0.17757 0.0025786 -0.009556 -0.0047526 -0.011002 -0.02356 -0.015449
-0.025723 0.22131 0.15664 -0.48855 0.25602 0.17988 0.0064268 0.06046 -0.041336 0.12826 -0.022915 0.002311
-0.035858 0.16575 0.21466 -0.62102 0.28337 0.18174 -0.010135 -0.055558 0.058016 -0.13246 0.027351 0.0018577
-0.040971 0.10137 0.25035 -0.84894 0.3119 0.17775 -0.0051128 -0.064386 0.035689 -0.22793 0.028522 -0.0039911
-0.055803 0.029186 0.32438 -1.3838 0.41391 0.21568 -0.014833 -0.072182 0.074032 -0.53481 0.10202 0.037928
-0.057375 -0.094551 0.42626 -1.751 0.41529 0.21702 -0.0015721 -0.12374 0.10188 -0.36722 0.0013805 0.0013441
-0.035875 -0.042484 0.42409 -1.7263 0.41768 0.24468 0.021501 0.052067 -0.0021697 0.024718 0.002384 0.027664
-0.036093 0.067889 0.3818 -1.4865 0.39998 0.23498 -0.00021848 0.11037 -0.042289 0.23971 -0.017701 -0.0097061
-0.025884 0.055977 0.38167 -1.2097 0.39089 0.21993 0.01021 -0.011913 -0.000134 0.27684 -0.0090847 -0.015053
-0.041101 0.16938 0.26006 -1.0287 0.38291 0.21762 -0.015217 0.1134 -0.1216 0.18096 -0.0079848 -0.0023077
-0.042388 0.13864 0.2704 -1.0037 0.37653 0.20593 -0.001287 -0.030741 0.01034 0.025014 -0.0063743 -0.011688
-0.042758 0.11865 0.24058 -0.95673 0.35916 0.21349 -0.00037025 -0.019993 -0.029819 0.046998 -0.017374 0.0075607
-0.042024 0.18462 0.22413 -0.94982 0.37242 0.21417 0.00073397 0.065976 -0.016457 0.0069171 0.013264 0.00068364
-0.041698 0.1251 0.24242 -0.96087 0.37678 0.21167 0.00032562 -0.059519 0.018294 -0.011055 0.0043548 -0.0024988
-0.042173 0.13004 0.25048 -0.95722 0.3768 0.21421 -0.00047414 0.0049316 0.0080606 0.0036461 2.0173e-05 0.0025315
-0.042179 0.15166 0.22695 -0.94733 0.37174 0.21137 -6.5017e-06 0.021621 -0.02353 0.0098954 -0.0050619 -0.0028328
-0.041784 0.12076 0.25296 -0.93628 0.37504 0.21578 0.00039531 -0.030898 0.026006 0.011048 0.0033054 0.004404
-0.041949 0.13256 0.22464 -0.933 0.37361 0.22684 -0.00016555 0.011805 -0.028315 0.0032841 -0.0014348 0.011066
-0.041839 0.14354 0.24042 -0.91398 0.37639 0.22141 0.00011035 0.010981 0.015776 0.019016 0.0027823 -0.005435
-0.041338 0.12442 0.23345 -0.91831 0.37663 0.23057 0.00050078 -0.019119 -0.0069716 -0.0043276 0.0002401 0.0091603
-0.042621 0.11692 0.27499 -0.90489 0.36876 0.22187 -0.0012824 -0.007503 0.041538 0.013414 -0.0078755 -0.0086999
-0.042072 0.14467 0.23447 -0.90899 0.38156 0.22284 0.00054848 0.027748 -0.040515 -0.0040928 0.012805 0.00097441
-0.04407 0.12052 0.25544 -0.91641 0.3809 0.22446 -0.0019984 -0.024155 0.02097 -0.0074219 -0.00066042 0.0016125
-0.041939 0.11678 0.25556 -0.92796 0.38464 0.21337 0.0021316 -0.0037393 0.00011643 -0.011554 0.0037413 -0.011083
-0.042682 0.16505 0.214 -0.9135 0.3909 0.2272 -0.0007434 0.048276 -0.041557 0.014461 0.0062551 0.013828
-0.041351 0.11227 0.27406 -0.92337 0.38158 0.21747 0.0013311 -0.052783 0.06006 -0.0098681 -0.0093173 -0.0097285
-0.040663 0.14685 0.22391 -0.89857 0.38769 0.2315 0.00068864 0.034586 -0.050145 0.024798 0.0061079 0.014032
-0.039838 0.17669 0.23873 -0.91417 0.38285 0.22469 0.00082482 0.029836 0.014815 -0.015595 -0.0048331 -0.0068117
-0.03948 0.091223 0.26631 -0.90747 0.37929 0.229 0.00035817 -0.085469 0.027576 0.0066983 -0.0035641 0.0043031
-0.040986 0.1753 0.20841 -0.91624 0.38545 0.23229 -0.0015065 0.084081 -0.057896 -0.008774 0.0061646 0.0032928
-0.040669 0.12069 0.23282 -0.91072 0.38088 0.22854 0.00031721 -0.054611 0.024406 0.0055274 -0.0045784 -0.0037454
-0.041845 0.1475 0.19036 -0.92436 0.38181 0.22436 -0.001176 0.026807 -0.042457 -0.013649 0.00093641 -0.0041841
-0.039832 0.17838 0.222 -0.92401 0.38043 0.22178 0.0020126 0.030885 0.031645 0.00035427 -0.0013832 -0.0025836
-0.041428 0.15437 0.22854 -0.92316 0.38338 0.22273 -0.0015954 -0.024018 0.0065373 0.00085222 0.0029523 0.00095683
-0.040681 0.14393 0.25838 -0.92103 0.39961 0.23265 0.00074662 -0.010435 0.029842 0.0021317 0.016228 0.0099188
-0.041103 0.15421 0.24101 -0.9095 0.39905 0.23396 -0.00042186 0.01028 -0.01737 0.01153 -0.0005556 0.0013054
-0.041831 0.14936 0.22286 -0.90836 0.40346 0.23196 -0.00072794 -0.0048509 -0.018149 0.001137 0.004407 -0.0019964
-0.041623 0.13379 0.25239 -0.9061 0.38687 0.22712 0.00020806 -0.015566 0.029531 0.002258 -0.016591 -0.0048416
-0.044016 0.16332 0.20935 -0.89094 0.38673 0.22894 -0.0023936 0.029522 -0.043045 0.015159 -0.0001422 0.0018211
-0.040996 0.13721 0.24126 -0.89753 0.39022 0.22369 0.0030209 -0.026102 0.031915 -0.0065906 0.0034977 -0.005246
-0.042068 0.10999 0.24943 -0.89801 0.38571 0.22895 -0.0010724 -0.027225 0.0081645 -0.00047912 -0.0045142 0.0052529
-0.037208 0.17176 0.20796 -0.89556 0.39534 0.22261 0.0048599 0.061768 -0.041467 0.0024559 0.0096282 -0.0063334
-0.041245 0.093492 0.26859 -0.90793 0.38509 0.22325 -0.0040371 -0.078265 0.060627 -0.012376 -0.010252 0.00063161
-0.037787 0.15122 0.22121 -0.89211 0.38784 0.23041 0.0034584 0.057727 -0.047376 0.015822 0.0027522 0.0071673
-0.040326 0.1532 0.22652 -0.90094 0.39603 0.22324 -0.0025391 0.0019804 0.005305 -0.0088337 0.0081943 -0.0071729
-0.038258 0.11291 0.24798 -0.90123 0.39221 0.23694 0.0020675 -0.040292 0.021458 -0.00028154 -0.0038245 0.013704
-0.038141 0.15762 0.21901 -0.9091 0.40372 0.22902 0.00011757 0.044716 -0.028969 -0.0078744 0.011515 -0.0079287
-0.040373 0.14185 0.2311 -0.90098 0.39766 0.24055 -0.0022318 -0.01577 0.012097 0.0081161 -0.0060599 0.011535
-0.040344 0.11403 0.26286 -0.90573 0.39838 0.23704 2.8841e-05 -0.027821 0.031754 -0.0047504 0.00071945 -0.0035113
-0.041574 0.16578 0.23172 -0.89111 0.39849 0.24119 -0.00123 0.05175 -0.031137 0.014627 0.00010241 0.0041481
-0.041262 0.12944 0.26565 -0.89727 0.39454 0.23581 0.00031182 -0.036343 0.033926 -0.0061636 -0.0039435 -0.005379
-0.040707 0.12324 0.28405 -0.91131 0.3901 0.24384 0.00055472 -0.0062008 0.018404 -0.014035 -0.004445 0.008035
-0.041106 0.15775 0.24243 -0.90272 0.38788 0.2378 -0.00039853 0.034509 -0.041622 0.0085863 -0.002212 -0.006041
-0.041717 0.11599 0.28558 -0.91361 0.39009 0.24008 -0.0006112 -0.041757 0.043146 -0.010893 0.0022079 0.0022774
-0.041091 0.12035 0.25763 -0.90463 0.38761 0.22812 0.00062601 0.0043593 -0.027946 0.0089866 -0.002484 -0.011957
-0.039665 0.1453 0.24642 -0.89644 0.39486 0.22269 0.0014256 0.024956 -0.011209 0.0081904 0.0072506 -0.0054276
-0.038845 0.11182 0.28448 -0.90099 0.38934 0.22123 0.00082023 -0.033488 0.038054 -0.0045549 -0.0055164 -0.0014644
-0.037337 0.13275 0.25649 -0.9005 0.38772 0.22774 0.0015081 0.020934 -0.027981 0.0004937 -0.0016209 0.0065062
-0.03958 0.15493 0.24825 -0.89622 0.38897 0.22979 -0.0022427 0.022182 -0.00824 0.0042791 0.0012471 0.0020581
-0.040278 0.10075 0.26174 -0.91855 0.37535 0.23415 -0.00069876 -0.054185 0.013484 -0.022337 -0.013623 0.0043578
-0.041226 0.1184 0.24464 -0.92056 0.3759 0.2273 -0.00094774 0.017653 -0.017093 -0.0020092 0.00055468 -0.0068502
-0.040799 0.12467 0.2414 -0.91219 0.37656 0.22735 0.00042757 0.0062679 -0.0032487 0.0083699 0.00066247 4.332e-05
-0.039554 0.097084 0.25893 -0.92931 0.37751 0.22817 0.0012441 -0.027586 0.017536 -0.017119 0.00094618 0.00082051
-0.037229 0.15522 0.21905 -0.87964 0.38426 0.22815 0.0023252 0.058133 -0.039882 0.049673 0.0067549 -1.1443e-05
-0.03881 0.15892 0.20995 -0.91129 0.39307 0.23072 -0.0015806 0.0037063 -0.0091016 -0.031647 0.0088081 0.0025604
-0.037259 0.12949 0.23415 -0.88533 0.38805 0.22608 0.0015512 -0.029435 0.024198 0.025952 -0.0050208 -0.0046334
-0.039378 0.17362 0.19598 -0.90367 0.39966 0.2261 -0.0021196 0.04413 -0.038171 -0.018332 0.011605 1.7876e-05
-0.037796 0.15695 0.2133 -0.8911 0.3883 0.22639 0.001582 -0.016668 0.017323 0.012566 -0.011354 0.00028616
-0.036942 0.14085 0.22002 -0.88446 0.38364 0.22702 0.00085436 -0.016103 0.0067197 0.0066445 -0.0046587 0.00063623
-0.039281 0.18 0.18537 -0.88522 0.38369 0.22927 -0.0023388 0.039154 -0.034648 -0.00076808 4.2519e-05 0.0022516
-0.039604 0.12845 0.22472 -0.88934 0.37993 0.22854 -0.00032313 -0.051545 0.039351 -0.0041213 -0.0037543 -0.00073269
-0.041915 0.11438 0.22646 -0.91478 0.38022 0.22825 -0.0023113 -0.014077 0.0017405 -0.025433 0.00028838 -0.00028965
-0.038097 0.13166 0.22624 -0.90408 0.38343 0.22794 0.0038186 0.017281 -0.00021881 0.010699 0.003206 -0.00031002
-0.03761 0.097012 0.25551 -0.90351 0.37858 0.22867 0.00048707 -0.034647 0.029269 0.00056884 -0.0048431 0.000726
-0.035612 0.10141 0.26934 -0.89587 0.37895 0.22931 0.0019976 0.0044023 0.013833 0.0076362 0.00036496 0.00063957
-0.039255 0.12721 0.2427 -0.89839 0.38222 0.23139 -0.0036427 0.025794 -0.02664 -0.0025173 0.0032752 0.0020853
-0.038186 0.09909 0.27369 -0.9133 0.38029 0.2281 0.0010686 -0.028119 0.030991 -0.014906 -0.0019352 -0.0032912
-0.039882 0.10392 0.26015 -0.92465 0.38915 0.23059 -0.0016958 0.0048261 -0.013543 -0.011355 0.0088637 0.0024874
-0.037007 0.13661 0.24611 -0.90801 0.39248 0.22796 0.0028748 0.032696 -0.014037 0.016639 0.0033229 -0.002633
-0.03806 0.082904 0.29573 -0.9182 0.38316 0.23312 -0.0010528 -0.053708 0.049618 -0.010189 -0.0093187 0.0051636
-0.033981 0.11975 0.24885 -0.88976 0.37668 0.22884 0.0040786 0.036849 -0.046885 0.028442 -0.0064758 -0.0042782
-0.0358 0.13099 0.24805 -0.88952 0.36539 0.22858 -0.0018186 0.011241 -0.00079314 0.00023633 -0.011291 -0.00026508
-0.033897 0.09644 0.24375 -0.89723 0.36792 0.22653 0.0019023 -0.034554 -0.0043029 -0.0077087 0.0025267 -0.0020501
-0.038281 0.15254 0.2153 -0.90439 0.3849 0.22398 -0.0043835 0.056104 -0.02845 -0.0071578 0.016988 -0.0025483
-0.035814 0.11377 0.2368 -0.93656 0.39836 0.23058 0.0024667 -0.038773 0.021499 -0.032169 0.013453 0.0066041
-0.034279 0.12219 0.23829 -0.90366 0.39846 0.22291 0.0015347 0.0084168 0.0014931 0.032901 0.00010646 -0.0076731
-0.031513 0.15329 0.20802 -0.89701 0.39401 0.23076 0.0027666 0.031098 -0.030275 0.0066454 -0.0044542 0.0078553
-0.029207 0.1725 0.20462 -0.86271 0.38521 0.22383 0.002306 0.019213 -0.0033993 0.034299 -0.0087985 -0.0069376
-0.033098 0.16846 0.19396 -0.86142 0.37451 0.22991 -0.0038909 -0.0040368 -0.010658 0.0012911 -0.010703 0.0060808
-0.032445 0.15284 0.21263 -0.92719 0.39947 0.22789 0.00065228 -0.015621 0.018665 -0.065767 0.024959 -0.0020152
-0.037616 0.084842 0.24557 -0.90918 0.3744 0.22764 -0.0051707 -0.068 0.032945 0.018007 -0.025071 -0.00025221
-0.035446 0.12031 0.23723 -0.94952 0.38964 0.22732 0.0021706 0.035467 -0.0083383 -0.04034 0.015248 -0.00032141
-0.034264 0.1986 0.20163 -0.89676 0.36572 0.22762 0.0011817 0.078286 -0.035606 0.052761 -0.023928 0.00030249
