-6.1308e-05 0.0010928 -0.00037037 -0.00066859 -0.0065037 -6.4421e-05 0 0 0 0 0 0
0.027229 0.040979 0.047462 -0.076025 -0.013168 -0.0064914 0.027291 0.039886 0.047833 -0.075357 -0.006664 -0.006427
0.049342 0.070352 0.087981 -0.11181 -7.7026e-05 -0.00095394 0.022112 0.029374 0.040518 -0.03578 0.013091 0.0055375
0.057061 0.090809 0.11131 -0.12007 -1.5628e-05 0.0025106 0.0077197 0.020456 0.02333 -0.0082643 6.1399e-05 0.0034646
0.061743 0.087835 0.14122 -0.10301 0.017063 0.014306 0.0046811 -0.0029734 0.029914 0.017058 0.017079 0.011796
0.060275 0.13629 0.16972 -0.11627 0.025066 0.0098153 -0.0014673 0.048459 0.028496 -0.013258 0.0080026 -0.0044908
0.061921 0.11944 0.20816 -0.11187 0.020025 0.003922 0.0016453 -0.016858 0.038441 0.0043966 -0.005041 -0.0058933
0.064887 0.13172 0.25139 -0.12072 0.034954 -0.00022646 0.0029661 0.012283 0.043227 -0.0088489 0.014929 -0.0041485
0.06529 0.11033 0.28133 -0.10528 0.022081 -0.0062049 0.00040365 -0.021387 0.029939 0.015443 -0.012873 -0.0059784
0.066845 0.12008 0.301 -0.096759 0.031057 0.00093564 0.0015543 0.0097465 0.019668 0.0085191 0.0089757 0.0071405
0.065034 0.11541 0.32444 -0.11272 0.019468 -0.0050811 -0.0018105 -0.0046705 0.02344 -0.015964 -0.011589 -0.0060167
0.066065 0.16274 0.3296 -0.11509 0.02156 -0.0012811 0.0010305 0.04733 0.0051684 -0.0023686 0.0020918 0.0038
0.067221 0.13827 0.35413 -0.13605 0.020979 -0.0068509 0.0011568 -0.02447 0.024526 -0.020956 -0.00058103 -0.0055699
0.066828 0.15881 0.37509 -0.14398 0.021634 -0.0059481 -0.00039292 0.020541 0.020955 -0.0079283 0.000655 0.0009028
0.069701 0.13414 0.37607 -0.14412 0.029229 -0.010708 0.0028729 -0.024667 0.00098176 -0.00014519 0.0075955 -0.0047603
0.070883 0.10518 0.38198 -0.16898 0.031462 -0.0049033 0.0011816 -0.028964 0.0059101 -0.024859 0.0022326 0.0058052
0.073089 0.11743 0.37222 -0.14003 0.041635 -0.0011656 0.0022063 0.012254 -0.0097588 0.028948 0.010173 0.0037377
0.073859 0.076531 0.41628 -0.1714 0.050759 0.0066592 0.00076956 -0.040902 0.044063 -0.031368 0.0091237 0.0078248
0.072141 0.14504 0.47062 -0.17715 0.068632 0.0088038 -0.001718 0.068514 0.054337 -0.0057473 0.017873 0.0021446
0.074857 0.1186 0.53325 -0.21883 0.076473 0.018204 0.002716 -0.026446 0.062628 -0.041679 0.007841 0.0093998
0.079746 0.16578 0.53421 -0.20379 0.08935 0.015725 0.0048893 0.047186 0.00096666 0.015038 0.012878 -0.0024791
0.081545 0.14541 0.51262 -0.15208 0.076556 0.021087 0.0017993 -0.020379 -0.021591 0.051711 -0.012795 0.0053622
0.081307 0.13914 0.50542 -0.13664 0.092335 -0.01165 -0.00023886 -0.0062657 -0.0072014 0.015437 0.01578 -0.032737
0.074562 0.14413 0.48088 -0.09382 0.098646 -0.020112 -0.006745 0.0049877 -0.024543 0.042821 0.0063103 -0.0084616
0.070401 0.12701 0.50356 -0.13683 0.1161 -0.037292 -0.004161 -0.017119 0.022684 -0.043006 0.017456 -0.01718
0.068937 0.12171 0.50834 -0.17787 0.12603 -0.038314 -0.0014633 -0.0053023 0.0047784 -0.041044 0.0099262 -0.0010215
0.066747 0.12214 0.49546 -0.1637 0.11347 -0.037245 -0.0021905 0.00043135 -0.012884 0.014172 -0.012553 0.0010687
0.068902 0.11591 0.53594 -0.2702 0.12323 -0.057111 0.0021556 -0.0062242 0.04048 -0.10651 0.0097582 -0.019866
0.067398 0.12873 0.49073 -0.17646 0.11481 -0.048632 -0.0015048 0.012817 -0.045202 0.093748 -0.0084189 0.0084796
0.071835 0.13092 0.52418 -0.26216 0.13003 -0.050692 0.0044376 0.0021855 0.033449 -0.085701 0.015212 -0.0020607
0.070207 0.12577 0.52814 -0.25793 0.13302 -0.045075 -0.0016282 -0.0051463 0.0039555 0.0042272 0.0029906 0.0056175
0.07421 0.11598 0.51428 -0.25626 0.14001 -0.038426 0.0040034 -0.0097884 -0.013859 0.0016742 0.0069954 0.0066484
0.069799 0.095791 0.51624 -0.27618 0.13053 -0.045296 -0.0044114 -0.02019 0.0019593 -0.019923 -0.0094818 -0.0068692
0.072587 0.10263 0.4351 -0.16953 0.11726 -0.03148 0.002788 0.0068421 -0.081141 0.10665 -0.013267 0.013816
0.065517 0.10845 0.42137 -0.16828 0.097135 -0.037646 -0.0070694 0.0058178 -0.013725 0.001247 -0.020128 -0.0061659
0.066281 0.14485 0.39867 -0.15625 0.095634 -0.041379 0.00076372 0.036401 -0.022708 0.012035 -0.0015006 -0.0037332
0.065294 0.14082 0.41688 -0.17437 0.099842 -0.042645 -0.00098717 -0.0040329 0.018214 -0.018126 0.0042077 -0.0012663
0.067875 0.1443 0.44244 -0.19398 0.10521 -0.045863 0.0025813 0.0034832 0.025564 -0.01961 0.0053647 -0.003218
0.067592 0.11738 0.45825 -0.18908 0.10818 -0.043663 -0.0002833 -0.026924 0.015807 0.004901 0.002977 0.0022003
0.069717 0.094929 0.46479 -0.18148 0.10401 -0.04463 0.0021253 -0.022449 0.0065386 0.0075978 -0.0041738 -0.00096691
0.066853 0.10053 0.45939 -0.18298 0.10767 -0.051 -0.0028649 0.0056056 -0.0054014 -0.0014929 0.0036621 -0.0063702
0.072292 0.088991 0.44529 -0.18041 0.10468 -0.035871 0.0054398 -0.011544 -0.014104 0.0025646 -0.0029878 0.015129
0.070624 0.14456 0.43338 -0.18025 0.10326 -0.032556 -0.0016687 0.055572 -0.011901 0.00016453 -0.0014195 0.003315
0.071706 0.12884 0.43738 -0.17905 0.097235 -0.021508 0.0010821 -0.01572 0.0040007 0.0011976 -0.0060295 0.011048
0.07477 0.1616 0.45076 -0.18533 0.10319 -0.01584 0.0030645 0.032752 0.013371 -0.0062822 0.0059538 0.0056689
0.075369 0.14012 0.46024 -0.17808 0.10582 -0.016656 0.00059893 -0.02148 0.0094804 0.007257 0.0026309 -0.00081682
0.083426 0.15547 0.4882 -0.20734 0.12488 -0.010544 0.0080571 0.015357 0.027962 -0.029268 0.019061 0.0061121
0.085817 0.16278 0.48149 -0.19718 0.12679 -0.0075929 0.0023902 0.007305 -0.0067044 0.010166 0.0019096 0.0029514
0.086633 0.12719 0.49547 -0.23849 0.13925 -0.013074 0.00081621 -0.035585 0.013975 -0.041317 0.012459 -0.0054814
0.083405 0.10616 0.50167 -0.27037 0.13551 -0.011817 -0.003228 -0.021031 0.006207 -0.031874 -0.00374 0.0012573
0.072562 0.062304 0.48348 -0.27609 0.11811 -0.014916 -0.010843 -0.043857 -0.018193 -0.0057186 -0.017403 -0.003099
0.083579 0.095002 0.46154 -0.23976 0.096342 -0.013134 0.011017 0.032698 -0.021941 0.036331 -0.021763 0.0017815
0.076775 0.11793 0.44042 -0.20563 0.077577 -0.0077132 -0.006804 0.022928 -0.021122 0.034126 -0.018765 0.0054213
0.09066 0.11548 0.41585 -0.19011 0.073574 -0.022647 0.013885 -0.0024454 -0.024573 0.015517 -0.0040032 -0.014934
0.071077 0.10621 0.46501 -0.24837 0.093271 -0.028837 -0.019583 -0.0092766 0.049169 -0.058256 0.019697 -0.0061898
0.06728 0.076682 0.45948 -0.25175 0.087399 -0.038869 -0.0037971 -0.029526 -0.0055332 -0.0033825 -0.0058715 -0.010032
0.06887 0.10499 0.47128 -0.22555 0.095072 -0.032718 0.0015903 0.028311 0.011801 0.026201 0.0076724 0.0061513
0.067344 0.094467 0.48376 -0.19492 0.074007 -0.034038 -0.0015264 -0.010525 0.012477 0.030634 -0.021065 -0.0013199
0.080555 0.092171 0.47335 -0.1622 0.091288 -0.027239 0.013211 -0.0022966 -0.010409 0.032714 0.017282 0.006799
0.070904 0.073564 0.4779 -0.18606 0.084298 -0.041526 -0.0096509 -0.018607 0.0045472 -0.023857 -0.0069909 -0.014287
0.066117 0.081678 0.43209 -0.17288 0.094036 -0.039524 -0.004787 0.0081138 -0.045804 0.013182 0.0097383 0.0020018
0.067074 0.12881 0.37969 -0.18487 0.084781 -0.053313 0.0009574 0.047129 -0.052405 -0.011993 -0.0092547 -0.013789
0.049559 0.12128 0.42229 -0.21852 0.072479 -0.061087 -0.017515 -0.0075289 0.042603 -0.033651 -0.012302 -0.0077745
0.041643 0.17057 0.40888 -0.17823 0.087831 -0.066293 -0.0079162 0.04929 -0.013409 0.04029 0.015352 -0.0052058
0.028835 0.16024 0.35472 -0.13906 0.074344 -0.073327 -0.012808 -0.01033 -0.054165 0.039175 -0.013487 -0.0070346
0.017896 0.12282 0.2492 0.076269 0.079881 -0.047772 -0.010939 -0.037417 -0.10552 0.21532 0.0055367 0.025555
0.042535 0.18714 0.15433 0.37944 0.072837 0.008917 0.024639 0.064325 -0.094871 0.30317 -0.0070443 0.056689
0.045992 0.11413 0.12334 0.59567 0.039671 0.068097 0.003457 -0.073019 -0.030991 0.21622 -0.033165 0.05918
0.06993 0.28817 0.156 0.77152 0.032662 0.090991 0.023938 0.17405 0.032666 0.17586 -0.0070091 0.022894
0.072715 0.24386 -0.026857 0.64312 -0.010324 0.060058 0.0027843 -0.044312 -0.18286 -0.1284 -0.042986 -0.030933
0.071711 0.22123 0.091922 0.52432 -0.030922 0.021375 -0.0010034 -0.02263 0.11878 -0.11881 -0.020598 -0.038683
0.073018 0.13996 0.074645 0.4671 -0.079479 0.01943 0.0013067 -0.081274 -0.017277 -0.057218 -0.048557 -0.0019452
0.063866 0.094599 0.25221 0.43978 -0.11584 0.063712 -0.0091518 -0.045358 0.17757 -0.027326 -0.036364 0.044282
0.077247 0.14474 0.27792 0.4733 -0.15832 0.08958 0.013381 0.050144 0.025708 0.03353 -0.042474 0.025868
0.062446 0.23554 0.13766 0.40521 -0.14508 0.089116 -0.014801 0.090802 -0.14026 -0.068091 0.01324 -0.00046321
0.059696 0.19659 0.14752 0.36183 -0.1398 0.067216 -0.0027504 -0.038952 0.0098561 -0.043384 0.0052777 -0.021901
0.02998 0.21551 0.11566 0.35146 -0.13348 0.028966 -0.029716 0.018915 -0.031858 -0.010364 0.006321 -0.03825
0.025636 0.19393 0.18035 0.33674 -0.13499 0.028822 -0.0043439 -0.021578 0.064685 -0.014722 -0.0015101 -0.00014447
0.039924 0.19732 0.19881 0.33701 -0.13638 0.017816 0.014288 0.0033944 0.01846 0.00026933 -0.0013865 -0.011005
0.061503 0.19377 0.19484 0.329 -0.12578 0.028653 0.021579 -0.0035504 -0.0039687 -0.0080132 0.010596 0.010837
0.086964 0.1673 0.21438 0.33246 -0.10207 0.029743 0.025461 -0.026472 0.019541 0.0034562 0.023714 0.0010895
0.079913 0.15249 0.25156 0.33957 -0.11212 0.031898 -0.0070514 -0.014815 0.037179 0.0071133 -0.010056 0.0021552
0.064332 0.22714 0.2759 0.30954 -0.098463 0.019474 -0.015581 0.074656 0.024346 -0.030033 0.013659 -0.012424
0.035861 0.22493 0.30695 0.2844 -0.087055 0.019825 -0.028471 -0.0022121 0.031042 -0.025134 0.011408 0.00035099
0.02917 0.23287 0.33666 0.26962 -0.060192 0.012331 -0.0066913 0.0079377 0.029713 -0.014777 0.026863 -0.0074935
0.033409 0.20213 0.35519 0.26093 -0.044082 0.015662 0.0042396 -0.030744 0.018533 -0.0086926 0.01611 0.0033308
0.04572 0.1859 0.38376 0.25169 -0.038098 0.013703 0.012311 -0.016226 0.028566 -0.0092425 0.0059843 -0.0019591
0.049995 0.1977 0.40518 0.24022 -0.04885 0.0058264 0.004275 0.0118 0.021422 -0.01147 -0.010752 -0.0078767
0.04711 0.18395 0.43017 0.22075 -0.05061 0.0062611 -0.0028854 -0.01375 0.024984 -0.019468 -0.0017597 0.00043468
0.039576 0.19205 0.44573 0.21541 -0.059695 -0.00011859 -0.0075339 0.0080954 0.015563 -0.0053438 -0.0090857 -0.0063797
0.041439 0.177 0.45565 0.20573 -0.059534 0.0018479 0.0018628 -0.015047 0.0099198 -0.0096783 0.00016196 0.0019665
0.045756 0.17133 0.4529 0.22044 -0.052873 -0.00099453 0.0043177 -0.0056657 -0.0027463 0.014712 0.0066605 -0.0028424
0.055449 0.17141 0.44254 0.22225 -0.032593 -0.0051882 0.0096925 7.9775e-05 -0.010366 0.0018074 0.02028 -0.0041937
0.069863 0.14938 0.42578 0.23916 -0.010161 -0.00084081 0.014414 -0.022036 -0.016756 0.016912 0.022433 0.0043474
0.066725 0.21259 0.4003 0.23313 0.0040075 0.00031283 -0.003138 0.063209 -0.02548 -0.0060341 0.014168 0.0011536
0.05978 0.1873 0.41403 0.22044 0.0058177 -0.013246 -0.0069444 -0.025283 0.013726 -0.012683 0.0018101 -0.013559
0.065315 0.1501 0.38836 0.22813 0.012157 -0.0092485 0.0055352 -0.037203 -0.025668 0.0076825 0.0063398 0.0039977
0.010982 0.16999 0.38169 0.23407 -0.0064341 -0.033478 -0.054334 0.019893 -0.0066723 0.0059394 -0.018592 -0.02423
0.00667 0.14704 0.38575 0.18042 0.0095198 -0.043432 -0.0043116 -0.022953 0.0040598 -0.053644 0.015954 -0.0099542
-0.042314 0.23639 0.32772 0.26593 -0.015276 -0.033391 -0.048984 0.089353 -0.058021 0.085512 -0.024796 0.010041
-0.010119 0.21138 0.38224 0.18749 0.0027646 -0.046671 0.032195 -0.025007 0.054512 -0.078444 0.018041 -0.01328
0.033567 0.14633 0.2893 0.34887 -0.0064066 0.011573 0.043686 -0.065053 -0.092938 0.16138 -0.0091712 0.058244
0.054648 0.17203 0.32579 0.29155 -0.0037326 -0.0019875 0.021081 0.025697 0.036494 -0.057317 0.002674 -0.013561
0.064507 0.14234 0.31326 0.32554 -0.0017982 0.016247 0.0098595 -0.029693 -0.012534 0.033994 0.0019345 0.018234
0.051585 0.15413 0.37924 0.25573 0.012759 -0.013847 -0.012923 0.011796 0.065982 -0.06981 0.014557 -0.030094
0.051237 0.1336 0.32198 0.25718 0.018211 -0.008048 -0.00034761 -0.02053 -0.057258 0.001451 0.0054517 0.0057986
0.07523 0.11956 0.19347 0.32783 0.013699 0.027165 0.023993 -0.014041 -0.12852 0.070649 -0.0045115 0.035213
0.082335 0.18683 -0.049436 0.39459 -0.0041526 0.045587 0.0071048 0.067272 -0.2429 0.06676 -0.017852 0.018422
0.095195 0.22947 -0.18493 0.47549 -0.022297 0.077354 0.012861 0.042633 -0.1355 0.080899 -0.018144 0.031767
0.080893 0.20998 -0.11067 0.34936 -0.0040075 0.030642 -0.014302 -0.019491 0.074264 -0.12613 0.018289 -0.046712
0.070325 0.19383 -0.024342 0.31158 0.0077617 0.013211 -0.010569 -0.016147 0.086326 -0.037781 0.011769 -0.017431
0.048288 0.15274 0.15301 0.1632 0.010426 -0.02751 -0.022037 -0.041084 0.17735 -0.14838 0.0026647 -0.040722
0.04629 0.16508 0.16265 0.14614 0.01914 -0.036851 -0.0019983 0.01234 0.0096371 -0.017057 0.008714 -0.0093408
0.030538 0.16629 0.1332 0.19869 0.0099674 -0.050223 -0.015752 0.001209 -0.029453 0.052544 -0.0091731 -0.013372
0.039943 0.16905 0.13455 0.16772 0.021077 -0.045357 0.0094051 0.0027536 0.0013517 -0.030966 0.01111 0.0048652
0.028844 0.15654 0.055568 0.28944 0.031764 -0.05853 -0.011099 -0.01251 -0.078979 0.12172 0.010687 -0.013172
0.025203 0.15965 0.082168 0.21392 0.017128 -0.049458 -0.0036401 0.0031104 0.0266 -0.075521 -0.014636 0.0090714
0.017583 0.14223 0.082818 0.2095 0.011941 -0.068483 -0.0076201 -0.017413 0.00064955 -0.0044137 -0.005187 -0.019025
-0.0067484 0.17517 0.10183 0.14725 -0.020731 -0.082879 -0.024332 0.032934 0.019013 -0.062254 -0.032672 -0.014396
0.021194 0.18598 0.10431 0.15222 -0.029437 -0.090337 0.027943 0.010814 0.0024793 0.0049715 -0.0087057 -0.0074572
0.00052246 0.17681 0.064529 0.20305 -0.017182 -0.10084 -0.020672 -0.0091732 -0.03978 0.050826 0.012255 -0.010505
0.036969 0.19429 0.011664 0.31516 0.00989 -0.082212 0.036447 0.017484 -0.052866 0.11212 0.027072 0.018629
-0.011907 0.13862 0.034317 0.26363 0.014336 -0.10353 -0.048876 -0.055675 0.022653 -0.051534 0.0044465 -0.021322
0.023325 0.14327 0.051238 0.24776 -0.026703 -0.11705 0.035232 0.0046552 0.016921 -0.015872 -0.04104 -0.013517
0.0047134 0.21177 0.055336 0.28884 0.025072 -0.073864 -0.018611 0.068498 0.0040981 0.04108 0.051775 0.043188
0.04426 0.15651 0.055033 0.31676 0.081064 -0.021463 0.039546 -0.055259 -0.00030247 0.02792 0.055993 0.052401
0.04773 0.31 -0.0075986 0.52686 0.22211 0.090058 0.00347 0.15349 -0.062632 0.21011 0.14104 0.11152
0.056637 0.15211 0.055508 0.40859 0.24323 0.094783 0.0089077 -0.15789 0.063106 -0.11827 0.021119 0.0047251
0.065456 0.21232 0.077026 0.36049 0.15135 0.030852 0.0088187 0.060217 0.021518 -0.048102 -0.09188 -0.063931
0.058141 0.14388 0.12573 0.24872 0.094621 -0.014278 -0.0073146 -0.068441 0.048702 -0.11177 -0.056725 -0.045131
0.047055 0.17391 0.12195 0.20835 0.015272 -0.090699 -0.011086 0.030029 -0.0037775 -0.040367 -0.079349 -0.07642
0.032737 0.20728 0.097673 0.24103 0.036443 -0.074559 -0.014318 0.033369 -0.024277 0.03268 0.02117 0.01614
0.026091 0.19886 0.096049 0.22735 0.038353 -0.096119 -0.0066464 -0.0084233 -0.0016238 -0.013683 0.0019103 -0.02156
0.02801 0.18679 0.096727 0.21556 0.02226 -0.093283 0.0019193 -0.012071 0.00067772 -0.01179 -0.016093 0.0028355
0.028207 0.17869 0.10303 0.21408 0.033444 -0.097049 0.00019676 -0.0081003 0.0063036 -0.0014839 0.011183 -0.0037656
0.029794 0.16058 0.1096 0.21462 0.030317 -0.088917 0.0015873 -0.018108 0.0065723 0.00054866 -0.0031264 0.0081317
0.027501 0.17731 0.10127 0.21529 0.030431 -0.10272 -0.0022928 0.016728 -0.0083314 0.00066392 0.00011416 -0.013805
0.032314 0.17922 0.097302 0.21289 0.036988 -0.096905 0.0048125 0.0019156 -0.0039696 -0.0024009 0.0065567 0.005817
0.037678 0.15693 0.11201 0.2029 0.030223 -0.10033 0.0053639 -0.022295 0.014707 -0.0099902 -0.0067651 -0.0034257
0.05018 0.14503 0.10207 0.18617 0.041472 -0.091937 0.012502 -0.011895 -0.0099432 -0.016725 0.011249 0.0083943
0.059067 0.11185 0.13402 0.17473 0.027385 -0.086806 0.0088873 -0.033185 0.031956 -0.011441 -0.014087 0.0051303
0.068352 0.15452 0.10573 0.16841 0.0086594 -0.096512 0.009285 0.042673 -0.028294 -0.0063172 -0.018726 -0.0097056
0.070555 0.1786 0.12174 0.15947 -0.011476 -0.10249 0.0022029 0.02408 0.016016 -0.0089406 -0.020135 -0.0059735
0.071599 0.19275 0.12896 0.16067 -0.028366 -0.1156 0.0010438 0.014154 0.0072181 0.0012023 -0.01689 -0.013114
0.076469 0.17871 0.1377 0.15108 -0.023477 -0.1134 0.0048694 -0.014049 0.0087357 -0.009596 0.004889 0.0022033
0.07538 0.15751 0.1481 0.16436 -0.028565 -0.12172 -0.0010887 -0.021192 0.010403 0.013283 -0.0050875 -0.0083245
0.079912 0.13997 0.1429 0.1504 -0.026308 -0.12041 0.004532 -0.017547 -0.0052008 -0.013964 0.0022561 0.0013157
0.081302 0.1369 0.13974 0.16114 -0.025445 -0.12634 0.0013896 -0.0030613 -0.0031622 0.010738 0.00086305 -0.0059363
0.073224 0.10733 0.1501 0.11143 -0.024294 -0.13515 -0.0080773 -0.029574 0.010359 -0.049702 0.0011511 -0.0088089
0.058726 0.11024 0.14459 0.1131 -0.020445 -0.14002 -0.014498 0.0029066 -0.0055024 0.001665 0.0038496 -0.0048723
0.045059 0.11672 0.1334 0.098255 -0.0159 -0.14412 -0.013667 0.0064846 -0.01119 -0.014843 0.0045448 -0.0041004
0.028351 0.16213 0.14111 0.11601 -0.02123 -0.1444 -0.016708 0.045406 0.007704 0.017757 -0.0053301 -0.00027966
0.036085 0.18647 0.15683 0.11113 -0.014382 -0.13946 0.007734 0.024339 0.015719 -0.0048782 0.0068484 0.0049467
0.040137 0.19084 0.16879 0.078971 -0.014961 -0.14451 0.0040514 0.0043787 0.011968 -0.032163 -0.00057968 -0.0050495
0.049871 0.11715 0.17394 0.10698 -0.012942 -0.12513 0.0097347 -0.073691 0.0051492 0.028006 0.002019 0.019375
0.078757 0.072698 0.19756 0.12302 -0.0078959 -0.12807 0.028886 -0.044456 0.023619 0.016045 0.0050463 -0.0029391
0.086591 0.050022 0.22584 0.22127 -0.019881 -0.097567 0.0078338 -0.022676 0.028276 0.098243 -0.011985 0.030503
0.10445 0.12424 0.29092 0.2173 0.0031772 -0.11292 0.017855 0.07422 0.065079 -0.0039679 0.023058 -0.015357
0.10008 0.20014 0.28173 0.21526 -0.010991 -0.10956 -0.0043682 0.075896 -0.0091894 -0.0020335 -0.014169 0.0033643
0.091626 0.21726 0.27679 0.18225 -0.011834 -0.1249 -0.0084519 0.017124 -0.004934 -0.033013 -0.00084223 -0.01534
0.087634 0.21503 0.26681 0.1484 -0.016986 -0.11847 -0.003992 -0.002231 -0.0099823 -0.033856 -0.005152 0.0064267
0.083165 0.15791 0.27696 0.16093 -0.021906 -0.12276 -0.0044692 -0.057123 0.010144 0.012533 -0.0049199 -0.0042872
0.086035 0.1312 0.26786 0.19082 -0.02614 -0.11422 0.0028702 -0.026708 -0.0090995 0.029891 -0.0042345 0.0085445
0.092037 0.12207 0.27587 0.16285 -0.031321 -0.13208 0.0060018 -0.0091248 0.0080108 -0.02797 -0.0051814 -0.017864
0.082671 0.10249 0.26708 0.15748 -0.05013 -0.12306 -0.0093661 -0.01958 -0.0087823 -0.0053665 -0.018809 0.0090207
0.063829 0.16214 0.24452 0.11959 -0.031187 -0.1313 -0.018842 0.059651 -0.022559 -0.037889 0.018943 -0.0082448
0.044003 0.17325 0.22371 0.13415 -0.017155 -0.12476 -0.019826 0.011109 -0.020812 0.014552 0.014032 0.0065466
0.051627 0.18682 0.087036 0.29671 -0.14192 -0.18275 0.0076242 0.013563 -0.13668 0.16257 -0.12476 -0.057993
0.039886 0.18178 0.07708 0.26372 -0.08912 -0.1304 -0.011741 -0.005038 -0.0099562 -0.032992 0.052798 0.052355
-0.011936 0.13477 0.040295 0.42329 0.22306 -0.0096807 -0.051822 -0.047004 -0.036785 0.15957 0.31218 0.12071
-0.043774 0.19153 0.095801 0.30516 0.4293 0.11376 -0.031838 0.056751 0.055506 -0.11813 0.20623 0.12344
-0.081447 0.18457 0.12957 0.411 0.86027 0.24769 -0.037673 -0.0069509 0.033768 0.10584 0.43097 0.13393
0.025683 0.2012 0.12978 0.34658 0.40997 0.094266 0.10713 0.016629 0.00021129 -0.064427 -0.4503 -0.15342
0.060069 0.16148 0.14968 0.32905 0.33226 0.068974 0.034385 -0.039729 0.019897 -0.017526 -0.077711 -0.025292
0.12029 0.088707 0.14151 0.29204 0.078547 -0.0099864 0.060225 -0.072769 -0.0081705 -0.037015 -0.25371 -0.078961
0.099182 0.17499 0.14699 0.24123 0.1095 0.011182 -0.021112 0.086286 0.0054844 -0.05081 0.030948 0.021169
0.097776 0.1741 0.13127 0.24798 0.19828 0.032978 -0.0014066 -0.00089113 -0.015725 0.006756 0.088782 0.021796
0.099415 0.30263 0.12945 0.25805 0.13433 0.0012433 0.0016388 0.12853 -0.0018145 0.01007 -0.063952 -0.031735
0.10306 0.23956 0.12389 0.25924 0.11635 -0.0055797 0.0036471 -0.06307 -0.0055661 0.0011923 -0.017973 -0.006823
0.10578 0.21287 0.1443 0.26444 0.12909 -0.0031043 0.002723 -0.026688 0.020418 0.0051965 0.012737 0.0024754
0.095153 0.16877 0.14883 0.22708 0.11333 -0.011837 -0.010632 -0.044098 0.0045274 -0.037362 -0.015762 -0.0087323
0.095143 0.13568 0.1745 0.18685 0.10968 -0.026573 -1.041e-05 -0.033093 0.025665 -0.040231 -0.0036451 -0.014737
0.070303 0.16284 0.17835 0.1807 0.082767 -0.035591 -0.02484 0.027159 0.0038535 -0.006144 -0.026915 -0.0090178
0.061044 0.1505 0.18266 0.14131 0.10222 -0.051395 -0.0092586 -0.012343 0.004315 -0.039395 0.019451 -0.015804
0.077364 0.11463 0.16094 0.17138 0.11691 -0.03423 0.016319 -0.035865 -0.021721 0.030073 0.014695 0.017165
0.10047 0.12052 0.14921 0.28159 0.047394 -0.025216 0.023108 0.005894 -0.011733 0.1102 -0.069519 0.0090137
0.10585 0.11572 0.14086 0.34547 -0.011685 -0.028673 0.0053826 -0.0048064 -0.0083522 0.063889 -0.059079 -0.003457
0.11007 0.21151 0.18681 0.47362 -0.17383 -0.037776 0.004218 0.095797 0.045954 0.12815 -0.16215 -0.0091028
0.057014 0.25205 0.20669 0.30872 -0.11369 -0.085482 -0.053058 0.040533 0.019879 -0.1649 0.060144 -0.047706
0.085785 0.24568 0.21546 0.25233 -0.097907 -0.080327 0.028771 -0.0063646 0.0087745 -0.056386 0.015784 0.0051548
0.074768 0.20742 0.17128 0.15048 -0.021103 -0.093218 -0.011018 -0.038266 -0.044189 -0.10186 0.076804 -0.012891
0.09821 0.16351 0.18231 0.17038 -0.012714 -0.07417 0.023442 -0.043909 0.011033 0.019904 0.0083889 0.019048
0.092798 0.1729 0.21411 0.20067 -0.036924 -0.078564 -0.0054119 0.0093943 0.031799 0.030285 -0.02421 -0.0043936
0.075544 0.19047 0.34457 0.22423 -0.030427 -0.10268 -0.017254 0.017567 0.13047 0.023564 0.006497 -0.024119
0.085481 0.16483 0.37095 0.21781 -0.005986 -0.087945 0.0099372 -0.02564 0.026372 -0.0064165 0.024441 0.014737
0.09304 0.17912 0.34954 0.24858 0.010228 -0.091192 0.0075591 0.014292 -0.021404 0.030764 0.016214 -0.0032467
0.11083 0.16361 0.21082 0.21174 0.021514 -0.042223 0.017793 -0.015511 -0.13873 -0.036834 0.011286 0.048969
0.11578 0.19696 0.14418 0.20719 0.011315 -0.021227 0.0049489 0.033347 -0.066633 -0.0045526 -0.010199 0.020997
0.11125 0.2166 0.12303 0.17976 -0.0031915 -0.01881 -0.0045279 0.019639 -0.021155 -0.02743 -0.014506 0.0024165
0.10684 0.18923 0.23923 0.16646 0.00304 -0.0078282 -0.0044137 -0.027372 0.1162 -0.013307 0.0062316 0.010982
0.10228 0.18297 0.26251 0.13842 0.024238 -0.026955 -0.0045614 -0.0062541 0.023287 -0.028032 0.021198 -0.019127
0.10745 0.16645 0.31049 0.1053 0.053452 -0.0086899 0.0051659 -0.016525 0.047974 -0.033128 0.029214 0.018265
0.094443 0.14615 0.3051 0.073256 0.062278 -0.017009 -0.013002 -0.020296 -0.0053845 -0.03204 0.0088256 -0.0083191
0.085281 0.1705 0.31318 0.059766 0.049781 -0.02388 -0.0091618 0.024345 0.0080757 -0.01349 -0.012497 -0.0068708
0.060644 0.16248 0.34992 0.043418 0.037321 -0.039412 -0.024637 -0.0080173 0.036741 -0.016348 -0.012461 -0.015533
0.070026 0.1483 0.33551 0.041685 0.03408 -0.03072 0.0093826 -0.014173 -0.014409 -0.0017333 -0.0032402 0.0086929
0.084489 0.14734 0.31792 0.040225 0.031221 -0.028133 0.014462 -0.00096294 -0.017593 -0.0014597 -0.0028593 0.0025865
0.1074 0.11013 0.29055 0.049013 0.040014 -0.01191 0.022908 -0.03721 -0.027369 0.0087884 0.0087929 0.016224
0.11136 0.14979 0.26214 0.051977 0.036482 -0.020275 0.0039599 0.039655 -0.028403 0.0029635 -0.0035323 -0.0083652
0.11205 0.18543 0.25755 0.056898 0.041192 -0.027069 0.00069679 0.035643 -0.004591 0.0049215 0.0047101 -0.0067944
0.10704 0.19273 0.29765 0.029426 0.045551 -0.039197 -0.0050092 0.0072995 0.040094 -0.027472 0.0043591 -0.012128
0.10066 0.18759 0.34624 -0.01413 0.039927 -0.04014 -0.0063852 -0.0051373 0.048595 -0.043557 -0.005624 -0.00094288
0.068846 0.18196 0.32274 0.042167 0.041752 -0.061261 -0.031813 -0.0056274 -0.023506 0.056297 0.0018247 -0.021121
0.058717 0.18545 0.32268 0.030524 0.02789 -0.055504 -0.010129 0.0034858 -5.1955e-05 -0.011643 -0.013861 0.0057566
0.048258 0.16393 0.20478 0.19347 0.027397 -0.053302 -0.010459 -0.021517 -0.11791 0.16294 -0.00049295 0.0022028
0.087133 0.16066 0.24518 0.12636 0.016053 -0.036205 0.038875 -0.0032697 0.040404 -0.067111 -0.011345 0.017096
0.10257 0.10498 0.2259 0.14974 0.028457 -0.014566 0.015437 -0.055679 -0.019274 0.023389 0.012404 0.02164
0.11387 0.17472 0.26329 0.080076 0.022521 -0.019606 0.011297 0.069737 0.037384 -0.069669 -0.0059354 -0.0050402
0.11023 0.16732 0.27582 0.071919 0.02861 -0.016676 -0.0036397 -0.007402 0.012531 -0.0081569 0.0060892 0.0029294
0.1043 0.18766 0.28415 0.076996 0.016799 -0.025395 -0.0059259 0.020338 0.0083297 0.0050769 -0.011811 -0.0087181
0.11054 0.17563 0.31013 0.066653 0.0081431 -0.028123 0.0062361 -0.01203 0.025985 -0.010343 -0.0086564 -0.0027284
0.11385 0.12408 0.32962 0.054225 0.0067759 -0.030482 0.0033142 -0.051548 0.019488 -0.012428 -0.0013672 -0.0023592
0.11873 0.12447 0.31656 0.04783 0.0078715 -0.029008 0.0048769 0.0003888 -0.013063 -0.0063944 0.0010956 0.0014742
0.12142 0.10566 0.30957 0.045143 0.017789 -0.030621 0.0026898 -0.018807 -0.0069874 -0.0026875 0.0099175 -0.0016133
0.12688 0.13377 0.29108 0.035162 0.017047 -0.028255 0.0054612 0.028109 -0.018495 -0.0099806 -0.00074213 0.002366
0.12387 0.17784 0.30394 0.026923 0.019269 -0.034651 -0.0030097 0.044069 0.012862 -0.0082394 0.0022216 -0.0063958
0.12622 0.17501 0.31422 0.022354 0.010254 -0.039104 0.0023496 -0.0028272 0.010281 -0.0045686 -0.0090142 -0.004453
0.11925 0.18237 0.32598 0.012429 0.011966 -0.045637 -0.0069692 0.0073583 0.011757 -0.0099247 0.0017118 -0.0065333
0.11907 0.14288 0.31909 0.015261 0.0077593 -0.048078 -0.00018276 -0.03949 -0.0068901 0.002832 -0.0042069 -0.0024405
0.11711 0.12814 0.31233 0.005378 0.014181 -0.047047 -0.0019572 -0.014737 -0.0067578 -0.0098835 0.0064215 0.0010313
0.12019 0.11425 0.30471 0.0054627 0.017364 -0.042635 0.0030831 -0.013889 -0.0076239 8.4749e-05 0.0031836 0.0044116
0.12367 0.13111 0.29576 0.0045499 0.016908 -0.039921 0.0034792 0.016852 -0.0089498 -0.00091283 -0.00045644 0.002714
0.12547 0.15374 0.28752 0.0099901 0.017817 -0.040132 0.0017948 0.022635 -0.0082343 0.0054402 0.00090952 -0.00021077
0.12321 0.18013 0.27924 0.011535 0.013222 -0.043928 -0.0022536 0.02639 -0.0082831 0.001545 -0.0045956 -0.0037965
0.12479 0.1622 0.29203 0.014191 0.019309 -0.044182 0.0015721 -0.017931 0.012793 0.0026562 0.0060871 -0.00025395
0.12148 0.15544 0.31074 0.0031557 0.022987 -0.048664 -0.0033066 -0.0067609 0.018706 -0.011036 0.0036782 -0.0044818
0.12652 0.14977 0.31581 -0.007701 0.027752 -0.047105 0.0050376 -0.0056684 0.0050658 -0.010857 0.0047649 0.001559
0.1253 0.13467 0.30238 -0.013328 0.028169 -0.048107 -0.0012213 -0.015103 -0.013428 -0.0056265 0.00041712 -0.0010016
0.11935 0.10505 0.3458 -0.046629 0.03023 -0.0401 -0.0059461 -0.029621 0.043424 -0.033301 0.0020607 0.0080068
0.11593 0.088779 0.37916 -0.019398 0.035276 -0.04235 -0.0034149 -0.016268 0.033357 0.027231 0.0050464 -0.0022502
0.12788 0.091516 0.36501 0.022395 0.011646 -0.012112 0.011949 0.0027377 -0.014145 0.041792 -0.02363 0.030238
0.12817 0.13106 0.26041 0.072905 0.012731 -0.0024343 0.00028484 0.03954 -0.1046 0.050511 0.0010856 0.0096773
0.16763 0.15044 0.061166 0.13322 -0.016002 0.03301 0.03946 0.019379 -0.19924 0.060312 -0.028734 0.035445
0.13762 0.13119 0.0045688 0.062425 0.014345 0.0068176 -0.030004 -0.019241 -0.056597 -0.070793 0.030347 -0.026193
0.13758 0.15485 0.0038736 0.055907 0.023378 -0.033545 -4.7412e-05 0.023656 -0.00069518 -0.0065176 0.0090337 -0.040362
0.10687 0.13591 0.064223 0.026739 0.041534 -0.070099 -0.030703 -0.018943 0.06035 -0.029168 0.018156 -0.036555
0.10261 0.12524 0.087821 0.042058 0.04252 -0.084374 -0.0042609 -0.010663 0.023597 0.015319 0.00098566 -0.014274
0.13511 0.13181 0.063413 0.036881 0.049258 -0.052282 0.032497 0.00657 -0.024407 -0.0051771 0.0067383 0.032092
0.13959 0.095412 0.042179 0.00885 0.054293 -0.053461 0.0044844 -0.036403 -0.021234 -0.028031 0.0050345 -0.0011789
0.14015 0.1586 0.044494 -0.054889 0.071278 -0.054111 0.00055449 0.063189 0.0023155 -0.063739 0.016986 -0.00065078
0.11672 0.14865 0.045178 -0.073438 0.068643 -0.086972 -0.023428 -0.0099495 0.00068312 -0.018549 -0.0026349 -0.032861
0.090742 0.16282 0.065869 -0.10323 0.07254 -0.095068 -0.025979 0.014167 0.020691 -0.029791 0.0038972 -0.0080961
0.099605 0.15883 0.11125 -0.097007 0.069892 -0.099269 0.0088627 -0.0039879 0.045376 0.0062219 -0.002649 -0.0042007
0.10503 0.12667 0.17823 -0.12967 0.077333 -0.099444 0.0054225 -0.032161 0.066989 -0.032666 0.0074418 -0.00017546
0.11483 0.13283 0.21796 -0.11381 0.074269 -0.099959 0.0098059 0.0061581 0.03973 0.015861 -0.0030639 -0.00051479
0.11168 0.10965 0.29276 -0.20126 0.081779 -0.10298 -0.0031489 -0.023178 0.0748 -0.087447 0.0075093 -0.0030235
0.10836 0.12178 0.27008 -0.1381 0.074593 -0.10735 -0.00332 0.01213 -0.022687 0.063164 -0.0071859 -0.0043708
0.12022 0.12586 0.29447 -0.17838 0.082295 -0.10005 0.011861 0.0040773 0.024395 -0.040287 0.0077017 0.0072994
0.12108 0.11279 0.30708 -0.17521 0.086418 -0.11271 0.00085258 -0.013066 0.012603 0.0031692 0.0041238 -0.012656
0.11815 0.12393 0.25442 -0.12539 0.07618 -0.10929 -0.0029256 0.011141 -0.052657 0.049826 -0.010238 0.0034239
0.095385 0.13106 0.27787 -0.18529 0.072803 -0.12381 -0.022766 0.0071328 0.023447 -0.0599 -0.0033772 -0.01452
0.090811 0.11522 0.17804 -0.058337 0.049281 -0.11607 -0.0045743 -0.015845 -0.099824 0.12695 -0.023522 0.007738
0.10602 0.12675 0.17895 -0.12064 0.055865 -0.10897 0.015206 0.011531 0.00090752 -0.062307 0.0065843 0.0071006
0.10778 0.076102 0.18718 -0.12263 0.052116 -0.10855 0.0017613 -0.050649 0.0082328 -0.0019901 -0.0037491 0.00041843
0.11841 0.12264 0.18836 -0.18727 0.066274 -0.10292 0.010627 0.046542 0.0011747 -0.064639 0.014158 0.0056271
0.090198 0.14616 0.23766 -0.22888 0.069242 -0.11824 -0.028207 0.023518 0.049302 -0.041604 0.0029672 -0.015317
0.10247 0.14976 0.26459 -0.27384 0.093815 -0.11525 0.012273 0.0036002 0.026933 -0.044959 0.024573 0.0029867
0.10277 0.10945 0.29986 -0.28571 0.092646 -0.11004 0.00029569 -0.040308 0.035266 -0.011873 -0.0011694 0.0052147
0.11712 0.063292 0.33115 -0.35182 0.11239 -0.11053 0.014353 -0.046162 0.031297 -0.066112 0.019747 -0.00049654
0.123 0.045559 0.32129 -0.32853 0.098691 -0.095706 0.005885 -0.017733 -0.0098689 0.023289 -0.013702 0.014828
0.12265 0.090889 0.30689 -0.36325 0.11259 -0.10323 -0.00035384 0.04533 -0.0144 -0.034718 0.013899 -0.007524
0.12801 0.12237 0.29783 -0.30932 0.11131 -0.098623 0.0053609 0.031482 -0.0090511 0.053926 -0.0012826 0.0046071
0.13083 0.11218 0.32792 -0.37661 0.12175 -0.10697 0.0028201 -0.010187 0.030084 -0.067288 0.010442 -0.0083468
0.13079 0.11006 0.32564 -0.32105 0.12156 -0.10788 -4.0338e-05 -0.0021281 -0.0022783 0.055556 -0.00018891 -0.00091045
0.13024 0.069673 0.38562 -0.431 0.13261 -0.10952 -0.00055363 -0.040383 0.059977 -0.10994 0.011054 -0.0016399
0.13076 0.060832 0.37607 -0.39863 0.13672 -0.10224 0.00052495 -0.0088416 -0.0095513 0.03237 0.0041022 0.0072792
0.1255 0.065941 0.40625 -0.45211 0.14038 -0.10249 -0.0052573 0.0051089 0.030185 -0.053479 0.0036616 -0.00024575
0.1261 0.059083 0.40623 -0.44419 0.14179 -0.1059 0.000598 -0.0068579 -2.437e-05 0.0079156 0.0014135 -0.003418
0.12957 0.049079 0.38034 -0.38914 0.13733 -0.092331 0.003469 -0.010004 -0.025883 0.055053 -0.0044661 0.013573
0.12965 0.066548 0.32456 -0.33551 0.14783 -0.09649 7.6873e-05 0.017469 -0.055787 0.053627 0.010503 -0.0041592
0.13899 0.045433 0.26636 -0.23466 0.14946 -0.073346 0.0093453 -0.021115 -0.0582 0.10085 0.001629 0.023144
0.13173 0.10915 0.22603 -0.21253 0.15593 -0.091796 -0.0072621 0.063719 -0.040323 0.022127 0.0064699 -0.01845
0.12948 0.11723 0.25224 -0.2104 0.15083 -0.093635 -0.0022509 0.0080805 0.026209 0.0021306 -0.0050968 -0.0018391
0.1283 0.1044 0.27425 -0.23753 0.14976 -0.10287 -0.001177 -0.012834 0.022005 -0.027127 -0.0010705 -0.0092333
0.12538 0.097381 0.28937 -0.2482 0.14126 -0.10236 -0.0029195 -0.0070178 0.015122 -0.010671 -0.008502 0.00051304
0.13011 0.063375 0.28967 -0.24812 0.13931 -0.098172 0.0047275 -0.034006 0.00029583 7.284e-05 -0.0019439 0.0041831
0.13036 0.096094 0.28329 -0.26003 0.13955 -0.10379 0.0002495 0.032718 -0.0063741 -0.011903 0.00023093 -0.0056148
0.1309 0.10924 0.29958 -0.25912 0.1395 -0.10592 0.00053818 0.013147 0.016285 0.00091168 -4.5486e-05 -0.0021338
0.12984 0.10899 0.30654 -0.25963 0.14294 -0.11159 -0.0010555 -0.00024687 0.0069632 -0.0005158 0.0034357 -0.0056701
0.1269 0.09627 0.32021 -0.24751 0.13353 -0.10919 -0.0029479 -0.012724 0.013668 0.012121 -0.0094094 0.0023965
0.12934 0.061236 0.31472 -0.24233 0.13585 -0.113 0.0024482 -0.035034 -0.0054859 0.0051759 0.0023211 -0.0038029
0.12988 0.075176 0.29912 -0.24653 0.12789 -0.10805 0.00053277 0.013939 -0.015597 -0.0041944 -0.0079536 0.0049446
0.13945 0.060593 0.28322 -0.25251 0.14518 -0.10692 0.009572 -0.014583 -0.015904 -0.0059779 0.017286 0.0011343
0.13384 0.12417 0.26886 -0.27196 0.14191 -0.1038 -0.0056139 0.063576 -0.014362 -0.019454 -0.0032667 0.0031194
0.13379 0.11665 0.29024 -0.2741 0.15256 -0.10435 -4.8212e-05 -0.0075202 0.021386 -0.0021411 0.010644 -0.0005546
0.12997 0.10478 0.29946 -0.2671 0.14523 -0.10564 -0.0038137 -0.011871 0.0092107 0.0070014 -0.0073319 -0.0012832
0.13321 0.070641 0.30048 -0.26725 0.14187 -0.10234 0.0032325 -0.034137 0.0010288 -0.00015203 -0.0033522 0.0032992
0.13834 0.040094 0.27496 -0.25258 0.14486 -0.10541 0.0051374 -0.030547 -0.025529 0.01467 0.0029904 -0.0030695
0.14207 0.074018 0.23822 -0.26862 0.14983 -0.10166 0.0037288 0.033924 -0.036733 -0.01604 0.0049622 0.0037431
0.13709 0.12488 0.22605 -0.25681 0.15477 -0.10981 -0.0049771 0.050864 -0.012176 0.011812 0.0049483 -0.0081426
0.13493 0.12656 0.24847 -0.27027 0.15654 -0.10539 -0.0021652 0.001677 0.022419 -0.013457 0.0017692 0.0044176
0.13184 0.1303 0.26587 -0.26591 0.14992 -0.10985 -0.0030857 0.0037415 0.0174 0.0043566 -0.0066255 -0.0044627
0.13064 0.08459 0.30337 -0.27695 0.15039 -0.1097 -0.0012022 -0.04571 0.037505 -0.011041 0.00046936 0.0001518
0.13358 0.0861 0.3051 -0.27968 0.1493 -0.11664 0.0029385 0.0015097 0.0017261 -0.0027273 -0.0010819 -0.0069416
0.13216 0.094798 0.32132 -0.2843 0.14699 -0.12366 -0.0014221 0.0086976 0.016229 -0.0046243 -0.0023177 -0.0070222
0.13025 0.068297 0.32702 -0.28924 0.1474 -0.12181 -0.0019101 -0.026501 0.0056903 -0.0049405 0.00041489 0.0018576
0.13008 0.059635 0.30793 -0.28471 0.14282 -0.12127 -0.00016917 -0.008662 -0.01909 0.0045351 -0.0045842 0.00053169
0.13054 0.038537 0.27688 -0.26727 0.15193 -0.1074 0.00046335 -0.021098 -0.03105 0.017438 0.0091131 0.013877
0.12992 0.078036 0.2661 -0.30021 0.14246 -0.10506 -0.00061813 0.039499 -0.010775 -0.032935 -0.0094726 0.0023376
0.1291 0.11709 0.28163 -0.33101 0.15244 -0.10891 -0.00082668 0.039059 0.015527 -0.030802 0.0099786 -0.00385
0.10597 0.12914 0.23513 -0.23481 0.12591 -0.10054 -0.023131 0.012041 -0.046498 0.096194 -0.026528 0.008372
0.1018 0.12138 0.21058 -0.1872 0.12091 -0.1186 -0.004163 -0.0077556 -0.024552 0.047613 -0.0050011 -0.018065
0.088763 0.12944 0.054831 0.072658 0.091039 -0.097078 -0.01304 0.0080553 -0.15575 0.25986 -0.029869 0.021524
0.10898 0.12429 0.079341 0.010999 0.089569 -0.12009 0.020219 -0.0051413 0.02451 -0.061659 -0.00147 -0.023007
0.12531 0.10737 0.048987 0.053235 0.091912 -0.099878 0.016332 -0.016927 -0.030355 0.042235 0.0023437 0.020208
0.13286 0.07841 0.10992 -0.039665 0.10476 -0.10378 0.0075426 -0.028957 0.060932 -0.0929 0.012846 -0.003906
0.14623 0.061816 0.10968 -0.033239 0.10348 -0.071792 0.013373 -0.016594 -0.00023489 0.0064267 -0.0012742 0.031991
0.13606 0.097992 0.066696 0.010273 0.10604 -0.047735 -0.010165 0.036176 -0.042987 0.043512 0.0025535 0.024058
0.14949 0.15338 0.042559 0.036659 0.10199 -0.026271 0.013422 0.055383 -0.024137 0.026385 -0.0040511 0.021464
0.12995 0.15276 0.00020458 0.048354 0.096414 -0.018616 -0.019536 -0.00061812 -0.042354 0.011695 -0.0055725 0.0076552
0.12404 0.17129 0.010386 0.052109 0.099906 -0.034938 -0.0059064 0.018531 0.010182 0.0037552 0.0034919 -0.016322
0.094081 0.14803 0.026051 0.050085 0.075877 -0.048271 -0.029964 -0.023263 0.015665 -0.0020241 -0.024028 -0.013333
0.093956 0.14982 0.059972 0.034889 0.095145 -0.063705 -0.00012411 0.001794 0.033921 -0.015196 0.019267 -0.015434
0.091754 0.14747 0.077775 0.037593 0.085347 -0.070154 -0.0022021 -0.0023504 0.017803 0.0027039 -0.0097972 -0.0064495
0.10337 0.12901 0.097133 0.0071532 0.10474 -0.074218 0.011617 -0.01846 0.019359 -0.030439 0.019393 -0.0040633
0.10761 0.11462 0.095395 0.0019925 0.096533 -0.082071 0.004243 -0.014384 -0.0017384 -0.0051607 -0.0082073 -0.0078537
0.1072 0.12629 0.10741 -0.026428 0.092687 -0.093152 -0.00041557 0.011666 0.012019 -0.02842 -0.0038464 -0.011081
0.10106 0.11165 0.10912 -0.033136 0.083835 -0.10203 -0.006135 -0.014638 0.0017102 -0.0067079 -0.0088521 -0.0088773
0.108 0.089094 0.10874 -0.051426 0.087063 -0.10312 0.0069387 -0.022559 -0.0003855 -0.01829 0.0032277 -0.0010937
0.10763 0.091938 0.10377 -0.06328 0.084353 -0.092702 -0.00036959 0.0028438 -0.0049737 -0.011854 -0.0027098 0.010421
0.12601 0.064782 0.084827 -0.072501 0.093496 -0.08257 0.018381 -0.027156 -0.018938 -0.0092208 0.0091435 0.010132
0.13052 0.13586 0.085706 -0.095545 0.089203 -0.079049 0.0045091 0.071081 0.00087934 -0.023045 -0.0042938 0.0035213
0.12992 0.1306 0.10631 -0.093562 0.082144 -0.089427 -0.00060057 -0.0052643 0.020601 0.0019831 -0.0070581 -0.010378
0.13066 0.13266 0.14203 -0.10002 0.084415 -0.095937 0.0007415 0.0020623 0.035723 -0.0064571 0.0022709 -0.0065098
0.1246 0.11484 0.15937 -0.10045 0.07878 -0.094314 -0.0060686 -0.01782 0.017337 -0.00042648 -0.0056354 0.0016227
0.12624 0.093344 0.18008 -0.098371 0.083656 -0.10196 0.0016427 -0.021497 0.020712 0.0020751 0.0048758 -0.0076463
0.12847 0.089107 0.17525 -0.096226 0.093334 -0.092061 0.0022338 -0.0042374 -0.0048303 0.0021446 0.0096782 0.009899
0.12956 0.10326 0.17916 -0.10728 0.09543 -0.096704 0.0010869 0.014156 0.003913 -0.011056 0.0020958 -0.0046431
0.13679 0.071371 0.16864 -0.10461 0.099411 -0.080307 0.0072344 -0.031892 -0.010518 0.0026696 0.0039811 0.016398
0.14655 0.049344 0.15157 -0.11188 0.087293 -0.069194 0.0097608 -0.022027 -0.017077 -0.0072627 -0.012118 0.011113
0.14032 0.067608 0.16145 -0.085775 0.067946 -0.082461 -0.0062292 0.018264 0.00988 0.0261 -0.019346 -0.013266
0.14772 0.058022 0.17557 -0.055203 0.06201 -0.079969 0.0073951 -0.0095863 0.014128 0.030572 -0.0059361 0.0024912
0.13819 0.15491 0.19334 -0.062259 0.067894 -0.098014 -0.0095297 0.096887 0.017764 -0.0070556 0.0058836 -0.018045
0.14159 0.13338 0.18725 -0.066675 0.062507 -0.069431 0.0034033 -0.021523 -0.006091 -0.0044164 -0.0053866 0.028583
0.14081 0.12068 0.2015 -0.095323 0.064758 -0.10083 -0.00078545 -0.012701 0.014249 -0.028648 0.0022511 -0.031402
0.13518 0.095532 0.2923 -0.17376 0.098759 -0.10828 -0.0056251 -0.025151 0.0908 -0.078433 0.034 -0.0074444
0.14951 0.070091 0.36008 -0.31914 0.10948 -0.17743 0.014328 -0.025441 0.067785 -0.14539 0.010721 -0.069148
0.15334 0.097276 0.4561 -0.5 0.16565 -0.17698 0.0038286 0.027184 0.096018 -0.18086 0.056168 0.00044701
0.17669 0.054751 0.3928 -0.62115 0.10501 -0.16516 0.023354 -0.042525 -0.063296 -0.12114 -0.060635 0.011818
0.17559 0.071312 0.37148 -0.61856 0.078547 -0.13456 -0.001105 0.016562 -0.021319 0.0025845 -0.026466 0.030598
0.18828 0.04069 0.34104 -0.59338 0.039548 -0.10248 0.012694 -0.030622 -0.030446 0.02518 -0.038999 0.03208
0.18615 0.11178 0.34797 -0.56248 0.037292 -0.10497 -0.0021278 0.071088 0.0069328 0.030905 -0.0022563 -0.0024911
0.19342 0.09539 0.37125 -0.56948 0.065025 -0.10528 0.0072643 -0.016389 0.023275 -0.0070067 0.027733 -0.00030829
0.19478 0.10873 0.35953 -0.56456 0.064073 -0.10719 0.0013574 0.013336 -0.011718 0.0049207 -0.00095266 -0.001904
0.19444 0.069656 0.35769 -0.54842 0.063189 -0.10921 -0.00033989 -0.03907 -0.0018381 0.016139 -0.00088323 -0.0020254
0.194 0.069916 0.35685 -0.54201 0.057568 -0.10215 -0.00043619 0.00026015 -0.00083895 0.0064118 -0.0056216 0.0070572
0.19267 0.062145 0.35917 -0.52927 0.051983 -0.097421 -0.001331 -0.0077712 0.002322 0.012742 -0.0055849 0.0047333
0.19153 0.097691 0.3612 -0.5428 0.060545 -0.098494 -0.0011404 0.035546 0.0020283 -0.013532 0.0085627 -0.0010726
0.19209 0.089945 0.36974 -0.53274 0.056079 -0.10242 0.00056586 -0.0077463 0.0085444 0.010065 -0.0044669 -0.0039262
0.19374 0.085319 0.36018 -0.51816 0.066036 -0.096951 0.001646 -0.0046255 -0.0095691 0.014579 0.0099576 0.005469
0.19456 0.083746 0.37562 -0.5405 0.05625 -0.10038 0.00081557 -0.0015733 0.015443 -0.022339 -0.009786 -0.0034242
0.1971 0.048889 0.35761 -0.52151 0.063471 -0.093897 0.0025408 -0.034857 -0.01801 0.018982 0.0072208 0.0064788
0.19669 0.099271 0.34768 -0.53624 0.074306 -0.098015 -0.00041102 0.050382 -0.009933 -0.014727 0.010835 -0.004118
0.19282 0.067356 0.33454 -0.52316 0.072665 -0.096026 -0.0038662 -0.031915 -0.01314 0.013078 -0.0016411 0.001988
0.19899 0.024613 0.35818 -0.66814 0.07784 -0.11852 0.0061728 -0.042743 0.023645 -0.14498 0.0051753 -0.022493
0.19544 -0.082665 0.45662 -0.90349 0.037896 -0.14936 -0.0035556 -0.10728 0.098436 -0.23535 -0.039944 -0.03084
0.20781 -0.23452 0.51643 -1.3647 -0.040394 -0.22343 0.012371 -0.15186 0.059816 -0.46118 -0.07829 -0.074067
0.20644 -0.29009 0.48542 -1.5182 -0.079806 -0.23327 -0.0013684 -0.055565 -0.031013 -0.15352 -0.039412 -0.0098418
0.20103 -0.32735 0.42629 -1.6309 -0.13527 -0.24412 -0.0054049 -0.037261 -0.059127 -0.11272 -0.055464 -0.010848
0.20081 -0.22696 0.30467 -1.3676 -0.079709 -0.18778 -0.00022269 0.10038 -0.12162 0.26329 0.055562 0.056341
0.19024 -0.16663 0.34054 -1.2128 -0.06164 -0.1675 -0.010568 0.060339 0.035875 0.15485 0.018069 0.020278
0.19675 -0.093859 0.29705 -1.0548 -0.038516 -0.14923 0.0065069 0.072766 -0.043492 0.15799 0.023124 0.018269
0.19883 -0.066433 0.2894 -0.97325 -0.039453 -0.133 0.0020778 0.027426 -0.0076555 0.081526 -0.0009365 0.016231
0.20073 -0.065259 0.23967 -0.91631 -0.037662 -0.13004 0.0018982 0.0011741 -0.049726 0.056939 0.0017911 0.0029603
0.19736 0.011912 0.2186 -0.91418 -0.016002 -0.1223 -0.0033682 0.077171 -0.021067 0.0021295 0.02166 0.0077362
0.19677 -0.024699 0.26485 -0.91756 -0.0031524 -0.13378 -0.00058836 -0.036612 0.046247 -0.0033786 0.012849 -0.011482
0.18464 -0.01955 0.26865 -0.94319 0.0045637 -0.14261 -0.012131 0.0051495 0.0038016 -0.025627 0.0077161 -0.0088298
0.19379 -0.071726 0.27277 -0.8856 -0.0020635 -0.13022 0.0091498 -0.052176 0.0041237 0.057588 -0.0066271 0.012397
0.19259 -0.061883 0.2217 -0.85342 0.0080547 -0.11812 -0.0012028 0.0098425 -0.051075 0.032177 0.010118 0.012099
0.19273 -0.022676 0.26368 -0.90584 0.017879 -0.12261 0.00014278 0.039207 0.041983 -0.052416 0.0098248 -0.0044948
0.18691 -0.012906 0.23136 -0.8756 0.011169 -0.12395 -0.0058153 0.00977 -0.032321 0.030237 -0.0067102 -0.0013344
0.15192 0.0063451 0.17623 -0.75098 -0.01348 -0.14496 -0.034992 0.019252 -0.055136 0.12462 -0.024649 -0.02101
0.11085 0.0082717 -0.02189 -0.39764 -0.066991 -0.14451 -0.041068 0.0019267 -0.19812 0.35335 -0.053511 0.00045087
