-0.0031311 0.011762 0.0038382 -0.0061321 0.0054378 -0.002276 0 0 0 0 0 0
-0.029894 0.13445 -0.34421 0.17703 -0.24672 -0.082095 -0.026763 0.12269 -0.34804 0.18316 -0.25216 -0.079819
-0.1035 0.1799 -0.42714 0.042074 -0.17618 -0.12212 -0.073603 0.045452 -0.082936 -0.13495 0.070548 -0.040024
-0.14916 0.46591 -0.91919 0.52577 -0.31722 -0.23034 -0.045659 0.28601 -0.49205 0.4837 -0.14105 -0.10822
-0.20733 0.55163 -1.0874 0.32381 -0.07592 -0.26009 -0.058177 0.08572 -0.16819 -0.20197 0.2413 -0.029747
-0.16409 0.65213 -1.3677 0.81573 -0.30285 -0.2887 0.043248 0.1005 -0.2803 0.49192 -0.22693 -0.028609
-0.15489 0.62228 -1.2414 0.805 -0.41061 -0.34282 0.0091919 -0.02985 0.12632 -0.010726 -0.10776 -0.054124
-0.12456 0.65859 -0.8946 1.2045 -0.63019 -0.34745 0.030328 0.036314 0.34676 0.39946 -0.21958 -0.0046243
-0.085887 0.87215 -0.6508 1.5268 -0.69059 -0.2182 0.038678 0.21356 0.2438 0.32235 -0.060403 0.12925
-0.11702 1.0963 -0.69354 1.6568 -0.56829 -0.20318 -0.031129 0.22418 -0.042744 0.12995 0.1223 0.01502
-0.020697 1.1554 -0.83175 1.7909 -0.43525 0.14586 0.096319 0.059041 -0.13821 0.13417 0.13304 0.34904
-0.065158 0.93641 -0.75651 1.335 -0.30838 0.056494 -0.044461 -0.21896 0.075242 -0.45596 0.12686 -0.089365
0.004113 0.78345 -0.61325 1.0283 -0.21565 0.20426 0.069271 -0.15296 0.14326 -0.30672 0.092739 0.14776
0.020181 0.51406 -0.2482 0.43948 -0.18063 0.13899 0.016068 -0.26939 0.36504 -0.58878 0.035019 -0.065269
0.018633 0.46162 -0.2011 0.086499 -0.23097 -1.198e-05 -0.0015484 -0.052435 0.047102 -0.35298 -0.050348 -0.139
0.040561 0.38009 -0.12021 -0.08275 -0.19773 0.060459 0.021928 -0.081532 0.080892 -0.16925 0.033244 0.060471
-0.024883 0.31572 -0.20825 -0.020178 -0.20595 -0.14498 -0.065444 -0.06437 -0.088042 0.062572 -0.0082241 -0.20544
-0.030597 0.2631 -0.31248 -0.12365 -0.16953 -0.10966 -0.0057143 -0.052618 -0.10423 -0.10347 0.03642 0.035326
-0.11623 0.20198 -0.25075 -0.11333 -0.087686 -0.24336 -0.085635 -0.061125 0.061728 0.010318 0.081849 -0.1337
-0.13615 0.17689 -0.28809 -0.80533 -0.24745 -0.33068 -0.01992 -0.02509 -0.03734 -0.692 -0.15977 -0.087314
-0.23744 0.29833 -0.13382 -0.88803 -0.19362 -0.4872 -0.10129 0.12144 0.15427 -0.082705 0.05383 -0.15652
-0.36181 0.3432 0.0917 -1.0508 -0.088998 -0.61804 -0.12436 0.044872 0.22552 -0.16276 0.10462 -0.13085
-0.34697 0.71743 0.2123 -0.76471 -0.32394 -0.71389 0.014839 0.37423 0.1206 0.28608 -0.23494 -0.095848
-0.44898 0.94745 0.87251 -0.27646 -0.11056 -0.79404 -0.10201 0.23002 0.66021 0.48825 0.21338 -0.080144
-0.19772 1.5951 0.72514 -0.17668 -0.86501 -0.73276 0.25127 0.64767 -0.14736 0.099775 -0.75445 0.061276
-0.15191 1.6282 1.0073 0.061389 -0.80348 -0.90822 0.045809 0.03307 0.28211 0.23807 0.061531 -0.17546
-0.031499 1.8492 0.36452 0.079049 -1.1673 -0.88731 0.12041 0.22098 -0.64274 0.01766 -0.3638 0.020907
0.10856 1.5792 0.42452 -0.27922 -0.99592 -0.87435 0.14006 -0.26999 0.060004 -0.35827 0.17136 0.012964
0.18939 1.4581 0.45986 -0.69674 -0.78438 -0.5459 0.080823 -0.12108 0.035339 -0.41751 0.21154 0.32845
0.31466 1.1601 0.7876 -1.455 -0.5106 -0.33001 0.12527 -0.29797 0.32774 -0.75826 0.27378 0.21589
0.28323 0.9739 0.94 -1.7868 -0.40814 -0.22776 -0.031431 -0.18622 0.1524 -0.33181 0.10246 0.10226
0.085825 0.88167 0.70819 -1.71 -0.31647 -0.51701 -0.1974 -0.092229 -0.23181 0.076806 0.091669 -0.28925
0.076609 0.96808 0.58731 -1.7014 -0.58826 -0.51525 -0.0092155 0.086409 -0.12089 0.0085997 -0.27179 0.001756
0.11537 0.92365 0.65825 -1.794 -0.63178 -0.45588 0.038761 -0.044436 0.070938 -0.09259 -0.04352 0.059378
0.19986 0.96953 0.69783 -1.7926 -0.66986 -0.30599 0.08449 0.045885 0.039588 0.0013798 -0.038077 0.14989
0.22189 0.94315 0.69653 -1.7137 -0.63808 -0.2972 0.022032 -0.026385 -0.0013035 0.078881 0.031777 0.0087934
0.20442 0.93075 0.67783 -1.5511 -0.81978 -0.54397 -0.017475 -0.012395 -0.018702 0.1626 -0.1817 -0.24677
0.22069 0.74544 0.83064 -1.8005 -0.91299 -0.58151 0.016271 -0.18531 0.15281 -0.2494 -0.093206 -0.037544
0.26988 0.56119 1.1464 -1.878 -1.2482 -0.86684 0.049192 -0.18425 0.31579 -0.077474 -0.33523 -0.28533
0.13505 0.42835 1.3652 -2.0675 -0.9261 -0.78796 -0.13483 -0.13284 0.21881 -0.18953 0.32211 0.078877
0.028779 0.6147 1.1456 -1.4165 -1.0487 -1.0883 -0.10627 0.18635 -0.21965 0.65102 -0.12259 -0.30035
-0.072796 0.64661 1.1524 -1.6777 -0.77889 -0.82568 -0.10158 0.031911 0.0068061 -0.26116 0.2698 0.26263
0.030948 0.64408 1.005 -1.6077 -0.87492 -0.79335 0.10374 -0.0025321 -0.14741 0.070007 -0.096029 0.032329
-0.025297 0.70474 0.78504 -1.559 -0.54255 -0.59196 -0.056245 0.060664 -0.21994 0.048687 0.33237 0.20139
-0.063588 0.50135 1.0703 -1.9666 -0.36264 -0.47613 -0.038291 -0.20339 0.28524 -0.40765 0.17991 0.11583
-0.30429 0.69583 0.83733 -1.8189 0.16454 -0.3561 -0.2407 0.19448 -0.23295 0.1477 0.52718 0.12003
-0.38317 0.25299 1.6753 -3.0316 0.25185 -0.099829 -0.078878 -0.44285 0.83795 -1.2126 0.087309 0.25627
-0.44509 0.37485 1.6391 -3.4759 0.39877 -0.21741 -0.061925 0.12186 -0.036233 -0.44434 0.14692 -0.11759
-0.40813 0.19078 1.7941 -3.8041 0.31714 -0.20257 0.036957 -0.18407 0.15503 -0.32823 -0.081631 0.014841
-0.4295 0.37438 1.4273 -3.5983 0.10089 -0.58625 -0.021366 0.1836 -0.36679 0.2058 -0.21625 -0.38367
-0.41792 0.42217 0.74858 -2.9835 0.015754 -0.49113 0.01158 0.047787 -0.67871 0.61487 -0.085136 0.095119
-0.44137 0.22361 0.75808 -2.559 -0.23382 -0.73264 -0.023453 -0.19856 0.009495 0.42447 -0.24958 -0.24151
-0.36562 0.17613 0.687 -2.5512 -0.43315 -0.80639 0.075754 -0.047478 -0.071082 0.0077912 -0.19933 -0.073757
-0.31996 0.050635 1.125 -2.4794 -0.63568 -1.1065 0.045659 -0.12549 0.43798 0.071845 -0.20252 -0.30011
-0.12005 -0.084739 1.5044 -3.1897 -0.83218 -1.2765 0.19991 -0.13537 0.37943 -0.71029 -0.1965 -0.16999
0.0090409 -0.15924 1.7201 -3.3454 -0.91293 -1.4808 0.12909 -0.074504 0.21574 -0.15579 -0.080754 -0.20427
0.25961 -0.57581 2.327 -3.6774 -1.1325 -1.8014 0.25057 -0.41657 0.60689 -0.332 -0.21953 -0.32065
0.26677 -0.8477 2.9643 -4.0602 -0.88173 -1.6424 0.0071554 -0.27189 0.63726 -0.38278 0.25072 0.15897
0.25451 -0.9255 3.3637 -4.1069 -0.92321 -1.6868 -0.012258 -0.077796 0.39942 -0.046671 -0.041481 -0.044383
0.018004 -1.0284 3.0315 -4.4977 -0.12561 -0.9317 -0.23651 -0.10286 -0.33221 -0.3908 0.79761 0.75513
-0.028743 -0.73726 2.4341 -4.4935 -0.068328 -0.84947 -0.046747 0.2911 -0.59744 0.0041398 0.057281 0.082225
-0.070064 -0.67831 1.5913 -4.1318 0.078465 -0.8197 -0.041321 0.058951 -0.84278 0.36171 0.14679 0.029775
0.14612 -0.26795 1.5708 -4.0441 -0.38364 -0.95423 0.21618 0.41036 -0.020525 0.087692 -0.4621 -0.13454
0.62737 0.073936 1.9478 -3.5923 -0.87893 -1.13 0.48125 0.34188 0.37704 0.45181 -0.49529 -0.17577
0.90755 0.25684 2.1228 -3.2357 -1.242 -0.84152 0.28018 0.18291 0.175 0.35664 -0.36307 0.28848
1.3015 0.22947 2.373 -3.0571 -1.5199 -0.47397 0.39393 -0.027372 0.25021 0.17861 -0.27785 0.36755
1.105 -0.6374 2.3353 -2.6139 -1.6134 -0.42077 -0.19647 -0.86687 -0.037689 0.44318 -0.093584 0.053202
1.2484 -0.81804 2.6678 -3.1722 -1.7835 -0.35729 0.14342 -0.18064 0.33245 -0.55833 -0.17008 0.063482
1.3233 -1.0835 3.0465 -3.2072 -1.1354 -0.066268 0.074824 -0.26551 0.37872 -0.034966 0.64813 0.29102
1.476 -0.79365 3.1008 -3.6058 -1.4093 -0.19626 0.15272 0.2899 0.05433 -0.39863 -0.27396 -0.12999
1.5571 -0.04278 2.5828 -2.7652 -1.2876 0.23042 0.081102 0.75087 -0.51797 0.84059 0.12172 0.42668
1.3684 0.12184 2.6049 -2.5635 -2.1357 -0.42233 -0.18867 0.16462 0.022024 0.20175 -0.84806 -0.65275
1.7868 1.1922 3.6902 -2.4101 -2.7579 -0.7222 0.41839 1.0703 1.0854 0.15335 -0.62216 -0.29987
1.8704 1.9728 4.5177 -2.9701 -2.7208 -0.92588 0.083649 0.78069 0.82749 -0.55994 0.037094 -0.20368
1.9573 2.395 4.7641 -2.4501 -2.6767 -1.1745 0.086843 0.4222 0.2464 0.51993 0.044045 -0.2486
1.2664 2.3668 4.3012 -2.0176 -1.8651 -1.3127 -0.69086 -0.028282 -0.46288 0.4325 0.81161 -0.13819
0.39258 1.9806 1.5867 -0.29752 -1.3079 -1.187 -0.87384 -0.38614 -2.7146 1.7201 0.55719 0.12567
-0.032203 1.2136 1.9046 -0.59836 -0.73799 -1.2209 -0.42478 -0.76703 0.31795 -0.30084 0.56992 -0.033875
-0.16091 1.8834 -1.3429 -0.046834 -0.86974 -0.62775 -0.12871 0.66979 -3.2475 0.55152 -0.13174 0.59312
0.011772 1.2613 -0.90403 -0.29998 -0.85146 -0.46116 0.17269 -0.62213 0.43884 -0.25314 0.018275 0.16659
0.1464 1.7949 -2.4264 -0.063958 -1.1208 -0.3496 0.13463 0.53362 -1.5224 0.23602 -0.26936 0.11157
0.13437 1.3273 -2.145 0.28824 -1.0877 -0.20939 -0.012034 -0.46756 0.28148 0.3522 0.033106 0.1402
0.2198 1.5501 -2.417 0.27574 -1.2625 -0.16588 0.085429 0.22278 -0.27199 -0.012497 -0.17483 0.043514
0.22468 1.0443 -2.3588 -0.26283 -1.4073 -0.31737 0.0048787 -0.50576 0.058111 -0.53857 -0.14478 -0.15149
0.069565 0.75102 -2.1503 -0.97833 -1.5922 -0.44607 -0.15511 -0.29332 0.20853 -0.71551 -0.18491 -0.1287
0.017938 -0.50749 -0.72754 -2.6713 -1.37 -0.97678 -0.051627 -1.2585 1.4228 -1.6929 0.22221 -0.53071
-0.043682 -0.90247 0.49261 -3.5387 -1.6785 -1.3227 -0.06162 -0.39499 1.2202 -0.86741 -0.30848 -0.3459
0.23209 -1.2189 1.906 -4.0524 -1.8617 -1.6827 0.27577 -0.31642 1.4134 -0.5137 -0.18322 -0.36002
0.56259 -1.0822 2.7221 -3.5584 -1.6172 -0.88381 0.3305 0.13672 0.81608 0.49396 0.24447 0.79889
1.252 -0.53881 2.9481 -2.8651 -2.2502 -0.92108 0.68945 0.54337 0.22603 0.69333 -0.63294 -0.037266
0.89936 -0.86535 3.0272 -2.1291 -1.674 0.28747 -0.35268 -0.32655 0.079025 0.73594 0.5762 1.2085
0.32161 -1.1849 2.5391 -2.3675 -1.7054 -0.48525 -0.57776 -0.31955 -0.48804 -0.23837 -0.031367 -0.77271
-1.1778 -1.9454 2.3073 -2.4944 -1.011 -0.0858 -1.4995 -0.76046 -0.23183 -0.12693 0.69434 0.39945
-1.2528 -1.9244 2.1984 -3.2521 -0.025794 0.25777 -0.074956 0.020999 -0.10886 -0.75768 0.98522 0.34357
-0.37348 -1.2103 1.5571 -3.109 -0.69845 0.44324 0.87933 0.71411 -0.64136 0.1431 -0.67266 0.18547
1.3583 -0.53758 2.064 -3.1902 -1.1667 0.93061 1.7318 0.67267 0.50692 -0.081164 -0.46826 0.48737
1.8562 -0.11975 3.0204 -3.6561 -1.8478 0.15722 0.4979 0.41783 0.95645 -0.46587 -0.68106 -0.77339
1.6131 0.095913 2.9982 -3.6531 -1.6989 -0.12424 -0.24311 0.21566 -0.022296 0.0029459 0.1489 -0.28146
0.58748 -0.062121 4.2554 -4.1352 -1.0479 -0.36537 -1.0256 -0.15803 1.2572 -0.48212 0.65096 -0.24113
0.076641 0.66247 1.2714 -3.1282 -0.57608 -0.27629 -0.51084 0.72459 -2.984 1.007 0.47182 0.089076
0.050456 0.25275 1.4763 -3.1864 -0.49523 -0.08884 -0.026185 -0.40972 0.20488 -0.058166 0.080857 0.18745
0.061305 0.61874 0.020763 -2.9682 -0.43612 0.0041988 0.010849 0.36599 -1.4555 0.21816 0.059108 0.093038
0.21972 0.42902 0.49619 -3.4454 -0.49761 0.14653 0.15842 -0.18972 0.47542 -0.47722 -0.061493 0.14233
0.24615 0.55409 0.74215 -3.5397 -0.71586 0.19017 0.026424 0.12507 0.24596 -0.094281 -0.21825 0.043635
0.23592 0.81818 0.33582 -3.4831 -0.78883 0.26599 -0.010225 0.26408 -0.40633 0.056616 -0.07297 0.07582
0.26104 0.6913 0.34901 -3.3303 -0.98695 0.18625 0.025114 -0.12688 0.013182 0.1528 -0.19812 -0.079739
0.3463 0.40977 1.0028 -3.333 -1.3676 0.084453 0.08526 -0.28153 0.65381 -0.0026675 -0.38067 -0.1018
0.36593 0.019202 2.4203 -3.3422 -1.5076 0.010141 0.019637 -0.39057 1.4175 -0.0092138 -0.13995 -0.074313
0.42488 -0.29421 4.031 -3.3595 -1.7548 -0.042135 0.058951 -0.31341 1.6107 -0.017344 -0.24721 -0.052275
0.33866 -0.14548 4.9174 -3.3091 -1.5958 -0.0063159 -0.086228 0.14873 0.88638 0.050462 0.15894 0.035819
0.31596 0.11672 4.8587 -3.2353 -1.545 -0.10852 -0.022695 0.2622 -0.058688 0.073725 0.050816 -0.10221
0.30762 0.25713 4.5225 -3.2225 -1.5503 -0.12518 -0.0083451 0.14041 -0.33624 0.012816 -0.0052246 -0.016653
0.33103 0.20581 4.3217 -3.2728 -1.5336 -0.12754 0.023414 -0.051322 -0.20084 -0.050309 0.016638 -0.002364
0.36492 0.034295 4.3507 -3.4023 -1.6456 -0.12819 0.033887 -0.17151 0.029013 -0.12953 -0.11193 -0.00065383
0.34654 -0.035173 4.4015 -3.4136 -1.5645 -0.094647 -0.018373 -0.069469 0.050851 -0.011206 0.081047 0.033546
0.36639 0.084414 4.3235 -3.3969 -1.5759 -0.040586 0.019842 0.11959 -0.078 0.016632 -0.011367 0.054061
0.33938 0.11969 4.1733 -3.3618 -1.5902 -0.059069 -0.027001 0.035275 -0.15021 0.035079 -0.01437 -0.018483
0.32355 0.15905 4.0841 -3.3536 -1.5015 -0.02637 -0.01583 0.039362 -0.089246 0.0082819 0.08879 0.032699
0.43329 0.11406 4.1478 -3.4049 -1.5468 0.058812 0.10973 -0.044988 0.063717 -0.051324 -0.045301 0.085183
0.40834 -0.019977 4.1917 -3.2734 -1.8417 -0.042762 -0.024946 -0.13404 0.043872 0.13144 -0.29497 -0.10157
0.13982 0.3136 3.6417 -3.2471 -1.4944 0.070685 -0.26852 0.33358 -0.54997 0.026354 0.34733 0.11345
0.38033 0.36444 3.2291 -3.6993 -1.5033 0.50344 0.24051 0.050838 -0.41256 -0.45225 -0.0088982 0.43275
1.0239 -0.28691 3.9857 -3.3856 -2.0416 -0.96344 0.64359 -0.65136 0.75659 0.31374 -0.53826 -1.4669
1.0728 -0.12863 4.5395 -2.4443 -2.7163 -1.6186 0.048925 0.15828 0.55377 0.94129 -0.67472 -0.65517
0.039854 -0.92178 5.3743 -1.1176 -4.2346 -5.2162 -1.033 -0.79315 0.83485 1.3267 -1.5183 -3.5976
-3.4449 0.20942 3.0318 1.0347 -4.5505 -7.6561 -3.4848 1.1312 -2.3425 2.1522 -0.31595 -2.4399
-5.3476 0.39294 1.1901 0.10406 -3.1793 -8.6331 -1.9026 0.18351 -1.8417 -0.9306 1.3712 -0.97697
-4.5395 0.76999 -0.36701 2.1759 -2.4991 -6.9116 0.80807 0.37705 -1.5571 2.0719 0.68019 1.7215
-1.7802 1.2195 -0.18358 1.1201 -2.0646 -4.4325 2.7593 0.44951 0.18343 -1.0559 0.43452 2.4792
1.185 1.643 -0.14279 3.2085 -1.9568 -0.85819 2.9652 0.42348 0.040797 2.0884 0.10781 3.5743
1.2474 1.3512 1.3734 1.4644 -4.0966 -3.0001 0.062347 -0.2918 1.5162 -1.7441 -2.1398 -2.142
0.05391 1.6802 1.6522 0.94703 -2.2735 -2.1901 -1.1934 0.32905 0.27886 -0.51737 1.8231 0.81004
-0.57608 0.90183 3.7209 -0.42542 -2.7474 -4.2181 -0.62999 -0.7784 2.0687 -1.3725 -0.47391 -2.028
-0.83652 1.5314 2.7594 -0.14061 -1.6747 -3.4004 -0.26045 0.62956 -0.96153 0.28481 1.0727 0.81767
-0.34128 1.6408 1.6488 0.36388 -1.4522 -3.2222 0.49525 0.10944 -1.1106 0.50449 0.22247 0.17825
-0.09994 1.297 0.32931 0.42247 -2.2102 -3.47 0.24134 -0.34385 -1.3195 0.058597 -0.75798 -0.24782
-0.15235 1.169 -0.51798 0.4616 -2.0163 -3.3945 -0.052408 -0.128 -0.84728 0.039132 0.19393 0.075462
0.014491 0.72995 -0.44217 0.032956 -2.0344 -3.2055 0.16684 -0.43904 0.075809 -0.42865 -0.0181 0.18901
-0.073112 0.82425 -0.68161 0.18595 -1.9424 -2.9718 -0.087603 0.094302 -0.23944 0.15299 0.091924 0.23367
-0.28728 0.81874 -0.86992 -0.1684 -1.1977 -2.8412 -0.21417 -0.0055126 -0.18831 -0.35435 0.74478 0.13063
-0.2939 0.51749 -0.58201 -0.19927 -1.0659 -2.6022 -0.0066136 -0.30124 0.2879 -0.030867 0.13177 0.23902
-0.34797 0.56443 -0.46558 -0.28064 -0.96872 -2.6176 -0.054068 0.046935 0.11643 -0.081376 0.097162 -0.015383
-0.1848 0.46754 -0.18847 -0.16456 -1.4683 -2.4718 0.16316 -0.096885 0.27711 0.11608 -0.49963 0.14577
-0.15591 0.81475 -0.02488 -0.029365 -1.8541 -2.4976 0.028892 0.34721 0.16359 0.1352 -0.38575 -0.025839
-0.17625 0.78479 0.11475 -0.18037 -1.7854 -2.4667 -0.020335 -0.029962 0.13963 -0.15101 0.0687 0.030978
-0.23169 0.79339 0.1951 -0.28232 -1.7397 -2.4706 -0.055438 0.0085974 0.080349 -0.10195 0.045746 -0.0039586
-0.27599 0.60579 0.3478 -0.36653 -1.3872 -2.4439 -0.044299 -0.18759 0.1527 -0.084206 0.35249 0.026725
-0.28501 0.51118 0.21361 -0.45723 -1.5758 -2.5223 -0.0090241 -0.094609 -0.13419 -0.090701 -0.18865 -0.078389
-0.27001 0.41051 0.36744 -0.57363 -1.4245 -2.5014 0.015004 -0.10068 0.15384 -0.1164 0.15131 0.020872
-0.28549 0.50628 0.037698 -0.78526 -1.4747 -2.5597 -0.015484 0.095778 -0.32974 -0.21163 -0.050201 -0.058316
-0.27364 0.43763 0.023739 -1.0463 -1.3432 -2.5031 0.011846 -0.068649 -0.013959 -0.26102 0.13151 0.056647
-0.30073 0.7692 -0.16431 -1.1722 -1.4225 -2.5592 -0.027084 0.33157 -0.18805 -0.12591 -0.079322 -0.056123
-0.32253 0.74891 -0.18039 -1.2412 -1.4189 -2.5049 -0.021801 -0.020297 -0.016077 -0.068966 0.0036316 0.054318
-0.33558 0.8107 -0.1634 -1.2445 -1.4907 -2.5184 -0.013053 0.06179 0.01699 -0.003387 -0.071854 -0.01351
-0.35117 0.66212 -0.10436 -1.1946 -1.409 -2.4722 -0.015588 -0.14858 0.059044 0.049951 0.081733 0.046223
-0.33259 0.46363 0.061871 -1.2931 -1.3946 -2.4125 0.018577 -0.19849 0.16623 -0.09855 0.014378 0.059652
-0.34199 0.53194 0.09423 -1.2861 -1.3407 -2.3936 -0.0093918 0.068302 0.032358 0.0070437 0.053937 0.018944
-0.35669 0.53864 0.057693 -1.2536 -1.3375 -2.4108 -0.014705 0.0067058 -0.036537 0.032526 0.0031553 -0.017248
-0.31793 0.47175 0.1735 -1.4317 -1.3526 -2.3698 0.038762 -0.066895 0.11581 -0.17812 -0.015007 0.041025
-0.27805 0.42474 0.32936 -1.6803 -1.3536 -2.2938 0.039881 -0.047004 0.15586 -0.24864 -0.001044 0.075946
-0.16274 0.16203 0.71126 -2.3497 -1.396 -2.1132 0.11531 -0.26271 0.3819 -0.66939 -0.042389 0.18069
-0.1537 0.17857 0.72453 -2.5922 -1.3532 -2.016 0.0090418 0.016543 0.013269 -0.24247 0.042782 0.097133
-0.17042 0.136 0.75434 -2.6792 -1.2893 -2.0089 -0.01672 -0.042576 0.029812 -0.086953 0.063904 0.0070827
-0.22544 0.15592 0.62413 -2.4763 -1.2696 -2.0499 -0.055025 0.019926 -0.13021 0.20285 0.019719 -0.040976
-0.27663 0.1711 0.71942 -2.2886 -1.2632 -2.1015 -0.051184 0.015181 0.095291 0.18775 0.0063597 -0.051578
-0.27449 0.22094 0.7105 -2.3282 -1.3036 -2.0873 0.0021373 0.049834 -0.0089238 -0.039675 -0.040413 0.01424
-0.27426 0.24404 0.75822 -2.2928 -1.2822 -2.0377 0.0002272 0.023099 0.047722 0.035416 0.021475 0.049605
-0.2973 0.28627 0.70997 -2.2826 -1.2234 -2.039 -0.023041 0.042236 -0.048255 0.010174 0.058747 -0.0013044
-0.3217 0.24905 0.67402 -2.2043 -1.1796 -2.0335 -0.0244 -0.037227 -0.035951 0.078314 0.043805 0.0054734
-0.38297 0.26314 0.65607 -2.0486 -1.1192 -2.0981 -0.061262 0.014089 -0.017947 0.15576 0.060423 -0.064588
-0.37869 0.32884 0.58333 -2.0463 -1.1493 -2.1167 0.0042775 0.0657 -0.072739 0.0022199 -0.030072 -0.018653
-0.39225 0.37379 0.43313 -1.9168 -1.1181 -2.1367 -0.013565 0.044959 -0.1502 0.12954 0.031144 -0.019945
-0.36429 0.33165 0.35326 -1.9075 -1.1534 -2.1363 0.027968 -0.042144 -0.079877 0.0092531 -0.035247 0.0003736
-0.36951 0.34946 0.22629 -1.8506 -1.1246 -2.1363 -0.0052223 0.017806 -0.12697 0.056898 0.028744 -1.2952e-05
-0.37645 0.36364 0.19904 -1.8652 -1.1667 -2.1343 -0.0069413 0.014184 -0.027247 -0.014567 -0.042114 0.002018
-0.362 0.38991 0.19077 -1.9387 -1.1965 -2.1029 0.014449 0.026271 -0.0082696 -0.073469 -0.029795 0.031417
-0.38609 0.43419 0.13516 -1.969 -1.2781 -2.0791 -0.024088 0.044279 -0.05561 -0.030353 -0.081556 0.023741
-0.35883 0.33317 0.037496 -1.8164 -1.2632 -2.0836 0.027259 -0.10102 -0.097667 0.15266 0.01491 -0.0044791
-0.33747 0.37422 0.217 -1.826 -1.4515 -2.111 0.021357 0.041045 0.1795 -0.0096589 -0.18838 -0.027411
-0.37871 0.57648 -0.16429 -1.6314 -1.3829 -2.1581 -0.041238 0.20226 -0.38129 0.19463 0.068603 -0.04704
-0.33577 0.66596 -0.29496 -1.4161 -1.6436 -2.1251 0.04294 0.089484 -0.13067 0.21526 -0.26068 0.032956
-0.46007 0.96237 -1.1596 -1.0687 -1.4582 -2.0876 -0.1243 0.29641 -0.86468 0.34748 0.18545 0.0375
-0.38225 0.80947 -1.31 -0.60063 -1.6418 -2.0139 0.077824 -0.1529 -0.15031 0.46802 -0.18364 0.073751
-0.41833 0.82336 -1.3677 -0.66328 -1.5529 -2.0095 -0.036074 0.013884 -0.057788 -0.062644 0.088923 0.0043964
-0.37075 0.78558 -1.1814 -0.79494 -1.6756 -2.0358 0.047579 -0.037781 0.18633 -0.13166 -0.12272 -0.026322
-0.36061 0.88495 -1.3781 -0.96377 -1.6579 -2.0659 0.010134 0.099373 -0.19668 -0.16883 0.017671 -0.030148
-0.36808 1.052 -1.8457 -1.004 -1.6376 -2.1009 -0.0074683 0.16709 -0.46765 -0.040184 0.020341 -0.034925
-0.34665 0.99357 -2.1447 -0.90306 -1.5982 -2.0963 0.021432 -0.058468 -0.29895 0.10089 0.039365 0.0045071
-0.3447 0.91715 -2.2527 -0.90496 -1.5757 -2.111 0.0019522 -0.076425 -0.10805 -0.0018943 0.022491 -0.014665
-0.3444 0.78711 -2.1562 -0.89839 -1.5917 -2.0896 0.00029242 -0.13004 0.096544 0.0065672 -0.015976 0.021383
-0.34507 0.82257 -2.2187 -0.88528 -1.5931 -2.0839 -0.00067033 0.035459 -0.062543 0.013104 -0.0014125 0.0057497
-0.35666 0.89757 -2.3005 -0.88146 -1.5652 -2.1056 -0.01159 0.075008 -0.081763 0.0038261 0.027925 -0.021707
-0.35485 0.84867 -2.2226 -0.86717 -1.5421 -2.1099 0.0018152 -0.0489 0.077936 0.01429 0.023106 -0.0043392
-0.33042 0.86553 -2.284 -0.85079 -1.6492 -2.071 0.024432 0.016854 -0.061404 0.016378 -0.10711 0.038942
-0.29055 0.73021 -1.9683 -0.76565 -1.7761 -1.9768 0.039865 -0.13532 0.3157 0.085137 -0.12694 0.094148
-0.27145 0.80217 -2.0799 -0.94074 -2.0169 -1.9476 0.019104 0.071964 -0.11161 -0.17509 -0.24071 0.029227
-0.29047 0.76455 -1.8119 -0.9757 -1.8944 -1.9475 -0.019025 -0.037622 0.268 -0.034959 0.12246 0.00012615
-0.27249 0.72103 -1.7916 -0.98768 -2.0073 -2.0241 0.017978 -0.04352 0.020259 -0.011977 -0.11293 -0.07665
-0.30009 0.77521 -1.7966 -0.54539 -1.9628 -2.0135 -0.027591 0.054174 -0.0049619 0.44229 0.04452 0.010588
-0.43875 0.9192 -1.7907 -0.60209 -1.8099 -2.2604 -0.13866 0.14399 0.0058971 -0.056697 0.15287 -0.24687
-0.45621 1.0547 -2.2784 -0.31253 -1.7143 -2.3001 -0.017461 0.13552 -0.48767 0.28956 0.095594 -0.039736
-0.73781 1.246 -2.7331 -0.48835 -1.1143 -2.4874 -0.28161 0.19124 -0.45469 -0.17582 0.60007 -0.1872
-0.76598 1.622 -4.5812 0.66944 -1.1574 -1.969 -0.028171 0.376 -1.8482 1.1578 -0.043088 0.51833
-0.88869 1.7532 -5.4346 1.5216 -1.2056 -1.6604 -0.1227 0.13128 -0.85334 0.85219 -0.048268 0.3086
-0.9684 2.5269 -7.5191 2.2889 -1.3878 -1.2332 -0.079714 0.77368 -2.0845 0.76726 -0.18212 0.4272
-0.70085 1.9007 -6.4999 2.0105 -1.6438 -1.2583 0.26755 -0.62626 1.0192 -0.27838 -0.25606 -0.025088
-0.61909 1.3336 -4.7198 0.2618 -1.3026 -1.6369 0.081757 -0.56703 1.7801 -1.7487 0.34121 -0.37862
-0.59058 0.88423 -1.847 -1.4025 -1.7717 -1.8279 0.028511 -0.4494 2.8728 -1.6643 -0.46908 -0.19098
-0.60337 0.16223 1.3178 -3.7249 -1.7372 -2.0436 -0.012789 -0.722 3.1648 -2.3224 0.034468 -0.21567
-0.8586 1.2066 2.4625 -4.9376 -2.6383 -1.8557 -0.25523 1.0443 1.1446 -1.2127 -0.90107 0.1879
-0.97629 1.2625 2.8655 -5.2861 -2.4232 -1.6286 -0.11769 0.055894 0.40299 -0.3485 0.21506 0.22704
-0.94119 1.5523 1.8552 -4.2782 -2.5079 -1.4979 0.035096 0.28988 -1.0103 1.0079 -0.084688 0.13071
-0.90374 1.3133 0.71388 -3.87 -2.1398 -1.7082 0.03746 -0.23904 -1.1413 0.4082 0.36807 -0.21028
-1.0829 0.46467 -0.26807 -2.953 -2.1087 -1.7994 -0.17914 -0.84863 -0.98195 0.91698 0.031168 -0.091196
-1.2687 -0.20942 0.16499 -4.7066 -1.642 -2.1133 -0.18582 -0.67408 0.43306 -1.7536 0.46673 -0.31395
-2.1204 -0.71133 0.83794 -4.7838 -1.611 -2.1539 -0.85166 -0.50192 0.67295 -0.077162 0.030913 -0.040575
-1.7788 -0.63165 0.12935 -5.162 -1.0712 -1.9249 0.34158 0.079685 -0.70859 -0.37821 0.53982 0.22898
-1.4355 -0.88292 2.206 -4.1029 -1.593 -1.9621 0.34332 -0.25128 2.0767 1.0591 -0.5218 -0.037204
-0.75744 -0.42543 2.7952 -2.9206 -1.7458 -1.4589 0.67802 0.45749 0.58918 1.1823 -0.15279 0.50322
-0.65799 -0.43147 5.3548 -2.206 -1.4835 -1.4619 0.099456 -0.0060446 2.5596 0.71458 0.26228 -0.0029936
-1.0618 -0.51956 5.7281 -2.156 -1.673 -0.93577 -0.40385 -0.088085 0.37332 0.049952 -0.18952 0.52615
-1.3024 0.090939 3.4255 -1.9924 -1.0387 -0.7778 -0.2406 0.6105 -2.3026 0.16368 0.63436 0.15797
-1.1874 0.40593 4.0616 -1.6857 -1.5278 -0.63196 0.11501 0.31499 0.63612 0.30666 -0.48912 0.14584
-0.91781 1.2862 3.0484 -1.321 -1.2478 -0.78398 0.26961 0.8803 -1.0132 0.36472 0.28002 -0.15202
-0.74773 2.7301 4.639 0.18707 -1.6299 -0.97444 0.17008 1.4439 1.5906 1.508 -0.38208 -0.19046
-0.68276 2.4846 2.4021 0.27095 -1.8362 -0.7694 0.064976 -0.2455 -2.2369 0.083881 -0.20636 0.20504
-0.95171 2.817 1.7576 1.2793 -2.2324 -0.76193 -0.26896 0.33239 -0.6445 1.0083 -0.39617 0.0074732
-1.0443 2.2605 -0.48762 1.5704 -2.1794 -0.65407 -0.092604 -0.55646 -2.2452 0.2911 0.053014 0.10786
-1.0633 2.5719 -0.31701 2.7975 -2.2562 -0.96189 -0.019023 0.3114 0.17062 1.2271 -0.076864 -0.30782
-0.91392 3.4561 -0.33329 3.392 -2.1204 -0.98079 0.14942 0.88419 -0.016289 0.59451 0.13584 -0.018901
-0.61156 4.5589 1.4853 3.2193 -2.3559 -1.201 0.30236 1.1027 1.8186 -0.17278 -0.23552 -0.2202
-0.38767 5.0281 5.4411 0.97395 -2.5829 -1.0077 0.2239 0.46922 3.9557 -2.2453 -0.22701 0.19331
-0.28066 4.5841 7.457 -0.16467 -2.4525 -1.0178 0.107 -0.44399 2.0159 -1.1386 0.13043 -0.010074
-0.15744 3.7019 8.2319 -1.7145 -2.5686 -0.85432 0.12322 -0.88219 0.77493 -1.5498 -0.11609 0.16344
-0.26619 2.3142 5.0569 -0.82534 -2.0407 -0.62357 -0.10875 -1.3877 -3.175 0.88914 0.52791 0.23075
-0.30682 2.051 2.437 -0.76392 -1.665 -0.64488 -0.040633 -0.26317 -2.62 0.061423 0.37573 -0.02131
-0.3102 1.4873 0.93635 -0.31589 -1.5102 -0.62421 -0.0033737 -0.56371 -1.5006 0.44803 0.1548 0.020672
-0.28528 1.6936 0.03512 -0.19406 -1.456 -0.74278 0.024918 0.20632 -0.90123 0.12183 0.054173 -0.11857
-0.41722 1.0878 1.2058 -0.24682 -0.95322 -0.80179 -0.13195 -0.6058 1.1707 -0.05276 0.50277 -0.059016
-0.32733 0.5901 2.8404 -0.51898 -1.4415 -0.85373 0.089895 -0.49775 1.6346 -0.27216 -0.48827 -0.051932
-0.47302 0.26843 6.9221 -0.15789 -1.0895 -0.99608 -0.14569 -0.32167 4.0817 0.36109 0.35197 -0.14235
-0.013125 0.76691 9.0521 -0.7069 -2.7402 -1.42 0.45989 0.49848 2.1301 -0.549 -1.6506 -0.42396
-0.09645 2.1344 8.9161 0.097955 -3.3265 -1.6201 -0.083325 1.3674 -0.13604 0.80485 -0.58634 -0.2001
0.0015754 2.9041 6.343 -0.18195 -3.5953 -1.8575 0.098025 0.76973 -2.5731 -0.2799 -0.26883 -0.2374
-0.30754 2.5517 5.1505 -0.49508 -3.6107 -1.4656 -0.30912 -0.35243 -1.1925 -0.31313 -0.015414 0.39193
-0.18434 1.9243 5.6783 -0.75792 -3.1897 -1.5734 0.1232 -0.62731 0.52775 -0.26284 0.42101 -0.10782
-0.355 1.4333 7.2268 -1.8734 -3.3442 -1.6347 -0.17065 -0.491 1.5485 -1.1155 -0.15446 -0.06131
-0.27965 1.6131 6.6844 -2.1024 -2.9864 -2.0627 0.075344 0.17977 -0.54245 -0.22899 0.35784 -0.42798
-0.53204 2.0166 4.8231 -2.2109 -2.8585 -2.2421 -0.25239 0.4035 -1.8613 -0.10854 0.12785 -0.17936
-0.24658 1.3938 2.7892 -2.0416 -2.6227 -1.8294 0.28546 -0.62278 -2.0339 0.16933 0.23579 0.41269
-0.0074539 1.3543 1.5982 -1.637 -2.9699 -1.5116 0.23912 -0.039576 -1.191 0.40457 -0.34717 0.3178
0.38519 0.9897 1.4882 -1.3748 -3.1261 -0.95485 0.39265 -0.36456 -0.10997 0.26224 -0.1562 0.55674
0.30776 1.1744 1.2294 -1.2751 -3.0194 -0.86941 -0.077431 0.18474 -0.25881 0.099667 0.10667 0.085444
0.23656 1.2679 1.088 -0.97976 -2.7841 -0.75116 -0.071201 0.093457 -0.14137 0.29539 0.23529 0.11825
0.11963 1.1953 0.86606 -1.0743 -2.5666 -0.80456 -0.11693 -0.07258 -0.22195 -0.094527 0.21756 -0.053394
0.081918 1.0644 0.9601 -1.4292 -2.2593 -0.92854 -0.037711 -0.13095 0.094036 -0.3549 0.30728 -0.12398
0.043805 1.0256 1.0153 -1.5109 -2.1846 -1.0413 -0.038113 -0.038742 0.055237 -0.081691 0.074722 -0.11277
-0.066735 0.92843 1.1512 -1.6989 -1.929 -1.1674 -0.11054 -0.097188 0.13587 -0.18807 0.25561 -0.12611
-0.13633 0.9391 1.1316 -1.6264 -1.8133 -1.1901 -0.069596 0.010668 -0.019591 0.072511 0.11569 -0.022726
-0.10423 1.0313 1.0732 -1.6192 -1.966 -1.1684 0.0321 0.092163 -0.058427 0.0072405 -0.15277 0.021711
-0.13232 0.99105 1.2598 -1.598 -1.9598 -1.1764 -0.02809 -0.040216 0.18663 0.021181 0.0062616 -0.0079192
-0.22825 1.0092 1.7015 -1.5417 -1.9898 -1.2153 -0.095924 0.018188 0.44168 0.056275 -0.029999 -0.038893
-0.33329 1.0466 1.7489 -1.614 -1.9477 -1.1632 -0.10504 0.037401 0.047371 -0.072266 0.042079 0.052025
-0.38535 0.90805 2.1191 -1.6677 -1.7387 -1.303 -0.052062 -0.13859 0.37019 -0.053724 0.20897 -0.13975
-0.26699 1.1926 1.2772 -1.9158 -1.7542 -1.1457 0.11836 0.28453 -0.84183 -0.24806 -0.015486 0.15732
-0.089803 0.9378 1.4003 -1.5468 -1.743 -1.3271 0.17719 -0.25478 0.12303 0.36901 0.011205 -0.18149
-0.04446 1.1539 0.95048 -1.5481 -1.7765 -1.1964 0.045344 0.21611 -0.44977 -0.0013591 -0.03349 0.13071
-0.044723 1.0495 0.94091 -1.3596 -1.8926 -1.2615 -0.00026322 -0.10439 -0.009572 0.18851 -0.11607 -0.0651
-0.14413 1.0273 1.2109 -1.4909 -1.9204 -1.1694 -0.099408 -0.022199 0.27 -0.13125 -0.027796 0.092134
-0.21336 1.0477 1.0211 -1.6123 -1.818 -1.0722 -0.069234 0.020331 -0.18981 -0.1214 0.10237 0.097188
-0.27763 0.87639 1.479 -1.4732 -1.764 -1.0501 -0.064263 -0.17127 0.45786 0.13911 0.053965 0.022138
-0.3367 0.91856 1.517 -1.0893 -1.4717 -0.98852 -0.059076 0.04217 0.038048 0.38385 0.29233 0.061553
-0.45931 1.0711 1.1717 -0.43145 -1.3619 -0.94516 -0.1226 0.15258 -0.34533 0.65785 0.10983 0.043358
-0.55053 1.514 0.38513 1.1172 -1.3022 -0.92802 -0.09122 0.44285 -0.78654 1.5487 0.059636 0.017142
-0.33504 1.6364 0.31912 2.0849 -1.2686 -1.0167 0.21549 0.12243 -0.066012 0.96763 0.033624 -0.088663
-0.3063 1.8247 0.87664 2.3051 -1.49 -1.4246 0.028737 0.18827 0.55752 0.22029 -0.22135 -0.40787
-0.16196 1.0447 4.3069 -0.015937 -1.0021 -1.7881 0.14435 -0.78002 3.4302 -2.3211 0.48783 -0.36351
-0.51235 0.13179 7.4681 -2.8008 -1.1764 -2.1186 -0.3504 -0.91287 3.1613 -2.7849 -0.1743 -0.33055
-1.0452 0.19683 8.7646 -3.9956 -0.34732 -2.1122 -0.53281 0.065039 1.2965 -1.1947 0.82912 0.006394
-0.86778 -0.9046 10.129 -3.8578 -1.2644 -2.0003 0.17739 -1.1014 1.3643 0.13783 -0.91704 0.11192
-0.91323 0.46767 7.7615 -1.7101 -1.0661 -1.9466 -0.045445 1.3723 -2.3674 2.1477 0.19829 0.053698
-0.21272 -0.49505 8.8407 -1.7796 -2.0612 -1.7765 0.70051 -0.96272 1.0792 -0.069487 -0.99517 0.1701
-0.19417 0.25871 7.8911 -1.6507 -1.955 -1.7972 0.018552 0.75376 -0.94952 0.12884 0.10628 -0.020694
-0.13126 0.02236 7.9028 -2.3746 -2.0505 -1.7151 0.062909 -0.23635 0.011607 -0.72386 -0.095556 0.082081
-0.18694 -0.13167 7.6447 -2.6561 -1.9378 -1.7565 -0.05568 -0.15404 -0.25809 -0.28148 0.11277 -0.041341
-0.21095 -0.11476 7.402 -2.6185 -1.8631 -1.8194 -0.024008 0.01692 -0.24265 0.037537 0.074649 -0.062931
-0.1509 0.3012 7.0063 -2.3832 -1.8117 -1.8856 0.060046 0.41596 -0.39574 0.23534 0.051401 -0.066189
-0.16176 -0.42774 7.7686 -3.0937 -1.6866 -1.7111 -0.010862 -0.72895 0.76235 -0.71047 0.12507 0.17451
-0.31255 -0.62885 7.244 -3.5323 -1.2905 -1.7324 -0.15079 -0.20111 -0.52462 -0.43866 0.39613 -0.021339
-0.42814 -2.3781 7.4911 -5.3096 -1.0602 -1.3137 -0.11559 -1.7492 0.24708 -1.7772 0.23034 0.41868
-0.54602 -3.063 7.4125 -5.8938 -0.83419 -1.4948 -0.11788 -0.68492 -0.078518 -0.58427 0.22598 -0.18113
-0.44122 -2.5264 6.0963 -5.643 -1.0032 -1.4069 0.1048 0.53654 -1.3163 0.25082 -0.16896 0.087916
-0.34429 -2.2639 6.2696 -5.1825 -1.0373 -1.598 0.096937 0.26257 0.17329 0.46049 -0.034142 -0.19111
-0.2684 -1.3951 5.3534 -4.6253 -1.0584 -1.6839 0.075884 0.86881 -0.91614 0.5572 -0.021069 -0.08586
-0.23527 -1.4619 5.1744 -4.7085 -1.0705 -1.6077 0.033131 -0.066844 -0.179 -0.083162 -0.012129 0.076202
-0.26601 -1.4454 4.8327 -4.7582 -1.0325 -1.7153 -0.030737 0.016471 -0.34172 -0.049755 0.038041 -0.10764
-0.21749 -1.1008 3.9733 -4.6153 -1.2582 -1.5972 0.048522 0.3446 -0.85941 0.14294 -0.22572 0.1181
-0.16817 -1.2657 4.2807 -4.3726 -1.3406 -1.6222 0.049317 -0.16488 0.30739 0.24274 -0.082422 -0.024964
-0.14542 -1.1035 4.2909 -4.147 -1.5222 -1.5418 0.022745 0.16218 0.01022 0.22556 -0.18163 0.080456
-0.119 -1.215 4.9924 -3.6748 -1.5983 -1.509 0.026421 -0.11149 0.70142 0.47218 -0.076119 0.032759
-0.15787 -0.84578 5.0883 -3.5636 -1.6304 -1.5448 -0.038865 0.36924 0.095933 0.11122 -0.032039 -0.035785
-0.18689 -0.57892 4.7806 -3.4503 -1.6606 -1.503 -0.029017 0.26686 -0.3077 0.11331 -0.030246 0.041763
-0.2176 -0.54163 4.607 -3.5886 -1.5953 -1.5252 -0.030711 0.037285 -0.17355 -0.13828 0.065359 -0.022197
-0.2538 -0.5328 4.2518 -3.6571 -1.6198 -1.4747 -0.036203 0.0088387 -0.35525 -0.068565 -0.024545 0.050467
-0.30361 -0.68587 4.2278 -3.666 -1.6402 -1.4554 -0.049814 -0.15307 -0.024009 -0.0088953 -0.020422 0.019353
-0.30057 -0.55127 4.0505 -3.6477 -1.6696 -1.4836 0.0030469 0.1346 -0.17725 0.018298 -0.029335 -0.028201
-0.30297 -0.63473 4.1833 -3.6898 -1.6173 -1.5133 -0.0024019 -0.083461 0.13277 -0.042066 0.052292 -0.029715
-0.24808 -0.91787 4.8825 -3.7859 -1.3941 -1.6195 0.054886 -0.28314 0.69925 -0.09607 0.22315 -0.1062
-0.29072 -1.2254 6.1305 -4.1063 -1.0563 -1.6087 -0.042642 -0.30748 1.2479 -0.3204 0.33779 0.010762
-0.2809 -0.86085 5.7974 -3.9979 -1.0906 -1.6717 0.0098213 0.3645 -0.33307 0.10833 -0.034309 -0.062955
-0.23771 -0.96558 5.5495 -3.889 -1.37 -1.6576 0.043192 -0.10473 -0.24792 0.10892 -0.27939 0.014148
-0.065008 -0.28666 3.3671 -3.2847 -1.961 -1.5894 0.1727 0.67891 -2.1824 0.60432 -0.59093 0.068107
0.074321 -0.99577 3.0722 -3.1207 -2.4004 -1.5704 0.13933 -0.7091 -0.29485 0.16401 -0.43948 0.019053
0.14357 -0.64311 2.3252 -3.0963 -2.4118 -1.3143 0.069253 0.35266 -0.747 0.024327 -0.01134 0.25611
0.14422 -0.72892 2.3978 -3.2735 -2.4366 -1.3245 0.00064876 -0.085811 0.072623 -0.17716 -0.024769 -0.010189
0.10521 -0.57523 2.3167 -3.4224 -2.2705 -1.2398 -0.039016 0.15369 -0.081103 -0.14893 0.16607 0.084678
0.12532 -0.38526 2.1384 -3.4431 -2.3417 -1.257 0.020109 0.18997 -0.17833 -0.020697 -0.071236 -0.017253
0.069713 -0.52655 2.1426 -3.456 -2.2609 -1.2814 -0.055602 -0.1413 0.004211 -0.012845 0.080775 -0.024329
0.071778 -0.34048 2.0675 -3.4667 -2.2823 -1.2184 0.002065 0.18607 -0.075094 -0.010734 -0.021322 0.062989
0.036108 -0.26249 1.9124 -3.464 -2.2129 -1.2394 -0.035671 0.077991 -0.15507 0.0027139 0.069357 -0.020977
0.051536 -0.37727 2.1404 -3.5128 -2.2185 -1.2701 0.015428 -0.11478 0.22794 -0.04878 -0.0056163 -0.030744
0.047047 -0.39834 2.233 -3.5603 -2.1707 -1.2876 -0.004489 -0.021076 0.092658 -0.047528 0.04784 -0.017523
0.044646 -0.41602 2.2543 -3.6033 -2.1675 -1.3068 -0.0024008 -0.017674 0.021236 -0.043001 0.0031472 -0.01916
0.039066 -0.42919 2.3872 -3.6336 -2.1745 -1.3088 -0.00558 -0.01317 0.13296 -0.030284 -0.0069551 -0.0019637
0.031716 -0.34916 2.3978 -3.623 -2.1636 -1.3182 -0.0073498 0.080031 0.010589 0.010621 0.010872 -0.0094415
0.023197 -0.46636 2.9601 -3.6786 -2.1254 -1.3683 -0.0085198 -0.1172 0.56233 -0.055646 0.038228 -0.050127
-0.024365 -0.40263 3.0899 -3.6629 -2.0561 -1.3889 -0.047561 0.063725 0.12977 0.015736 0.069316 -0.020599
-0.047663 -0.39282 3.2299 -3.6651 -2.0298 -1.3707 -0.023299 0.0098148 0.13998 -0.0022545 0.02625 0.018201
-0.086207 -0.3599 3.1199 -3.6072 -2.0246 -1.3215 -0.038544 0.032918 -0.10995 0.057886 0.0052209 0.049264
-0.095228 -0.31955 3.0467 -3.5618 -2.0165 -1.2737 -0.0090203 0.040345 -0.073207 0.045404 0.0080761 0.047757
-0.093578 -0.25421 3.037 -3.5595 -2.0429 -1.2526 0.0016498 0.065341 -0.0096868 0.0023034 -0.026403 0.021087
-0.091578 -0.27162 3.0007 -3.5698 -2.0257 -1.2551 0.0020003 -0.017404 -0.036382 -0.010225 0.017224 -0.0024497
-0.08597 -0.25074 2.9376 -3.5852 -2.0481 -1.2559 0.0056078 0.020882 -0.06311 -0.015394 -0.022396 -0.00086688
-0.087483 -0.33957 2.959 -3.5947 -2.0085 -1.2411 -0.0015137 -0.088831 0.021483 -0.0095656 0.039557 0.014796
-0.094784 -0.25605 2.8988 -3.5768 -1.9907 -1.2431 -0.0073001 0.083514 -0.060219 0.017966 0.017852 -0.0019443
-0.091475 -0.19143 2.896 -3.567 -1.9596 -1.2682 0.0033083 0.064619 -0.0027918 0.0097474 0.031108 -0.025081
-0.092531 -0.19566 2.8574 -3.5534 -1.9719 -1.3137 -0.0010554 -0.0042231 -0.038666 0.013582 -0.012334 -0.045532
-0.094869 -0.22593 2.8301 -3.5595 -1.9866 -1.3341 -0.0023381 -0.030277 -0.027244 -0.006035 -0.014695 -0.020406
-0.099854 -0.26901 2.7786 -3.5533 -1.9886 -1.3052 -0.0049853 -0.043077 -0.051495 0.0061726 -0.0019421 0.028863
-0.094496 -0.21844 2.7922 -3.5794 -2.0105 -1.2788 0.0053581 0.050568 0.013599 -0.02608 -0.021902 0.026473
-0.091434 -0.19295 2.8158 -3.5829 -1.9966 -1.2773 0.0030622 0.025494 0.023554 -0.0035151 0.013897 0.0014093
-0.083714 -0.24314 2.9563 -3.59 -2.0228 -1.3065 0.0077198 -0.050194 0.1405 -0.0070987 -0.026241 -0.029127
-0.088965 -0.26465 2.9254 -3.5924 -2.0075 -1.3012 -0.0052509 -0.021509 -0.030909 -0.0024318 0.015316 0.0052681
-0.091324 -0.22185 2.7971 -3.5476 -2.0013 -1.2618 -0.0023587 0.042806 -0.12826 0.044803 0.0062287 0.039435
-0.073584 -0.10934 2.6094 -3.513 -2.0086 -1.2013 0.017739 0.11251 -0.18773 0.03459 -0.0072989 0.060498
-0.062187 -0.19826 2.6132 -3.488 -2.0443 -1.1896 0.011397 -0.088925 0.0038469 0.024984 -0.0357 0.011714
-0.048789 -0.20783 2.619 -3.4627 -2.0802 -1.1783 0.013399 -0.0095631 0.0058185 0.025388 -0.03595 0.011221
-0.051931 -0.31753 2.6925 -3.4809 -2.1162 -1.2177 -0.0031421 -0.1097 0.073494 -0.018212 -0.035947 -0.039325
-0.060113 -0.1409 2.5016 -3.463 -2.093 -1.2418 -0.0081822 0.17663 -0.19093 0.017819 0.023174 -0.024134
-0.067449 -0.13124 2.484 -3.4646 -2.0661 -1.2964 -0.0073365 0.0096678 -0.017639 -0.0015274 0.026914 -0.054607
-0.079461 -0.15852 2.452 -3.4738 -2 -1.3281 -0.012012 -0.027288 -0.031941 -0.0092122 0.066099 -0.031658
-0.098292 -0.24568 2.6099 -3.4852 -1.9575 -1.3268 -0.018831 -0.08716 0.15784 -0.011432 0.04243 0.0012463
-0.097301 -0.28515 2.6774 -3.5008 -1.9289 -1.319 0.00099154 -0.039469 0.067582 -0.015538 0.028628 0.0078037
-0.095958 -0.15519 2.7062 -3.5078 -1.9442 -1.3123 0.0013428 0.12996 0.028767 -0.0070708 -0.015336 0.006737
-0.088329 -0.15201 2.6447 -3.5207 -1.9493 -1.3301 0.0076292 0.0031851 -0.061523 -0.012914 -0.005011 -0.017802
-0.080487 -0.19524 2.6859 -3.535 -1.9724 -1.3305 0.007842 -0.043234 0.041177 -0.01422 -0.023162 -0.00038135
-0.083405 -0.26208 2.7063 -3.5675 -1.957 -1.3244 -0.0029185 -0.066834 0.020465 -0.032534 0.015416 0.006031
-0.063627 -0.23444 2.7225 -3.5569 -2.0103 -1.329 0.019779 0.027633 0.016167 0.010593 -0.053296 -0.0045651
-0.068848 -0.087618 2.5408 -3.5715 -1.9922 -1.3498 -0.005221 0.14683 -0.1817 -0.014553 0.018133 -0.020848
-0.070076 -0.10304 2.3936 -3.5461 -2.0243 -1.3907 -0.001228 -0.01542 -0.14718 0.025312 -0.032093 -0.040851
-0.089846 -0.11614 2.2562 -3.5456 -1.9773 -1.3873 -0.01977 -0.0131 -0.13738 0.00051626 0.046969 0.0033979
-0.088527 -0.2115 2.3381 -3.5083 -1.9945 -1.39 0.0013187 -0.095357 0.081842 0.037299 -0.017194 -0.0026702
-0.087414 -0.088293 2.1953 -3.4614 -1.9623 -1.3749 0.0011135 0.1232 -0.1428 0.046895 0.032138 0.015085
-0.089368 -0.083991 2.1832 -3.4031 -1.9487 -1.369 -0.0019538 0.0043029 -0.012083 0.058289 0.013691 0.0058678
-0.082376 -0.065812 1.9795 -3.3611 -1.8928 -1.3708 0.0069916 0.018178 -0.20366 0.042081 0.055878 -0.0018378
-0.083117 -0.15808 2.189 -3.4043 -1.9406 -1.3672 -0.0007406 -0.092265 0.20949 -0.043226 -0.047836 0.0036438
-0.12167 -0.020166 1.8762 -3.2471 -1.8867 -1.3198 -0.038555 0.13791 -0.31288 0.15718 0.05394 0.047375
-0.1305 -0.18693 2.422 -3.278 -1.894 -1.2455 -0.0088333 -0.16676 0.54588 -0.03093 -0.0072848 0.074316
-0.22628 -0.11347 2.3858 -3.0557 -1.7153 -1.1041 -0.095777 0.073461 -0.036237 0.22235 0.17861 0.14138
-0.18109 -0.36266 3.1562 -3.1972 -1.7261 -1.0633 0.045195 -0.24919 0.77038 -0.14156 -0.010719 0.040833
-0.14943 -0.045181 2.7375 -3.1561 -1.8557 -1.0366 0.031657 0.31748 -0.41868 0.041184 -0.1296 0.026749
-0.095966 -0.26088 3.1558 -3.3601 -1.8255 -0.99813 0.053463 -0.2157 0.41831 -0.20405 0.030211 0.038429
0.032151 0.025784 2.7633 -3.1455 -2.049 -0.97509 0.12812 0.28667 -0.39248 0.21466 -0.22354 0.023034
-0.0098818 -0.473 3.6965 -3.2101 -1.8794 -0.91496 -0.042033 -0.49878 0.93312 -0.064677 0.16962 0.060134
0.046058 0.085366 3.0652 -2.7469 -2.0819 -0.99307 0.05594 0.55836 -0.6313 0.46325 -0.20249 -0.078113
-0.084444 -0.017225 2.6368 -2.6865 -1.9363 -1.0053 -0.1305 -0.10259 -0.42839 0.060356 0.14553 -0.012199
-0.13507 0.24005 1.8403 -2.4229 -1.7945 -0.96162 -0.050622 0.25728 -0.79644 0.26361 0.14184 0.043651
-0.20316 0.13163 1.4182 -2.3745 -1.5868 -0.9215 -0.068097 -0.10842 -0.42216 0.048393 0.20766 0.040119
-0.17405 0.082442 1.607 -2.3805 -1.603 -0.92583 0.029114 -0.049188 0.18884 -0.0059948 -0.016107 -0.0043294
-0.17418 0.18029 1.4672 -2.3922 -1.6331 -0.95752 -0.00012732 0.097847 -0.1398 -0.011655 -0.030186 -0.031687
-0.15576 0.24196 1.2962 -2.3731 -1.7685 -1.0251 0.018417 0.06167 -0.17104 0.019047 -0.13535 -0.067581
-0.18885 0.14404 1.4234 -2.3584 -1.704 -1.0339 -0.033094 -0.09792 0.12718 0.014704 0.064452 -0.0088492
-0.21128 -0.013942 1.7209 -2.2551 -1.6345 -1.0883 -0.02243 -0.15798 0.29758 0.10328 0.069507 -0.054367
