-0.00026309 0.0016437 -0.00054507 0.0026505 -0.0006211 -0.00037523 0 0 0 0 0 0
-0.010171 0.019932 -0.081071 -0.31471 -0.049695 0.017279 -0.0099082 0.018288 -0.080526 -0.31736 -0.049074 0.017654
-0.035725 0.0029513 -0.072462 -0.6488 -0.042374 0.036037 -0.025554 -0.016981 0.0086093 -0.33409 0.0073214 0.018757
-0.010206 0.044277 -0.068494 -0.54546 -0.03151 0.021763 0.025519 0.041326 0.0039677 0.10334 0.010864 -0.014274
-0.019309 0.03867 -0.030921 -0.64566 -0.019221 0.024096 -0.0091029 -0.0056067 0.037574 -0.1002 0.012289 0.0023328
0.00011003 0.067287 -0.051023 -0.58622 -0.037982 0.00088639 0.019419 0.028617 -0.020102 0.059437 -0.018761 -0.023209
-0.0012374 0.036749 -0.062179 -0.56518 -0.056454 0.010212 -0.0013474 -0.030538 -0.011156 0.021045 -0.018472 0.0093254
-0.006576 0.039737 -0.035997 -0.5914 -0.077404 0.0023312 -0.0053386 0.0029876 0.026182 -0.02622 -0.02095 -0.0078806
-0.0013678 0.04418 -0.0072517 -0.46892 -0.08318 -0.0034704 0.0052082 0.0044436 0.028745 0.12247 -0.0057752 -0.0058015
-0.0058504 0.059995 0.021201 -0.39804 -0.11727 -0.026439 -0.0044826 0.015815 0.028453 0.070884 -0.034089 -0.022968
0.0010411 0.12645 0.045915 -0.23431 -0.10468 -0.035476 0.0068915 0.066452 0.024714 0.16373 0.012588 -0.0090375
-0.0020758 0.088616 0.049492 -0.11206 -0.10248 -0.03223 -0.003117 -0.03783 0.0035763 0.12225 0.002205 0.0032465
-0.0051695 0.15684 0.044817 -0.061237 -0.092679 -0.016022 -0.0030936 0.068225 -0.0046744 0.050823 0.0097966 0.016208
0.0059747 0.1015 0.033055 0.049038 -0.063751 -0.004309 0.011144 -0.055341 -0.011762 0.11027 0.028928 0.011713
0.014008 0.11166 0.03172 0.13875 -0.048517 -0.013776 0.0080335 0.010161 -0.0013348 0.08971 0.015234 -0.0094669
0.022598 0.10834 0.063637 0.31771 0.0017273 -0.023912 0.0085898 -0.0033173 0.031917 0.17897 0.050244 -0.010136
0.02026 0.11402 0.090155 0.32009 -0.0044459 -0.029222 -0.0023377 0.0056715 0.026519 0.0023742 -0.0061732 -0.0053105
0.0096485 0.11768 0.13999 0.31029 -0.0052537 -0.029601 -0.010612 0.0036607 0.049839 -0.0098016 -0.00080776 -0.00037867
0.00843 0.11633 0.13192 0.23441 -0.022028 -0.02708 -0.0012185 -0.0013491 -0.0080797 -0.075882 -0.016775 0.0025207
0.0067784 0.10228 0.15895 0.18272 -0.039215 -0.039719 -0.0016515 -0.014042 0.02703 -0.051686 -0.017186 -0.012638
0.0039474 0.10649 0.13897 0.17652 -0.079946 -0.053576 -0.002831 0.0042033 -0.019979 -0.0062023 -0.040732 -0.013858
-0.0078629 0.082359 0.16088 0.1113 -0.13738 -0.069924 -0.01181 -0.024129 0.021917 -0.065214 -0.057432 -0.016347
-0.0043769 0.072508 0.19169 0.13231 -0.1959 -0.073191 0.003486 -0.0098501 0.030807 0.021008 -0.05852 -0.0032678
-0.013588 0.068088 0.21309 0.11876 -0.20267 -0.078354 -0.0092111 -0.0044209 0.021396 -0.013552 -0.0067746 -0.0051628
0.0063227 0.099864 0.22275 0.13616 -0.21258 -0.08092 0.019911 0.031777 0.009666 0.017402 -0.0099073 -0.0025657
0.0039285 0.097692 0.2304 0.13817 -0.21067 -0.080588 -0.0023942 -0.0021716 0.0076452 0.0020136 0.0019059 0.00033209
0.024579 0.11889 0.22352 0.13319 -0.20542 -0.094396 0.020651 0.021201 -0.006879 -0.0049802 0.0052501 -0.013809
0.024905 0.091207 0.20362 0.10256 -0.17519 -0.07703 0.00032586 -0.027687 -0.019898 -0.030637 0.030237 0.017366
0.026502 0.16304 0.21463 -0.0043487 -0.12055 -0.086393 0.0015973 0.071837 0.011011 -0.10691 0.054635 -0.0093625
0.0068147 0.12996 0.12445 -0.099684 -0.10861 -0.067805 -0.019688 -0.033084 -0.090185 -0.095336 0.011942 0.018588
-0.0043137 0.18388 0.16056 -0.21139 -0.10757 -0.076245 -0.011128 0.053925 0.036117 -0.11171 0.001044 -0.0084402
-0.013697 0.11975 0.091773 -0.19112 -0.14516 -0.071881 -0.009383 -0.064139 -0.068792 0.020273 -0.037591 0.0043642
-0.0051421 0.13025 0.1206 -0.21063 -0.13775 -0.073127 0.0085546 0.010509 0.028826 -0.01951 0.0074125 -0.0012464
0.00061881 0.11259 0.11969 -0.19423 -0.14009 -0.078245 0.0057609 -0.017662 -0.00090658 0.0164 -0.0023462 -0.0051175
0.006157 0.1352 0.10851 -0.21226 -0.14177 -0.082168 0.0055382 0.02261 -0.011182 -0.018027 -0.0016805 -0.0039233
0.0093696 0.13153 0.12344 -0.22682 -0.14902 -0.093677 0.0032125 -0.0036753 0.014927 -0.014568 -0.0072438 -0.011509
0.0030662 0.11808 0.14513 -0.23587 -0.14751 -0.084773 -0.0063033 -0.013444 0.021691 -0.0090459 0.0015062 0.0089041
0.0072288 0.09921 0.16596 -0.25014 -0.12517 -0.084611 0.0041625 -0.018873 0.020827 -0.014269 0.022342 0.00016214
0.0032787 0.10527 0.18872 -0.2782 -0.09435 -0.068493 -0.0039501 0.0060642 0.022765 -0.028065 0.030818 0.016118
0.01679 0.12208 0.16092 -0.28512 -0.092728 -0.075514 0.013512 0.016808 -0.027799 -0.006913 0.0016221 -0.0070208
0.014252 0.11513 0.18449 -0.30429 -0.087436 -0.063102 -0.0025383 -0.0069529 0.023568 -0.019175 0.0052914 0.012413
0.019941 0.09871 0.24575 -0.33758 -0.10636 -0.070005 0.0056886 -0.016419 0.061259 -0.033285 -0.018926 -0.0069038
0.013798 0.091906 0.26326 -0.34382 -0.092208 -0.059781 -0.0061424 -0.006804 0.017512 -0.0062416 0.014155 0.010224
0.016701 0.13696 0.23827 -0.393 -0.10417 -0.075556 0.002903 0.045054 -0.024986 -0.049187 -0.011965 -0.015775
0.018378 0.11485 0.15028 -0.38995 -0.097199 -0.076707 0.0016768 -0.022115 -0.087991 0.0030505 0.0069741 -0.0011506
0.0168 0.12824 0.12236 -0.43302 -0.10826 -0.083429 -0.0015782 0.01339 -0.027921 -0.043065 -0.01106 -0.0067224
0.013053 0.078953 0.1538 -0.45262 -0.11039 -0.077279 -0.0037471 -0.049283 0.031442 -0.019602 -0.0021332 0.0061505
0.022222 0.1149 0.1654 -0.48601 -0.10628 -0.078247 0.0091695 0.03595 0.011601 -0.033388 0.0041157 -0.00096827
0.028678 0.10033 0.19611 -0.50089 -0.088424 -0.073261 0.0064555 -0.014569 0.03071 -0.014879 0.017852 0.0049865
0.044771 0.10378 0.16561 -0.51833 -0.09401 -0.082181 0.016094 0.0034428 -0.030503 -0.017438 -0.005586 -0.0089204
0.04125 0.07408 0.16582 -0.50717 -0.075584 -0.072306 -0.0035213 -0.029697 0.0002089 0.011153 0.018426 0.0098748
0.030966 0.095229 0.13502 -0.51473 -0.11554 -0.081237 -0.010284 0.021149 -0.030799 -0.0075588 -0.039956 -0.0089312
0.017873 0.071127 0.1627 -0.5498 -0.10247 -0.070687 -0.013093 -0.024102 0.027681 -0.035071 0.013073 0.01055
0.010267 0.080026 0.18869 -0.58918 -0.11087 -0.070816 -0.007606 0.0088985 0.025983 -0.039373 -0.0084055 -0.00012878
0.0071589 0.05462 0.25498 -0.65696 -0.094241 -0.059549 -0.0031078 -0.025405 0.066294 -0.067786 0.016632 0.011267
0.0087744 0.073458 0.26075 -0.65098 -0.093324 -0.058249 0.0016155 0.018837 0.0057666 0.0059789 0.00091739 0.0013002
0.013658 0.056055 0.29525 -0.70747 -0.099221 -0.055871 0.0048839 -0.017403 0.0345 -0.056483 -0.005897 0.0023782
0.015668 0.050693 0.28494 -0.74999 -0.10101 -0.063832 0.00201 -0.0053614 -0.010306 -0.042526 -0.0017882 -0.0079618
0.025922 0.017543 0.33381 -0.82036 -0.096755 -0.068073 0.010254 -0.03315 0.048867 -0.07037 0.0042536 -0.0042411
0.024229 0.030488 0.33812 -0.88707 -0.096632 -0.07502 -0.0016936 0.012945 0.0043106 -0.066707 0.00012311 -0.0069471
0.024795 0.018132 0.34978 -0.8876 -0.087308 -0.068208 0.00056634 -0.012356 0.011661 -0.00052806 0.0093239 0.0068127
0.023183 0.0054874 0.40095 -0.97042 -0.077943 -0.059854 -0.0016124 -0.012645 0.051175 -0.082827 0.0093649 0.0083539
0.026702 0.0091442 0.40505 -0.97852 -0.072217 -0.058304 0.0035198 0.0036568 0.0040931 -0.008097 0.0057266 0.0015498
0.02994 0.00096107 0.45688 -1.0485 -0.063782 -0.0573 0.003238 -0.0081831 0.051833 -0.069945 0.0084348 0.0010041
0.040744 0.0062514 0.43274 -1.0336 -0.073127 -0.071898 0.010803 0.0052903 -0.024142 0.014851 -0.0093447 -0.014598
0.036888 0.014813 0.35992 -1.07 -0.08832 -0.077702 -0.0038553 0.0085614 -0.072821 -0.036358 -0.015193 -0.0058039
0.033351 -0.024512 0.36362 -1.063 -0.075914 -0.068477 -0.0035377 -0.039325 0.003697 0.0069419 0.012406 0.0092247
0.025576 0.00078333 0.42894 -1.0085 -0.080167 -0.086489 -0.0077744 0.025295 0.065325 0.054544 -0.0042528 -0.018012
0.0027791 -0.0082595 0.12203 -1.2021 -0.10836 -0.046732 -0.022797 -0.0090428 -0.30692 -0.19363 -0.028193 0.039756
-0.0078252 -0.0045171 -0.21278 -1.3979 -0.15225 -0.033919 -0.010604 0.0037423 -0.33481 -0.19576 -0.043892 0.012814
-0.025832 -0.10857 -0.78187 -1.8979 -0.24126 -0.01066 -0.018007 -0.10405 -0.56909 -0.50005 -0.089009 0.023259
-0.030916 -0.21323 -0.83794 -2.0794 -0.28077 -0.021747 -0.0050836 -0.10467 -0.056064 -0.18149 -0.039504 -0.011087
-0.01935 -0.33977 -0.37774 -2.1136 -0.28454 -0.10157 0.011566 -0.12654 0.4602 -0.034231 -0.0037792 -0.079826
-0.027911 -0.272 -0.1615 -2.0455 -0.27934 -0.11496 -0.0085607 0.067773 0.21624 0.068152 0.0052068 -0.013392
-0.021235 -0.22392 0.11271 -1.9521 -0.26741 -0.15525 0.0066751 0.048085 0.27421 0.093369 0.011924 -0.040283
-0.020501 -0.19699 -0.02419 -1.9647 -0.26855 -0.12954 0.00073451 0.026927 -0.1369 -0.012556 -0.0011351 0.025712
-0.012029 -0.19377 0.039047 -1.9337 -0.26492 -0.13274 0.0084722 0.0032207 0.063237 0.030972 0.0036254 -0.003205
0.0026455 -0.25188 0.15767 -1.883 -0.28587 -0.14175 0.014674 -0.058117 0.11862 0.050688 -0.020944 -0.0090047
-0.0108 -0.18026 0.21097 -1.9378 -0.15351 -0.076281 -0.013445 0.071626 0.0533 -0.054736 0.13235 0.065465
-0.031753 -0.21026 0.21382 -1.9025 -0.1821 -0.096002 -0.020954 -0.030005 0.0028569 0.035231 -0.028589 -0.019721
0.015501 -0.1783 0.29838 -1.8936 -0.53013 -0.22484 0.047254 0.031968 0.084556 0.0089471 -0.34803 -0.12884
-0.016021 -0.21354 0.3728 -1.9173 -0.43182 -0.16035 -0.031521 -0.035241 0.074423 -0.023679 0.098309 0.06449
0.049758 -0.19516 0.52484 -1.9896 -0.93702 -0.3089 0.065778 0.018378 0.15204 -0.072386 -0.50519 -0.14855
-0.058798 -0.23579 0.57098 -2.2896 -0.14321 0.083094 -0.10856 -0.040634 0.046135 -0.29995 0.79381 0.39199
-0.061518 -0.25396 0.60555 -2.4224 -0.32376 0.0066199 -0.0027197 -0.018171 0.034573 -0.1328 -0.18055 -0.076474
-0.1013 -0.28833 0.66162 -2.6046 -0.06906 0.11543 -0.039786 -0.034363 0.056065 -0.1822 0.2547 0.10881
-0.082188 -0.29546 0.69356 -2.617 -0.25954 0.01168 0.019116 -0.0071372 0.031944 -0.012403 -0.19048 -0.10375
-0.05754 -0.26935 0.64427 -2.646 -0.3859 -0.037712 0.024648 0.026115 -0.049295 -0.029053 -0.12636 -0.049392
-0.054724 -0.29363 0.58738 -2.6511 -0.28651 0.018026 0.0028158 -0.02428 -0.056885 -0.0050504 0.099393 0.055738
-0.045152 -0.25765 0.41449 -2.6398 -0.26294 0.018425 0.0095717 0.03598 -0.17289 0.011265 0.023571 0.00039908
-0.046906 -0.27693 0.34952 -2.7017 -0.26653 0.033672 -0.0017539 -0.019279 -0.064976 -0.061916 -0.0035902 0.015247
-0.042286 -0.26185 0.23296 -2.6453 -0.22448 0.026294 0.0046199 0.01508 -0.11656 0.056394 0.042053 -0.0073782
-0.054905 -0.2752 0.19478 -2.632 -0.2363 0.018882 -0.012618 -0.013359 -0.038179 0.013324 -0.011823 -0.0074122
-0.05439 -0.29278 0.22535 -2.4279 -0.23982 -0.017618 0.0005147 -0.01757 0.030572 0.2041 -0.0035172 -0.0365
-0.068406 -0.30568 0.32061 -2.3551 -0.2795 -0.021666 -0.014016 -0.012901 0.09526 0.072789 -0.039682 -0.0040481
-0.084455 -0.30243 0.37805 -2.3357 -0.31539 -0.03019 -0.016049 0.0032462 0.057438 0.019474 -0.035892 -0.0085235
-0.10396 -0.26262 0.36615 -2.4188 -0.3522 -0.029767 -0.019508 0.039807 -0.011901 -0.083105 -0.036808 0.00042274
-0.10021 -0.29394 0.35267 -2.5237 -0.39673 -0.018317 0.0037554 -0.031318 -0.013482 -0.10493 -0.044535 0.01145
-0.11265 -0.2714 0.33899 -2.541 -0.32902 -0.030588 -0.012441 0.022546 -0.013679 -0.017347 0.067714 -0.012271
-0.11173 -0.32615 0.4072 -2.5534 -0.33205 -0.022652 0.00092232 -0.054756 0.068208 -0.012309 -0.0030332 0.0079358
-0.069798 -0.27263 0.43716 -2.5831 -0.54512 -0.020997 0.041928 0.053522 0.029963 -0.02979 -0.21307 0.0016554
-0.029678 -0.27299 0.44937 -2.6015 -0.77242 -0.03689 0.04012 -0.00035812 0.012211 -0.018398 -0.2273 -0.015893
0.098805 -0.24982 0.51986 -2.6652 -1.316 -0.025892 0.12848 0.023164 0.070487 -0.063674 -0.54354 0.010998
0.11406 -0.24348 0.5183 -2.6605 -1.321 -0.052247 0.015258 0.0063451 -0.0015521 0.0046825 -0.0050657 -0.026355
0.14547 -0.22527 0.55624 -2.7015 -1.4114 -0.046579 0.031408 0.018203 0.037936 -0.040919 -0.090412 0.0056685
0.10834 -0.23036 0.54924 -2.6977 -1.2081 -0.058893 -0.037128 -0.0050839 -0.0070024 0.0037806 0.20336 -0.012315
0.094074 -0.24317 0.57314 -2.7096 -1.0795 -0.052714 -0.01427 -0.012811 0.023897 -0.011916 0.12859 0.006179
0.078514 -0.29439 0.61063 -2.6961 -0.96935 -0.040757 -0.01556 -0.05122 0.037493 0.013497 0.11015 0.011957
0.055734 -0.2435 0.59183 -2.69 -0.91313 -0.043637 -0.02278 0.050891 -0.018794 0.0061013 0.056218 -0.0028793
0.051606 -0.24248 0.55886 -2.7055 -0.86614 -0.050254 -0.0041283 0.0010216 -0.032972 -0.015471 0.046992 -0.0066173
0.037607 -0.24774 0.51247 -2.7102 -0.87271 -0.062321 -0.013999 -0.0052626 -0.04639 -0.0047399 -0.0065686 -0.012067
0.062132 -0.24316 0.47026 -2.755 -0.85769 -0.071456 0.024525 0.0045762 -0.042216 -0.044817 0.015021 -0.0091351
0.0488 -0.29957 0.46809 -2.7777 -0.82949 -0.068491 -0.013332 -0.056403 -0.0021623 -0.022632 0.0282 0.002965
0.055303 -0.25413 0.4501 -2.7962 -0.85002 -0.07316 0.0065037 0.045433 -0.017992 -0.018569 -0.020532 -0.0046684
0.04743 -0.2877 0.49805 -2.7947 -0.8334 -0.065512 -0.007873 -0.033565 0.04795 0.0015532 0.016621 0.0076477
0.030999 -0.27138 0.5046 -2.8471 -0.82988 -0.050721 -0.016432 0.016317 0.0065492 -0.052455 0.0035132 0.014791
0.029428 -0.26966 0.55189 -2.8696 -0.85023 -0.048107 -0.0015709 0.001717 0.047285 -0.02248 -0.020348 0.0026138
0.0085862 -0.23685 0.48979 -2.9951 -0.85403 -0.030883 -0.020842 0.032809 -0.062095 -0.12553 -0.0038036 0.017224
0.010496 -0.28016 0.54402 -2.9958 -0.87386 -0.053389 0.00191 -0.043302 0.05423 -0.00070252 -0.019822 -0.022506
0.019368 -0.28334 0.55519 -3.0558 -0.89111 -0.070852 0.0088721 -0.0031866 0.011166 -0.059963 -0.017256 -0.017464
0.019673 -0.28256 0.64502 -3.0533 -0.88049 -0.094523 0.0003047 0.00078124 0.089834 0.0024961 0.010626 -0.023671
0.041648 -0.29854 0.69599 -3.0714 -0.93725 -0.11106 0.021975 -0.015978 0.050967 -0.018065 -0.056761 -0.016535
0.029985 -0.27837 0.68473 -3.0701 -0.8841 -0.099889 -0.011663 0.020171 -0.011254 0.0012435 0.053146 0.011169
0.038222 -0.32067 0.70199 -3.0718 -0.89875 -0.084435 0.0082369 -0.042304 0.017257 -0.0016461 -0.014652 0.015454
0.021921 -0.28106 0.65817 -3.0741 -0.85388 -0.067316 -0.016301 0.039617 -0.043822 -0.0023173 0.04487 0.017119
0.023847 -0.25932 0.68326 -3.0575 -0.85619 -0.052782 0.0019265 0.021737 0.025095 0.016623 -0.0023025 0.014533
0.022854 -0.2974 0.69824 -3.0353 -0.861 -0.033445 -0.00099308 -0.038078 0.014979 0.022122 -0.0048144 0.019337
0.031209 -0.32265 0.77974 -2.9903 -0.80776 -0.014314 0.0083551 -0.025254 0.081495 0.045093 0.05324 0.019132
0.030638 -0.35526 0.8546 -2.9611 -0.7839 0.0093365 -0.0005719 -0.032606 0.074861 0.029146 0.023857 0.02365
0.029077 -0.27645 0.88366 -2.9703 -0.75686 0.011761 -0.0015602 0.078809 0.029059 -0.0091776 0.027046 0.0024246
0.026783 -0.25833 0.87867 -2.9531 -0.75547 0.011903 -0.0022941 0.018118 -0.0049849 0.017193 0.001391 0.00014238
0.031523 -0.27083 0.86434 -2.9937 -0.76862 0.0056708 0.0047392 -0.012495 -0.014332 -0.04057 -0.013152 -0.0062327
0.033924 -0.31143 0.84786 -3.0369 -0.73988 0.017861 0.0024019 -0.040603 -0.016482 -0.043234 0.028742 0.01219
0.033182 -0.32569 0.87351 -3.1116 -0.71177 0.03164 -0.00074252 -0.014257 0.025646 -0.074716 0.028108 0.013778
0.022494 -0.29727 0.85945 -3.1774 -0.67281 0.05551 -0.010688 0.028418 -0.01406 -0.06576 0.038958 0.023871
0.014961 -0.28661 0.88359 -3.2535 -0.65948 0.064187 -0.0075334 0.010663 0.024146 -0.076174 0.013335 0.0086771
0.012278 -0.32021 0.90044 -3.2888 -0.6538 0.065955 -0.0026828 -0.033601 0.016843 -0.035296 0.0056721 0.0017681
0.014812 -0.33165 0.93273 -3.3589 -0.65984 0.062848 0.0025338 -0.011442 0.032297 -0.070019 -0.0060349 -0.0031077
0.019724 -0.34231 0.92613 -3.337 -0.64913 0.062891 0.0049115 -0.010665 -0.0066001 0.021862 0.010711 4.2982e-05
0.023919 -0.31162 0.92602 -3.3473 -0.64464 0.067355 0.004196 0.030695 -0.00011489 -0.010263 0.0044924 0.0044647
0.023911 -0.32543 0.9105 -3.3307 -0.6297 0.071268 -8.9422e-06 -0.013813 -0.015521 0.016517 0.014936 0.0039126
0.027648 -0.32293 0.92657 -3.3497 -0.62214 0.068386 0.0037372 0.0024995 0.016072 -0.018933 0.0075633 -0.0028816
0.026682 -0.3541 0.95894 -3.3686 -0.61241 0.068869 -0.0009655 -0.031171 0.032373 -0.018971 0.0097312 0.00048284
0.032614 -0.3304 0.9556 -3.374 -0.61314 0.061717 0.0059313 0.023699 -0.0033392 -0.0053248 -0.00073993 -0.0071522
0.03581 -0.3238 0.96666 -3.3873 -0.59656 0.070139 0.003196 0.0066058 0.011061 -0.013309 0.016584 0.0084223
0.038581 -0.31622 0.95935 -3.3992 -0.59457 0.063739 0.0027713 0.0075717 -0.0073167 -0.011954 0.0019877 -0.0064007
0.039998 -0.35551 0.9784 -3.408 -0.56358 0.067395 0.0014171 -0.039281 0.019054 -0.0087809 0.030994 0.003656
0.03745 -0.35735 1.001 -3.4116 -0.56087 0.059711 -0.0025483 -0.0018396 0.022629 -0.0035727 0.0027051 -0.0076837
0.038093 -0.37084 0.9808 -3.3932 -0.55399 0.057481 0.00064298 -0.01349 -0.020229 0.018434 0.006887 -0.0022304
0.035561 -0.31027 0.94945 -3.4074 -0.56171 0.056841 -0.0025319 0.060562 -0.031353 -0.014263 -0.0077274 -0.00063953
0.038279 -0.3337 0.9272 -3.4225 -0.56486 0.057807 0.0027182 -0.023428 -0.022247 -0.015075 -0.0031406 0.00096623
0.038344 -0.33923 0.9296 -3.4459 -0.55586 0.05997 6.4715e-05 -0.0055232 0.0023962 -0.023379 0.0089956 0.0021625
0.038646 -0.36841 0.95559 -3.4632 -0.55416 0.065496 0.00030238 -0.029187 0.025994 -0.017298 0.0016973 0.0055257
0.037866 -0.34277 0.94601 -3.4507 -0.55768 0.070249 -0.00078004 0.02564 -0.0095805 0.012464 -0.003515 0.0047534
0.032025 -0.33139 0.93594 -3.4557 -0.56847 0.073068 -0.005841 0.011383 -0.010073 -0.0049493 -0.010789 0.0028189
0.030457 -0.3213 0.9115 -3.4624 -0.57305 0.081207 -0.0015679 0.010094 -0.024434 -0.0067297 -0.0045842 0.0081394
0.029652 -0.33976 0.92809 -3.4721 -0.5703 0.073422 -0.00080468 -0.018466 0.01658 -0.0097499 0.0027518 -0.0077849
0.032485 -0.33546 0.92507 -3.4718 -0.58988 0.070981 0.0028327 0.0042968 -0.0030204 0.00037889 -0.019584 -0.0024419
0.037904 -0.33989 0.97438 -3.4728 -0.57317 0.06067 0.0054189 -0.004422 0.049318 -0.0010901 0.016712 -0.010311
0.039453 -0.34445 0.98521 -3.4601 -0.57458 0.052924 0.0015487 -0.0045626 0.010825 0.01275 -0.0014093 -0.0077457
0.042624 -0.33111 0.94041 -3.4774 -0.60427 0.070949 0.0031711 0.013343 -0.044802 -0.017264 -0.029687 0.018025
0.046562 -0.33499 0.9214 -3.5105 -0.61299 0.07482 0.0039386 -0.0038855 -0.019009 -0.0331 -0.0087246 0.0038717
0.044451 -0.34546 0.83702 -3.5415 -0.68709 0.092617 -0.0021112 -0.010469 -0.084375 -0.031074 -0.074103 0.017797
0.045527 -0.35875 0.85657 -3.6106 -0.6536 0.095964 0.0010756 -0.013294 0.019553 -0.069109 0.033493 0.0033472
0.035473 -0.35835 0.82932 -3.6495 -0.66493 0.089677 -0.010053 0.0004085 -0.027255 -0.038847 -0.011333 -0.0062868
0.035417 -0.32912 0.80046 -3.6425 -0.63226 0.098894 -5.6066e-05 0.029224 -0.028856 0.0070301 0.032675 0.0092174
0.039298 -0.35816 0.81616 -3.6706 -0.61502 0.092722 0.0038805 -0.029038 0.015695 -0.028144 0.017234 -0.006173
0.036669 -0.3849 0.84879 -3.6043 -0.5489 0.10616 -0.0026281 -0.026735 0.032633 0.06631 0.066128 0.013443
0.047229 -0.39919 0.87451 -3.6562 -0.61206 0.077105 0.010559 -0.014291 0.025714 -0.05191 -0.063162 -0.029059
0.056845 -0.35592 0.85688 -3.598 -0.647 0.086807 0.009616 0.043268 -0.017631 0.058202 -0.03494 0.0097023
0.034543 -0.36723 0.89199 -3.5911 -0.41286 0.13536 -0.022302 -0.011312 0.035113 0.006905 0.23414 0.04855
0.0043066 -0.38162 0.93574 -3.5113 -0.12768 0.23665 -0.030236 -0.014391 0.043747 0.079754 0.28518 0.1013
-0.086683 -0.42388 1.0893 -3.4875 0.47796 0.34807 -0.09099 -0.04226 0.15352 0.023821 0.60564 0.11141
-0.13294 -0.38557 1.0832 -3.4792 0.48413 0.34351 -0.04626 0.03831 -0.0060574 0.008332 0.0061718 -0.0045536
-0.15211 -0.37585 1.0728 -3.5043 0.42317 0.30366 -0.019164 0.0097254 -0.010428 -0.025107 -0.060959 -0.03985
-0.14605 -0.40494 1.0246 -3.5419 0.22303 0.25092 0.0060565 -0.029098 -0.048188 -0.037555 -0.20014 -0.052746
-0.13349 -0.42952 1.0321 -3.5512 0.12209 0.2316 0.012565 -0.024577 0.0074956 -0.0093819 -0.10094 -0.019313
-0.14201 -0.44058 1.0467 -3.5551 0.1957 0.25558 -0.0085268 -0.011056 0.014658 -0.0038947 0.073612 0.023981
-0.1476 -0.38452 1.0748 -3.5383 0.14887 0.24818 -0.0055882 0.056058 0.028042 0.016803 -0.046835 -0.0073988
-0.14407 -0.41968 1.0776 -3.5367 0.13622 0.24626 0.003531 -0.035163 0.0028231 0.001621 -0.012653 -0.0019227
-0.13987 -0.40612 1.0744 -3.5424 0.12192 0.24764 0.0042018 0.013562 -0.003165 -0.0056761 -0.014296 0.001376
-0.13566 -0.43606 1.0451 -3.5681 0.12363 0.24424 0.0042044 -0.029945 -0.029308 -0.025767 0.0017069 -0.003393
-0.13093 -0.40293 0.99442 -3.5564 0.097203 0.23525 0.0047378 0.03314 -0.050713 0.01179 -0.026423 -0.0089965
-0.1262 -0.41354 0.99234 -3.57 0.060815 0.21718 0.0047262 -0.010613 -0.0020773 -0.013684 -0.036388 -0.018065
-0.12026 -0.41485 1.0267 -3.5707 0.022207 0.18867 0.0059367 -0.0013157 0.034396 -0.0006952 -0.038608 -0.028509
-0.1173 -0.41441 1.0561 -3.6318 0.0023273 0.18098 0.0029609 0.00044507 0.029382 -0.061039 -0.019879 -0.0076973
-0.10895 -0.35064 1.0334 -3.6429 -0.008383 0.17363 0.0083539 0.06377 -0.022708 -0.011151 -0.01071 -0.0073488
-0.10831 -0.39154 1.042 -3.7026 -0.023243 0.18292 0.00063997 -0.040898 0.0086069 -0.059663 -0.01486 0.0092904
-0.10287 -0.38521 0.99554 -3.6404 -0.025513 0.17932 0.0054396 0.0063226 -0.046476 0.062222 -0.0022699 -0.0035993
-0.10497 -0.41788 1.0294 -3.6694 -0.036358 0.17832 -0.0020968 -0.032665 0.03389 -0.028996 -0.010846 -0.00099493
-0.096656 -0.3845 0.98078 -3.6382 -0.035923 0.16142 0.0083098 0.033382 -0.04865 0.031138 0.00043554 -0.016902
-0.086287 -0.33753 0.97184 -3.6663 -0.05127 0.15732 0.010368 0.046967 -0.0089375 -0.028027 -0.015347 -0.0041032
-0.074208 -0.3428 0.98148 -3.6916 -0.065622 0.14977 0.012079 -0.0052746 0.0096346 -0.02538 -0.014353 -0.0075513
-0.074102 -0.33859 0.98126 -3.6825 -0.10644 0.14639 0.00010682 0.0042158 -0.00021883 0.0091471 -0.040813 -0.0033753
-0.08177 -0.32937 1.0072 -3.6956 -0.13513 0.15158 -0.0076679 0.0092192 0.025918 -0.013124 -0.0287 0.0051906
-0.090439 -0.36589 1.0139 -3.6889 -0.15749 0.1445 -0.0086694 -0.036523 0.006693 0.0066728 -0.022351 -0.0070803
-0.10092 -0.36945 1.0497 -3.6995 -0.14416 0.15575 -0.010479 -0.0035532 0.035816 -0.010554 0.013326 0.011247
-0.10292 -0.39278 1.0543 -3.6993 -0.1371 0.14916 -0.0020003 -0.023332 0.0046175 0.00019279 0.0070588 -0.0065858
-0.11511 -0.36108 1.0542 -3.7113 -0.13835 0.16127 -0.012187 0.031699 -0.00012049 -0.012022 -0.0012491 0.012103
-0.10829 -0.36593 1.0367 -3.7158 -0.14374 0.16185 0.0068129 -0.0048512 -0.017472 -0.0045068 -0.0053928 0.00058483
-0.11206 -0.37667 1.049 -3.7331 -0.15132 0.16865 -0.0037667 -0.010744 0.012245 -0.017228 -0.0075816 0.0067995
-0.10323 -0.40362 1.0734 -3.7398 -0.13351 0.16675 0.0088268 -0.026949 0.024478 -0.0067133 0.017815 -0.0019018
-0.10346 -0.34905 0.97671 -3.7392 -0.13523 0.17029 -0.00023297 0.054572 -0.096722 0.00059107 -0.0017181 0.0035367
-0.11005 -0.36061 0.96639 -3.7411 -0.14733 0.16219 -0.0065821 -0.011558 -0.010325 -0.0019634 -0.0121 -0.0080944
-0.10847 -0.35474 0.8868 -3.7561 -0.17942 0.1603 0.001579 0.0058694 -0.079593 -0.014957 -0.032094 -0.0018876
-0.097844 -0.38414 0.81933 -3.7258 -0.16141 0.15198 0.010624 -0.029401 -0.067462 0.03032 0.018008 -0.0083224
-0.098871 -0.35969 0.6521 -3.7237 -0.11703 0.15879 -0.001027 0.024456 -0.16724 0.0020767 0.044383 0.0068047
-0.081734 -0.33659 0.46457 -3.7074 -0.10832 0.1414 0.017136 0.023094 -0.18753 0.016338 0.0087068 -0.017384
-0.10471 -0.37078 0.51079 -3.7393 -0.11111 0.14663 -0.02298 -0.034191 0.04622 -0.031956 -0.0027873 0.0052324
-0.10911 -0.43965 0.7498 -3.8012 -0.2339 0.11496 -0.0043938 -0.068869 0.23901 -0.061919 -0.12279 -0.031672
-0.11958 -0.45804 1.0349 -3.831 -0.22605 0.13354 -0.010467 -0.018386 0.28506 -0.029747 0.0078448 0.018583
-0.12556 -0.45922 1.1654 -3.8413 -0.26611 0.12504 -0.0059816 -0.0011826 0.13053 -0.010339 -0.040054 -0.0085068
-0.1168 -0.38852 1.1504 -3.8294 -0.22392 0.13238 0.008755 0.070699 -0.015018 0.011893 0.042186 0.007343
-0.12195 -0.3962 1.0782 -3.8042 -0.22076 0.1244 -0.0051504 -0.0076782 -0.072203 0.025223 0.0031586 -0.0079774
-0.1097 -0.36104 1.0632 -3.8166 -0.22157 0.12659 0.012255 0.035164 -0.014919 -0.012408 -0.00080312 0.002182
-0.11169 -0.40548 1.0812 -3.8436 -0.18621 0.14331 -0.0019941 -0.044443 0.017994 -0.027002 0.035357 0.016728
-0.096747 -0.38028 1.0368 -3.8552 -0.18133 0.15631 0.014945 0.025198 -0.044402 -0.011601 0.0048816 0.012996
-0.10204 -0.3915 0.94081 -3.8704 -0.15109 0.17246 -0.0052953 -0.011222 -0.096023 -0.015201 0.030243 0.016156
-0.098306 -0.3238 0.68363 -3.8281 -0.16376 0.16109 0.0037358 0.067703 -0.25718 0.042318 -0.012677 -0.011373
-0.10016 -0.3877 0.64865 -3.8625 -0.15377 0.15451 -0.0018545 -0.063898 -0.034982 -0.034426 0.0099884 -0.0065833
-0.10031 -0.37745 0.65975 -3.8703 -0.17191 0.15538 -0.00014823 0.010247 0.011098 -0.0077983 -0.018138 0.00087595
-0.1002 -0.51599 1.0249 -3.9307 -0.16597 0.16022 0.00011285 -0.13854 0.36516 -0.060329 0.0059402 0.0048357
-0.094598 -0.48421 1.1721 -3.8945 -0.15367 0.16948 0.0055979 0.031783 0.14715 0.036151 0.012306 0.0092602
-0.10282 -0.50882 1.3126 -3.7892 -0.11845 0.1422 -0.0082236 -0.024613 0.14056 0.10535 0.035214 -0.027277
-0.10371 -0.42238 1.2079 -3.7105 -0.14786 0.1039 -0.00088732 0.086438 -0.10476 0.078671 -0.029411 -0.038307
-0.1231 -0.39686 1.186 -3.6371 -0.20468 0.065863 -0.019394 0.025527 -0.021888 0.07338 -0.056821 -0.038034
-0.14626 -0.33116 1.1658 -3.672 -0.24184 0.085012 -0.02316 0.065699 -0.020174 -0.034876 -0.037152 0.019149
-0.15359 -0.35688 1.2271 -3.723 -0.23991 0.09029 -0.0073286 -0.025719 0.061315 -0.051013 0.0019233 0.0052774
-0.16858 -0.32942 1.2702 -3.723 -0.12364 0.13734 -0.014983 0.027456 0.04308 -1.8227e-05 0.11627 0.047047
-0.16079 -0.38353 1.3191 -3.768 -0.10317 0.13724 0.0077817 -0.054106 0.048861 -0.044949 0.02047 -9.262e-05
-0.16557 -0.36795 1.3472 -3.7522 -0.063847 0.1534 -0.0047735 0.015582 0.028173 0.015765 0.039327 0.016154
-0.16511 -0.38385 1.3466 -3.754 -0.1011 0.15937 0.00045831 -0.015903 -0.0006427 -0.0017875 -0.037255 0.0059721
-0.16701 -0.35706 1.3383 -3.7623 -0.10522 0.15087 -0.0019002 0.026786 -0.0082995 -0.008336 -0.0041145 -0.0084985
-0.16337 -0.36621 1.3328 -3.7275 -0.1097 0.14955 0.0036351 -0.0091447 -0.0055238 0.034785 -0.0044827 -0.0013239
-0.16557 -0.36479 1.3248 -3.7494 -0.11934 0.14542 -0.0021974 0.0014215 -0.0079284 -0.021838 -0.0096427 -0.0041275
-0.16039 -0.3879 1.3271 -3.7427 -0.12759 0.14956 0.005186 -0.02311 0.0022691 0.0067135 -0.0082481 0.0041384
-0.16544 -0.38512 1.3097 -3.7529 -0.13061 0.15091 -0.0050563 0.0027792 -0.017379 -0.010265 -0.0030173 0.0013499
-0.16344 -0.39089 1.305 -3.7636 -0.11892 0.15615 0.0020038 -0.0057711 -0.0047116 -0.010717 0.011684 0.005238
-0.16829 -0.3797 1.3099 -3.7536 -0.11812 0.1526 -0.0048503 0.011189 0.0048834 0.010003 0.00080376 -0.003546
-0.16858 -0.38549 1.3168 -3.7596 -0.12477 0.15899 -0.00029067 -0.0057902 0.0069124 -0.0059319 -0.0066476 0.0063882
-0.17215 -0.38321 1.3281 -3.756 -0.13463 0.1592 -0.0035731 0.0022795 0.011314 0.0035767 -0.0098611 0.00020959
-0.1656 -0.3915 1.3386 -3.7756 -0.15058 0.1455 0.0065506 -0.0082924 0.010499 -0.019591 -0.015955 -0.013699
-0.16619 -0.3936 1.3396 -3.7862 -0.13852 0.14887 -0.00058569 -0.0020954 0.0009492 -0.010615 0.012069 0.0033724
-0.16604 -0.39942 1.3469 -3.7897 -0.13851 0.1326 0.00014665 -0.0058197 0.0073708 -0.0035399 5.1814e-06 -0.016274
-0.17304 -0.39605 1.3293 -3.7975 -0.13634 0.14562 -0.0070028 0.0033624 -0.017622 -0.0077807 0.0021699 0.013027
-0.17377 -0.40281 1.336 -3.8099 -0.12973 0.13998 -0.00073155 -0.0067576 0.006723 -0.012407 0.0066057 -0.0056431
-0.17104 -0.42778 1.3432 -3.8422 -0.13153 0.15436 0.002733 -0.024965 0.0071186 -0.032262 -0.0017932 0.014376
-0.1624 -0.42096 1.3771 -3.8339 -0.11221 0.15043 0.0086379 0.0068204 0.033982 0.0083014 0.019315 -0.0039268
-0.16604 -0.42935 1.386 -3.8191 -0.11077 0.16228 -0.0036333 -0.0083909 0.0089012 0.0148 0.0014412 0.011851
-0.16138 -0.37766 1.3823 -3.7676 -0.10436 0.15192 0.0046549 0.051689 -0.0037472 0.051503 0.006409 -0.010359
-0.16527 -0.37621 1.3907 -3.761 -0.095294 0.15874 -0.0038916 0.0014463 0.0084125 0.0065321 0.0090683 0.0068188
-0.15351 -0.36827 1.4113 -3.7593 -0.094822 0.15131 0.011765 0.0079408 0.020588 0.0017675 0.0004722 -0.0074313
-0.14946 -0.37961 1.4593 -3.7744 -0.082143 0.15232 0.0040454 -0.01134 0.048004 -0.015113 0.012679 0.0010096
-0.14332 -0.36008 1.4399 -3.8069 -0.090101 0.14255 0.0061469 0.01953 -0.019362 -0.032472 -0.0079582 -0.0097661
-0.1414 -0.3677 1.4419 -3.8104 -0.074548 0.14298 0.0019166 -0.0076177 0.0019994 -0.0035488 0.015554 0.00043058
-0.14599 -0.38836 1.4269 -3.8479 -0.070231 0.1543 -0.0045864 -0.020663 -0.015008 -0.037452 0.0043165 0.011317
-0.14646 -0.38825 1.457 -3.8282 -0.063288 0.16012 -0.00047555 0.00010635 0.030116 0.019685 0.006943 0.0058148
-0.15246 -0.40198 1.5164 -3.8403 -0.064641 0.17322 -0.0060006 -0.013728 0.059349 -0.012164 -0.001353 0.013102
-0.15156 -0.39292 1.4824 -3.8481 -0.078287 0.16558 0.00090644 0.0090602 -0.034015 -0.007756 -0.013646 -0.007643
-0.1597 -0.40284 1.4915 -3.8891 -0.090964 0.16141 -0.0081478 -0.0099188 0.0090971 -0.040974 -0.012677 -0.0041619
-0.16396 -0.43344 1.3718 -3.9141 -0.10231 0.16724 -0.004261 -0.030598 -0.1197 -0.024989 -0.01135 0.0058244
-0.16235 -0.38871 1.3982 -3.9044 -0.10486 0.15977 0.0016103 0.044728 0.026388 0.0096203 -0.0025436 -0.0074668
-0.1554 -0.38442 1.3878 -3.8935 -0.10976 0.17528 0.0069581 0.0042897 -0.010343 0.010898 -0.0049008 0.015509
-0.14357 -0.38469 1.4844 -3.8815 -0.097556 0.17427 0.011825 -0.00027341 0.096576 0.01208 0.012203 -0.0010098
-0.14472 -0.38963 1.4985 -3.8965 -0.10182 0.17706 -0.0011523 -0.0049379 0.014102 -0.014991 -0.0042618 0.0027937
-0.14383 -0.39524 1.4891 -3.8989 -0.086667 0.18081 0.00089736 -0.0056042 -0.0094415 -0.0024074 0.015151 0.0037488
-0.13797 -0.40522 1.5701 -3.8932 -0.083266 0.16807 0.0058545 -0.0099846 0.081071 0.0056573 0.0034007 -0.012743
-0.13506 -0.36811 1.6228 -3.8961 -0.084181 0.16896 0.0029165 0.03711 0.052697 -0.0028699 -0.00091482 0.00089034
-0.15396 -0.3669 1.3959 -3.8995 -0.032158 0.1733 -0.018908 0.0012071 -0.22694 -0.0034598 0.052023 0.0043395
-0.16815 -0.34357 1.1429 -3.896 0.014063 0.1931 -0.014184 0.023334 -0.25298 0.0035139 0.046221 0.019797
-0.1969 -0.33315 0.53754 -3.8969 0.051559 0.22885 -0.02875 0.010419 -0.60538 -0.00089224 0.037496 0.03575
-0.17458 -0.41598 0.70208 -3.9603 0.03499 0.23443 0.022318 -0.082828 0.16454 -0.063408 -0.016569 0.0055813
-0.18352 -0.40961 0.78529 -4.0085 -0.02215 0.22746 -0.0089398 0.0063684 0.083211 -0.048136 -0.057139 -0.0069676
-0.16435 -0.4345 1.1623 -4.0584 -0.08942 0.18039 0.019172 -0.024887 0.37698 -0.049924 -0.06727 -0.047072
-0.16007 -0.42086 1.2653 -3.9775 -0.16278 0.14661 0.0042765 0.013643 0.10307 0.080854 -0.073363 -0.03378
-0.12722 -0.38646 1.236 -3.8932 -0.28332 0.10559 0.032854 0.034397 -0.029311 0.08431 -0.12054 -0.041016
-0.09856 -0.42606 1.3102 -3.847 -0.34638 0.10762 0.028657 -0.039597 0.074163 0.046266 -0.063056 0.0020302
-0.088533 -0.38752 1.3643 -3.9115 -0.33987 0.11038 0.010027 0.038534 0.054151 -0.064593 0.006501 0.0027603
-0.10181 -0.40154 1.3881 -3.9407 -0.2673 0.13882 -0.013281 -0.014015 0.023808 -0.02915 0.072579 0.02844
-0.1083 -0.38057 1.4154 -4.0028 -0.18993 0.15825 -0.0064843 0.020967 0.02728 -0.062107 0.07736 0.019423
-0.11933 -0.38297 1.3896 -3.9562 -0.165 0.16366 -0.011033 -0.0024031 -0.025795 0.046562 0.024937 0.0054105
-0.11454 -0.39234 1.4205 -3.9737 -0.16492 0.17716 0.0047942 -0.0093711 0.030856 -0.017487 7.4884e-05 0.013504
-0.1216 -0.40817 1.4372 -3.9965 -0.17241 0.17467 -0.0070654 -0.015823 0.016694 -0.022749 -0.0074911 -0.0024877
-0.12545 -0.40184 1.4137 -3.9958 -0.18155 0.17872 -0.0038498 0.0063234 -0.02348 0.00071108 -0.0091317 0.0040432
-0.12812 -0.39288 1.3976 -4.0258 -0.21372 0.16747 -0.0026683 0.008964 -0.016082 -0.030043 -0.032178 -0.011247
-0.1303 -0.44361 1.3694 -4.0182 -0.21916 0.16113 -0.0021804 -0.050732 -0.028215 0.0076437 -0.0054372 -0.0063401
-0.14395 -0.42164 1.3733 -4.0421 -0.22963 0.16079 -0.013646 0.021972 0.0038553 -0.023962 -0.010468 -0.00033362
-0.14073 -0.47181 1.4138 -4.089 -0.2101 0.16057 0.0032128 -0.050173 0.040575 -0.046911 0.019529 -0.00022497
-0.14513 -0.38618 1.4623 -4.1192 -0.19061 0.15815 -0.0043969 0.085637 0.048449 -0.030208 0.019489 -0.002415
-0.12701 -0.36478 1.4595 -4.1378 -0.18054 0.14424 0.018117 0.021399 -0.0028134 -0.018525 0.010073 -0.013912
-0.12034 -0.36754 1.4388 -4.1242 -0.16663 0.14784 0.0066711 -0.002764 -0.020637 0.013562 0.01391 0.0035986
-0.11794 -0.35944 1.3459 -4.0834 -0.17754 0.15121 0.0024045 0.0081007 -0.092916 0.040765 -0.010914 0.003367
-0.11733 -0.39961 1.3102 -4.0493 -0.16833 0.16249 0.00061037 -0.040171 -0.035718 0.034114 0.0092091 0.011286
-0.11558 -0.40886 1.3148 -4.0437 -0.16577 0.16933 0.0017499 -0.0092469 0.0046387 0.0056808 0.0025617 0.006836
-0.11035 -0.41048 1.3308 -4.0284 -0.15302 0.16588 0.0052334 -0.0016258 0.015933 0.015286 0.01275 -0.0034495
-0.10824 -0.42489 1.3724 -4.0487 -0.14682 0.16836 0.0021039 -0.014401 0.041611 -0.020349 0.0062005 0.0024745
-0.10733 -0.40303 1.384 -4.0634 -0.14784 0.16381 0.0009125 0.021851 0.011581 -0.014637 -0.0010204 -0.0045468
-0.11242 -0.41539 1.4072 -4.0954 -0.15595 0.15831 -0.0050923 -0.012355 0.023213 -0.032054 -0.0081121 -0.0055016
-0.11089 -0.42296 1.4409 -4.1251 -0.15637 0.15745 0.0015345 -0.0075734 0.033765 -0.029713 -0.00041535 -0.00085925
-0.11779 -0.42948 1.4352 -4.1467 -0.17239 0.1547 -0.006901 -0.0065199 -0.0057378 -0.021629 -0.016019 -0.0027471
-0.12064 -0.44526 1.4127 -4.1382 -0.17994 0.16001 -0.0028485 -0.015782 -0.022508 0.0085441 -0.0075564 0.0053066
-0.12688 -0.45662 1.3818 -4.1661 -0.19417 0.15386 -0.0062449 -0.011358 -0.030931 -0.02786 -0.014224 -0.0061485
-0.12902 -0.45813 1.3647 -4.1713 -0.19982 0.15161 -0.0021374 -0.0015048 -0.017066 -0.0052311 -0.0056546 -0.0022513
-0.12499 -0.43422 1.3829 -4.2075 -0.20471 0.13768 0.0040313 0.023911 0.018225 -0.036222 -0.0048865 -0.013929
-0.12756 -0.40259 1.416 -4.237 -0.19448 0.14469 -0.0025739 0.031623 0.03303 -0.029532 0.010232 0.0070148
-0.11898 -0.39267 1.4325 -4.2584 -0.1975 0.14534 0.0085815 0.0099257 0.016572 -0.021331 -0.0030212 0.00064196
-0.12062 -0.40314 1.4349 -4.2804 -0.18832 0.15534 -0.0016417 -0.010471 0.0023594 -0.022068 0.0091772 0.01
-0.1099 -0.41185 1.4296 -4.2721 -0.17947 0.15474 0.010723 -0.0087138 -0.0052979 0.0083428 0.0088523 -0.0006
-0.10586 -0.42689 1.4222 -4.2662 -0.18073 0.15637 0.0040391 -0.015039 -0.0074145 0.0059381 -0.0012599 0.001631
-0.10824 -0.44201 1.4421 -4.2627 -0.17544 0.15543 -0.0023771 -0.01512 0.019926 0.0034928 0.00529 -0.00093669
-0.11083 -0.43708 1.4184 -4.2711 -0.1883 0.15801 -0.0025936 0.0049308 -0.023673 -0.00841 -0.012859 0.0025784
-0.11716 -0.46054 1.4102 -4.2879 -0.18129 0.16433 -0.0063338 -0.023465 -0.008204 -0.016803 0.0070093 0.0063246
-0.11502 -0.4413 1.4115 -4.2872 -0.20105 0.16072 0.0021476 0.019247 0.0013023 0.00069534 -0.019758 -0.0036142
-0.11128 -0.45989 1.4146 -4.286 -0.19704 0.16816 0.0037355 -0.018592 0.0030713 0.0011689 0.0040025 0.0074428
-0.10652 -0.46143 1.4641 -4.3142 -0.26062 0.15904 0.0047653 -0.00154 0.049485 -0.028209 -0.06358 -0.0091168
-0.10755 -0.45642 1.4604 -4.3134 -0.25815 0.16351 -0.0010295 0.0050086 -0.0036501 0.00078762 0.0024703 0.0044677
-0.10716 -0.47065 1.4936 -4.3624 -0.27714 0.17034 0.00038862 -0.014227 0.033185 -0.048957 -0.018983 0.0068273
-0.11093 -0.44833 1.496 -4.3182 -0.24872 0.17125 -0.0037691 0.022313 0.0023914 0.044237 0.028413 0.00090602
-0.10182 -0.45147 1.4568 -4.3371 -0.22267 0.17486 0.0091039 -0.0031365 -0.039193 -0.018907 0.026056 0.0036149
-0.099557 -0.44598 1.424 -4.3251 -0.21757 0.17265 0.0022653 0.0054871 -0.032799 0.011946 0.0051018 -0.0022156
-0.10091 -0.47803 1.515 -4.3141 -0.20742 0.16236 -0.0013541 -0.03205 0.090938 0.011032 0.010145 -0.010285
-0.11665 -0.49052 1.6021 -4.32 -0.21903 0.15529 -0.015742 -0.012488 0.087186 -0.0059222 -0.01161 -0.007071
-0.13316 -0.5515 1.9038 -4.2699 -0.22585 0.13726 -0.016507 -0.060982 0.30167 0.050165 -0.0068166 -0.018027
-0.14594 -0.4582 1.7288 -4.3125 -0.24186 0.14587 -0.012783 0.093306 -0.17504 -0.042647 -0.016008 0.0086115
-0.14575 -0.44503 1.6678 -4.3377 -0.22621 0.14345 0.00019346 0.013169 -0.060961 -0.025221 0.015646 -0.0024239
-0.15138 -0.3125 1.2595 -4.3427 -0.24609 0.13926 -0.0056335 0.13253 -0.40832 -0.005028 -0.019875 -0.0041918
-0.1408 -0.33488 1.1578 -4.3521 -0.22242 0.13826 0.010582 -0.022384 -0.10164 -0.0093965 0.023667 -0.0010001
-0.1439 -0.40086 1.0965 -4.3129 -0.27747 0.10531 -0.0030978 -0.06598 -0.061355 0.039294 -0.055056 -0.032951
-0.13772 -0.42115 1.1352 -4.2425 -0.25377 0.12567 0.0061786 -0.020283 0.03868 0.070333 0.023702 0.020364
-0.14097 -0.48099 1.2355 -4.2238 -0.25339 0.11251 -0.0032476 -0.059838 0.10031 0.018706 0.00037988 -0.013161
-0.14021 -0.40991 1.3329 -4.0673 -0.18767 0.13518 0.00075645 0.071076 0.097456 0.15655 0.065719 0.022669
-0.13619 -0.43685 1.4759 -4.1295 -0.12695 0.17371 0.0040233 -0.026939 0.14299 -0.062216 0.060721 0.038534
-0.14308 -0.46544 1.5623 -4.1231 -0.15503 0.14745 -0.0068949 -0.02859 0.086392 0.00638 -0.028079 -0.026264
-0.14733 -0.44974 1.5824 -4.2247 -0.23236 0.052478 -0.0042416 0.015695 0.020047 -0.10165 -0.077328 -0.094971
-0.13961 -0.50541 1.6072 -4.2941 -0.13263 0.19567 0.0077145 -0.055666 0.024814 -0.069343 0.099727 0.14319
-0.12548 -0.46726 1.6441 -4.2531 0.014516 0.35543 0.01413 0.038147 0.036908 0.040992 0.14715 0.15976
-0.095226 -0.56517 1.7389 -4.222 0.37052 0.7489 0.030255 -0.097909 0.094772 0.031069 0.356 0.39347
-0.10064 -0.55991 1.7888 -4.1347 0.40662 0.80579 -0.0054103 0.0052605 0.04993 0.087339 0.036106 0.056892
-0.13076 -0.58231 1.8371 -4.1404 0.30116 0.58378 -0.03012 -0.022393 0.048308 -0.0056679 -0.10546 -0.22201
-0.14759 -0.52905 1.8239 -4.1945 0.12972 0.40104 -0.016836 0.053254 -0.013144 -0.054163 -0.17144 -0.18274
-0.17766 -0.549 1.8553 -4.2546 0.055331 0.24139 -0.030068 -0.019953 0.03135 -0.060047 -0.074391 -0.15966
-0.16353 -0.53213 1.884 -4.3092 0.095639 0.30507 0.01413 0.016877 0.028676 -0.05461 0.040308 0.06368
-0.16296 -0.55266 1.9039 -4.3112 0.098026 0.32842 0.00057222 -0.020531 0.019917 -0.0020017 0.0023868 0.023354
-0.1574 -0.50414 1.9095 -4.324 0.039108 0.27522 0.0055554 0.048517 0.0056348 -0.012776 -0.058918 -0.053205
-0.14755 -0.53091 1.9039 -4.3436 -0.014714 0.26771 0.0098486 -0.026773 -0.0056416 -0.019653 -0.053822 -0.0075057
-0.14565 -0.48517 1.7698 -4.312 -0.027552 0.26647 0.0019015 0.045745 -0.13412 0.031593 -0.012838 -0.0012371
-0.15687 -0.54008 1.8612 -4.3868 -0.018675 0.26737 -0.011222 -0.054912 0.09148 -0.07478 0.0088767 0.00089442
-0.16243 -0.54638 2.0943 -4.4308 -0.016082 0.27606 -0.0055598 -0.0062978 0.23304 -0.043984 0.0025933 0.0086873
-0.13032 -0.44224 1.6136 -4.3196 -0.024219 0.25157 0.03211 0.10414 -0.48073 0.11122 -0.008137 -0.024488
-0.14142 -0.50215 1.533 -4.3211 -0.03339 0.27437 -0.011099 -0.059905 -0.080586 -0.0015129 -0.0091707 0.022805
-0.17438 -0.22454 0.098977 -4.0108 -0.066977 0.36437 -0.032953 0.27761 -1.434 0.31032 -0.033588 0.089998
-0.26405 -0.38958 0.32444 -4.1399 -0.075095 0.36234 -0.089677 -0.16504 0.22546 -0.12918 -0.0081176 -0.0020346
-0.34452 -0.36998 0.36358 -4.0846 -0.11955 0.46215 -0.080464 0.0196 0.039142 0.05535 -0.044454 0.099816
-0.292 -0.48609 1.1404 -4.1596 -0.1235 0.32956 0.05252 -0.11611 0.77678 -0.075045 -0.0039516 -0.13259
-0.2657 -0.52002 1.6563 -4.161 -0.12917 0.34405 0.026291 -0.033929 0.51591 -0.0013279 -0.0056675 0.014484
-0.2005 -0.39998 1.631 -4.1603 -0.15334 0.27355 0.065208 0.12004 -0.025237 0.00069968 -0.02417 -0.070498
-0.20126 -0.39039 1.6908 -4.2311 -0.16866 0.27817 -0.00076257 0.0095831 0.059762 -0.070804 -0.015322 0.0046148
-0.20758 -0.41617 1.7242 -4.3305 -0.18598 0.28025 -0.0063195 -0.025776 0.033434 -0.099464 -0.017326 0.0020887
-0.18951 -0.42708 1.755 -4.3588 -0.19518 0.26406 0.018068 -0.010914 0.03081 -0.028232 -0.0091993 -0.016191
-0.18268 -0.46101 1.8275 -4.3735 -0.17545 0.26554 0.0068318 -0.033921 0.072432 -0.014767 0.019733 0.0014789
-0.18242 -0.44334 1.7995 -4.3611 -0.15998 0.2801 0.00025554 0.017662 -0.028013 0.012441 0.015468 0.014557
-0.17985 -0.41587 1.7683 -4.3068 -0.13356 0.28442 0.0025731 0.027472 -0.031133 0.054234 0.026421 0.0043225
-0.19097 -0.45923 1.7555 -4.3355 -0.10682 0.28068 -0.011122 -0.043358 -0.012852 -0.028655 0.026739 -0.0037424
-0.18582 -0.42517 1.7675 -4.3059 -0.11867 0.27516 0.0051572 0.034059 0.012028 0.02961 -0.011846 -0.0055144
-0.17431 -0.48137 1.8345 -4.358 -0.15295 0.27815 0.01151 -0.056203 0.066975 -0.052066 -0.034286 0.0029834
-0.21663 -0.44749 1.8475 -4.3223 -0.032151 0.27311 -0.042327 0.033882 0.01306 0.035667 0.1208 -0.0050413
-0.23098 -0.46741 1.8742 -4.3544 0.0060347 0.25421 -0.014343 -0.019917 0.026688 -0.032114 0.038185 -0.018896
-0.1214 -0.49114 1.9809 -4.4001 -0.32346 0.27891 0.10958 -0.023727 0.10665 -0.045685 -0.32949 0.024697
0.037626 -0.51738 2.1949 -4.5338 -0.83956 0.31013 0.15903 -0.026242 0.21402 -0.13372 -0.5161 0.031222
0.36934 -0.58558 2.5801 -4.6922 -1.7094 0.45899 0.33172 -0.068202 0.38519 -0.15836 -0.86984 0.14887
0.42009 -0.53137 2.6108 -4.788 -1.8261 0.53475 0.050751 0.054205 0.030759 -0.095801 -0.11675 0.075756
0.43417 -0.5441 2.6579 -4.8567 -1.7059 0.57692 0.014075 -0.012728 0.047099 -0.068689 0.12022 0.042172
0.30638 -0.49511 2.3902 -4.841 -1.3319 0.5374 -0.12779 0.048995 -0.26774 0.015638 0.37399 -0.039522
0.22114 -0.55382 2.3683 -4.8693 -1.0353 0.46088 -0.085242 -0.058714 -0.021886 -0.028224 0.29663 -0.076518
0.21893 -0.54976 2.3152 -4.8591 -1.0183 0.43688 -0.0022142 0.0040646 -0.053126 0.010116 0.017048 -0.024
0.20581 -0.56153 2.3317 -4.8767 -0.93132 0.42474 -0.013119 -0.01177 0.016506 -0.0176 0.086938 -0.012139
0.20924 -0.55301 2.3252 -4.8466 -0.90088 0.4356 0.0034343 0.0085131 -0.0064764 0.030096 0.030441 0.010854
0.21696 -0.54737 2.3121 -4.836 -0.90317 0.43981 0.0077154 0.0056453 -0.013132 0.010619 -0.0022891 0.0042169
0.2163 -0.54497 2.3139 -4.8133 -0.90518 0.44296 -0.00066046 0.0023961 0.0017824 0.022772 -0.0020101 0.0031466
0.22203 -0.56242 2.331 -4.811 -0.9178 0.4348 0.005736 -0.017444 0.017094 0.0022144 -0.012623 -0.0081593
0.22332 -0.53258 2.312 -4.8039 -0.91874 0.44435 0.0012915 0.029839 -0.018986 0.0071327 -0.00093766 0.0095472
0.22186 -0.57365 2.3451 -4.824 -0.89314 0.43945 -0.0014583 -0.04107 0.033091 -0.02012 0.025601 -0.0048972
0.22205 -0.58732 2.3755 -4.8548 -0.87242 0.44728 0.00018691 -0.01367 0.030476 -0.030751 0.020718 0.0078284
