-0.0032151 0.0027772 -0.0036448 -0.0017737 7.2407e-06 2.767e-05 0 0 0 0 0 0
0.0082783 0.020894 0.0020039 -0.0028436 1.4996e-05 0.00013754 0.011493 0.018117 0.0056487 -0.0010699 7.755e-06 0.00010987
0.0077757 0.10602 0.040231 0.00313 -5.436e-06 -6.467e-05 -0.00050258 0.085127 0.038227 0.0059736 -2.0432e-05 -0.00020221
0.0069836 0.10718 0.11162 -0.0013631 -5.0207e-06 -5.5715e-05 -0.00079211 0.0011578 0.071389 -0.0044931 4.1536e-07 8.9546e-06
-0.00049875 0.19019 0.15514 0.02343 -4.3291e-06 5.7689e-06 -0.0074823 0.083011 0.043517 0.024793 6.9162e-07 6.1484e-05
-0.00043125 0.18761 0.14769 0.058726 -7.0005e-06 -3.0473e-07 6.7498e-05 -0.0025835 -0.0074455 0.035296 -2.6715e-06 -6.0736e-06
0.00022562 0.22748 0.15676 0.10088 4.6594e-05 0.00027514 0.00065688 0.039875 0.0090694 0.042151 5.3594e-05 0.00027544
0.00025924 0.21847 0.16348 0.13438 -5.5351e-06 -0.00024933 3.3618e-05 -0.0090084 0.0067172 0.033507 -5.2129e-05 -0.00052447
-0.00016523 0.24102 0.16025 0.13867 -0.00015447 -0.00078969 -0.00042447 0.022547 -0.0032246 0.0042836 -0.00014894 -0.00054036
-0.00045934 0.21897 0.1191 0.10959 0.00015057 0.001519 -0.00029411 -0.022046 -0.041152 -0.029076 0.00030505 0.0023087
0.0006793 0.21937 0.090033 0.091279 0.00029156 0.00080921 0.0011386 0.00039353 -0.029068 -0.018312 0.00014099 -0.00070979
0.00048195 0.21842 0.094032 0.088866 -0.00064461 -0.0047262 -0.00019735 -0.00094387 0.0039985 -0.0024128 -0.00093617 -0.0055354
0.0031531 0.21961 0.11626 0.10053 -0.00015944 -0.0094461 0.0026712 0.0011825 0.022227 0.011666 0.00048517 -0.0047199
-0.00077531 0.22753 0.15162 0.13309 -0.0023716 -0.017129 -0.0039284 0.0079231 0.035363 0.032563 -0.0022121 -0.0076825
0.00076604 0.24425 0.13021 0.12277 -0.00013354 -0.01446 0.0015414 0.016719 -0.021415 -0.010321 0.002238 0.0026686
0.001643 0.23477 0.15221 0.13282 -0.00048831 -0.015106 0.00087697 -0.0094821 0.022005 0.010047 -0.00035477 -0.00064645
0.0050616 0.25266 0.17284 0.13992 0.004031 -0.020678 0.0034186 0.017895 0.020631 0.0071015 0.0045193 -0.0055718
0.0071878 0.24747 0.1947 0.15603 0.0047318 -0.021401 0.0021262 -0.0051887 0.02186 0.016107 0.00070078 -0.00072324
0.0055119 0.26712 0.19066 0.16981 0.0081705 -0.025906 -0.001676 0.019647 -0.0040464 0.013777 0.0034388 -0.0045042
0.001364 0.25137 0.20127 0.1623 0.0083734 -0.017577 -0.0041478 -0.015747 0.010617 -0.0075024 0.00020288 0.0083285
0.0030186 0.26302 0.1891 0.15806 0.0076013 -0.01255 0.0016546 0.011645 -0.012174 -0.004242 -0.00077212 0.0050272
0.00031829 0.24992 0.20508 0.15441 0.012303 -0.011631 -0.0027004 -0.013094 0.015977 -0.0036536 0.0047016 0.00091928
0.0021447 0.25417 0.20098 0.15956 0.0038928 -0.012469 0.0018264 0.0042428 -0.0041019 0.0051512 -0.0084101 -0.00083875
-0.00053454 0.26608 0.18454 0.16735 0.01119 -0.021531 -0.0026793 0.011915 -0.016432 0.0077882 0.0072968 -0.0090612
8.7664e-05 0.25241 0.20379 0.16108 0.0050327 -0.021931 0.0006222 -0.013671 0.019249 -0.0062673 -0.0061569 -0.00040054
-0.0015197 0.26778 0.20889 0.18663 0.011553 -0.0258 -0.0016074 0.015371 0.0050962 0.025555 0.0065198 -0.0038689
-0.0032387 0.26955 0.21049 0.17351 0.0075567 -0.02551 -0.001719 0.0017646 0.0016018 -0.013128 -0.0039959 0.00029006
-0.0052618 0.27198 0.21243 0.19444 0.0036537 -0.021423 -0.0020231 0.0024339 0.0019355 0.020929 -0.003903 0.004087
-0.010115 0.27613 0.22057 0.19387 -0.0052825 -0.022441 -0.0048528 0.0041469 0.0081426 -0.00056951 -0.0089361 -0.0010184
-0.010806 0.28228 0.22467 0.20314 -0.0044604 -0.012954 -0.00069174 0.0061545 0.0041007 0.0092767 0.00082206 0.0094873
-0.01329 0.27834 0.24287 0.22233 -0.0066554 -0.017826 -0.0024836 -0.0039399 0.018206 0.019182 -0.002195 -0.0048715
-0.014314 0.28358 0.24044 0.22182 -0.0018069 -0.016674 -0.0010237 0.0052399 -0.0024355 -0.00050101 0.0048485 0.0011515
-0.0039369 0.28471 0.2347 0.22282 0.00077192 -0.015701 0.010377 0.001124 -0.0057399 0.00099108 0.0025789 0.00097346
-0.0031029 0.28559 0.21645 0.2096 -0.00016852 -0.02577 0.00083399 0.00088404 -0.018245 -0.013214 -0.00094043 -0.010069
-0.00038675 0.2847 0.22165 0.22026 0.0013624 -0.029196 0.0027161 -0.00088607 0.0051918 0.010663 0.0015309 -0.0034262
-0.0091444 0.29905 0.20807 0.22384 -0.0012079 -0.059712 -0.0087576 0.014342 -0.013576 0.0035792 -0.0025702 -0.030516
-0.015886 0.29287 0.25135 0.26538 0.0010999 -0.059619 -0.0067419 -0.0061773 0.043276 0.041539 0.0023077 9.3192e-05
-0.014646 0.3307 0.25155 0.26641 0.00077533 -0.072561 0.0012398 0.037827 0.00020124 0.0010228 -0.00032454 -0.012942
-0.0040896 0.31483 0.27689 0.28951 0.004615 -0.050967 0.010557 -0.015864 0.025339 0.023106 0.0038397 0.021594
-0.0029619 0.31295 0.28367 0.28077 0.00030916 -0.057019 0.0011277 -0.0018813 0.0067835 -0.0087441 -0.0043059 -0.0060519
0.00027524 0.30146 0.31032 0.28953 0.0018505 -0.041841 0.0032371 -0.011487 0.026655 0.0087581 0.0015414 0.015178
-0.0077414 0.31596 0.28842 0.28437 -0.00070417 -0.046425 -0.0080166 0.014497 -0.021908 -0.0051541 -0.0025547 -0.0045835
-0.0094807 0.30909 0.3186 0.27521 -0.0014168 -0.037809 -0.0017393 -0.006873 0.030185 -0.0091564 -0.00071263 0.0086157
-0.0093453 0.32718 0.27267 0.26581 0.0011531 -0.037525 0.0001354 0.018094 -0.045929 -0.0094007 0.0025699 0.00028427
-0.0092862 0.29585 0.26171 0.23194 0.0022877 -0.035736 5.9068e-05 -0.031329 -0.010959 -0.033871 0.0011346 0.0017886
-0.0079178 0.31425 0.22203 0.22386 0.0052944 -0.031915 0.0013685 0.018398 -0.03968 -0.0080841 0.0030067 0.0038208
-0.0099217 0.30255 0.21769 0.21872 0.0045795 -0.037316 -0.0020039 -0.011697 -0.004349 -0.0051385 -0.00071495 -0.0054009
-0.012799 0.31129 0.26461 0.25256 0.0034943 -0.03959 -0.0028776 0.008741 0.046921 0.033836 -0.0010851 -0.0022742
-0.01736 0.32934 0.28695 0.28963 0.0091179 -0.055177 -0.0045605 0.01805 0.022344 0.037069 0.0056236 -0.015586
-0.01933 0.33426 0.29133 0.30336 0.014049 -0.050144 -0.0019702 0.0049105 0.0043827 0.01373 0.0049306 0.0050324
-0.016854 0.32054 0.28611 0.30045 0.016709 -0.052388 0.0024762 -0.013715 -0.0052277 -0.0029086 0.0026609 -0.0022439
-0.019031 0.31339 0.30765 0.28108 0.010902 -0.044029 -0.0021773 -0.0071556 0.021543 -0.019372 -0.0058078 0.0083594
-0.02275 0.29208 0.33438 0.27958 0.0010991 -0.047236 -0.0037187 -0.021309 0.026735 -0.0014925 -0.0098026 -0.003207
-0.030658 0.3334 0.32384 0.26987 -0.00088536 -0.054375 -0.0079079 0.041322 -0.010546 -0.0097131 -0.0019845 -0.0071387
-0.030548 0.3179 0.31538 0.29026 0.0029905 -0.052495 0.00010981 -0.015497 -0.0084556 0.020388 0.0038759 0.0018801
-0.032526 0.33644 0.29722 0.29535 0.0040417 -0.062467 -0.0019779 0.018536 -0.018159 0.0050923 0.0010511 -0.0099728
-0.024924 0.32272 0.32487 0.31518 0.014001 -0.049489 0.0076021 -0.013716 0.027644 0.019825 0.009959 0.012978
-0.030618 0.3481 0.31023 0.31453 0.004536 -0.06006 -0.0056939 0.025379 -0.014633 -0.00064234 -0.0094647 -0.010571
-0.024231 0.33967 0.31484 0.31134 0.013806 -0.051707 0.0063867 -0.0084351 0.0046047 -0.0031902 0.0092705 0.0083532
-0.025481 0.34488 0.30413 0.30216 0.0013696 -0.056056 -0.0012496 0.0052105 -0.01071 -0.0091819 -0.012437 -0.004349
-0.02655 0.33001 0.30216 0.30127 0.0092884 -0.062095 -0.0010696 -0.014871 -0.0019726 -0.0008907 0.0079188 -0.0060391
-0.025258 0.34378 0.29801 0.2936 0.0036912 -0.059907 0.001292 0.01378 -0.0041475 -0.00767 -0.0055972 0.002188
-0.027599 0.34209 0.27501 0.28256 0.011568 -0.068409 -0.0023408 -0.0016952 -0.022997 -0.011043 0.0078766 -0.008502
-0.0213 0.34117 0.26053 0.27493 0.014955 -0.064171 0.006299 -0.00091792 -0.014483 -0.0076282 0.0033874 0.0042379
-0.01909 0.3364 0.22713 0.25443 0.015201 -0.06692 0.0022101 -0.0047684 -0.033402 -0.020499 0.00024627 -0.0027483
-0.01978 0.31781 0.23327 0.22623 0.0099682 -0.068401 -0.00069034 -0.018592 0.0061419 -0.028202 -0.0052333 -0.0014812
-0.02024 0.32071 0.2134 0.21775 0.0089109 -0.06319 -0.00045956 0.0028939 -0.019871 -0.0084793 -0.0010573 0.0052111
-0.022552 0.28826 0.24083 0.16775 0.00040876 -0.065702 -0.0023118 -0.032447 0.027436 -0.049998 -0.0085021 -0.0025122
-0.019142 0.29969 0.21839 0.19484 0.014303 -0.056142 0.0034095 0.011432 -0.022439 0.027087 0.013895 0.0095603
-0.021512 0.28567 0.21085 0.16046 0.010977 -0.065465 -0.0023703 -0.014021 -0.0075418 -0.034381 -0.0033261 -0.0093231
-0.019339 0.27494 0.22681 0.12575 0.014913 -0.065495 0.0021736 -0.010729 0.015956 -0.034711 0.003936 -3.0108e-05
-0.02256 0.25406 0.21569 0.0646 0.011217 -0.065381 -0.0032212 -0.02088 -0.011118 -0.061146 -0.0036964 0.00011371
-0.020926 0.22823 0.22769 -0.02716 0.0041935 -0.064284 0.0016335 -0.025826 0.011999 -0.09176 -0.0070233 0.0010969
-0.020582 0.20792 0.20932 -0.021182 0.0037058 -0.05436 0.00034422 -0.020318 -0.018369 0.0059778 -0.00048769 0.0099242
-0.019696 0.22861 0.16878 0.011488 0.00044217 -0.059587 0.00088609 0.020693 -0.040545 0.032671 -0.0032637 -0.0052264
-0.020369 0.2078 0.21149 0.035102 0.0014698 -0.06197 -0.00067258 -0.020807 0.04271 0.023613 0.0010277 -0.0023831
-0.021733 0.21994 0.21556 0.048349 0.0047087 -0.069477 -0.0013641 0.012136 0.0040764 0.013247 0.0032388 -0.0075072
-0.023907 0.19828 0.27984 -0.0022628 0.0082042 -0.066751 -0.0021748 -0.021657 0.064274 -0.050612 0.0034956 0.0027262
-0.023275 0.20369 0.26386 -0.01333 0.0088359 -0.058745 0.00063221 0.0054071 -0.015972 -0.011067 0.00063166 0.0080061
-0.020897 0.20868 0.26035 0.0055043 0.00098956 -0.051571 0.0023785 0.0049888 -0.0035113 0.018834 -0.0078463 0.0071738
-0.020267 0.21724 0.25999 0.034015 -0.0069173 -0.052564 0.00062965 0.0085603 -0.00036438 0.028511 -0.0079069 -0.00099292
-0.019113 0.1983 0.31045 0.035085 -0.01644 -0.057631 0.0011541 -0.01894 0.050459 0.0010697 -0.0095223 -0.0050669
-0.018388 0.20801 0.30517 0.036994 -0.017608 -0.060453 0.00072483 0.0097115 -0.0052777 0.0019088 -0.0011683 -0.0028225
-0.016503 0.17739 0.30479 -0.023648 -0.017111 -0.050342 0.0018849 -0.030615 -0.00038364 -0.060642 0.00049718 0.010111
-0.0091546 0.16944 0.2539 -0.067347 -0.026827 -0.035105 0.0073486 -0.0079563 -0.050886 -0.043699 -0.009716 0.015238
-0.0061966 0.14775 0.27185 -0.085949 -0.0242 -0.028668 0.002958 -0.021687 0.017952 -0.018602 0.0026271 0.0064369
-0.0040095 0.15456 0.25187 -0.11824 -0.031539 -0.014001 0.0021872 0.0068086 -0.019981 -0.032286 -0.0073393 0.014667
-0.005068 0.16641 0.25606 -0.042632 -0.017268 -0.018728 -0.0010585 0.011847 0.0041938 0.075603 0.014271 -0.0047275
-0.0023974 0.16846 0.18736 -0.074562 -0.012997 -0.019902 0.0026705 0.0020478 -0.068704 -0.031929 0.0042709 -0.0011737
0.0028278 0.13635 0.21022 -0.097246 -0.018269 -0.02605 0.0052252 -0.032108 0.022862 -0.022685 -0.005272 -0.0061483
0.012566 0.091071 0.21455 -0.22043 -0.03369 -0.036848 0.0097378 -0.045276 0.0043242 -0.12319 -0.015421 -0.010798
0.013151 0.084208 0.26152 -0.2828 -0.054099 -0.034061 0.00058566 -0.0068632 0.046972 -0.062367 -0.020409 0.002787
0.01513 0.047862 0.27941 -0.38906 -0.078845 -0.040247 0.0019786 -0.036346 0.01789 -0.10626 -0.024747 -0.0061858
0.010814 0.05809 0.26014 -0.39108 -0.063749 -0.035198 -0.0043158 0.010228 -0.019266 -0.0020254 0.015097 0.005049
0.0068468 0.025404 0.26984 -0.48531 -0.065113 -0.035055 -0.0039672 -0.032685 0.0096966 -0.094226 -0.0013641 0.00014311
0.0049353 0.01808 0.26869 -0.48973 -0.03603 -0.016673 -0.0019115 -0.007324 -0.0011537 -0.0044189 0.029083 0.018382
0.0025432 0.040244 0.2658 -0.52939 -0.033752 -0.017264 -0.0023921 0.022164 -0.0028889 -0.039664 0.0022779 -0.00059148
0.0062626 0.0058266 0.27606 -0.57181 -0.039927 -0.019533 0.0037194 -0.034417 0.010265 -0.042415 -0.006175 -0.0022686
0.0077919 0.0067698 0.29043 -0.60242 -0.03524 -0.034375 0.0015292 0.00094322 0.014369 -0.030619 0.0046875 -0.014842
0.00479 -0.044152 0.33067 -0.63543 -0.046274 -0.046867 -0.0030018 -0.050922 0.040236 -0.033001 -0.011034 -0.012492
0.0037441 -0.020922 0.32135 -0.62912 -0.034086 -0.047086 -0.001046 0.02323 -0.0093195 0.006306 0.012188 -0.00021895
0.00018191 -0.0086369 0.2588 -0.65138 -0.038824 -0.046581 -0.0035622 0.012285 -0.062549 -0.022256 -0.0047385 0.00050529
0.0032252 -0.026747 0.23736 -0.66027 -0.029532 -0.040246 0.0030433 -0.01811 -0.021441 -0.0088949 0.0092923 0.0063352
0.0026948 -0.051141 0.26221 -0.71066 -0.029987 -0.04149 -0.00053038 -0.024395 0.024853 -0.050394 -0.00045515 -0.0012446
0.0059756 -0.09362 0.35895 -0.67175 -0.021791 -0.040791 0.0032808 -0.042479 0.096738 0.038911 0.0081964 0.00069872
0.0058703 -0.0661 0.37168 -0.66332 -0.019262 -0.045611 -0.00010528 0.02752 0.012728 0.0084362 0.0025281 -0.0048196
0.0092024 -0.051925 0.34866 -0.66095 -0.017551 -0.04769 0.0033321 0.014175 -0.023017 0.0023685 0.0017114 -0.0020788
0.00026286 -0.047332 0.30308 -0.66092 -0.020219 -0.039812 -0.0089395 0.0045936 -0.045584 2.4644e-05 -0.0026678 0.0078776
-0.00064993 -0.051305 0.28906 -0.67633 -0.02361 -0.039863 -0.00091279 -0.0039731 -0.014012 -0.015408 -0.0033915 -5.1166e-05
-0.0047469 -0.034065 0.25353 -0.60611 -0.023825 -0.029115 -0.0040969 0.017239 -0.035534 0.070227 -0.00021439 0.010748
-9.2435e-05 -0.011879 0.22924 -0.55716 -0.01846 -0.03193 0.0046544 0.022187 -0.024288 0.048949 0.0053651 -0.0028146
0.0019039 0.0037093 0.22754 -0.51937 -0.01173 -0.029981 0.0019963 0.015588 -0.0017023 0.037789 0.0067296 0.0019489
-0.00054931 -0.0055269 0.26882 -0.51777 -0.012386 -0.037806 -0.0024532 -0.0092361 0.041278 0.001594 -0.00065559 -0.0078253
4.741e-05 0.0024363 0.28333 -0.52221 -0.0037887 -0.03293 0.00059672 0.0079631 0.014515 -0.004437 0.0085969 0.0048763
-0.0008264 0.0026419 0.28484 -0.52523 -0.0083662 -0.038651 -0.00087381 0.00020567 0.0015052 -0.0030228 -0.0045775 -0.0057207
-0.00020119 -0.0033797 0.29063 -0.53969 -0.0080263 -0.032331 0.00062521 -0.0060217 0.0057914 -0.014462 0.00033993 0.0063192
-0.0044635 -0.029129 0.37428 -0.58246 -0.021987 -0.042566 -0.0042623 -0.025749 0.083653 -0.042766 -0.013961 -0.010234
-0.0026234 -0.02322 0.37849 -0.59094 -0.024291 -0.0423 0.00184 0.0059093 0.0042071 -0.0084762 -0.0023035 0.0002658
-0.0022869 -0.00050256 0.34859 -0.57571 -0.020909 -0.044051 0.00033655 0.022717 -0.029904 0.015226 0.0033817 -0.0017509
0.002831 -0.0040695 0.29435 -0.55923 -0.0063121 -0.039459 0.0051178 -0.0035669 -0.054237 0.016484 0.014597 0.0045917
0.0029248 -0.021126 0.32273 -0.58748 -0.0072175 -0.047263 9.3797e-05 -0.017056 0.028377 -0.028253 -0.00090538 -0.0078036
0.0022655 -0.041013 0.37452 -0.6173 -0.0038591 -0.050243 -0.00065931 -0.019887 0.051797 -0.029824 0.0033584 -0.0029805
0.0035247 -0.014398 0.37097 -0.65095 -0.0074497 -0.061413 0.0012592 0.026615 -0.0035554 -0.033642 -0.0035906 -0.01117
0.0049856 -0.014211 0.32531 -0.61317 -0.0023115 -0.054027 0.0014609 0.00018757 -0.045662 0.037774 0.0051382 0.0073863
0.0031663 -9.0821e-05 0.28267 -0.59171 -0.0016784 -0.053267 -0.0018193 0.01412 -0.04264 0.021466 0.00063307 0.00075985
0.00079154 -0.044904 0.36096 -0.63066 -0.0049362 -0.053254 -0.0023747 -0.044814 0.078292 -0.038954 -0.0032578 1.3007e-05
-0.0027944 -0.028239 0.32239 -0.62394 -0.0077855 -0.052452 -0.003586 0.016666 -0.038567 0.0067175 -0.0028493 0.00080217
-0.0054837 -0.034638 0.35288 -0.72278 -0.0063765 -0.059607 -0.0026892 -0.0063996 0.030489 -0.09884 0.0014089 -0.0071548
-0.0050039 -0.095592 0.29833 -0.74503 -0.006643 -0.048411 0.00047972 -0.060954 -0.054548 -0.022246 -0.00026647 0.011196
-0.0066076 -0.063126 0.28823 -0.74889 -0.0086246 -0.043683 -0.0016036 0.032465 -0.010099 -0.0038594 -0.0019816 0.0047278
-0.0042874 -0.11385 0.30885 -0.77716 -0.008736 -0.036352 0.0023202 -0.050725 0.020624 -0.028272 -0.00011143 0.0073311
-0.0058173 -0.058431 0.29345 -0.74489 -0.012609 -0.034375 -0.0015298 0.05542 -0.015404 0.032267 -0.0038733 0.0019772
0.0019567 -0.082424 0.2811 -0.82922 -0.0090698 -0.042087 0.0077739 -0.023993 -0.012347 -0.084324 0.0035395 -0.007712
0.00092785 -0.1157 0.27861 -0.92537 -0.017036 -0.037425 -0.0010288 -0.033278 -0.0024972 -0.096157 -0.0079667 0.0046617
0.012863 -0.1257 0.24051 -0.99351 -0.022654 -0.028189 0.011935 -0.009995 -0.038096 -0.068135 -0.0056176 0.009236
0.011648 -0.14585 0.23895 -1.0672 -0.032267 -0.02013 -0.0012144 -0.020155 -0.001556 -0.073644 -0.0096125 0.0080592
0.0097723 -0.17678 0.27613 -1.0931 -0.034371 -0.0041183 -0.001876 -0.030928 0.037173 -0.025936 -0.002104 0.016011
0.0057042 -0.1569 0.25708 -1.1071 -0.034633 -0.016285 -0.0040681 0.019877 -0.01905 -0.014021 -0.00026207 -0.012167
0.0016418 -0.17738 0.27317 -1.1111 -0.035478 -0.0055619 -0.0040625 -0.020479 0.016097 -0.0039571 -0.00084545 0.010723
0.0016017 -0.16267 0.25527 -1.1184 -0.033696 -0.016567 -4.0045e-05 0.014708 -0.017906 -0.0073205 0.001782 -0.011005
0.0056047 -0.2041 0.33308 -1.1453 -0.043443 -0.0076131 0.004003 -0.041425 0.077808 -0.026888 -0.0097469 0.0089541
-0.0040162 -0.21075 0.35109 -1.1723 -0.037154 -0.010214 -0.0096209 -0.0066495 0.018012 -0.02704 0.0062887 -0.0026006
-0.0026911 -0.19457 0.35487 -1.1548 -0.0448 -0.0085484 0.0013251 0.016183 0.0037852 0.017549 -0.0076459 0.0016653
-0.0064215 -0.16775 0.31042 -1.0554 -0.036211 -0.002041 -0.0037304 0.026818 -0.044458 0.099391 0.0085891 0.0065074
-0.0018322 -0.1601 0.31432 -1.0178 -0.040819 0.012803 0.0045893 0.0076503 0.0039058 0.037549 -0.0046078 0.014844
-0.0010883 -0.17493 0.3695 -0.94743 -0.039159 0.029423 0.00074392 -0.014835 0.055183 0.070399 0.00166 0.01662
-0.0031546 -0.14975 0.35439 -0.9469 -0.038546 0.041235 -0.0020663 0.025179 -0.015112 0.00052284 0.00061287 0.011812
-0.0073422 -0.14349 0.36948 -0.89525 -0.026551 0.035071 -0.0041876 0.006263 0.015083 0.05165 0.011995 -0.0061645
-0.0090045 -0.12022 0.36028 -0.93371 -0.022392 0.028184 -0.0016623 0.023267 -0.0091971 -0.038452 0.0041591 -0.0068869
-0.0045065 -0.13985 0.3658 -0.93271 -0.0035289 0.012815 0.004498 -0.01963 0.0055223 0.00099818 0.018863 -0.015369
-0.002945 -0.13533 0.39758 -1.0346 -0.0081995 0.0097185 0.0015615 0.0045202 0.031776 -0.10188 -0.0046705 -0.0030967
0.0073495 -0.15315 0.37748 -1.0219 0.00898 -0.0047414 0.010294 -0.017816 -0.020097 0.012702 0.017179 -0.01446
0.0073445 -0.12834 0.39731 -1.0197 0.007569 -0.0013038 -4.9072e-06 0.024803 0.019833 0.0022006 -0.001411 0.0034375
0.012106 -0.1366 0.39543 -0.99755 0.015597 -0.0080897 0.0047615 -0.0082518 -0.0018848 0.022136 0.0080276 -0.0067858
0.0087608 -0.11511 0.36026 -0.97441 0.013102 0.0040408 -0.0033453 0.021485 -0.035168 0.023142 -0.0024948 0.01213
0.0047898 -0.11852 0.3734 -1.0005 0.0025206 0.0011321 -0.0039709 -0.0034108 0.013136 -0.026114 -0.010581 -0.0029087
-0.0016802 -0.1488 0.38988 -1.0415 -0.0055197 0.010368 -0.00647 -0.03028 0.016489 -0.041014 -0.0080402 0.0092361
-0.0071443 -0.11851 0.39142 -1.067 -0.013337 0.009128 -0.0054641 0.030293 0.0015384 -0.025437 -0.0078173 -0.0012402
-0.010051 -0.15743 0.41158 -1.0529 -0.019001 0.02134 -0.0029062 -0.038918 0.020158 0.014067 -0.0056644 0.012212
-0.0089288 -0.10621 0.33289 -1.0078 -0.011019 0.013053 0.0011217 0.051219 -0.078692 0.045112 0.0079826 -0.0082866
-0.0069954 -0.13263 0.32421 -0.94905 -0.013237 0.014389 0.0019334 -0.026422 -0.0086831 0.058743 -0.0022187 0.0013363
0.00042554 -0.098166 0.27485 -0.91014 0.002578 -0.0039165 0.007421 0.034466 -0.049357 0.038904 0.015815 -0.018306
0.004813 -0.11726 0.30127 -0.955 0.0061761 -0.0016994 0.0043874 -0.01909 0.026426 -0.044853 0.0035981 0.002217
0.0096856 -0.12368 0.35166 -0.94772 0.013952 -0.0087553 0.0048727 -0.0064207 0.050387 0.0072793 0.0077762 -0.0070559
0.0051959 -0.13683 0.38996 -0.99591 0.011245 0.0063081 -0.0044897 -0.013149 0.038304 -0.04819 -0.002707 0.015063
0.0071643 -0.13651 0.41754 -0.96164 0.013717 -0.0037118 0.0019684 0.00031999 0.027573 0.034267 0.0024722 -0.01002
0.0029066 -0.12121 0.35675 -0.93181 0.0084707 0.010233 -0.0042577 0.015297 -0.060784 0.029827 -0.0052467 0.013945
0.01003 -0.13731 0.37444 -0.90784 0.013219 -0.012742 0.007123 -0.016103 0.017686 0.023976 0.0047485 -0.022975
0.0076485 -0.15074 0.37634 -0.91419 0.0074699 -0.0076119 -0.0023811 -0.013425 0.0018962 -0.0063499 -0.0057493 0.0051306
0.0084726 -0.15469 0.40635 -0.92385 0.0093694 -0.01782 0.00082406 -0.0039585 0.030015 -0.009661 0.0018995 -0.010208
0.0078779 -0.14064 0.38946 -0.92833 0.012188 -0.014533 -0.00059469 0.014053 -0.016887 -0.0044763 0.0028184 0.0032869
0.0092956 -0.10936 0.33413 -0.89014 0.017424 -0.010025 0.0014177 0.031282 -0.055331 0.038185 0.0052359 0.0045079
0.010858 -0.13777 0.35255 -0.90824 0.021141 -0.012911 0.0015624 -0.028408 0.018416 -0.018102 0.003717 -0.0028857
0.012106 -0.12951 0.37519 -0.90863 0.019427 -0.010249 0.0012476 0.0082534 0.02264 -0.00038275 -0.0017137 0.0026619
0.011238 -0.15906 0.39523 -0.97068 0.017317 -0.011981 -0.0008676 -0.029547 0.020042 -0.062054 -0.0021097 -0.0017326
0.010617 -0.14271 0.39532 -0.9774 0.014186 -0.0094219 -0.0006207 0.016354 9.1231e-05 -0.006723 -0.0031316 0.0025594
0.011275 -0.14653 0.36078 -0.9939 0.014032 -0.010363 0.0006574 -0.0038269 -0.034539 -0.016497 -0.00015411 -0.00094105
0.0093762 -0.17539 0.39303 -1.0102 0.012885 -0.0073099 -0.0018985 -0.028859 0.03225 -0.016349 -0.0011471 0.0030531
0.011171 -0.1385 0.34309 -0.96494 0.015924 -0.0081878 0.0017948 0.036893 -0.049938 0.045309 0.0030394 -0.00087788
0.011183 -0.1537 0.33221 -0.94179 0.016859 -0.0083366 1.1756e-05 -0.015201 -0.010886 0.023151 0.00093476 -0.00014879
0.0113 -0.12587 0.30626 -0.90041 0.021889 -0.012997 0.0001175 0.027833 -0.02595 0.041379 0.0050298 -0.0046606
0.01084 -0.15762 0.36886 -0.93018 0.017957 -0.016672 -0.00045988 -0.031754 0.062604 -0.02977 -0.0039311 -0.0036753
0.0084467 -0.1344 0.36887 -0.91139 0.01698 -0.017325 -0.0023938 0.023221 4.1291e-06 0.018787 -0.00097764 -0.00065242
0.0093734 -0.10869 0.33741 -0.89631 0.019363 -0.013925 0.00092666 0.025716 -0.031453 0.015083 0.0023833 0.0034002
0.011924 -0.10269 0.31509 -0.83646 0.023817 -0.015405 0.0025505 0.005992 -0.022322 0.05985 0.0044542 -0.00148
0.0063105 -0.11098 0.33306 -0.86665 0.012502 -0.009368 -0.0056134 -0.0082871 0.017973 -0.030194 -0.011316 0.0060367
0.010641 -0.14362 0.39911 -0.88247 0.015611 -0.014207 0.0043303 -0.032642 0.066048 -0.015816 0.0031092 -0.0048395
0.00086671 -0.10368 0.34182 -0.8982 -0.0084215 -0.0054596 -0.0097741 0.039945 -0.057296 -0.015729 -0.024032 0.0087479
0.010485 -0.11673 0.33767 -0.86824 0.014404 -0.013282 0.0096183 -0.013049 -0.0041425 0.029958 0.022825 -0.0078228
0.008301 -0.10656 0.32726 -0.86925 0.01244 -0.012167 -0.002184 0.010171 -0.010414 -0.0010147 -0.0019641 0.0011157
0.012879 -0.14991 0.39379 -0.89377 0.024166 -0.020801 0.004578 -0.043355 0.066533 -0.024515 0.011726 -0.0086342
0.012406 -0.12251 0.37508 -0.91575 0.020436 -0.019782 -0.00047249 0.027397 -0.018709 -0.021982 -0.0037294 0.0010189
0.0099133 -0.13522 0.35208 -0.90664 0.015274 -0.020437 -0.0024932 -0.012701 -0.023001 0.0091093 -0.0051622 -0.00065557
0.010432 -0.11484 0.32846 -0.90178 0.01185 -0.021144 0.00051905 0.020379 -0.023628 0.0048663 -0.0034246 -0.00070675
0.0089948 -0.14753 0.38116 -0.91351 0.018364 -0.017474 -0.0014376 -0.032691 0.0527 -0.011729 0.0065148 0.0036698
0.013031 -0.13097 0.3767 -0.9374 0.019798 -0.018431 0.0040365 0.016556 -0.0044591 -0.023899 0.0014341 -0.00095653
0.0082405 -0.14798 0.40096 -0.9525 0.018034 -0.011481 -0.0047907 -0.017007 0.024261 -0.015091 -0.0017648 0.0069499
0.0038711 -0.13346 0.37411 -0.942 0.0081999 -0.010896 -0.0043694 0.014523 -0.026846 0.010491 -0.0098338 0.00058482
0.00091279 -0.14329 0.38317 -0.9365 0.0040581 -0.0095691 -0.0029583 -0.0098352 0.0090626 0.0055004 -0.0041418 0.0013272
-0.0012344 -0.10313 0.34374 -0.92542 0.0019007 -0.0072357 -0.0021472 0.04016 -0.039436 0.011082 -0.0021574 0.0023333
-0.00083015 -0.13825 0.35991 -0.93079 0.0027945 -0.011559 0.00040429 -0.035115 0.016174 -0.0053628 0.0008938 -0.0043234
-0.0082102 -0.12621 0.37358 -0.89561 -0.0072756 -0.018103 -0.00738 0.012034 0.013667 0.035174 -0.01007 -0.0065437
-0.023757 -0.17303 0.46795 -0.8864 -0.035274 -0.023882 -0.015547 -0.046815 0.094372 0.0092115 -0.027998 -0.005779
-0.017808 -0.16153 0.47562 -0.94364 -0.020677 -0.039458 0.0059485 0.011499 0.0076747 -0.057235 0.014597 -0.015576
-0.017904 -0.13983 0.4215 -0.94998 -0.027228 -0.038375 -9.5987e-05 0.0217 -0.05412 -0.0063441 -0.0065516 0.0010834
-0.0072794 -0.22481 0.44799 -1.1261 -0.0055308 -0.049522 0.010625 -0.08498 0.026488 -0.17607 0.021698 -0.011147
-0.011216 -0.1855 0.40852 -1.0405 -0.015855 -0.050395 -0.0039365 0.03931 -0.039469 0.085589 -0.010324 -0.00087296
-0.020112 -0.2377 0.48051 -1.0831 -0.022708 -0.047689 -0.0088962 -0.052206 0.071987 -0.04266 -0.0068525 0.0027057
-0.019829 -0.16337 0.4448 -0.98551 -0.023485 -0.051891 0.00028332 0.074336 -0.035707 0.097614 -0.0007776 -0.004202
-0.019687 -0.14818 0.40819 -0.9498 -0.010443 -0.049959 0.00014212 0.015186 -0.036612 0.035707 0.013042 0.0019324
-0.014837 -0.16821 0.4291 -0.98096 -0.016317 -0.046623 0.0048494 -0.02003 0.020908 -0.03116 -0.0058737 0.0033353
-0.012055 -0.13478 0.40469 -0.95777 -0.010338 -0.048408 0.0027826 0.033427 -0.024409 0.023197 0.0059786 -0.001785
-0.010377 -0.13575 0.40846 -0.95605 -0.0094867 -0.039508 0.0016773 -0.0009654 0.003767 0.0017108 0.00085135 0.0089003
-0.012301 -0.15258 0.40542 -0.96039 -0.018588 -0.038931 -0.0019238 -0.016828 -0.0030396 -0.0043303 -0.0091011 0.0005771
-0.015503 -0.14886 0.43206 -0.95944 -0.0035082 -0.031452 -0.0032016 0.0037189 0.026642 0.00094237 0.01508 0.0074792
-0.02182 -0.21868 0.49368 -1.0428 -0.026168 -0.012627 -0.0063172 -0.069826 0.06162 -0.083319 -0.022659 0.018825
-0.019553 -0.13867 0.46122 -1.044 -0.017394 -0.0062611 0.0022673 0.080016 -0.032459 -0.0012212 0.0087734 0.0063655
-0.018385 -0.16368 0.44329 -1.0279 -0.021468 -0.0052887 0.001168 -0.025013 -0.017927 0.016127 -0.0040742 0.00097245
-0.015442 -0.13864 0.40114 -1.0134 -0.023595 -0.014161 0.002943 0.025044 -0.042153 0.014488 -0.0021267 -0.0088719
-0.0159 -0.16069 0.43392 -0.96252 -0.02153 -0.014679 -0.00045861 -0.022051 0.032779 0.050852 0.0020646 -0.00051822
-0.015912 -0.1454 0.4061 -1.0016 -0.027256 -0.011756 -1.1844e-05 0.015285 -0.027826 -0.039064 -0.0057259 0.0029227
-0.016609 -0.13695 0.41024 -0.9753 -0.025677 -0.002358 -0.00069722 0.0084495 0.0041473 0.026284 0.0015789 0.0093981
-0.01774 -0.12902 0.39818 -0.98829 -0.02201 -0.011419 -0.0011311 0.0079299 -0.012066 -0.01299 0.0036678 -0.0090612
-0.020911 -0.17805 0.44123 -1.0335 -0.028427 -0.0026561 -0.0031707 -0.04903 0.04305 -0.04519 -0.0064177 0.0087631
-0.020173 -0.13683 0.41249 -1.0036 -0.025345 -0.012303 0.00073802 0.041229 -0.028735 0.029829 0.0030819 -0.0096467
-0.017107 -0.17723 0.40028 -1.0552 -0.031167 -0.0060966 0.0030659 -0.040407 -0.012213 -0.05153 -0.0058216 0.0062061
-0.014781 -0.14538 0.39869 -1.0168 -0.028148 -0.025025 0.0023266 0.031856 -0.0015865 0.038345 0.003019 -0.018929
-0.016221 -0.20395 0.4631 -1.0466 -0.027501 -0.018663 -0.0014406 -0.058576 0.064413 -0.029758 0.00064708 0.0063629
-0.014629 -0.16067 0.42894 -1.0609 -0.031163 -0.028369 0.0015923 0.04328 -0.034162 -0.014275 -0.0036622 -0.0097061
-0.015296 -0.16936 0.38987 -1.0367 -0.025875 -0.013279 -0.00066683 -0.008682 -0.039069 0.024191 0.0052881 0.01509
-0.0075629 -0.17948 0.34787 -1.0853 -0.023447 -0.031792 0.0077327 -0.010127 -0.042003 -0.048671 0.0024284 -0.018514
-0.007658 -0.2088 0.41716 -1.0821 -0.018552 -0.026879 -9.5081e-05 -0.029316 0.06929 0.0032692 0.004895 0.0049129
-0.0085956 -0.21986 0.44199 -1.0892 -0.017126 -0.033679 -0.00093757 -0.011058 0.024833 -0.0071382 0.0014252 -0.0068
-0.011657 -0.17389 0.4438 -1.0683 -0.025012 -0.025999 -0.0030611 0.04597 0.0018039 0.020867 -0.0078858 0.0076805
-0.015967 -0.18005 0.40758 -1.0149 -0.028048 -0.027601 -0.0043104 -0.0061631 -0.036218 0.053462 -0.0030357 -0.0016019
-0.015985 -0.19827 0.45681 -1.0673 -0.033109 -0.031817 -1.7633e-05 -0.018216 0.049232 -0.052443 -0.0050615 -0.0042166
-0.01663 -0.22428 0.46021 -1.0719 -0.034588 -0.024124 -0.00064571 -0.026017 0.0033994 -0.0045827 -0.001479 0.007693
-0.016453 -0.17785 0.4057 -1.0744 -0.031423 -0.0070706 0.00017712 0.046435 -0.054512 -0.002508 0.003165 0.017054
-0.016572 -0.20248 0.38851 -1.0652 -0.034309 -0.0037158 -0.0001191 -0.024633 -0.01719 0.0091942 -0.0028852 0.0033548
-0.015722 -0.16601 0.38172 -1.0431 -0.025946 -0.0023156 0.00085054 0.03647 -0.0067856 0.022124 0.0083622 0.0014002
-0.016196 -0.24907 0.49985 -1.0958 -0.026591 -0.030384 -0.0004742 -0.08306 0.11813 -0.052687 -0.00064471 -0.028068
-0.015738 -0.18174 0.47452 -1.0898 -0.015126 -0.035111 0.00045757 0.067325 -0.025335 0.0060271 0.011465 -0.0047272
-0.012666 -0.16746 0.42067 -0.99798 -0.0086854 -0.035793 0.0030728 0.014288 -0.053853 0.091781 0.0064402 -0.00068238
-0.015192 -0.15686 0.39457 -0.96163 -0.0049276 -0.027424 -0.0025268 0.010596 -0.026096 0.036349 0.0037578 0.0083697
-0.0093363 -0.13787 0.33539 -0.8468 -0.0048177 -0.00040755 0.0058561 0.01899 -0.059182 0.11483 0.00010984 0.027016
-0.015976 -0.17123 0.38722 -0.89911 -0.016319 0.00099996 -0.0066401 -0.033359 0.051836 -0.052314 -0.011502 0.0014075
-0.014373 -0.14709 0.36939 -0.8741 -0.011975 -0.00068528 0.0016034 0.024135 -0.01783 0.025009 0.0043445 -0.0016852
-0.017747 -0.13442 0.40027 -0.8943 -0.022004 -0.0037295 -0.0033744 0.01267 0.030875 -0.020198 -0.010029 -0.0030442
-0.016446 -0.14614 0.439 -0.90273 -0.0069482 -0.02629 0.0013015 -0.011712 0.038727 -0.0084329 0.015055 -0.02256
-0.015206 -0.11787 0.40945 -0.89483 -0.017053 -0.015417 0.0012401 0.028261 -0.029545 0.0079064 -0.010105 0.010873
-0.015227 -0.14755 0.43019 -0.94257 -0.0067753 -0.032648 -2.1425e-05 -0.029679 0.02074 -0.047739 0.010278 -0.017231
-0.017612 -0.13039 0.39049 -0.92762 -0.010158 -0.034561 -0.0023847 0.017168 -0.039696 0.014945 -0.0033829 -0.0019127
-0.013952 -0.14738 0.39829 -0.94701 -0.0083517 -0.039139 0.0036599 -0.016999 0.0077961 -0.019393 0.0018066 -0.0045787
-0.011661 -0.12923 0.35928 -0.91296 -0.0027783 -0.03811 0.0022915 0.018153 -0.039013 0.034052 0.0055734 0.0010297
-0.0063179 -0.14756 0.36274 -0.93496 -0.0016029 -0.037979 0.0053427 -0.018333 0.0034671 -0.022 0.0011754 0.00013071
-0.0079964 -0.16189 0.3908 -0.94618 -0.0022751 -0.035395 -0.0016786 -0.014323 0.028052 -0.011218 -0.00067222 0.0025841
-0.01336 -0.16083 0.37972 -0.97488 -0.0077535 -0.033478 -0.0053637 0.0010535 -0.011077 -0.0287 -0.0054783 0.0019168
-0.01582 -0.15583 0.36763 -0.95284 -0.021814 -0.033044 -0.00246 0.0049999 -0.012093 0.02204 -0.01406 0.00043394
-0.017648 -0.14707 0.34475 -0.95476 -0.018305 -0.023977 -0.0018274 0.0087631 -0.022879 -0.0019242 0.003509 0.0090671
-0.016215 -0.15774 0.37847 -0.93951 -0.021342 -0.031268 0.0014327 -0.010674 0.033726 0.015254 -0.0030377 -0.0072913
-0.015866 -0.13486 0.35894 -0.92578 -0.0094699 -0.02889 0.00034837 0.022882 -0.019537 0.013732 0.011873 0.0023778
-0.016074 -0.15106 0.35992 -0.93364 -0.021181 -0.020986 -0.00020706 -0.016201 0.0009818 -0.0078612 -0.011711 0.0079043
-0.017006 -0.14746 0.3284 -0.94366 -0.019117 -0.029169 -0.00093257 0.0036075 -0.031517 -0.010023 0.0020638 -0.0081829
-0.016763 -0.21182 0.39668 -1.0521 -0.030563 -0.0112 0.00024318 -0.064367 0.068279 -0.10843 -0.011446 0.017969
-0.019569 -0.20673 0.38728 -1.0876 -0.02786 -0.012059 -0.0028066 0.0050907 -0.0094001 -0.035503 0.0027029 -0.00085877
-0.018207 -0.20969 0.36916 -1.1504 -0.035007 -0.0050921 0.0013623 -0.0029576 -0.018122 -0.062798 -0.0071468 0.0069667
-0.016104 -0.21356 0.32647 -1.1094 -0.044589 -0.0035805 0.0021036 -0.003875 -0.042684 0.041026 -0.0095821 0.0015115
-0.017224 -0.23127 0.38931 -1.1531 -0.046443 -0.025043 -0.0011206 -0.01771 0.06284 -0.043764 -0.0018538 -0.021463
-0.012443 -0.23853 0.40908 -1.1303 -0.047356 -0.017115 0.0047814 -0.0072589 0.019764 0.022823 -0.00091312 0.0079278
-0.017532 -0.17583 0.4041 -1.1141 -0.033261 -0.013874 -0.0050895 0.062704 -0.0049826 0.016171 0.014095 0.0032414
-0.017575 -0.1834 0.37928 -1.0584 -0.0317 0.003138 -4.285e-05 -0.0075684 -0.024816 0.055749 0.0015613 0.017012
-0.024988 -0.15904 0.40334 -1.0396 -0.033769 0.0083131 -0.0074129 0.024357 0.024058 0.018816 -0.0020693 0.0051751
-0.026816 -0.22174 0.49076 -1.0443 -0.036446 0.0038424 -0.0018278 -0.062701 0.087426 -0.0046967 -0.0026768 -0.0044707
-0.026293 -0.15874 0.45858 -1.0413 -0.036239 -0.00055635 0.00052324 0.063 -0.032181 0.0029354 0.00020713 -0.0043988
-0.01883 -0.1827 0.43642 -1.0266 -0.024194 0.0034403 0.0074629 -0.023954 -0.02216 0.014738 0.012045 0.0039966
-0.021151 -0.15341 0.37391 -1.0112 -0.027386 -0.00026662 -0.002321 0.029281 -0.062513 0.015379 -0.003192 -0.0037069
-0.023475 -0.21219 0.44634 -1.0578 -0.030046 0.0074306 -0.0023241 -0.058777 0.072428 -0.046583 -0.0026605 0.0076973
-0.027459 -0.17701 0.43581 -1.042 -0.038104 0.0060817 -0.0039841 0.035185 -0.010528 0.015803 -0.0080577 -0.0013489
-0.029668 -0.144 0.43235 -1.0319 -0.036655 0.0058909 -0.0022092 0.033007 -0.0034616 0.010137 0.0014495 -0.00019083
-0.025803 -0.15781 0.40288 -1.008 -0.035835 0.0085242 0.0038652 -0.013811 -0.029473 0.023859 0.00082008 0.0026334
-0.029533 -0.13791 0.38251 -0.9784 -0.033805 -0.00043292 -0.0037305 0.019896 -0.020365 0.029602 0.00203 -0.0089571
-0.02618 -0.18733 0.38789 -1.0053 -0.036952 0.0046837 0.0033531 -0.049412 0.0053797 -0.026868 -0.0031473 0.0051166
-0.026884 -0.1458 0.37936 -0.98378 -0.031218 0.0018888 -0.00070392 0.041525 -0.008529 0.021487 0.005734 -0.0027949
-0.021272 -0.15569 0.38609 -0.99496 -0.027613 0.0019814 0.0056126 -0.009887 0.0067305 -0.011179 0.0036053 9.2564e-05
-0.025551 -0.1668 0.43682 -1.0281 -0.027342 0.0028755 -0.0042799 -0.011108 0.050733 -0.033093 0.00027014 0.00089414
-0.02303 -0.16635 0.42322 -1.0459 -0.025325 0.0022775 0.0025216 0.00045171 -0.013608 -0.017894 0.0020176 -0.00059799
-0.02715 -0.17211 0.40659 -1.0739 -0.029217 0.0071056 -0.0041201 -0.0057615 -0.016626 -0.027952 -0.0038926 0.0048281
-0.027345 -0.19165 0.42076 -1.1038 -0.033106 0.0086857 -0.00019525 -0.019548 0.014169 -0.029883 -0.003889 0.0015801
-0.031913 -0.20755 0.47404 -1.1241 -0.035941 0.0096923 -0.0045677 -0.015898 0.053286 -0.020358 -0.0028342 0.0010066
-0.030713 -0.18865 0.46218 -1.1156 -0.035954 0.0057855 0.0012002 0.018898 -0.011864 0.0085238 -1.2961e-05 -0.0039067
-0.033339 -0.1969 0.45584 -1.1274 -0.04676 0.0093158 -0.0026263 -0.0082436 -0.006341 -0.011798 -0.010807 0.0035303
-0.025816 -0.17734 0.3747 -1.0899 -0.031963 0.0040726 0.0075227 0.019554 -0.081142 0.037488 0.014797 -0.0052432
-0.030449 -0.23289 0.44043 -1.1402 -0.052369 0.011051 -0.004633 -0.055547 0.065729 -0.050242 -0.020405 0.0069779
-0.020995 -0.18982 0.39393 -1.0839 -0.023362 0.010513 0.0094548 0.043073 -0.046492 0.056258 0.029006 -0.00053797
-0.025854 -0.18821 0.41965 -1.0823 -0.026884 0.011035 -0.0048592 0.0016068 0.025714 0.0015815 -0.0035216 0.00052242
-0.022824 -0.17573 0.40089 -1.0591 -0.021092 0.0057509 0.0030302 0.012485 -0.018754 0.023268 0.0057915 -0.0052841
-0.031827 -0.22324 0.4728 -1.1229 -0.022774 -0.0029626 -0.0090031 -0.047515 0.071904 -0.063818 -0.0016818 -0.0087136
-0.029616 -0.22481 0.46037 -1.1457 -0.036767 -0.00077532 0.0022106 -0.0015649 -0.01243 -0.022826 -0.013993 0.0021873
-0.027011 -0.21093 0.41128 -1.1663 -0.024989 0.0047025 0.0026052 0.013874 -0.049085 -0.02062 0.011778 0.0054778
-0.027006 -0.21906 0.36402 -1.1567 -0.034735 0.0077531 4.5891e-06 -0.0081251 -0.047266 0.0095871 -0.0097459 0.0030506
-0.027593 -0.23281 0.40428 -1.1789 -0.02849 0.008173 -0.00058687 -0.013757 0.040264 -0.022134 0.006245 0.00041987
-0.033796 -0.25783 0.43501 -1.2219 -0.041856 8.1391e-05 -0.0062028 -0.025012 0.030729 -0.043046 -0.013365 -0.0080916
-0.028993 -0.21519 0.43232 -1.2047 -0.029567 0.0052646 0.0048035 0.042633 -0.0026869 0.01718 0.012289 0.0051832
-0.029042 -0.22454 0.41105 -1.2196 -0.031429 0.0022819 -4.9608e-05 -0.0093441 -0.021274 -0.014869 -0.001862 -0.0029827
-0.030898 -0.23185 0.46283 -1.2027 -0.026678 0.0020161 -0.0018563 -0.0073139 0.05178 0.016941 0.0047514 -0.00026581
-0.033427 -0.26294 0.48248 -1.2489 -0.029378 0.0016067 -0.0025288 -0.031086 0.019654 -0.046274 -0.0027005 -0.0004094
-0.033111 -0.24051 0.47511 -1.2561 -0.039209 -0.0028711 0.00031672 0.022423 -0.0073764 -0.0071393 -0.0098304 -0.0044777
-0.028135 -0.26369 0.41533 -1.2956 -0.041865 0.0093747 0.0049755 -0.023179 -0.059777 -0.039509 -0.0026565 0.012246
-0.026406 -0.25405 0.43948 -1.2805 -0.048151 0.0077499 0.0017286 0.0096465 0.024153 0.015106 -0.0062861 -0.0016248
-0.030127 -0.32101 0.46764 -1.3583 -0.047651 0.017038 -0.0037209 -0.066964 0.028157 -0.07779 0.00049971 0.0092883
-0.019222 -0.28911 0.42213 -1.4095 -0.058201 0.0070367 0.010906 0.031904 -0.045508 -0.05127 -0.010549 -0.010002
-0.02175 -0.32576 0.38004 -1.4608 -0.058491 0.010158 -0.0025284 -0.03665 -0.042093 -0.051302 -0.00029019 0.0031211
-0.0040143 -0.35803 0.34032 -1.5253 -0.081374 -0.0034417 0.017736 -0.032273 -0.039719 -0.064406 -0.022883 -0.013599
-0.021082 -0.37213 0.44354 -1.4818 -0.067671 0.0087388 -0.017068 -0.014102 0.10322 0.043432 0.013703 0.01218
-0.01927 -0.40112 0.48311 -1.5365 -0.071314 0.0060951 0.0018119 -0.02899 0.039565 -0.054634 -0.0036434 -0.0026437
-0.025845 -0.33978 0.44508 -1.5534 -0.055935 0.0098426 -0.0065742 0.061337 -0.038025 -0.016993 0.01538 0.0037475
-0.026573 -0.36673 0.41053 -1.5709 -0.056356 0.017555 -0.00072818 -0.026945 -0.034551 -0.017408 -0.00042173 0.0077119
-0.015604 -0.38055 0.37968 -1.6021 -0.05811 -0.0032623 0.010969 -0.013821 -0.030849 -0.031277 -0.0017542 -0.020817
-0.022705 -0.40112 0.48721 -1.5685 -0.062787 0.001709 -0.0071004 -0.020571 0.10753 0.033661 -0.0046761 0.0049713
-0.011585 -0.41178 0.51808 -1.5772 -0.056129 -0.02375 0.01112 -0.010654 0.030871 -0.0087524 0.0066574 -0.025459
-0.012761 -0.35818 0.47309 -1.5895 -0.058725 -0.021239 -0.0011759 0.053594 -0.044997 -0.012246 -0.0025956 0.0025116
-0.0063274 -0.36955 0.37041 -1.6216 -0.050672 -0.019757 0.0064332 -0.011367 -0.10268 -0.032084 0.008053 0.0014816
-0.0078653 -0.39382 0.33095 -1.6865 -0.064588 -0.023787 -0.0015379 -0.02427 -0.039462 -0.064917 -0.013916 -0.0040296
-0.01252 -0.43333 0.38153 -1.7499 -0.076833 -0.026193 -0.0046549 -0.039509 0.050582 -0.063443 -0.012244 -0.0024065
-0.015784 -0.48346 0.507 -1.7921 -0.085799 -0.036869 -0.0032637 -0.050132 0.12547 -0.042233 -0.0089662 -0.010676
-0.019147 -0.43779 0.48241 -1.7944 -0.072575 -0.035533 -0.0033633 0.045669 -0.024588 -0.0022284 0.013223 0.0013359
-0.015293 -0.42077 0.43577 -1.7694 -0.058529 -0.02888 0.0038544 0.017021 -0.04664 0.024941 0.014046 0.0066532
-0.014459 -0.42316 0.3752 -1.7691 -0.051719 -0.030418 0.00083383 -0.0023923 -0.06057 0.00031277 0.0068102 -0.0015386
-0.015004 -0.4149 0.38067 -1.7481 -0.058313 -0.025013 -0.00054535 0.0082583 0.0054734 0.02104 -0.0065937 0.0054054
-0.01352 -0.4577 0.41342 -1.7827 -0.070901 -0.022813 0.001484 -0.042792 0.03275 -0.034584 -0.012589 0.0022001
-0.016975 -0.41907 0.39346 -1.7613 -0.064889 -0.019554 -0.0034546 0.03863 -0.019966 0.021328 0.0060125 0.0032592
-0.014678 -0.44015 0.38392 -1.782 -0.062458 -0.016674 0.0022969 -0.021086 -0.0095372 -0.020678 0.0024308 0.0028791
-0.014083 -0.43241 0.38614 -1.7761 -0.0696 -0.035318 0.00059512 0.0077435 0.0022234 0.0059123 -0.0071419 -0.018643
-0.017308 -0.42369 0.38811 -1.7593 -0.052756 -0.022065 -0.0032251 0.0087195 0.0019712 0.016757 0.016844 0.013253
-0.010264 -0.42419 0.36349 -1.7592 -0.079267 -0.033764 0.0070438 -0.00049716 -0.024627 0.00018718 -0.026511 -0.011699
-0.012073 -0.43569 0.36652 -1.733 -0.066937 -0.020014 -0.0018089 -0.011505 0.003037 0.026204 0.01233 0.01375
-0.005301 -0.46083 0.4146 -1.7372 -0.095848 -0.045443 0.0067721 -0.025134 0.048071 -0.0042444 -0.028911 -0.025429
-0.0057933 -0.46345 0.41765 -1.7256 -0.083074 -0.045902 -0.00049234 -0.0026291 0.0030586 0.011564 0.012774 -0.00045866
-0.0061105 -0.43691 0.4533 -1.7126 -0.071242 -0.057091 -0.00031721 0.02654 0.03565 0.013005 0.011832 -0.011189
-0.0058537 -0.43597 0.39961 -1.7205 -0.053148 -0.045467 0.00025684 0.00093952 -0.053698 -0.0078504 0.018094 0.011624
-0.008701 -0.44304 0.45861 -1.726 -0.055219 -0.049391 -0.0028473 -0.0070617 0.059002 -0.0055202 -0.0020716 -0.0039244
-0.0066671 -0.44404 0.43958 -1.7373 -0.045097 -0.04525 0.0020339 -0.0010007 -0.01903 -0.011291 0.010122 0.0041415
-0.011511 -0.44634 0.47257 -1.7079 -0.052416 -0.045684 -0.0048435 -0.0023 0.032991 0.029434 -0.007319 -0.00043419
-0.0051861 -0.40697 0.41375 -1.6768 -0.01926 -0.0405 0.0063245 0.039368 -0.058815 0.03104 0.033156 0.0051843
-0.0084825 -0.41581 0.38938 -1.6457 -0.028047 -0.040102 -0.0032964 -0.0088367 -0.024377 0.031166 -0.0087865 0.00039737
-0.0046221 -0.39411 0.3431 -1.638 -0.022423 -0.037375 0.0038604 0.021692 -0.046276 0.0076597 0.0056236 0.0027271
-0.011534 -0.40917 0.33663 -1.668 -0.050925 -0.04256 -0.006912 -0.015055 -0.0064674 -0.030052 -0.028501 -0.0051848
-0.016797 -0.4268 0.39074 -1.6494 -0.060427 -0.037916 -0.0052631 -0.017628 0.054107 0.018681 -0.0095029 0.004644
-0.017441 -0.40989 0.39079 -1.6722 -0.063581 -0.052345 -0.00064408 0.016909 5.3171e-05 -0.022844 -0.0031531 -0.014429
-0.013106 -0.40358 0.388 -1.682 -0.039609 -0.052547 0.0043357 0.0063032 -0.0027952 -0.0097972 0.023971 -0.00020262
-0.015935 -0.4043 0.35576 -1.6797 -0.043766 -0.046721 -0.002829 -0.00071056 -0.032242 0.0023032 -0.0041564 0.0058261
-0.014663 -0.41717 0.38824 -1.7331 -0.025653 -0.028827 0.0012713 -0.01287 0.03248 -0.053386 0.018112 0.017894
-0.027501 -0.44944 0.42955 -1.6688 -0.045584 -0.0085834 -0.012838 -0.032275 0.041313 0.064245 -0.019931 0.020244
-0.021603 -0.42169 0.4461 -1.6559 -0.026505 -0.0036344 0.0058983 0.027753 0.016549 0.012991 0.019079 0.004949
-0.0192 -0.40521 0.40962 -1.6049 -0.025246 -0.018762 0.0024028 0.01648 -0.036473 0.050985 0.0012583 -0.015128
-0.018251 -0.3983 0.37478 -1.5685 -0.016989 -0.026226 0.00094885 0.0069088 -0.034846 0.036337 0.0082577 -0.0074641
-0.014905 -0.38422 0.33916 -1.5843 -0.018689 -0.033764 0.0033464 0.014074 -0.035622 -0.015759 -0.0017002 -0.0075373
-0.024659 -0.40774 0.34071 -1.5687 -0.02353 -0.035543 -0.0097538 -0.023514 0.0015547 0.015543 -0.0048414 -0.0017791
-0.025561 -0.40325 0.34143 -1.5843 -0.03466 -0.014461 -0.00090217 0.0044904 0.00072156 -0.01551 -0.011129 0.021082
-0.023494 -0.42278 0.37477 -1.5854 -0.028771 -0.026284 0.0020665 -0.019536 0.033333 -0.0011273 0.005889 -0.011823
-0.024407 -0.40701 0.38222 -1.5719 -0.028029 -0.0079417 -0.00091228 0.015773 0.0074539 0.013471 0.00074188 0.018342
-0.019452 -0.41015 0.39915 -1.5822 -0.01882 -0.02947 0.0049543 -0.0031434 0.016933 -0.010245 0.009209 -0.021528
-0.02231 -0.3867 0.41036 -1.5697 -0.014541 -0.027474 -0.0028576 0.02345 0.011207 0.012422 0.0042791 0.0019962
-0.023211 -0.41409 0.41463 -1.5927 -0.017759 -0.041597 -0.0009013 -0.02739 0.0042734 -0.022944 -0.0032187 -0.014123
-0.019332 -0.39885 0.42788 -1.5603 -0.0079053 -0.036607 0.003879 0.015247 0.013248 0.03239 0.0098542 0.0049901
-0.021022 -0.4095 0.3988 -1.5924 -0.014003 -0.035024 -0.00169 -0.010657 -0.029077 -0.032074 -0.0060975 0.0015828
-0.025563 -0.41027 0.43645 -1.5776 -0.021739 -0.01871 -0.0045404 -0.0007679 0.037647 0.014773 -0.0077358 0.016314
-0.030348 -0.40299 0.38416 -1.6462 -0.041492 -0.0092572 -0.0047849 0.0072774 -0.05229 -0.068571 -0.019753 0.0094533
-0.032878 -0.41388 0.41261 -1.633 -0.042988 -0.0049939 -0.0025302 -0.010887 0.028453 0.013166 -0.0014964 0.0042633
-0.031675 -0.39754 0.37472 -1.6263 -0.042303 -0.01648 0.0012026 0.016342 -0.037896 0.0066527 0.00068526 -0.011486
-0.030868 -0.40086 0.41888 -1.5861 -0.0315 -0.022666 0.00080702 -0.0033205 0.044168 0.040249 0.010803 -0.0061861
-0.033029 -0.37636 0.40595 -1.5608 -0.031776 -0.030763 -0.002161 0.024504 -0.012931 0.025342 -0.00027583 -0.0080966
-0.032594 -0.40388 0.42287 -1.5695 -0.033839 -0.018688 0.0004348 -0.027521 0.016913 -0.0087596 -0.0020628 0.012075
-0.031874 -0.37574 0.40182 -1.565 -0.033317 -0.027034 0.00072013 0.028134 -0.021047 0.0045159 0.00052238 -0.0083462
-0.035837 -0.41647 0.43792 -1.5666 -0.024202 -0.020632 -0.0039631 -0.04073 0.036098 -0.0015933 0.0091146 0.006402
-0.037021 -0.35466 0.41629 -1.5378 -0.022833 -0.033528 -0.0011839 0.061817 -0.021626 0.028755 0.0013693 -0.012895
-0.04103 -0.38946 0.43839 -1.5325 -0.0048742 -0.027777 -0.0040089 -0.034805 0.022097 0.0053178 0.017959 0.0057501
-0.038918 -0.35538 0.43721 -1.5156 -0.018507 -0.027237 0.0021118 0.034079 -0.0011819 0.016934 -0.013632 0.00054037
-0.039381 -0.39212 0.44794 -1.5192 -0.0089529 -0.030519 -0.00046227 -0.036742 0.010732 -0.0035692 0.0095536 -0.0032824
-0.043488 -0.37966 0.4634 -1.5183 -0.023981 -0.022246 -0.0041077 0.012466 0.015465 0.00089072 -0.015028 0.0082734
-0.043971 -0.36054 0.39394 -1.4974 -0.018137 -0.031633 -0.00048266 0.019119 -0.069464 0.02091 0.0058445 -0.0093867
-0.047575 -0.35262 0.4256 -1.4846 -0.024976 -0.025046 -0.0036043 0.0079156 0.031655 0.012792 -0.0068391 0.006587
-0.046219 -0.34709 0.46131 -1.4559 -0.026031 -0.029573 0.001356 0.0055354 0.035717 0.028632 -0.0010548 -0.0045274
