0.00032695 -0.0056202 0.0076572 0.0052467 -0.00058207 0.00042884 0 0 0 0 0 0
0.00030064 0.04789 -0.12035 0.01863 0.013063 -0.007064 -2.6315e-05 0.05351 -0.12801 0.013384 0.013645 -0.0074929
0.0033341 0.033447 0.11704 -0.01851 -0.0072738 0.00025029 0.0030335 -0.014443 0.23739 -0.03714 -0.020336 0.0073143
0.0099276 0.080186 0.16779 -0.017754 -0.018473 -0.0042268 0.0065936 0.046739 0.050744 0.00075645 -0.011199 -0.0044771
0.023803 0.0048599 0.68146 -0.088458 -0.050216 0.019572 0.013876 -0.075326 0.51368 -0.070704 -0.031743 0.023799
0.018407 0.075002 0.6219 -0.13091 -0.044123 0.017324 -0.0053964 0.070142 -0.059564 -0.042456 0.0060934 -0.0022483
0.028687 0.021914 0.7333 -0.068455 -0.012754 0.0090881 0.01028 -0.053088 0.1114 0.062459 0.031369 -0.0082359
0.013067 0.084644 0.60794 -0.081181 0.00034113 0.002788 -0.01562 0.062731 -0.12536 -0.012726 0.013095 -0.0063002
0.0079701 0.043097 0.66636 -0.000218 -0.0041931 -0.005965 -0.005097 -0.041547 0.058415 0.080963 -0.0045343 -0.008753
0.0024336 0.064212 0.73641 -0.088156 -0.022368 0.0276 -0.0055366 0.021115 0.070051 -0.087938 -0.018174 0.033565
-0.001906 0.05346 0.76544 -0.13583 -0.03534 0.019033 -0.0043396 -0.010752 0.029032 -0.047677 -0.012972 -0.0085667
0.0046819 0.094315 0.7299 -0.168 -0.013716 0.035774 0.0065879 0.040854 -0.035543 -0.032168 0.021624 0.016741
0.0059115 0.096308 0.71277 -0.18096 -0.0045805 0.024408 0.0012296 0.0019933 -0.017134 -0.01296 0.0091355 -0.011366
0.0076677 0.13443 0.70016 -0.15299 -0.004418 0.035089 0.0017562 0.038121 -0.012609 0.027975 0.00016245 0.01068
0.0098329 0.10558 0.6874 -0.14849 -0.0030749 0.040745 0.0021653 -0.02885 -0.01276 0.0044994 0.0013431 0.005656
0.009747 0.11785 0.70145 -0.16212 -0.014142 0.037457 -8.5919e-05 0.012275 0.014055 -0.013628 -0.011067 -0.0032871
0.012285 0.1142 0.68864 -0.15271 -0.0034635 0.043038 0.002538 -0.0036554 -0.012809 0.0094071 0.010678 0.005581
0.010946 0.12008 0.71373 -0.15616 -0.0058038 0.038566 -0.0013392 0.005886 0.02509 -0.0034514 -0.0023403 -0.0044725
0.010561 0.11382 0.70039 -0.14818 -0.0027354 0.042348 -0.00038443 -0.0062603 -0.01334 0.0079804 0.0030684 0.0037818
0.01011 0.10397 0.71245 -0.15013 -0.0036702 0.032543 -0.00045115 -0.00985 0.012059 -0.0019491 -0.00093479 -0.0098052
0.01237 0.10667 0.68196 -0.14793 -0.0010502 0.032107 0.0022601 0.0026974 -0.030494 0.002201 0.00262 -0.00043599
0.015075 0.14192 0.6526 -0.13474 0.0043609 0.028161 0.0027043 0.03525 -0.029358 0.013192 0.0054112 -0.0039452
0.015887 0.12576 0.62289 -0.13209 0.0043296 0.033848 0.00081197 -0.016163 -0.02971 0.0026482 -3.129e-05 0.0056864
0.016378 0.12291 0.6034 -0.1397 0.0074118 0.032076 0.00049172 -0.0028475 -0.019493 -0.0076081 0.0030822 -0.0017716
0.013997 0.1046 0.62831 -0.15408 0.0035777 0.029386 -0.0023818 -0.018308 0.024909 -0.014382 -0.0038341 -0.0026897
0.014639 0.12268 0.62155 -0.16148 0.0049779 0.029336 0.00064232 0.018077 -0.0067537 -0.0074027 0.0014001 -5.0178e-05
0.011852 0.13651 0.63822 -0.14958 0.004351 0.023726 -0.0027874 0.013836 0.01667 0.011899 -0.00062694 -0.0056103
0.014548 0.1157 0.64479 -0.1496 -0.0025148 0.032137 0.0026961 -0.020818 0.0065637 -1.6272e-05 -0.0068657 0.0084106
0.015015 0.10979 0.66165 -0.14795 0.0056055 0.028516 0.00046768 -0.0059111 0.016864 0.0016453 0.0081203 -0.0036209
0.019279 0.10817 0.65307 -0.15335 0.0058994 0.036205 0.0042639 -0.0016187 -0.0085772 -0.0053983 0.00029393 0.0076889
0.019776 0.12413 0.64336 -0.1454 0.0028175 0.028212 0.00049724 0.015964 -0.0097109 0.0079514 -0.0030819 -0.0079923
0.020136 0.11403 0.62009 -0.14497 0.0060141 0.032617 0.00035928 -0.010096 -0.023268 0.00043428 0.0031965 0.0044042
0.020154 0.10995 0.61818 -0.14703 -0.0060177 0.024043 1.8178e-05 -0.0040804 -0.0019094 -0.002062 -0.012032 -0.0085737
0.018062 0.11241 0.58808 -0.14671 0.006264 0.025668 -0.0020916 0.0024536 -0.030103 0.00032092 0.012282 0.0016252
0.01665 0.11637 0.58514 -0.13567 0.001879 0.023079 -0.0014127 0.0039599 -0.0029437 0.011039 -0.004385 -0.002589
0.014752 0.11741 0.5705 -0.13584 0.0036077 0.026495 -0.0018975 0.0010464 -0.014641 -0.00016883 0.0017287 0.0034163
0.013876 0.11027 0.56318 -0.13265 -0.00052772 0.028254 -0.00087599 -0.0071486 -0.0073184 0.0031889 -0.0041354 0.0017589
0.015512 0.13795 0.53659 -0.13493 0.013566 0.016143 0.0016356 0.027682 -0.026583 -0.0022866 0.014094 -0.012112
0.019859 0.13042 0.57859 -0.13363 0.002954 0.017696 0.0043469 -0.0075249 0.041998 0.0012995 -0.010612 0.0015537
0.015798 0.12044 0.57736 -0.12155 -0.016728 0.010547 -0.0040607 -0.0099834 -0.0012323 0.012088 -0.019682 -0.0071489
0.0021855 0.094438 0.66445 -0.15585 0.016826 0.02432 -0.013612 -0.026001 0.087093 -0.034303 0.033554 0.013773
0.0039639 0.070381 0.71849 -0.16527 0.0099252 0.021577 0.0017784 -0.024057 0.054039 -0.0094213 -0.006901 -0.0027439
-0.0096052 0.086103 0.98045 -0.15589 0.050891 0.043688 -0.013569 0.015722 0.26195 0.0093817 0.040966 0.022111
0.0025276 0.13347 1.1674 -0.071896 0.003813 0.075577 0.012133 0.04737 0.18692 0.083993 -0.047078 0.031889
0.0021881 0.24233 0.89532 0.044045 -0.04173 0.11984 -0.00033955 0.10886 -0.27204 0.11594 -0.045543 0.044264
-0.040891 0.40142 0.33555 0.35691 0.013564 0.05862 -0.043079 0.15909 -0.55977 0.31287 0.055294 -0.061221
-0.024169 0.27769 -0.32867 0.80129 0.062535 0.057929 0.016722 -0.12373 -0.66423 0.44438 0.048971 -0.00069106
-0.065515 -0.067404 0.035431 1.2915 0.12194 -0.032434 -0.041347 -0.34509 0.3641 0.49021 0.059401 -0.090363
-0.0504 -0.20367 0.439 1.5812 0.026944 0.075425 0.015115 -0.13626 0.40356 0.28967 -0.094991 0.10786
-0.046973 -0.25982 1.1549 1.593 -0.057861 0.093683 0.0034276 -0.056151 0.71593 0.011839 -0.084806 0.018258
-0.071812 0.34777 0.80191 1.4242 -0.16871 0.16031 -0.024839 0.60759 -0.35302 -0.16883 -0.11084 0.066625
-0.035169 0.48524 0.65398 1.4384 -0.10231 0.1612 0.036643 0.13746 -0.14793 0.014252 0.066394 0.00089644
-0.042631 0.59337 0.39734 1.334 -0.081775 0.16554 -0.0074612 0.10813 -0.25664 -0.10444 0.020537 0.0043358
-0.021362 0.46879 0.47633 1.3843 -0.017698 0.17825 0.021269 -0.12458 0.078993 0.050343 0.064076 0.012713
-0.019768 0.37899 0.55212 1.2701 -0.0045089 0.1918 0.0015941 -0.089797 0.075789 -0.11424 0.01319 0.013546
-0.026829 0.40844 0.51709 1.1964 -0.0095471 0.18259 -0.0070614 0.02945 -0.035026 -0.073744 -0.0050382 -0.0092109
-0.02184 0.38706 0.52094 1.1725 0.0030752 0.18834 0.0049894 -0.021379 0.0038508 -0.02389 0.012622 0.0057562
-0.024388 0.3334 0.58627 1.093 -0.0013466 0.18017 -0.0025484 -0.053669 0.065325 -0.079512 -0.0044217 -0.0081697
-0.023536 0.36819 0.59313 1.0725 0.0042915 0.18524 0.00085239 0.034792 0.0068623 -0.020428 0.0056381 0.0050623
-0.024951 0.39594 0.6007 1.0613 0.0092732 0.17712 -0.0014152 0.027748 0.0075723 -0.011268 0.0049817 -0.008114
-0.02517 0.36447 0.6023 1.0406 0.020732 0.18014 -0.00021876 -0.031466 0.001594 -0.020641 0.011458 0.0030182
-0.020359 0.36193 0.58905 1.041 0.025134 0.1743 0.0048107 -0.0025371 -0.013248 0.00033693 0.0044026 -0.0058381
-0.028966 0.31795 0.60074 1.0057 0.028818 0.17901 -0.0086073 -0.043986 0.011693 -0.035233 0.0036841 0.0047082
-0.024021 0.38375 0.62025 1.0098 0.025916 0.17773 0.0049458 0.0658 0.019503 0.0041198 -0.0029019 -0.0012816
-0.033015 0.3666 0.57293 1.0051 0.018145 0.1757 -0.0089943 -0.01715 -0.047312 -0.0047433 -0.0077714 -0.0020328
-0.017477 0.3758 0.54171 0.98176 0.0058896 0.16512 0.015538 0.0092044 -0.031226 -0.023342 -0.012255 -0.010574
-0.022381 0.29717 0.69788 0.98716 0.018391 0.17984 -0.0049043 -0.078634 0.15617 0.0054002 0.012502 0.014715
-0.025045 0.3754 0.58859 0.96695 -0.0031381 0.18316 -0.0026635 0.078233 -0.10929 -0.020206 -0.02153 0.0033195
0.0024435 0.32002 0.88238 0.94649 0.0096269 0.16932 0.027488 -0.05538 0.2938 -0.02046 0.012765 -0.013837
0.013229 0.32477 0.87844 0.93647 -0.028913 0.17516 0.010786 0.0047466 -0.0039477 -0.010024 -0.03854 0.0058394
0.05567 0.23826 1.0279 0.89292 -0.050162 0.092135 0.042441 -0.086509 0.14951 -0.043549 -0.021249 -0.083024
0.034298 0.21645 1.2185 0.88328 -0.043825 0.14674 -0.021373 -0.021805 0.19051 -0.0096404 0.0063375 0.054608
0.0080484 0.30357 0.98519 0.82615 -0.065601 0.094871 -0.026249 0.087122 -0.23326 -0.057131 -0.021776 -0.051873
-0.0011938 0.3098 0.95889 0.70699 -0.01052 0.16017 -0.0092421 0.0062244 -0.026302 -0.11916 0.055081 0.065303
-0.0081749 0.34923 0.77985 0.6898 -0.01444 0.1496 -0.0069811 0.039433 -0.17904 -0.017185 -0.0039206 -0.010573
0.0068451 0.31556 0.76862 0.64631 0.016047 0.16468 0.01502 -0.033668 -0.01123 -0.043497 0.030487 0.015084
0.0041876 0.34051 0.81745 0.68809 0.021256 0.17576 -0.0026575 0.024949 0.048825 0.041786 0.0052083 0.011072
-0.0033175 0.33015 0.79612 0.68498 0.017034 0.16959 -0.0075051 -0.010358 -0.021332 -0.0031092 -0.004222 -0.0061639
0.00043063 0.31702 0.75924 0.66427 0.022282 0.17334 0.0037482 -0.013133 -0.036877 -0.020715 0.0052481 0.0037511
-0.00019863 0.31119 0.7663 0.66407 0.023003 0.16677 -0.00062926 -0.0058263 0.0070612 -0.00019524 0.0007215 -0.0065712
0.00086666 0.30966 0.76922 0.67267 0.025515 0.16866 0.0010653 -0.0015389 0.0029174 0.0086017 0.0025117 0.0018874
-0.0021961 0.34868 0.76409 0.6712 0.026323 0.15945 -0.0030627 0.039028 -0.005127 -0.0014697 0.00080809 -0.0092066
-0.00034059 0.33538 0.77357 0.66958 0.02566 0.15265 0.0018555 -0.0133 0.0094759 -0.0016215 -0.00066328 -0.0068069
-0.00055994 0.3397 0.75828 0.65419 0.020003 0.14397 -0.00021935 0.0043128 -0.015281 -0.015394 -0.0056567 -0.0086754
0.0024924 0.35942 0.75436 0.65278 0.021129 0.14053 0.0030523 0.019724 -0.003927 -0.0014071 0.0011264 -0.0034399
0.0017446 0.33579 0.78664 0.66777 0.023922 0.14854 -0.00074774 -0.023627 0.032287 0.014986 0.0027924 0.0080095
0.0033052 0.34872 0.79529 0.67263 0.014944 0.14409 0.0015605 0.012921 0.0086445 0.0048614 -0.0089776 -0.0044509
0.0073324 0.33234 0.82313 0.68762 0.023111 0.14956 0.0040273 -0.016373 0.027841 0.014991 0.0081666 0.0054662
0.011848 0.34834 0.80613 0.67581 0.010027 0.14325 0.0045158 0.015999 -0.017002 -0.011807 -0.013084 -0.0063072
0.015553 0.36556 0.79794 0.68325 0.021679 0.15 0.0037047 0.017216 -0.0081922 0.0074371 0.011652 0.0067542
0.015243 0.3419 0.78842 0.66922 0.017937 0.14005 -0.00030977 -0.02366 -0.0095124 -0.014033 -0.0037426 -0.0099527
0.015418 0.37326 0.78427 0.6784 0.021538 0.15545 0.00017481 0.031362 -0.0041504 0.0091808 0.003601 0.015397
0.014511 0.33373 0.79861 0.68195 0.028345 0.14361 -0.00090711 -0.03953 0.014341 0.0035499 0.0068072 -0.011833
0.014457 0.34693 0.8074 0.67754 0.029936 0.15665 -5.415e-05 0.0132 0.0087885 -0.0044046 0.0015906 0.013033
0.014252 0.31208 0.82124 0.67864 0.033292 0.14543 -0.00020496 -0.034846 0.013839 0.0011012 0.0033565 -0.011213
0.014624 0.33695 0.81849 0.67616 0.022427 0.14491 0.00037186 0.024868 -0.002755 -0.0024865 -0.010865 -0.00052708
0.012504 0.34117 0.82302 0.68368 0.033751 0.14858 -0.0021199 0.0042233 0.0045346 0.0075259 0.011323 0.0036778
0.011088 0.33824 0.79731 0.6767 0.029193 0.14038 -0.0014161 -0.0029327 -0.025713 -0.0069872 -0.0045572 -0.0082007
0.002973 0.32369 0.76475 0.65617 0.054474 0.13889 -0.0081146 -0.014552 -0.032558 -0.020522 0.025281 -0.0014966
8.1397e-05 0.31437 0.72555 0.63795 0.027093 0.12837 -0.0028916 -0.0093224 -0.039205 -0.018227 -0.027382 -0.010513
-0.00090484 0.36523 0.71499 0.66485 0.020953 0.13969 -0.00098624 0.050861 -0.010559 0.026906 -0.0061392 0.011315
-0.018134 0.29053 0.81553 0.67326 0.090268 0.14571 -0.017229 -0.074697 0.10054 0.0084089 0.069315 0.006022
-0.030842 0.24693 1.2723 0.74111 0.1284 0.16009 -0.012708 -0.043606 0.45672 0.067853 0.038133 0.014384
-0.051592 0.33729 0.99004 0.79606 0.20171 0.15078 -0.02075 0.090365 -0.28221 0.054946 0.07331 -0.0093187
-0.035108 0.21647 1.4692 0.82874 0.12977 0.13197 0.016484 -0.12082 0.47917 0.03268 -0.071941 -0.018809
0.0056653 0.47679 0.77063 0.78486 0.024095 0.12264 0.040773 0.26032 -0.69858 -0.043885 -0.10568 -0.0093245
0.035325 0.16162 1.3932 0.63796 -0.0066366 0.095065 0.02966 -0.31517 0.62255 -0.14689 -0.030731 -0.027576
0.057091 0.29668 1.3436 0.47988 -0.039369 0.11334 0.021766 0.13506 -0.04956 -0.15808 -0.032732 0.018278
0.03831 0.16535 1.6471 0.411 0.011418 0.10981 -0.018781 -0.13133 0.30349 -0.06888 0.050786 -0.0035377
0.028251 0.24242 1.6879 0.36679 0.03289 0.13848 -0.010059 0.077064 0.040786 -0.044215 0.021473 0.028675
0.023753 0.28574 1.5716 0.39558 0.02982 0.14588 -0.0044981 0.043326 -0.11626 0.028789 -0.0030705 0.0073961
0.023805 0.3036 1.6002 0.39148 0.06083 0.14992 5.2003e-05 0.017861 0.028532 -0.0040916 0.03101 0.0040467
0.030895 0.26519 1.6282 0.38648 0.04316 0.15073 0.0070907 -0.038411 0.028042 -0.0050044 -0.01767 0.00080573
0.03025 0.28968 1.5874 0.40994 0.046745 0.15148 -0.00064517 0.024487 -0.040811 0.023456 0.0035848 0.00075225
0.025843 0.23811 1.6307 0.36441 0.042629 0.15239 -0.0044076 -0.051568 0.043256 -0.045529 -0.004116 0.00090782
0.024989 0.33148 1.5625 0.41019 0.054427 0.15622 -0.00085344 0.093372 -0.068154 0.045782 0.011799 0.0038314
0.016787 0.33439 1.5213 0.38658 0.059718 0.15107 -0.0082025 0.0029065 -0.041235 -0.023605 0.0052909 -0.0051543
0.032367 0.26034 1.7371 0.3297 0.042571 0.13755 0.015581 -0.074049 0.21587 -0.056887 -0.017148 -0.013519
0.028375 0.27163 1.7087 0.34071 0.045261 0.14665 -0.0039924 0.011291 -0.028393 0.011011 0.0026903 0.0091001
0.044962 0.19336 1.8575 0.19124 0.029538 0.12635 0.016587 -0.078269 0.14874 -0.14947 -0.015723 -0.020298
0.026787 0.34595 1.5124 0.31756 0.084921 0.13676 -0.018175 0.15259 -0.3451 0.12632 0.055383 0.010409
0.060477 0.30711 1.378 0.33684 0.045067 0.15296 0.03369 -0.038842 -0.13442 0.019287 -0.039854 0.016199
0.086037 0.21547 1.7745 0.39486 0.036727 0.14231 0.02556 -0.091641 0.39653 0.058014 -0.0083397 -0.010648
0.12358 0.16405 2.1471 0.38296 -0.021135 0.18454 0.037539 -0.051414 0.37256 -0.011893 -0.057862 0.042229
0.13083 0.13574 2.6283 0.24728 -0.038758 0.13946 0.0072536 -0.028313 0.48128 -0.13568 -0.017624 -0.045073
0.093039 0.2674 2.427 0.18025 -0.015175 0.14679 -0.03779 0.13166 -0.20135 -0.06703 0.023584 0.0073283
0.076136 0.33853 2.1079 0.16833 -0.024268 0.1271 -0.016903 0.071134 -0.31913 -0.011916 -0.009093 -0.019692
0.057221 0.28435 1.9511 0.13546 -0.013404 0.12015 -0.018915 -0.054185 -0.15675 -0.032871 0.010863 -0.0069506
0.061824 0.25286 1.9029 0.15548 -0.021856 0.12098 0.0046028 -0.03149 -0.048184 0.020014 -0.0084518 0.00083432
0.065794 0.2057 1.9346 0.16863 -0.029411 0.11299 0.0039695 -0.04716 0.031669 0.013149 -0.0075545 -0.0079973
0.060304 0.2359 1.9015 0.17837 -0.013487 0.10784 -0.0054895 0.030203 -0.033087 0.0097426 0.015923 -0.0051439
0.061507 0.24666 1.83 0.23887 -0.024093 0.12324 0.0012024 0.010757 -0.071507 0.060506 -0.010606 0.015398
0.060901 0.23954 1.8239 0.21899 -0.015228 0.12841 -0.00060521 -0.0071118 -0.0061463 -0.01988 0.0088654 0.005168
0.061397 0.23174 1.8348 0.21322 -0.011933 0.14004 0.00049602 -0.0078016 0.010972 -0.0057723 0.0032949 0.011628
0.062091 0.20674 1.8386 0.19859 -0.0069467 0.14202 0.0006941 -0.025001 0.0037475 -0.014627 0.0049861 0.0019789
0.062896 0.20082 1.8437 0.18637 0.0065358 0.14334 0.00080439 -0.0059265 0.005171 -0.01222 0.013483 0.0013261
0.064236 0.15369 1.8529 0.19479 0.0089552 0.14946 0.0013401 -0.047128 0.0091843 0.0084127 0.0024194 0.0061218
0.068558 0.16396 1.8497 0.21908 0.014787 0.16084 0.0043223 0.010273 -0.0032421 0.024293 0.0058313 0.011375
0.067251 0.14812 1.8293 0.20659 0.015411 0.17294 -0.0013067 -0.015844 -0.02035 -0.012489 0.00062415 0.012106
0.069522 0.1574 1.819 0.21032 0.01502 0.16782 0.0022702 0.0092837 -0.010315 0.0037276 -0.00039026 -0.0051275
0.071155 0.12646 1.9168 0.15949 -0.0034564 0.17394 0.001633 -0.030943 0.097757 -0.050825 -0.018477 0.0061227
0.072789 0.11899 2.1274 0.081284 -0.0254 0.16193 0.0016339 -0.0074717 0.21059 -0.078208 -0.021943 -0.012009
0.076963 0.024853 2.5278 -0.10811 -0.031292 0.16738 0.0041746 -0.094132 0.40044 -0.18939 -0.0058922 0.0054503
0.071549 -0.0088892 2.9 -0.39748 -0.022304 0.15707 -0.0054137 -0.033743 0.37215 -0.28937 0.0089877 -0.010315
0.068918 -0.10187 3.2387 -0.69566 0.041755 0.12919 -0.0026317 -0.09298 0.33878 -0.29817 0.06406 -0.027874
0.057445 -0.13011 3.5039 -0.91282 0.078486 0.11405 -0.011473 -0.028241 0.26519 -0.21716 0.03673 -0.015141
0.044727 -0.16114 3.6828 -1.0234 0.13719 0.08386 -0.012718 -0.031025 0.17887 -0.1106 0.058706 -0.030191
0.026858 -0.20688 3.9385 -1.1162 0.1652 0.081265 -0.017869 -0.045749 0.25573 -0.092825 0.028003 -0.0025942
0.016992 -0.17828 3.9626 -1.1248 0.1922 0.069768 -0.0098663 0.028606 0.024067 -0.0085925 0.027003 -0.011497
0.010757 -0.16558 3.9986 -1.1517 0.21293 0.066455 -0.0062347 0.012701 0.036013 -0.026899 0.020732 -0.0033133
0.020686 -0.074201 3.6571 -1.0888 0.18603 0.058537 0.0099295 0.091375 -0.34153 0.062897 -0.026903 -0.0079183
0.029349 -0.042434 3.4883 -1.0361 0.16121 0.061592 0.0086628 0.031767 -0.16874 0.05277 -0.024821 0.0030553
0.037642 -0.017266 3.1523 -1.0194 0.098366 0.073643 0.0082927 0.025169 -0.33601 0.016704 -0.062841 0.012051
0.033171 -0.047565 3.1263 -1.0746 0.10131 0.073904 -0.0044714 -0.030299 -0.025986 -0.055259 0.0029419 0.00026083
0.026271 0.003031 2.9281 -0.70771 0.1092 0.070941 -0.0068999 0.050596 -0.19821 0.36691 0.0078962 -0.0029627
0.014417 0.031027 2.7373 -0.7946 0.10174 0.039762 -0.011854 0.027996 -0.19084 -0.08689 -0.0074665 -0.031179
0.017855 0.19003 2.4373 -0.11164 0.11873 0.034829 0.0034388 0.159 -0.29998 0.68296 0.016988 -0.0049328
0.0095415 -0.0038197 2.4088 -0.68463 0.043797 0.089558 -0.008314 -0.19385 -0.028556 -0.57299 -0.074928 0.054729
0.029607 -0.39023 3.2266 -1.0204 0.089582 0.10564 0.020066 -0.38641 0.81787 -0.33579 0.045784 0.016083
0.030588 -0.89101 4.2556 -1.9791 0.070509 0.17702 0.00098109 -0.50078 1.029 -0.95871 -0.019073 0.071375
0.067161 -1.2042 5.4142 -2.6485 0.09912 0.13416 0.036573 -0.31323 1.1586 -0.66934 0.028611 -0.042853
0.080055 -1.055 5.3607 -2.6993 0.07926 0.14033 0.012893 0.14929 -0.053446 -0.050793 -0.019859 0.0061696
0.096534 -0.99326 5.2534 -2.8051 0.075732 0.11855 0.01648 0.061694 -0.10728 -0.10581 -0.0035287 -0.021783
0.10132 -0.90953 4.7613 -2.7632 0.067521 0.10233 0.0047809 0.083732 -0.49217 0.041909 -0.0082105 -0.016218
0.086428 -1.1115 5.122 -2.8805 0.11773 0.098334 -0.014888 -0.20201 0.36072 -0.11736 0.050206 -0.0039984
0.085409 -1.0401 5.1596 -2.8837 0.11099 0.090366 -0.0010182 0.071473 0.0376 -0.0031784 -0.0067353 -0.0079683
0.073897 -1.066 5.2459 -2.7348 0.12982 0.087917 -0.011513 -0.025922 0.086335 0.14886 0.018827 -0.0024488
0.076636 -0.98884 5.2324 -2.693 0.12051 0.093461 0.0027389 0.077155 -0.013497 0.041808 -0.0093072 0.0055446
0.075375 -0.95649 5.0971 -2.6557 0.11619 0.099106 -0.0012604 0.032344 -0.13535 0.037299 -0.0043249 0.0056448
0.072784 -0.84717 4.7702 -2.4435 0.099533 0.097654 -0.002591 0.10933 -0.3269 0.21221 -0.016654 -0.0014518
0.065286 -0.55824 4.0642 -2.0757 0.071045 0.12773 -0.0074978 0.28893 -0.706 0.36785 -0.028488 0.030074
0.060813 -0.38011 3.0874 -1.4721 0.019651 0.12828 -0.0044734 0.17813 -0.97677 0.60357 -0.051394 0.00054983
0.049245 -0.33968 2.7856 -1.3144 0.0081659 0.14213 -0.011568 0.040432 -0.30181 0.15765 -0.011485 0.01385
0.048043 -0.38129 2.6263 -1.1951 0.0041418 0.14246 -0.0012027 -0.041617 -0.15926 0.11939 -0.0040241 0.00033573
0.042808 -0.45667 2.7855 -1.3047 0.0010078 0.14275 -0.0052347 -0.075376 0.15923 -0.10964 -0.003134 0.00028329
0.049508 -0.45789 2.7766 -1.3087 0.00059795 0.15111 0.0066996 -0.001224 -0.0088972 -0.0040221 -0.00040982 0.0083641
0.052028 -0.4537 2.7692 -1.2948 -0.014443 0.15023 0.0025207 0.0041987 -0.007427 0.013907 -0.015041 -0.00087781
0.054803 -0.477 2.8123 -1.3242 -0.01155 0.1532 0.0027749 -0.023309 0.043047 -0.02941 0.002893 0.0029661
0.049403 -0.39468 2.6281 -1.2649 -0.0094522 0.14964 -0.0054002 0.082325 -0.18414 0.059332 0.0020978 -0.0035551
0.061011 -0.46369 2.7478 -1.2719 -0.023415 0.16851 0.011608 -0.069012 0.11967 -0.0069788 -0.013962 0.01887
0.057325 -0.61209 3.1846 -1.5116 0.0032522 0.15357 -0.0036855 -0.1484 0.4368 -0.23977 0.026667 -0.014944
0.084985 -0.89684 4.3042 -1.9599 -0.0073893 0.1689 0.02766 -0.28476 1.1196 -0.44822 -0.010641 0.015328
0.073054 -1.2662 5.6089 -2.6787 0.050876 0.13783 -0.011931 -0.36933 1.3047 -0.71887 0.058265 -0.03107
0.08556 -1.2675 6.2345 -2.977 0.019686 0.14617 0.012505 -0.0013549 0.6256 -0.29824 -0.03119 0.0083401
0.06662 -1.3251 6.5438 -3.1734 0.046008 0.12383 -0.01894 -0.057622 0.30926 -0.19644 0.026322 -0.022339
0.068087 -1.1812 6.3571 -3.0266 0.03288 0.12273 0.001467 0.14398 -0.18662 0.14686 -0.013127 -0.001097
0.060914 -1.1915 6.3045 -2.9882 0.04798 0.11534 -0.0071733 -0.010363 -0.052593 0.038379 0.015099 -0.0073926
0.061269 -1.1565 6.2561 -2.9881 0.040113 0.11501 0.00035555 0.035059 -0.048437 7.7233e-05 -0.0078666 -0.00033121
0.052743 -1.1534 6.1918 -3.0275 0.042056 0.11787 -0.0085259 0.0030874 -0.064286 -0.039425 0.0019428 0.0028564
0.041455 -1.0935 6.0715 -3.0272 0.040855 0.082776 -0.011289 0.059873 -0.12036 0.00036779 -0.001201 -0.03509
0.038494 -1.072 5.9024 -3.0272 0.051519 0.07094 -0.0029606 0.021508 -0.1691 -8.8324e-05 0.010664 -0.011836
0.0047859 -1.1106 5.8802 -3.009 0.091689 0.036551 -0.033708 -0.038627 -0.022204 0.018289 0.04017 -0.034389
0.019694 -1.1704 6.1835 -3.2539 0.071202 0.037599 0.014908 -0.059795 0.30338 -0.24497 -0.020487 0.0010479
-0.028541 -1.0027 5.9535 -3.1008 0.12055 0.05692 -0.048234 0.16769 -0.23005 0.15314 0.049348 0.019321
0.0017693 -0.89217 5.6642 -2.9684 0.085931 0.054142 0.03031 0.11057 -0.28932 0.13234 -0.034619 -0.0027771
-0.021837 -0.37173 4.1344 -2.201 0.074064 0.10713 -0.023607 0.52045 -1.5297 0.7674 -0.011867 0.052987
-0.0085984 -0.43128 3.2802 -1.7345 0.05082 0.10487 0.013239 -0.059554 -0.85418 0.46656 -0.023244 -0.0022609
-0.0060387 -0.37192 2.7912 -1.5182 0.022406 0.13014 0.0025597 0.059359 -0.48907 0.21627 -0.028413 0.025277
-0.0044715 -0.51746 2.8498 -1.4704 0.021232 0.12001 0.0015671 -0.14554 0.058651 0.047831 -0.0011741 -0.010133
0.0057934 -0.54228 3.0546 -1.5738 0.022541 0.10019 0.010265 -0.024826 0.20479 -0.10343 0.0013086 -0.01982
0.012887 -0.39584 2.7846 -1.4097 -0.00037439 0.090277 0.0070939 0.14644 -0.26998 0.16407 -0.022915 -0.0099145
0.0049977 -0.41472 2.7474 -1.4046 0.024043 0.080561 -0.0078896 -0.018877 -0.037265 0.0051214 0.024417 -0.0097163
0.020398 -0.38453 2.753 -1.3782 0.0074434 0.10514 0.015401 0.030186 0.005636 0.026439 -0.016599 0.024577
0.014617 -0.46706 3.0322 -1.5068 0.028961 0.1165 -0.0057814 -0.082525 0.27917 -0.12866 0.021518 0.011362
0.027747 -0.41108 2.9734 -1.4866 0.0061541 0.13168 0.01313 0.055983 -0.058776 0.020228 -0.022807 0.015178
0.022308 -0.40673 2.9217 -1.5219 0.016741 0.10545 -0.0054391 0.0043417 -0.051712 -0.035321 0.010587 -0.026228
0.021385 -0.33506 2.7739 -1.455 0.015058 0.093752 -0.00092242 0.071673 -0.14781 0.066985 -0.001683 -0.011698
0.022197 -0.37912 2.7729 -1.454 0.018719 0.087948 0.00081158 -0.044061 -0.00098718 0.00095001 0.003661 -0.005804
0.023534 -0.38947 2.8352 -1.4502 0.020724 0.089723 0.0013371 -0.010346 0.062352 0.0037996 0.0020048 0.0017757
0.026616 -0.41711 2.8489 -1.4549 0.004731 0.094488 0.0030821 -0.027639 0.013674 -0.0046611 -0.015993 0.004764
0.025055 -0.37875 2.8251 -1.437 0.012314 0.085681 -0.0015615 0.03836 -0.023821 0.017909 0.0075827 -0.0088066
0.02355 -0.3803 2.8316 -1.4296 0.01078 0.08789 -0.0015049 -0.001555 0.0065129 0.0073458 -0.0015333 0.0022089
0.023338 -0.37755 2.8251 -1.4076 0.014969 0.0894 -0.00021165 0.002748 -0.0065056 0.021972 0.0041882 0.0015101
0.025589 -0.39863 2.8258 -1.4096 0.01591 0.097767 0.0022513 -0.021081 0.00073497 -0.0019665 0.00094175 0.0083668
0.026984 -0.39792 2.8212 -1.4111 0.016445 0.097335 0.0013943 0.00071438 -0.0046469 -0.0014718 0.00053471 -0.00043124
0.028944 -0.40117 2.8088 -1.4181 0.020578 0.093978 0.0019603 -0.0032548 -0.01241 -0.0070464 0.0041333 -0.0033572
0.026433 -0.40124 2.8018 -1.4174 0.026396 0.091911 -0.0025114 -6.2486e-05 -0.0069444 0.00076644 0.0058176 -0.0020671
0.025223 -0.382 2.7882 -1.416 0.027959 0.082797 -0.0012091 0.019237 -0.013607 0.0013105 0.0015629 -0.0091144
0.022011 -0.40024 2.7954 -1.3923 0.021974 0.089606 -0.0032122 -0.018241 0.0072119 0.023717 -0.005985 0.0068094
0.019293 -0.38521 2.8004 -1.3842 0.022459 0.087974 -0.0027179 0.015035 0.0049613 0.0081202 0.00048493 -0.0016324
0.021003 -0.41362 2.8129 -1.3709 0.0052286 0.094282 0.0017094 -0.028418 0.012458 0.013346 -0.01723 0.006308
0.020483 -0.39816 2.8058 -1.3795 0.013043 0.094027 -0.00051997 0.015464 -0.0070456 -0.0086873 0.0078143 -0.00025516
0.021998 -0.41017 2.7989 -1.387 0.0089421 0.093504 0.0015148 -0.01201 -0.0069412 -0.0074425 -0.0041007 -0.00052255
0.024753 -0.3931 2.7937 -1.3901 0.014697 0.09353 0.0027558 0.017068 -0.0051864 -0.0031231 0.005755 2.5791e-05
0.024749 -0.40815 2.7995 -1.3995 0.0308 0.096151 -4.47e-06 -0.01505 0.0058396 -0.0093832 0.016102 0.0026211
0.028757 -0.39553 2.7906 -1.3884 0.022092 0.10013 0.0040082 0.012625 -0.008931 0.011127 -0.008708 0.0039795
0.032981 -0.42229 2.7997 -1.4083 0.029719 0.10807 0.0042241 -0.02676 0.0090583 -0.019917 0.0076271 0.0079427
0.029856 -0.42837 2.8064 -1.4041 0.014796 0.11361 -0.0031251 -0.0060842 0.006729 0.0041567 -0.014923 0.0055329
0.036353 -0.42026 2.8061 -1.4056 0.0095857 0.11061 0.0064968 0.0081112 -0.00024916 -0.0014521 -0.0052102 -0.0029996
0.029326 -0.42113 2.8178 -1.3897 0.012059 0.11465 -0.0070268 -0.00086688 0.011626 0.015885 0.0024735 0.0040439
0.031845 -0.41265 2.8041 -1.3741 0.0084853 0.10615 0.0025193 0.008476 -0.013615 0.015595 -0.0035739 -0.0084965
0.028871 -0.42572 2.812 -1.3781 0.012176 0.11485 -0.0029746 -0.01307 0.007841 -0.004025 0.0036907 0.0086946
0.027531 -0.42049 2.7973 -1.3864 0.019132 0.10234 -0.0013393 0.0052323 -0.01473 -0.0082473 0.006956 -0.012512
0.028856 -0.41977 2.8036 -1.3968 0.021477 0.10209 0.0013244 0.00071496 0.0063799 -0.010422 0.0023448 -0.00024973
0.02964 -0.42476 2.8019 -1.4067 0.031706 0.09291 0.00078407 -0.0049823 -0.0017528 -0.0098623 0.010229 -0.0091765
0.032472 -0.43213 2.8066 -1.4017 0.025468 0.092947 0.0028325 -0.0073756 0.0046897 0.0049891 -0.0062372 3.7309e-05
0.033001 -0.41001 2.7819 -1.4001 0.022738 0.09252 0.00052828 0.022123 -0.024709 0.0015286 -0.0027302 -0.00042695
0.034319 -0.43089 2.7803 -1.3985 0.022972 0.096099 0.001318 -0.020884 -0.0015344 0.0016233 0.0002339 0.0035789
0.031602 -0.41097 2.7682 -1.3847 0.022247 0.098631 -0.0027162 0.019926 -0.012157 0.013772 -0.00072514 0.0025323
0.030933 -0.43836 2.7787 -1.393 0.024548 0.10269 -0.00066994 -0.027389 0.01048 -0.0082815 0.0023014 0.0040624
0.031234 -0.42385 2.7744 -1.3881 0.022579 0.10004 0.0003016 0.014505 -0.0042919 0.0049439 -0.001969 -0.0026564
0.029082 -0.41467 2.7705 -1.383 0.021653 0.096506 -0.0021523 0.0091832 -0.0038527 0.005083 -0.00092587 -0.0035314
0.034121 -0.43246 2.7706 -1.3902 0.020689 0.093021 0.0050387 -0.017792 0.00011721 -0.007219 -0.00096437 -0.0034849
0.032023 -0.40945 2.7637 -1.3749 0.020014 0.095947 -0.0020971 0.023011 -0.0069308 0.015307 -0.0006749 0.0029261
0.035624 -0.43332 2.7725 -1.3869 0.014591 0.097948 0.0036003 -0.023872 0.008822 -0.011966 -0.0054235 0.0020011
0.03277 -0.40278 2.7665 -1.3869 0.020706 0.097367 -0.0028533 0.030543 -0.0060127 -1.9714e-05 0.0061153 -0.00058087
0.032943 -0.42717 2.7848 -1.3921 0.021139 0.091982 0.00017296 -0.024387 0.018291 -0.0051917 0.00043261 -0.0053853
0.026218 -0.42144 2.788 -1.3796 0.025268 0.089116 -0.0067257 0.0057292 0.0031703 0.012496 0.0041297 -0.0028655
0.030645 -0.41727 2.7671 -1.4011 0.036975 0.081142 0.0044271 0.0041618 -0.020877 -0.02154 0.011706 -0.0079745
0.032501 -0.41885 2.7608 -1.3892 0.023362 0.083214 0.0018558 -0.0015745 -0.0062544 0.011975 -0.013612 0.0020722
0.02778 -0.4384 2.8511 -1.3312 0.041807 0.066279 -0.0047202 -0.01955 0.09031 0.05793 0.018445 -0.016935
0.032629 -0.46509 2.8581 -1.3773 0.015757 0.072903 0.0048489 -0.026691 0.0069099 -0.046067 -0.02605 0.0066238
0.0094363 -0.54719 3.0328 -1.2905 0.029707 0.074426 -0.023193 -0.082097 0.17472 0.086748 0.01395 0.0015229
0.02334 -0.40333 2.8063 -1.2202 0.032225 0.086768 0.013903 0.14385 -0.22648 0.070359 0.0025182 0.012342
0.017703 -0.36985 2.7364 -1.1177 0.053146 0.090563 -0.0056367 0.033484 -0.069886 0.10252 0.020921 0.0037953
0.023504 -0.21536 2.4721 -0.88843 0.060194 0.08231 0.0058012 0.15449 -0.26429 0.22923 0.0070485 -0.0082536
0.029118 -0.27158 2.4207 -1.0579 0.061466 0.077601 0.0056142 -0.056219 -0.051454 -0.16942 0.0012714 -0.0047085
0.01975 -0.31508 2.4621 -1.0455 0.048908 0.080133 -0.0093678 -0.043506 0.041462 0.012347 -0.012557 0.0025318
0.030051 -0.33351 2.5403 -1.1841 0.050716 0.085893 0.0103 -0.018432 0.078161 -0.13855 0.0018075 0.0057602
0.024326 -0.35575 2.6339 -1.1877 0.051336 0.095574 -0.005725 -0.022236 0.093573 -0.0036642 0.00062032 0.0096807
0.026211 -0.3449 2.6867 -1.1735 0.049253 0.092724 0.0018851 0.010845 0.052872 0.014266 -0.0020833 -0.0028496
0.026219 -0.35826 2.6875 -1.2125 0.054722 0.094087 7.8958e-06 -0.013351 0.00075596 -0.039 0.0054694 0.0013632
0.028407 -0.32465 2.6711 -1.2214 0.055719 0.08674 0.002188 0.033608 -0.01638 -0.0089065 0.00099711 -0.0073471
0.033788 -0.34639 2.6739 -1.2167 0.049694 0.097614 0.0053807 -0.021743 0.002755 0.0047012 -0.0060256 0.010874
0.037143 -0.34862 2.6772 -1.2267 0.057844 0.091553 0.0033553 -0.0022292 0.0033591 -0.0099936 0.00815 -0.0060604
0.036798 -0.38842 2.705 -1.2443 0.042036 0.10612 -0.00034481 -0.0398 0.027808 -0.017619 -0.015808 0.014571
0.039439 -0.37 2.7057 -1.2376 0.059561 0.089113 0.0026408 0.018421 0.00063375 0.0066577 0.017525 -0.017011
0.038718 -0.37214 2.7052 -1.2404 0.047377 0.10283 -0.0007207 -0.0021419 -0.00046288 -0.0027531 -0.012184 0.01372
0.037739 -0.36404 2.7002 -1.2324 0.05542 0.095082 -0.00097952 0.0081049 -0.0050318 0.008007 0.0080428 -0.0077504
0.035367 -0.37784 2.6897 -1.2383 0.055534 0.10248 -0.0023712 -0.013806 -0.010423 -0.0059858 0.00011448 0.0073945
0.032632 -0.3627 2.6796 -1.2441 0.071189 0.09338 -0.0027356 0.015138 -0.010176 -0.005755 0.015655 -0.0090965
0.033213 -0.35822 2.6756 -1.2489 0.064258 0.085956 0.00058149 0.0044805 -0.0039979 -0.0048185 -0.0069313 -0.0074244
0.038803 -0.35923 2.6658 -1.2446 0.071243 0.075656 0.00559 -0.0010115 -0.0097365 0.0043468 0.0069851 -0.0103
0.036184 -0.3239 2.6398 -1.227 0.048209 0.078235 -0.0026194 0.035336 -0.026027 0.017551 -0.023033 0.0025794
0.041792 -0.32275 2.6149 -1.219 0.070576 0.067038 0.0056078 0.0011454 -0.024949 0.0079752 0.022366 -0.011197
0.038266 -0.32872 2.6281 -1.2377 0.060811 0.071882 -0.0035261 -0.0059667 0.013261 -0.018682 -0.0097645 0.0048438
0.044119 -0.34258 2.6404 -1.2664 0.071609 0.064406 0.0058531 -0.013859 0.012237 -0.028633 0.010797 -0.0074765
0.042554 -0.35307 2.6537 -1.2765 0.063055 0.067477 -0.0015653 -0.01049 0.013353 -0.010158 -0.0085535 0.003071
0.04398 -0.34148 2.6305 -1.2762 0.06798 0.066823 0.0014263 0.01159 -0.023178 0.00035513 0.0049251 -0.00065355
0.043213 -0.34755 2.6238 -1.2721 0.063147 0.071852 -0.00076718 -0.0060709 -0.0067313 0.0040886 -0.0048328 0.0050286
0.046588 -0.3577 2.6286 -1.2894 0.062104 0.074651 0.0033751 -0.01015 0.0047907 -0.017284 -0.0010431 0.0027994
0.044491 -0.34713 2.6308 -1.2903 0.064052 0.083034 -0.0020965 0.010574 0.0021954 -0.00090138 0.0019475 0.0083827
0.043924 -0.34493 2.633 -1.2931 0.073143 0.073087 -0.00056673 0.0021997 0.002233 -0.0028133 0.0090916 -0.0099473
0.041098 -0.36089 2.6235 -1.304 0.072886 0.077125 -0.0028267 -0.015968 -0.0095199 -0.010878 -0.00025748 0.004038
0.040825 -0.36293 2.6254 -1.3114 0.085302 0.059359 -0.00027294 -0.0020377 0.0018746 -0.0074602 0.012416 -0.017765
0.038585 -0.32544 2.5807 -1.283 0.082934 0.066779 -0.0022393 0.037493 -0.044644 0.028408 -0.002368 0.0074203
0.034786 -0.31862 2.5817 -1.2845 0.1136 0.05773 -0.0037996 0.0068188 0.001004 -0.0014619 0.03067 -0.0090489
0.033198 -0.32504 2.5679 -1.2786 0.11001 0.064975 -0.0015883 -0.0064158 -0.013802 0.0058607 -0.0035947 0.0072448
0.038224 -0.36072 2.599 -1.3332 0.1071 0.066449 0.0050266 -0.035679 0.031061 -0.054546 -0.0029131 0.0014736
0.039469 -0.35877 2.608 -1.3268 0.095197 0.06572 0.0012451 0.0019487 0.008971 0.0063804 -0.011899 -0.00072856
0.043161 -0.34678 2.6027 -1.344 0.10089 0.064853 0.0036916 0.011987 -0.005219 -0.01719 0.0056943 -0.00086763
0.038643 -0.35553 2.6044 -1.3114 0.10301 0.065418 -0.0045182 -0.0087492 0.00169 0.032606 0.0021151 0.00056561
0.044589 -0.37887 2.5993 -1.3234 0.10649 0.068505 0.0059463 -0.023338 -0.0050926 -0.012056 0.0034824 0.0030865
0.042095 -0.35642 2.5988 -1.2875 0.11249 0.067751 -0.0024938 0.02245 -0.00052836 0.0359 0.0059983 -0.0007539
0.048852 -0.36244 2.5957 -1.2978 0.10632 0.063399 0.0067572 -0.0060253 -0.0031212 -0.010306 -0.0061716 -0.0043523
0.045048 -0.34082 2.6026 -1.293 0.12691 0.054853 -0.0038039 0.021621 0.0068851 0.0048615 0.020598 -0.0085461
0.045438 -0.35428 2.5827 -1.3 0.11663 0.054722 0.00038966 -0.013458 -0.019905 -0.0070452 -0.010286 -0.00013035
0.042622 -0.33642 2.5657 -1.2928 0.12336 0.063764 -0.0028165 0.017859 -0.016943 0.0072128 0.0067359 0.0090416
0.038727 -0.33751 2.5571 -1.2829 0.12257 0.068988 -0.003895 -0.0010853 -0.0086585 0.0098917 -0.00079655 0.0052241
0.042294 -0.34277 2.5624 -1.3038 0.11633 0.07474 0.0035675 -0.0052619 0.0053734 -0.02087 -0.006235 0.0057522
0.046701 -0.35678 2.5895 -1.3236 0.11492 0.069684 0.0044063 -0.014017 0.027092 -0.01985 -0.0014091 -0.0050561
0.053759 -0.35461 2.5874 -1.3188 0.10634 0.069203 0.0070585 0.002177 -0.0021311 0.0048251 -0.008583 -0.00048094
0.051678 -0.37363 2.5969 -1.3285 0.10962 0.068588 -0.0020805 -0.01902 0.0095383 -0.0096636 0.0032788 -0.00061461
0.050781 -0.38393 2.6134 -1.3043 0.1039 0.07211 -0.00089735 -0.0103 0.016494 0.024165 -0.0057198 0.0035219
0.046608 -0.37732 2.6009 -1.2905 0.10526 0.070981 -0.0041735 0.0066099 -0.012555 0.013783 0.0013592 -0.0011295
0.049056 -0.34961 2.5977 -1.2602 0.10458 0.067692 0.0024488 0.027708 -0.003162 0.030304 -0.00067772 -0.0032887
0.049846 -0.33076 2.5721 -1.2374 0.11192 0.065659 0.00078966 0.018851 -0.025622 0.022813 0.0073372 -0.0020334
0.046873 -0.3511 2.573 -1.2671 0.12956 0.061433 -0.0029734 -0.020344 0.00090666 -0.029752 0.01764 -0.004226
0.042517 -0.34072 2.563 -1.2734 0.14942 0.063558 -0.0043556 0.010382 -0.01001 -0.0062644 0.019862 0.0021257
0.042146 -0.35738 2.5621 -1.2765 0.14314 0.066769 -0.00037083 -0.01666 -0.00089042 -0.0030926 -0.0062837 0.0032109
0.041398 -0.33874 2.5438 -1.2656 0.14073 0.069165 -0.0007486 0.018638 -0.018355 0.010894 -0.0024058 0.0023958
0.045597 -0.35338 2.5599 -1.2488 0.11905 0.073374 0.0041993 -0.014642 0.016197 0.016763 -0.021684 0.0042094
0.043613 -0.35449 2.5541 -1.263 0.12272 0.072184 -0.0019843 -0.0011017 -0.0058161 -0.014163 0.0036751 -0.0011902
0.042967 -0.34526 2.5607 -1.2575 0.12373 0.074673 -0.00064608 0.0092229 0.0065991 0.0054741 0.0010074 0.0024885
0.037744 -0.33784 2.5547 -1.2616 0.1354 0.076228 -0.0052225 0.0074282 -0.0060287 -0.0040649 0.01167 0.0015551
0.035981 -0.35558 2.5467 -1.2698 0.12593 0.078795 -0.0017634 -0.017746 -0.0079755 -0.0082513 -0.0094645 0.0025672
0.029931 -0.34548 2.5442 -1.2595 0.13531 0.078899 -0.0060498 0.010101 -0.0025572 0.010369 0.0093732 0.00010402
0.030355 -0.37206 2.5374 -1.2684 0.13043 0.079051 0.00042416 -0.026576 -0.006758 -0.0089229 -0.0048798 0.00015173
0.032973 -0.36274 2.5377 -1.2577 0.1291 0.0786 0.0026182 0.0093125 0.00025785 0.010655 -0.0013315 -0.00045074
0.03383 -0.33209 2.5213 -1.224 0.13378 0.079255 0.00085646 0.030654 -0.01638 0.033775 0.0046823 0.00065488
0.038193 -0.3237 2.523 -1.2178 0.13199 0.077358 0.0043632 0.0083892 0.0017566 0.006129 -0.0017826 -0.0018971
0.037235 -0.31107 2.5242 -1.1853 0.12367 0.075623 -0.00095855 0.012633 0.0011767 0.0325 -0.008328 -0.0017354
0.037477 -0.31499 2.5358 -1.2003 0.12089 0.073828 0.0002427 -0.0039262 0.011549 -0.014984 -0.0027818 -0.0017947
0.036763 -0.33752 2.5388 -1.1964 0.10758 0.067391 -0.00071372 -0.022522 0.0030757 0.0039033 -0.013305 -0.0064371
0.032664 -0.31995 2.5307 -1.2054 0.10706 0.072055 -0.0040998 0.017567 -0.0081094 -0.009015 -0.00051791 0.0046645
0.033196 -0.33972 2.5347 -1.218 0.1355 0.065886 0.00053264 -0.019774 0.0039961 -0.012593 0.028443 -0.0061689
0.030533 -0.3359 2.5289 -1.2299 0.12977 0.072387 -0.0026634 0.0038226 -0.0058634 -0.0119 -0.0057372 0.0065005
0.031451 -0.30481 2.5323 -1.2015 0.15428 0.068342 0.00091816 0.031087 0.003433 0.028422 0.024514 -0.0040446
0.025696 -0.30768 2.5176 -1.1836 0.1445 0.068785 -0.0057546 -0.0028696 -0.014752 0.017943 -0.0097818 0.00044247
0.022245 -0.29413 2.5182 -1.1642 0.14363 0.065901 -0.0034517 0.013558 0.00061258 0.019404 -0.00086942 -0.0028839
0.019605 -0.30385 2.5144 -1.1572 0.14316 0.070687 -0.0026396 -0.0097239 -0.0037922 0.0069207 -0.00046469 0.0047856
0.018459 -0.28655 2.503 -1.1504 0.13199 0.061701 -0.0011462 0.017302 -0.011342 0.0068526 -0.011179 -0.0089853
0.02477 -0.29476 2.505 -1.1472 0.13389 0.073694 0.0063114 -0.0082135 0.002 0.0031505 0.0019011 0.011993
0.027939 -0.30145 2.5101 -1.1544 0.12541 0.064059 0.0031688 -0.0066871 0.0050985 -0.0071157 -0.0084754 -0.0096351
0.032536 -0.32517 2.5034 -1.1811 0.14071 0.06993 0.004597 -0.023724 -0.0067336 -0.026754 0.015301 0.0058712
0.029136 -0.27496 2.5018 -1.1432 0.12718 0.060401 -0.0034006 0.050208 -0.001558 0.037948 -0.013531 -0.0095295
0.027894 -0.28045 2.4878 -1.1452 0.13699 0.04906 -0.0012412 -0.0054897 -0.01399 -0.0020092 0.0098082 -0.011341
0.021846 -0.27578 2.4936 -1.1398 0.12492 0.050949 -0.0060487 0.0046722 0.0057834 0.0053295 -0.012069 0.0018889
0.024177 -0.29215 2.5031 -1.1521 0.12069 0.039506 0.0023308 -0.016365 0.0094976 -0.012221 -0.0042314 -0.011443
0.022352 -0.27242 2.487 -1.1354 0.11809 0.04067 -0.0018242 0.019728 -0.016098 0.016635 -0.0025986 0.0011639
0.020497 -0.26864 2.4941 -1.1223 0.12668 0.027074 -0.0018556 0.0037735 0.0071063 0.01313 0.008591 -0.013596
0.025635 -0.26844 2.496 -1.1131 0.12724 0.027458 0.0051377 0.00020286 0.0018508 0.0092417 0.00056119 0.00038373
0.020247 -0.32107 2.5125 -1.1751 0.15148 0.040003 -0.0053875 -0.052626 0.016468 -0.062088 0.024234 0.012545
0.026089 -0.27797 2.5065 -1.1373 0.13129 0.046998 0.0058422 0.043098 -0.0059245 0.037892 -0.020188 0.0069956
0.023658 -0.31079 2.5106 -1.1578 0.13657 0.056838 -0.0024313 -0.032815 0.0040537 -0.020579 0.0052865 0.0098394
0.024274 -0.30211 2.5052 -1.1238 0.11616 0.052911 0.00061559 0.0086701 -0.005414 0.033985 -0.020409 -0.0039272
0.028334 -0.32878 2.5145 -1.1543 0.12243 0.058728 0.0040607 -0.026665 0.0093718 -0.030463 0.0062701 0.0058172
0.027116 -0.30583 2.4907 -1.1408 0.10412 0.064956 -0.0012183 0.022955 -0.02387 0.013482 -0.018315 0.0062286
0.026144 -0.26377 2.49 -1.1162 0.11026 0.072061 -0.00097232 0.042054 -0.00070931 0.02465 0.0061376 0.0071043
0.029127 -0.28516 2.49 -1.122 0.10263 0.07028 0.0029833 -0.02139 6.53e-05 -0.0057976 -0.0076264 -0.0017807
0.02665 -0.28416 2.4945 -1.115 0.11166 0.067609 -0.002477 0.0010004 0.0045155 0.0069785 0.0090246 -0.0026705
0.028351 -0.31935 2.4944 -1.1581 0.12571 0.058376 0.0017011 -0.035184 -0.00017897 -0.04312 0.014053 -0.0092335
0.031662 -0.29155 2.4772 -1.1345 0.10351 0.063532 0.0033108 0.027793 -0.017136 0.023657 -0.022202 0.0051556
0.028282 -0.29114 2.4722 -1.1362 0.11617 0.058026 -0.0033794 0.00041162 -0.0050189 -0.0017326 0.012668 -0.0055056
0.037563 -0.30261 2.4852 -1.1354 0.098813 0.077568 0.0092801 -0.011468 0.012939 0.00080317 -0.017361 0.019542
0.031447 -0.31836 2.5056 -1.1425 0.1143 0.067823 -0.0061155 -0.015754 0.020442 -0.0070746 0.015487 -0.0097449
0.031042 -0.33993 2.5293 -1.1705 0.12543 0.071081 -0.00040477 -0.021565 0.023744 -0.027991 0.011131 0.0032579
0.028391 -0.32278 2.4983 -1.1641 0.10714 0.073342 -0.0026509 0.017149 -0.031043 0.00636 -0.018294 0.0022614
0.034176 -0.28357 2.4623 -1.1242 0.11995 0.07863 0.005785 0.039205 -0.035965 0.039921 0.012809 0.0052877
0.020784 -0.33177 2.5265 -1.1213 0.088612 0.093492 -0.013393 -0.048194 0.064191 0.0028312 -0.031335 0.014862
0.0082635 -0.34862 2.753 -1.1467 0.096486 0.076745 -0.01252 -0.016856 0.22649 -0.025348 0.0078742 -0.016747
-0.0054233 -0.48919 3.0234 -1.2593 0.058688 0.063198 -0.013687 -0.14057 0.27038 -0.11256 -0.037798 -0.013548
-0.0049924 -0.32461 2.9674 -1.2764 0.068119 0.042073 0.00043091 0.16458 -0.05599 -0.01712 0.0094306 -0.021125
0.026835 -0.36166 2.7953 -1.3001 0.062335 0.051105 0.031827 -0.037052 -0.17205 -0.02368 -0.0057835 0.009032
0.020138 -0.17455 2.3451 -1.226 0.1207 0.039518 -0.0066974 0.18711 -0.45027 0.074032 0.058362 -0.011586
0.024891 -0.29909 2.305 -1.2469 0.13243 0.051731 0.0047538 -0.12454 -0.040063 -0.020916 0.011731 0.012213
0.0090022 -0.27201 2.2332 -1.2137 0.15235 0.042108 -0.015889 0.027078 -0.071806 0.033217 0.019924 -0.009623
0.011813 -0.31719 2.3307 -1.2299 0.12977 0.045016 0.002811 -0.04518 0.097463 -0.016224 -0.022577 0.0029075
0.020734 -0.31977 2.3249 -1.2171 0.12701 0.048143 0.0089209 -0.0025722 -0.0058015 0.012814 -0.0027653 0.0031269
0.023968 -0.31615 2.3069 -1.2227 0.12466 0.038098 0.0032335 0.0036209 -0.017927 -0.0055766 -0.0023496 -0.010045
0.020295 -0.3007 2.3214 -1.2027 0.13897 0.04335 -0.0036725 0.015443 0.014486 0.019982 0.014314 0.0052524
0.019139 -0.31601 2.3461 -1.1919 0.14394 0.042352 -0.0011555 -0.015308 0.024684 0.010777 0.0049662 -0.00099773
0.0153 -0.30044 2.3498 -1.1843 0.1496 0.046333 -0.0038398 0.015573 0.0037039 0.0076664 0.0056553 0.003981
0.017064 -0.32388 2.3495 -1.195 0.1494 0.048807 0.0017645 -0.023441 -0.00030789 -0.010764 -0.00019305 0.0024732
0.018906 -0.30398 2.345 -1.2004 0.1461 0.044635 0.0018423 0.019899 -0.004471 -0.0053731 -0.0032993 -0.0041719
0.02166 -0.30244 2.3438 -1.2003 0.14178 0.051681 0.0027535 0.001544 -0.0011929 0.00012836 -0.0043252 0.007046
0.023375 -0.30434 2.3564 -1.209 0.14541 0.045882 0.0017151 -0.0019059 0.012579 -0.0086674 0.0036279 -0.0057985
0.021435 -0.30437 2.3499 -1.211 0.14434 0.049439 -0.0019397 -3.1088e-05 -0.006498 -0.0020687 -0.0010632 0.0035568
0.021961 -0.2852 2.3311 -1.1927 0.15325 0.045038 0.00052601 0.019172 -0.018789 0.018329 0.0089058 -0.0044005
0.020421 -0.27898 2.3277 -1.1834 0.14942 0.047887 -0.00154 0.0062228 -0.0034027 0.0093437 -0.0038285 0.0028483
0.026002 -0.31233 2.332 -1.1947 0.15481 0.058988 0.0055802 -0.03335 0.0042614 -0.011361 0.0053938 0.011101
0.024744 -0.2908 2.3201 -1.1981 0.16022 0.058377 -0.0012577 0.021526 -0.011861 -0.0033696 0.0054035 -0.00061039
0.02417 -0.23994 2.2818 -1.1895 0.17683 0.056233 -0.00057348 0.050858 -0.038314 0.0085627 0.016608 -0.0021439
