-0.0069465 -0.0045141 0.012334 0.010738 -0.013735 -0.012972 0 0 0 0 0 0
0.030517 0.08578 -0.16754 0.034404 -0.011552 0.019196 0.037463 0.090294 -0.17988 0.023666 0.0021834 0.032168
0.018686 0.13986 -0.21531 -0.044206 -0.069256 -0.026855 -0.011831 0.054084 -0.047773 -0.078609 -0.057704 -0.046051
-0.062043 0.27596 -0.37518 0.36481 -0.15037 -0.11317 -0.080729 0.1361 -0.15986 0.40902 -0.08111 -0.086316
0.032605 0.28467 -0.22508 0.30433 -0.069636 0.011712 0.094648 0.0087143 0.1501 -0.060487 0.08073 0.12488
0.15235 0.33801 -0.28396 0.37181 0.24899 0.13277 0.11974 0.053334 -0.058876 0.067485 0.31862 0.12106
0.57352 0.365 -0.29937 0.11384 0.49686 0.41757 0.42117 0.026993 -0.015414 -0.25797 0.24787 0.2848
0.84622 0.3939 -0.51032 -0.16495 0.74756 0.45454 0.2727 0.028898 -0.21094 -0.27879 0.2507 0.036974
1.1262 0.39061 -0.41724 -0.023327 1.2634 0.75976 0.27996 -0.0032872 0.093077 0.14162 0.51586 0.30522
1.0227 0.34555 -0.40261 0.029886 1.0702 0.86668 -0.10351 -0.045063 0.014633 0.053213 -0.19319 0.10692
0.82764 0.35679 -0.35201 0.21349 1.1933 0.77218 -0.19504 0.011243 0.050597 0.1836 0.12303 -0.094494
0.27874 0.3305 -0.51 0.16905 -0.017926 -0.42775 -0.5489 -0.026294 -0.15799 -0.044442 -1.2112 -1.1999
-0.013784 0.35358 -0.65458 0.085109 -0.33438 -1.1042 -0.29252 0.023078 -0.14459 -0.083939 -0.31646 -0.6764
-0.2431 0.30291 -0.55476 0.15299 -0.66555 -1.8563 -0.22931 -0.050668 0.099819 0.067878 -0.33117 -0.75215
-0.11193 0.27529 -0.3644 0.14615 -0.16622 -0.77945 0.13117 -0.027613 0.19036 -0.0068351 0.49933 1.0768
-0.036622 0.24775 -0.14934 0.21016 0.14917 -0.42882 0.075307 -0.027543 0.21506 0.064008 0.3154 0.35063
0.014804 0.22172 -0.0085177 0.14855 0.28789 -0.037727 0.051427 -0.026029 0.14083 -0.06161 0.13871 0.39109
-0.049582 0.24025 0.0082038 0.20241 0.16406 -0.66433 -0.064387 0.018526 0.016721 0.053862 -0.12383 -0.62661
-0.066279 0.25741 0.11023 0.16991 0.16049 -1.1485 -0.016697 0.017162 0.10203 -0.032498 -0.0035702 -0.48413
-0.12467 0.25415 0.17002 0.11597 0.17759 -1.3059 -0.058396 -0.0032557 0.059783 -0.053944 0.017096 -0.1574
-0.11745 0.22938 0.23285 0.042718 0.20518 -1.0541 0.0072249 -0.024773 0.062832 -0.073252 0.027595 0.25176
-0.14689 0.13983 0.30016 -0.0064806 0.26139 -0.63433 -0.02944 -0.089554 0.067313 -0.049199 0.056202 0.41978
-0.099116 0.13749 0.2405 0.066767 0.26656 -0.31751 0.047774 -0.0023419 -0.059661 0.073248 0.0051749 0.31683
-0.063141 0.14618 0.22508 0.14671 0.28892 -0.15473 0.035975 0.0086972 -0.015424 0.079941 0.022355 0.16278
-0.030014 0.22974 0.068864 0.17871 0.29665 -0.14904 0.033127 0.08356 -0.15621 0.032004 0.0077316 0.0056876
-0.0073129 0.25655 -0.0017781 0.18873 0.26101 -0.12963 0.022702 0.026809 -0.070642 0.010015 -0.035638 0.019411
-0.017578 0.21259 -0.015689 0.15747 0.25517 -0.1188 -0.010265 -0.04396 -0.013911 -0.031253 -0.0058421 0.010831
-0.019183 0.18434 0.034687 0.16025 0.24026 -0.11864 -0.0016059 -0.028253 0.050376 0.0027719 -0.014906 0.00015409
-0.031131 0.14898 0.11553 0.1702 0.24628 -0.13546 -0.011948 -0.035363 0.080843 0.0099556 0.00602 -0.016822
-0.033913 0.1886 0.11087 0.17369 0.2573 -0.13629 -0.0027812 0.039626 -0.0046607 0.0034905 0.011019 -0.00082459
-0.031891 0.17736 0.084263 0.19788 0.26581 -0.13954 0.0020216 -0.011245 -0.026606 0.024184 0.0085132 -0.00325
-0.031426 0.17957 0.052388 0.1733 0.26434 -0.13379 0.000465 0.0022064 -0.031875 -0.024572 -0.0014695 0.0057518
-0.031542 0.17071 0.017091 0.21437 0.26404 -0.1366 -0.00011656 -0.008858 -0.035297 0.041063 -0.00030687 -0.0028153
-0.032991 0.17942 0.042711 0.17666 0.26423 -0.138 -0.001449 0.0087149 0.02562 -0.037707 0.00019416 -0.0013937
-0.032446 0.16611 0.059638 0.18364 0.26491 -0.13418 0.00054568 -0.013307 0.016926 0.0069808 0.00067662 0.0038182
-0.036553 0.16108 0.089115 0.17778 0.27726 -0.13897 -0.0041067 -0.0050302 0.029477 -0.0058576 0.01235 -0.0047921
-0.031779 0.16429 0.093468 0.14743 0.27536 -0.14324 0.0047737 0.0032067 0.0043528 -0.030354 -0.0018966 -0.0042655
-0.034223 0.18082 0.079302 0.17098 0.28377 -0.14313 -0.0024444 0.016526 -0.014166 0.023552 0.0084066 0.00010593
-0.029681 0.18701 0.069166 0.13972 0.27264 -0.13821 0.0045422 0.0061963 -0.010136 -0.031262 -0.011126 0.0049226
-0.03348 0.15884 0.090485 0.14263 0.26469 -0.13203 -0.0037986 -0.028172 0.02132 0.0029142 -0.0079505 0.0061727
-0.032015 0.16829 0.070256 0.18449 0.27598 -0.13847 0.0014645 0.0094473 -0.020229 0.041858 0.011293 -0.0064377
-0.032861 0.14799 0.11041 0.14393 0.27258 -0.13228 -0.00084592 -0.020303 0.040154 -0.040556 -0.0034017 0.0061931
-0.032555 0.16281 0.074123 0.21212 0.286 -0.13754 0.00030652 0.014824 -0.036287 0.068184 0.01342 -0.0052641
-0.033321 0.13633 0.14666 0.10561 0.27429 -0.12616 -0.00076627 -0.026476 0.072538 -0.10651 -0.011712 0.011387
-0.037302 0.16717 0.092287 0.16328 0.26071 -0.12586 -0.0039814 0.030834 -0.054375 0.057672 -0.013582 0.0002946
-0.037945 0.15164 0.14761 0.091648 0.26309 -0.1231 -0.00064264 -0.015533 0.055324 -0.07163 0.0023834 0.0027596
-0.043888 0.16824 0.095136 0.14102 0.24939 -0.12287 -0.0059431 0.016609 -0.052474 0.049373 -0.013704 0.00023432
-0.044957 0.13252 0.14447 0.11673 0.26155 -0.12139 -0.0010689 -0.035726 0.049333 -0.02429 0.012168 0.0014766
-0.044965 0.16602 0.11977 0.1355 0.25619 -0.11767 -7.9461e-06 0.033503 -0.024701 0.018767 -0.0053612 0.0037203
-0.043215 0.17241 0.11549 0.13826 0.25574 -0.12238 0.0017495 0.0063866 -0.0042784 0.00276 -0.00045124 -0.0047087
-0.03976 0.16956 0.095213 0.14519 0.25356 -0.12349 0.0034552 -0.0028436 -0.020276 0.0069295 -0.0021784 -0.001111
-0.040445 0.1486 0.095007 0.14497 0.24192 -0.12352 -0.00068465 -0.020962 -0.0002066 -0.00021489 -0.011643 -2.9442e-05
-0.04554 0.12658 0.14043 0.13925 0.24411 -0.11703 -0.0050948 -0.022019 0.045419 -0.0057272 0.0021887 0.006485
-0.046101 0.16339 0.15636 0.13778 0.2493 -0.11694 -0.00056132 0.036805 0.01593 -0.0014657 0.0051882 9.8159e-05
-0.050603 0.1653 0.16632 0.12085 0.24967 -0.1143 -0.004502 0.001911 0.0099697 -0.016934 0.00037462 0.0026398
-0.048008 0.16456 0.13444 0.11965 0.25079 -0.11977 0.0025946 -0.00074137 -0.031886 -0.0011948 0.0011151 -0.005471
-0.053025 0.11716 0.18668 0.062164 0.23302 -0.11212 -0.0050165 -0.047401 0.052242 -0.057487 -0.017765 0.0076514
-0.056608 0.12586 0.24747 0.055804 0.2319 -0.10834 -0.0035836 0.0087025 0.060788 -0.0063599 -0.0011277 0.0037778
-0.06315 0.11183 0.38114 0.0022174 0.23426 -0.10852 -0.0065418 -0.014034 0.13368 -0.053586 0.002363 -0.00018169
-0.067593 0.14082 0.41073 0.017419 0.25243 -0.10574 -0.0044429 0.028998 0.029587 0.015202 0.018168 0.0027756
-0.063838 0.12399 0.38965 0.0030871 0.24757 -0.11148 0.0037556 -0.016832 -0.021082 -0.014332 -0.0048521 -0.0057353
-0.05614 0.15639 0.29544 0.0095515 0.23256 -0.092461 0.0076972 0.0324 -0.094206 0.0064644 -0.015016 0.019018
-0.043054 0.16683 0.1978 0.00038441 0.20338 -0.08115 0.013086 0.010441 -0.097645 -0.0091671 -0.029177 0.011311
-0.0301 0.18196 0.12802 0.0019246 0.18753 -0.064078 0.012954 0.015125 -0.069775 0.0015402 -0.015851 0.017072
-0.029824 0.16208 0.12196 0.006931 0.19583 -0.067412 0.00027581 -0.01988 -0.0060627 0.0050064 0.0082975 -0.0033336
-0.027054 0.13605 0.13418 0.023007 0.19907 -0.074852 0.0027702 -0.026027 0.012217 0.016076 0.0032444 -0.0074402
-0.031571 0.15999 0.14295 0.024625 0.20025 -0.087667 -0.0045175 0.023943 0.0087691 0.0016176 0.0011798 -0.012815
-0.031057 0.14522 0.15978 0.034952 0.2029 -0.092315 0.00051465 -0.014769 0.016831 0.010328 0.0026445 -0.0046481
-0.029911 0.16354 0.14475 0.024967 0.20708 -0.097407 0.0011461 0.018317 -0.015032 -0.0099854 0.0041884 -0.0050919
-0.032173 0.1463 0.15734 0.038786 0.21488 -0.09814 -0.002262 -0.01724 0.012597 0.013819 0.0077975 -0.00073263
-0.031423 0.16252 0.14963 0.037759 0.21596 -0.09851 0.00074999 0.016222 -0.0077126 -0.0010264 0.0010785 -0.00037077
-0.033553 0.15733 0.14413 0.053519 0.20606 -0.096175 -0.0021306 -0.0051941 -0.0054993 0.01576 -0.0099035 0.0023357
-0.032407 0.15954 0.13954 0.050316 0.20748 -0.091869 0.0011461 0.0022109 -0.0045959 -0.003203 0.0014212 0.0043056
-0.032529 0.14308 0.12767 0.051923 0.20389 -0.088355 -0.00012237 -0.016456 -0.011869 0.0016069 -0.0035895 0.0035139
-0.031746 0.14819 0.12692 0.037332 0.20144 -0.085823 0.00078334 0.0051082 -0.00075154 -0.014591 -0.0024478 0.0025316
-0.033346 0.15389 0.1118 0.032246 0.19736 -0.084245 -0.0015997 0.0056998 -0.015114 -0.005086 -0.0040788 0.0015788
-0.035505 0.14186 0.13895 0.03071 0.19997 -0.083076 -0.0021595 -0.012029 0.027147 -0.0015365 0.0026104 0.0011686
-0.03668 0.15921 0.12285 0.028498 0.19886 -0.08518 -0.0011746 0.01735 -0.016096 -0.0022115 -0.0011145 -0.0021043
-0.034259 0.1675 0.12329 0.037311 0.20212 -0.084466 0.0024207 0.0082839 0.00043767 0.0088132 0.0032606 0.00071398
-0.034832 0.15012 0.12357 0.040125 0.19297 -0.087761 -0.00057316 -0.017375 0.00028099 0.0028136 -0.0091533 -0.0032942
-0.035092 0.14786 0.11809 0.051739 0.19976 -0.086601 -0.00025987 -0.0022637 -0.0054785 0.011614 0.0067985 0.0011597
-0.039937 0.12458 0.14641 0.046988 0.2003 -0.083217 -0.0048448 -0.023284 0.028321 -0.0047515 0.00053171 0.0033835
-0.03823 0.14893 0.1284 0.04283 0.20896 -0.085955 0.0017066 0.024354 -0.018014 -0.0041577 0.008662 -0.0027375
-0.038195 0.14523 0.13505 0.018632 0.20791 -0.079385 3.5196e-05 -0.0037 0.0066515 -0.024198 -0.0010449 0.0065696
-0.036664 0.14758 0.11721 0.068704 0.2123 -0.084556 0.0015311 0.0023505 -0.017839 0.050072 0.0043869 -0.0051709
-0.04043 0.12879 0.12618 0.060832 0.21436 -0.079527 -0.003766 -0.018794 0.0089692 -0.0078717 0.0020558 0.0050291
-0.045213 0.13498 0.12578 0.10481 0.22154 -0.083203 -0.0047832 0.0061928 -0.00040191 0.043979 0.0071812 -0.0036759
-0.042087 0.11721 0.15623 0.03226 0.22204 -0.082396 0.0031262 -0.017768 0.030449 -0.072551 0.00050667 0.00080757
-0.043259 0.11331 0.16084 0.034139 0.2195 -0.08816 -0.0011718 -0.0038983 0.0046144 0.0018786 -0.0025416 -0.005764
-0.036461 0.11565 0.1678 0.012269 0.21878 -0.085308 0.0067976 0.0023365 0.0069564 -0.02187 -0.00072056 0.0028512
-0.038457 0.093722 0.20625 -0.054633 0.20752 -0.089746 -0.0019954 -0.021927 0.03845 -0.066902 -0.011266 -0.0044373
-0.03732 0.13671 0.15537 0.042971 0.20874 -0.08839 0.0011362 0.04299 -0.050884 0.097604 0.0012283 0.001356
-0.034262 0.11499 0.21167 -0.087294 0.20078 -0.085836 0.0030584 -0.02172 0.056308 -0.13027 -0.0079684 0.0025537
-0.033852 0.17989 0.092648 0.10413 0.19877 -0.087325 0.00041003 0.064895 -0.11903 0.19143 -0.0020064 -0.0014886
-0.029037 0.12964 0.12286 -0.026947 0.21289 -0.076794 0.0048145 -0.050244 0.030208 -0.13108 0.014116 0.01053
-0.030488 0.13549 0.084273 0.018683 0.20835 -0.081376 -0.0014507 0.0058497 -0.038583 0.04563 -0.0045321 -0.0045819
-0.026874 0.10192 0.10786 -0.087992 0.22353 -0.080535 0.0036145 -0.033572 0.02359 -0.10667 0.01518 0.00084066
-0.028871 0.13122 0.10314 -0.052221 0.20561 -0.079477 -0.0019976 0.029302 -0.004724 0.035771 -0.017922 0.0010585
-0.027224 0.11576 0.14556 -0.14123 0.20201 -0.085834 0.0016473 -0.015462 0.042425 -0.089007 -0.0035985 -0.0063568
-0.032753 0.14731 0.095851 0.037699 0.19428 -0.078784 -0.005529 0.031546 -0.049713 0.17893 -0.0077291 0.0070499
-0.031406 0.14053 0.16429 -0.109 0.19371 -0.086021 0.0013474 -0.0067783 0.068435 -0.1467 -0.00057925 -0.0072373
-0.030273 0.19814 0.091564 0.051123 0.1917 -0.092545 0.0011329 0.057608 -0.072722 0.16012 -0.0020021 -0.0065238
-0.027238 0.16514 0.12946 -0.085151 0.18917 -0.087448 0.0030345 -0.032994 0.037898 -0.13627 -0.0025343 0.0050969
-0.026349 0.16613 0.11156 -0.03493 0.20343 -0.095886 0.00088931 0.00098393 -0.017898 0.050221 0.014258 -0.0084378
-0.033644 0.13967 0.083873 -0.016434 0.19758 -0.082732 -0.0072949 -0.026455 -0.027691 0.018496 -0.0058458 0.013154
-0.030387 0.20032 0.065672 0.0060729 0.22204 -0.080174 0.0032571 0.060646 -0.018201 0.022507 0.024459 0.0025577
-0.023153 0.18268 0.0064755 0.060059 0.19618 -0.072191 0.0072332 -0.017638 -0.059196 0.053986 -0.025855 0.0079836
-0.020889 0.16963 0.013453 0.031855 0.19908 -0.069585 0.0022643 -0.013047 0.0069779 -0.028205 0.0028928 0.0026059
-0.020275 0.12095 0.00033363 0.068115 0.19651 -0.071694 0.00061459 -0.048689 -0.01312 0.036261 -0.0025713 -0.0021086
-0.040391 0.16113 0.014227 0.037904 0.18591 -0.082322 -0.020116 0.040186 0.013893 -0.030211 -0.010595 -0.010628
-0.034388 0.21623 0.022359 0.062219 0.19556 -0.085686 0.0060023 0.055099 0.0081324 0.024315 0.0096458 -0.0033639
-0.039639 0.22004 0.02956 0.04831 0.17287 -0.085728 -0.0052508 0.0038124 0.0072003 -0.013909 -0.022691 -4.2034e-05
-0.033466 0.21764 0.052765 0.049357 0.16494 -0.085063 0.0061731 -0.0024013 0.023206 0.0010473 -0.0079238 0.00066477
-0.049016 0.16705 0.06849 0.040437 0.17902 -0.073513 -0.01555 -0.050591 0.015725 -0.0089197 0.014082 0.01155
-0.051778 0.21275 0.068927 0.023676 0.19605 -0.064973 -0.002762 0.045702 0.00043712 -0.016761 0.017027 0.0085405
-0.045982 0.19088 0.094713 0.028262 0.22593 -0.052369 0.0057961 -0.021875 0.025786 0.004586 0.029883 0.012604
-0.044379 0.18039 0.093715 -0.0017428 0.22843 -0.048762 0.0016031 -0.010485 -0.00099759 -0.030005 0.0024923 0.0036072
-0.040372 0.15345 0.096617 0.023652 0.21685 -0.060982 0.0040064 -0.026941 0.0029016 0.025395 -0.011581 -0.01222
-0.038035 0.16053 0.053411 -0.021531 0.19314 -0.070575 0.0023371 0.0070806 -0.043206 -0.045183 -0.023701 -0.009593
-0.018851 0.19264 0.021765 0.036079 0.19173 -0.079339 0.019184 0.032112 -0.031646 0.05761 -0.0014157 -0.0087641
0.0094166 0.1879 0.013208 0.021978 0.17561 -0.071865 0.028268 -0.0047416 -0.0085575 -0.014101 -0.016114 0.007474
0.0052389 0.18329 0.040259 0.037051 0.19504 -0.073066 -0.0041777 -0.0046143 0.027051 0.015073 0.01943 -0.0012015
-0.0042302 0.17236 0.056641 0.014566 0.19241 -0.069888 -0.0094691 -0.010926 0.016383 -0.022486 -0.0026376 0.0031777
-0.023676 0.17701 0.066478 0.0036143 0.20794 -0.073607 -0.019446 0.0046496 0.0098363 -0.010951 0.015536 -0.0037181
-0.02408 0.18518 0.05447 0.0083886 0.20982 -0.074613 -0.00040398 0.0081727 -0.012007 0.0047743 0.0018772 -0.0010066
-0.022203 0.16371 0.068917 0.011974 0.20822 -0.074051 0.0018771 -0.021473 0.014446 0.0035857 -0.0016006 0.00056226
-0.019716 0.19075 0.047507 0.012176 0.20129 -0.074429 0.0024867 0.027043 -0.02141 0.00020133 -0.0069259 -0.00037798
-0.024938 0.1609 0.066871 -0.00012678 0.19374 -0.066981 -0.0052215 -0.029855 0.019364 -0.012302 -0.0075508 0.0074482
-0.025926 0.16829 0.057105 -0.0016748 0.18976 -0.064282 -0.00098857 0.0073878 -0.0097655 -0.001548 -0.003982 0.0026984
-0.031442 0.14666 0.10018 -0.013723 0.18879 -0.06301 -0.0055155 -0.021631 0.043074 -0.012048 -0.00097093 0.0012722
-0.034634 0.16782 0.068346 -0.0011044 0.18991 -0.071883 -0.0031924 0.021163 -0.031832 0.012618 0.0011226 -0.0088726
-0.037726 0.16795 0.088693 -0.0092711 0.1888 -0.074466 -0.0030919 0.000132 0.020346 -0.0081667 -0.0011077 -0.0025833
-0.037212 0.13743 0.10778 -0.011398 0.19189 -0.078082 0.00051407 -0.030515 0.019091 -0.0021271 0.0030903 -0.0036161
-0.040991 0.12162 0.14199 -0.029378 0.19126 -0.075307 -0.0037787 -0.015817 0.034206 -0.01798 -0.00062945 0.0027749
-0.043213 0.14021 0.19446 -0.037911 0.19112 -0.077507 -0.0022219 0.018597 0.052472 -0.008533 -0.00014061 -0.0022002
-0.044447 0.15654 0.14668 -0.027502 0.19084 -0.074835 -0.001234 0.016328 -0.047781 0.01041 -0.00028234 0.0026723
-0.039479 0.19867 0.020756 -0.021075 0.18901 -0.080507 0.0049674 0.042128 -0.12593 0.0064264 -0.0018309 -0.0056721
-0.04813 0.13614 0.078559 -0.043344 0.19253 -0.082269 -0.0086512 -0.062527 0.057803 -0.022269 0.0035162 -0.0017622
-0.049966 0.19481 -0.072787 -0.085084 0.19861 -0.10163 -0.0018359 0.058669 -0.15135 -0.04174 0.0060836 -0.019362
-0.077377 0.17419 0.14261 -0.16487 0.19045 -0.10282 -0.02741 -0.020625 0.2154 -0.079786 -0.0081653 -0.001188
-0.088477 0.18322 0.1049 -0.23152 0.19856 -0.12665 -0.0111 0.0090376 -0.037711 -0.06665 0.0081127 -0.023827
-0.097242 0.17545 0.17873 -0.26521 0.20744 -0.12796 -0.0087649 -0.0077746 0.073837 -0.033691 0.0088776 -0.0013096
-0.085623 0.14963 0.16884 -0.26556 0.21316 -0.12735 0.011619 -0.025821 -0.0098971 -0.00035328 0.0057208 0.00060854
-0.065201 0.20848 0.034679 -0.20892 0.21516 -0.10637 0.020423 0.058852 -0.13416 0.056647 0.0020009 0.020974
-0.0383 0.16623 0.026537 -0.17968 0.18293 -0.062708 0.026901 -0.042252 -0.0081424 0.02924 -0.032229 0.043665
-0.043107 0.15919 -0.0024584 -0.16051 0.18587 -0.055275 -0.0048075 -0.0070423 -0.028995 0.019166 0.0029452 0.0074335
-0.035794 0.11894 -0.043017 -0.13186 0.19646 -0.047466 0.007313 -0.04025 -0.040559 0.02865 0.010582 0.0078084
-0.014074 0.1862 -0.1257 -0.11302 0.18472 -0.061966 0.02172 0.067259 -0.08268 0.018839 -0.011735 -0.0145
-0.035073 0.22642 -0.28237 -0.048912 0.084933 -0.048899 -0.020998 0.040222 -0.15667 0.064109 -0.099787 0.013067
-0.038228 0.22512 -0.30581 -0.060451 0.024805 -0.034564 -0.003155 -0.0012968 -0.023442 -0.011538 -0.060128 0.014336
0.0028475 0.22003 -0.32542 -0.10988 0.040113 -0.011388 0.041075 -0.005095 -0.019607 -0.049433 0.015308 0.023176
0.033646 0.17435 -0.26107 -0.094798 0.15999 -0.026291 0.030798 -0.045679 0.06435 0.015086 0.11988 -0.014904
0.24879 0.2096 -0.2971 -0.11232 0.28862 -0.007316 0.21515 0.035256 -0.036031 -0.017524 0.12862 0.018975
0.18003 0.17453 -0.2349 0.015108 0.21498 -0.05072 -0.068768 -0.035075 0.0622 0.12743 -0.073636 -0.043404
0.10853 0.15878 -0.20526 -0.0057762 0.15313 -0.10402 -0.071495 -0.015752 0.029636 -0.020885 -0.061852 -0.053305
-0.12871 0.16899 -0.21782 0.0024353 0.049269 -0.23963 -0.23724 0.010211 -0.012557 0.0082115 -0.10386 -0.1356
-0.32919 0.19262 -0.20306 -0.066111 0.034615 -0.38025 -0.20049 0.023637 0.014758 -0.068547 -0.014653 -0.14062
-0.33217 0.18318 -0.12325 -0.037488 0.09544 -0.44033 -0.0029713 -0.0094443 0.079808 0.028623 0.060825 -0.060078
-0.31355 0.16441 0.081314 -0.051036 0.11046 -0.43156 0.018618 -0.018767 0.20457 -0.013547 0.015025 0.0087717
-0.23047 0.15734 0.29369 0.025313 0.18028 -0.36197 0.083076 -0.0070774 0.21238 0.076349 0.06982 0.069594
-0.16054 0.18488 0.27055 0.0035603 0.2147 -0.30938 0.069933 0.027542 -0.023142 -0.021753 0.034415 0.05259
-0.13636 0.26743 0.1129 0.017842 0.22049 -0.24988 0.024178 0.082554 -0.15765 0.014282 0.0057908 0.059493
-0.089771 0.21845 -0.084179 -0.013232 0.23304 -0.19881 0.04659 -0.048979 -0.19708 -0.031075 0.012552 0.051074
-0.061658 0.19962 -0.22729 -0.0877 0.20446 -0.11316 0.028113 -0.018832 -0.14311 -0.074468 -0.028579 0.085646
-0.0477 0.15528 -0.23835 -0.12376 0.21086 -0.08616 0.013958 -0.044336 -0.011061 -0.036064 0.0063935 0.027003
-0.043375 0.12681 -0.21868 -0.15152 0.20224 -0.067704 0.0043249 -0.02847 0.019669 -0.027755 -0.0086169 0.018457
-0.045501 0.16106 -0.19765 -0.15676 0.20036 -0.074146 -0.0021255 0.034244 0.021032 -0.0052359 -0.0018838 -0.0064423
-0.057746 0.13075 -0.14333 -0.14939 0.19732 -0.075246 -0.012246 -0.030312 0.054315 0.0073609 -0.0030382 -0.0010997
-0.056475 0.14838 -0.14455 -0.15431 0.1964 -0.061554 0.0012709 0.017639 -0.0012202 -0.0049128 -0.00091466 0.013692
-0.060635 0.14057 -0.11949 -0.15622 0.19549 -0.058514 -0.00416 -0.0078116 0.02506 -0.0019174 -0.00090751 0.00304
-0.062403 0.12432 -0.089001 -0.15305 0.20719 -0.060971 -0.0017677 -0.016257 0.030493 0.0031747 0.0117 -0.0024566
-0.061275 0.1046 -0.054202 -0.17133 0.20515 -0.063761 0.0011285 -0.019716 0.034799 -0.018279 -0.0020405 -0.0027901
-0.065038 0.09248 -0.0051744 -0.19692 0.21644 -0.066208 -0.0037632 -0.01212 0.049027 -0.025589 0.01129 -0.0024469
-0.067061 0.13308 -0.035329 -0.13848 0.21809 -0.064327 -0.0020229 0.040595 -0.030154 0.058437 0.0016418 0.0018805
-0.061245 0.14837 -0.044141 -0.14236 0.21602 -0.054111 0.0058161 0.015298 -0.0088125 -0.0038811 -0.002062 0.010217
-0.059997 0.15459 -0.088829 -0.085427 0.21989 -0.057812 0.0012481 0.0062169 -0.044688 0.056936 0.0038663 -0.0037018
-0.069257 0.095969 -0.068466 -0.19403 0.22385 -0.055411 -0.0092602 -0.058622 0.020363 -0.1086 0.0039615 0.0024009
-0.081871 0.092657 -0.078616 -0.19285 0.22161 -0.064135 -0.012614 -0.0033123 -0.010149 0.0011796 -0.0022413 -0.0087234
-0.10273 0.10431 -0.064362 -0.31372 0.2446 -0.057609 -0.020861 0.011655 0.014254 -0.12087 0.022987 0.0065259
-0.081965 0.15021 -0.10518 -0.19903 0.21789 -0.051932 0.020768 0.045897 -0.040815 0.11469 -0.026706 0.0056772
-0.073108 0.12274 -0.061827 -0.29235 0.23635 -0.048389 0.0088569 -0.027472 0.04335 -0.093315 0.018456 0.0035424
-0.046761 0.12499 -0.096669 -0.19028 0.20875 -0.047053 0.026346 0.0022569 -0.034842 0.10207 -0.027594 0.0013369
-0.05027 0.088852 -0.054012 -0.28258 0.22086 -0.048091 -0.0035089 -0.036142 0.042656 -0.092304 0.012109 -0.0010385
-0.050675 0.12821 -0.06864 -0.29159 0.22103 -0.052054 -0.00040505 0.039359 -0.014628 -0.009012 0.00016419 -0.0039633
-0.04459 0.10278 -0.053073 -0.28314 0.21777 -0.043324 0.0060854 -0.025432 0.015567 0.0084554 -0.0032529 0.0087301
-0.044036 0.1269 -0.062778 -0.26818 0.21273 -0.048869 0.00055334 0.02412 -0.0097049 0.014953 -0.0050487 -0.0055445
-0.027885 0.12545 -0.099127 -0.14204 0.19163 -0.034906 0.016152 -0.0014535 -0.036348 0.12614 -0.021096 0.013963
-0.028115 0.15358 -0.15143 -0.091792 0.18039 -0.041976 -0.0002306 0.028132 -0.052306 0.050251 -0.011239 -0.0070699
-0.025075 0.16116 -0.15713 -0.044923 0.17321 -0.038089 0.0030398 0.0075828 -0.005697 0.046869 -0.0071806 0.0038867
-0.03282 0.15393 -0.17906 -0.035026 0.18759 -0.042904 -0.0077449 -0.0072312 -0.021926 0.0098968 0.014382 -0.0048148
-0.036117 0.19915 -0.18783 -0.047264 0.19679 -0.043934 -0.0032964 0.045225 -0.0087746 -0.012238 0.0092002 -0.00103
-0.033763 0.19915 -0.21946 -0.018306 0.21704 -0.038881 0.0023533 -1.6212e-06 -0.031635 0.028958 0.020248 0.0050534
-0.012732 0.21281 -0.23309 -0.047151 0.21162 -0.042223 0.021031 0.013656 -0.013623 -0.028845 -0.0054212 -0.0033427
-0.008604 0.17677 -0.20077 -0.032686 0.20536 -0.048073 0.0041282 -0.03604 0.032314 0.014465 -0.0062559 -0.00585
0.0015032 0.18611 -0.18882 -0.065977 0.20091 -0.051124 0.010107 0.0093447 0.011956 -0.033291 -0.0044548 -0.0030506
-0.010764 0.18824 -0.16481 -0.056229 0.20265 -0.061239 -0.012267 0.0021239 0.024008 0.0097486 0.0017437 -0.010115
-0.0085661 0.18053 -0.17299 -0.074789 0.2078 -0.054414 0.0021978 -0.0077089 -0.0081837 -0.01856 0.0051453 0.0068247
-0.0095816 0.15574 -0.14373 -0.085951 0.203 -0.059933 -0.0010155 -0.024788 0.029267 -0.011163 -0.0047983 -0.0055195
-0.0095758 0.18083 -0.17878 -0.030894 0.20083 -0.063786 5.7874e-06 0.02509 -0.035053 0.055057 -0.0021673 -0.0038528
-0.0091648 0.20081 -0.16212 -0.031261 0.19937 -0.066017 0.00041099 0.019984 0.016663 -0.00036749 -0.0014625 -0.0022306
-0.014716 0.21371 -0.21243 0.048114 0.21248 -0.068305 -0.0055514 0.012895 -0.05031 0.079375 0.01311 -0.0022881
-0.01386 0.19115 -0.20707 0.060171 0.20889 -0.064029 0.0008567 -0.022559 0.0053567 0.012057 -0.0035897 0.0042756
-0.015782 0.17765 -0.19425 0.032493 0.21359 -0.058126 -0.0019225 -0.013503 0.012821 -0.027678 0.0046998 0.0059027
-0.022907 0.2059 -0.2069 0.076642 0.20038 -0.062688 -0.0071248 0.028252 -0.012648 0.044149 -0.013212 -0.0045617
-0.02782 0.18454 -0.14997 -0.022547 0.20755 -0.057359 -0.0049131 -0.02136 0.056929 -0.099189 0.0071733 0.0053292
-0.032134 0.1712 -0.13349 -0.029361 0.1983 -0.062583 -0.0043145 -0.013342 0.016482 -0.0068139 -0.0092459 -0.0052244
-0.036129 0.15952 -0.13796 -0.034393 0.20276 -0.063723 -0.0039946 -0.011675 -0.00447 -0.0050327 0.0044531 -0.0011395
-0.028574 0.16222 -0.14541 -0.039327 0.20532 -0.06264 0.0075546 0.0027021 -0.0074501 -0.0049333 0.0025635 0.0010832
-0.034607 0.18584 -0.19369 0.046493 0.20827 -0.069596 -0.0060329 0.023617 -0.04828 0.085819 0.0029519 -0.0069564
-0.027173 0.17101 -0.18842 0.020618 0.21582 -0.059943 0.0074339 -0.014827 0.0052637 -0.025875 0.0075519 0.0096529
-0.029763 0.16467 -0.1605 -0.0057801 0.21861 -0.063994 -0.0025898 -0.0063475 0.027917 -0.026398 0.0027902 -0.0040505
-0.027525 0.14985 -0.1532 -0.030228 0.20633 -0.05889 0.0022385 -0.014812 0.0073034 -0.024448 -0.012283 0.0051042
-0.028595 0.14898 -0.14117 -0.069171 0.2187 -0.061428 -0.0010704 -0.00087144 0.012027 -0.038944 0.012373 -0.0025388
-0.029946 0.1507 -0.17473 -0.0013497 0.20545 -0.058633 -0.0013507 0.0017164 -0.033555 0.067822 -0.013255 0.0027958
-0.030344 0.19683 -0.19864 -0.021161 0.21891 -0.054827 -0.00039834 0.046128 -0.023915 -0.019811 0.013457 0.0038054
-0.029014 0.1797 -0.21084 0.063597 0.21146 -0.051849 0.0013306 -0.017123 -0.012195 0.084758 -0.007445 0.0029786
-0.0284 0.18767 -0.19337 0.01043 0.20628 -0.054887 0.00061352 0.0079651 0.017465 -0.053167 -0.0051855 -0.0030382
-0.030347 0.15159 -0.18979 0.05435 0.20596 -0.05845 -0.0019466 -0.036079 0.0035837 0.04392 -0.00031139 -0.0035632
-0.027989 0.18935 -0.19789 0.022328 0.20091 -0.058855 0.0023574 0.03776 -0.0081017 -0.032022 -0.0050502 -0.00040519
-0.027354 0.18852 -0.19766 0.044208 0.20614 -0.056442 0.0006353 -0.00082946 0.00023681 0.02188 0.0052211 0.0024128
-0.025168 0.19238 -0.18941 0.034516 0.20049 -0.055621 0.0021859 0.0038623 0.0082406 -0.009692 -0.0056496 0.00082098
-0.027483 0.15823 -0.15335 0.040632 0.20247 -0.061124 -0.0023154 -0.034156 0.036068 0.0061161 0.001987 -0.0055031
-0.034004 0.1808 -0.16174 0.028934 0.20557 -0.069126 -0.006521 0.022576 -0.0083941 -0.011698 0.0031002 -0.0080013
-0.037829 0.17509 -0.14581 0.017676 0.20964 -0.074559 -0.0038251 -0.0057152 0.015935 -0.011258 0.0040708 -0.0054328
-0.035509 0.19754 -0.16003 0.0060264 0.21139 -0.070882 0.00232 0.022453 -0.014222 -0.01165 0.0017458 0.0036762
-0.034239 0.17023 -0.12878 -0.0044506 0.20401 -0.073137 0.0012705 -0.027313 0.031249 -0.010477 -0.0073839 -0.0022547
-0.033148 0.21096 -0.16076 0.012552 0.19222 -0.064221 0.0010908 0.040735 -0.031984 0.017003 -0.011788 0.0089159
-0.028437 0.19194 -0.13907 0.030775 0.1879 -0.06971 0.0047108 -0.019019 0.021692 0.018223 -0.0043184 -0.0054893
-0.022992 0.22323 -0.17433 0.019337 0.18674 -0.063496 0.005445 0.031286 -0.035256 -0.011438 -0.0011579 0.0062143
-0.0072304 0.18307 -0.12995 0.015776 0.19361 -0.066618 0.015762 -0.040162 0.044379 -0.0035611 0.006868 -0.0031218
0.000678 0.19714 -0.14845 -0.0014704 0.20031 -0.065771 0.0079084 0.014072 -0.018498 -0.017246 0.0067001 0.00084736
-0.0037434 0.1807 -0.12282 0.017162 0.19728 -0.065188 -0.0044214 -0.016443 0.025627 0.018633 -0.0030257 0.0005822
-0.0034192 0.18091 -0.1142 0.02611 0.19486 -0.068435 0.00032419 0.00021413 0.0086204 0.0089477 -0.0024268 -0.0032465
-0.010385 0.17747 -0.11963 0.025256 0.19469 -0.069222 -0.0069654 -0.0034444 -0.0054326 -0.00085455 -0.00016489 -0.00078741
-0.0062422 0.18796 -0.10457 0.0060491 0.193 -0.073755 0.0041424 0.010495 0.015066 -0.019206 -0.0016891 -0.0045329
-0.0076785 0.1974 -0.15179 0.035042 0.19784 -0.069107 -0.0014363 0.0094375 -0.047227 0.028993 0.0048353 0.0046487
-0.011792 0.20169 -0.15792 0.036674 0.19608 -0.066408 -0.0041132 0.004287 -0.0061225 0.0016327 -0.001754 0.0026987
-0.015604 0.21965 -0.21209 0.12222 0.19929 -0.064401 -0.0038122 0.01797 -0.054171 0.085549 0.0032053 0.0020065
-0.017012 0.1886 -0.18229 0.066091 0.19337 -0.063005 -0.0014084 -0.031059 0.0298 -0.056133 -0.0059229 0.0013964
-0.020712 0.19215 -0.17714 0.068964 0.19655 -0.069454 -0.0037 0.0035507 0.0051482 0.002873 0.0031864 -0.0064487
-0.017859 0.17023 -0.13609 0.0054647 0.18584 -0.067278 0.0028532 -0.021917 0.041049 -0.063499 -0.010713 0.002176
-0.019573 0.18914 -0.10892 -0.0375 0.20047 -0.068659 -0.0017136 0.018909 0.027167 -0.042965 0.014628 -0.0013817
-0.021262 0.18935 -0.14075 0.016362 0.19832 -0.07266 -0.0016895 0.00020833 -0.031832 0.053862 -0.0021428 -0.0040003
-0.025761 0.1813 -0.098111 -0.058101 0.20392 -0.06791 -0.0044986 -0.0080508 0.042644 -0.074463 0.0055962 0.0047498
-0.0343 0.16528 -0.13242 0.030229 0.20647 -0.072723 -0.0085392 -0.016019 -0.034305 0.08833 0.0025533 -0.0048127
-0.034814 0.17654 -0.15372 0.0025032 0.21298 -0.072556 -0.00051381 0.011259 -0.021309 -0.027726 0.0065082 0.00016686
-0.040694 0.18074 -0.15333 0.045301 0.21787 -0.070924 -0.0058803 0.0041992 0.00039435 0.042798 0.0048858 0.001632
-0.043155 0.15835 -0.18829 0.053908 0.21699 -0.083365 -0.0024609 -0.022384 -0.034956 0.0086068 -0.00087558 -0.012441
-0.055717 0.20618 -0.28712 -0.019869 0.23363 -0.073319 -0.012562 0.047823 -0.098838 -0.073777 0.016641 0.010046
-0.051381 0.15147 -0.26208 -0.011814 0.2144 -0.075531 0.0043361 -0.054703 0.025043 0.0080548 -0.019234 -0.0022122
-0.059447 0.18681 -0.35929 -0.069189 0.24722 -0.064004 -0.0080655 0.035336 -0.097214 -0.057375 0.03282 0.011527
-0.042286 0.10828 -0.066759 -0.030806 0.18891 -0.060515 0.017161 -0.078528 0.29254 0.038384 -0.05831 0.0034882
-0.050615 0.12685 -0.0021548 -0.046048 0.19909 -0.072429 -0.008329 0.018566 0.064604 -0.015242 0.010177 -0.011914
-0.034286 0.16465 0.10676 -0.06349 0.17309 -0.075424 0.016329 0.037805 0.10892 -0.017442 -0.025996 -0.0029947
-0.03458 0.18705 -0.0079591 -0.063498 0.18798 -0.083094 -0.00029355 0.022394 -0.11472 -7.2569e-06 0.014885 -0.0076699
-0.022943 0.20696 -0.092256 -0.091994 0.19261 -0.066842 0.011637 0.019912 -0.084297 -0.028497 0.0046381 0.016251
-0.022819 0.16177 -0.081468 -0.032627 0.19299 -0.054879 0.00012369 -0.045191 0.010788 0.059368 0.00037741 0.011963
-0.025832 0.17387 -0.073344 -0.068779 0.18238 -0.056546 -0.0030134 0.012108 0.0081242 -0.036153 -0.01061 -0.0016672
-0.031773 0.1374 -0.0072783 -0.05042 0.19877 -0.05853 -0.0059404 -0.036475 0.066066 0.018359 0.016391 -0.001984
-0.039009 0.16414 -0.13037 -0.11806 0.20119 -0.081097 -0.0072364 0.026738 -0.12309 -0.06764 0.0024182 -0.022566
-0.040081 0.15785 -0.19192 -0.13187 0.2067 -0.063604 -0.0010715 -0.006285 -0.061548 -0.013805 0.0055112 0.017493
-0.041784 0.15056 -0.28307 -0.16499 0.19621 -0.058658 -0.0017035 -0.0072887 -0.091152 -0.033128 -0.01049 0.0049462
-0.040138 0.14252 -0.25234 -0.1554 0.18835 -0.03849 0.0016461 -0.0080408 0.030731 0.009591 -0.0078652 0.020168
-0.041115 0.095692 -0.11042 -0.12665 0.18748 -0.037026 -0.0009771 -0.04683 0.14192 0.028751 -0.00086984 0.0014642
-0.044037 0.07918 0.044614 -0.069038 0.20841 -0.046522 -0.0029214 -0.016511 0.15503 0.057613 0.020931 -0.0094963
-0.047256 0.12089 0.11103 -0.035914 0.21227 -0.055203 -0.0032197 0.041707 0.066416 0.033124 0.0038636 -0.0086806
-0.049226 0.12863 0.16058 -0.04069 0.21759 -0.061258 -0.0019701 0.0077463 0.049555 -0.004776 0.0053192 -0.0060553
-0.052527 0.15966 0.13516 -0.062366 0.21418 -0.064185 -0.0033006 0.031021 -0.025428 -0.021676 -0.0034111 -0.0029274
-0.048393 0.16386 0.13316 -0.07166 0.2002 -0.058373 0.0041336 0.0042001 -0.0019967 -0.0092946 -0.013982 0.0058121
-0.049619 0.12774 0.18388 -0.13293 0.20877 -0.057315 -0.0012261 -0.036112 0.050723 -0.061268 0.0085763 0.0010578
-0.048433 0.13983 0.16867 -0.11348 0.2116 -0.056124 0.0011863 0.012083 -0.01521 0.019449 0.0028301 0.0011919
-0.043446 0.14713 0.16722 -0.19776 0.20076 -0.054362 0.0049875 0.0073077 -0.0014553 -0.084284 -0.010846 0.0017618
-0.040147 0.13404 0.12549 -0.09826 0.20439 -0.049538 0.003299 -0.013098 -0.041728 0.099502 0.0036361 0.0048238
-0.027839 0.16159 0.037078 -0.093181 0.15476 -0.040213 0.012307 0.02755 -0.088411 0.0050793 -0.049629 0.0093247
-0.027322 0.11498 0.078175 -0.050309 0.16924 -0.035786 0.00051697 -0.046604 0.041096 0.042872 0.014473 0.0044277
-0.034922 0.10419 0.048338 -0.083639 0.16199 -0.050796 -0.0075997 -0.010788 -0.029837 -0.03333 -0.0072507 -0.01501
-0.040061 0.14894 0.096215 -0.13008 0.1859 -0.063365 -0.005139 0.044746 0.047877 -0.046442 0.023912 -0.012569
-0.056268 0.10817 0.18867 -0.13655 0.21009 -0.07882 -0.016207 -0.040765 0.092454 -0.0064651 0.024193 -0.015455
-0.048218 0.1137 0.28402 -0.13195 0.19977 -0.064743 0.0080501 0.0055213 0.095355 0.0045916 -0.010321 0.014076
-0.050958 0.086444 0.39118 -0.10543 0.18957 -0.054549 -0.0027397 -0.027252 0.10716 0.026529 -0.010202 0.010194
-0.036177 0.13882 0.30121 -0.16601 0.15387 -0.044169 0.014781 0.052374 -0.089977 -0.060589 -0.035697 0.01038
-0.019216 0.32084 -0.13484 -0.16375 0.13118 -0.04153 0.016961 0.18203 -0.43605 0.0022625 -0.022695 0.0026391
-0.01331 0.32552 -0.24906 -0.20338 0.11354 -0.032582 0.0059062 0.0046794 -0.11422 -0.039629 -0.01764 0.0089479
0.00061516 0.34756 -0.45457 -0.094552 0.13841 -0.025356 0.013925 0.022036 -0.2055 0.10883 0.024871 0.0072259
-0.0089591 0.20763 -0.12724 -0.0049729 0.10607 -0.020462 -0.0095742 -0.13993 0.32733 0.089579 -0.032338 0.0048942
-0.015199 0.15547 0.046938 0.054494 0.13155 -0.022727 -0.0062394 -0.052159 0.17418 0.059467 0.025482 -0.0022647
-0.018857 0.16158 0.067371 0.058517 0.10061 -0.032524 -0.0036588 0.0061162 0.020433 0.0040227 -0.030939 -0.0097973
-0.034032 0.12009 0.19073 0.012143 0.13362 -0.022219 -0.015174 -0.041495 0.12336 -0.046374 0.03301 0.010306
-0.030157 0.15071 0.15544 0.026914 0.16206 -0.029935 0.0038747 0.030617 -0.03529 0.01477 0.028434 -0.0077169
-0.040643 0.099833 0.31824 -0.036592 0.17017 -0.021869 -0.010486 -0.050873 0.1628 -0.063506 0.008112 0.0080663
-0.033634 0.14153 0.29957 0.017791 0.1844 -0.025126 0.0070088 0.041694 -0.018664 0.054383 0.014232 -0.0032574
-0.036297 0.13202 0.32238 -0.075452 0.16342 -0.023672 -0.0026635 -0.0095093 0.022809 -0.093243 -0.020987 0.0014544
-0.034474 0.15061 0.25975 0.020868 0.1765 -0.022411 0.0018231 0.018593 -0.062633 0.09632 0.013088 0.001261
-0.037733 0.12115 0.3588 -0.060485 0.18316 -0.02412 -0.0032586 -0.029455 0.099047 -0.081353 0.0066577 -0.0017089
-0.039015 0.11525 0.34266 -0.0080198 0.19411 -0.023768 -0.0012824 -0.0059005 -0.016134 0.052465 0.01095 0.00035233
-0.03886 0.10754 0.40692 -0.072752 0.1899 -0.025996 0.00015487 -0.0077146 0.06426 -0.064732 -0.0042147 -0.0022288
-0.04354 0.1352 0.37098 -0.02649 0.1833 -0.027524 -0.0046797 0.027658 -0.035943 0.046262 -0.0065951 -0.0015277
-0.051339 0.13851 0.36523 -0.043156 0.17911 -0.03575 -0.0077991 0.0033132 -0.0057523 -0.016666 -0.0041949 -0.0082262
-0.061527 0.15689 0.34027 0.033645 0.17839 -0.037932 -0.010188 0.018382 -0.024956 0.076801 -0.00071917 -0.0021813
-0.060465 0.17933 0.30739 0.057166 0.17818 -0.041237 0.0010623 0.022435 -0.03288 0.023522 -0.00021233 -0.0033051
-0.060739 0.16886 0.31081 0.1253 0.17781 -0.039529 -0.0002737 -0.010471 0.0034163 0.068132 -0.00036299 0.0017074
-0.033011 0.18417 0.30997 0.08925 0.1781 -0.037332 0.027728 0.015316 -0.00083658 -0.036049 0.00028931 0.0021972
-0.02913 0.15612 0.32468 0.028957 0.17583 -0.035943 0.0038809 -0.028056 0.01471 -0.060293 -0.0022744 0.0013897
-0.008471 0.14647 0.38695 -0.032773 0.17351 -0.026537 0.020659 -0.0096495 0.062268 -0.06173 -0.0023161 0.0094055
-0.00894 0.1443 0.37828 -0.0048734 0.17728 -0.031948 -0.00046899 -0.002168 -0.0086762 0.0279 0.0037676 -0.0054113
-0.0045761 0.2095 0.22892 0.038625 0.18724 -0.016325 0.0043639 0.065199 -0.14936 0.043498 0.0099655 0.015623
0.0052431 0.21016 0.10877 0.12779 0.1799 -0.023794 0.0098192 0.00066347 -0.12015 0.089161 -0.007342 -0.0074692
0.0033657 0.30363 -0.11499 0.081823 0.17565 -0.0073276 -0.0018773 0.093469 -0.22376 -0.045963 -0.0042513 0.016467
-0.0077957 0.20159 0.084022 0.05933 0.15957 -0.014634 -0.011161 -0.10204 0.19902 -0.022493 -0.016077 -0.0073068
-0.02316 0.13329 0.26156 -0.077701 0.1706 -0.016382 -0.015365 -0.068301 0.17754 -0.13703 0.011029 -0.001748
-0.039344 0.1018 0.44444 -0.13468 0.19008 -0.022325 -0.016183 -0.031496 0.18289 -0.056983 0.019483 -0.0059428
-0.0387 0.065363 0.49896 -0.1514 0.1842 -0.03006 0.00064386 -0.036433 0.054521 -0.016712 -0.0058875 -0.0077349
-0.03668 0.1357 0.43782 -0.16423 0.19258 -0.024997 0.00202 0.070333 -0.061148 -0.012833 0.0083802 0.0050634
-0.035648 0.15098 0.39005 -0.07995 0.17203 -0.031622 0.0010313 0.015281 -0.047761 0.084279 -0.020544 -0.0066257
-0.038703 0.11915 0.45184 -0.15767 0.19352 -0.022916 -0.0030547 -0.031827 0.061783 -0.077718 0.021484 0.0087062
-0.035615 0.1312 0.42137 -0.16041 0.17986 -0.0226 0.003088 0.012055 -0.03047 -0.0027382 -0.013657 0.00031635
-0.037371 0.12654 0.4354 -0.15247 0.18605 -0.026014 -0.0017557 -0.0046633 0.014031 0.0079388 0.0061864 -0.0034143
-0.03062 0.11079 0.45546 -0.18761 0.16655 -0.024546 0.006751 -0.015748 0.020064 -0.035147 -0.019497 0.0014677
-0.036462 0.15125 0.39236 -0.062371 0.18012 -0.041987 -0.0058425 0.040461 -0.063103 0.12524 0.013571 -0.017441
-0.037721 0.13329 0.45627 -0.1344 0.18587 -0.03091 -0.0012592 -0.017966 0.063911 -0.072028 0.005748 0.011077
-0.039454 0.15238 0.41183 -0.089262 0.1924 -0.036931 -0.0017327 0.019089 -0.044436 0.045137 0.0065331 -0.0060207
-0.036582 0.17063 0.42526 -0.092965 0.18963 -0.027568 0.0028721 0.018256 0.013429 -0.003703 -0.0027719 0.0093627
-0.036204 0.14751 0.4198 -0.091179 0.19092 -0.032359 0.00037776 -0.023121 -0.0054659 0.0017862 0.0012861 -0.0047907
-0.035178 0.13312 0.43311 -0.068685 0.1899 -0.033942 0.0010262 -0.014389 0.013314 0.022494 -0.0010175 -0.0015835
-0.039859 0.15271 0.43721 -0.084975 0.1992 -0.039298 -0.0046807 0.019584 0.0040935 -0.01629 0.0093026 -0.005356
-0.041158 0.16463 0.44744 -0.090913 0.1978 -0.034862 -0.0012989 0.011923 0.010234 -0.0059378 -0.001397 0.0044361
-0.038607 0.17591 0.41948 -0.074486 0.20014 -0.036252 0.002551 0.011287 -0.027959 0.016427 0.0023342 -0.0013903
-0.041768 0.16195 0.41368 -0.058757 0.19806 -0.028436 -0.0031614 -0.013968 -0.0058027 0.015729 -0.0020796 0.0078164
-0.030081 0.10653 0.42166 -0.10194 0.19826 -0.030035 0.011687 -0.055421 0.007978 -0.043187 0.00019782 -0.0015993
-0.031583 0.13958 0.42091 -0.10674 0.207 -0.02744 -0.0015012 0.03305 -0.0007497 -0.0047971 0.0087421 0.0025948
-0.027477 0.1027 0.47 -0.18396 0.22563 -0.020824 0.0041052 -0.036875 0.049097 -0.077214 0.018633 0.0066159
-0.03139 0.11594 0.47731 -0.16516 0.23393 -0.015837 -0.0039128 0.013242 0.0073109 0.018794 0.0083027 0.0049873
-0.038628 0.086595 0.51373 -0.16947 0.24567 -0.01274 -0.0072379 -0.029347 0.036418 -0.004305 0.011739 0.0030966
-0.036651 0.087462 0.51418 -0.15201 0.24852 -0.012616 0.0019771 0.00086716 0.00045127 0.017458 0.0028452 0.00012444
-0.041739 0.085639 0.54808 -0.16399 0.28489 -0.016179 -0.0050885 -0.001823 0.033897 -0.01198 0.036373 -0.0035633
-0.040127 0.077649 0.55904 -0.18256 0.29491 -0.011785 0.0016121 -0.0079901 0.01096 -0.018569 0.010018 0.0043948
-0.048507 0.067607 0.60273 -0.19357 0.31977 -0.0071112 -0.0083798 -0.010042 0.043691 -0.011019 0.024861 0.0046733
-0.044561 0.090683 0.563 -0.19849 0.29536 -0.008545 0.0039464 0.023075 -0.039729 -0.0049103 -0.024409 -0.0014338
-0.049464 0.090604 0.57832 -0.18335 0.30286 -0.0036554 -0.0049036 -7.8195e-05 0.01532 0.01514 0.0075006 0.0048896
-0.049509 0.06559 0.64493 -0.21316 0.31202 -0.0047062 -4.4274e-05 -0.025014 0.066602 -0.029819 0.0091556 -0.0010508
-0.058447 0.041076 0.70146 -0.21053 0.33729 -0.002402 -0.0089383 -0.024514 0.056531 0.0026313 0.025271 0.0023041
-0.063827 0.052309 0.77041 -0.21702 0.33663 -0.0036822 -0.0053804 0.011233 0.068951 -0.0064878 -0.00065489 -0.0012802
-0.060369 0.089982 0.67172 -0.19931 0.32163 -0.009263 0.0034587 0.037672 -0.098687 0.017713 -0.015002 -0.0055808
-0.053668 0.12219 0.60161 -0.16675 0.2919 -0.0076844 0.0067005 0.032211 -0.070111 0.032562 -0.029728 0.0015786
-0.047953 0.091612 0.56337 -0.16792 0.29378 -0.0040811 0.0057155 -0.030581 -0.038242 -0.0011756 0.0018806 0.0036033
-0.052717 0.048838 0.62406 -0.18123 0.30229 0.0054451 -0.0047644 -0.042774 0.060695 -0.013307 0.0085109 0.0095262
-0.057052 0.047735 0.6739 -0.2078 0.31527 0.0029914 -0.004335 -0.0011027 0.049838 -0.026574 0.012977 -0.0024538
-0.062034 0.078091 0.68407 -0.20829 0.31299 0.0031893 -0.004982 0.030356 0.010167 -0.00049097 -0.0022824 0.00019795
-0.057269 0.10103 0.65062 -0.21037 0.31148 -0.00032659 0.0047645 0.022943 -0.033448 -0.0020757 -0.0015123 -0.0035159
-0.053176 0.10868 0.60781 -0.18218 0.30931 -0.0042274 0.0040932 0.0076412 -0.042807 0.028188 -0.0021649 -0.0039008
-0.0504 0.072914 0.62766 -0.20839 0.31439 0.0033021 0.0027757 -0.035761 0.019844 -0.026212 0.0050772 0.0075295
-0.051346 0.077088 0.60801 -0.20579 0.32682 -0.0095844 -0.00094563 0.0041737 -0.019644 0.0026001 0.012428 -0.012886
-0.052309 0.096743 0.6136 -0.22284 0.3159 -0.0026755 -0.00096329 0.019655 0.0055871 -0.017047 -0.010914 0.0069089
-0.055887 0.071129 0.62293 -0.22597 0.31885 -0.0043367 -0.0035771 -0.025614 0.0093306 -0.0031276 0.0029494 -0.0016612
-0.056529 0.065566 0.64759 -0.22206 0.30846 -0.002035 -0.00064269 -0.0055633 0.024663 0.0039108 -0.010398 0.0023017
-0.062366 0.029317 0.71062 -0.23254 0.30662 0.0002334 -0.0058372 -0.036249 0.063024 -0.01048 -0.0018386 0.0022684
-0.061646 0.059729 0.71942 -0.23329 0.33007 -0.015588 0.00072082 0.030412 0.0088006 -0.00075283 0.023452 -0.015821
-0.066034 0.06085 0.74558 -0.24298 0.32902 -0.013466 -0.0043882 0.001121 0.02616 -0.0096888 -0.0010475 0.002122
-0.059086 0.071083 0.70781 -0.25752 0.33531 -0.016379 0.0069481 0.010233 -0.037767 -0.014544 0.0062837 -0.0029133
-0.061305 0.058624 0.7131 -0.26063 0.32152 -0.0061952 -0.0022189 -0.012458 0.0052856 -0.003108 -0.013786 0.010184
-0.056236 0.077411 0.68257 -0.26595 0.31797 -0.0082077 0.0050682 0.018787 -0.030529 -0.0053194 -0.0035459 -0.0020125
-0.057809 0.073418 0.68679 -0.27051 0.3228 -0.0059396 -0.0015727 -0.0039934 0.004227 -0.0045575 0.0048288 0.0022681
-0.057247 0.074524 0.67614 -0.25753 0.32875 -0.0090384 0.00056209 0.0011062 -0.010652 0.012978 0.0059505 -0.0030988
-0.056979 0.058382 0.67282 -0.27146 0.31583 -0.007869 0.00026759 -0.016142 -0.0033236 -0.013937 -0.012922 0.0011694
-0.057223 0.080948 0.64628 -0.24202 0.31673 -0.0044719 -0.00024367 0.022566 -0.026542 0.029443 0.00089847 0.0033971
-0.057257 0.068233 0.67212 -0.26871 0.30918 -0.012879 -3.3614e-05 -0.012715 0.02584 -0.02669 -0.0075469 -0.0084075
-0.057445 0.073255 0.65545 -0.26112 0.3189 -0.0052221 -0.00018864 0.0050216 -0.016663 0.0075941 0.0097212 0.0076573
-0.056965 0.047807 0.69252 -0.28678 0.31666 -0.011267 0.00047993 -0.025448 0.037064 -0.025666 -0.0022462 -0.0060446
-0.056351 0.067771 0.65989 -0.27666 0.31411 -0.0014813 0.00061422 0.019964 -0.032625 0.01012 -0.0025456 0.0097853
-0.058489 0.047241 0.69025 -0.2818 0.32055 0.00053535 -0.002138 -0.02053 0.030359 -0.0051319 0.0064404 0.0020167
-0.05733 0.060158 0.68036 -0.28505 0.32769 0.0023578 0.001159 0.012917 -0.0098941 -0.0032492 0.007134 0.0018224
-0.062046 0.039219 0.71388 -0.29241 0.32788 -0.0011834 -0.0047162 -0.020939 0.033519 -0.0073635 0.00019541 -0.0035412
-0.057674 0.067754 0.70141 -0.29981 0.32749 -0.0037049 0.0043721 0.028535 -0.01247 -0.0074045 -0.00039024 -0.0025214
-0.058495 0.046641 0.71859 -0.30166 0.30965 -0.010244 -0.00082095 -0.021113 0.017186 -0.0018489 -0.017844 -0.0065394
-0.056216 0.039851 0.70656 -0.30373 0.30873 -0.0049343 0.0022795 -0.0067901 -0.012029 -0.0020706 -0.00091756 0.00531
-0.057668 0.02058 0.72006 -0.3109 0.31064 -0.0027751 -0.0014522 -0.019271 0.013498 -0.0071659 0.0019102 0.0021592
-0.060532 0.039189 0.72307 -0.29897 0.30275 -0.00070445 -0.0028637 0.018609 0.0030123 0.011931 -0.0078875 0.0020706
-0.065563 0.031054 0.77652 -0.31375 0.31516 0.0014674 -0.0050312 -0.0081354 0.053442 -0.01478 0.012402 0.0021718
-0.068206 0.022185 0.80541 -0.321 0.3069 -0.016326 -0.0026434 -0.0088687 0.028894 -0.0072534 -0.0082598 -0.017794
-0.073491 0.018375 0.81953 -0.34573 0.32188 -0.01854 -0.0052845 -0.00381 0.014124 -0.024732 0.01498 -0.0022136
-0.073251 0.043155 0.78312 -0.35122 0.33946 -0.034414 0.00023954 0.02478 -0.036409 -0.0054839 0.017588 -0.015874
-0.074513 0.046767 0.773 -0.35761 0.33722 -0.028505 -0.0012619 0.003612 -0.010128 -0.0063941 -0.0022384 0.0059092
-0.07357 0.016803 0.79565 -0.36071 0.32546 -0.027098 0.00094351 -0.029963 0.022655 -0.0031027 -0.01176 0.0014069
