-7.2553e-05 0.0014452 -0.00056045 -0.00089808 -0.00046649 -0.00057017 0 0 0 0 0 0
-0.018982 -0.0056969 -0.030931 -0.013548 -0.012404 0.010924 -0.018909 -0.0071421 -0.030371 -0.01265 -0.011938 0.011494
-0.036122 0.025098 -0.044231 -0.034413 -0.021735 0.010353 -0.01714 0.030795 -0.0133 -0.020865 -0.0093303 -0.00057161
-0.039067 0.13624 -0.12296 -0.0601 -0.038924 0.0177 -0.0029456 0.11115 -0.078732 -0.025687 -0.017189 0.0073469
-0.037107 0.16624 -0.12508 -0.073025 -0.055878 0.0059121 0.0019598 0.029996 -0.0021169 -0.012925 -0.016954 -0.011788
-0.034948 0.17057 -0.14943 -0.058675 -0.07577 0.016692 0.0021595 0.0043303 -0.024346 0.014351 -0.019893 0.01078
-0.027377 0.13726 -0.13385 -0.058063 -0.084385 0.00932 0.0075711 -0.033313 0.015581 0.00061124 -0.0086147 -0.0073724
-0.030827 0.13691 -0.14906 -0.04832 -0.083179 0.011955 -0.0034506 -0.00034807 -0.015215 0.0097437 0.0012057 0.0026354
-0.033454 0.12623 -0.16114 -0.05902 -0.090001 0.003312 -0.0026264 -0.010675 -0.01208 -0.010701 -0.0068221 -0.0086434
-0.035922 0.11633 -0.17894 -0.052022 -0.097619 0.0038762 -0.0024683 -0.0099023 -0.017804 0.0069983 -0.0076175 0.00056415
-0.038604 0.083733 -0.16153 -0.063564 -0.10523 0.0051438 -0.0026819 -0.032598 0.01741 -0.011542 -0.0076115 0.0012676
-0.040232 0.082897 -0.151 -0.053699 -0.10829 0.014369 -0.001628 -0.00083576 0.010536 0.0098645 -0.0030634 0.0092257
-0.039601 0.12578 -0.14922 -0.068055 -0.10438 0.0080537 0.0006312 0.042878 0.0017742 -0.014355 0.0039106 -0.0063158
-0.041565 0.14751 -0.15736 -0.058453 -0.10824 0.0078759 -0.0019642 0.021735 -0.0081385 0.0096013 -0.0038533 -0.00017779
-0.038775 0.1395 -0.15724 -0.05539 -0.11097 -0.0018995 0.0027904 -0.0080075 0.00012584 0.0030632 -0.0027346 -0.0097753
-0.040391 0.10979 -0.1501 -0.068672 -0.10932 0.0031904 -0.001616 -0.029718 0.0071409 -0.013281 0.0016546 0.0050899
-0.041324 0.064113 -0.12149 -0.065954 -0.10462 0.00075619 -0.00093352 -0.045672 0.028604 0.0027174 0.0046937 -0.0024343
-0.03972 0.12479 -0.15758 -0.082099 -0.10224 0.0062036 0.0016046 0.060675 -0.036092 -0.016145 0.00238 0.0054474
-0.039346 0.15371 -0.19297 -0.069521 -0.11501 0.0013148 0.00037414 0.028925 -0.035382 0.012578 -0.012768 -0.0048889
-0.035354 0.14671 -0.22383 -0.05441 -0.12182 0.0038071 0.0039911 -0.0070042 -0.030862 0.015111 -0.0068135 0.0024924
-0.040088 0.11816 -0.24948 -0.051415 -0.12672 0.0020232 -0.0047338 -0.028548 -0.025654 0.0029945 -0.0048941 -0.001784
-0.037096 0.075091 -0.21833 -0.045826 -0.11423 0.0080114 0.0029925 -0.043069 0.031156 0.0055897 0.012488 0.0059882
-0.034091 0.15818 -0.25894 -0.048115 -0.11155 0.0099374 0.0030046 0.083091 -0.040615 -0.0022895 0.0026791 0.0019261
-0.030814 0.15866 -0.25471 -0.051353 -0.1115 0.010908 0.0032771 0.00048181 0.0042336 -0.0032374 5.459e-05 0.00097079
-0.030231 0.15343 -0.2574 -0.0345 -0.12625 0.015112 0.00058304 -0.0052354 -0.0026943 0.016852 -0.014748 0.004204
-0.038267 0.085001 -0.23432 -0.047789 -0.13229 0.013891 -0.0080361 -0.068428 0.023086 -0.013289 -0.0060436 -0.001221
-0.03718 0.10636 -0.22821 -0.031486 -0.14846 0.027708 0.0010874 0.021355 0.0061106 0.016303 -0.016174 0.013816
-0.034964 0.17966 -0.27576 -0.034185 -0.15869 0.024569 0.0022152 0.073308 -0.047558 -0.0026989 -0.010231 -0.0031388
-0.028982 0.17538 -0.2921 -0.020621 -0.16178 0.024872 0.0059823 -0.0042818 -0.016337 0.013564 -0.0030902 0.00030356
-0.030389 0.15692 -0.32761 -0.017057 -0.15658 0.0070457 -0.0014072 -0.018461 -0.035509 0.0035643 0.0052019 -0.017827
-0.032975 0.090511 -0.29251 -0.016871 -0.14428 0.0097257 -0.0025859 -0.06641 0.035101 0.00018647 0.0123 0.0026799
-0.031869 0.14539 -0.3346 -0.0050584 -0.13897 0.0019563 0.0011062 0.054884 -0.042095 0.011812 0.0053082 -0.0077694
-0.026642 0.16299 -0.33147 9.5813e-05 -0.13991 0.016478 0.0052269 0.017596 0.0031352 0.0051542 -0.00093484 0.014522
-0.026996 0.1552 -0.34616 0.0054108 -0.13517 0.01512 -0.00035426 -0.0077913 -0.014691 0.005315 0.0047353 -0.0013583
-0.02828 0.10997 -0.3329 -0.0072633 -0.12174 0.013759 -0.0012838 -0.045227 0.013259 -0.012674 0.013437 -0.0013613
-0.037705 0.11808 -0.32728 -0.00086645 -0.11796 0.020826 -0.0094245 0.0081129 0.0056207 0.0063968 0.0037798 0.0070669
-0.033924 0.17982 -0.35486 0.0099016 -0.13052 0.014272 0.0037811 0.061738 -0.027582 0.010768 -0.012567 -0.0065541
-0.036562 0.16389 -0.35314 0.020536 -0.15342 0.025674 -0.0026379 -0.015932 0.0017221 0.010634 -0.022894 0.011402
-0.035592 0.14865 -0.34619 0.014051 -0.19098 0.03834 0.00096977 -0.015244 0.0069467 -0.0064845 -0.037559 0.012666
-0.041678 0.087086 -0.3134 -0.013928 -0.18963 0.040018 -0.0060861 -0.061561 0.032793 -0.027979 0.001342 0.0016782
-0.034882 0.15476 -0.329 -0.013615 -0.20197 0.052344 0.0067964 0.067673 -0.015604 0.00031333 -0.012336 0.012326
-0.030583 0.17602 -0.33009 -0.012476 -0.1834 0.037131 0.0042989 0.021261 -0.0010857 0.0011387 0.018565 -0.015213
-0.023666 0.15909 -0.3305 0.0044753 -0.17942 0.036556 0.0069166 -0.016934 -0.00040515 0.016951 0.0039855 -0.00057561
-0.028673 0.11699 -0.30279 -0.0098626 -0.17122 0.026161 -0.0050073 -0.0421 0.027708 -0.014338 0.0081959 -0.010395
-0.030138 0.10511 -0.26404 -0.023314 -0.15798 0.014728 -0.0014648 -0.011875 0.038745 -0.013452 0.013245 -0.011433
-0.024478 0.14157 -0.25686 -0.040695 -0.16419 0.0071877 0.0056599 0.036455 0.0071856 -0.01738 -0.0062118 -0.0075399
-0.015557 0.14734 -0.23003 -0.031604 -0.15718 0.0065759 0.0089214 0.0057769 0.02683 0.0090904 0.0070139 -0.00061179
-0.018038 0.11596 -0.21857 -0.032493 -0.16796 0.014658 -0.0024809 -0.031384 0.011456 -0.00088848 -0.010788 0.008082
-0.022364 0.10757 -0.20219 -0.03142 -0.16279 0.021446 -0.0043263 -0.0083895 0.01638 0.0010728 0.0051718 0.006788
-0.024186 0.17009 -0.22257 -0.039262 -0.16181 0.013726 -0.0018222 0.062521 -0.020382 -0.007842 0.00098076 -0.0077196
-0.021494 0.17049 -0.21991 -0.043034 -0.15503 0.0058229 0.0026926 0.00040095 0.00266 -0.0037716 0.0067831 -0.0079034
-0.013294 0.1728 -0.23474 -0.03704 -0.14566 0.0007376 0.0081997 0.0023086 -0.014824 0.0059939 0.0093626 -0.0050853
-0.021154 0.12073 -0.22187 -0.039122 -0.13844 0.0076116 -0.0078604 -0.05207 0.012867 -0.0020824 0.0072227 0.006874
-0.017988 0.13314 -0.22142 -0.039619 -0.13929 0.016844 0.0031658 0.012409 0.00044573 -0.00049743 -0.00085218 0.0092326
-0.02149 0.18739 -0.24408 -0.062209 -0.13928 0.022774 -0.003502 0.054254 -0.022652 -0.022589 1.0326e-05 0.0059302
-0.013748 0.1529 -0.22031 -0.064534 -0.15137 0.021515 0.0077428 -0.034496 0.023768 -0.0023255 -0.012088 -0.0012596
-0.018178 0.13107 -0.20477 -0.10439 -0.14279 0.019255 -0.0044309 -0.021823 0.015538 -0.039854 0.0085864 -0.0022599
-0.023127 0.090919 -0.17013 -0.086449 -0.14255 0.015009 -0.0049484 -0.040155 0.034643 0.01794 0.00023763 -0.004246
-0.024184 0.15618 -0.20533 -0.091966 -0.14253 0.017026 -0.0010572 0.065261 -0.0352 -0.0055167 1.5734e-05 0.0020167
-0.025329 0.16957 -0.20567 -0.07149 -0.13714 0.017182 -0.0011448 0.013394 -0.0003456 0.020476 0.0053886 0.00015685
-0.023962 0.16889 -0.21659 -0.069178 -0.14491 0.016354 0.0013665 -0.00068514 -0.010917 0.0023119 -0.007766 -0.00082812
-0.022061 0.10375 -0.16899 -0.084755 -0.1337 0.01872 0.0019011 -0.065142 0.047602 -0.015577 0.011207 0.0023655
-0.030756 0.0793 -0.13866 -0.096428 -0.11206 0.019532 -0.0086949 -0.024447 0.030332 -0.011673 0.021638 0.0008123
-0.028895 0.13455 -0.13301 -0.10534 -0.10816 0.018382 0.0018612 0.055252 0.0056435 -0.0089135 0.0038992 -0.0011503
-0.01831 0.17213 -0.19238 -0.1111 -0.15279 0.016222 0.010585 0.037574 -0.059368 -0.0057629 -0.044621 -0.0021602
-0.021887 0.18489 -0.19482 -0.10679 -0.15752 0.0057628 -0.0035765 0.012764 -0.0024358 0.0043155 -0.0047307 -0.010459
-0.0023137 0.18644 -0.29551 -0.082997 -0.2384 0.0022189 0.019573 0.0015491 -0.1007 0.023792 -0.080887 -0.0035439
-0.02704 0.13566 -0.18854 -0.10509 -0.146 0.0047564 -0.024726 -0.050776 0.10697 -0.02209 0.092401 0.0025375
-0.017931 0.22165 -0.25319 -0.078256 -0.17675 0.011146 0.0091082 0.085984 -0.064651 0.026831 -0.030744 0.00639
-0.025109 0.22777 -0.16498 -0.12661 -0.12085 0.013628 -0.0071776 0.0061239 0.088214 -0.048351 0.055897 0.0024819
-0.019079 0.2444 -0.33102 -0.075553 -0.14427 0.039155 0.0060301 0.016631 -0.16604 0.051054 -0.023419 0.025527
-0.031287 0.1301 -0.19499 -0.19577 -0.11328 0.0062934 -0.012208 -0.11431 0.13603 -0.12021 0.030986 -0.032862
-0.04057 0.095468 0.065848 -0.172 -0.1533 -0.012482 -0.0092832 -0.034629 0.26084 0.023768 -0.040018 -0.018775
-0.022862 0.43684 -0.61812 0.20851 -0.20972 0.0098263 0.017708 0.34137 -0.68397 0.38051 -0.05642 0.022308
0.009957 0.60401 -1.3829 0.80564 -0.3516 0.013113 0.032819 0.16718 -0.76478 0.59713 -0.14188 0.0032872
0.060601 1.0731 -3.7206 1.7777 -0.43119 0.18328 0.050644 0.46911 -2.3377 0.97206 -0.079598 0.17016
0.069025 0.73716 -4.6783 2.0907 -0.43549 0.1866 0.0084241 -0.33597 -0.95768 0.313 -0.0042965 0.0033277
0.078535 0.73572 -5.3226 2.1537 -0.41078 0.24101 0.0095104 -0.0014376 -0.64436 0.062963 0.024709 0.054407
0.073238 0.56338 -5.1317 1.9702 -0.36509 0.2085 -0.0052969 -0.17234 0.19096 -0.18345 0.045693 -0.032516
0.06804 0.53815 -4.8319 1.8418 -0.38915 0.17757 -0.0051987 -0.025233 0.2998 -0.12845 -0.024062 -0.030925
0.065235 0.64085 -5.0174 1.975 -0.40992 0.21509 -0.0028048 0.1027 -0.18549 0.13328 -0.020766 0.037523
0.056072 0.49846 -5.1243 2.0377 -0.449 0.21502 -0.0091636 -0.14239 -0.10692 0.062665 -0.039079 -7.0633e-05
0.059176 0.58804 -5.1963 2.064 -0.44539 0.23152 0.0031045 0.089579 -0.072025 0.026315 0.0036025 0.016494
0.065014 0.57191 -5.2282 2.0566 -0.43826 0.23885 0.0058385 -0.016123 -0.031859 -0.0074141 0.0071336 0.0073357
0.071731 0.5435 -5.1981 2.0082 -0.41257 0.21569 0.006717 -0.028416 0.030012 -0.048446 0.025692 -0.023162
0.074899 0.50357 -5.1899 2.0211 -0.41986 0.21993 0.0031675 -0.039927 0.008214 0.012901 -0.0072948 0.0042375
0.080167 0.47262 -5.1978 2.0326 -0.43028 0.22899 0.0052678 -0.030954 -0.0078383 0.011497 -0.010418 0.0090666
0.093292 0.57713 -5.2467 2.1136 -0.45648 0.23169 0.013125 0.10451 -0.048947 0.081029 -0.026198 0.0026964
0.089415 0.54312 -5.2019 2.0845 -0.464 0.23643 -0.0038767 -0.034011 0.044859 -0.029094 -0.0075193 0.0047421
0.10418 0.52848 -5.2528 2.1313 -0.45705 0.22609 0.014764 -0.014642 -0.050941 0.046804 0.006947 -0.010347
0.10628 0.41674 -5.2096 2.0819 -0.4441 0.22514 0.0020985 -0.11173 0.043165 -0.049428 0.01295 -0.00094661
0.057722 0.48444 -5.231 2.1488 -0.47459 0.24683 -0.048555 0.067696 -0.021327 0.066977 -0.030487 0.021693
0.081185 0.56054 -5.2693 2.1655 -0.46133 0.24002 0.023463 0.076101 -0.038332 0.016689 0.013255 -0.0068087
0.18188 0.54877 -5.4173 2.231 -0.43554 0.19027 0.10069 -0.011765 -0.14805 0.065465 0.025798 -0.049748
0.035911 0.5411 -5.3048 2.3165 -0.5381 0.28678 -0.14597 -0.0076762 0.11253 0.085461 -0.10257 0.096507
-0.074308 0.43299 -5.0223 2.114 -0.57099 0.35944 -0.11022 -0.10811 0.28249 -0.20245 -0.032887 0.072659
-1.0616 0.38498 -4.2866 2.0789 -1.2164 0.077411 -0.98733 -0.048008 0.73575 -0.035145 -0.64538 -0.28203
-1.4669 0.40818 -4.0867 2.1382 -1.3884 -0.10617 -0.4053 0.023202 0.1999 0.059313 -0.172 -0.18358
-1.893 0.3075 -3.9179 2.1688 -1.7458 -0.71933 -0.4261 -0.10068 0.16874 0.030651 -0.35741 -0.61316
-1.4252 0.44872 -4.4131 2.5835 -1.2212 -0.44328 0.46787 0.14122 -0.49514 0.41468 0.52463 0.27606
-0.83511 0.36216 -4.221 2.0581 -0.76009 -0.2607 0.59006 -0.086569 0.19207 -0.52546 0.46107 0.18257
-0.48271 0.5022 -4.2633 2.0604 -0.23838 0.062595 0.35239 0.14004 -0.042325 0.0023656 0.52171 0.3233
-0.32805 0.48955 -4.036 1.7104 -0.17989 0.16472 0.15467 -0.01265 0.22735 -0.34997 0.058494 0.10212
-0.36292 0.60758 -4.1169 1.7485 -0.18546 0.057901 -0.034874 0.11803 -0.080903 0.038012 -0.0055677 -0.10681
-0.36538 0.60674 -4.1588 1.8173 -0.30252 0.075802 -0.0024594 -0.00083664 -0.041947 0.068825 -0.11706 0.017901
-0.32209 0.5862 -4.1083 1.719 -0.25611 0.10165 0.043291 -0.020541 0.050515 -0.098322 0.046405 0.025853
-0.32431 0.53697 -4.0171 1.7164 -0.27423 0.090586 -0.0022194 -0.049229 0.091261 -0.002574 -0.018112 -0.011069
-0.3276 0.54459 -3.9755 1.6597 -0.3025 0.093024 -0.0032904 0.0076165 0.041563 -0.056724 -0.028273 0.0024386
-0.32361 0.55412 -3.8843 1.6613 -0.35977 0.095079 0.0039862 0.0095308 0.091201 0.00162 -0.057267 0.0020551
-0.32079 0.54758 -3.8184 1.5968 -0.38032 0.098125 0.0028219 -0.0065445 0.065864 -0.064447 -0.020559 0.0030459
-0.31811 0.53049 -3.7779 1.5847 -0.38424 0.10467 0.0026836 -0.017082 0.040533 -0.012087 -0.0039139 0.0065426
-0.31646 0.52041 -3.8634 1.6036 -0.34043 0.096301 0.0016471 -0.010086 -0.085486 0.018814 0.043809 -0.0083671
-0.31213 0.64503 -3.9366 1.6141 -0.37026 0.087351 0.0043285 0.12462 -0.073217 0.010526 -0.029834 -0.00895
-0.31139 0.61178 -4.0913 1.6553 -0.30849 0.070033 0.0007406 -0.033248 -0.15473 0.041227 0.061776 -0.017318
-0.28571 0.68167 -4.3241 1.6841 -0.35656 0.10246 0.025686 0.069887 -0.23277 0.02875 -0.048078 0.032432
-0.25654 0.57092 -4.7913 1.7405 -0.25296 0.12919 0.029167 -0.11075 -0.46719 0.056431 0.10361 0.026725
-0.18955 0.59728 -5.3512 1.9887 -0.31201 0.22622 0.066989 0.026358 -0.55996 0.24821 -0.059052 0.09703
-0.20404 0.58993 -5.4599 2.0282 -0.27974 0.20699 -0.014492 -0.0073528 -0.10866 0.039513 0.032268 -0.019226
-0.19207 0.63972 -5.4309 2.0865 -0.30919 0.21492 0.011971 0.049796 0.029036 0.058302 -0.029448 0.0079289
-0.2587 0.69996 -5.0358 1.8716 -0.29505 0.14726 -0.066625 0.060239 0.39508 -0.21494 0.014143 -0.067663
-0.24192 0.62515 -5.0234 1.7379 -0.23674 0.17405 0.016775 -0.074818 0.012415 -0.13372 0.058308 0.026789
-0.2361 0.60251 -5.0346 1.6923 -0.24481 0.20456 0.0058217 -0.022638 -0.011194 -0.045577 -0.008072 0.030508
-0.20855 0.45755 -5.1203 1.7196 -0.21106 0.25147 0.027547 -0.14495 -0.085732 0.027309 0.033753 0.046913
-0.19011 0.53785 -5.1817 1.7662 -0.24558 0.26801 0.018439 0.080295 -0.06136 0.046613 -0.034517 0.016544
-0.18577 0.56152 -5.2054 1.7714 -0.23799 0.25518 0.0043413 0.023671 -0.02378 0.0052282 0.0075845 -0.012829
-0.18568 0.5826 -5.2629 1.7784 -0.28014 0.23065 9.6271e-05 0.021077 -0.057464 0.0069208 -0.04215 -0.024538
-0.18738 0.53554 -5.2829 1.7816 -0.27926 0.21663 -0.0017085 -0.047061 -0.019966 0.0032814 0.00088321 -0.014014
-0.19467 0.45742 -5.2397 1.7994 -0.29494 0.22602 -0.0072894 -0.078113 0.043138 0.017746 -0.015676 0.0093879
-0.18393 0.53818 -5.2912 1.8137 -0.28236 0.23808 0.010745 0.080758 -0.051512 0.014338 0.012572 0.012055
-0.17828 0.59455 -5.3763 1.8403 -0.29324 0.24143 0.0056486 0.056364 -0.08507 0.026609 -0.01088 0.0033576
-0.17308 0.58765 -5.4468 1.8778 -0.32213 0.22492 0.0052022 -0.0068911 -0.070459 0.037474 -0.028883 -0.016518
-0.1791 0.54512 -5.5174 1.8823 -0.32819 0.20378 -0.0060236 -0.042531 -0.070634 0.004446 -0.0060615 -0.021131
-0.18441 0.45502 -5.4446 1.8821 -0.34322 0.20591 -0.0053113 -0.090102 0.072822 -0.00011325 -0.015033 0.0021288
-0.17261 0.55009 -5.488 1.8825 -0.31166 0.22299 0.011807 0.095071 -0.043374 0.00033986 0.031561 0.017077
-0.17227 0.5682 -5.4593 1.895 -0.33831 0.219 0.00033805 0.01811 0.028614 0.012476 -0.026644 -0.0039916
-0.18263 0.55502 -5.4626 1.9029 -0.36583 0.2009 -0.010366 -0.013182 -0.0032762 0.0079838 -0.027525 -0.018094
-0.21161 0.52185 -5.452 1.9006 -0.42138 0.1477 -0.028977 -0.033166 0.0106 -0.0023665 -0.055552 -0.053206
-0.21544 0.50079 -5.427 1.8787 -0.42409 0.163 -0.0038255 -0.021064 0.02498 -0.021917 -0.0027103 0.015305
-0.2012 0.63853 -5.4633 1.8752 -0.40302 0.16762 0.014239 0.13774 -0.036246 -0.0034764 0.02107 0.0046135
-0.166 0.6627 -5.4994 1.9361 -0.3669 0.21874 0.035194 0.024167 -0.036116 0.060935 0.036122 0.051127
-0.16549 0.67583 -5.5082 1.9487 -0.34926 0.21066 0.00051205 0.013133 -0.0088372 0.012543 0.01764 -0.0080801
-0.16545 0.59045 -5.5143 2.0012 -0.33877 0.20922 4.0325e-05 -0.085379 -0.0060143 0.052537 0.010486 -0.0014428
-0.17486 0.62527 -5.5244 1.9895 -0.34809 0.19896 -0.0094056 0.034814 -0.010143 -0.011733 -0.0093182 -0.010257
-0.17136 0.69249 -5.5398 2.023 -0.32749 0.19383 0.0034937 0.067222 -0.015361 0.033493 0.020602 -0.0051296
-0.17032 0.72302 -5.5618 2.0718 -0.3579 0.19421 0.0010386 0.030525 -0.022061 0.048831 -0.03041 0.00037513
-0.16906 0.71792 -5.5693 2.1026 -0.38104 0.18936 0.0012688 -0.0050914 -0.007478 0.030787 -0.023137 -0.0048451
-0.17788 0.62215 -5.5404 2.0844 -0.38501 0.20828 -0.0088234 -0.095773 0.02888 -0.018205 -0.003974 0.01892
-0.17879 0.6413 -5.5645 2.0671 -0.37865 0.21 -0.0009068 0.019145 -0.024113 -0.017275 0.0063636 0.0017133
-0.16794 0.66885 -5.6164 2.0925 -0.38834 0.2222 0.010842 0.027551 -0.051863 0.025411 -0.0096926 0.012197
-0.17741 0.66784 -5.7366 2.1702 -0.34972 0.20153 -0.0094709 -0.0010112 -0.12022 0.077699 0.038625 -0.020664
-0.17184 0.63092 -5.7755 2.1778 -0.37094 0.18554 0.0055736 -0.036911 -0.038878 0.0076091 -0.02122 -0.01599
-0.17942 0.56913 -5.8169 2.2852 -0.5331 0.17527 -0.0075816 -0.061793 -0.041395 0.10743 -0.16216 -0.010267
-0.18448 0.61231 -5.8321 2.2836 -0.34835 0.21122 -0.0050605 0.043181 -0.015161 -0.0016152 0.18475 0.035941
-0.14505 0.7086 -5.9597 2.5165 -0.5522 0.23316 0.039428 0.096286 -0.12765 0.23291 -0.20386 0.021943
-0.12397 0.76552 -6.1727 2.6767 -0.4613 0.32901 0.021086 0.056922 -0.21302 0.1602 0.090907 0.095852
-0.21263 0.73495 -6.1005 2.6192 -0.174 0.35141 -0.088657 -0.030575 0.072217 -0.057552 0.28729 0.022399
-0.11726 0.66057 -6.0996 2.8652 -0.68172 0.39883 0.095366 -0.074379 0.00093926 0.24597 -0.50772 0.047416
0.0027525 0.96688 -6.8363 2.75 -0.37656 0.41452 0.12001 0.30631 -0.73673 -0.11515 0.30517 0.015697
0.26799 1.2295 -7.5339 2.7556 -0.95493 0.34356 0.26523 0.26266 -0.69761 0.0056373 -0.57838 -0.070965
0.54338 1.5246 -8.5526 1.999 -1.4129 0.34661 0.27539 0.29503 -1.0187 -0.75669 -0.45797 0.0030497
0.36523 1.2806 -8.1017 0.73827 -0.96818 0.23453 -0.17815 -0.24398 0.45088 -1.2607 0.44472 -0.11208
0.37936 0.58994 -6.8142 -0.33118 -1.5257 0.22505 0.014134 -0.69064 1.2875 -1.0695 -0.55751 -0.0094782
0.17471 0.2642 -5.9864 -0.96509 -0.74858 0.19605 -0.20465 -0.32574 0.82781 -0.63391 0.77711 -0.028997
0.2135 0.022987 -5.3158 -0.65943 -0.81055 0.23005 0.038788 -0.24121 0.67062 0.30566 -0.061974 0.034003
0.22181 0.33247 -5.84 -0.29792 -0.65865 0.2863 0.0083071 0.30949 -0.52417 0.36151 0.15191 0.056244
0.16053 0.49023 -6.215 0.17914 -0.37957 0.31413 -0.061279 0.15776 -0.37503 0.47706 0.27908 0.027835
0.12503 0.4774 -6.3405 0.21712 -0.39379 0.28019 -0.035504 -0.012835 -0.12549 0.037973 -0.014217 -0.033943
0.092566 0.44932 -6.4308 0.30109 -0.28472 0.25819 -0.03246 -0.028073 -0.090298 0.08397 0.10907 -0.021996
0.08433 0.45636 -6.3798 0.3122 -0.24535 0.22602 -0.0082353 0.0070415 0.050935 0.011112 0.03937 -0.032177
0.11332 0.55783 -6.5481 0.38782 -0.31896 0.26063 0.028988 0.10146 -0.16827 0.075619 -0.073613 0.034618
0.11697 0.53859 -6.552 0.51824 -0.34291 0.26614 0.003654 -0.019236 -0.0038425 0.13042 -0.023945 0.0055027
0.15072 0.48063 -6.4472 0.60717 -0.41749 0.27596 0.033751 -0.057958 0.10476 0.088935 -0.074589 0.0098185
0.11413 0.33398 -6.0622 0.6806 -0.4025 0.26362 -0.036598 -0.14665 0.38499 0.073426 0.014994 -0.012335
0.12942 0.42149 -5.8873 0.69672 -0.41502 0.27476 0.015298 0.087515 0.17495 0.016123 -0.012516 0.011136
0.09967 0.55117 -6.0409 0.66826 -0.28414 0.27517 -0.029754 0.12967 -0.15363 -0.028459 0.13088 0.00041663
0.10568 0.60367 -6.193 0.61115 -0.28179 0.29385 0.0060117 0.052502 -0.15207 -0.057112 0.0023445 0.018672
0.10809 0.58956 -6.3776 0.60598 -0.25678 0.28634 0.0024087 -0.014108 -0.18468 -0.0051684 0.025011 -0.0075088
0.098993 0.50593 -6.3334 0.61076 -0.27888 0.30847 -0.0090976 -0.083628 0.044278 0.0047784 -0.022095 0.022135
0.10258 0.52675 -6.3114 0.67583 -0.2984 0.30044 0.0035859 0.02082 0.021944 0.065067 -0.019519 -0.0080278
0.10407 0.59664 -6.3634 0.68053 -0.28881 0.31273 0.001487 0.069887 -0.052014 0.0047061 0.0095824 0.012286
0.10508 0.63544 -6.3954 0.7114 -0.28529 0.30387 0.0010127 0.038799 -0.031931 0.030861 0.0035257 -0.0088572
0.10188 0.58237 -6.3635 0.65787 -0.27558 0.29555 -0.0031998 -0.053069 0.031864 -0.053526 0.0097121 -0.0083185
0.09723 0.53105 -6.3575 0.63286 -0.26632 0.29769 -0.0046485 -0.05132 0.0060344 -0.025014 0.009253 0.0021313
0.086914 0.4681 -6.3469 0.56594 -0.24213 0.29629 -0.010316 -0.062954 0.010543 -0.066917 0.024197 -0.0013957
0.08437 0.49946 -6.3805 0.53905 -0.22772 0.30701 -0.0025439 0.031366 -0.033551 -0.026891 0.014412 0.010716
0.085628 0.57474 -6.4132 0.54927 -0.22293 0.31335 0.0012583 0.075275 -0.03268 0.010226 0.0047902 0.006343
0.089732 0.63564 -6.4323 0.60783 -0.24775 0.30789 0.0041043 0.060898 -0.019144 0.058552 -0.024827 -0.0054634
0.094599 0.63104 -6.4376 0.67508 -0.26981 0.30456 0.0048668 -0.0045981 -0.0052885 0.067256 -0.022062 -0.0033285
0.097047 0.59222 -6.432 0.73214 -0.29106 0.30385 0.002448 -0.038815 0.005602 0.057061 -0.021245 -0.00070729
0.091829 0.52855 -6.4112 0.7392 -0.27964 0.31214 -0.0052177 -0.063672 0.020809 0.0070541 0.011416 0.0082897
0.092691 0.57062 -6.4124 0.74223 -0.27112 0.32553 0.00086134 0.042072 -0.0011935 0.0030297 0.0085282 0.013392
0.088537 0.61224 -6.4173 0.7333 -0.26181 0.33041 -0.0041535 0.041615 -0.0049201 -0.0089246 0.0093046 0.0048793
0.092618 0.61957 -6.4253 0.74988 -0.27303 0.33383 0.0040804 0.0073327 -0.008036 0.016576 -0.011223 0.0034175
0.091249 0.61039 -6.4212 0.74838 -0.26775 0.32968 -0.0013687 -0.0091774 0.004135 -0.0014974 0.0052881 -0.0041513
0.08991 0.55554 -6.401 0.74244 -0.27548 0.33476 -0.0013386 -0.054856 0.020188 -0.0059398 -0.0077388 0.0050799
0.090327 0.59992 -6.4131 0.74257 -0.26362 0.32856 0.00041667 0.044383 -0.012117 0.00013078 0.011861 -0.0062012
0.090475 0.60063 -6.4085 0.75213 -0.2706 0.33344 0.00014802 0.00070562 0.0046285 0.0095621 -0.0069772 0.0048827
0.093626 0.59091 -6.4194 0.76397 -0.27139 0.33189 0.0031512 -0.0097184 -0.010909 0.011835 -0.00079056 -0.0015471
0.092464 0.56539 -6.4031 0.76782 -0.27357 0.33628 -0.0011624 -0.025517 0.016309 0.0038516 -0.0021785 0.0043872
0.09329 0.54278 -6.3959 0.75167 -0.2777 0.33989 0.00082654 -0.022612 0.0071922 -0.01615 -0.0041292 0.0036141
0.093169 0.62575 -6.4183 0.77403 -0.27857 0.33611 -0.00012133 0.08297 -0.022402 0.022364 -0.00087293 -0.0037872
0.095323 0.62843 -6.4341 0.77996 -0.28141 0.32659 0.0021544 0.0026784 -0.015768 0.0059289 -0.0028332 -0.0095139
0.09257 0.61276 -6.4453 0.799 -0.28506 0.32667 -0.0027532 -0.015667 -0.011216 0.019038 -0.003653 8.1976e-05
0.091084 0.57895 -6.4332 0.77621 -0.27668 0.32075 -0.0014861 -0.033815 0.012056 -0.02279 0.008374 -0.0059223
0.087552 0.54461 -6.4218 0.78914 -0.27469 0.33632 -0.0035318 -0.034335 0.011403 0.01293 0.0019948 0.015573
0.089898 0.62805 -6.4427 0.80118 -0.27598 0.33767 0.0023461 0.083437 -0.020837 0.012034 -0.0012879 0.0013444
0.094553 0.66968 -6.4912 0.86795 -0.28288 0.34027 0.0046547 0.041633 -0.04858 0.066771 -0.0069019 0.0025993
0.09819 0.70158 -6.5149 0.89734 -0.30443 0.33508 0.0036368 0.031902 -0.023694 0.029393 -0.021555 -0.0051919
0.10194 0.65149 -6.5173 0.91459 -0.30645 0.33777 0.0037494 -0.050091 -0.0023579 0.017249 -0.002013 0.0026916
0.097296 0.60864 -6.5037 0.92281 -0.28058 0.3322 -0.0046433 -0.042852 0.013595 0.0082185 0.025868 -0.0055659
0.089985 0.57716 -6.4713 0.89683 -0.26368 0.3431 -0.0073105 -0.031481 0.032384 -0.025976 0.016898 0.010894
0.086238 0.64493 -6.507 0.92071 -0.21824 0.32701 -0.0037478 0.067773 -0.035722 0.02388 0.045442 -0.016086
0.083979 0.7184 -6.5065 0.89354 -0.23975 0.32609 -0.0022584 0.073469 0.00059116 -0.027172 -0.021515 -0.00092149
0.0919 0.69131 -6.508 0.90153 -0.23778 0.32081 0.0079208 -0.027091 -0.0014998 0.0079899 0.0019765 -0.0052742
0.094206 0.67824 -6.5085 0.87963 -0.26061 0.32225 0.0023059 -0.013071 -0.00053127 -0.021897 -0.022834 0.0014353
0.094623 0.59228 -6.4697 0.87121 -0.25726 0.33303 0.00041738 -0.085959 0.038733 -0.0084266 0.0033469 0.010781
0.092917 0.62566 -6.488 0.87534 -0.2563 0.33555 -0.001706 0.03338 -0.018217 0.0041379 0.00095953 0.0025189
0.093429 0.69603 -6.494 0.89923 -0.26409 0.33586 0.00051137 0.070367 -0.0060547 0.023886 -0.0077886 0.00031413
0.09547 0.69509 -6.4998 0.93582 -0.27459 0.33172 0.0020411 -0.00093364 -0.0057361 0.036589 -0.010492 -0.0041392
0.09879 0.68805 -6.5202 0.94958 -0.29088 0.32568 0.0033198 -0.0070407 -0.020467 0.013761 -0.016294 -0.0060418
0.09854 0.64925 -6.4813 0.93407 -0.27882 0.33167 -0.00024993 -0.038804 0.03888 -0.015512 0.012057 0.0059881
0.097816 0.6144 -6.4609 0.8946 -0.26951 0.33685 -0.00072349 -0.034851 0.020447 -0.039466 0.0093073 0.0051829
0.10033 0.70351 -6.4429 0.87808 -0.25176 0.34945 0.0025155 0.08911 0.018007 -0.016522 0.017757 0.012595
0.10048 0.68603 -6.4469 0.89393 -0.25572 0.34315 0.000153 -0.017481 -0.0040484 0.015846 -0.0039593 -0.0062945
0.09942 0.69693 -6.4844 0.91315 -0.26432 0.34227 -0.0010646 0.010905 -0.037442 0.019229 -0.0086067 -0.00088344
0.096457 0.66026 -6.4868 0.92592 -0.27013 0.33535 -0.0029636 -0.036674 -0.0024126 0.012767 -0.0058098 -0.0069209
0.090908 0.61774 -6.4927 0.91646 -0.26623 0.33756 -0.0055484 -0.042523 -0.0059189 -0.0094582 0.0039078 0.0022154
0.094427 0.69528 -6.5111 0.9118 -0.27428 0.33841 0.0035186 0.077544 -0.018437 -0.0046675 -0.0080579 0.00084591
0.097978 0.69801 -6.5245 0.93335 -0.27184 0.33303 0.0035515 0.0027304 -0.013342 0.021556 0.0024448 -0.0053797
0.098975 0.67979 -6.5437 0.93621 -0.29571 0.3318 0.00099686 -0.018225 -0.01923 0.0028601 -0.02387 -0.0012342
0.098391 0.652 -6.522 0.93436 -0.28049 0.32692 -0.00058405 -0.027783 0.02172 -0.0018554 0.015217 -0.0048712
0.094252 0.59373 -6.5047 0.9139 -0.28643 0.33331 -0.0041394 -0.058268 0.017281 -0.020458 -0.0059386 0.00639
0.10085 0.69704 -6.5226 0.89776 -0.27347 0.32534 0.0065989 0.10331 -0.017881 -0.016142 0.012965 -0.0079765
0.10512 0.69524 -6.5279 0.91479 -0.27462 0.32973 0.0042716 -0.0017999 -0.0052929 0.017034 -0.0011579 0.0043882
0.10804 0.69499 -6.5477 0.91813 -0.28192 0.32319 0.00292 -0.0002556 -0.019777 0.00334 -0.0072993 -0.0065322
0.10501 0.65328 -6.5179 0.95011 -0.27206 0.3316 -0.0030318 -0.041702 0.029743 0.03198 0.0098661 0.0084065
0.099279 0.6169 -6.5128 0.96507 -0.27871 0.32651 -0.0057309 -0.036382 0.0050978 0.014964 -0.0066531 -0.0050898
0.10155 0.72352 -6.5508 0.98615 -0.26146 0.32822 0.0022701 0.10662 -0.037959 0.021075 0.017248 0.0017137
0.10663 0.72386 -6.5586 1.0108 -0.26846 0.32329 0.0050822 0.00034 -0.0077723 0.024665 -0.006998 -0.004938
0.10947 0.70706 -6.5771 1.0196 -0.26765 0.30878 0.0028356 -0.016799 -0.018493 0.0088147 0.00081025 -0.014508
0.10424 0.66592 -6.5576 1.0014 -0.26777 0.31587 -0.005227 -0.041137 0.019423 -0.018229 -0.00011895 0.0070906
0.10208 0.62328 -6.5479 0.98859 -0.25571 0.31569 -0.0021611 -0.042641 0.0097495 -0.012813 0.012056 -0.00017709
0.10297 0.72868 -6.5726 1.0014 -0.26458 0.32112 0.00089366 0.1054 -0.024704 0.012821 -0.008864 0.0054321
0.10793 0.729 -6.5757 1.0224 -0.27298 0.32299 0.0049532 0.0003176 -0.0030744 0.02103 -0.0084056 0.0018618
0.11264 0.70302 -6.5619 1.0346 -0.28481 0.31458 0.0047136 -0.025981 0.013718 0.012117 -0.011826 -0.0084015
0.10835 0.64491 -6.5616 1.011 -0.26013 0.31859 -0.004287 -0.058109 0.0003236 -0.023587 0.024675 0.0040018
0.10461 0.64165 -6.5861 0.97112 -0.24187 0.32751 -0.0037383 -0.0032591 -0.024452 -0.039851 0.018268 0.008922
0.1217 0.65301 -6.4733 0.98956 -0.28389 0.31476 0.017085 0.011355 0.11274 0.01844 -0.042028 -0.012753
0.090515 0.60012 -6.3657 0.96554 -0.30446 0.29935 -0.031185 -0.052889 0.10762 -0.024019 -0.020562 -0.015409
0.041126 0.51555 -5.7285 0.6858 -0.20244 0.32923 -0.049389 -0.084568 0.63725 -0.27974 0.10201 0.029881
-0.047686 0.11091 -4.7755 0.39518 -0.061694 0.19213 -0.088812 -0.40464 0.95298 -0.29062 0.14075 -0.1371
-0.19315 -0.30354 -3.5394 0.11923 -0.14413 -0.21646 -0.14546 -0.41445 1.2361 -0.27595 -0.082435 -0.40859
-0.32462 -1.2318 -2.2689 -0.81477 -0.18818 -0.59985 -0.13147 -0.92829 1.2705 -0.934 -0.044055 -0.38339
-0.38311 -1.6543 -1.9348 -0.66076 -0.3729 -1.0821 -0.058486 -0.42243 0.33408 0.15401 -0.18471 -0.48225
-0.4641 -1.876 -1.1565 -1.8814 0.092679 -0.79884 -0.080989 -0.22173 0.77834 -1.2207 0.46557 0.28326
-0.29377 -1.2579 -1.1444 -1.2154 0.3682 -0.6227 0.17033 0.61804 0.012142 0.66602 0.27552 0.17615
-0.3061 -0.72882 -0.1986 -1.6789 0.64848 -0.24281 -0.012334 0.52912 0.94576 -0.46346 0.28028 0.37989
-0.18116 -0.21632 -0.27647 -1.5264 0.60104 -0.14576 0.12494 0.5125 -0.077863 0.15243 -0.047442 0.097049
-0.17643 -0.22184 -0.097637 -1.658 0.47903 -0.15897 0.0047346 -0.0055179 0.17883 -0.1316 -0.12202 -0.013208
-0.18574 -0.18961 -0.32914 -1.9058 0.5462 -0.13566 -0.0093166 0.032228 -0.2315 -0.24774 0.067175 0.023308
-0.15943 -0.27221 -0.33875 -1.8316 0.56191 -0.14575 0.026313 -0.0826 -0.0096142 0.074202 0.01571 -0.010084
-0.19549 -0.19607 -0.32186 -1.7909 0.59972 -0.14436 -0.036057 0.07614 0.016892 0.040637 0.037812 0.0013846
-0.20869 -0.065125 -0.53162 -1.7025 0.60712 -0.11824 -0.013197 0.13095 -0.20976 0.088459 0.0073942 0.026118
-0.19027 -0.19336 -0.24896 -1.8403 0.608 -0.068212 0.018417 -0.12823 0.28265 -0.13787 0.00088295 0.050031
-0.19654 -0.081067 -0.18626 -1.6658 0.49969 -0.050716 -0.0062666 0.11229 0.062704 0.17454 -0.10831 0.017495
-0.2462 -0.024617 -0.59327 -1.3939 0.46998 -0.021902 -0.049661 0.05645 -0.40701 0.27188 -0.029708 0.028815
-0.18871 0.12771 -1.1948 -0.74396 0.15856 0.031193 0.057488 0.15233 -0.60153 0.64996 -0.31142 0.053094
-0.2636 0.35994 -2.48 0.052017 0.27559 0.10118 -0.074887 0.23223 -1.2852 0.79598 0.11703 0.069988
-0.062173 0.074772 -2.4866 0.37528 0.032778 0.26444 0.20142 -0.28517 -0.0065461 0.32326 -0.24281 0.16326
-0.062168 0.10647 -2.9382 1.1668 0.20522 0.44601 5.7357e-06 0.0317 -0.4516 0.7915 0.17244 0.18156
0.044917 -0.0076642 -2.9908 1.7295 0.056762 0.52604 0.10708 -0.11414 -0.052661 0.56277 -0.14846 0.080035
0.0080019 0.22208 -3.2298 2.5733 0.13148 0.63259 -0.036915 0.22975 -0.23896 0.84371 0.074721 0.10654
-0.065843 0.13855 -2.5688 2.5218 0.1319 0.44929 -0.073844 -0.083537 0.66094 -0.051421 0.00041813 -0.1833
-0.11426 0.26831 -2.4033 2.1557 0.16598 0.39893 -0.048416 0.12976 0.16555 -0.36609 0.034078 -0.05036
-0.14718 0.056641 -1.9353 1.4466 0.2744 0.23552 -0.032921 -0.21167 0.46804 -0.70919 0.10842 -0.16341
-0.093586 0.23381 -3.1458 1.385 0.24998 0.28493 0.053594 0.17717 -1.2105 -0.061533 -0.024418 0.049409
-0.064551 0.27239 -3.829 1.393 0.34046 0.28294 0.029035 0.038582 -0.68322 0.008022 0.090481 -0.0019935
-0.038619 0.32246 -4.4401 1.5253 0.31282 0.37093 0.025931 0.050067 -0.6111 0.13223 -0.027644 0.08799
-0.078369 0.41564 -4.685 1.3006 0.32501 0.35275 -0.03975 0.09318 -0.24497 -0.22465 0.012192 -0.018179
-0.094614 0.33642 -4.5963 1.0599 0.29815 0.3222 -0.016244 -0.07922 0.088719 -0.24076 -0.02686 -0.030552
-0.11017 0.37463 -4.7441 1.0124 0.2746 0.29061 -0.015558 0.038206 -0.14778 -0.047421 -0.023555 -0.031585
-0.1163 0.35126 -4.7535 1.0199 0.30727 0.24224 -0.0061252 -0.023363 -0.0093857 0.0075087 0.032669 -0.048371
-0.12309 0.42988 -4.8251 1.1548 0.3291 0.25334 -0.0067897 0.078612 -0.071611 0.1349 0.02183 0.011099
-0.13077 0.44025 -4.8737 1.2317 0.30801 0.26279 -0.0076797 0.010377 -0.048625 0.076822 -0.021083 0.0094461
-0.112 0.48419 -5.0371 1.2569 0.23723 0.26784 0.018765 0.043939 -0.16334 0.025185 -0.070779 0.0050495
-0.093106 0.48456 -5.0841 1.4037 0.1527 0.31471 0.018894 0.00037291 -0.047008 0.14681 -0.084535 0.046879
-0.06709 0.36766 -5.1615 1.3585 0.13445 0.31982 0.026016 -0.1169 -0.077457 -0.045188 -0.018247 0.0051109
-0.073687 0.40889 -5.2782 1.4242 0.15074 0.33975 -0.0065972 0.041226 -0.11663 0.065744 0.016287 0.01993
-0.083606 0.27139 -5.2426 1.3862 0.18728 0.33847 -0.0099185 -0.1375 0.035553 -0.037994 0.036542 -0.0012803
-0.085888 0.4063 -5.3774 1.4353 0.19234 0.34535 -0.0022826 0.1349 -0.13478 0.049058 0.0050549 0.0068716
-0.073285 0.42891 -5.332 1.4809 0.16805 0.36846 0.012604 0.022613 0.045426 0.045603 -0.024283 0.02311
-0.053244 0.48457 -5.3668 1.5018 0.13736 0.3741 0.020041 0.055666 -0.03488 0.020959 -0.030695 0.0056429
-0.047572 0.50125 -5.3822 1.5336 0.13189 0.37681 0.0056722 0.016677 -0.015313 0.031734 -0.0054655 0.0027098
-0.049959 0.46413 -5.3895 1.5373 0.13106 0.37236 -0.0023869 -0.037126 -0.0073274 0.0037336 -0.0008322 -0.0044483
-0.051014 0.46329 -5.4209 1.5483 0.14327 0.36964 -0.0010552 -0.00084001 -0.031416 0.01102 0.012204 -0.0027168
-0.052485 0.42195 -5.4198 1.5543 0.14895 0.38129 -0.0014707 -0.041336 0.0011363 0.0059367 0.0056827 0.011648
-0.051565 0.39952 -5.4048 1.5258 0.15599 0.37604 0.0009194 -0.022426 0.01496 -0.028474 0.0070448 -0.0052555
-0.059761 0.36974 -5.3866 1.5439 0.17166 0.37456 -0.0081962 -0.02978 0.018185 0.018075 0.015663 -0.0014743
-0.062472 0.43009 -5.4197 1.5356 0.1854 0.36953 -0.0027102 0.060341 -0.033112 -0.0082467 0.013745 -0.005031
-0.06371 0.48983 -5.4553 1.5836 0.18657 0.37025 -0.0012388 0.059741 -0.035594 0.047945 0.0011697 0.0007187
-0.062868 0.53979 -5.5183 1.6094 0.18168 0.37917 0.00084238 0.049959 -0.063009 0.02585 -0.0048899 0.0089246
-0.061069 0.49696 -5.5235 1.614 0.17285 0.38082 0.0017988 -0.042826 -0.0051577 0.0045605 -0.0088346 0.0016447
-0.063374 0.43668 -5.5008 1.5911 0.16008 0.38237 -0.0023046 -0.06028 0.022667 -0.02291 -0.01277 0.0015517
-0.065899 0.38001 -5.4557 1.5559 0.16256 0.38356 -0.0025247 -0.056674 0.045179 -0.035151 0.0024875 0.0011896
-0.070514 0.42176 -5.4489 1.546 0.16669 0.38151 -0.0046152 0.041759 0.0067504 -0.0098849 0.0041311 -0.0020471
-0.068047 0.49337 -5.4728 1.5739 0.16809 0.38852 0.0024668 0.071601 -0.023941 0.02784 0.0013967 0.0070087
-0.066319 0.54369 -5.5345 1.6189 0.18276 0.39631 0.0017282 0.050325 -0.061645 0.045059 0.014669 0.0077902
-0.056444 0.5115 -5.5632 1.6085 0.17977 0.41469 0.0098747 -0.032188 -0.028736 -0.010418 -0.0029916 0.018378
-0.068457 0.41393 -5.5052 1.552 0.18473 0.38642 -0.012013 -0.097569 0.058037 -0.056538 0.0049602 -0.028267
-0.064774 0.38425 -5.4305 1.4869 0.17676 0.38146 0.0036824 -0.029681 0.074708 -0.065102 -0.0079644 -0.0049647
-0.082989 0.38812 -5.2938 1.448 0.1597 0.32123 -0.018215 0.0038621 0.13664 -0.03891 -0.017067 -0.06023
-0.064182 0.52183 -5.307 1.5155 0.1457 0.3488 0.018807 0.13371 -0.013195 0.067537 -0.013994 0.027571
-0.06533 0.55785 -5.3307 1.5281 0.14395 0.34076 -0.0011481 0.036021 -0.02362 0.012619 -0.0017511 -0.008041
-0.052612 0.53429 -5.3938 1.529 0.15155 0.35258 0.012718 -0.023554 -0.063168 0.0009315 0.007597 0.011821
-0.057904 0.46528 -5.4155 1.4866 0.15816 0.35363 -0.0052911 -0.06902 -0.021695 -0.042489 0.0066093 0.0010528
-0.063383 0.39395 -5.3896 1.4428 0.1633 0.33723 -0.0054797 -0.071325 0.0259 -0.043742 0.0051436 -0.016404
-0.075588 0.40153 -5.3931 1.4378 0.15312 0.33398 -0.012205 0.0075816 -0.0035118 -0.0049937 -0.010178 -0.0032497
-0.065155 0.47484 -5.4363 1.4746 0.14587 0.34982 0.010433 0.073312 -0.043128 0.03682 -0.0072574 0.015844
-0.065707 0.47984 -5.4516 1.482 0.13387 0.33924 -0.0005519 0.0049941 -0.01533 0.0073845 -0.011994 -0.010578
-0.060549 0.4811 -5.4667 1.4999 0.12542 0.34599 0.0051587 0.0012675 -0.015117 0.017877 -0.008449 0.0067455
-0.060693 0.45555 -5.4631 1.4778 0.14059 0.34147 -0.00014419 -0.025556 0.0035961 -0.02211 0.015171 -0.0045203
-0.059701 0.41774 -5.4483 1.4888 0.14132 0.33832 0.00099216 -0.03781 0.01485 0.010972 0.00072386 -0.0031515
-0.058599 0.45589 -5.4722 1.4831 0.14726 0.33668 0.0011019 0.038152 -0.023958 -0.0056605 0.0059442 -0.0016365
-0.059816 0.47093 -5.4535 1.4715 0.14543 0.3431 -0.0012169 0.015043 0.01875 -0.011579 -0.001835 0.0064237
-0.066368 0.49133 -5.4701 1.4918 0.15879 0.33826 -0.0065527 0.020398 -0.016627 0.020299 0.01336 -0.0048409
-0.064333 0.46551 -5.5227 1.5356 0.16204 0.35179 0.0020358 -0.025821 -0.05262 0.04379 0.003256 0.013524
-0.040545 0.38719 -5.4674 1.5164 0.12169 0.3782 0.023788 -0.07832 0.055317 -0.019194 -0.04035 0.026412
-0.093024 0.38705 -5.3759 1.5827 0.16993 0.31603 -0.05248 -0.00013889 0.091486 0.066295 0.048235 -0.062166
-0.13889 0.55158 -5.6838 1.7466 0.24734 0.30495 -0.045862 0.16453 -0.30785 0.16389 0.077412 -0.01108
0.055696 0.94555 -6.4725 2.5921 0.43245 0.48645 0.19458 0.39397 -0.78872 0.84545 0.18511 0.18149
0.22363 1.2734 -8.0484 3.4656 0.4882 0.63083 0.16793 0.32782 -1.5759 0.87355 0.055748 0.14438
0.60886 1.399 -9.0758 3.8429 0.43372 0.84199 0.38523 0.12559 -1.0275 0.3773 -0.054475 0.21116
0.57051 1.392 -9.6474 4.4005 0.49071 0.96914 -0.038344 -0.0069501 -0.57153 0.5576 0.056983 0.12715
0.4998 1.3241 -9.2938 5.1476 0.26315 0.9805 -0.070718 -0.067938 0.3536 0.74708 -0.22755 0.011361
0.39354 1.5535 -9.0612 6.9558 0.18382 1.3749 -0.10625 0.22948 0.2326 1.8083 -0.079335 0.39441
0.38897 1.681 -8.914 8.7329 -0.14338 1.5342 -0.0045728 0.12745 0.14721 1.7771 -0.3272 0.15929
0.45164 1.8478 -8.9858 8.9939 -0.25038 1.7037 0.06267 0.16682 -0.071813 0.26091 -0.107 0.1695
0.49749 1.8193 -8.9344 8.9358 -0.039804 1.8021 0.045847 -0.0285 0.051394 -0.058049 0.21058 0.09844
0.46022 1.8216 -8.8804 8.2429 0.037264 1.7035 -0.037271 0.0022701 0.054008 -0.69294 0.077068 -0.098681
0.46986 1.8209 -8.8544 8.265 0.1762 1.7535 0.0096452 -0.00067984 0.025993 0.022132 0.13894 0.050064
0.463 1.8535 -8.863 8.3676 0.12437 1.7143 -0.0068625 0.03261 -0.008588 0.10256 -0.051834 -0.039192
0.44663 1.8234 -8.8479 8.2795 0.098858 1.6659 -0.016374 -0.030149 0.015071 -0.088087 -0.02551 -0.048411
0.44748 1.7771 -8.7921 8.2144 0.17899 1.6811 0.00085543 -0.046273 0.055814 -0.065113 0.080131 0.015162
0.42886 1.7232 -8.719 8.1413 0.2114 1.6766 -0.018624 -0.053854 0.073075 -0.073096 0.032409 -0.0044392
0.40605 1.7384 -8.7194 8.1134 0.21475 1.6312 -0.022811 0.015179 -0.00043603 -0.027848 0.0033551 -0.04549
0.40559 1.8154 -8.7129 8.0935 0.24534 1.6551 -0.00045444 0.076958 0.0064946 -0.019889 0.030581 0.023911
0.38372 1.887 -8.7386 8.0655 0.22167 1.6325 -0.02187 0.071585 -0.025628 -0.027989 -0.023662 -0.022535
0.39002 1.8431 -8.7114 8.0475 0.2502 1.6987 0.0062992 -0.043857 0.027132 -0.017986 0.028527 0.066218
0.37961 1.7968 -8.6715 7.9819 0.25816 1.7152 -0.010413 -0.046324 0.039918 -0.065689 0.0079568 0.016436
0.37683 1.7105 -8.6334 7.9459 0.26057 1.7397 -0.0027769 -0.08633 0.038105 -0.035936 0.0024091 0.024549
0.3785 1.7496 -8.6339 7.9109 0.26563 1.7299 0.0016705 0.039105 -0.00051764 -0.034987 0.0050618 -0.0098475
0.38233 1.7877 -8.6527 7.9128 0.2398 1.7187 0.0038251 0.038136 -0.018729 0.0018224 -0.02583 -0.011145
0.39175 1.8015 -8.6752 7.9061 0.2509 1.7318 0.009427 0.013816 -0.022488 -0.0066867 0.011098 0.013086
0.38914 1.7742 -8.6588 7.8522 0.2389 1.7421 -0.0026175 -0.027293 0.016366 -0.053831 -0.011993 0.010291
0.3871 1.7479 -8.6374 7.8363 0.25187 1.7354 -0.0020356 -0.026361 0.021336 -0.01593 0.012965 -0.0067485
0.37508 1.7261 -8.5994 7.799 0.23631 1.7341 -0.012017 -0.021759 0.038038 -0.037338 -0.015555 -0.0013017
0.36329 1.7667 -8.6025 7.8157 0.23569 1.6718 -0.011789 0.040645 -0.003087 0.016712 -0.00061968 -0.062266
0.35057 1.7948 -8.5862 7.7637 0.2083 1.6791 -0.012724 0.028078 0.016332 -0.051965 -0.02739 0.0072487
0.33943 1.7999 -8.6044 7.7261 0.20668 1.6292 -0.01114 0.0050806 -0.018256 -0.037625 -0.0016196 -0.049853
0.3273 1.7549 -8.5632 7.6615 0.21358 1.6427 -0.012134 -0.04498 0.041173 -0.064596 0.0068939 0.01346
0.32908 1.7179 -8.5184 7.5305 0.22077 1.6113 0.0017837 -0.037043 0.044887 -0.13102 0.0071973 -0.031372
0.32865 1.7017 -8.515 7.5654 0.28727 1.659 -0.00043163 -0.016131 0.0033834 0.034903 0.0665 0.047717
0.32027 1.7218 -8.4314 7.4471 0.16409 1.6361 -0.0083778 0.020077 0.083585 -0.11825 -0.12318 -0.022887
0.33184 1.7607 -8.4998 7.4357 0.20182 1.5584 0.011568 0.038858 -0.068395 -0.01146 0.03773 -0.077674
0.3253 1.6356 -8.584 7.0731 0.061351 1.3674 -0.0065405 -0.12512 -0.084174 -0.36259 -0.14047 -0.191
0.33728 1.6095 -8.3511 6.5197 -0.00024199 1.1627 0.011982 -0.026097 0.2329 -0.55342 -0.061593 -0.20475
0.30822 1.4762 -8.3531 6.0168 0.044536 1.0724 -0.029058 -0.13326 -0.0020031 -0.50287 0.044778 -0.090267
0.25478 1.4997 -7.7283 5.5772 -0.10982 1.0852 -0.053443 0.023513 0.62479 -0.43957 -0.15436 0.012778
0.21503 1.5281 -7.8208 5.5857 0.10929 1.126 -0.039751 0.028369 -0.092553 0.0085309 0.21911 0.040775
0.20333 1.4986 -7.6555 5.5749 0.018951 1.1584 -0.011694 -0.029474 0.16529 -0.010828 -0.090335 0.032463
0.20608 1.4914 -7.7509 5.5661 0.097252 1.1269 0.0027488 -0.007213 -0.095344 -0.0088108 0.078301 -0.031591
0.2164 1.426 -7.6805 5.4842 0.061167 1.1254 0.010316 -0.065401 0.070395 -0.081871 -0.036085 -0.0014119
0.19854 1.4321 -7.517 5.3901 0.025037 1.1079 -0.017862 0.0060667 0.1635 -0.094094 -0.036131 -0.017536
0.19397 1.4772 -7.4823 5.3981 0.042186 1.0934 -0.0045702 0.045123 0.034718 0.0079825 0.017149 -0.014548
0.19881 1.5152 -7.5063 5.4573 0.039573 1.0776 0.0048478 0.038043 -0.024044 0.059222 -0.0026131 -0.015768
0.20851 1.5534 -7.5496 5.4738 0.017915 1.0612 0.0096952 0.038128 -0.043257 0.016465 -0.021658 -0.016372
0.21105 1.5214 -7.5403 5.4869 0.022634 1.0638 0.0025407 -0.032008 0.0093027 0.013084 0.0047197 0.0025948
0.19751 1.4453 -7.5054 5.4387 0.030038 1.0439 -0.01354 -0.076095 0.034884 -0.048199 0.0074034 -0.01995
0.16936 1.3555 -7.4321 5.3556 0.039696 1.0156 -0.028146 -0.089773 0.073278 -0.083128 0.0096581 -0.028216
0.14438 1.3358 -7.4194 5.2638 0.057851 0.95671 -0.024984 -0.019684 0.012657 -0.091809 0.018155 -0.058938
0.13296 1.396 -7.4055 5.149 0.061882 0.91214 -0.011414 0.060244 0.013953 -0.11474 0.0040309 -0.044571
0.13411 1.4881 -7.4022 5.0962 0.055405 0.889 0.0011419 0.092049 0.0033089 -0.052778 -0.0064768 -0.023141
0.14423 1.5504 -7.3666 5.0613 0.044977 0.89543 0.010126 0.062324 0.035535 -0.034909 -0.010428 0.0064333
