4.7508e-05 -0.0036193 0.00053846 0.00071367 -0.00089391 -0.00039234 0 0 0 0 0 0
0.0048837 0.028975 0.015727 0.016375 0.00020609 -0.007157 0.0048362 0.032594 0.015188 0.015662 0.0011 -0.0067646
0.008956 0.068282 0.018696 0.025692 0.0011108 -0.011352 0.0040723 0.039307 0.0029696 0.0093168 0.00090473 -0.0041948
0.0040708 0.13559 0.021915 0.0091999 -0.0008406 -0.0059976 -0.0048852 0.067308 0.003219 -0.016492 -0.0019514 0.0053541
0.0040506 0.14977 0.01614 -0.0023678 -0.0020317 -0.0041531 -2.0284e-05 0.014181 -0.0057758 -0.011568 -0.0011911 0.0018445
0.00020589 0.14897 0.06337 -0.018136 0.0035979 0.0011603 -0.0038447 -0.00080633 0.04723 -0.015768 0.0056296 0.0053134
0.00080668 0.16064 0.034446 -0.030387 0.0020265 0.00039764 0.0006008 0.011674 -0.028924 -0.012251 -0.0015714 -0.00076271
0.0019462 0.15734 0.064329 -0.030076 0.0067087 0.002772 0.0011395 -0.003296 0.029882 0.0003115 0.0046823 0.0023743
0.00069361 0.18217 0.030615 -0.033232 -0.00034125 -0.00045727 -0.0012526 0.02483 -0.033714 -0.0031557 -0.00705 -0.0032292
0.0054836 0.17289 0.05392 -0.023905 -0.003737 0.0038286 0.00479 -0.0092789 0.023305 0.0093269 -0.0033958 0.0042858
0.0042437 0.18847 0.029543 -0.037141 0.0030903 0.0022788 -0.00124 0.015576 -0.024377 -0.013237 0.0068274 -0.0015498
0.0068288 0.168 0.054721 -0.028954 -0.0016724 -0.001187 0.0025852 -0.020468 0.025177 0.0081874 -0.0047627 -0.0034658
0.0035004 0.14712 0.05402 -0.054297 0.0070284 -0.011541 -0.0033284 -0.020887 -0.0007013 -0.025343 0.0087008 -0.010354
-0.0014767 0.13196 0.064735 -0.049327 0.00026237 -0.023884 -0.0049771 -0.015156 0.010715 0.0049696 -0.006766 -0.012343
-0.005051 0.12396 0.074221 -0.066815 -0.00051727 -0.027619 -0.0035744 -0.0080036 0.0094859 -0.017488 -0.00077964 -0.0037357
-0.0077103 0.14174 0.037803 -0.058655 0.00039029 -0.02953 -0.0026593 0.017787 -0.036418 0.0081598 0.00090756 -0.0019101
-0.0075305 0.12039 0.05498 -0.05805 -0.0056894 -0.028373 0.00017978 -0.021349 0.017177 0.00060513 -0.0060797 0.0011562
-0.0043824 0.12208 0.037896 -0.059737 -0.005204 -0.031944 0.0031481 0.0016891 -0.017084 -0.0016864 0.00048547 -0.0035708
-0.0049924 0.11259 0.046969 -0.075819 -0.0015647 -0.029678 -0.00060994 -0.0094912 0.0090726 -0.016082 0.0036393 0.0022659
-0.0021469 0.1135 0.056923 -0.073241 -0.0026469 -0.032796 0.0028455 0.00090806 0.0099544 0.0025777 -0.0010822 -0.003118
-0.0021478 0.1282 0.033704 -0.071417 0.0055033 -0.029764 -8.8547e-07 0.0147 -0.023219 0.0018241 0.0081502 0.0030322
-0.0012788 0.11425 0.042492 -0.053181 -0.0028128 -0.03492 0.00086895 -0.013949 0.0087877 0.018236 -0.0083161 -0.0051564
0.0009025 0.13538 0.016641 -0.043743 -0.00022455 -0.03456 0.0021813 0.021128 -0.02585 0.0094381 0.0025882 0.00036033
-0.00058564 0.12369 0.020889 -0.049672 -0.0063922 -0.030644 -0.0014881 -0.011691 0.0042479 -0.005929 -0.0061677 0.0039164
0.00041657 0.13141 0.030507 -0.054418 -0.00083128 -0.025215 0.0010022 0.0077192 0.0096178 -0.0047463 0.005561 0.0054287
-0.0010456 0.14228 0.026609 -0.06033 -0.00069945 -0.017915 -0.0014622 0.010877 -0.0038983 -0.0059121 0.00013182 0.0073003
0.00024623 0.13962 0.045726 -0.067092 0.0020438 -0.015231 0.0012918 -0.0026669 0.019117 -0.0067611 0.0027433 0.0026838
0.001605 0.16843 0.016977 -0.049774 0.0022139 -0.015757 0.0013588 0.028812 -0.028748 0.017318 0.00017003 -0.00052625
0.0025566 0.14607 0.028844 -0.052206 -0.0031504 -0.016869 0.00095164 -0.022355 0.011867 -0.0024318 -0.0053643 -0.0011121
0.0032451 0.16105 0.013285 -0.041677 -0.0044405 -0.021165 0.00068846 0.014979 -0.01556 0.010529 -0.0012901 -0.0042961
0.0016231 0.15081 0.018222 -0.045348 -0.0056902 -0.020461 -0.001622 -0.010241 0.0049368 -0.0036709 -0.0012497 0.00070469
0.004467 0.14881 0.025866 -0.050444 -0.0082586 -0.019415 0.0028438 -0.0020034 0.0076442 -0.005096 -0.0025684 0.0010456
0.0040619 0.15282 0.024686 -0.050847 -0.0049508 -0.015953 -0.00040511 0.0040082 -0.0011797 -0.00040373 0.0033078 0.003462
0.0059945 0.1328 0.040909 -0.063866 -0.0053003 -0.014503 0.0019327 -0.020012 0.016223 -0.013019 -0.00034955 0.0014501
0.0040252 0.1575 0.018904 -0.057339 -0.0019181 -0.015121 -0.0019694 0.024692 -0.022005 0.0065277 0.0033822 -0.00061821
0.0018516 0.12838 0.028821 -0.059855 0.00017612 -0.014427 -0.0021735 -0.029117 0.0099175 -0.0025159 0.0020942 0.00069455
0.0042985 0.15084 0.0042836 -0.034778 -0.0092581 -0.015514 0.0024469 0.022463 -0.024538 0.025077 -0.0094342 -0.0010877
0.0048283 0.11294 0.029811 -0.034801 -0.011809 -0.012191 0.00052975 -0.037901 0.025527 -2.3251e-05 -0.0025504 0.0033238
0.011127 0.16991 0.0010722 -0.05074 -0.019412 -0.01565 0.0062987 0.056966 -0.028739 -0.015939 -0.0076033 -0.0034589
0.0093392 0.13644 -0.0046103 -0.051305 -0.012052 -0.014991 -0.0017877 -0.033462 -0.0056825 -0.00056537 0.0073599 0.0006589
0.013099 0.13094 0.027658 -0.053165 -0.025243 -0.022474 0.0037602 -0.005503 0.032268 -0.0018601 -0.013191 -0.0074835
0.010678 0.11258 0.021753 -0.014892 -0.02043 -0.021634 -0.0024217 -0.018358 -0.0059052 0.038273 0.004813 0.00084043
0.013876 0.10047 0.076585 0.0159 -0.037035 -0.022583 0.003198 -0.012109 0.054832 0.030792 -0.016605 -0.00094977
0.013336 0.15684 0.03011 0.0096129 -0.018475 -0.016897 -0.00053987 0.056366 -0.046475 -0.0062866 0.01856 0.005686
0.013688 0.13122 0.038152 -0.012823 -0.019368 -0.015788 0.00035241 -0.02562 0.0080418 -0.022436 -0.00089294 0.0011091
0.012578 0.13982 0.038703 -0.052578 -0.010039 -0.0167 -0.0011103 0.0086034 0.00055083 -0.039755 0.0093288 -0.00091179
0.012566 0.1349 0.03358 -0.053145 -0.012043 -0.016118 -1.245e-05 -0.0049202 -0.005123 -0.00056678 -0.0020043 0.00058231
0.013431 0.1401 0.045306 -0.054445 -0.015051 -0.021712 0.00086583 0.0051926 0.011726 -0.0012998 -0.003007 -0.0055943
0.014248 0.14341 0.064261 -0.087234 -0.010986 -0.014349 0.00081695 0.0033106 0.018955 -0.03279 0.0040642 0.0073629
0.014651 0.11565 0.067383 -0.077123 -0.0133 -0.017299 0.00040267 -0.027754 0.0031222 0.010112 -0.0023139 -0.0029494
0.013743 0.15721 0.055541 -0.055963 -0.012263 -0.012182 -0.00090835 0.041559 -0.011842 0.02116 0.0010371 0.0051165
0.010198 0.14722 0.068221 -0.10004 -0.011807 -0.013381 -0.0035447 -0.0099933 0.01268 -0.044079 0.00045615 -0.0011987
0.011393 0.1986 0.046426 -0.096082 -0.011072 -0.017465 0.0011952 0.05138 -0.021794 0.0039603 0.00073466 -0.0040846
0.0085221 0.14137 0.14006 -0.29968 -0.0081351 -0.018221 -0.0028711 -0.057233 0.093629 -0.2036 0.0029371 -0.00075549
0.012073 0.12156 0.14792 -0.31456 -0.012331 -0.027716 0.0035506 -0.019807 0.007863 -0.014884 -0.004196 -0.0094953
0.010667 0.11349 0.13991 -0.32685 -0.011928 -0.025619 -0.0014059 -0.0080665 -0.0080105 -0.012285 0.00040306 0.0020973
0.0098218 0.094828 0.1939 -0.45188 -0.010477 -0.032695 -0.00084508 -0.018664 0.053988 -0.12503 0.0014508 -0.0070762
0.004476 0.090173 0.189 -0.52812 -0.0095981 -0.030139 -0.0053458 -0.004655 -0.0048944 -0.07624 0.0008791 0.0025566
0.0056494 0.10285 0.030692 -0.066032 -0.015684 -0.025198 0.0011734 0.012674 -0.15831 0.46209 -0.0060861 0.0049403
-0.0017128 0.099375 0.2924 -0.64593 -0.0067934 -0.053945 -0.0073622 -0.0034728 0.26171 -0.5799 0.0088909 -0.028747
0.0051156 0.097663 0.19063 -0.19468 -0.0061164 -0.058551 0.0068285 -0.0017112 -0.10177 0.45125 0.00067702 -0.004606
-0.0028442 0.036428 0.98213 -1.8559 0.020604 -0.11651 -0.0079599 -0.061236 0.7915 -1.6612 0.02672 -0.05796
-0.0018817 -0.098 1.0674 -1.9029 -0.0033783 -0.12648 0.00096253 -0.13443 0.08528 -0.047049 -0.023982 -0.0099686
-0.0083212 -0.09554 1.356 -2.3924 -0.017697 -0.14908 -0.0064395 0.0024598 0.28862 -0.48946 -0.014319 -0.022599
-6.755e-05 -0.09093 1.2592 -2.2499 -0.040055 -0.14163 0.0082537 0.0046102 -0.09685 0.1425 -0.022357 0.0074496
0.0066372 -0.063525 1.2054 -2.0697 -0.029362 -0.13562 0.0067047 0.027404 -0.053748 0.18017 0.010692 0.006011
0.02225 -0.038937 1.2426 -2.2601 -0.0093686 -0.11799 0.015613 0.024589 0.037145 -0.19044 0.019994 0.017629
0.019556 -0.097132 1.2613 -2.2702 0.015707 -0.11703 -0.0026949 -0.058196 0.01875 -0.010036 0.025076 0.00096276
0.015651 -0.043999 1.1921 -2.1139 0.012563 -0.10711 -0.0039048 0.053133 -0.069204 0.15631 -0.003144 0.0099176
0.010004 -0.029517 1.1786 -2.0758 0.029551 -0.11105 -0.0056466 0.014482 -0.013489 0.038079 0.016988 -0.003937
0.0071695 0.013325 1.136 -1.9624 0.02765 -0.11133 -0.0028345 0.042842 -0.042603 0.11341 -0.0019019 -0.00028121
0.01096 0.016506 1.1057 -1.8945 0.039966 -0.10208 0.00379 0.0031808 -0.03034 0.06789 0.012317 0.0092442
0.011325 0.033372 1.0779 -1.8336 0.047519 -0.096405 0.00036547 0.016866 -0.027761 0.060863 0.0075529 0.0056777
0.011402 0.02845 1.0339 -1.7681 0.045773 -0.090516 7.6498e-05 -0.0049216 -0.044064 0.065467 -0.0017459 0.0058891
0.013316 0.017142 1.0506 -1.7549 0.049718 -0.086788 0.001914 -0.011308 0.016753 0.01323 0.0039447 0.0037278
0.01112 0.045158 1.0367 -1.7638 0.045795 -0.087028 -0.0021952 0.028016 -0.013931 -0.0088521 -0.0039231 -0.00023989
0.011834 0.022843 1.0643 -1.7353 0.045022 -0.084207 0.0007132 -0.022316 0.027649 0.028444 -0.00077252 0.0028212
0.0077052 0.061752 1.0517 -1.7326 0.045327 -0.086749 -0.0041283 0.038909 -0.012659 0.0026821 0.00030464 -0.0025423
0.0091294 0.042125 1.0618 -1.7289 0.047037 -0.085535 0.0014242 -0.019626 0.010124 0.0036976 0.0017102 0.0012142
0.008342 0.053485 1.0783 -1.7593 0.055684 -0.08234 -0.00078732 0.01136 0.016514 -0.030336 0.0086471 0.0031951
0.011226 0.050053 1.0598 -1.7697 0.056505 -0.078058 0.002884 -0.0034323 -0.018498 -0.010453 0.00082049 0.004282
0.01416 0.045046 1.0875 -1.7868 0.057177 -0.077704 0.0029335 -0.0050066 0.027695 -0.01706 0.00067206 0.00035373
0.015198 0.037489 1.0777 -1.7985 0.049532 -0.083537 0.0010381 -0.0075571 -0.0098535 -0.011727 -0.0076444 -0.0058329
0.018183 0.047318 1.0727 -1.7522 0.052437 -0.076333 0.0029852 0.0098291 -0.0049301 0.046317 0.0029048 0.0072041
0.014099 0.061025 1.0433 -1.7141 0.052546 -0.073973 -0.0040837 0.013707 -0.029388 0.038136 0.0001092 0.0023601
0.012583 0.055871 0.97383 -1.6211 0.05263 -0.06246 -0.0015163 -0.005154 -0.06951 0.093009 8.3679e-05 0.011513
0.0085041 0.05601 0.95804 -1.5904 0.049787 -0.070938 -0.0040786 0.00013918 -0.015794 0.030689 -0.0028429 -0.0084778
0.0078452 0.033206 0.93602 -1.5793 0.045977 -0.074993 -0.00065889 -0.022804 -0.022016 0.01108 -0.0038103 -0.0040547
0.0083469 0.03165 0.98201 -1.5913 0.053938 -0.075401 0.00050169 -0.0015557 0.045991 -0.011971 0.0079611 -0.00040808
0.0098672 0.056331 0.989 -1.5941 0.053249 -0.071213 0.0015203 0.024681 0.0069889 -0.0027892 -0.00068942 0.004188
0.011656 0.029851 1.0241 -1.5988 0.049149 -0.065109 0.0017883 -0.02648 0.035082 -0.0047846 -0.0040993 0.0061039
0.01243 0.059937 1.0163 -1.6016 0.046613 -0.068603 0.00077457 0.030086 -0.0077618 -0.0027722 -0.002536 -0.0034934
0.014418 0.045237 1.0116 -1.605 0.04378 -0.069643 0.0019879 -0.0147 -0.0047466 -0.0033977 -0.0028333 -0.0010408
0.015393 0.057156 1.0115 -1.5774 0.042075 -0.072524 0.00097511 0.011918 -9.1554e-05 0.027582 -0.0017048 -0.0028802
0.019766 0.075133 0.97945 -1.526 0.04448 -0.068393 0.0043724 0.017977 -0.032034 0.051415 0.0024046 0.0041307
0.02093 0.063604 1.0023 -1.5012 0.035734 -0.07289 0.0011641 -0.011529 0.022816 0.024806 -0.0087457 -0.0044968
0.019737 0.065573 0.98707 -1.5004 0.03617 -0.075006 -0.0011922 0.0019687 -0.0152 0.00081153 0.00043544 -0.0021163
0.016859 0.091313 0.95638 -1.5217 0.04532 -0.069294 -0.0028785 0.025741 -0.030686 -0.021271 0.0091504 0.0057123
0.014508 0.0578 0.98611 -1.5701 0.031389 -0.06846 -0.0023513 -0.033514 0.029727 -0.048421 -0.013931 0.00083417
0.019559 0.040607 0.99375 -1.5522 0.042067 -0.056661 0.0050518 -0.017192 0.0076422 0.017843 0.010678 0.011798
0.01946 0.044645 0.87423 -1.474 0.015901 -0.058943 -9.9789e-05 0.0040373 -0.11952 0.078235 -0.026166 -0.0022812
0.026221 -0.0244 0.82424 -1.4005 0.03149 -0.049793 0.0067614 -0.069045 -0.049984 0.073531 0.015589 0.0091497
0.018958 0.00093333 0.5255 -1.212 0.024325 -0.039618 -0.0072634 0.025334 -0.29874 0.18851 -0.0071644 0.010175
0.023029 -0.055767 0.5541 -1.2562 0.053463 -0.034621 0.0040715 -0.0567 0.028603 -0.044258 0.029137 0.0049976
0.020779 -0.062234 0.49029 -1.1843 0.033328 -0.037864 -0.0022505 -0.0064672 -0.063811 0.071875 -0.020135 -0.0032427
0.022138 -0.020572 0.51449 -1.2327 0.037503 -0.051991 0.0013592 0.041662 0.024202 -0.048399 0.0041755 -0.014128
0.022721 -0.061453 0.53447 -1.2092 0.012629 -0.054759 0.00058309 -0.040881 0.019975 0.023514 -0.024874 -0.0027676
0.017875 -0.023251 0.49368 -1.1509 0.012709 -0.057149 -0.004846 0.038203 -0.040788 0.058323 7.9781e-05 -0.0023902
0.019707 -0.043362 0.48679 -1.1746 0.01196 -0.043355 0.0018324 -0.020111 -0.0068913 -0.023714 -0.00074903 0.013794
0.01983 0.0020615 0.47186 -1.1673 0.013545 -0.043456 0.00012283 0.045424 -0.014933 0.0073384 0.0015852 -0.00010079
0.022637 -0.056262 0.46127 -1.1759 0.010803 -0.043479 0.0028073 -0.058323 -0.010589 -0.008567 -0.0027422 -2.3358e-05
0.02723 -0.021718 0.46336 -1.1601 0.005638 -0.04671 0.0045923 0.034544 0.0020942 0.015802 -0.0051645 -0.0032311
0.024421 -0.080418 0.47633 -1.1489 0.0048477 -0.049546 -0.0028085 -0.0587 0.012973 0.01112 -0.00079036 -0.0028357
0.024309 0.0016059 0.44984 -1.1463 0.0076999 -0.045861 -0.00011198 0.082024 -0.026492 0.0026376 0.0028523 0.0036849
0.023502 -0.044303 0.4707 -1.1348 0.0055586 -0.046866 -0.00080694 -0.045909 0.020858 0.011467 -0.0021413 -0.0010053
0.025225 -0.014611 0.49631 -1.1491 0.0004305 -0.04379 0.001723 0.029692 0.025605 -0.014251 -0.0051282 0.0030764
0.02707 -0.03584 0.52892 -1.0923 -0.011635 -0.054424 0.0018452 -0.021229 0.032612 0.056808 -0.012066 -0.010635
0.02475 0.019586 0.51597 -1.1235 -0.017209 -0.052021 -0.0023202 0.055426 -0.012947 -0.031254 -0.0055737 0.002403
0.014978 -0.015285 0.51053 -1.1218 0.0065291 -0.0662 -0.0097718 -0.034871 -0.0054374 0.0017505 0.023738 -0.014178
0.022489 0.0014091 0.49502 -1.1202 -0.012206 -0.063177 0.0075104 0.016694 -0.015517 0.0015703 -0.018735 0.0030229
0.045809 -0.051594 0.49032 -1.1677 -0.064469 -0.040629 0.02332 -0.053003 -0.0046994 -0.047531 -0.052264 0.022548
0.008226 -0.010632 0.50866 -1.1393 0.06203 -0.037771 -0.037583 0.040962 0.01834 0.028482 0.1265 0.0028576
0.0099776 -0.036025 0.50484 -1.1163 0.059964 -0.1007 0.0017517 -0.025393 -0.0038198 0.02296 -0.0020661 -0.062929
-0.0744 -0.031618 0.57876 -1.1337 0.28974 -0.1415 -0.084378 0.0044072 0.073926 -0.017376 0.22978 -0.040802
-0.045554 -0.039343 0.52016 -0.90471 0.18213 -0.25944 0.028846 -0.0077255 -0.058607 0.22896 -0.10761 -0.11794
-0.03785 -0.030953 0.51453 -1.0641 0.094055 -0.21536 0.0077041 0.00839 -0.0056242 -0.15937 -0.088078 0.044086
-0.012332 -0.085287 0.62373 -1.2373 0.04407 -0.21308 0.025518 -0.054334 0.10919 -0.17323 -0.049985 0.0022754
0.0060362 -0.16967 0.87363 -1.9129 -0.0015976 -0.17315 0.018368 -0.084385 0.2499 -0.67558 -0.045668 0.039932
-0.00067373 -0.29374 1.2917 -2.607 0.1118 -0.11824 -0.00671 -0.12407 0.41809 -0.69409 0.11339 0.054905
0.011921 -0.34394 1.4196 -2.9011 0.10508 -0.12587 0.012594 -0.050195 0.12786 -0.29415 -0.0067137 -0.0076281
0.01595 -0.33222 1.4476 -3.0459 0.097399 -0.08556 0.0040293 0.011713 0.028019 -0.14476 -0.0076831 0.040312
0.018281 -0.31196 1.2974 -2.7814 0.071477 -0.10069 0.0023313 0.02026 -0.15024 0.26452 -0.025922 -0.015126
0.014221 -0.26596 1.1602 -2.6357 0.068012 -0.11992 -0.0040597 0.046006 -0.13718 0.14565 -0.0034648 -0.019237
0.020935 -0.25186 1.1075 -2.7715 0.056052 -0.076426 0.0067132 0.014098 -0.052647 -0.13576 -0.01196 0.043497
0.021072 -0.26762 1.1141 -3.1316 0.063875 -0.03504 0.00013781 -0.015758 0.0065654 -0.36014 0.0078226 0.041386
0.022747 -0.30933 1.2076 -3.6847 0.065081 0.063654 0.0016746 -0.041707 0.093534 -0.55309 0.0012063 0.098694
0.02045 -0.42423 1.3909 -4.1708 0.056319 0.10464 -0.0022969 -0.1149 0.18323 -0.48611 -0.0087619 0.040989
0.015968 -0.49263 1.3205 -3.9669 0.028778 0.073992 -0.0044823 -0.0684 -0.070396 0.20396 -0.027541 -0.030651
0.0032582 -0.46427 1.1405 -3.4619 0.0085531 0.04438 -0.01271 0.028354 -0.17995 0.50501 -0.020225 -0.029612
0.0074074 -0.34885 0.75561 -2.5254 -0.049549 -0.03882 0.0041491 0.11543 -0.38491 0.93649 -0.058102 -0.0832
-0.0063571 -0.14775 0.43919 -1.5309 -0.032322 -0.058704 -0.013764 0.2011 -0.31642 0.99444 0.017226 -0.019884
0.010689 -0.032191 0.28243 -1.0588 -0.067413 -0.085188 0.017047 0.11556 -0.15676 0.47212 -0.035091 -0.026484
0.005323 0.023207 0.21388 -0.73281 -0.057539 -0.097362 -0.0053665 0.055398 -0.06854 0.326 0.009874 -0.012174
0.013726 0.021713 0.21849 -0.87816 -0.058677 -0.088041 0.008403 -0.0014932 0.0046004 -0.14535 -0.0011376 0.0093213
0.013429 -0.012216 0.24489 -0.9902 -0.056651 -0.086965 -0.00029742 -0.033929 0.026406 -0.11204 0.002026 0.001076
0.012842 -0.0028467 0.23637 -1.0227 -0.051709 -0.084611 -0.00058669 0.0093689 -0.0085207 -0.032518 0.0049422 0.0023534
0.015797 -0.025619 0.25203 -1.0443 -0.05663 -0.081533 0.0029549 -0.022772 0.015663 -0.021542 -0.0049211 0.0030783
0.011183 -0.014957 0.28226 -1.0302 -0.070113 -0.086568 -0.004614 0.010662 0.030228 0.014026 -0.013484 -0.0050352
0.015588 -0.016591 0.28171 -1.0531 -0.057845 -0.085008 0.0044051 -0.0016342 -0.00055359 -0.022841 0.012268 0.00156
0.013048 0.011719 0.23748 -1.1317 -0.034968 -0.088269 -0.0025402 0.02831 -0.044233 -0.078607 0.022877 -0.0032608
0.014589 -0.00092737 0.26523 -1.0784 -0.053386 -0.087543 0.0015411 -0.012646 0.027753 0.05333 -0.018418 0.00072631
0.012723 -0.090319 0.52473 -0.96363 -0.077892 -0.067898 -0.0018655 -0.089391 0.2595 0.11473 -0.024507 0.019645
0.012957 -0.066847 0.9682 -0.67372 -0.13993 -0.042277 0.00023389 0.023472 0.44347 0.28991 -0.062042 0.025621
0.009089 -0.11598 1.4075 -0.4493 -0.19094 -0.0061265 -0.0038682 -0.049137 0.43928 0.22442 -0.051009 0.036151
0.013906 0.081458 1.3448 -0.36936 -0.17409 -0.0051582 0.0048167 0.19744 -0.062733 0.07994 0.016855 0.00096822
0.0031597 0.060143 1.0957 -0.59839 -0.16762 -0.003032 -0.010746 -0.021316 -0.24902 -0.22904 0.0064694 0.0021262
0.011325 0.09763 0.67393 -0.7526 -0.11997 -0.032882 0.0081657 0.037487 -0.4218 -0.15421 0.047649 -0.02985
0.0053389 -0.01333 0.54537 -1.0943 -0.078979 -0.037199 -0.0059865 -0.11096 -0.12856 -0.34172 0.04099 -0.0043164
0.0074145 -0.042957 0.50217 -1.029 -0.089855 -0.057006 0.0020755 -0.029627 -0.0432 0.065335 -0.010876 -0.019808
0.0056284 -0.08553 0.53374 -1.0811 -0.065027 -0.052398 -0.0017861 -0.042573 0.031565 -0.052099 0.024828 0.0046086
0.0064634 -0.072536 0.52716 -1.009 -0.08949 -0.05803 0.00083502 0.012994 -0.0065765 0.072083 -0.024463 -0.0056325
0.010877 -0.083766 0.53023 -0.98365 -0.07517 -0.059918 0.0044132 -0.011229 0.0030635 0.025356 0.01432 -0.0018876
0.014742 -0.078924 0.54238 -1.0262 -0.077553 -0.063429 0.0038651 0.0048418 0.012156 -0.042575 -0.0023829 -0.0035116
0.01469 -0.058447 0.55231 -1.0347 -0.077061 -0.068301 -5.1282e-05 0.020477 0.0099307 -0.0085005 0.00049189 -0.0048721
0.013766 -0.063665 0.56803 -1.0569 -0.067546 -0.064564 -0.0009241 -0.0052182 0.015715 -0.022198 0.0095152 0.0037378
0.017752 -0.062581 0.58205 -1.1038 -0.069871 -0.062643 0.0039856 0.0010838 0.014019 -0.046891 -0.002325 0.0019205
0.021455 -0.093553 0.62299 -1.1095 -0.060119 -0.065393 0.0037026 -0.030972 0.040941 -0.0056734 0.0097516 -0.0027502
0.022279 -0.088811 0.61585 -1.1099 -0.070162 -0.066493 0.00082489 0.0047425 -0.007137 -0.00040178 -0.010043 -0.0010994
0.023683 -0.096804 0.6543 -1.1012 -0.062961 -0.065431 0.0014033 -0.0079929 0.038447 0.0086568 0.0072009 0.0010615
0.019719 -0.055268 0.62257 -1.0974 -0.055879 -0.057989 -0.0039639 0.041535 -0.031726 0.0038438 0.0070817 0.0074419
0.022383 -0.058201 0.6433 -1.1126 -0.045082 -0.047379 0.0026641 -0.0029323 0.020726 -0.015193 0.010797 0.010611
0.021195 -0.057261 0.62967 -1.1041 -0.046997 -0.044635 -0.0011882 0.00093958 -0.013625 0.0084773 -0.0019147 0.0027435
0.020203 -0.070466 0.62134 -1.1257 -0.04305 -0.042708 -0.00099188 -0.013205 -0.0083316 -0.021585 0.0039463 0.0019269
0.020748 -0.070334 0.58881 -1.0821 -0.043006 -0.039623 0.00054494 0.00013169 -0.032536 0.043613 4.4632e-05 0.0030855
0.021918 -0.10877 0.59806 -1.0779 -0.050002 -0.045989 0.0011706 -0.038439 0.0092542 0.0041491 -0.0069958 -0.0063663
0.02326 -0.11311 0.58897 -1.0264 -0.045372 -0.041388 0.0013415 -0.004337 -0.0090853 0.051479 0.0046292 0.0046014
0.02279 -0.12112 0.64095 -0.99754 -0.068533 -0.048142 -0.00047004 -0.0080125 0.051971 0.028905 -0.02316 -0.0067548
0.018497 -0.070943 0.59591 -1.0057 -0.045346 -0.040742 -0.0042929 0.050179 -0.045035 -0.008117 0.023186 0.0074001
0.019446 -0.052243 0.60671 -0.99931 -0.05246 -0.038389 0.00094864 0.0187 0.010794 0.0063431 -0.007113 0.0023531
0.013389 -0.047395 0.56045 -1.0006 -0.025154 -0.03472 -0.0060563 0.0048483 -0.046251 -0.0012377 0.027306 0.003669
0.019141 -0.079489 0.58824 -0.98839 -0.034459 -0.040796 0.0057512 -0.032094 0.027789 0.012166 -0.0093058 -0.0060757
0.012205 -0.04523 0.56156 -0.98531 -0.016345 -0.038274 -0.0069351 0.034259 -0.026681 0.0030753 0.018115 0.0025216
0.020347 -0.063085 0.56699 -0.98535 -0.033596 -0.037313 0.0081418 -0.017855 0.0054308 -4.3061e-05 -0.017251 0.00096115
0.018601 -0.047841 0.56424 -1.0329 -0.02609 -0.02677 -0.0017468 0.015244 -0.0027582 -0.047543 0.0075058 0.010543
0.024111 -0.063394 0.59545 -1.0476 -0.036049 -0.022719 0.0055105 -0.015553 0.031212 -0.014659 -0.0099588 0.0040504
0.020797 -0.027573 0.57869 -1.0172 -0.031546 -0.023433 -0.0033139 0.035821 -0.016758 0.030332 0.0045025 -0.00071359
0.02049 -0.0080415 0.57947 -0.99061 -0.033675 -0.031158 -0.00030709 0.019531 0.00078126 0.026609 -0.0021292 -0.0077248
0.013897 0.017655 0.51081 -0.84902 -0.037803 -0.030377 -0.0065931 0.025696 -0.068663 0.14159 -0.0041277 0.00078043
0.01395 0.0013971 0.48275 -0.86055 -0.039501 -0.038513 5.2808e-05 -0.016258 -0.028055 -0.011532 -0.0016983 -0.0081357
0.0099815 0.0098356 0.44434 -0.83348 -0.039056 -0.039055 -0.0039683 0.0084386 -0.038414 0.027073 0.0004452 -0.00054192
0.011728 -0.05319 0.45658 -0.84536 -0.049275 -0.046953 0.0017466 -0.063026 0.012241 -0.011879 -0.010219 -0.0078983
0.0099698 -0.057085 0.47578 -0.87402 -0.05206 -0.053788 -0.0017583 -0.0038952 0.019203 -0.028661 -0.002785 -0.0068347
0.01263 -0.093656 0.51936 -0.84293 -0.060969 -0.045435 0.0026605 -0.036571 0.043579 0.031096 -0.0089083 0.0083524
0.0084155 -0.014838 0.47159 -0.87282 -0.041766 -0.045559 -0.0042148 0.078818 -0.047774 -0.029897 0.019203 -0.00012318
0.01184 -0.010681 0.49204 -0.87989 -0.047111 -0.037315 0.0034242 0.0041573 0.020454 -0.0070717 -0.0053456 0.0082437
0.0069544 0.0035927 0.44187 -0.86149 -0.038625 -0.042513 -0.0048853 0.014273 -0.050176 0.018403 0.0084864 -0.0051984
0.010306 -0.029523 0.49393 -0.87554 -0.056136 -0.042755 0.0033511 -0.033116 0.052064 -0.014052 -0.017511 -0.00024125
0.0085416 -0.014077 0.47718 -0.862 -0.046106 -0.043705 -0.001764 0.015446 -0.016755 0.013542 0.01003 -0.00095098
0.010502 -0.016023 0.5001 -0.88477 -0.057738 -0.04355 0.0019599 -0.001946 0.02292 -0.022765 -0.011632 0.00015576
0.009948 0.0027624 0.49405 -0.89087 -0.048764 -0.042944 -0.00055347 0.018786 -0.0060426 -0.0061037 0.0089742 0.00060607
0.0095936 -0.031878 0.50253 -0.89179 -0.06361 -0.045935 -0.00035444 -0.034641 0.0084757 -0.00091586 -0.014845 -0.0029915
0.0084031 -0.023563 0.50553 -0.90799 -0.053179 -0.042954 -0.0011905 0.0083154 0.0030062 -0.0162 0.010431 0.0029813
0.0094485 -0.027198 0.48542 -0.89938 -0.054109 -0.043253 0.0010454 -0.0036351 -0.020119 0.008604 -0.00093021 -0.00029937
0.00846 -0.029599 0.48841 -0.90817 -0.052229 -0.044918 -0.00098851 -0.0024011 0.0029995 -0.0087936 0.0018801 -0.001665
0.009375 -0.0062841 0.4684 -0.91234 -0.04314 -0.043082 0.00091505 0.023315 -0.020011 -0.0041616 0.0090883 0.0018366
0.0080468 -0.037573 0.48718 -0.9117 -0.049133 -0.049021 -0.0013282 -0.031289 0.01878 0.00064103 -0.0059929 -0.0059395
0.0064793 -0.018649 0.49048 -0.94895 -0.037002 -0.042602 -0.0015675 0.018924 0.0032996 -0.03725 0.012131 0.0064191
0.0076479 -0.035685 0.49625 -0.94328 -0.032272 -0.043482 0.0011686 -0.017036 0.0057694 0.0056642 0.0047305 -0.00088021
0.0058282 -0.035241 0.51963 -0.98083 -0.026997 -0.042939 -0.0018197 0.00044471 0.023375 -0.037547 0.0052748 0.00054305
0.0055816 -0.027997 0.50589 -0.97419 -0.022556 -0.042508 -0.00024659 0.007244 -0.013738 0.0066422 0.0044412 0.00043156
0.0072669 -0.040265 0.51763 -0.97785 -0.030573 -0.042768 0.0016853 -0.012268 0.011739 -0.0036673 -0.0080171 -0.0002602
0.0048205 -0.025175 0.49982 -0.96014 -0.037072 -0.038122 -0.0024464 0.01509 -0.017812 0.017709 -0.0064986 0.0046458
0.010716 -0.027478 0.49141 -0.95419 -0.033064 -0.031478 0.0058955 -0.0023032 -0.008403 0.0059531 0.0040075 0.0066443
0.0091166 -0.017709 0.50079 -0.95455 -0.038627 -0.031973 -0.0015993 0.0097696 0.0093776 -0.00035801 -0.005563 -0.00049563
0.011153 -0.02473 0.48843 -0.97047 -0.033213 -0.030435 0.0020368 -0.007021 -0.012365 -0.015919 0.0054143 0.001538
0.011471 -0.026106 0.50416 -0.97394 -0.046654 -0.035343 0.00031739 -0.001376 0.015729 -0.0034713 -0.013441 -0.0049073
0.010518 -0.01193 0.4904 -0.9696 -0.03871 -0.034564 -0.0009531 0.014176 -0.013758 0.0043414 0.0079437 0.00077885
0.01237 -0.018587 0.49902 -0.96748 -0.04247 -0.033879 0.001852 -0.0066568 0.0086197 0.0021207 -0.0037604 0.00068496
0.01196 -0.0062518 0.50365 -0.96648 -0.037267 -0.034255 -0.0004093 0.012335 0.0046285 0.00099902 0.0052032 -0.00037619
0.013045 -0.017153 0.49805 -0.98585 -0.036862 -0.030701 0.0010849 -0.010901 -0.005599 -0.019368 0.0004057 0.0035536
0.012452 -0.022879 0.50126 -0.97972 -0.046271 -0.033867 -0.00059298 -0.0057262 0.0032127 0.0061252 -0.0094095 -0.0031651
0.013079 -0.014585 0.49676 -0.9873 -0.038851 -0.03339 0.00062697 0.0082937 -0.0044998 -0.0075832 0.0074198 0.00047676
0.010528 -0.023212 0.48245 -0.9875 -0.038254 -0.036224 -0.0025512 -0.0086273 -0.014312 -0.00019098 0.00059773 -0.0028337
0.010238 -0.017003 0.50154 -0.99725 -0.043057 -0.039937 -0.00029057 0.0062096 0.019087 -0.0097554 -0.0048031 -0.0037131
0.011451 -0.024435 0.4901 -1.0183 -0.039028 -0.037742 0.0012134 -0.007432 -0.011436 -0.021011 0.0040288 0.0021946
0.01101 -0.026994 0.515 -1.0128 -0.057587 -0.039456 -0.00044077 -0.0025587 0.024896 0.0054967 -0.01856 -0.0017142
0.014845 -0.029178 0.52387 -1.028 -0.054137 -0.03445 0.0038349 -0.0021841 0.0088739 -0.01521 0.0034509 0.0050066
0.010975 -0.02338 0.51422 -1.0499 -0.045086 -0.036501 -0.0038702 0.0057978 -0.0096535 -0.02193 0.0090506 -0.0020515
0.011921 -0.041237 0.53207 -1.0255 -0.049578 -0.032787 0.00094567 -0.017857 0.017852 0.024386 -0.0044916 0.0037142
0.00996 -0.025037 0.53345 -0.98876 -0.040649 -0.029934 -0.0019606 0.0162 0.0013825 0.036756 0.0089281 0.0028532
0.01348 -0.018682 0.51798 -1.1063 -0.040684 -0.041847 0.00352 0.0063545 -0.015475 -0.11753 -3.4869e-05 -0.011914
0.015658 -0.052892 0.54462 -1.1225 -0.044246 -0.035207 0.0021784 -0.03421 0.026639 -0.016215 -0.003562 0.0066403
0.018584 -0.044662 0.47178 -1.443 -0.015758 -0.062108 0.0029255 0.0082299 -0.072835 -0.32049 0.028488 -0.026901
0.017629 -0.19091 0.53346 -1.3677 -0.032767 -0.046473 -0.00095471 -0.14625 0.061676 0.07533 -0.017009 0.015635
0.013622 -0.17631 0.49559 -1.4583 -0.022089 -0.056445 -0.004007 0.014593 -0.037862 -0.09067 0.010677 -0.0099716
0.013671 -0.22057 0.52871 -1.3882 -0.033631 -0.048195 4.9305e-05 -0.04426 0.033113 0.070092 -0.011541 0.0082497
0.010522 -0.20823 0.52203 -1.3854 -0.03915 -0.053889 -0.0031497 0.012341 -0.0066744 0.0028717 -0.0055197 -0.0056941
0.01313 -0.17512 0.51094 -1.4237 -0.035651 -0.05861 0.0026089 0.033112 -0.011094 -0.038364 0.0034993 -0.0047214
0.012285 -0.21302 0.51766 -1.419 -0.037719 -0.061988 -0.00084552 -0.0379 0.0067174 0.0047275 -0.0020678 -0.0033775
0.010259 -0.20104 0.52938 -1.4169 -0.041123 -0.053247 -0.0020262 0.011981 0.01172 0.0020819 -0.0034038 0.0087412
0.010347 -0.17911 0.52045 -1.4379 -0.034955 -0.051412 8.7873e-05 0.021925 -0.0089217 -0.020979 0.0061677 0.0018342
0.0092394 -0.20973 0.54953 -1.4352 -0.041381 -0.049474 -0.0011072 -0.030613 0.029075 0.0027351 -0.0064258 0.0019385
0.01171 -0.16666 0.54165 -1.4143 -0.037653 -0.054924 0.0024706 0.043066 -0.0078747 0.020886 0.0037284 -0.0054504
0.010788 -0.20121 0.55657 -1.419 -0.037999 -0.059435 -0.00092209 -0.034552 0.014916 -0.0047248 -0.0003461 -0.0045108
0.011459 -0.17281 0.55228 -1.3986 -0.039626 -0.061905 0.00067089 0.028407 -0.0042921 0.020405 -0.0016276 -0.0024695
0.0078937 -0.17673 0.54415 -1.4122 -0.039889 -0.053818 -0.0035651 -0.0039192 -0.0081274 -0.013615 -0.00026282 0.0080869
0.009086 -0.1955 0.54349 -1.4121 -0.04206 -0.061669 0.0011923 -0.018778 -0.00066329 0.00012922 -0.0021714 -0.007851
0.009866 -0.17492 0.5382 -1.4119 -0.043215 -0.050784 0.00077999 0.02058 -0.0052875 0.00021559 -0.0011544 0.010885
0.011501 -0.20001 0.55087 -1.4159 -0.043729 -0.060336 0.0016352 -0.025086 0.012672 -0.0040746 -0.0005136 -0.0095519
0.01364 -0.16971 0.54874 -1.4174 -0.046112 -0.052604 0.0021391 0.030299 -0.0021307 -0.0014816 -0.0023839 0.0077322
0.012596 -0.16044 0.53477 -1.3886 -0.036812 -0.056503 -0.0010439 0.0092747 -0.013968 0.02885 0.0093008 -0.0038998
0.0095846 -0.16548 0.54077 -1.359 -0.042333 -0.057865 -0.0030118 -0.0050419 0.005997 0.029591 -0.0055219 -0.0013621
0.009286 -0.14279 0.52167 -1.3298 -0.03133 -0.055668 -0.00029858 0.022687 -0.019099 0.029217 0.011004 0.0021975
0.0053365 -0.15871 0.54325 -1.3168 -0.043843 -0.056802 -0.0039495 -0.015916 0.021576 0.012983 -0.012513 -0.0011339
0.0095333 -0.13549 0.52749 -1.3129 -0.039972 -0.051819 0.0041968 0.023214 -0.01576 0.0038594 0.0038709 0.0049828
0.0084394 -0.14369 0.52455 -1.3001 -0.039899 -0.050927 -0.0010939 -0.008193 -0.0029415 0.012847 7.3417e-05 0.00089184
0.012348 -0.1233 0.52017 -1.2858 -0.029808 -0.046757 0.0039089 0.020387 -0.0043788 0.01433 0.010091 0.0041702
0.010257 -0.14158 0.51471 -1.3003 -0.032062 -0.046104 -0.0020913 -0.018279 -0.0054531 -0.014593 -0.0022538 0.00065341
0.011326 -0.12861 0.52867 -1.2862 -0.027177 -0.044863 0.0010695 0.012972 0.013954 0.014144 0.0048843 0.0012401
0.010154 -0.12663 0.51154 -1.3056 -0.033791 -0.046959 -0.0011728 0.0019732 -0.017132 -0.019397 -0.0066134 -0.0020958
0.010707 -0.12167 0.52506 -1.2807 -0.027638 -0.046354 0.00055338 0.0049637 0.013519 0.024856 0.006153 0.00060497
0.011173 -0.10777 0.50292 -1.2825 -0.024016 -0.045792 0.00046599 0.013897 -0.022132 -0.0018008 0.0036222 0.00056268
0.010664 -0.11422 0.52081 -1.2964 -0.025994 -0.044821 -0.00050906 -0.0064527 0.017889 -0.013859 -0.001978 0.00097106
0.01111 -0.12687 0.53018 -1.2983 -0.028582 -0.048758 0.00044586 -0.012647 0.0093667 -0.001888 -0.0025888 -0.0039371
0.01285 -0.10658 0.51636 -1.3336 -0.023458 -0.047981 0.0017403 0.020296 -0.013815 -0.035287 0.0051239 0.00077638
0.010768 -0.078529 0.48895 -1.2996 -0.026857 -0.051994 -0.0020817 0.028047 -0.027411 0.034025 -0.0033989 -0.0040123
0.010656 -0.10151 0.46855 -1.2711 -0.025824 -0.056517 -0.0001127 -0.02298 -0.020408 0.028499 0.0010333 -0.0045232
0.012767 -0.06231 0.44196 -1.2207 -0.038049 -0.054896 0.0021113 0.039199 -0.026588 0.050327 -0.012225 0.0016206
0.014295 -0.1256 0.48946 -1.2262 -0.038529 -0.061201 0.0015283 -0.063292 0.047504 -0.005492 -0.00048027 -0.0063046
0.023576 -0.086317 0.46473 -1.2462 -0.039733 -0.05228 0.0092804 0.039285 -0.024732 -0.020001 -0.0012041 0.0089202
0.018906 -0.10337 0.50116 -1.2719 -0.035938 -0.058976 -0.0046697 -0.017058 0.036426 -0.025659 0.0037954 -0.006696
0.018992 -0.12195 0.50288 -1.2909 -0.035871 -0.054633 8.5749e-05 -0.018572 0.0017198 -0.01901 6.7034e-05 0.0043434
0.014191 -0.090164 0.50419 -1.2904 -0.035514 -0.061842 -0.0048004 0.031782 0.0013156 0.00048515 0.000357 -0.0072086
0.015096 -0.11854 0.5442 -1.3417 -0.031146 -0.054496 0.00090493 -0.028375 0.040005 -0.051291 0.0043683 0.0073454
0.015775 -0.086602 0.48102 -1.3205 -0.036213 -0.065563 0.00067819 0.031937 -0.063175 0.021227 -0.005067 -0.011067
0.016648 -0.12031 0.52472 -1.3516 -0.043801 -0.058238 0.00087324 -0.033708 0.043695 -0.031143 -0.0075888 0.0073252
0.014175 -0.12877 0.48516 -1.3331 -0.04799 -0.068166 -0.0024726 -0.008458 -0.039561 0.018499 -0.0041887 -0.0099277
0.013718 -0.14492 0.51907 -1.3718 -0.054189 -0.063727 -0.00045753 -0.016155 0.033916 -0.038722 -0.0061985 0.0044389
0.012731 -0.15155 0.52933 -1.3735 -0.052651 -0.073486 -0.000987 -0.0066257 0.010263 -0.0017139 0.0015374 -0.0097587
0.012701 -0.14254 0.51805 -1.3835 -0.054523 -0.074833 -3.0098e-05 0.0090132 -0.01128 -0.0099389 -0.001872 -0.0013475
0.012782 -0.15477 0.53276 -1.3965 -0.057841 -0.078244 8.097e-05 -0.012231 0.014702 -0.013058 -0.0033176 -0.0034106
0.013777 -0.14825 0.5321 -1.4537 -0.068383 -0.075756 0.00099591 0.00652 -0.00066117 -0.057137 -0.010543 0.0024877
0.014375 -0.19479 0.55806 -1.5463 -0.06906 -0.077448 0.00059798 -0.04654 0.025967 -0.092623 -0.00067626 -0.0016916
0.015829 -0.22181 0.59838 -1.6279 -0.090846 -0.082016 0.0014535 -0.027028 0.04032 -0.081645 -0.021786 -0.0045684
0.016749 -0.22802 0.6122 -1.6759 -0.07289 -0.080986 0.00091981 -0.0062111 0.013818 -0.047973 0.017955 0.0010301
0.018071 -0.25702 0.64595 -1.6906 -0.078819 -0.082799 0.0013221 -0.028991 0.033745 -0.014658 -0.0059287 -0.0018131
0.016662 -0.23737 0.62946 -1.6996 -0.071819 -0.081542 -0.0014086 0.019643 -0.016489 -0.0090433 0.0069996 0.0012571
0.017662 -0.23766 0.6247 -1.7119 -0.063121 -0.088663 0.00099991 -0.00028955 -0.0047581 -0.012233 0.0086982 -0.0071206
0.016206 -0.26034 0.61927 -1.7362 -0.080554 -0.089403 -0.0014562 -0.022679 -0.0054267 -0.02432 -0.017433 -0.0007402
0.016914 -0.23462 0.60689 -1.7442 -0.068267 -0.089828 0.0007085 0.025721 -0.012383 -0.0079964 0.012287 -0.00042536
0.018224 -0.24365 0.58031 -1.748 -0.066744 -0.085181 0.0013097 -0.0090251 -0.02658 -0.0038576 0.0015223 0.004647
0.01707 -0.25806 0.56052 -1.7574 -0.068264 -0.077823 -0.0011537 -0.014411 -0.019786 -0.0093837 -0.0015191 0.0073578
0.017723 -0.24463 0.52814 -1.7644 -0.056025 -0.085035 0.00065274 0.013428 -0.032378 -0.0069365 0.012238 -0.0072114
0.017699 -0.27091 0.5578 -1.7886 -0.067034 -0.079926 -2.4649e-05 -0.026277 0.029658 -0.024277 -0.011008 0.0051086
0.017128 -0.28131 0.58422 -1.7891 -0.063128 -0.087747 -0.00057096 -0.010408 0.026416 -0.00043855 0.0039054 -0.0078202
0.019624 -0.2728 0.60223 -1.7981 -0.062267 -0.08793 0.0024969 0.008516 0.018007 -0.0090228 0.00086153 -0.00018395
0.019939 -0.27723 0.60247 -1.784 -0.059614 -0.081326 0.00031418 -0.004434 0.00024041 0.014045 0.0026531 0.0066048
0.021139 -0.28195 0.6078 -1.7836 -0.06248 -0.086446 0.0012003 -0.004721 0.0053371 0.00049481 -0.002866 -0.00512
0.02115 -0.26798 0.59958 -1.7837 -0.057612 -0.083438 1.0832e-05 0.013969 -0.0082229 -0.00014925 0.0048675 0.0030078
0.019718 -0.27146 0.60084 -1.7788 -0.06443 -0.081507 -0.0014321 -0.003476 0.0012564 0.0049225 -0.006818 0.0019305
0.019647 -0.28345 0.59833 -1.8027 -0.057535 -0.087272 -7.0577e-05 -0.011988 -0.0025045 -0.023894 0.0068954 -0.0057646
0.018325 -0.25778 0.5957 -1.7907 -0.064017 -0.077548 -0.001322 0.02567 -0.0026317 0.012015 -0.0064825 0.0097243
0.018851 -0.27442 0.59951 -1.8159 -0.056353 -0.084585 0.00052545 -0.016646 0.0038056 -0.025288 0.0076644 -0.0070368
0.01731 -0.27506 0.61397 -1.7931 -0.067559 -0.081507 -0.0015411 -0.00063499 0.01446 0.022853 -0.011206 0.0030773
0.019205 -0.26436 0.60395 -1.8014 -0.061969 -0.084905 0.0018956 0.010698 -0.010012 -0.0083171 0.0055895 -0.0033979
0.019483 -0.28053 0.60866 -1.79 -0.070607 -0.086182 0.00027806 -0.01617 0.004704 0.011415 -0.0086379 -0.0012767
0.020118 -0.265 0.62305 -1.7966 -0.064603 -0.087625 0.00063498 0.015534 0.014391 -0.0066258 0.006004 -0.0014428
0.021413 -0.2745 0.60981 -1.7988 -0.066703 -0.091621 0.0012945 -0.009497 -0.013236 -0.0021662 -0.0020998 -0.0039962
0.020389 -0.27199 0.61922 -1.8018 -0.062105 -0.085248 -0.0010235 0.0025073 0.0094071 -0.0029766 0.0045976 0.0063734
0.022207 -0.29009 0.61446 -1.8094 -0.070242 -0.091513 0.0018177 -0.018107 -0.0047566 -0.0076655 -0.0081371 -0.0062659
0.022639 -0.27241 0.60589 -1.813 -0.065849 -0.084766 0.00043238 0.017685 -0.0085712 -0.0035395 0.0043932 0.0067476
0.021935 -0.29176 0.62934 -1.8207 -0.068537 -0.090807 -0.00070408 -0.019346 0.023449 -0.0077557 -0.0026879 -0.0060414
0.020495 -0.27483 0.62676 -1.8164 -0.06247 -0.090145 -0.0014403 0.016923 -0.0025766 0.0043458 0.0060675 0.00066246
0.020733 -0.28712 0.62539 -1.8245 -0.062542 -0.090173 0.0002379 -0.012291 -0.0013745 -0.0081684 -7.2824e-05 -2.8575e-05
0.02044 -0.27242 0.63273 -1.8267 -0.062651 -0.091964 -0.00029281 0.014707 0.0073379 -0.0021124 -0.00010886 -0.0017911
0.022075 -0.27676 0.61145 -1.8292 -0.064068 -0.090063 0.001635 -0.0043404 -0.021278 -0.0025833 -0.0014166 0.0019019
0.023626 -0.27351 0.62295 -1.8337 -0.064183 -0.084279 0.0015514 0.0032513 0.011504 -0.0044332 -0.00011533 0.005784
0.022353 -0.27704 0.62272 -1.8248 -0.066448 -0.084507 -0.0012733 -0.0035368 -0.00023781 0.0088775 -0.0022643 -0.00022832
0.024697 -0.28156 0.61419 -1.8369 -0.066581 -0.08077 0.002344 -0.0045164 -0.0085284 -0.012105 -0.0001337 0.0037373
0.024696 -0.28114 0.64138 -1.8315 -0.071857 -0.08783 -1.3549e-06 0.0004199 0.027191 0.0054448 -0.0052756 -0.00706
0.024058 -0.28892 0.62363 -1.8451 -0.071325 -0.090093 -0.00063762 -0.0077784 -0.017749 -0.013607 0.00053134 -0.0022636
0.023768 -0.29022 0.63278 -1.8455 -0.069957 -0.090129 -0.00029006 -0.0013063 0.0091502 -0.00043018 0.0013685 -3.6221e-05
0.02324 -0.2995 0.62499 -1.8549 -0.068954 -0.091637 -0.0005284 -0.0092769 -0.0077894 -0.009441 0.0010029 -0.0015079
0.023095 -0.28435 0.59379 -1.8429 -0.060999 -0.08283 -0.00014465 0.015147 -0.031199 0.012057 0.0079553 0.0088078
0.024866 -0.30165 0.61176 -1.8594 -0.066285 -0.086972 0.0017712 -0.017297 0.017965 -0.016484 -0.0052859 -0.0041423
0.023895 -0.29106 0.5882 -1.8407 -0.066505 -0.080917 -0.00097082 0.010587 -0.023561 0.018631 -0.00022036 0.0060552
0.022241 -0.30612 0.59966 -1.8668 -0.068579 -0.087585 -0.0016543 -0.015051 0.011468 -0.026044 -0.0020741 -0.0066681
0.024643 -0.28627 0.60306 -1.8494 -0.069811 -0.085693 0.0024015 0.019841 0.0033945 0.017329 -0.0012316 0.0018921
0.025323 -0.30768 0.61544 -1.8602 -0.069222 -0.09221 0.00068084 -0.021403 0.012379 -0.010706 0.00058852 -0.0065173
0.029197 -0.28504 0.63742 -1.8632 -0.074125 -0.091446 0.0038741 0.022642 0.021979 -0.0030843 -0.0049023 0.00076416
0.030059 -0.31245 0.63632 -1.8676 -0.075908 -0.094064 0.00086192 -0.027418 -0.0011011 -0.0043693 -0.0017838 -0.0026181
0.029321 -0.2824 0.62788 -1.8682 -0.071535 -0.08854 -0.00073805 0.030048 -0.0084351 -0.00055308 0.0043731 0.0055237
0.029696 -0.28506 0.61268 -1.8711 -0.06431 -0.085621 0.00037435 -0.0026525 -0.015201 -0.0029529 0.0072249 0.0029193
0.029267 -0.28462 0.60772 -1.8522 -0.059746 -0.087841 -0.00042873 0.0004352 -0.0049615 0.018861 0.0045647 -0.0022204
0.031437 -0.2872 0.60799 -1.8677 -0.074014 -0.087742 0.0021696 -0.0025817 0.00026951 -0.015422 -0.014269 9.9291e-05
0.030269 -0.28149 0.59486 -1.8629 -0.068317 -0.090119 -0.0011677 0.0057095 -0.013131 0.0048087 0.0056971 -0.0023766
0.029771 -0.3004 0.61088 -1.8723 -0.088234 -0.088687 -0.00049804 -0.018905 0.016027 -0.0094674 -0.019917 0.0014313
0.030254 -0.29219 0.59523 -1.8634 -0.077399 -0.088306 0.00048364 0.0082095 -0.015657 0.0089418 0.010834 0.00038178
0.029391 -0.29253 0.62173 -1.8321 -0.086371 -0.094346 -0.00086352 -0.0003372 0.026502 0.031278 -0.0089718 -0.0060407
0.035287 -0.2344 0.6192 -1.7961 -0.079305 -0.094602 0.0058956 0.058128 -0.0025291 0.036011 0.0070663 -0.0002557
0.035817 -0.17514 0.62167 -1.7545 -0.074477 -0.091878 0.00053006 0.059254 0.002469 0.041571 0.0048282 0.0027242
0.035859 -0.17775 0.63907 -1.7848 -0.072062 -0.098154 4.2508e-05 -0.0026005 0.017399 -0.030257 0.0024146 -0.0062765
0.035112 -0.20455 0.63907 -1.8192 -0.066204 -0.091802 -0.00074748 -0.026803 7.4927e-07 -0.034377 0.0058581 0.0063527
0.029544 -0.26168 0.65207 -1.8388 -0.075634 -0.0989 -0.0055678 -0.05713 0.013007 -0.019671 -0.0094304 -0.0070986
0.027181 -0.22006 0.63324 -1.8335 -0.046056 -0.086113 -0.0023629 0.041621 -0.018832 0.0053675 0.029578 0.012788
0.025513 -0.21548 0.58779 -1.7837 -0.058282 -0.091785 -0.0016676 0.0045752 -0.04545 0.049784 -0.012226 -0.0056722
0.017992 -0.24372 0.53552 -1.9027 -0.072095 -0.10774 -0.0075218 -0.028236 -0.052268 -0.11903 -0.013813 -0.015951
0.016648 -0.25402 0.57433 -1.7015 -0.069723 -0.092148 -0.0013434 -0.010304 0.03881 0.20124 0.0023725 0.015588
0.01291 -0.28532 0.65041 -1.3167 -0.13842 -0.09053 -0.003738 -0.031299 0.076072 0.38474 -0.0687 0.0016174
0.01459 -0.19421 0.94011 -1.0482 -0.12379 -0.038588 0.0016796 0.091115 0.2897 0.26855 0.014637 0.051942
-0.0084976 -0.25677 1.2664 -1.6313 -0.13146 -0.028575 -0.023087 -0.062564 0.32629 -0.58314 -0.0076719 0.010013
-0.024702 -0.402 1.6383 -2.9473 -0.15892 -0.0084328 -0.016205 -0.14523 0.37193 -1.316 -0.027463 0.020142
-0.056288 -0.55434 1.7815 -4.3612 -0.078636 0.033967 -0.031586 -0.15234 0.14322 -1.4138 0.080284 0.0424
-0.05375 -0.7181 1.9086 -5.0253 -0.081069 0.04701 0.0025379 -0.16376 0.1271 -0.66413 -0.0024324 0.013043
-0.050266 -0.72685 2.0829 -5.2738 0.030506 0.079242 0.0034839 -0.0087525 0.17429 -0.24856 0.11157 0.032231
-0.058799 -0.8109 2.5461 -5.5734 0.14164 0.051256 -0.0085327 -0.084047 0.46316 -0.29957 0.11114 -0.027985
-0.061347 -0.85933 3.1107 -6.0935 0.19974 0.056978 -0.0025485 -0.04843 0.56459 -0.52008 0.058093 0.0057221
-0.067795 -0.90829 3.4064 -6.3467 0.24681 0.055104 -0.0064479 -0.048962 0.2957 -0.25318 0.047072 -0.0018741
-0.062512 -0.93034 3.5469 -6.4738 0.22203 0.073812 0.0052834 -0.022051 0.14055 -0.12712 -0.024776 0.018708
-0.052195 -0.90361 3.4466 -6.2428 0.18655 0.077939 0.010317 0.026734 -0.10035 0.23102 -0.035482 0.0041275
-0.058277 -0.8494 3.4018 -6.2245 0.18357 0.059881 -0.0060822 0.054216 -0.044786 0.018254 -0.0029836 -0.018059
-0.060347 -0.90033 3.4293 -6.5227 0.19476 0.098785 -0.0020705 -0.050933 0.027531 -0.29815 0.011189 0.038905
-0.054427 -0.92013 3.5364 -6.8257 0.21074 0.080656 0.0059205 -0.019805 0.10705 -0.30308 0.015987 -0.018129
-0.052992 -0.78988 3.4145 -5.8711 0.19368 -0.0032666 0.0014343 0.13026 -0.12187 0.95466 -0.017063 -0.083923
-0.032858 -0.58131 3.0384 -4.9931 0.14644 -0.10555 0.020135 0.20857 -0.37606 0.87797 -0.047237 -0.10228
-0.036287 -0.14104 2.2397 -2.2974 0.053225 -0.30211 -0.0034295 0.44027 -0.79873 2.6958 -0.093216 -0.19656
-0.028957 -0.1246 1.5296 -1.9674 0.01597 -0.26934 0.0073302 0.016444 -0.71007 0.3299 -0.037256 0.032771
-0.04207 -0.13205 1.1687 -1.4175 -0.013425 -0.27956 -0.013113 -0.0074584 -0.3609 0.54996 -0.029395 -0.010225
-0.040822 -0.31145 1.1337 -1.9182 -0.021641 -0.21254 0.0012484 -0.1794 -0.035063 -0.50067 -0.0082162 0.067016
-0.042856 -0.35431 1.2053 -2.1008 -0.023292 -0.20237 -0.0020342 -0.042861 0.071628 -0.18266 -0.0016511 0.010171
-0.037252 -0.32716 1.2402 -1.9243 -0.035993 -0.22081 0.0056042 0.027149 0.03489 0.17647 -0.012701 -0.018437
-0.034545 -0.33999 1.1834 -1.9075 -0.039187 -0.21377 0.002707 -0.012825 -0.056795 0.016839 -0.0031935 0.0070424
-0.037021 -0.33797 1.156 -1.9759 -0.033207 -0.20502 -0.0024765 0.0020224 -0.027393 -0.068372 0.0059792 0.0087462
-0.034203 -0.34457 1.2095 -1.9602 -0.042339 -0.21011 0.0028185 -0.0066069 0.053525 0.015673 -0.0091317 -0.0050839
-0.033375 -0.35785 1.2419 -2.0896 -0.044262 -0.20745 0.00082812 -0.013275 0.032368 -0.12942 -0.0019229 0.0026598
-0.027031 -0.40178 1.3775 -2.3538 -0.042842 -0.20526 0.0063441 -0.043927 0.1356 -0.26419 0.0014198 0.0021876
-0.021551 -0.48797 1.4588 -2.4593 -0.04921 -0.20511 0.0054799 -0.086194 0.081284 -0.10545 -0.0063674 0.00014464
-0.013848 -0.49379 1.457 -2.6807 -0.050107 -0.1948 0.0077025 -0.0058221 -0.00181 -0.22146 -0.00089702 0.010316
-0.0026988 -0.52626 1.4587 -2.79 -0.065396 -0.18895 0.01115 -0.032468 0.0017131 -0.1093 -0.015289 0.0058476
0.0058277 -0.50888 1.3422 -3.0046 -0.07202 -0.18453 0.0085264 0.017377 -0.11647 -0.21455 -0.0066237 0.0044198
0.013089 -0.53867 1.3328 -3.2164 -0.080385 -0.18107 0.0072617 -0.02979 -0.0093767 -0.21186 -0.0083652 0.0034646
0.015611 -0.55317 1.3121 -3.1953 -0.089015 -0.1867 0.002522 -0.014502 -0.020774 0.021167 -0.0086305 -0.0056342
0.018882 -0.57104 1.3791 -3.0509 -0.1071 -0.19071 0.0032702 -0.017865 0.067081 0.14431 -0.018082 -0.0040072
