5.3806e-05 0.0032215 -0.00014451 0.0027448 0.00063485 0.00069458 0 0 0 0 0 0
0.0028103 0.032093 -0.15093 -0.094476 0.0084002 -0.0034514 0.0027565 0.028872 -0.15079 -0.09722 0.0077654 -0.004146
0.0097102 0.097379 -0.36594 -0.20423 0.00070334 -0.013096 0.0068999 0.065286 -0.21501 -0.10975 -0.0076969 -0.0096445
0.0049467 0.093456 -0.47321 -0.28073 0.022355 -0.010374 -0.0047635 -0.0039233 -0.10728 -0.076499 0.021652 0.0027215
0.010331 0.11993 -0.50612 -0.3364 0.0049483 -0.018376 0.0053843 0.026476 -0.032903 -0.055675 -0.017407 -0.0080018
0.0098038 0.078437 -0.41934 -0.27799 -0.0021844 -0.016534 -0.00052717 -0.041495 0.086778 0.058407 -0.0071327 0.001842
0.012583 0.10724 -0.22372 -0.078245 -0.011074 -0.0054911 0.0027793 0.028805 0.19562 0.19975 -0.0088892 0.011043
0.015276 0.082414 -0.29723 -0.38293 0.0091536 -0.015823 0.0026926 -0.024828 -0.073507 -0.30468 0.020227 -0.010332
0.013751 0.049989 -0.32836 -0.52623 -0.010337 -0.017254 -0.0015244 -0.032425 -0.031136 -0.14331 -0.01949 -0.0014312
0.02253 -0.020154 -0.63593 -1.4972 -0.0015029 -0.058083 0.0087785 -0.070143 -0.30757 -0.97097 0.0088337 -0.040829
0.024088 -0.16585 -0.72665 -1.6769 -0.068683 -0.07394 0.0015577 -0.14569 -0.090721 -0.17968 -0.06718 -0.015857
0.040117 -0.14805 -0.76005 -1.912 -0.072359 -0.084458 0.01603 0.017798 -0.0334 -0.23508 -0.0036756 -0.010517
0.038112 -0.22706 -0.77516 -1.7275 -0.096786 -0.084089 -0.0020051 -0.079011 -0.015112 0.18447 -0.024427 0.00036905
0.049546 -0.20785 -0.62342 -1.4316 -0.12241 -0.081003 0.011434 0.019209 0.15174 0.29585 -0.025626 0.0030856
0.04733 -0.18623 -0.69983 -1.4183 -0.1488 -0.08101 -0.0022158 0.021623 -0.076406 0.013325 -0.026391 -6.9601e-06
0.057865 -0.2064 -0.58626 -1.2335 -0.1942 -0.078365 0.010535 -0.020167 0.11356 0.18481 -0.045402 0.0026447
0.060343 -0.13729 -0.60828 -1.2371 -0.21092 -0.068993 0.0024778 0.069102 -0.022011 -0.0036314 -0.016712 0.0093721
0.066043 -0.14399 -0.62967 -1.2465 -0.20107 -0.069419 0.0057002 -0.0066958 -0.021391 -0.009338 0.0098463 -0.00042624
0.070208 -0.16239 -0.57206 -1.2525 -0.19696 -0.070321 0.0041649 -0.018401 0.057604 -0.0060453 0.0041074 -0.00090196
0.070778 -0.15232 -0.61149 -1.3025 -0.19832 -0.077736 0.00056968 0.01007 -0.039429 -0.049951 -0.0013566 -0.0074148
0.072257 -0.16713 -0.5541 -1.2847 -0.19208 -0.07362 0.0014795 -0.01481 0.057389 0.017774 0.0062408 0.0041163
0.065566 -0.16786 -0.4997 -1.2688 -0.22537 -0.074014 -0.0066906 -0.00073129 0.054406 0.015933 -0.033295 -0.00039434
0.061957 -0.17996 -0.55259 -1.3537 -0.21865 -0.078166 -0.0036097 -0.012097 -0.052889 -0.084882 0.0067226 -0.0041517
0.063751 -0.17454 -0.48926 -1.2873 -0.23254 -0.068543 0.0017944 0.0054239 0.063327 0.06631 -0.013891 0.0096227
0.075365 -0.22049 -0.51777 -1.1173 -0.31062 -0.063723 0.011614 -0.045952 -0.028516 0.17006 -0.078079 0.0048201
0.090368 -0.14159 -0.61631 -0.47346 -0.37304 -0.042725 0.015002 0.078902 -0.098535 0.64382 -0.062418 0.020998
0.11858 -0.13908 -0.62934 -0.086721 -0.51245 -0.035445 0.028212 0.002507 -0.013035 0.38674 -0.13942 0.0072803
0.12362 -0.0033254 -0.93664 0.38228 -0.57507 -0.068878 0.005037 0.13575 -0.3073 0.469 -0.062611 -0.033434
0.14681 0.030268 -1.0328 -0.26965 -0.56197 -0.091076 0.023194 0.033594 -0.096168 -0.65193 0.013094 -0.022197
0.13699 -0.048181 -1.0324 -0.51046 -0.57512 -0.13201 -0.0098154 -0.078449 0.00043409 -0.24081 -0.013144 -0.040938
0.14403 -0.11534 -1.0139 -1.3133 -0.48213 -0.13121 0.0070362 -0.067155 0.018455 -0.80285 0.092987 0.00080414
0.13565 -0.266 -0.68482 -1.3069 -0.4863 -0.12538 -0.0083782 -0.15066 0.3291 0.0064529 -0.0041737 0.0058274
0.13458 -0.1966 -0.75116 -1.4222 -0.41624 -0.11051 -0.0010756 0.069402 -0.066342 -0.11538 0.070067 0.014868
0.13178 -0.19867 -0.68517 -1.3969 -0.404 -0.10711 -0.0027947 -0.0020739 0.065997 0.025307 0.012235 0.0034039
0.13166 -0.15214 -0.83455 -1.3506 -0.38655 -0.10477 -0.00012102 0.046529 -0.14939 0.046291 0.017449 0.0023371
0.13114 -0.17573 -0.84069 -1.3512 -0.41294 -0.11027 -0.00052574 -0.023586 -0.0061422 -0.00058441 -0.026392 -0.0054997
0.13075 -0.20767 -0.86213 -1.2552 -0.4227 -0.10952 -0.00038633 -0.031944 -0.021438 0.096014 -0.0097614 0.0007527
0.13437 -0.19877 -0.76316 -1.1874 -0.45205 -0.10435 0.0036222 0.0089028 0.098974 0.067756 -0.029348 0.0051677
0.13386 -0.1733 -0.81617 -1.1915 -0.43475 -0.10697 -0.00051347 0.025474 -0.053016 -0.0040407 0.017305 -0.0026211
0.13682 -0.18319 -0.74481 -1.1952 -0.44186 -0.10769 0.0029661 -0.0098891 0.071361 -0.0037117 -0.007109 -0.00072064
0.13551 -0.16471 -0.78275 -1.2391 -0.42212 -0.10967 -0.001314 0.018475 -0.037942 -0.043923 0.019733 -0.0019801
0.13135 -0.19729 -0.73609 -1.2656 -0.41858 -0.10279 -0.0041615 -0.032579 0.04666 -0.026469 0.0035425 0.0068875
0.13249 -0.18726 -0.71729 -1.2749 -0.41896 -0.097643 0.0011446 0.010027 0.018806 -0.0092912 -0.00037571 0.0051438
0.12861 -0.1833 -0.73826 -1.3234 -0.40546 -0.088258 -0.0038826 0.0039596 -0.020975 -0.048509 0.013495 0.0093849
0.13214 -0.18116 -0.73053 -1.3133 -0.41243 -0.089016 0.0035243 0.0021473 0.0077349 0.010066 -0.0069713 -0.00075773
0.13084 -0.18258 -0.74393 -1.3457 -0.40114 -0.082164 -0.0012941 -0.001422 -0.0134 -0.03236 0.011291 0.0068522
0.13187 -0.18474 -0.74485 -1.3593 -0.40219 -0.081047 0.0010311 -0.0021595 -0.00092196 -0.013587 -0.0010506 0.0011169
0.1327 -0.18161 -0.73242 -1.3573 -0.40403 -0.08374 0.00082456 0.0031286 0.012435 0.0019383 -0.0018418 -0.0026934
0.12884 -0.19898 -0.72837 -1.3708 -0.4033 -0.075441 -0.0038562 -0.017375 0.0040425 -0.013468 0.00073549 0.0082994
0.13138 -0.17773 -0.74519 -1.3721 -0.38848 -0.077563 0.0025366 0.021254 -0.016814 -0.0012557 0.014819 -0.0021227
0.12538 -0.19854 -0.72963 -1.3929 -0.38786 -0.066104 -0.0059944 -0.020806 0.015561 -0.020804 0.00061775 0.01146
0.12672 -0.20855 -0.73594 -1.4267 -0.36703 -0.076638 0.0013372 -0.010016 -0.0063093 -0.033886 0.020836 -0.010534
0.12472 -0.18866 -0.74139 -1.4533 -0.3676 -0.077575 -0.0020006 0.019888 -0.0054573 -0.026547 -0.00056864 -0.00093711
0.12651 -0.22137 -0.7035 -1.4724 -0.36734 -0.081456 0.0017905 -0.032706 0.03789 -0.019058 0.0002587 -0.0038806
0.12981 -0.18697 -0.72967 -1.4906 -0.35847 -0.080995 0.003299 0.0344 -0.026166 -0.018253 0.0088712 0.00046079
0.13027 -0.2027 -0.71533 -1.4923 -0.36146 -0.077887 0.00046463 -0.015727 0.01434 -0.0017237 -0.0029908 0.0031081
0.13 -0.20561 -0.70313 -1.4708 -0.35503 -0.08323 -0.00027454 -0.0029103 0.012198 0.021532 0.0064228 -0.0053431
0.12523 -0.19947 -0.73051 -1.4774 -0.35182 -0.08229 -0.0047721 0.0061358 -0.027377 -0.0066341 0.0032092 0.00093997
0.12651 -0.21364 -0.68197 -1.4868 -0.35202 -0.083934 0.0012874 -0.014166 0.048539 -0.0093766 -0.00019617 -0.0016441
0.12251 -0.20528 -0.69935 -1.5213 -0.34718 -0.08267 -0.0040051 0.008362 -0.017381 -0.034527 0.0048415 0.0012636
0.12743 -0.22128 -0.67737 -1.5436 -0.34268 -0.082206 0.0049209 -0.016007 0.021981 -0.022273 0.0045 0.00046411
0.12495 -0.2021 -0.68422 -1.5328 -0.36069 -0.083846 -0.0024765 0.019179 -0.0068533 0.010799 -0.018008 -0.0016398
0.12504 -0.20935 -0.70514 -1.5211 -0.36587 -0.082877 8.3462e-05 -0.0072436 -0.020921 0.011721 -0.0051874 0.00096895
0.12373 -0.20993 -0.68104 -1.533 -0.3792 -0.083562 -0.001307 -0.00058054 0.024099 -0.011916 -0.013323 -0.00068453
0.12057 -0.19401 -0.70745 -1.5555 -0.36592 -0.080448 -0.0031599 0.015916 -0.026407 -0.022485 0.013276 0.0031137
0.12091 -0.23299 -0.68396 -1.5994 -0.34751 -0.075281 0.00033642 -0.03898 0.023491 -0.04396 0.01841 0.0051672
0.12217 -0.19514 -0.69705 -1.6136 -0.33824 -0.083733 0.001264 0.037851 -0.013093 -0.014162 0.0092748 -0.0084527
0.12126 -0.23265 -0.6957 -1.6254 -0.32623 -0.076559 -0.00090632 -0.037506 0.0013522 -0.011817 0.012005 0.0071743
0.12556 -0.2102 -0.66088 -1.6377 -0.33147 -0.094753 0.0042992 0.022448 0.034817 -0.012319 -0.005241 -0.018193
0.12456 -0.22432 -0.67795 -1.6509 -0.32598 -0.085813 -0.001 -0.01412 -0.017062 -0.013161 0.0054883 0.00894
0.12746 -0.23452 -0.64217 -1.6551 -0.3326 -0.094496 0.0028931 -0.010201 0.035781 -0.0041638 -0.0066121 -0.0086839
0.12806 -0.22784 -0.66001 -1.6446 -0.33134 -0.092452 0.00059858 0.0066827 -0.017847 0.010431 0.001253 0.0020443
0.12437 -0.22993 -0.66651 -1.6391 -0.32694 -0.087009 -0.0036843 -0.0020895 -0.0065006 0.0055491 0.0043993 0.0054428
0.12808 -0.21796 -0.66538 -1.6382 -0.33158 -0.092233 0.0037079 0.011967 0.0011302 0.00087909 -0.0046315 -0.0052241
0.12317 -0.21891 -0.684 -1.6595 -0.32823 -0.084051 -0.0049109 -0.00094717 -0.018614 -0.021298 0.0033424 0.0081823
0.13249 -0.2353 -0.65302 -1.6562 -0.31756 -0.089761 0.0093248 -0.016392 0.030978 0.0032737 0.010672 -0.0057101
0.12848 -0.23023 -0.6461 -1.6633 -0.30819 -0.084893 -0.0040109 0.0050732 0.0069177 -0.0070175 0.0093763 0.0048685
0.13729 -0.2405 -0.6464 -1.6723 -0.278 -0.086762 0.0088128 -0.010278 -0.00030071 -0.0089971 0.030186 -0.0018696
0.13714 -0.22631 -0.64021 -1.6374 -0.30258 -0.092746 -0.00015785 0.014197 0.0061911 0.034847 -0.024576 -0.0059838
0.13811 -0.2467 -0.63657 -1.6503 -0.31085 -0.092921 0.00096935 -0.020398 0.0036436 -0.012915 -0.0082761 -0.00017522
0.13434 -0.2444 -0.60773 -1.6167 -0.33869 -0.086648 -0.0037657 0.0022998 0.028838 0.033581 -0.027842 0.0062729
0.13263 -0.21841 -0.6027 -1.6851 -0.31394 -0.087409 -0.001711 0.025998 0.0050301 -0.068341 0.024753 -0.00076058
0.13223 -0.26724 -0.59124 -1.6871 -0.30926 -0.08824 -0.00040209 -0.048831 0.011462 -0.0020582 0.0046841 -0.00083083
0.14516 -0.23186 -0.57766 -1.6747 -0.28777 -0.12029 0.012929 0.035373 0.013573 0.012429 0.021482 -0.032047
0.1435 -0.31946 -0.51004 -1.6135 -0.30707 -0.13471 -0.0016513 -0.087599 0.067627 0.061167 -0.019294 -0.014426
0.14521 -0.23484 -0.47667 -1.6219 -0.2757 -0.13955 0.0017008 0.084626 0.033371 -0.0083712 0.031371 -0.0048399
0.14192 -0.2044 -0.5958 -1.6519 -0.30057 -0.14089 -0.0032874 0.030434 -0.11914 -0.030026 -0.024874 -0.0013371
0.14553 -0.18563 -0.74468 -1.6593 -0.31653 -0.13972 0.00361 0.018778 -0.14888 -0.0073883 -0.015956 0.0011739
0.1572 -0.19821 -0.9515 -1.5885 -0.43007 -0.15895 0.011674 -0.012586 -0.20682 0.07086 -0.11354 -0.019237
0.16178 -0.23935 -0.98252 -1.4905 -0.46746 -0.16331 0.0045784 -0.041136 -0.031018 0.097979 -0.037386 -0.0043609
0.16344 -0.24144 -0.9273 -1.4907 -0.49084 -0.1663 0.0016572 -0.0020956 0.055216 -0.0002247 -0.023387 -0.0029861
0.16104 -0.20372 -0.87375 -1.5091 -0.44427 -0.15403 -0.0023944 0.037721 0.053556 -0.018426 0.046576 0.012272
0.16302 -0.21434 -0.83528 -1.5823 -0.41174 -0.1566 0.0019786 -0.010617 0.038465 -0.073133 0.032527 -0.0025701
0.16512 -0.21781 -0.8035 -1.6017 -0.40831 -0.15251 0.0021036 -0.0034701 0.031787 -0.019413 0.0034329 0.0040874
0.16369 -0.20893 -0.83513 -1.6413 -0.39213 -0.14898 -0.0014383 0.0088815 -0.031633 -0.039663 0.016173 0.0035295
0.16597 -0.23857 -0.74753 -1.667 -0.39403 -0.1461 0.002286 -0.02964 0.087599 -0.025628 -0.0018959 0.0028862
0.16012 -0.22363 -0.78843 -1.6871 -0.37743 -0.13881 -0.0058539 0.014936 -0.040905 -0.020128 0.016602 0.0072848
0.16274 -0.2511 -0.73036 -1.7044 -0.38167 -0.13975 0.0026247 -0.027469 0.058076 -0.017321 -0.0042454 -0.00093803
0.15924 -0.23957 -0.77611 -1.7266 -0.37483 -0.14109 -0.0035019 0.011536 -0.045749 -0.022204 0.0068464 -0.0013448
0.15689 -0.25651 -0.76127 -1.7366 -0.37769 -0.13728 -0.0023561 -0.016941 0.014833 -0.0099438 -0.0028671 0.0038171
0.16052 -0.2455 -0.77619 -1.7553 -0.36685 -0.13785 0.0036344 0.011007 -0.014911 -0.018764 0.010844 -0.00057565
0.16018 -0.27189 -0.7581 -1.7577 -0.36256 -0.13876 -0.00033867 -0.026393 0.018084 -0.0023132 0.0042889 -0.00090737
0.16436 -0.24257 -0.74605 -1.7587 -0.36006 -0.13133 0.0041816 0.029322 0.012054 -0.0010359 0.0024957 0.0074325
0.16209 -0.25064 -0.75619 -1.7791 -0.35301 -0.13338 -0.0022771 -0.0080709 -0.010143 -0.020408 0.0070587 -0.0020552
0.16177 -0.23915 -0.747 -1.7531 -0.36742 -0.11803 -0.00031682 0.011496 0.009188 0.025995 -0.014417 0.015352
0.15966 -0.24616 -0.76492 -1.7837 -0.34926 -0.12266 -0.0021094 -0.0070188 -0.017913 -0.03056 0.018164 -0.0046336
0.16236 -0.26385 -0.7501 -1.7784 -0.35327 -0.11601 0.0027035 -0.017687 0.014816 0.0052195 -0.0040084 0.0066516
0.1577 -0.24966 -0.75218 -1.8253 -0.34629 -0.12946 -0.0046654 0.014193 -0.0020835 -0.046822 0.0069722 -0.013445
0.1605 -0.26654 -0.7609 -1.8143 -0.34349 -0.13092 0.0028016 -0.016882 -0.0087134 0.010928 0.0028079 -0.0014591
0.1527 -0.23496 -0.76581 -1.8402 -0.3585 -0.13467 -0.0077993 0.031576 -0.0049124 -0.025891 -0.015015 -0.0037506
0.15774 -0.26126 -0.78004 -1.8372 -0.34041 -0.1276 0.0050359 -0.026294 -0.014227 0.0030611 0.018092 0.0070695
0.15355 -0.25828 -0.7446 -1.8661 -0.35827 -0.11804 -0.0041886 0.0029752 0.035434 -0.028963 -0.017858 0.0095521
0.15506 -0.27068 -0.76775 -1.8901 -0.33427 -0.1127 0.0015133 -0.012398 -0.023149 -0.023929 0.023999 0.0053412
0.15872 -0.27627 -0.73753 -1.9032 -0.3455 -0.11275 0.0036595 -0.0055909 0.030225 -0.013127 -0.011226 -4.2943e-05
0.16052 -0.25389 -0.7777 -1.9171 -0.32798 -0.11672 0.0018048 0.022378 -0.040175 -0.013964 0.017513 -0.0039779
0.16605 -0.26003 -0.75638 -1.9043 -0.3338 -0.12426 0.00553 -0.0061359 0.021318 0.012842 -0.005819 -0.0075351
0.17023 -0.25589 -0.75344 -1.9091 -0.34123 -0.12389 0.004172 0.0041366 0.0029413 -0.0047686 -0.0074275 0.00036775
0.1624 -0.25464 -0.76462 -1.9039 -0.33791 -0.12224 -0.0078255 0.0012548 -0.011176 0.00517 0.0033157 0.0016478
0.16968 -0.25637 -0.75706 -1.8947 -0.344 -0.11247 0.0072787 -0.0017362 0.007554 0.0091754 -0.0060828 0.0097718
0.16042 -0.26089 -0.77767 -1.8961 -0.33497 -0.11377 -0.0092632 -0.0045135 -0.020602 -0.0013617 0.009029 -0.0012985
0.16716 -0.24852 -0.78005 -1.8549 -0.33052 -0.11677 0.0067467 0.01237 -0.0023846 0.041197 0.004445 -0.0030031
0.16461 -0.26796 -0.77849 -1.907 -0.32336 -0.12344 -0.0025514 -0.019438 0.0015578 -0.05212 0.0071659 -0.0066704
0.16862 -0.27549 -0.72839 -2.0088 -0.33199 -0.12588 0.0040076 -0.0075369 0.050105 -0.10177 -0.0086338 -0.0024321
0.15383 -0.22151 -0.77726 -1.8289 -0.31496 -0.1249 -0.014794 0.053981 -0.048876 0.17992 0.017025 0.00097643
0.15173 -0.27195 -0.84425 -1.714 -0.31995 -0.13015 -0.0020936 -0.050437 -0.066988 0.11488 -0.0049843 -0.0052523
0.13047 -0.17402 -1.0181 -1.2798 -0.2976 -0.13729 -0.021259 0.097931 -0.1739 0.43413 0.022352 -0.0071399
0.1359 -0.2261 -1.2075 -1.2628 -0.27557 -0.13973 0.0054297 -0.052081 -0.18938 0.01703 0.022026 -0.0024414
0.13637 -0.17476 -1.2198 -1.3232 -0.3064 -0.15072 0.00046329 0.051343 -0.012258 -0.060429 -0.030828 -0.010988
0.13742 -0.20278 -1.2594 -1.4128 -0.30378 -0.14428 0.0010536 -0.02802 -0.039653 -0.089548 0.0026181 0.0064398
0.14428 -0.18838 -1.1722 -1.4885 -0.3485 -0.15761 0.0068573 0.0144 0.087237 -0.075748 -0.044722 -0.013329
0.14229 -0.22915 -1.1085 -1.4383 -0.34962 -0.14485 -0.001984 -0.040778 0.063731 0.050247 -0.0011141 0.012755
0.14733 -0.18346 -1.0863 -1.4731 -0.34087 -0.14773 0.0050327 0.045695 0.022138 -0.034808 0.0087494 -0.0028741
0.14536 -0.192 -1.0827 -1.525 -0.33814 -0.14405 -0.0019649 -0.0085413 0.0035862 -0.051864 0.0027259 0.0036811
0.14464 -0.18226 -1.0792 -1.5444 -0.33158 -0.14337 -0.00072453 0.0097416 0.0035149 -0.019461 0.0065575 0.00067913
0.14164 -0.18399 -1.0955 -1.547 -0.34412 -0.1538 -0.0029936 -0.0017279 -0.016305 -0.0025614 -0.012541 -0.010431
0.145 -0.1957 -1.0577 -1.5621 -0.34569 -0.14931 0.0033593 -0.011709 0.037818 -0.015127 -0.0015651 0.0044909
0.14439 -0.20577 -1.0303 -1.5843 -0.35764 -0.15489 -0.00061485 -0.010068 0.02743 -0.022191 -0.011951 -0.0055793
0.14515 -0.17786 -1.0288 -1.5995 -0.34986 -0.15262 0.00076714 0.027905 0.0014453 -0.015181 0.0077845 0.002269
0.145 -0.19936 -1.0284 -1.6333 -0.353 -0.14722 -0.00015172 -0.0215 0.00045867 -0.033763 -0.0031399 0.0054006
0.14427 -0.20342 -0.96749 -1.6351 -0.34439 -0.14695 -0.00072754 -0.0040626 0.060899 -0.0018175 0.0086053 0.00027255
0.14498 -0.18502 -1.0172 -1.7042 -0.32192 -0.13411 0.00070119 0.018402 -0.049746 -0.069166 0.02247 0.012832
0.14927 -0.21859 -0.97627 -1.7343 -0.3073 -0.1322 0.0042987 -0.033571 0.040968 -0.030103 0.014622 0.001912
0.14926 -0.22573 -0.98198 -1.7618 -0.3083 -0.13032 -1.7024e-05 -0.0071357 -0.0057196 -0.027448 -0.00099695 0.0018873
0.15032 -0.22113 -1.0023 -1.7482 -0.31229 -0.13291 0.0010631 0.0045929 -0.02031 0.01361 -0.0039961 -0.0025989
0.14221 -0.23108 -0.9697 -1.7218 -0.33989 -0.13624 -0.0081147 -0.0099429 0.032595 0.02636 -0.027594 -0.0033285
0.14042 -0.21081 -0.99286 -1.693 -0.34981 -0.13633 -0.0017887 0.020269 -0.023156 0.028856 -0.0099211 -8.4941e-05
0.14116 -0.22075 -1.0033 -1.7059 -0.34812 -0.13268 0.00074047 -0.0099405 -0.010413 -0.012948 0.0016898 0.0036425
0.14531 -0.23969 -0.93026 -1.7108 -0.34661 -0.134 0.0041564 -0.018945 0.073014 -0.0048476 0.0015022 -0.0013154
0.14788 -0.22206 -0.99078 -1.7519 -0.32215 -0.1336 0.0025641 0.017634 -0.060521 -0.041174 0.024462 0.00039855
0.14497 -0.21112 -0.95928 -1.797 -0.32849 -0.13431 -0.002904 0.010936 0.031492 -0.045071 -0.006341 -0.00070583
0.14652 -0.2146 -1.0008 -1.8074 -0.33204 -0.13963 0.0015447 -0.0034786 -0.041478 -0.010406 -0.0035471 -0.0053219
0.14406 -0.22535 -0.96871 -1.8363 -0.34113 -0.13497 -0.0024543 -0.010753 0.03205 -0.028933 -0.009092 0.0046638
0.1408 -0.19046 -1.0161 -1.8036 -0.34431 -0.1347 -0.0032678 0.034899 -0.04736 0.032755 -0.0031748 0.00026299
0.14095 -0.23232 -1.0018 -1.7657 -0.34379 -0.13387 0.00015023 -0.041868 0.014291 0.037856 0.00051261 0.00083675
0.13578 -0.19116 -1.0843 -1.7009 -0.35577 -0.13015 -0.005165 0.041158 -0.082493 0.064877 -0.011979 0.0037127
0.14527 -0.23778 -1.0298 -1.6443 -0.36064 -0.13683 0.0094846 -0.046615 0.054437 0.056556 -0.0048695 -0.0066767
0.14256 -0.20718 -1.0747 -1.6488 -0.3544 -0.13089 -0.0027038 0.030596 -0.044852 -0.0045406 0.0062411 0.0059426
0.14581 -0.21764 -1.0254 -1.6863 -0.35559 -0.13621 0.0032515 -0.010461 0.049259 -0.037468 -0.0011932 -0.0053239
0.14693 -0.18929 -1.0483 -1.7388 -0.3374 -0.13884 0.0011134 0.028351 -0.02285 -0.052528 0.018192 -0.0026249
0.14809 -0.19793 -1.0072 -1.7342 -0.34843 -0.13463 0.0011654 -0.008634 0.041094 0.004652 -0.011032 0.004205
0.15219 -0.13004 -0.99145 -1.714 -0.33407 -0.13249 0.0040943 0.067891 0.015732 0.020144 0.014365 0.0021406
0.15121 -0.14265 -0.98686 -1.6881 -0.34374 -0.1235 -0.00097751 -0.012617 0.0045912 0.025898 -0.0096705 0.0089867
0.1495 -0.12768 -0.95179 -1.712 -0.34167 -0.12695 -0.001705 0.014979 0.035071 -0.023826 0.0020737 -0.0034414
0.15006 -0.15826 -0.97657 -1.7554 -0.34392 -0.13267 0.00055626 -0.030583 -0.024783 -0.043462 -0.0022569 -0.0057245
0.14966 -0.17606 -0.95331 -1.7776 -0.33967 -0.13365 -0.00040345 -0.017806 0.023261 -0.022155 0.0042514 -0.00098272
0.15224 -0.1635 -0.9681 -1.7925 -0.33447 -0.13516 0.0025783 0.012569 -0.014787 -0.01494 0.0051997 -0.0015083
0.15214 -0.18445 -0.96854 -1.8002 -0.33995 -0.12962 -9.3191e-05 -0.020957 -0.00043907 -0.0076787 -0.005474 0.0055383
0.15395 -0.17285 -0.95018 -1.8349 -0.33437 -0.12993 0.0018072 0.011605 0.018362 -0.034745 0.0055719 -0.00030472
0.15466 -0.19298 -0.98067 -1.8868 -0.31998 -0.12679 0.00071039 -0.020135 -0.030489 -0.051819 0.014396 0.0031352
0.1509 -0.18648 -0.94525 -1.8807 -0.32677 -0.13002 -0.003761 0.0065035 0.035416 0.006106 -0.0067865 -0.0032319
0.15104 -0.20586 -0.92085 -1.893 -0.31868 -0.12637 0.00013594 -0.019386 0.024404 -0.012297 0.0080811 0.0036546
0.1437 -0.21153 -0.84247 -1.8691 -0.36015 -0.12103 -0.0073305 -0.0056652 0.078374 0.023842 -0.04147 0.0053444
0.14478 -0.24852 -0.71828 -1.8891 -0.38199 -0.11857 0.001077 -0.036991 0.12419 -0.020023 -0.021839 0.0024555
0.14337 -0.22804 -0.72085 -1.9272 -0.3749 -0.1058 -0.001408 0.020476 -0.0025662 -0.038026 0.0070926 0.012774
0.14274 -0.22544 -0.68195 -1.9327 -0.38178 -0.12376 -0.00063313 0.0026037 0.038902 -0.0055597 -0.0068823 -0.017964
0.14439 -0.22049 -0.77978 -1.9657 -0.3354 -0.11003 0.0016531 0.0049529 -0.097834 -0.032926 0.046378 0.013729
0.14398 -0.19162 -0.79702 -1.9887 -0.31935 -0.12631 -0.00041814 0.028866 -0.017235 -0.023026 0.016056 -0.016277
0.14366 -0.23063 -0.82349 -1.9999 -0.31228 -0.11149 -0.00031361 -0.039004 -0.026471 -0.011264 0.0070675 0.014814
0.14512 -0.20314 -0.81019 -2.0501 -0.2979 -0.11205 0.0014591 0.027481 0.013294 -0.050184 0.014383 -0.00055879
0.14133 -0.2239 -0.80448 -2.0321 -0.31701 -0.10552 -0.0037903 -0.020761 0.005715 0.018041 -0.019114 0.0065369
0.14244 -0.23508 -0.80055 -2.0716 -0.32075 -0.10219 0.0011116 -0.011175 0.0039247 -0.039559 -0.003734 0.0033293
0.13998 -0.22086 -0.80963 -2.0534 -0.31693 -0.099366 -0.0024664 0.014218 -0.0090743 0.018233 0.0038173 0.0028202
0.14173 -0.23641 -0.82991 -2.0665 -0.31972 -0.10448 0.0017558 -0.015552 -0.020279 -0.013099 -0.0027906 -0.0051118
0.14089 -0.23616 -0.80565 -2.0568 -0.31456 -0.098563 -0.00084154 0.00025645 0.024261 0.0097344 0.0051574 0.0059145
0.14202 -0.22873 -0.82954 -2.0723 -0.30677 -0.10127 0.0011305 0.0074255 -0.023895 -0.015499 0.0077875 -0.0027029
0.14274 -0.25115 -0.7836 -2.0961 -0.3111 -0.095413 0.00071967 -0.022422 0.045941 -0.023811 -0.0043239 0.0058528
0.14255 -0.22921 -0.81408 -2.0934 -0.30171 -0.098751 -0.00019536 0.021941 -0.030483 0.002646 0.0093865 -0.0033378
0.14187 -0.25593 -0.79277 -2.1173 -0.30189 -0.097051 -0.00067152 -0.026717 0.021314 -0.02387 -0.00017481 0.0016996
0.13994 -0.25637 -0.7978 -2.1053 -0.30434 -0.099465 -0.001931 -0.00043951 -0.0050318 0.011993 -0.0024572 -0.002414
0.13871 -0.26628 -0.80435 -2.1329 -0.29648 -0.095106 -0.00123 -0.0099124 -0.0065465 -0.027536 0.007859 0.0043594
0.14018 -0.2632 -0.78357 -2.1483 -0.30401 -0.098158 0.0014641 0.0030782 0.020779 -0.0154 -0.0075269 -0.0030523
0.14009 -0.25187 -0.80448 -2.1593 -0.29743 -0.098464 -8.552e-05 0.011334 -0.020907 -0.011037 0.0065817 -0.00030575
0.14047 -0.26377 -0.77553 -2.1777 -0.30338 -0.097892 0.00037434 -0.011905 0.028944 -0.018451 -0.005952 0.00057228
0.14218 -0.24954 -0.77782 -2.1801 -0.29683 -0.097734 0.0017143 0.014238 -0.0022927 -0.0023972 0.0065534 0.00015761
0.13857 -0.27774 -0.75651 -2.1817 -0.29396 -0.095317 -0.003608 -0.028208 0.021313 -0.0015376 0.0028654 0.0024169
0.14161 -0.25281 -0.74398 -2.1846 -0.3049 -0.0965 0.0030341 0.02493 0.012531 -0.0029581 -0.010939 -0.0011827
0.1353 -0.26597 -0.74949 -2.1989 -0.29568 -0.097032 -0.0063017 -0.013158 -0.0055108 -0.014239 0.0092222 -0.00053218
0.13937 -0.25915 -0.74379 -2.2018 -0.31514 -0.097434 0.0040634 0.006822 0.0057051 -0.0028991 -0.019459 -0.00040186
0.1381 -0.24495 -0.76234 -2.2146 -0.29592 -0.1002 -0.0012705 0.014197 -0.018552 -0.01279 0.019219 -0.0027628
0.13953 -0.27759 -0.74922 -2.2068 -0.30248 -0.098632 0.0014322 -0.032639 0.01312 0.0077794 -0.0065587 0.0015646
0.13904 -0.25192 -0.75689 -2.2191 -0.29327 -0.1021 -0.0004856 0.025673 -0.0076735 -0.012366 0.0092084 -0.00347
0.13369 -0.2802 -0.78633 -2.2362 -0.28419 -0.098765 -0.005351 -0.028282 -0.02944 -0.017039 0.009082 0.003337
0.13429 -0.25557 -0.79712 -2.2455 -0.29638 -0.10276 0.00059408 0.024634 -0.010786 -0.0092949 -0.012191 -0.0039934
0.1303 -0.26467 -0.8242 -2.2431 -0.28461 -0.099055 -0.003982 -0.0091004 -0.027083 0.0024045 0.011773 0.0037035
0.13381 -0.26126 -0.78576 -2.2405 -0.29849 -0.10168 0.003507 0.0034061 0.038443 0.0026054 -0.013883 -0.0026263
0.13202 -0.26518 -0.77409 -2.2299 -0.28537 -0.09279 -0.001789 -0.0039153 0.011666 0.01057 0.013119 0.0088911
0.13388 -0.26162 -0.77512 -2.238 -0.28498 -0.094743 0.0018565 0.0035545 -0.0010264 -0.0080949 0.00038657 -0.0019525
0.13429 -0.25431 -0.76453 -2.2306 -0.29009 -0.088593 0.00041372 0.0073071 0.010587 0.0074211 -0.0051102 0.0061491
0.13415 -0.25663 -0.78734 -2.2383 -0.29034 -0.092771 -0.00013973 -0.0023191 -0.022813 -0.0077576 -0.00025045 -0.0041774
0.13604 -0.25737 -0.76818 -2.2483 -0.29609 -0.093638 0.0018819 -0.00073699 0.019164 -0.0099548 -0.005747 -0.00086671
0.13351 -0.25317 -0.7801 -2.2471 -0.29238 -0.094317 -0.0025244 0.0042049 -0.011923 0.0011412 0.0037145 -0.00067899
0.13783 -0.26803 -0.78343 -2.2717 -0.28318 -0.096769 0.0043178 -0.014869 -0.0033298 -0.024588 0.009196 -0.0024529
0.13756 -0.2537 -0.76749 -2.2558 -0.2882 -0.098063 -0.00026477 0.014336 0.015941 0.015954 -0.0050236 -0.0012936
0.14269 -0.27289 -0.77751 -2.282 -0.27801 -0.10047 0.0051288 -0.019186 -0.01002 -0.026225 0.010193 -0.0024058
0.14068 -0.27384 -0.76905 -2.2924 -0.28199 -0.099049 -0.0020111 -0.00095172 0.0084641 -0.010409 -0.0039803 0.0014197
0.14308 -0.27945 -0.75535 -2.2905 -0.29064 -0.091983 0.0023983 -0.005615 0.013691 0.0019108 -0.0086486 0.0070663
0.14093 -0.27914 -0.77386 -2.323 -0.28303 -0.089884 -0.0021449 0.00031135 -0.018502 -0.032548 0.0076097 0.0020992
0.14389 -0.28077 -0.73547 -2.2957 -0.30691 -0.085338 0.0029597 -0.0016296 0.038384 0.027308 -0.023877 0.0045459
0.1414 -0.28238 -0.75294 -2.3165 -0.28498 -0.086952 -0.0024913 -0.0016138 -0.017464 -0.020753 0.021926 -0.0016141
0.14211 -0.28527 -0.75513 -2.3082 -0.29449 -0.08672 0.00070799 -0.0028839 -0.0021914 0.0083356 -0.0095088 0.00023188
0.1421 -0.29485 -0.7406 -2.3089 -0.27912 -0.080701 -1.4255e-05 -0.0095861 0.014533 -0.00070024 0.015373 0.0060186
0.14362 -0.27723 -0.76922 -2.3135 -0.28707 -0.085796 0.0015279 0.017622 -0.028621 -0.0046682 -0.0079501 -0.0050948
0.14508 -0.28673 -0.76091 -2.3107 -0.28707 -0.081181 0.0014595 -0.0095026 0.0083047 0.0028638 -9.0603e-06 0.0046148
0.1465 -0.26987 -0.77381 -2.3012 -0.29928 -0.084251 0.0014179 0.016864 -0.012901 0.0094921 -0.012208 -0.0030699
0.14536 -0.28332 -0.79013 -2.3092 -0.28283 -0.083062 -0.0011427 -0.013449 -0.016316 -0.0080731 0.016456 0.0011892
0.14485 -0.28895 -0.75419 -2.2917 -0.28934 -0.082056 -0.00050596 -0.0056253 0.035938 0.017583 -0.0065144 0.0010059
0.14226 -0.29106 -0.76373 -2.3019 -0.27452 -0.083439 -0.0025917 -0.0021157 -0.0095422 -0.010215 0.014818 -0.0013825
0.13902 -0.29193 -0.75019 -2.2835 -0.28064 -0.085612 -0.0032446 -0.00087076 0.013543 0.018344 -0.0061171 -0.0021736
0.14022 -0.26824 -0.7797 -2.3003 -0.28374 -0.084789 0.0012022 0.023692 -0.029507 -0.016763 -0.0031025 0.00082307
0.13867 -0.2896 -0.79026 -2.294 -0.28452 -0.093939 -0.0015473 -0.021364 -0.010563 0.0062707 -0.00077485 -0.0091494
0.13991 -0.27741 -0.78267 -2.3135 -0.2924 -0.091433 0.0012397 0.012189 0.0075916 -0.019511 -0.0078863 0.0025052
0.13663 -0.28864 -0.80508 -2.3217 -0.28539 -0.096393 -0.0032864 -0.011226 -0.022413 -0.0081789 0.0070175 -0.0049598
0.13813 -0.28272 -0.77616 -2.3219 -0.29069 -0.09313 0.0015076 0.0059193 0.028923 -0.00021675 -0.0053067 0.0032629
0.13833 -0.28208 -0.79052 -2.3366 -0.28772 -0.089881 0.00019794 0.00064513 -0.01436 -0.014707 0.0029703 0.0032491
0.14304 -0.29654 -0.75917 -2.3234 -0.30211 -0.096447 0.0047086 -0.014467 0.031343 0.013201 -0.014393 -0.0065657
0.14318 -0.2864 -0.76155 -2.3433 -0.29073 -0.087578 0.00013683 0.010142 -0.002373 -0.019827 0.011389 0.0088685
0.14427 -0.29978 -0.78225 -2.3378 -0.29743 -0.094189 0.0010944 -0.013382 -0.020707 0.0055005 -0.0067059 -0.0066103
0.14354 -0.2935 -0.76766 -2.3516 -0.27981 -0.085517 -0.00073358 0.0062783 0.014593 -0.013876 0.017621 0.0086719
0.14315 -0.30179 -0.79656 -2.3513 -0.28838 -0.092608 -0.00039035 -0.0082821 -0.028896 0.00039076 -0.008569 -0.0070914
0.14293 -0.30325 -0.75186 -2.3585 -0.27585 -0.085558 -0.00022144 -0.0014644 0.044697 -0.0072342 0.012527 0.00705
0.14435 -0.28066 -0.7889 -2.3669 -0.2599 -0.087502 0.0014275 0.022592 -0.037036 -0.0084579 0.01595 -0.0019443
0.14663 -0.30285 -0.75602 -2.3722 -0.24967 -0.07853 0.002277 -0.022191 0.032882 -0.0052575 0.01023 0.0089729
0.14484 -0.29252 -0.76553 -2.3702 -0.23763 -0.074506 -0.0017933 0.01033 -0.0095142 0.0019692 0.012047 0.0040239
0.144 -0.30079 -0.77623 -2.3749 -0.25628 -0.084643 -0.00083953 -0.0082734 -0.010696 -0.0046737 -0.018651 -0.010138
0.13582 -0.30246 -0.7599 -2.3534 -0.2598 -0.079231 -0.0081742 -0.0016658 0.016322 0.021527 -0.0035273 0.0054118
0.13867 -0.29803 -0.77535 -2.3608 -0.26942 -0.098474 0.0028437 0.0044246 -0.015449 -0.0074525 -0.0096174 -0.019242
0.13665 -0.29254 -0.77686 -2.342 -0.26477 -0.087503 -0.0020159 0.0054943 -0.001503 0.018862 0.0046555 0.010971
0.14043 -0.29692 -0.77323 -2.3525 -0.27002 -0.09606 0.0037825 -0.0043769 0.0036293 -0.010492 -0.00525 -0.0085572
0.14 -0.26516 -0.81184 -2.3351 -0.26488 -0.090945 -0.0004326 0.031755 -0.038611 0.017352 0.0051312 0.0051157
0.13969 -0.28335 -0.80447 -2.3324 -0.27586 -0.095527 -0.00030863 -0.018185 0.0073699 0.0027054 -0.010975 -0.0045828
0.13758 -0.26136 -0.8073 -2.3161 -0.26493 -0.097139 -0.0021156 0.021984 -0.0028281 0.016267 0.010931 -0.0016115
0.13865 -0.28206 -0.82356 -2.327 -0.27087 -0.099245 0.0010725 -0.020693 -0.016261 -0.010883 -0.0059428 -0.002106
0.13261 -0.27237 -0.79577 -2.3321 -0.27144 -0.10013 -0.006041 0.0096874 0.027788 -0.0051024 -0.00056379 -0.00088812
0.13529 -0.28797 -0.82179 -2.3463 -0.27487 -0.097083 0.0026788 -0.015598 -0.02602 -0.014145 -0.0034305 0.0030505
0.13238 -0.28933 -0.78988 -2.3417 -0.2824 -0.095658 -0.0029108 -0.001365 0.031908 0.0045728 -0.0075339 0.0014244
0.13558 -0.28126 -0.82078 -2.3533 -0.27536 -0.095679 0.0032023 0.0080747 -0.030898 -0.011615 0.0070347 -2.0594e-05
0.13832 -0.30265 -0.79733 -2.335 -0.27979 -0.098267 0.0027435 -0.021388 0.023449 0.018266 -0.0044205 -0.0025888
0.13855 -0.28006 -0.81257 -2.3438 -0.27821 -0.10274 0.00022827 0.022583 -0.015244 -0.0087903 0.0015702 -0.0044692
0.13912 -0.2973 -0.79682 -2.3379 -0.28255 -0.10558 0.00056521 -0.017234 0.015751 0.0059365 -0.0043375 -0.0028452
0.14155 -0.26926 -0.79924 -2.3404 -0.27776 -0.1089 0.002437 0.028039 -0.0024207 -0.0025512 0.0047904 -0.0033187
0.14025 -0.28208 -0.80774 -2.3564 -0.27397 -0.10986 -0.0013043 -0.012825 -0.0084942 -0.01596 0.0037931 -0.00096192
0.14642 -0.27482 -0.79092 -2.3557 -0.27388 -0.11135 0.0061741 0.007258 0.016818 0.00068322 9.2451e-05 -0.0014873
0.1423 -0.28958 -0.79417 -2.3634 -0.27042 -0.10429 -0.0041204 -0.01476 -0.0032536 -0.0076305 0.0034576 0.0070566
0.14529 -0.28819 -0.77093 -2.3706 -0.28521 -0.10793 0.0029886 0.0013926 0.023244 -0.0072903 -0.014789 -0.003635
0.14228 -0.29182 -0.76582 -2.3634 -0.27589 -0.10007 -0.0030148 -0.0036314 0.0051119 0.0072293 0.0093221 0.0078589
0.1438 -0.31329 -0.75551 -2.3707 -0.2909 -0.10574 0.0015195 -0.021463 0.01031 -0.0072353 -0.015011 -0.0056703
0.1425 -0.30654 -0.74987 -2.3633 -0.28466 -0.099893 -0.0012941 0.0067432 0.005634 0.0073524 0.0062395 0.005847
0.14408 -0.31046 -0.76787 -2.3642 -0.28745 -0.099283 0.0015802 -0.0039177 -0.017992 -0.00091924 -0.0027942 0.00061005
0.14493 -0.30875 -0.76111 -2.3626 -0.28915 -0.099051 0.00085068 0.0017095 0.0067519 0.0016399 -0.0017004 0.00023175
0.14479 -0.29647 -0.75515 -2.3601 -0.28497 -0.092305 -0.00014197 0.012279 0.005965 0.0025273 0.0041787 0.0067453
0.14481 -0.31083 -0.75863 -2.3713 -0.27939 -0.09618 1.9715e-05 -0.014357 -0.0034831 -0.011288 0.0055872 -0.0038745
0.14147 -0.30218 -0.74186 -2.3458 -0.28735 -0.09149 -0.0033363 0.0086447 0.016769 0.025494 -0.0079612 0.0046901
0.14172 -0.30799 -0.77525 -2.357 -0.27777 -0.09504 0.00024222 -0.0058099 -0.03339 -0.011115 0.0095788 -0.0035503
0.14114 -0.31231 -0.77467 -2.3243 -0.28989 -0.09602 -0.00057875 -0.0043117 0.00058282 0.032702 -0.012121 -0.0009796
0.13958 -0.30613 -0.77658 -2.3468 -0.27905 -0.098784 -0.0015529 0.0061805 -0.0019101 -0.022533 0.010837 -0.0027644
0.13975 -0.30557 -0.7969 -2.3555 -0.27437 -0.095993 0.00016972 0.00055652 -0.020319 -0.0086923 0.0046823 0.0027914
0.14047 -0.30161 -0.76456 -2.3497 -0.27372 -0.10127 0.00071927 0.0039588 0.032342 0.0057407 0.00065174 -0.0052803
0.13857 -0.29798 -0.78404 -2.3643 -0.27471 -0.086522 -0.0019052 0.0036289 -0.019483 -0.014565 -0.00098966 0.014751
0.14064 -0.30182 -0.75948 -2.3458 -0.26567 -0.093565 0.0020771 -0.0038368 0.024559 0.018515 0.0090406 -0.0070428
0.13539 -0.27998 -0.78114 -2.3721 -0.27129 -0.079839 -0.0052582 0.021836 -0.021662 -0.026338 -0.0056224 0.013726
0.13733 -0.31149 -0.76713 -2.3682 -0.25459 -0.084992 0.0019403 -0.031511 0.014014 0.0039407 0.016705 -0.005153
0.13726 -0.27877 -0.78055 -2.3812 -0.27043 -0.084738 -7.1228e-05 0.032726 -0.013427 -0.013013 -0.015841 0.00025351
0.13572 -0.31295 -0.77066 -2.3716 -0.26602 -0.084844 -0.0015379 -0.034183 0.0098971 0.0096104 0.0044091 -0.00010556
0.138 -0.27879 -0.78128 -2.3811 -0.27057 -0.093288 0.0022872 0.034158 -0.010624 -0.0095387 -0.004558 -0.0084446
0.13604 -0.28407 -0.79106 -2.3813 -0.26552 -0.089063 -0.0019602 -0.0052746 -0.0097769 -0.00013314 0.0050541 0.0042249
0.13928 -0.29323 -0.77485 -2.381 -0.27119 -0.095769 0.003239 -0.0091607 0.016206 0.00030482 -0.0056699 -0.0067058
0.13957 -0.29311 -0.78586 -2.3819 -0.26721 -0.094241 0.00028692 0.00012111 -0.011007 -0.00093301 0.0039849 0.0015282
0.13858 -0.30107 -0.82957 -2.3939 -0.27518 -0.097738 -0.00099458 -0.0079596 -0.043709 -0.012052 -0.0079716 -0.0034974
0.13937 -0.29539 -0.8764 -2.4095 -0.26495 -0.097861 0.00079863 0.0056726 -0.046828 -0.015529 0.010229 -0.00012268
0.13967 -0.29592 -0.91555 -2.4364 -0.26749 -0.095046 0.00029247 -0.00052787 -0.039156 -0.02693 -0.0025384 0.0028148
0.1416 -0.3148 -0.88036 -2.4338 -0.26382 -0.092251 0.001934 -0.018879 0.035195 0.0025823 0.0036631 0.0027951
0.14044 -0.32489 -0.81253 -2.4282 -0.26878 -0.086921 -0.0011574 -0.010095 0.067827 0.0056493 -0.0049573 0.0053301
0.14027 -0.33325 -0.77049 -2.408 -0.26991 -0.090597 -0.00017638 -0.0083511 0.042038 0.020149 -0.0011248 -0.0036764
0.13895 -0.30614 -0.77865 -2.4057 -0.27137 -0.08911 -0.0013184 0.027106 -0.0081539 0.0023452 -0.0014634 0.0014877
0.14431 -0.3054 -0.77807 -2.3971 -0.27206 -0.097275 0.0053625 0.00073664 0.00057657 0.0085401 -0.00068959 -0.0081654
0.14346 -0.31761 -0.77324 -2.4035 -0.27006 -0.089767 -0.00084946 -0.012206 0.0048278 -0.0063309 0.0019997 0.0075084
0.14743 -0.3034 -0.74393 -2.4109 -0.26381 -0.090932 0.0039715 0.014206 0.02931 -0.0074088 0.0062447 -0.0011651
0.1398 -0.33394 -0.71377 -2.4076 -0.26555 -0.084574 -0.007635 -0.030543 0.03016 0.0032826 -0.0017316 0.0063573
0.14007 -0.27552 -0.801 -2.4198 -0.26512 -0.096059 0.00027076 0.058422 -0.087226 -0.012224 0.00042875 -0.011484
0.13526 -0.32318 -0.79735 -2.3614 -0.28551 -0.10175 -0.0048049 -0.047658 0.0036441 0.058452 -0.020391 -0.0056881
0.13752 -0.29773 -0.87818 -2.365 -0.29085 -0.11031 0.00226 0.025453 -0.080825 -0.0036127 -0.0053373 -0.0085652
0.13833 -0.33877 -0.82926 -2.341 -0.29802 -0.10512 0.00081016 -0.04104 0.048922 0.024009 -0.0071748 0.00519
0.13864 -0.30693 -0.84223 -2.3992 -0.28236 -0.096691 0.00030138 0.031833 -0.012976 -0.058278 0.015658 0.0084308
0.14159 -0.33105 -0.81647 -2.4163 -0.28785 -0.097474 0.0029546 -0.024114 0.025768 -0.017074 -0.0054865 -0.00078281
0.14061 -0.31195 -0.80071 -2.4165 -0.27385 -0.096553 -0.00098401 0.019104 0.015759 -0.00021549 0.014003 0.00092069
0.14313 -0.31932 -0.81681 -2.4114 -0.28338 -0.10272 0.0025202 -0.0073774 -0.016101 0.0050932 -0.0095338 -0.0061699
0.1424 -0.31456 -0.77781 -2.3964 -0.2801 -0.10206 -0.00072305 0.004758 0.038999 0.01506 0.0032814 0.00066327
0.14198 -0.31184 -0.79919 -2.4134 -0.27823 -0.098623 -0.0004211 0.0027241 -0.021381 -0.016983 0.0018668 0.0034364
0.14328 -0.32202 -0.75448 -2.4125 -0.29595 -0.10632 0.0013017 -0.010177 0.044707 0.00086463 -0.017716 -0.0076973
0.14142 -0.30596 -0.79629 -2.4144 -0.27827 -0.09729 -0.0018636 0.016056 -0.041805 -0.0018985 0.017681 0.009031
0.13905 -0.32012 -0.77578 -2.4055 -0.29051 -0.10123 -0.0023691 -0.014161 0.020504 0.0088819 -0.012248 -0.003939
0.13775 -0.30635 -0.79488 -2.4098 -0.27738 -0.084153 -0.0012984 0.013767 -0.019095 -0.0042716 0.013139 0.017076
0.13364 -0.33025 -0.77308 -2.4047 -0.28041 -0.087681 -0.004116 -0.023894 0.021796 0.0050967 -0.0030359 -0.0035275
0.13691 -0.31706 -0.76773 -2.4187 -0.28622 -0.085862 0.0032677 0.013189 0.0053511 -0.013975 -0.0058114 0.0018184
0.13631 -0.31334 -0.7945 -2.4213 -0.28139 -0.094406 -0.00059874 0.003716 -0.026768 -0.002601 0.0048291 -0.0085441
0.1375 -0.30835 -0.7914 -2.4304 -0.28555 -0.096557 0.0011978 0.0049887 0.0031005 -0.0091368 -0.0041535 -0.0021507
0.13771 -0.28569 -0.81806 -2.4271 -0.28101 -0.096486 0.00020585 0.022667 -0.026661 0.0033205 0.0045372 7.0933e-05
0.13242 -0.31064 -0.80155 -2.4272 -0.28149 -0.093274 -0.005289 -0.024952 0.016511 -8.4353e-05 -0.00047847 0.0032118
0.13527 -0.27947 -0.81509 -2.4284 -0.279 -0.094066 0.0028498 0.031171 -0.013535 -0.0012548 0.0024852 -0.0007913
0.13064 -0.31376 -0.80113 -2.4249 -0.28362 -0.092562 -0.0046299 -0.034295 0.013951 0.0035406 -0.0046137 0.0015041
0.13869 -0.29201 -0.80986 -2.4272 -0.27355 -0.096983 0.0080472 0.021752 -0.008728 -0.002319 0.010072 -0.0044216
0.13863 -0.29032 -0.81887 -2.4284 -0.26845 -0.095874 -5.808e-05 0.0016875 -0.0090128 -0.001175 0.0050953 0.0011092
0.1382 -0.31675 -0.80182 -2.4248 -0.2794 -0.09481 -0.00042522 -0.026424 0.017059 0.0036167 -0.010949 0.001064
0.13613 -0.30525 -0.79543 -2.4419 -0.28001 -0.089291 -0.0020752 0.011497 0.0063847 -0.017095 -0.00061387 0.0055187
0.13035 -0.31765 -0.78201 -2.4373 -0.30839 -0.087147 -0.0057755 -0.012402 0.013417 0.0045107 -0.028379 0.0021442
0.13425 -0.32224 -0.75807 -2.4305 -0.29513 -0.084755 0.003896 -0.0045855 0.023943 0.0068239 0.013257 0.0023921
0.13717 -0.29641 -0.79476 -2.4291 -0.29541 -0.089218 0.0029162 0.025829 -0.036688 0.0014664 -0.00027208 -0.0044632
0.13906 -0.304 -0.78216 -2.4127 -0.28683 -0.087143 0.001892 -0.0075954 0.012593 0.016317 0.0085725 0.0020751
0.13557 -0.30638 -0.80797 -2.4335 -0.27853 -0.091153 -0.0034868 -0.002379 -0.025803 -0.020755 0.0083075 -0.0040098
0.13262 -0.29562 -0.79915 -2.4375 -0.27734 -0.09002 -0.0029529 0.01076 0.0088184 -0.0040327 0.0011887 0.0011324
0.12854 -0.31544 -0.80368 -2.4556 -0.26356 -0.098775 -0.0040769 -0.019816 -0.0045315 -0.018082 0.013776 -0.008755
0.13172 -0.31095 -0.80647 -2.4589 -0.25973 -0.10118 0.0031818 0.0044938 -0.0027847 -0.0032855 0.0038291 -0.0024052
0.12981 -0.30306 -0.80407 -2.4636 -0.26316 -0.10566 -0.0019092 0.007884 0.0023937 -0.0046781 -0.0034295 -0.0044769
0.13405 -0.31816 -0.81224 -2.4673 -0.25899 -0.10551 0.0042363 -0.0151 -0.0081635 -0.0036871 0.0041723 0.00014522
0.13342 -0.31209 -0.78547 -2.459 -0.27123 -0.10655 -0.00063264 0.006068 0.026767 0.0082354 -0.012236 -0.0010367
0.13708 -0.31406 -0.80077 -2.46 -0.26237 -0.10256 0.0036579 -0.0019622 -0.015297 -0.00094694 0.0088574 0.0039933
0.1369 -0.31885 -0.79738 -2.4551 -0.27365 -0.10823 -0.00017981 -0.0047941 0.0033835 0.0048939 -0.011278 -0.0056776
0.1349 -0.29801 -0.80394 -2.4569 -0.27386 -0.099689 -0.0019938 0.020841 -0.0065549 -0.001864 -0.00021432 0.0085442
0.13677 -0.31403 -0.80628 -2.4595 -0.28283 -0.10424 0.0018629 -0.016023 -0.0023398 -0.0025201 -0.0089722 -0.0045542
0.1352 -0.29444 -0.80119 -2.4557 -0.27984 -0.10172 -0.0015648 0.019596 0.0050844 0.0037387 0.0029895 0.0025253
0.137 -0.30311 -0.80623 -2.4477 -0.2793 -0.098954 0.0017965 -0.0086702 -0.0050385 0.0079984 0.00054265 0.0027645
0.13797 -0.3091 -0.8108 -2.4617 -0.27086 -0.10866 0.00097386 -0.0059977 -0.0045657 -0.013949 0.0084363 -0.0097029
0.13604 -0.30161 -0.82939 -2.4742 -0.27642 -0.10067 -0.0019311 0.0074934 -0.018598 -0.012516 -0.005553 0.0079866
0.13459 -0.30471 -0.83665 -2.4998 -0.27925 -0.10734 -0.0014467 -0.0031043 -0.0072587 -0.025571 -0.0028303 -0.006674
0.13299 -0.32011 -0.81875 -2.4886 -0.29937 -0.099311 -0.0016056 -0.015393 0.0179 0.011202 -0.020121 0.0080327
0.13018 -0.28909 -0.86827 -2.4883 -0.28907 -0.10434 -0.0028082 0.031014 -0.049521 0.00023898 0.010298 -0.0050335
0.133 -0.31797 -0.83693 -2.4722 -0.29823 -0.098784 0.0028246 -0.02888 0.031348 0.016158 -0.0091604 0.005561
0.13312 -0.32125 -0.86093 -2.4785 -0.2863 -0.10656 0.00011638 -0.0032771 -0.024005 -0.0063153 0.011929 -0.0077748
0.1334 -0.28319 -0.88116 -2.5009 -0.28345 -0.099003 0.00028001 0.038061 -0.02023 -0.022382 0.0028495 0.0075554
0.1326 -0.33826 -0.83946 -2.4851 -0.29184 -0.10918 -0.00079884 -0.05507 0.041698 0.015724 -0.0083899 -0.01018
0.13269 -0.27735 -0.90133 -2.495 -0.27403 -0.10469 8.9619e-05 0.060907 -0.061867 -0.009897 0.017816 0.0044894
0.13055 -0.29704 -0.88971 -2.4867 -0.28285 -0.10955 -0.0021368 -0.019691 0.011619 0.008321 -0.0088253 -0.0048589
0.13086 -0.31388 -0.88393 -2.485 -0.27702 -0.10593 0.00031034 -0.016842 0.0057756 0.0016935 0.0058291 0.0036197
0.13048 -0.2829 -0.92548 -2.5071 -0.27483 -0.1091 -0.00038852 0.030985 -0.04155 -0.022105 0.0021887 -0.0031638
0.12651 -0.30437 -0.89588 -2.4918 -0.278 -0.1096 -0.0039639 -0.021469 0.029607 0.01534 -0.0031702 -0.00050384
0.1315 -0.31236 -0.87773 -2.4744 -0.27411 -0.11517 0.004992 -0.0079918 0.018147 0.017423 0.0038891 -0.005571
0.12945 -0.30029 -0.9051 -2.4856 -0.27242 -0.10748 -0.0020542 0.012074 -0.027374 -0.011241 0.0016942 0.0076903
0.13642 -0.32241 -0.88549 -2.4736 -0.27781 -0.10786 0.0069732 -0.022122 0.019614 0.012039 -0.0053913 -0.00037624
0.14 -0.32913 -0.89055 -2.5119 -0.24773 -0.10158 0.0035739 -0.0067215 -0.0050599 -0.038383 0.030086 0.0062804
0.13905 -0.29213 -0.82788 -2.4969 -0.24979 -0.10932 -0.00094902 0.036996 0.062669 0.015038 -0.0020635 -0.0077424
0.13873 -0.36015 -0.65283 -2.4983 -0.21537 -0.11031 -0.00031649 -0.068013 0.17505 -0.0013654 0.034417 -0.00098832
0.13539 -0.30131 -0.60509 -2.4971 -0.22794 -0.11283 -0.003337 0.058835 0.047748 0.0011907 -0.01257 -0.0025244
0.13671 -0.34503 -0.54731 -2.5151 -0.20991 -0.11609 0.0013106 -0.043715 0.057771 -0.018027 0.018033 -0.0032553
0.13759 -0.31206 -0.57348 -2.5136 -0.21381 -0.1165 0.00088772 0.032971 -0.026161 0.0015103 -0.0039014 -0.00041482
0.14001 -0.30125 -0.58521 -2.5198 -0.21489 -0.12698 0.0024124 0.010811 -0.011735 -0.00616 -0.0010815 -0.010481
0.13977 -0.31979 -0.5586 -2.4965 -0.21519 -0.11941 -0.00023939 -0.018541 0.026608 0.023303 -0.00030144 0.0075703
0.13978 -0.29103 -0.57244 -2.508 -0.23312 -0.11855 1.2253e-05 0.028759 -0.013832 -0.011572 -0.017925 0.00086106
0.14181 -0.31334 -0.57893 -2.5181 -0.22969 -0.11177 0.0020362 -0.022317 -0.006494 -0.010069 0.0034296 0.0067855
0.14009 -0.31725 -0.56691 -2.5205 -0.23959 -0.10868 -0.0017232 -0.00391 0.012023 -0.0023751 -0.0099037 0.0030817
0.14127 -0.30539 -0.55224 -2.5324 -0.23858 -0.11379 0.0011828 0.011864 0.014664 -0.011975 0.0010096 -0.0051058
0.13834 -0.32826 -0.58958 -2.5304 -0.24554 -0.10933 -0.0029304 -0.022873 -0.037333 0.0020822 -0.0069546 0.0044635
0.13584 -0.30474 -0.64583 -2.5363 -0.25661 -0.10996 -0.0024996 0.02352 -0.056255 -0.0059726 -0.011072 -0.00063195
0.1359 -0.30751 -0.79851 -2.5501 -0.26661 -0.10162 5.6058e-05 -0.0027622 -0.15268 -0.013805 -0.010004 0.008338
0.13478 -0.33476 -0.79807 -2.5257 -0.27798 -0.098747 -0.0011225 -0.027255 0.00044094 0.024477 -0.011366 0.0028735
0.13652 -0.31565 -0.8431 -2.5411 -0.2767 -0.095486 0.0017417 0.019108 -0.045031 -0.015426 0.0012847 0.0032613
0.13748 -0.35782 -0.76949 -2.5364 -0.27837 -0.096605 0.00096138 -0.042171 0.073608 0.0046471 -0.0016755 -0.0011196
0.13878 -0.33576 -0.77387 -2.5562 -0.27893 -0.097879 0.0012974 0.022068 -0.004379 -0.019783 -0.00056302 -0.0012738
0.14127 -0.3317 -0.77817 -2.5694 -0.28089 -0.101 0.0024922 0.0040582 -0.0043007 -0.013221 -0.001956 -0.0031238
0.14083 -0.33084 -0.7763 -2.5499 -0.28783 -0.098113 -0.00043883 0.00085796 0.001865 0.019503 -0.0069363 0.0028893
0.14192 -0.31479 -0.78234 -2.5701 -0.29605 -0.1053 0.0010872 0.016048 -0.0060325 -0.020133 -0.008222 -0.0071866
0.14077 -0.33691 -0.76887 -2.5592 -0.30151 -0.093952 -0.0011443 -0.02212 0.013468 0.010889 -0.0054604 0.011348
0.14163 -0.32736 -0.77658 -2.5831 -0.30608 -0.096981 0.00085234 0.0095511 -0.0077098 -0.023951 -0.0045717 -0.0030287
0.14211 -0.32412 -0.79107 -2.5811 -0.30055 -0.088693 0.00047922 0.0032416 -0.014488 0.0020556 0.0055264 0.0082883
