-0.00024451 -0.0022232 -0.00053528 0.00037951 -0.00074682 1.7338e-05 0 0 0 0 0 0
0.00021787 0.056454 0.016781 0.0033213 -0.00047477 0.00024521 0.00046238 0.058678 0.017316 0.0029418 0.00027205 0.00022787
0.00043818 0.12109 0.0055178 0.010954 0.0014681 -0.00010665 0.00022031 0.064637 -0.011263 0.0076326 0.0019429 -0.00035186
-0.00018083 0.15283 -0.011396 0.021992 3.9949e-05 -0.00020086 -0.00061902 0.031738 -0.016914 0.011038 -0.0014281 -9.4214e-05
-0.0013478 0.17935 -0.065927 0.054832 -0.0032704 0.0001791 -0.001167 0.026519 -0.054532 0.03284 -0.0033103 0.00037996
0.0012691 0.19548 -0.090046 0.044709 0.0028712 0.00010779 0.0026169 0.016132 -0.024118 -0.010123 0.0061416 -7.1309e-05
0.0027154 0.19599 -0.099136 0.030337 0.0046841 -9.8446e-05 0.0014463 0.00051271 -0.0090905 -0.014372 0.0018129 -0.00020623
0.0061664 0.1831 -0.070044 0.0025702 0.014779 -0.00012614 0.0034511 -0.012893 0.029092 -0.027767 0.010095 -2.7697e-05
0.0072627 0.16897 -0.033392 -0.015571 0.0078728 -0.0002739 0.0010962 -0.014136 0.036652 -0.018141 -0.006906 -0.00014776
0.0047643 0.15553 -0.0093361 0.013916 0.005361 0.00088636 -0.0024984 -0.013439 0.024056 0.029487 -0.0025118 0.0011603
0.010416 0.19816 -0.0042749 0.014706 0.0036617 0.00050292 0.0056515 0.042633 0.0050612 0.00078987 -0.0016994 -0.00038344
0.0050983 0.1555 0.024212 -0.063926 0.022608 -0.0078485 -0.0053175 -0.042662 0.028487 -0.078632 0.018946 -0.0083514
0.013393 0.18546 0.023831 -0.054272 0.016341 -0.0043473 0.008295 0.029967 -0.00038043 0.0096541 -0.0062672 0.0035013
0.019375 0.18099 -0.021874 0.096387 -8.6061e-05 0.0018156 0.0059815 -0.0044709 -0.045705 0.15066 -0.016427 0.0061629
0.0042994 0.14307 0.072891 -0.19274 0.035476 -0.010145 -0.015075 -0.037923 0.094765 -0.28913 0.035562 -0.011961
0.00067769 0.082448 0.10276 -0.26279 0.034715 -0.024596 -0.0036217 -0.060621 0.029865 -0.070046 -0.00076162 -0.014451
-0.039286 -0.10251 0.36405 -1.0289 0.12284 -0.0834 -0.039964 -0.18496 0.26129 -0.76608 0.088129 -0.058805
-0.034778 -0.095966 0.34595 -0.96656 0.095384 -0.096901 0.0045079 0.0065465 -0.018099 0.062308 -0.02746 -0.013501
-0.035235 -0.047891 0.32582 -0.90889 0.090645 -0.10535 -0.00045669 0.048075 -0.020135 0.057668 -0.0047389 -0.0084537
-0.020234 0.0059172 0.2154 -0.65081 0.073654 -0.079037 0.015001 0.053808 -0.11042 0.25807 -0.016991 0.026317
-0.010809 0.051417 0.15536 -0.45564 0.041485 -0.06767 0.0094249 0.045499 -0.060039 0.19518 -0.03217 0.011367
-0.0019914 0.028371 0.15625 -0.52036 0.043496 -0.064572 0.008818 -0.023045 0.00088645 -0.064723 0.0020115 0.003098
-0.0196 0.097511 0.10533 -0.45128 0.0095306 -0.088437 -0.017609 0.069139 -0.050917 0.069077 -0.033966 -0.023865
-0.010196 0.11361 0.069513 -0.40775 -0.0052189 -0.091436 0.0094045 0.016101 -0.035817 0.043538 -0.01475 -0.0029985
-0.00221 0.11634 0.090889 -0.41604 -0.0068458 -0.093505 0.0079857 0.0027306 0.021377 -0.0082974 -0.0016269 -0.0020689
0.030126 0.099878 0.091552 -0.43636 -0.0097094 -0.07615 0.032336 -0.016465 0.00066264 -0.020318 -0.0028636 0.017355
0.055104 0.12558 0.10404 -0.46079 0.0013434 -0.062441 0.024978 0.025702 0.012485 -0.024426 0.011053 0.013709
0.03324 0.10838 0.057193 -0.43066 0.0036497 -0.066414 -0.021864 -0.017197 -0.046843 0.030128 0.0023063 -0.0039734
0.0098316 0.11924 0.046926 -0.41273 0.015357 -0.070666 -0.023408 0.010862 -0.010267 0.017925 0.011707 -0.0042515
0.00023501 0.056707 0.10231 -0.40373 0.012703 -0.063068 -0.0095966 -0.062538 0.05538 0.0090011 -0.0026535 0.0075976
0.0045331 0.11717 0.10487 -0.42888 0.010771 -0.062941 0.0042981 0.060462 0.0025593 -0.025144 -0.0019323 0.00012697
0.025034 0.097475 0.055865 -0.46945 0.0096728 -0.056562 0.0205 -0.019694 -0.049001 -0.040574 -0.0010981 0.0063785
0.012585 0.080737 0.03774 -0.45708 0.015279 -0.078005 -0.012449 -0.016738 -0.018124 0.012373 0.0056066 -0.021443
0.0075877 0.03033 -0.035985 -0.43684 0.026423 -0.08256 -0.0049971 -0.050407 -0.073725 0.02024 0.011143 -0.0045546
-0.013591 0.013521 0.075858 -0.36836 0.03732 -0.076821 -0.021179 -0.016809 0.11184 0.068481 0.010897 0.0057387
-0.010025 0.068521 0.026326 -0.33613 0.044364 -0.057756 0.0035665 0.055 -0.049532 0.032227 0.0070439 0.019065
-0.016735 0.10752 0.04984 -0.32962 0.045556 -0.044348 -0.0067102 0.039 0.023513 0.0065081 0.0011914 0.013408
-0.010049 0.10353 -0.021785 -0.31364 0.04595 -0.041087 0.006686 -0.003992 -0.071624 0.015979 0.00039432 0.003261
-0.0056309 0.086315 0.003131 -0.31434 0.030163 -0.044591 0.0044183 -0.017214 0.024916 -0.00069501 -0.015787 -0.0035036
-8.546e-06 0.091354 -0.016346 -0.29514 0.03292 -0.042021 0.0056224 0.0050391 -0.019477 0.019195 0.0027568 0.0025694
0.0076175 0.099356 0.014802 -0.30051 0.019016 -0.041045 0.0076261 0.0080025 0.031148 -0.005365 -0.013903 0.00097588
0.010548 0.10161 -0.0056371 -0.30991 0.028835 -0.039346 0.0029305 0.002253 -0.020439 -0.0094016 0.0098189 0.0016997
0.0097408 0.099362 -0.0087891 -0.3127 0.023964 -0.041907 -0.00080726 -0.002247 -0.003152 -0.0027907 -0.004871 -0.0025613
0.01275 0.095258 -0.055196 -0.34885 0.029379 -0.051206 0.0030089 -0.0041046 -0.046407 -0.036152 0.0054153 -0.0092988
0.014784 0.10484 -0.082739 -0.35313 0.02693 -0.050391 0.0020343 0.0095818 -0.027543 -0.0042788 -0.002449 0.00081521
0.016314 0.092789 -0.11283 -0.36666 0.031784 -0.055064 0.0015297 -0.01205 -0.030096 -0.013529 0.0048535 -0.0046732
0.013677 0.078427 -0.086893 -0.35809 0.030322 -0.045822 -0.002637 -0.014362 0.025941 0.0085743 -0.0014622 0.009242
0.01199 0.11299 -0.14227 -0.36585 0.047105 -0.043941 -0.0016871 0.034561 -0.055377 -0.0077614 0.016783 0.0018805
0.0052231 0.096026 -0.13529 -0.37812 0.046296 -0.041535 -0.0067665 -0.016963 0.0069836 -0.012272 -0.00080825 0.0024063
0.0083488 0.10588 -0.13957 -0.37508 0.047588 -0.040986 0.0031257 0.0098551 -0.0042863 0.0030427 0.0012919 0.00054862
0.0051124 0.077828 -0.071576 -0.36023 0.039016 -0.03934 -0.0032364 -0.028052 0.067997 0.014848 -0.0085723 0.0016468
0.015953 0.10987 -0.080512 -0.36883 0.029622 -0.041093 0.01084 0.032044 -0.0089362 -0.0086034 -0.0093941 -0.0017529
0.014091 0.10086 -0.069982 -0.36194 0.037145 -0.038228 -0.0018617 -0.0090129 0.010531 0.0068906 0.0075233 0.0028645
0.01798 0.11286 -0.099061 -0.36938 0.037675 -0.041944 0.0038892 0.012004 -0.029079 -0.0074389 0.00052945 -0.0037155
0.0098507 0.071624 -0.062477 -0.36483 0.042751 -0.039916 -0.0081293 -0.041239 0.036584 0.0045446 0.0050765 0.0020277
0.014349 0.12907 -0.15742 -0.41603 0.043964 -0.041512 0.0044986 0.05745 -0.094942 -0.051195 0.0012131 -0.0015965
0.0085599 0.10731 -0.17342 -0.44651 0.048319 -0.045945 -0.0057894 -0.021767 -0.016002 -0.030482 0.0043552 -0.0044328
0.0070965 0.10954 -0.2201 -0.4832 0.052206 -0.04455 -0.0014634 0.0022284 -0.046674 -0.036686 0.0038869 0.0013949
0.0050402 0.073527 -0.12576 -0.42387 0.048243 -0.045786 -0.0020563 -0.036008 0.094338 0.059327 -0.0039638 -0.0012361
-0.0071857 0.087843 -0.13169 -0.43814 0.041085 -0.0542 -0.012226 0.014316 -0.0059374 -0.014264 -0.0071573 -0.008414
0.00016318 0.11018 -0.13933 -0.42477 0.029632 -0.054965 0.0073489 0.022332 -0.0076346 0.013365 -0.011454 -0.00076482
-0.020407 0.10682 -0.17397 -0.46641 0.023987 -0.07206 -0.020571 -0.0033552 -0.034638 -0.041639 -0.0056446 -0.017095
-0.0037066 0.10203 -0.1484 -0.46243 0.022899 -0.056958 0.016701 -0.0047948 0.025573 0.0039828 -0.0010884 0.015103
-0.0035684 0.096432 -0.16486 -0.51042 0.019206 -0.059977 0.00013821 -0.0055929 -0.016465 -0.047995 -0.0036932 -0.0030189
0.016421 0.094909 -0.15882 -0.53211 0.023456 -0.050466 0.019989 -0.0015233 0.0060354 -0.021683 0.0042506 0.0095112
0.023034 0.077044 -0.22405 -0.60951 0.020705 -0.046372 0.0066134 -0.017865 -0.065227 -0.077402 -0.0027507 0.0040941
0.018162 0.053955 -0.19718 -0.59283 0.020155 -0.055335 -0.0048723 -0.023089 0.026874 0.01668 -0.00054991 -0.0089635
0.014023 0.088202 -0.25908 -0.63014 0.017819 -0.060843 -0.0041385 0.034247 -0.061901 -0.037308 -0.0023367 -0.0055082
0.0055367 0.065126 -0.21911 -0.58003 0.010951 -0.08313 -0.0084867 -0.023076 0.039969 0.050102 -0.0068681 -0.022287
0.0094961 0.08003 -0.20972 -0.56029 0.0073171 -0.088691 0.0039594 0.014904 0.0093861 0.01974 -0.0036336 -0.00556
0.026385 0.049491 -0.12495 -0.51309 0.0089889 -0.080434 0.016889 -0.030539 0.084774 0.047208 0.0016717 0.0082562
0.035316 0.096969 -0.13892 -0.50549 0.012364 -0.065357 0.0089311 0.047478 -0.013971 0.0075997 0.003375 0.015077
0.043451 0.090073 -0.1519 -0.53172 0.019619 -0.057789 0.0081347 -0.0068965 -0.012978 -0.026234 0.0072557 0.0075684
0.033352 0.089853 -0.16637 -0.52347 0.015627 -0.054929 -0.010099 -0.00022007 -0.014469 0.0082478 -0.0039926 0.00286
0.027088 0.042979 -0.11337 -0.50315 0.01195 -0.057917 -0.0062642 -0.046874 0.052999 0.020322 -0.0036772 -0.0029876
0.028544 0.072749 -0.11527 -0.52 0.0030574 -0.056631 0.0014563 0.02977 -0.0019026 -0.016848 -0.0088923 0.0012853
0.031262 0.084311 -0.12863 -0.50545 0.015877 -0.053511 0.0027184 0.011562 -0.013361 0.014551 0.012819 0.0031198
0.029888 0.07083 -0.17192 -0.55481 0.0090866 -0.058073 -0.0013739 -0.013481 -0.043283 -0.049363 -0.00679 -0.0045618
0.028502 0.044777 -0.11694 -0.45618 0.020249 -0.047236 -0.0013859 -0.026053 0.054975 0.098628 0.011162 0.010837
0.018415 0.044288 -0.09208 -0.45441 0.0066137 -0.04425 -0.010088 -0.00048871 0.024862 0.0017727 -0.013635 0.0029868
0.027706 0.10863 -0.12526 -0.43176 0.0090214 -0.043872 0.0092908 0.064341 -0.033182 0.022651 0.0024078 0.00037722
0.026494 0.12467 -0.1785 -0.46898 0.016913 -0.04264 -0.0012119 0.016045 -0.053243 -0.037214 0.0078913 0.001232
0.033723 0.10182 -0.22274 -0.50569 0.020695 -0.055636 0.0072288 -0.022859 -0.044239 -0.036714 0.0037819 -0.012995
0.025151 0.073251 -0.15845 -0.4643 0.024162 -0.056612 -0.0085717 -0.028564 0.064289 0.041391 0.0034678 -0.00097654
0.021127 0.083772 -0.17082 -0.48431 0.024193 -0.066502 -0.0040234 0.010521 -0.012367 -0.020012 3.0924e-05 -0.0098896
0.01859 0.12518 -0.15018 -0.46024 0.018466 -0.072788 -0.0025372 0.041413 0.020642 0.024073 -0.0057272 -0.0062859
0.02129 0.096641 -0.16872 -0.47414 0.022074 -0.069758 0.0027 -0.028543 -0.018536 -0.013898 0.0036079 0.0030302
0.017837 0.08613 -0.12609 -0.45535 0.0232 -0.068685 -0.003453 -0.010511 0.042628 0.018786 0.0011259 0.0010727
0.0071013 0.065602 -0.12875 -0.4733 0.013874 -0.06936 -0.010736 -0.020528 -0.0026642 -0.017953 -0.0093262 -0.00067468
-0.0002496 0.13243 -0.18832 -0.48554 0.023212 -0.06947 -0.0073509 0.066828 -0.059571 -0.012238 0.0093385 -0.00011044
-0.0031006 0.093471 -0.21104 -0.49807 0.0086233 -0.073602 -0.002851 -0.038959 -0.022719 -0.012523 -0.014589 -0.0041317
0.0096021 0.094019 -0.17387 -0.49338 0.015976 -0.064019 0.012703 0.0005474 0.037177 0.0046835 0.0073523 0.009583
0.015088 0.025783 -0.10561 -0.47595 0.0054639 -0.060985 0.0054857 -0.068235 0.068256 0.017433 -0.010512 0.0030339
0.019282 0.080071 -0.11754 -0.56119 0.0065962 -0.067828 0.0041939 0.054287 -0.011932 -0.085242 0.0011323 -0.006843
0.020399 0.075145 -0.16148 -0.56532 0.0042723 -0.066509 0.0011178 -0.0049259 -0.043933 -0.0041289 -0.0023239 0.0013193
0.014466 0.055011 -0.18632 -0.60782 0.0070393 -0.081439 -0.0059334 -0.020134 -0.024842 -0.042502 0.0027671 -0.014931
0.017181 0.025303 -0.1221 -0.53444 0.0073292 -0.068086 0.0027154 -0.029708 0.06422 0.073386 0.00028983 0.013353
0.012862 0.02779 -0.10923 -0.53685 0.012984 -0.07488 -0.0043192 0.0024872 0.01287 -0.0024133 0.0056546 -0.0067938
0.015732 0.084279 -0.13972 -0.54395 0.018005 -0.065195 0.0028696 0.056489 -0.030497 -0.0071063 0.0050217 0.0096844
0.015392 0.06262 -0.16986 -0.56569 0.017832 -0.069254 -0.00033954 -0.021658 -0.030132 -0.021733 -0.00017383 -0.0040584
0.01559 0.062709 -0.15661 -0.54457 0.017034 -0.065227 0.00019823 8.8505e-05 0.01325 0.021115 -0.0007979 0.004027
0.017038 0.019492 -0.1033 -0.51971 0.0098607 -0.066177 0.0014477 -0.043217 0.053304 0.02486 -0.007173 -0.00094977
0.025837 0.083943 -0.13302 -0.54413 0.012537 -0.062382 0.0087986 0.064451 -0.029722 -0.024419 0.0026761 0.0037946
0.027259 0.073297 -0.15533 -0.56466 0.012598 -0.063136 0.0014227 -0.010646 -0.022306 -0.020528 6.1275e-05 -0.0007542
0.030992 0.071994 -0.1942 -0.59483 0.014792 -0.06023 0.0037325 -0.0013033 -0.038875 -0.030175 0.0021944 0.0029064
0.021223 0.043709 -0.14336 -0.56426 0.01294 -0.061095 -0.0097689 -0.028284 0.050848 0.03057 -0.0018529 -0.00086536
0.02236 0.058027 -0.1656 -0.58182 0.015405 -0.061449 0.0011366 0.014317 -0.022248 -0.017556 0.0024655 -0.00035398
0.026483 0.077244 -0.14752 -0.61386 0.016217 -0.064473 0.0041236 0.019217 0.018088 -0.032037 0.00081218 -0.0030237
0.024297 0.06824 -0.182 -0.57092 0.017049 -0.065904 -0.0021862 -0.0090041 -0.034479 0.042935 0.00083195 -0.0014308
0.028306 0.042963 -0.13388 -0.56029 0.012347 -0.063034 0.0040086 -0.025276 0.048112 0.010628 -0.0047024 0.0028695
0.021064 0.067347 -0.20122 -0.49701 0.012283 -0.058607 -0.0072412 0.024384 -0.067335 0.063288 -6.3716e-05 0.0044267
0.02793 0.081239 -0.20134 -0.55605 0.013782 -0.063384 0.0068654 0.013891 -0.00011721 -0.059041 0.001499 -0.0047765
0.021772 0.071214 -0.23922 -0.5961 0.014524 -0.060259 -0.0061577 -0.010024 -0.03788 -0.040049 0.00074209 0.0031255
0.012896 0.02378 -0.10897 -0.55574 0.014497 -0.074048 -0.0088757 -0.047434 0.13024 0.040351 -2.7188e-05 -0.013789
0.0014812 0.015168 -0.056834 -0.53955 0.0075458 -0.061358 -0.011415 -0.0086126 0.052137 0.016192 -0.0069512 0.012689
0.0045119 0.063839 -0.065453 -0.52749 0.012745 -0.068196 0.0030307 0.048671 -0.0086198 0.012063 0.005199 -0.0068379
0.010591 0.074927 -0.12422 -0.55921 0.013382 -0.060224 0.0060791 0.011088 -0.058771 -0.031715 0.00063767 0.0079721
0.019776 0.061572 -0.17382 -0.59822 0.014799 -0.065699 0.0091853 -0.013355 -0.049598 -0.03902 0.0014165 -0.0054746
0.017733 0.015889 -0.098503 -0.54202 0.01562 -0.065454 -0.0020429 -0.045684 0.075319 0.056207 0.00082058 0.00024482
0.019236 0.042309 -0.11798 -0.56264 0.018364 -0.062058 0.0015028 0.026421 -0.019476 -0.020621 0.0027445 0.0033961
0.018631 0.064964 -0.099031 -0.53851 0.025373 -0.056955 -0.00060514 0.022654 0.018948 0.024127 0.0070091 0.0051034
0.021312 0.04676 -0.13447 -0.56717 0.025629 -0.052082 0.0026812 -0.018204 -0.035437 -0.028655 0.00025531 0.0048725
0.0041246 0.050947 -0.11157 -0.58823 0.005341 -0.065249 -0.017188 0.004187 0.022894 -0.021059 -0.020288 -0.013167
0.0046467 0.019505 -0.13318 -0.64256 -0.008307 -0.077828 0.00052204 -0.031442 -0.021604 -0.054331 -0.013648 -0.012579
-0.011615 0.068563 -0.13736 -0.71061 -0.017885 -0.09116 -0.016262 0.049057 -0.004178 -0.068051 -0.0095777 -0.013332
0.0057981 0.034898 -0.16604 -0.69239 -0.0080195 -0.086434 0.017413 -0.033665 -0.028684 0.018218 0.0098652 0.0047255
0.0071841 0.035112 -0.090769 -0.63745 0.0023841 -0.064878 0.0013861 0.00021409 0.07527 0.054941 0.010404 0.021556
0.013004 0.04362 -0.12805 -0.59661 0.0074729 -0.060069 0.0058197 0.0085075 -0.037276 0.040837 0.0050888 0.0048086
0.010972 0.068321 -0.12294 -0.59488 0.012998 -0.048231 -0.0020315 0.024701 0.0051078 0.001737 0.0055246 0.011839
0.0038936 0.054435 -0.1698 -0.61178 0.0129 -0.060067 -0.0070787 -0.013886 -0.04686 -0.016909 -9.7861e-05 -0.011837
0.0053993 0.03635 -0.12768 -0.58458 0.016681 -0.058635 0.0015057 -0.018086 0.042121 0.027205 0.0037813 0.0014323
0.0072848 0.01362 -0.11772 -0.57292 0.011973 -0.060369 0.0018855 -0.022729 0.009957 0.011661 -0.0047079 -0.0017336
0.017017 0.070527 -0.19286 -0.61889 0.015916 -0.060181 0.0097327 0.056907 -0.075139 -0.045975 0.0039425 0.00018816
0.020036 0.056338 -0.24259 -0.64861 0.015339 -0.06045 0.0030191 -0.014189 -0.049732 -0.029715 -0.00057693 -0.00026943
0.022589 0.024411 -0.25435 -0.65666 0.015231 -0.059551 0.0025523 -0.031927 -0.011762 -0.0080504 -0.00010762 0.00089932
0.0095857 -0.016027 -0.10802 -0.56646 0.0099716 -0.058452 -0.013003 -0.040438 0.14633 0.090196 -0.0052593 0.0010987
0.007135 -0.017245 -0.043973 -0.56968 0.0056362 -0.05528 -0.0024508 -0.0012173 0.064047 -0.0032174 -0.0043354 0.0031715
0.0056724 0.062548 -0.044077 -0.55177 0.0022646 -0.049853 -0.0014626 0.079793 -0.0001039 0.017909 -0.0033716 0.0054273
0.0089569 0.093877 -0.15939 -0.59902 0.0096137 -0.060194 0.0032845 0.031329 -0.11531 -0.047252 0.0073491 -0.010341
0.012929 0.068198 -0.22549 -0.72246 0.018291 -0.062215 0.0039721 -0.025678 -0.066107 -0.12344 0.0086772 -0.0020205
-0.0037121 0.058746 -0.32235 -0.77003 0.045016 -0.082436 -0.016641 -0.009452 -0.096859 -0.047572 0.026725 -0.020222
-0.0070731 -0.039679 -0.28111 -0.98049 0.063055 -0.082211 -0.003361 -0.098425 0.041244 -0.21046 0.018039 0.00022545
-0.02121 -0.034427 -0.34486 -0.95306 0.073796 -0.081461 -0.014137 0.005252 -0.063746 0.027434 0.010741 0.00074992
-0.026101 -0.064113 -0.25365 -0.93557 0.07153 -0.06746 -0.0048914 -0.029686 0.091204 0.017491 -0.002266 0.014001
-0.02664 -0.05576 -0.27442 -0.89229 0.054051 -0.064197 -0.00053909 0.0083525 -0.020767 0.04328 -0.01748 0.0032633
-0.025141 0.013788 -0.33451 -0.89177 0.050397 -0.063207 0.0014987 0.069548 -0.060088 0.00052175 -0.0036537 0.00098978
-0.01811 0.013643 -0.42567 -0.96704 0.031862 -0.07772 0.0070309 -0.00014473 -0.09116 -0.075268 -0.018535 -0.014513
-0.011773 0.0070891 -0.48069 -1.0182 0.027197 -0.085759 0.0063372 -0.0065539 -0.055026 -0.051171 -0.0046653 -0.0080393
-0.023496 -0.054767 -0.34257 -0.94264 0.029039 -0.090411 -0.011722 -0.061856 0.13813 0.075562 0.0018421 -0.0046515
-0.027888 -0.073718 -0.21757 -0.92049 0.033724 -0.08831 -0.0043928 -0.018951 0.125 0.022156 0.0046851 0.0021007
-0.031001 -0.053228 -0.14037 -0.87515 0.039602 -0.088324 -0.0031126 0.02049 0.077201 0.045343 0.0058777 -1.3987e-05
-0.021952 0.023957 -0.24587 -0.9389 0.035403 -0.091287 0.0090494 0.077185 -0.1055 -0.063754 -0.0041986 -0.0029629
-0.011131 -0.030474 -0.24417 -0.97836 0.020046 -0.095466 0.010821 -0.054431 0.0016967 -0.039456 -0.015357 -0.0041791
-0.01257 -0.018866 -0.26835 -0.99346 0.026844 -0.10303 -0.0014389 0.011607 -0.02418 -0.015106 0.0067981 -0.0075679
-0.017607 -0.071469 -0.15739 -0.91054 0.023273 -0.097802 -0.0050374 -0.052603 0.11096 0.082924 -0.0035708 0.0052319
-0.02165 0.040749 -0.24748 -0.93081 0.027734 -0.11611 -0.0040423 0.11222 -0.09009 -0.020275 0.0044605 -0.018311
-0.019761 0.029275 -0.26821 -0.88319 0.034672 -0.10264 0.0018882 -0.011474 -0.020722 0.04762 0.0069384 0.013473
-0.020005 0.042584 -0.32979 -0.93345 0.037485 -0.10944 -0.00024409 0.013309 -0.061584 -0.050258 0.0028126 -0.0068012
-0.024403 -0.012826 -0.29756 -0.8754 0.064656 -0.083544 -0.0043972 -0.055409 0.032232 0.058049 0.027171 0.025898
-0.025243 0.0044901 -0.28621 -0.90721 0.075387 -0.096372 -0.0008401 0.017316 0.011349 -0.031803 0.010732 -0.012828
-0.020906 0.058523 -0.35901 -0.96146 0.091559 -0.099716 0.0043369 0.054033 -0.072797 -0.054254 0.016172 -0.0033439
-0.010705 0.0066375 -0.34061 -1.0521 0.085793 -0.117 0.010201 -0.051885 0.018392 -0.090606 -0.0057664 -0.017284
-0.004256 -0.024641 -0.32725 -1.0749 0.076635 -0.11387 0.0064491 -0.031278 0.013361 -0.022799 -0.0091583 0.003125
-0.0049972 -0.088052 -0.24225 -1.0523 0.058673 -0.1046 -0.0007412 -0.063411 0.085005 0.022553 -0.017961 0.0092762
-0.0030926 -0.032572 -0.29667 -1.0668 0.062191 -0.10839 0.0019047 0.055481 -0.05442 -0.014513 0.0035173 -0.003795
-0.005604 -0.01351 -0.27526 -1.0344 0.05254 -0.11043 -0.0025114 0.019061 0.02141 0.032467 -0.0096508 -0.0020329
-0.0038657 -0.039286 -0.32475 -1.0758 0.063641 -0.10827 0.0017383 -0.025776 -0.049497 -0.041481 0.011101 0.0021574
-0.020921 -0.12077 -0.063157 -0.93882 0.041186 -0.090661 -0.017055 -0.081487 0.2616 0.13702 -0.022454 0.017608
-0.028448 -0.1674 0.086058 -0.89403 0.042918 -0.071918 -0.0075277 -0.046622 0.14921 0.044789 0.0017317 0.018743
-0.040886 -0.061236 0.19167 -0.79868 0.046723 -0.055687 -0.012438 0.10616 0.10561 0.095358 0.0038047 0.016231
-0.041672 0.032727 0.086166 -0.7715 0.048864 -0.07141 -0.00078515 0.093963 -0.1055 0.027174 0.0021417 -0.015723
-0.037534 0.098905 -0.17707 -0.98431 0.079451 -0.0822 0.004138 0.066178 -0.26324 -0.21281 0.030586 -0.01079
-0.042834 0.0071834 -0.31359 -1.1153 0.082144 -0.11302 -0.0053005 -0.091722 -0.13652 -0.13099 0.0026932 -0.030824
-0.04896 -0.12206 -0.3417 -1.4814 0.12354 -0.12761 -0.006126 -0.12925 -0.028101 -0.36609 0.041397 -0.014584
-0.04568 -0.16538 -0.35842 -1.4755 0.12037 -0.1246 0.0032805 -0.043317 -0.016725 0.005935 -0.0031689 0.0030096
-0.05617 -0.15867 -0.34504 -1.5354 0.1167 -0.12162 -0.010491 0.0067137 0.013382 -0.059932 -0.0036752 0.0029786
-0.046164 -0.09778 -0.44597 -1.4052 0.091893 -0.11067 0.010006 0.060886 -0.10093 0.13017 -0.024804 0.010953
-0.040432 -0.086418 -0.48643 -1.4161 0.082877 -0.12719 0.0057314 0.011361 -0.04046 -0.010902 -0.0090164 -0.016528
-0.030293 -0.068044 -0.51391 -1.4018 0.086413 -0.1389 0.010139 0.018375 -0.027478 0.014349 0.0035367 -0.011706
-0.019236 -0.12118 -0.44966 -1.4477 0.08841 -0.16321 0.011057 -0.053137 0.064248 -0.045942 0.0019968 -0.024313
-0.034414 -0.14604 -0.38342 -1.4508 0.084025 -0.15864 -0.015178 -0.024856 0.066236 -0.0031365 -0.0043849 0.0045776
-0.054698 -0.16594 -0.26944 -1.472 0.073705 -0.16787 -0.020285 -0.019907 0.11398 -0.02118 -0.010321 -0.0092384
-0.069686 -0.16487 -0.23753 -1.4951 0.071482 -0.16364 -0.014988 0.0010781 0.03191 -0.023087 -0.0022229 0.004238
-0.070619 -0.12122 -0.22431 -1.4759 0.063307 -0.1596 -0.00093264 0.043648 0.013216 0.019236 -0.008175 0.0040368
-0.072104 -0.18127 -0.15356 -1.4745 0.062685 -0.16314 -0.0014847 -0.060051 0.070751 0.0014243 -0.00062217 -0.0035438
-0.071503 -0.17307 -0.10902 -1.4232 0.044624 -0.14227 0.00060086 0.0082021 0.044542 0.051256 -0.01806 0.020872
-0.070306 -0.14827 -0.086608 -1.4154 0.048686 -0.14406 0.0011971 0.024796 0.022412 0.0078038 0.0040615 -0.0017927
-0.065081 -0.1089 -0.10845 -1.4109 0.046196 -0.13364 0.0052245 0.039375 -0.021844 0.0044905 -0.0024894 0.010423
-0.051642 -0.084909 -0.18973 -1.4427 0.053219 -0.14639 0.013439 0.023986 -0.081281 -0.031813 0.007023 -0.012745
-0.05703 -0.14988 -0.10729 -1.4144 0.060015 -0.15134 -0.0053883 -0.06497 0.082441 0.028297 0.006796 -0.0049527
-0.065432 -0.14307 -0.11173 -1.3917 0.054746 -0.16356 -0.0084024 0.006809 -0.0044337 0.022732 -0.0052693 -0.012222
-0.059411 -0.098359 -0.10718 -1.314 0.07179 -0.15442 0.0060218 0.044712 0.0045488 0.077721 0.017044 0.0091409
-0.056307 -0.035801 -0.2638 -1.3341 0.068907 -0.15431 0.0031036 0.062558 -0.15662 -0.020153 -0.0028828 0.00010758
-0.041672 -0.072116 -0.33521 -1.3783 0.077284 -0.15135 0.014635 -0.036315 -0.071418 -0.044154 0.0083767 0.0029627
-0.041673 -0.12077 -0.39539 -1.4279 0.069606 -0.14241 -1.0038e-06 -0.04865 -0.060173 -0.049677 -0.0076781 0.0089449
-0.046211 -0.1921 -0.28648 -1.4807 0.06788 -0.14693 -0.0045377 -0.071337 0.10891 -0.052743 -0.0017257 -0.0045229
-0.03898 -0.16266 -0.27356 -1.4529 0.070661 -0.13673 0.0072308 0.029442 0.012917 0.027794 0.002781 0.010203
-0.038743 -0.11077 -0.29989 -1.4933 0.072667 -0.15385 0.00023669 0.051891 -0.026327 -0.040355 0.0020057 -0.017125
-0.032839 -0.1819 -0.2662 -1.4913 0.070728 -0.15745 0.0059041 -0.071129 0.033691 0.0019277 -0.0019394 -0.0035973
-0.035696 -0.16197 -0.28477 -1.5248 0.071304 -0.16624 -0.0028563 0.019928 -0.018569 -0.033504 0.00057657 -0.0087956
-0.035551 -0.24949 -0.18861 -1.5267 0.072136 -0.15895 0.00014427 -0.087522 0.096161 -0.0018518 0.00083155 0.0072919
-0.025705 -0.15537 -0.26211 -1.5103 0.075733 -0.16079 0.0098463 0.094127 -0.073503 0.016347 0.0035968 -0.0018433
-0.019761 -0.16888 -0.29734 -1.4713 0.084581 -0.14597 0.0059445 -0.01351 -0.035232 0.039048 0.0088487 0.014821
-0.01498 -0.13906 -0.30727 -1.4189 0.07875 -0.14088 0.0047803 0.029814 -0.0099241 0.052366 -0.0058312 0.0050929
-0.020376 -0.17001 -0.26506 -1.3779 0.091554 -0.12322 -0.0053957 -0.030943 0.042209 0.040998 0.012803 0.017656
-0.019585 -0.085672 -0.2955 -1.3812 0.09136 -0.12369 0.00079135 0.084334 -0.03044 -0.0032712 -0.00019329 -0.00046732
-0.015432 -0.11004 -0.33197 -1.381 0.10179 -0.12217 0.0041528 -0.024367 -0.036475 0.00018884 0.010426 0.001524
-0.0098212 -0.086833 -0.38931 -1.3961 0.10427 -0.12643 0.0056105 0.023206 -0.057339 -0.015051 0.0024836 -0.0042673
-0.0084338 -0.14617 -0.32328 -1.3785 0.096878 -0.12209 0.0013874 -0.059338 0.066035 0.017546 -0.0073922 0.0043477
-0.016973 -0.13022 -0.30684 -1.3778 0.10921 -0.12365 -0.0085387 0.015953 0.016439 0.00065724 0.012329 -0.0015649
-0.017583 -0.058634 -0.32972 -1.3913 0.10433 -0.12262 -0.00061057 0.071584 -0.022881 -0.013459 -0.0048807 0.0010297
-0.023186 -0.10224 -0.34254 -1.3892 0.12221 -0.12417 -0.0056029 -0.043609 -0.012818 0.0020881 0.017882 -0.00155
-0.021911 -0.099852 -0.33834 -1.3959 0.10705 -0.12571 0.0012747 0.0023913 0.0041951 -0.0066388 -0.015158 -0.0015412
-0.025667 -0.15959 -0.24184 -1.3636 0.11161 -0.12377 -0.0037559 -0.059742 0.096498 0.032256 0.0045601 0.0019425
-0.022958 -0.08795 -0.2835 -1.38 0.10797 -0.11842 0.0027088 0.071644 -0.041653 -0.016446 -0.0036383 0.005348
-0.023402 -0.073409 -0.29801 -1.3686 0.11647 -0.11968 -0.0004437 0.014541 -0.014516 0.011417 0.0085029 -0.0012575
-0.016494 -0.085899 -0.35109 -1.3944 0.12091 -0.10757 0.0069078 -0.01249 -0.053074 -0.025768 0.0044347 0.012111
-0.023155 -0.14065 -0.31797 -1.4445 0.11687 -0.12556 -0.006661 -0.054755 0.033115 -0.050055 -0.0040347 -0.017994
-0.022245 -0.14983 -0.3109 -1.4758 0.11248 -0.10946 0.00091015 -0.0091737 0.0070661 -0.031392 -0.0043923 0.016108
-0.018849 -0.1286 -0.34238 -1.5764 0.093068 -0.1248 0.0033966 0.021227 -0.031477 -0.10051 -0.019414 -0.015341
-0.012719 -0.16159 -0.35784 -1.5312 0.073272 -0.10891 0.0061301 -0.032988 -0.015457 0.045191 -0.019796 0.015886
-0.00088639 -0.16286 -0.3319 -1.5087 0.051957 -0.11234 0.011832 -0.0012682 0.025943 0.022432 -0.021315 -0.0034304
-0.0016526 -0.18905 -0.30424 -1.4769 0.054109 -0.10788 -0.00076623 -0.026188 0.027655 0.031821 0.0021522 0.0044584
-0.0023094 -0.10846 -0.3277 -1.4818 0.075391 -0.11234 -0.00065675 0.080582 -0.023458 -0.0048833 0.021282 -0.0044579
-0.010159 -0.14977 -0.34796 -1.4997 0.098959 -0.10743 -0.0078496 -0.041305 -0.020257 -0.017865 0.023568 0.0049134
-0.015226 -0.13985 -0.36716 -1.4787 0.10766 -0.12293 -0.0050666 0.0099238 -0.019203 0.021005 0.0086994 -0.015499
-0.019951 -0.18984 -0.36464 -1.4248 0.11162 -0.10735 -0.0047258 -0.049999 0.0025237 0.0539 0.0039654 0.015577
-0.012405 -0.15861 -0.38263 -1.5271 0.097393 -0.1269 0.007546 0.031239 -0.017998 -0.1023 -0.01423 -0.01955
-0.01449 -0.18868 -0.37886 -1.5709 0.10448 -0.12279 -0.0020848 -0.030075 0.0037777 -0.043892 0.0070888 0.0041095
-0.01038 -0.21557 -0.3225 -1.6689 0.096635 -0.13444 0.0041106 -0.02689 0.056354 -0.097992 -0.0078476 -0.011651
-0.016258 -0.2292 -0.29428 -1.6053 0.10507 -0.13466 -0.0058783 -0.013624 0.028222 0.063684 0.0084345 -0.00021974
-0.011761 -0.18703 -0.29731 -1.5997 0.098835 -0.13743 0.0044971 0.042166 -0.003025 0.0055387 -0.0062339 -0.0027691
-0.0094737 -0.18732 -0.35231 -1.5588 0.1019 -0.13474 0.0022871 -0.0002888 -0.055 0.040962 0.0030635 0.0026871
-0.006802 -0.18517 -0.31677 -1.576 0.086852 -0.14429 0.0026717 0.0021437 0.035532 -0.017248 -0.015047 -0.0095429
-0.010249 -0.22014 -0.30226 -1.5346 0.0872 -0.13345 -0.0034465 -0.034969 0.014514 0.041374 0.0003482 0.010834
-0.011008 -0.15977 -0.29601 -1.5365 0.079466 -0.142 -0.00075968 0.060375 0.0062495 -0.0019135 -0.0077333 -0.0085439
-0.014194 -0.18364 -0.30018 -1.5263 0.086607 -0.13585 -0.0031859 -0.023871 -0.0041683 0.010242 0.0071404 0.0061455
-0.015382 -0.16377 -0.32604 -1.5726 0.090039 -0.14138 -0.0011876 0.019873 -0.025862 -0.046302 0.0034322 -0.0055299
-0.014406 -0.21971 -0.28543 -1.59 0.092698 -0.13671 0.00097526 -0.055944 0.04061 -0.017442 0.0026592 0.0046716
-0.01521 -0.20593 -0.2841 -1.6196 0.093682 -0.13181 -0.00080403 0.013778 0.0013315 -0.029523 0.00098345 0.0048966
-0.014213 -0.22668 -0.30938 -1.6444 0.093603 -0.13079 0.00099738 -0.020747 -0.025277 -0.024808 -7.8823e-05 0.0010228
-0.018885 -0.21876 -0.30683 -1.6266 0.099961 -0.13175 -0.0046724 0.0079204 0.0025441 0.017787 0.0063577 -0.00095927
-0.016734 -0.22974 -0.34432 -1.6067 0.092551 -0.13092 0.0021515 -0.010985 -0.037488 0.019865 -0.0074098 0.00082929
-0.011677 -0.21318 -0.3196 -1.5585 0.09001 -0.13538 0.0050567 0.016566 0.024715 0.048216 -0.0025412 -0.0044586
-0.0036359 -0.19892 -0.34418 -1.5171 0.075895 -0.13112 0.0080413 0.014261 -0.024574 0.041398 -0.014115 0.0042565
-0.0053541 -0.21493 -0.3285 -1.5012 0.073011 -0.13644 -0.0017182 -0.016015 0.015683 0.015916 -0.0028844 -0.0053218
-0.0044008 -0.18813 -0.34372 -1.4871 0.074571 -0.13218 0.00095327 0.026801 -0.015222 0.014068 0.0015601 0.0042584
-0.010632 -0.21222 -0.34233 -1.4879 0.078045 -0.13262 -0.0062316 -0.024095 0.0013882 -0.00072746 0.0034748 -0.00043114
-0.011321 -0.18958 -0.31612 -1.476 0.074103 -0.12733 -0.00068832 0.022641 0.026213 0.011899 -0.003942 0.0052811
-0.015881 -0.19589 -0.33692 -1.4876 0.068123 -0.12702 -0.0045603 -0.0063124 -0.020806 -0.01165 -0.0059807 0.00030921
-0.01972 -0.19704 -0.31283 -1.4963 0.061029 -0.1229 -0.0038393 -0.0011412 0.024089 -0.0087265 -0.0070932 0.004129
-0.015284 -0.201 -0.3454 -1.5407 0.055482 -0.12353 0.0044364 -0.0039686 -0.032566 -0.04437 -0.0055476 -0.00063784
-0.016766 -0.22833 -0.32002 -1.5561 0.056332 -0.12194 -0.0014824 -0.027324 0.025381 -0.015448 0.00085004 0.001595
-0.015288 -0.19795 -0.36409 -1.5473 0.054762 -0.12866 0.0014786 0.030382 -0.044067 0.0088558 -0.0015695 -0.0067223
-0.012708 -0.22198 -0.35017 -1.5386 0.056441 -0.12133 0.0025792 -0.024031 0.013918 0.0086981 0.0016785 0.0073337
-0.0067214 -0.17821 -0.37886 -1.5158 0.060132 -0.13153 0.0059869 0.043765 -0.028693 0.022819 0.0036908 -0.010202
0.0049115 -0.20917 -0.36146 -1.5041 0.057317 -0.11652 0.011633 -0.030957 0.0174 0.01168 -0.0028146 0.015006
0.005186 -0.18082 -0.35675 -1.4671 0.050301 -0.13378 0.00027454 0.028346 0.0047121 0.036961 -0.0070165 -0.017257
-0.0025737 -0.16074 -0.40353 -1.4612 0.050759 -0.12876 -0.0077597 0.020081 -0.046784 0.0058835 0.00045792 0.0050185
-0.010973 -0.19215 -0.38551 -1.5061 0.048915 -0.1398 -0.0083995 -0.03141 0.018022 -0.044867 -0.0018438 -0.011033
-0.020678 -0.17858 -0.39466 -1.5555 0.056689 -0.13563 -0.0097049 0.013574 -0.009146 -0.049358 0.0077738 0.004168
-0.019694 -0.2457 -0.36126 -1.6352 0.056818 -0.12944 0.00098376 -0.067121 0.033396 -0.079711 0.00012896 0.0061842
-0.017396 -0.21161 -0.35971 -1.578 0.053237 -0.13212 0.0022984 0.034091 0.0015549 0.057228 -0.0035804 -0.0026721
-0.009357 -0.21543 -0.36111 -1.5816 0.049027 -0.12027 0.008039 -0.0038233 -0.0013981 -0.003621 -0.0042098 0.011847
-0.0037632 -0.16266 -0.42779 -1.4646 0.05199 -0.12552 0.0055937 0.052766 -0.066682 0.11697 0.0029623 -0.0052535
-0.0081654 -0.13115 -0.47206 -1.4315 0.043468 -0.12829 -0.0044021 0.031511 -0.044269 0.03315 -0.008522 -0.0027685
-0.010551 -0.14698 -0.52384 -1.3482 0.049649 -0.13366 -0.0023854 -0.015827 -0.051784 0.083294 0.0061817 -0.005375
-0.015092 -0.15773 -0.49479 -1.3337 0.036164 -0.14796 -0.0045409 -0.010753 0.029053 0.01449 -0.013485 -0.014297
-0.0016284 -0.18458 -0.43294 -1.3724 0.035637 -0.14374 0.013463 -0.02685 0.061845 -0.03877 -0.00052749 0.0042188
0.008908 -0.16459 -0.42735 -1.3922 0.016684 -0.14856 0.010536 0.019991 0.0055919 -0.019705 -0.018953 -0.0048181
0.012019 -0.17923 -0.39572 -1.4403 0.015052 -0.15064 0.0031105 -0.014638 0.031632 -0.048101 -0.0016324 -0.0020749
0.017277 -0.17397 -0.40384 -1.4037 0.00070101 -0.1473 0.0052584 0.0052593 -0.0081194 0.03656 -0.014351 0.0033389
0.0090798 -0.19657 -0.36057 -1.393 0.011783 -0.13685 -0.0081971 -0.022597 0.043273 0.01066 0.011082 0.010447
0.012301 -0.13979 -0.39377 -1.3897 -0.001199 -0.14458 0.0032216 0.056774 -0.033205 0.0033748 -0.012982 -0.0077333
0.0099694 -0.17355 -0.39959 -1.4154 0.0057208 -0.1325 -0.002332 -0.03376 -0.0058199 -0.025721 0.0069198 0.012088
0.0065531 -0.16634 -0.39704 -1.4193 -0.0038526 -0.15481 -0.0034164 0.0072103 0.0025519 -0.0039183 -0.0095733 -0.02231
0.012242 -0.22541 -0.33462 -1.4603 0.012089 -0.1382 0.0056887 -0.059071 0.062419 -0.040971 0.015942 0.016604
0.0089468 -0.15014 -0.36362 -1.4033 0.015665 -0.14731 -0.003295 0.075276 -0.029004 0.056996 0.003576 -0.0091037
0.0093962 -0.17292 -0.38341 -1.4389 0.032051 -0.14295 0.00044945 -0.022785 -0.019787 -0.035607 0.016386 0.0043525
0.00467 -0.13408 -0.43979 -1.3816 0.038007 -0.14231 -0.0047263 0.038846 -0.056381 0.05724 0.0059564 0.00063876
0.0039508 -0.18782 -0.38406 -1.3816 0.037709 -0.1367 -0.00071918 -0.053745 0.055728 2.8574e-05 -0.00029853 0.0056088
0.0043183 -0.15443 -0.38766 -1.4001 0.044704 -0.12661 0.00036754 0.033394 -0.003595 -0.018539 0.0069954 0.0101
0.0084597 -0.11681 -0.42206 -1.4105 0.036597 -0.13004 0.0041414 0.037619 -0.034401 -0.010323 -0.0081068 -0.0034343
0.004413 -0.17698 -0.44308 -1.4775 0.04139 -0.13115 -0.0040467 -0.060173 -0.021022 -0.067029 0.0047929 -0.0011091
0.0069402 -0.18348 -0.42231 -1.4558 0.036652 -0.13633 0.0025272 -0.0065013 0.020767 0.021747 -0.0047386 -0.005179
2.0081e-05 -0.24172 -0.34968 -1.4517 0.031525 -0.13222 -0.0069202 -0.05824 0.072628 0.004045 -0.0051264 0.0041084
0.0050882 -0.1541 -0.39491 -1.4496 0.032858 -0.13422 0.0050681 0.087626 -0.045229 0.0021491 0.001333 -0.0020056
0.0035519 -0.16343 -0.40639 -1.4493 0.032419 -0.13131 -0.0015364 -0.009328 -0.011476 0.00028968 -0.0004395 0.0029176
0.0049052 -0.16185 -0.45963 -1.4725 0.030607 -0.12817 0.0013534 0.0015801 -0.053243 -0.023234 -0.0018118 0.0031375
0.0069122 -0.18906 -0.40787 -1.4582 0.031305 -0.12538 0.002007 -0.02721 0.051761 0.014345 0.00069826 0.0027935
0.0029047 -0.16151 -0.45419 -1.4479 0.022102 -0.12684 -0.0040075 0.027542 -0.046316 0.01027 -0.0092037 -0.0014636
0.0068141 -0.15036 -0.4548 -1.4414 0.031945 -0.12494 0.0039094 0.011153 -0.00061593 0.0064941 0.0098431 0.0018952
0.0065979 -0.14683 -0.48696 -1.4511 0.025367 -0.12931 -0.00021618 0.0035276 -0.03216 -0.0097397 -0.0065781 -0.0043619
0.0035269 -0.19115 -0.45628 -1.4777 0.029548 -0.11883 -0.0030711 -0.044314 0.030683 -0.026525 0.0041815 0.010481
0.0067585 -0.16465 -0.46345 -1.5204 0.026116 -0.12425 0.0032317 0.026496 -0.0071679 -0.042706 -0.0034319 -0.005427
0.0016887 -0.22051 -0.44303 -1.5599 0.028106 -0.12853 -0.0050698 -0.055852 0.020417 -0.039501 0.0019901 -0.0042822
0.0079013 -0.19986 -0.42211 -1.5609 0.033353 -0.12445 0.0062126 0.020642 0.020925 -0.0010002 0.0052466 0.0040894
0.0050431 -0.25703 -0.36954 -1.5707 0.026533 -0.128 -0.0028582 -0.057163 0.052566 -0.0098564 -0.0068196 -0.00355
0.0045802 -0.17978 -0.40622 -1.5737 0.023277 -0.1272 -0.00046291 0.077247 -0.036683 -0.0029508 -0.0032568 0.00079259
0.0017017 -0.19538 -0.4279 -1.5582 0.025346 -0.1327 -0.0028785 -0.015601 -0.021672 0.015456 0.002069 -0.0054933
-0.0047776 -0.15742 -0.44402 -1.5818 0.028265 -0.14733 -0.0064793 0.037957 -0.016127 -0.023615 0.0029198 -0.01463
-0.0027535 -0.20269 -0.41653 -1.5338 0.029415 -0.139 0.0020241 -0.045271 0.027491 0.048011 0.0011496 0.0083308
-0.0089551 -0.16178 -0.43074 -1.5473 0.026284 -0.13682 -0.0062016 0.040916 -0.014211 -0.013469 -0.0031306 0.0021796
-0.0039043 -0.18699 -0.44232 -1.5356 0.012875 -0.13228 0.0050508 -0.025211 -0.011575 0.011684 -0.013409 0.0045359
-0.0037992 -0.17561 -0.46153 -1.4835 0.018542 -0.12601 0.00010505 0.011379 -0.01921 0.052062 0.0056673 0.0062698
-0.0013474 -0.20096 -0.39163 -1.4529 0.012356 -0.13017 0.0024518 -0.025353 0.069897 0.030616 -0.0061866 -0.0041625
0.0067973 -0.1373 -0.44124 -1.3694 0.014969 -0.12347 0.0081447 0.063666 -0.049606 0.083522 0.0026129 0.0067
0.005025 -0.12935 -0.45084 -1.3573 0.019166 -0.1171 -0.0017723 0.007947 -0.0096036 0.012067 0.0041974 0.0063725
0.0090038 -0.12295 -0.50602 -1.3925 0.011713 -0.12647 0.0039788 0.0064015 -0.05518 -0.035198 -0.0074529 -0.0093683
-0.0041156 -0.19921 -0.387 -1.5207 0.017964 -0.11906 -0.013119 -0.076257 0.11902 -0.12813 0.0062506 0.0074134
-0.0091946 -0.21854 -0.35322 -1.6098 0.01244 -0.13914 -0.005079 -0.019336 0.033774 -0.089094 -0.005524 -0.020082
-0.016332 -0.16078 -0.33398 -1.7156 0.017249 -0.12879 -0.0071374 0.057762 0.019248 -0.10586 0.0048091 0.010344
-0.012111 -0.16538 -0.44092 -1.6076 0.020437 -0.13055 0.0042213 -0.0045953 -0.10694 0.10804 0.0031886 -0.0017536
-0.0069913 -0.14463 -0.44996 -1.5698 0.014097 -0.12205 0.0051195 0.02075 -0.0090454 0.037802 -0.0063402 0.0084939
-0.0032641 -0.16456 -0.43103 -1.4452 0.0027311 -0.12044 0.0037272 -0.019936 0.018935 0.12456 -0.011366 0.0016145
-0.0006948 -0.16755 -0.40155 -1.4847 -0.0036096 -0.12101 0.0025693 -0.0029897 0.029473 -0.039538 -0.0063407 -0.00057134
-0.00099388 -0.11728 -0.41757 -1.5017 -0.0071926 -0.13406 -0.00029908 0.050273 -0.016021 -0.016923 -0.003583 -0.013046
-0.0043798 -0.18308 -0.43263 -1.5698 0.0011678 -0.13112 -0.0033859 -0.065802 -0.015053 -0.068139 0.0083604 0.0029366
-0.004525 -0.19693 -0.39174 -1.5887 0.00096253 -0.14348 -0.00014524 -0.013844 0.040882 -0.018907 -0.00020526 -0.012364
-1.1613e-06 -0.19812 -0.41262 -1.5901 -0.00019469 -0.13731 0.0045239 -0.0011924 -0.020872 -0.0013643 -0.0011572 0.0061699
0.005871 -0.18183 -0.41771 -1.5865 -0.0044648 -0.13246 0.0058722 0.016288 -0.0050947 0.0035303 -0.0042701 0.0048548
0.0096929 -0.18598 -0.45499 -1.5645 -0.0016914 -0.12723 0.0038219 -0.0041465 -0.037277 0.022037 0.0027734 0.0052248
0.00014004 -0.21951 -0.37388 -1.5542 -0.00065327 -0.11525 -0.0095529 -0.033531 0.081107 0.01028 0.0010382 0.011988
-0.0087466 -0.22426 -0.3502 -1.5381 -0.0019435 -0.12103 -0.0088867 -0.0047486 0.023686 0.016146 -0.0012902 -0.0057863
-0.0094314 -0.16445 -0.35501 -1.5422 -0.0082316 -0.12475 -0.00068478 0.059806 -0.0048126 -0.0041033 -0.0062881 -0.0037196
-0.010792 -0.20307 -0.3902 -1.5754 -0.0074778 -0.13074 -0.0013606 -0.038615 -0.035187 -0.033246 0.0007538 -0.0059841
-0.0024041 -0.18197 -0.40351 -1.5816 -0.0054299 -0.13594 0.0083878 0.021093 -0.013316 -0.0061962 0.0020479 -0.005201
-0.0070419 -0.27914 -0.33221 -1.6326 0.0050978 -0.13026 -0.0046378 -0.097163 0.071298 -0.051013 0.010528 0.0056784
-0.0071009 -0.19698 -0.37977 -1.6697 0.018757 -0.14076 -5.8955e-05 0.082159 -0.047554 -0.037079 0.013659 -0.010505
-0.0088788 -0.25349 -0.36912 -1.7099 0.010414 -0.13649 -0.0017779 -0.056515 0.010646 -0.040154 -0.0083434 0.0042729
-0.0099156 -0.26729 -0.39153 -1.7903 0.034214 -0.14481 -0.0010367 -0.013799 -0.022409 -0.080394 0.0238 -0.0083166
-0.0070175 -0.27469 -0.3593 -1.6983 0.012958 -0.13754 0.002898 -0.0073945 0.03223 0.091967 -0.021255 0.0072658
-0.0084753 -0.27601 -0.34644 -1.7901 0.0079658 -0.1433 -0.0014577 -0.0013233 0.012857 -0.091809 -0.0049925 -0.0057581
-0.0046494 -0.28435 -0.29278 -1.802 0.015543 -0.13093 0.0038259 -0.0083388 0.053661 -0.011903 0.0075775 0.012368
-0.0050538 -0.2506 -0.35634 -1.782 0.0020481 -0.13905 -0.00040445 0.033746 -0.063563 0.020064 -0.013495 -0.0081179
-0.0018343 -0.26555 -0.28345 -1.6036 -0.012822 -0.13723 0.0032195 -0.014945 0.072898 0.1783 -0.01487 0.001815
-0.0098089 -0.10909 -0.32558 -1.1816 -0.017436 -0.13861 -0.0079746 0.15646 -0.042133 0.42205 -0.0046141 -0.0013779
-0.035952 -0.055547 -0.054299 -0.84855 -0.11662 -0.13427 -0.026143 0.053539 0.27128 0.33304 -0.099181 0.0043397
-0.051578 -0.074703 0.30481 -0.70858 -0.059613 -0.107 -0.015626 -0.019156 0.35911 0.13997 0.057004 0.02727
-0.067598 -0.061682 0.65976 -0.60549 -0.11271 -0.093111 -0.01602 0.013021 0.35495 0.10309 -0.053094 0.01389
-0.059084 -0.089273 0.73869 -0.60583 -0.02903 -0.084426 0.0085145 -0.027592 0.078932 -0.00033489 0.083677 0.0086854
-0.03902 -0.052351 0.44972 -0.6704 -0.021199 -0.085613 0.020064 0.036922 -0.28897 -0.064567 0.007831 -0.0011874
-0.044677 -0.068947 0.15781 -0.75553 0.027338 -0.086858 -0.0056567 -0.016596 -0.29191 -0.085133 0.048537 -0.0012449
-0.029888 -0.12583 -0.10208 -1.0028 0.040692 -0.10366 0.014788 -0.056885 -0.25989 -0.24722 0.013353 -0.016806
-0.03617 -0.16684 0.053133 -1.2644 0.049059 -0.10604 -0.0062813 -0.04101 0.15522 -0.26164 0.008367 -0.0023757
-0.030138 -0.18343 0.033674 -1.2861 0.061841 -0.12611 0.0060315 -0.016592 -0.019459 -0.021659 0.012782 -0.020074
-0.021546 -0.19616 0.12574 -1.623 0.037168 -0.13251 0.0085926 -0.01273 0.092063 -0.33695 -0.024673 -0.0063936
-0.032223 -0.19775 -0.1379 -1.485 0.084126 -0.13588 -0.010678 -0.0015907 -0.26364 0.13805 0.046958 -0.0033686
-0.037872 -0.22876 -0.18677 -1.6431 0.059937 -0.15112 -0.0056482 -0.031003 -0.048871 -0.15815 -0.024189 -0.015249
-0.041191 -0.26161 -0.22891 -1.5122 0.071966 -0.1424 -0.0033193 -0.032848 -0.042139 0.13092 0.012029 0.0087279
-0.039548 -0.25743 -0.15248 -1.5188 0.048222 -0.14323 0.0016434 0.0041777 0.076427 -0.0066234 -0.023745 -0.00083557
-0.034041 -0.23247 -0.1273 -1.5136 0.029536 -0.14182 0.0055069 0.024953 0.02518 0.0051714 -0.018686 0.0014136
-0.030448 -0.20255 -0.1636 -1.5013 0.032912 -0.14007 0.0035923 0.029919 -0.036299 0.012305 0.0033766 0.0017476
-0.040305 -0.20703 -0.12774 -1.4731 0.045758 -0.15004 -0.0098564 -0.004477 0.035859 0.028238 0.012845 -0.0099724
-0.030885 -0.24403 -0.069842 -1.3885 0.044712 -0.13449 0.0094198 -0.037001 0.057901 0.084644 -0.0010457 0.015551
-0.023917 -0.15842 -0.12985 -1.4037 0.055872 -0.13614 0.006968 0.085617 -0.060005 -0.015254 0.01116 -0.0016454
-0.028425 -0.1711 -0.17825 -1.3622 0.059379 -0.14237 -0.0045077 -0.01268 -0.048406 0.041504 0.0035078 -0.0062322
-0.019782 -0.15811 -0.23647 -1.3663 0.042965 -0.15255 0.008643 0.012987 -0.058221 -0.0040888 -0.016415 -0.010183
-0.014745 -0.18357 -0.16837 -1.3617 0.0065085 -0.14324 0.0050368 -0.025462 0.068109 0.0046166 -0.036456 0.0093118
0.018664 -0.21108 -0.12082 -1.3311 -0.024615 -0.12269 0.033409 -0.027511 0.047542 0.030572 -0.031123 0.020547
0.057653 -0.079651 -0.21745 -1.4346 -0.051335 -0.0736 0.038988 0.13143 -0.096624 -0.1035 -0.02672 0.049095
0.053293 -0.14222 -0.2779 -1.4515 0.0043106 -0.075813 -0.0043602 -0.062564 -0.060448 -0.016869 0.055645 -0.0022128
0.059908 -0.12015 -0.32968 -1.5177 0.0072886 -0.058783 0.0066157 0.022065 -0.05178 -0.066219 0.002978 0.01703
0.032569 -0.22485 -0.2076 -1.518 0.030077 -0.074552 -0.027339 -0.1047 0.12207 -0.00034139 0.022788 -0.015769
0.025496 -0.16378 -0.23031 -1.5146 0.011061 -0.078207 -0.0070732 0.061067 -0.022705 0.0034622 -0.019016 -0.0036553
0.017796 -0.13377 -0.25711 -1.5493 0.016197 -0.073759 -0.0077003 0.030014 -0.026799 -0.03472 0.0051367 0.0044478
0.0031926 -0.16184 -0.30401 -1.5064 0.03604 -0.087904 -0.014603 -0.028078 -0.046907 0.042876 0.019842 -0.014145
0.010893 -0.16776 -0.27699 -1.505 0.044502 -0.067391 0.0077003 -0.0059113 0.027028 0.0014442 0.008462 0.020514
0.011617 -0.23637 -0.18213 -1.4562 0.034734 -0.083116 0.00072427 -0.068615 0.094857 0.048798 -0.0097681 -0.015726
0.019509 -0.14336 -0.25217 -1.4509 0.011248 -0.070255 0.007892 0.093008 -0.070044 0.0052315 -0.023486 0.012861
0.023163 -0.14176 -0.27924 -1.4658 -0.0041717 -0.089646 0.0036538 0.0016048 -0.027069 -0.014825 -0.015419 -0.019391
0.023155 -0.15889 -0.31307 -1.4494 -0.008925 -0.081134 -7.9784e-06 -0.017134 -0.033826 0.016325 -0.0047534 0.0085121
0.022411 -0.17883 -0.22759 -1.4453 0.0030455 -0.082676 -0.00074405 -0.019941 0.085477 0.0041279 0.011971 -0.0015422
0.022761 -0.18515 -0.22853 -1.4201 0.0057481 -0.07578 0.00035036 -0.006314 -0.00093702 0.025225 0.0027027 0.0068964
0.018426 -0.13012 -0.25708 -1.4466 0.013049 -0.091878 -0.0043354 0.055027 -0.028547 -0.026508 0.007301 -0.016098
0.017493 -0.17345 -0.28821 -1.4552 0.012435 -0.085688 -0.00093278 -0.043331 -0.031131 -0.0085957 -0.00061451 0.0061909
0.012078 -0.17741 -0.22816 -1.4594 0.018887 -0.093122 -0.005415 -0.0039601 0.060044 -0.0041638 0.0064524 -0.0074348
0.015896 -0.20222 -0.21326 -1.4347 0.015776 -0.080703 0.0038181 -0.024814 0.014905 0.024681 -0.0031107 0.012419
0.01738 -0.104 -0.2528 -1.4171 0.020345 -0.078124 0.0014835 0.09822 -0.039541 0.017529 0.0045692 0.0025792
0.02518 -0.14612 -0.30258 -1.4261 0.0092881 -0.084738 0.0078004 -0.042113 -0.049785 -0.0089363 -0.011057 -0.0066139
0.02046 -0.15919 -0.28082 -1.4284 0.017412 -0.07315 -0.0047203 -0.013071 0.021765 -0.0022893 0.0081236 0.011588
0.020017 -0.181 -0.25942 -1.4395 0.0079436 -0.082822 -0.00044257 -0.021809 0.021402 -0.011106 -0.0094682 -0.0096728
0.01622 -0.063427 -0.26754 -1.4347 0.0060664 -0.084102 -0.0037971 0.11757 -0.0081258 0.0047286 -0.0018772 -0.00128
