-0.00010354 -0.004461 0.003465 0.00031307 0.0003635 -0.00014098 0 0 0 0 0 0
0.0016451 0.00081522 0.059716 -0.049355 -0.0023183 0.00048063 0.0017487 0.0052762 0.056251 -0.049668 -0.0026818 0.00062161
0.0061123 0.052825 0.11421 -0.089953 -0.0069568 -0.0012031 0.0044672 0.05201 0.054498 -0.040599 -0.0046385 -0.0016838
0.00135 0.12461 0.09003 -0.1342 -0.0028793 0.00016375 -0.0047624 0.071783 -0.024184 -0.044244 0.0040774 0.0013669
-0.0029069 0.16279 0.064986 -0.10193 -0.0076454 0.0031283 -0.0042569 0.038177 -0.025045 0.032265 -0.0047661 0.0029645
-0.003968 0.17706 -0.065222 -0.11493 -0.019993 0.010439 -0.0010611 0.014273 -0.13021 -0.013001 -0.012348 0.0073108
-0.014976 0.13742 -0.027921 -0.061252 -0.021352 0.01174 -0.011008 -0.039634 0.0373 0.053681 -0.0013587 0.0013008
-0.014549 0.11277 -0.024705 -0.082095 -0.027361 0.010581 0.00042746 -0.024655 0.0032163 -0.020843 -0.0060088 -0.0011592
-0.018241 0.16959 0.020566 -0.06596 -0.018605 0.0089452 -0.0036924 0.056819 0.045271 0.016134 0.0087557 -0.0016355
-0.018676 0.093252 0.063556 -0.066851 -0.018189 0.010995 -0.0004349 -0.076337 0.04299 -0.00089082 0.00041629 0.0020494
-0.01707 0.17887 0.037348 -0.070205 -0.010542 0.015795 0.0016067 0.085614 -0.026207 -0.0033539 0.0076462 0.0048008
-0.017622 0.12981 0.076032 -0.084457 -0.018295 0.01271 -0.00055218 -0.049053 0.038684 -0.014252 -0.007753 -0.0030859
-0.020564 0.14705 0.074508 -0.10168 -0.010555 0.013541 -0.0029425 0.017233 -0.0015242 -0.01722 0.0077402 0.00083134
-0.017405 0.16711 0.064342 -0.12819 -0.017167 0.0083579 0.0031596 0.020059 -0.010166 -0.026511 -0.0066114 -0.005183
-0.022169 0.109 0.075918 -0.12721 -0.009758 0.0068164 -0.0047645 -0.058105 0.011576 0.00097307 0.0074086 -0.0015415
-0.017748 0.1232 0.074185 -0.089266 -0.0078472 0.0058907 0.0044214 0.014194 -0.0017334 0.037949 0.0019108 -0.00092571
-0.019332 0.19134 0.0402 -0.14747 -0.011701 -0.0049176 -0.001584 0.06814 -0.033985 -0.058203 -0.0038535 -0.010808
-0.016082 0.18854 -0.012743 -0.12493 -0.0093239 0.0010256 0.0032496 -0.0027944 -0.052942 0.02254 0.0023768 0.0059432
-0.015001 0.21904 -0.055651 -0.27778 -0.017174 -0.0034927 0.0010806 0.030498 -0.042908 -0.15285 -0.0078499 -0.0045183
-0.018828 0.11142 -0.070449 -0.2162 -0.010102 0.0052631 -0.0038261 -0.10762 -0.014798 0.061574 0.0070717 0.0087558
-0.017488 0.11277 -0.0019263 -0.24497 -0.011856 0.0057148 0.00134 0.0013515 0.068522 -0.028767 -0.0017541 0.00045174
-0.021905 0.12023 0.012713 -0.19386 -0.0069123 0.0042551 -0.0044178 0.0074562 0.014639 0.051106 0.0049438 -0.0014598
-0.018421 0.16821 0.048632 -0.18956 -0.009191 0.005328 0.0034839 0.047985 0.03592 0.0043019 -0.0022787 0.001073
-0.020202 0.17481 0.041967 -0.21213 -0.0086234 0.0036395 -0.0017808 0.0065956 -0.0066654 -0.022568 0.00056762 -0.0016885
-0.022094 0.14864 0.063444 -0.19661 -0.0091914 0.0045561 -0.0018916 -0.026163 0.021477 0.01552 -0.00056796 0.00091662
-0.021225 0.18114 0.050833 -0.19749 -0.0043236 0.0057565 0.00086884 0.032498 -0.012611 -0.00088032 0.0048678 0.0012004
-0.019179 0.17133 0.061354 -0.20269 -0.0076124 0.0033564 0.0020459 -0.0098116 0.010522 -0.0051994 -0.0032888 -0.0024002
-0.016499 0.17527 0.04857 -0.20893 -0.00609 0.0026736 0.0026796 0.0039436 -0.012784 -0.0062407 0.0015225 -0.00068275
-0.013779 0.17164 0.058379 -0.21626 -0.010254 0.00052233 0.0027201 -0.0036306 0.0098093 -0.0073272 -0.0041643 -0.0021513
-0.016104 0.15534 0.063479 -0.20663 -0.0036739 -0.0018505 -0.0023243 -0.016297 0.0050996 0.0096251 0.0065804 -0.0023728
-0.014508 0.17115 0.052307 -0.19791 0.007795 0.0030861 0.0015953 0.015805 -0.011172 0.0087181 0.011469 0.0049366
-0.014386 0.15704 0.056026 -0.19374 0.0069746 -0.0014044 0.00012238 -0.014105 0.0037187 0.0041751 -0.00082039 -0.0044905
-0.01435 0.1606 0.045031 -0.1942 0.018655 0.0061929 3.5563e-05 0.0035521 -0.010995 -0.00046693 0.01168 0.0075973
-0.016047 0.14341 0.052576 -0.19999 0.0070472 0.0026245 -0.0016967 -0.017189 0.0075446 -0.0057885 -0.011608 -0.0035683
-0.022361 0.15263 0.05265 -0.20453 0.018081 0.006658 -0.0063136 0.0092189 7.3604e-05 -0.0045409 0.011033 0.0040334
-0.021225 0.13768 0.051218 -0.19632 0.01547 0.010981 0.0011358 -0.014945 -0.0014319 0.0082118 -0.0026107 0.0043229
-0.02563 0.16261 0.048166 -0.19866 0.0094502 0.0026269 -0.0044052 0.024931 -0.0030516 -0.0023408 -0.0060196 -0.0083539
-0.020421 0.15058 0.054256 -0.18513 0.01927 0.0090039 0.0052093 -0.012032 0.0060899 0.013537 0.0098199 0.0063769
-0.02273 0.15613 0.063291 -0.19564 0.0038163 0.0010239 -0.0023092 0.0055507 0.0090352 -0.010512 -0.015454 -0.00798
-0.020115 0.15438 0.080419 -0.19389 0.011605 0.005834 0.0026153 -0.0017549 0.017128 0.0017466 0.0077883 0.0048101
-0.019106 0.15896 0.077571 -0.19713 0.0015583 0.0052145 0.0010088 0.0045819 -0.0028475 -0.0032394 -0.010046 -0.0006195
-0.01899 0.16092 0.077761 -0.20417 -0.00051529 0.00046028 0.00011597 0.0019585 0.00019027 -0.007038 -0.0020736 -0.0047542
-0.022471 0.1353 0.069288 -0.19614 0.0086766 0.00036724 -0.0034811 -0.025619 -0.0084737 0.0080289 0.0091919 -9.3045e-05
-0.019657 0.16584 0.061114 -0.19923 0.013268 0.00067857 0.0028137 0.030538 -0.008174 -0.003092 0.004591 0.00031133
-0.024853 0.15052 0.06773 -0.18839 0.020032 0.002458 -0.0051961 -0.015311 0.0066168 0.010845 0.0067647 0.0017795
-0.017035 0.1647 0.077884 -0.18826 0.019813 0.000521 0.0078183 0.014181 0.010154 0.00012535 -0.00021908 -0.001937
-0.022247 0.13471 0.10904 -0.19487 0.011956 -0.0024092 -0.0052123 -0.029996 0.031154 -0.0066109 -0.0078576 -0.0029302
-0.015356 0.15031 0.091029 -0.19272 0.010716 -0.010716 0.0068911 0.015603 -0.018009 0.0021494 -0.0012395 -0.0083069
-0.019023 0.16223 0.095054 -0.18925 0.0091843 -0.0028569 -0.0036667 0.011918 0.0040246 0.0034682 -0.0015318 0.0078592
-0.014515 0.1442 0.085162 -0.18116 0.019777 -0.0027962 0.0045081 -0.018028 -0.0098918 0.008098 0.010593 6.0688e-05
-0.022244 0.10497 0.13099 -0.18379 0.02304 0.008987 -0.0077295 -0.039229 0.045832 -0.0026313 0.0032634 0.011783
-0.016862 0.13595 0.12439 -0.18517 0.024055 0.0072794 0.0053821 0.030974 -0.0066048 -0.0013812 0.0010145 -0.0017076
-0.018499 0.149 0.11738 -0.19124 0.023057 0.0022987 -0.001637 0.013049 -0.0070103 -0.006072 -0.00099817 -0.0049807
-0.015998 0.16369 0.084542 -0.18334 0.016145 0.00019338 0.0025013 0.01469 -0.032837 0.0079002 -0.0069118 -0.0021053
-0.019677 0.11133 0.11345 -0.19051 0.02576 -0.011958 -0.0036791 -0.052352 0.028906 -0.0071683 0.0096149 -0.012152
-0.030615 0.09909 0.13662 -0.19576 0.025151 0.002308 -0.010938 -0.012244 0.023167 -0.0052498 -0.00060866 0.014266
-0.02749 0.15844 0.13526 -0.20077 0.024624 -0.0037005 0.003125 0.059349 -0.001357 -0.0050106 -0.00052683 -0.0060085
-0.030259 0.17924 0.12413 -0.19576 0.029843 0.0093832 -0.0027686 0.020804 -0.011126 0.0050081 0.0052188 0.013084
-0.023224 0.16851 0.09803 -0.19339 0.021478 0.0013196 0.0070354 -0.010731 -0.026103 0.0023743 -0.0083651 -0.0080635
-0.024554 0.12874 0.10604 -0.19829 0.025362 0.0028557 -0.0013305 -0.039774 0.0080092 -0.0049048 0.0038844 0.0015361
-0.022753 0.13429 0.090683 -0.18487 0.016218 0.0036182 0.0018013 0.005551 -0.015356 0.013421 -0.0091439 0.00076247
-0.019827 0.1484 0.092854 -0.19107 0.01449 0.0028386 0.0029258 0.014108 0.0021707 -0.0062003 -0.0017289 -0.00077959
-0.014385 0.13979 0.084353 -0.16462 0.010472 0.0094964 0.0054417 -0.0086036 -0.0085005 0.026455 -0.0040178 0.0066578
-0.018086 0.1398 0.10322 -0.1775 0.01499 0.0044927 -0.0037007 7.0689e-06 0.018862 -0.012883 0.0045182 -0.0050037
-0.015361 0.13682 0.098735 -0.17625 0.011506 0.0095561 0.0027251 -0.0029807 -0.0044804 0.0012535 -0.0034837 0.0050634
-0.024677 0.15375 0.097943 -0.17962 0.020949 0.0061198 -0.0093162 0.016934 -0.00079143 -0.0033738 0.009443 -0.0034363
-0.026384 0.12843 0.13301 -0.16392 0.028155 0.003458 -0.0017069 -0.025328 0.035069 0.015697 0.0072056 -0.0026618
-0.025341 0.10885 0.084959 -0.16655 0.025333 0.010053 0.0010428 -0.019575 -0.048054 -0.0026313 -0.002822 0.0065951
-0.019284 0.19838 -0.08418 -0.15679 0.024097 0.015119 0.006057 0.08953 -0.16914 0.0097605 -0.0012357 0.0050655
-0.019261 0.18994 0.048825 -0.078376 0.011967 0.0043226 2.3542e-05 -0.0084399 0.133 0.078416 -0.01213 -0.010796
-0.029568 0.13502 0.21705 -0.17334 0.0070238 0.00070428 -0.010307 -0.054917 0.16823 -0.09496 -0.0049432 -0.0036183
-0.066105 0.0066537 0.87385 -0.08894 0.003138 -0.041289 -0.036537 -0.12837 0.6568 0.084396 -0.0038858 -0.041993
-0.084718 -0.053892 1.154 -0.33926 0.013203 -0.034977 -0.018613 -0.060545 0.28017 -0.25032 0.010065 0.0063119
-0.075373 0.12825 0.81448 -0.37767 0.036056 -0.059438 0.0093446 0.18214 -0.33955 -0.038414 0.022853 -0.024461
-0.056627 0.18989 0.51414 -0.45799 0.083267 -0.048112 0.018746 0.061642 -0.30034 -0.080315 0.047211 0.011326
-0.015264 0.25023 -0.19298 -0.50787 0.096679 -0.055226 0.041363 0.060338 -0.70712 -0.04988 0.013412 -0.0071136
-0.017633 0.12922 -0.01918 -0.33409 0.076431 -0.037952 -0.0023691 -0.12101 0.1738 0.17378 -0.020248 0.017274
-0.013034 0.1225 -0.057106 -0.31819 0.042665 -0.030553 0.0045982 -0.0067178 -0.037926 0.015897 -0.033766 0.0073988
-0.01773 0.13856 0.084865 -0.19429 0.0013973 -0.018713 -0.0046955 0.016052 0.14197 0.1239 -0.041267 0.01184
-0.022623 0.14965 0.094122 -0.18723 0.012342 -0.022677 -0.0048931 0.01109 0.0092567 0.0070612 0.010944 -0.003964
-0.018386 0.15122 0.069 -0.21089 0.010067 -0.02629 0.0042374 0.001574 -0.025122 -0.023666 -0.0022749 -0.0036134
-0.021299 0.11373 0.12265 -0.2102 0.020227 -0.027813 -0.0029135 -0.037491 0.053653 0.00069117 0.01016 -0.001523
-0.020641 0.16358 0.13262 -0.22546 0.028909 -0.030207 0.00065791 0.049847 0.0099685 -0.015259 0.0086816 -0.0023935
-0.022671 0.14776 0.15738 -0.22254 0.030359 -0.028479 -0.0020293 -0.015813 0.024757 0.0029226 0.0014503 0.0017278
-0.029374 0.15783 0.15667 -0.23025 0.04911 -0.035672 -0.0067034 0.010068 -0.00070648 -0.0077133 0.018751 -0.0071933
-0.03209 0.1244 0.20922 -0.23245 0.045356 -0.035912 -0.0027162 -0.033428 0.052545 -0.0021988 -0.0037539 -0.00023989
-0.031152 0.16255 0.20124 -0.23324 0.052418 -0.040146 0.00093766 0.038151 -0.0079793 -0.00078608 0.0070619 -0.0042336
-0.028374 0.13844 0.21642 -0.22254 0.048816 -0.032549 0.0027787 -0.024109 0.01518 0.010691 -0.0036013 0.0075963
-0.024662 0.16307 0.19749 -0.22112 0.053285 -0.029006 0.0037115 0.024626 -0.018931 0.0014266 0.0044684 0.0035428
-0.026961 0.1375 0.2028 -0.21031 0.048623 -0.023948 -0.0022983 -0.025569 0.0053123 0.010803 -0.0046622 0.0050583
-0.022333 0.15833 0.19399 -0.21975 0.054234 -0.025193 0.0046272 0.020832 -0.0088123 -0.0094387 0.0056114 -0.0012453
-0.023984 0.15839 0.19097 -0.20884 0.050403 -0.023305 -0.0016506 5.3002e-05 -0.0030126 0.010909 -0.0038309 0.0018882
-0.020957 0.15498 0.18209 -0.22356 0.058258 -0.023734 0.0030268 -0.0034053 -0.0088832 -0.01472 0.0078547 -0.00042852
-0.022571 0.15038 0.18187 -0.221 0.04853 -0.027989 -0.0016135 -0.0045955 -0.00022035 0.0025603 -0.0097275 -0.0042549
-0.024013 0.15026 0.19005 -0.22256 0.050986 -0.017875 -0.0014426 -0.00012803 0.008175 -0.001554 0.002456 0.010114
-0.024497 0.15665 0.19825 -0.2207 0.039357 -0.025634 -0.00048343 0.0063889 0.0082002 0.0018563 -0.011629 -0.0077591
-0.029304 0.13882 0.21962 -0.2179 0.048733 -0.013045 -0.0048077 -0.017824 0.021376 0.0028033 0.009376 0.012589
-0.027846 0.18725 0.21018 -0.22564 0.042858 -0.029155 0.0014581 0.048429 -0.0094406 -0.0077389 -0.0058752 -0.01611
-0.0305 0.13549 0.2207 -0.23264 0.037028 -0.03158 -0.0026539 -0.051758 0.010521 -0.0070064 -0.0058302 -0.0024248
-0.024629 0.1641 0.20855 -0.23127 0.032766 -0.034381 0.0058709 0.028612 -0.012153 0.0013691 -0.004262 -0.0028008
-0.029052 0.096282 0.21318 -0.22173 0.020204 -0.034384 -0.0044223 -0.067823 0.0046342 0.0095454 -0.012562 -3.306e-06
-0.020371 0.18747 0.17351 -0.20803 0.031598 -0.031547 0.0086805 0.091185 -0.039671 0.013697 0.011394 0.0028372
-0.025433 0.17596 0.16214 -0.1939 0.033652 -0.036127 -0.0050623 -0.011502 -0.011369 0.014128 0.0020542 -0.0045797
-0.016706 0.19904 0.14353 -0.18907 0.039634 -0.035979 0.0087272 0.02308 -0.018611 0.0048317 0.0059815 0.00014804
-0.022394 0.16904 0.16733 -0.18245 0.047964 -0.027299 -0.0056881 -0.030007 0.0238 0.0066257 0.0083302 0.0086793
-0.019443 0.1467 0.17354 -0.20759 0.040603 -0.026137 0.0029508 -0.022334 0.0062091 -0.025146 -0.007361 0.0011624
-0.02573 0.16476 0.17413 -0.20955 0.047647 -0.011707 -0.0062864 0.018053 0.00058707 -0.001958 0.0070441 0.01443
-0.024803 0.15003 0.18542 -0.25293 0.037923 -0.030237 0.00092644 -0.014729 0.01129 -0.043384 -0.0097241 -0.01853
-0.027841 0.12659 0.19411 -0.24055 0.034427 -0.02458 -0.0030381 -0.023441 0.0086906 0.01238 -0.0034956 0.0056572
-0.028794 0.15736 0.19857 -0.24902 0.035892 -0.035172 -0.00095225 0.030774 0.0044583 -0.0084613 0.0014652 -0.010592
-0.028526 0.15227 0.17944 -0.22117 0.036195 -0.025653 0.00026807 -0.005087 -0.019126 0.027842 0.00030223 0.0095197
-0.034801 0.15697 0.16498 -0.23248 0.043668 -0.018985 -0.0062755 0.0047001 -0.014463 -0.011306 0.0074735 0.0066673
-0.032538 0.16118 0.1326 -0.22991 0.043677 -0.021805 0.0022627 0.0042058 -0.032383 0.0025666 9.3499e-06 -0.0028196
-0.03127 0.17539 0.11583 -0.27092 0.028806 -0.025919 0.0012685 0.01421 -0.016764 -0.041009 -0.014872 -0.0041145
-0.031038 0.15777 0.10815 -0.2487 0.037717 -0.023128 0.00023215 -0.017621 -0.0076813 0.022222 0.0089113 0.0027914
-0.02754 0.17091 0.11542 -0.26477 0.031166 -0.025075 0.0034974 0.013146 0.0072709 -0.016074 -0.0065516 -0.0019466
-0.032023 0.12595 0.14484 -0.23941 0.050543 -0.018478 -0.0044823 -0.044968 0.029419 0.02536 0.019377 0.0065965
-0.028961 0.16448 0.15517 -0.25667 0.046919 -0.026698 0.0030619 0.038537 0.010332 -0.017253 -0.0036236 -0.0082203
-0.026996 0.16675 0.16042 -0.24993 0.05336 -0.026043 0.0019648 0.0022703 0.005246 0.0067362 0.0064404 0.00065586
-0.027348 0.1665 0.17156 -0.25998 0.055187 -0.029871 -0.00035152 -0.0002532 0.011144 -0.010045 0.0018272 -0.0038288
-0.027124 0.14831 0.16995 -0.24277 0.061989 -0.026454 0.00022394 -0.018192 -0.0016102 0.01721 0.0068024 0.0034175
-0.029056 0.14832 0.18563 -0.25462 0.060936 -0.025548 -0.0019321 1.0207e-05 0.015682 -0.011855 -0.0010534 0.00090596
-0.028561 0.15626 0.18039 -0.24445 0.058186 -0.027621 0.00049441 0.0079389 -0.005241 0.010166 -0.0027498 -0.002073
-0.027267 0.15136 0.19095 -0.2568 0.054404 -0.028849 0.0012945 -0.0048971 0.010554 -0.012341 -0.0037819 -0.0012281
-0.028373 0.16055 0.20122 -0.24723 0.055913 -0.034173 -0.0011062 0.0091906 0.010272 0.0095654 0.0015091 -0.0053242
-0.03021 0.15011 0.20051 -0.25572 0.054916 -0.036512 -0.0018366 -0.010436 -0.0007035 -0.0084898 -0.00099772 -0.0023385
-0.031342 0.14838 0.21554 -0.24587 0.055007 -0.030916 -0.001132 -0.0017364 0.01503 0.0098519 9.1854e-05 0.0055955
-0.031571 0.14982 0.20248 -0.25337 0.0553 -0.029764 -0.00022889 0.0014405 -0.013061 -0.0075055 0.00029295 0.0011527
-0.03045 0.13856 0.20921 -0.24391 0.054191 -0.031756 0.0011202 -0.011257 0.0067262 0.0094624 -0.0011098 -0.0019928
-0.030775 0.12563 0.21949 -0.25061 0.06167 -0.029228 -0.00032411 -0.012929 0.010281 -0.0066945 0.0074793 0.0025285
-0.032396 0.15538 0.21041 -0.24916 0.05551 -0.039578 -0.0016211 0.029747 -0.0090767 0.0014428 -0.00616 -0.01035
-0.03066 0.13177 0.22676 -0.24852 0.061152 -0.021135 0.0017353 -0.023609 0.016346 0.00063759 0.0056419 0.018443
-0.032052 0.13886 0.21508 -0.24248 0.054017 -0.026164 -0.0013917 0.0070943 -0.011685 0.0060489 -0.0071352 -0.0050295
-0.028392 0.12934 0.22505 -0.2372 0.055604 -0.014079 0.0036596 -0.0095251 0.0099731 0.0052748 0.0015875 0.012085
-0.031279 0.1227 0.22989 -0.23453 0.054759 -0.028178 -0.0028861 -0.0066385 0.004837 0.0026725 -0.00084534 -0.014099
-0.030392 0.14156 0.23142 -0.23593 0.05391 -0.018856 0.00088629 0.018859 0.0015294 -0.0014017 -0.00084881 0.0093217
-0.030337 0.15698 0.22377 -0.23583 0.053852 -0.029894 5.567e-05 0.015425 -0.0076406 0.00010155 -5.8215e-05 -0.011037
-0.032013 0.12748 0.23053 -0.23473 0.050876 -0.014363 -0.001676 -0.029505 0.0067578 0.0010983 -0.0029756 0.015531
-0.028487 0.14684 0.21164 -0.23753 0.047211 -0.022663 0.003526 0.019356 -0.018895 -0.0027983 -0.0036647 -0.0082997
-0.030311 0.15599 0.20119 -0.23166 0.048893 -0.020335 -0.0018243 0.0091584 -0.010447 0.0058676 0.001682 0.0023279
-0.026894 0.12218 0.20511 -0.23684 0.047846 -0.016521 0.0034173 -0.033813 0.0039165 -0.0051809 -0.0010475 0.0038141
-0.027651 0.16024 0.19255 -0.23396 0.053848 -0.029249 -0.00075726 0.038058 -0.012552 0.0028854 0.0060022 -0.012728
-0.026679 0.10018 0.23871 -0.23356 0.053319 -0.029178 0.00097193 -0.060059 0.046156 0.00039212 -0.00052917 7.0686e-05
-0.027957 0.12505 0.23042 -0.2333 0.055616 -0.036743 -0.0012783 0.024871 -0.0082909 0.00026877 0.0022973 -0.0075651
-0.027722 0.16073 0.22697 -0.22314 0.054884 -0.030482 0.00023513 0.035683 -0.0034464 0.010161 -0.00073207 0.0062616
-0.028535 0.11611 0.21618 -0.21266 0.052894 -0.022031 -0.00081277 -0.044628 -0.010798 0.010476 -0.0019901 0.0084505
-0.027636 0.13114 0.21196 -0.2111 0.05555 -0.011087 0.00089872 0.015033 -0.0042191 0.0015628 0.002656 0.010944
-0.028069 0.067662 0.24573 -0.2101 0.051831 -0.026649 -0.00043277 -0.063477 0.033773 0.00099489 -0.0037187 -0.015562
-0.02952 0.094822 0.26755 -0.21999 0.057019 -0.019274 -0.0014513 0.02716 0.02182 -0.0098847 0.0051876 0.0073753
-0.026655 0.15919 0.22596 -0.22884 0.055144 -0.033862 0.0028651 0.064366 -0.041589 -0.0088532 -0.0018746 -0.014588
-0.026181 0.18396 0.18335 -0.2034 0.056267 -0.020095 0.00047422 0.024772 -0.04261 0.025444 0.0011227 0.013767
-0.020606 0.1536 0.13067 -0.20548 0.051012 -0.008267 0.0055754 -0.030365 -0.052684 -0.0020862 -0.0052548 0.011828
-0.023022 0.11524 0.13548 -0.20206 0.051038 -0.014183 -0.0024162 -0.038357 0.0048174 0.003417 2.578e-05 -0.0059157
-0.025036 0.08955 0.16152 -0.2138 0.045745 -0.0060384 -0.002014 -0.025688 0.026037 -0.011735 -0.0052935 0.0081442
-0.025437 0.14647 0.15461 -0.20532 0.051471 -0.021613 -0.00040088 0.056924 -0.006906 0.0084762 0.0057268 -0.015575
-0.027287 0.13776 0.16314 -0.16525 0.04325 -0.0067343 -0.0018501 -0.0087142 0.0085218 0.040078 -0.0082208 0.014879
-0.024457 0.14884 0.13948 -0.12036 0.034763 -0.017059 0.0028302 0.011081 -0.023654 0.044884 -0.0084875 -0.010325
-0.026058 0.12215 0.15261 -0.12543 0.032178 -0.0074927 -0.0016017 -0.026691 0.013132 -0.0050666 -0.0025846 0.0095667
-0.026429 0.15775 0.14749 -0.13092 0.021448 -0.023853 -0.00037086 0.035602 -0.0051293 -0.0054873 -0.01073 -0.01636
-0.027662 0.13337 0.15561 -0.16495 0.031173 -0.00992 -0.0012326 -0.024386 0.0081237 -0.034032 0.0097245 0.013933
-0.025266 0.15308 0.16316 -0.16554 0.030524 -0.011319 0.0023958 0.019712 0.0075522 -0.0005898 -0.00064889 -0.0013987
-0.027384 0.1225 0.16833 -0.16811 0.030231 -0.0027735 -0.0021179 -0.030573 0.0051736 -0.0025725 -0.00029237 0.0085451
-0.02367 0.1478 0.17768 -0.16623 0.040702 -0.0022084 0.0037143 0.025297 0.0093496 0.0018785 0.010471 0.00056515
-0.023763 0.15543 0.1787 -0.17421 0.02932 -0.0070874 -9.3635e-05 0.0076292 0.0010149 -0.0079765 -0.011383 -0.004879
-0.025602 0.13599 0.18519 -0.17173 0.036989 -0.0076398 -0.0018384 -0.019438 0.0064933 0.0024768 0.0076693 -0.00055243
-0.022379 0.13578 0.19243 -0.1791 0.026738 -0.014082 0.0032231 -0.00020747 0.0072408 -0.0073716 -0.010251 -0.0064424
-0.023784 0.14032 0.1776 -0.16985 0.03085 -0.015247 -0.0014056 0.0045412 -0.014834 0.0092568 0.0041114 -0.0011646
-0.021868 0.14221 0.17185 -0.16914 0.026593 -0.012856 0.0019164 0.0018858 -0.0057466 0.00070794 -0.0042563 0.0023907
-0.019007 0.15863 0.13153 -0.16547 0.02416 -0.0097894 0.0028603 0.016423 -0.04032 0.0036675 -0.0024336 0.0030668
-0.024988 0.16663 0.1151 -0.16821 0.0095125 -0.0073691 -0.0059804 0.0079922 -0.016434 -0.0027402 -0.014647 0.0024203
-0.025524 0.14215 0.098495 -0.17702 0.0054889 -0.0088598 -0.00053614 -0.024477 -0.016603 -0.0088113 -0.0040236 -0.0014907
-0.028389 0.18219 0.098535 -0.18029 -0.0019183 -0.0098852 -0.0028651 0.040038 4.0735e-05 -0.0032693 -0.0074072 -0.0010254
-0.029639 0.12467 0.12119 -0.18542 0.0055278 -0.010245 -0.0012496 -0.057518 0.022651 -0.0051313 0.0074461 -0.00036011
-0.030678 0.15254 0.12452 -0.18934 0.0070709 -0.011082 -0.0010391 0.027867 0.0033294 -0.0039144 0.0015431 -0.00083697
-0.025734 0.11945 0.14131 -0.18928 0.0070204 -0.011926 0.0049439 -0.033092 0.016791 5.3771e-05 -5.051e-05 -0.00084336
-0.024477 0.16617 0.11692 -0.19245 0.012273 -0.013411 0.0012567 0.046728 -0.024385 -0.0031677 0.0052522 -0.0014858
-0.014569 0.13731 0.13095 -0.18145 0.0076015 -0.012178 0.0099081 -0.028863 0.014032 0.010999 -0.0046711 0.0012338
-0.018372 0.16456 0.12648 -0.18346 0.016077 -0.014827 -0.003803 0.027254 -0.0044756 -0.0020125 0.0084752 -0.0026493
-0.021664 0.12313 0.14949 -0.17963 0.0071036 -0.014795 -0.0032918 -0.041433 0.023015 0.0038364 -0.0089731 3.1636e-05
-0.026973 0.14231 0.15981 -0.1905 0.011125 -0.015837 -0.0053088 0.019182 0.01032 -0.01087 0.004021 -0.0010411
-0.02793 0.14588 0.14928 -0.19069 0.012712 -0.010323 -0.00095741 0.003568 -0.010533 -0.00019111 0.0015871 0.0055133
-0.023643 0.14267 0.15831 -0.19604 0.022737 -0.0059239 0.0042873 -0.003206 0.0090335 -0.0053553 0.010026 0.0043993
-0.020444 0.13608 0.15391 -0.19645 0.028366 -0.0037819 0.003199 -0.0065946 -0.0044023 -0.0004018 0.0056292 0.0021421
-0.014 0.12962 0.16342 -0.20024 0.024371 -0.00905 0.0064437 -0.0064629 0.0095031 -0.0037932 -0.0039958 -0.0052682
-0.011155 0.14001 0.16949 -0.19758 0.027329 -0.0096543 0.0028452 0.010392 0.00607 0.0026609 0.002958 -0.00060425
-0.0041033 0.14417 0.16807 -0.20047 0.017563 -0.014615 0.0070517 0.0041567 -0.0014198 -0.0028933 -0.0097656 -0.0049612
-0.0086397 0.14797 0.1766 -0.19087 0.027231 -0.0098411 -0.0045365 0.0038087 0.0085349 0.0095968 0.009668 0.0047744
-0.0082493 0.14351 0.16985 -0.19731 0.020158 -0.010388 0.00039046 -0.0044645 -0.0067516 -0.0064398 -0.0070736 -0.00054667
-0.017672 0.13654 0.16724 -0.18773 0.014444 -0.0055745 -0.009423 -0.0069736 -0.0026066 0.0095863 -0.0057138 0.0048133
-0.012253 0.1573 0.15786 -0.18935 0.01853 -0.0043745 0.0054192 0.020763 -0.0093771 -0.0016205 0.0040863 0.0012
-0.010462 0.14789 0.14386 -0.19325 0.010766 -0.0016498 0.0017914 -0.0094097 -0.014003 -0.0039018 -0.0077642 0.0027247
-0.011229 0.16949 0.13812 -0.19361 0.024194 -0.0034613 -0.00076707 0.021596 -0.0057391 -0.00036471 0.013429 -0.0018114
-0.014323 0.15055 0.13348 -0.20788 0.025446 -0.0075014 -0.0030944 -0.018936 -0.0046397 -0.014268 0.0012519 -0.0040401
-0.019817 0.14682 0.13882 -0.19694 0.016809 -0.005784 -0.0054935 -0.0037339 0.0053399 0.010942 -0.0086372 0.0017174
-0.019613 0.15228 0.13557 -0.19568 0.021575 -0.010698 0.00020396 0.0054597 -0.0032543 0.0012585 0.0047657 -0.0049137
-0.012331 0.1171 0.13969 -0.18742 0.0084142 -0.0037965 0.007282 -0.035171 0.0041205 0.0082617 -0.013161 0.0069013
-0.020501 0.1391 0.12649 -0.18644 0.019694 -0.0031163 -0.0081707 0.021995 -0.013197 0.00097856 0.011279 0.00068018
-0.014874 0.12791 0.13614 -0.18987 0.013916 -0.0039892 0.0056277 -0.011189 0.009651 -0.0034294 -0.0057774 -0.00087288
-0.021786 0.14452 0.12991 -0.18929 0.0173 0.00036887 -0.0069118 0.016604 -0.0062305 0.00058575 0.0033836 0.004358
-0.017133 0.16073 0.12428 -0.1876 0.014417 -0.0029463 0.0046529 0.016213 -0.005637 0.0016835 -0.0028825 -0.0033152
-0.015224 0.12632 0.13967 -0.20437 0.015084 -0.00398 0.0019085 -0.034405 0.015393 -0.016764 0.00066695 -0.0010336
-0.025218 0.11851 0.17168 -0.19124 0.027665 -0.01125 -0.009994 -0.0078167 0.032008 0.013125 0.012581 -0.0072703
-0.015891 0.14938 0.17087 -0.17758 0.011103 -0.012978 0.0093274 0.030872 -0.000803 0.013662 -0.016562 -0.0017275
-0.025197 0.13697 0.19556 -0.14384 0.027537 -0.020898 -0.009306 -0.012408 0.024687 0.033737 0.016433 -0.0079206
-0.012815 0.15553 0.13396 -0.12853 0.0012265 -0.001002 0.012381 0.018564 -0.061602 0.015309 -0.02631 0.019896
-0.017237 0.12062 0.1595 -0.16045 0.020492 -0.010786 -0.0044218 -0.034912 0.025542 -0.031914 0.019266 -0.0097841
-0.014319 0.14375 0.12673 -0.17605 0.016202 0.0049247 0.002918 0.023127 -0.032772 -0.015606 -0.0042902 0.015711
-0.010269 0.176 0.14329 -0.19549 0.023929 -0.0079351 0.0040501 0.032246 0.01656 -0.019436 0.0077269 -0.01286
-0.013103 0.1491 0.13832 -0.1846 0.024723 -0.0018975 -0.0028336 -0.026898 -0.0049699 0.010886 0.00079348 0.0060376
-0.012132 0.13546 0.15838 -0.18457 0.018985 -0.0070359 0.00097024 -0.01364 0.020056 3.2657e-05 -0.0057374 -0.0051385
-0.016804 0.10932 0.16924 -0.18641 0.024494 -0.0014218 -0.0046716 -0.026136 0.010862 -0.0018412 0.005509 0.0056141
-0.017738 0.157 0.17415 -0.19643 0.018581 -0.0061223 -0.00093361 0.047675 0.0049163 -0.010021 -0.0059134 -0.0047005
-0.014768 0.14736 0.17663 -0.18807 0.028419 -0.00058409 0.0029694 -0.0096386 0.002473 0.008364 0.0098386 0.0055382
-0.019958 0.11192 0.20471 -0.19913 0.019783 -0.01155 -0.0051898 -0.035441 0.028081 -0.011064 -0.008636 -0.010965
-0.018304 0.096133 0.22429 -0.19246 0.028838 -0.0055297 0.0016544 -0.015784 0.019584 0.0066701 0.0090547 0.0060199
-0.021089 0.13967 0.22259 -0.21275 0.019053 -0.017901 -0.0027852 0.043533 -0.0017036 -0.020285 -0.0097856 -0.012372
-0.019083 0.15159 0.20608 -0.1944 0.031603 0.0017385 0.0020061 0.011926 -0.016509 0.018349 0.012551 0.01964
-0.017734 0.17379 0.18874 -0.20306 0.026503 -0.0035384 0.0013485 0.022196 -0.017343 -0.0086644 -0.0051006 -0.0052769
-0.020998 0.099943 0.20636 -0.20244 0.029396 -0.003944 -0.0032638 -0.073845 0.017619 0.00062697 0.002893 -0.00040557
-0.01673 0.15647 0.18634 -0.21141 0.029054 -0.014006 0.0042677 0.056524 -0.020019 -0.0089725 -0.00034195 -0.010062
-0.019233 0.11929 0.20902 -0.2392 0.017838 -0.034048 -0.0025026 -0.037178 0.022679 -0.027789 -0.011216 -0.020041
-0.015114 0.15303 0.18068 -0.20935 0.031933 -0.031899 0.004119 0.033745 -0.028336 0.029846 0.014095 0.0021486
-0.02208 0.11197 0.1984 -0.21059 0.026804 -0.018126 -0.0069658 -0.041061 0.017719 -0.0012425 -0.0051295 0.013773
-0.012776 0.13509 0.18082 -0.19426 -0.001193 -0.021796 0.0093038 0.023116 -0.017576 0.016336 -0.027997 -0.0036702
-0.021709 0.14053 0.16719 -0.18907 0.032379 0.021168 -0.008933 0.00544 -0.013627 0.005188 0.033572 0.042964
-0.030518 0.13341 0.15717 -0.17355 0.10912 -0.00977 -0.0088096 -0.0071205 -0.010029 0.015522 0.076739 -0.030938
-0.036889 0.12027 0.15892 -0.1458 0.13215 0.023992 -0.0063707 -0.01314 0.0017519 0.027745 0.023032 0.033762
-0.047259 0.15829 0.14198 -0.107 0.20745 -0.007974 -0.01037 0.038021 -0.016938 0.038802 0.075295 -0.031966
-0.012353 0.14449 0.1573 -0.13015 0.018996 0.015328 0.034906 -0.013797 0.015315 -0.023146 -0.18845 0.023302
-0.010881 0.17054 0.14401 -0.13676 0.045455 0.013721 0.0014718 0.026045 -0.013286 -0.0066097 0.026459 -0.001607
-0.00091047 0.11966 0.18736 -0.175 -0.034518 0.001232 0.0099708 -0.050883 0.043353 -0.038243 -0.079973 -0.012489
-0.010913 0.16787 0.18582 -0.20942 0.015277 0.0031579 -0.010003 0.048215 -0.0015447 -0.034419 0.049795 0.0019259
-0.022118 0.14059 0.24082 -0.19136 0.014484 -0.024251 -0.011205 -0.027285 0.054999 0.018059 -0.00079355 -0.027409
-0.013421 0.18136 0.1449 -0.14726 0.0048693 -0.0056559 0.0086975 0.040776 -0.095914 0.044102 -0.0096142 0.018595
-0.014185 0.17811 0.12302 -0.25183 0.018425 -0.014831 -0.0007638 -0.0032541 -0.021887 -0.10457 0.013555 -0.0091755
-0.02115 0.11893 0.40162 -0.4116 0.041216 -0.033049 -0.0069652 -0.059181 0.27861 -0.15977 0.022791 -0.018218
-0.029169 0.10173 0.61365 -0.82499 0.07474 -0.040378 -0.0080188 -0.017192 0.21202 -0.41338 0.033524 -0.0073288
-0.045273 -0.051729 1.1777 -0.99438 0.084622 -0.056028 -0.016104 -0.15346 0.56403 -0.16939 0.0098822 -0.01565
-0.042304 0.029562 0.91914 -1.0019 0.096152 -0.039899 0.0029684 0.081291 -0.25854 -0.007487 0.01153 0.01613
-0.03038 0.12557 0.74921 -0.8392 0.083263 -0.046683 0.011924 0.096009 -0.16993 0.16266 -0.012889 -0.006784
-0.020896 0.19033 0.34115 -0.68123 0.040515 -0.048964 0.0094837 0.064757 -0.40805 0.15797 -0.042747 -0.0022812
-0.011742 0.21908 0.21625 -0.51025 0.047232 -0.041525 0.0091547 0.02875 -0.1249 0.17098 0.0067164 0.0074385
-0.017585 0.10435 0.27472 -0.46715 0.017756 -0.033869 -0.005843 -0.11472 0.058471 0.043099 -0.029476 0.0076568
-0.023907 0.13668 0.25763 -0.22249 0.038306 -0.017462 -0.006322 0.032323 -0.017091 0.24467 0.02055 0.016407
-0.028628 0.11215 0.25854 -0.28347 0.020892 -0.033611 -0.0047217 -0.02453 0.000914 -0.060983 -0.017414 -0.016149
-0.027133 0.16372 0.24671 -0.22476 0.013302 -0.032904 0.0014955 0.051578 -0.011829 0.058711 -0.0075904 0.00070688
-0.024367 0.11973 0.2423 -0.30111 0.016293 -0.031628 0.0027656 -0.043989 -0.0044193 -0.076357 0.0029906 0.0012762
-0.015913 0.16319 0.24469 -0.28374 0.010952 -0.016764 0.0084547 0.043453 0.0023941 0.017372 -0.0053408 0.014864
-0.01039 0.17584 0.25489 -0.26287 0.004318 -0.0024625 0.0055229 0.012654 0.010204 0.020872 -0.0066337 0.014302
-0.016096 0.14776 0.28526 -0.32019 -0.0061888 -0.01251 -0.0057065 -0.028084 0.030362 -0.057322 -0.010507 -0.010047
-0.015784 0.15869 0.29867 -0.40638 0.0059779 -0.022088 0.00031265 0.010928 0.013413 -0.086191 0.012167 -0.0095784
-0.030139 0.090792 0.28921 -0.51923 0.038902 -0.047397 -0.014355 -0.067894 -0.0094607 -0.11285 0.032925 -0.025309
-0.028679 0.15419 0.21709 -0.55922 0.086471 -0.046062 0.00146 0.063396 -0.072113 -0.039992 0.047569 0.0013346
-0.02766 0.13755 0.20823 -0.56242 0.093852 -0.047487 0.0010189 -0.016641 -0.0088641 -0.0032007 0.0073801 -0.0014248
-0.023764 0.14734 0.18181 -0.51997 0.097805 -0.024099 0.0038965 0.0097954 -0.026418 0.042452 0.0039537 0.023388
-0.019889 0.10918 0.23257 -0.51284 0.074758 -0.027137 0.0038749 -0.038163 0.050755 0.0071272 -0.023048 -0.0030379
-0.026488 0.073663 0.25649 -0.49902 0.070767 -0.022794 -0.0065992 -0.035517 0.023927 0.013822 -0.003991 0.004343
-0.030531 0.12336 0.24943 -0.48745 0.061055 -0.037727 -0.0040427 0.049695 -0.0070625 0.011573 -0.0097111 -0.014933
-0.033876 0.13781 0.2369 -0.46586 0.057535 -0.034324 -0.0033456 0.014453 -0.012529 0.021591 -0.0035204 0.0034038
-0.022064 0.1923 0.094651 -0.41546 0.038687 -0.029519 0.011812 0.054485 -0.14225 0.050394 -0.018848 0.0048044
-0.018438 0.13983 0.078671 -0.42279 0.038376 -0.020782 0.0036258 -0.052467 -0.01598 -0.0073283 -0.00031132 0.0087372
-0.012402 0.13493 -0.018095 -0.41566 0.027847 -0.02042 0.0060361 -0.0048941 -0.096766 0.0071325 -0.010528 0.00036213
-0.021113 0.13982 0.034469 -0.39838 0.039429 -0.031578 -0.0087107 0.0048841 0.052565 0.017272 0.011581 -0.011159
-0.023652 0.14212 0.083507 -0.43174 0.05875 -0.039056 -0.0025394 0.0023017 0.049037 -0.033351 0.019321 -0.0074773
-0.021315 0.14357 0.13541 -0.43433 0.05676 -0.04635 0.0023373 0.0014501 0.051905 -0.0025978 -0.0019898 -0.0072939
-0.021731 0.093295 0.24702 -0.50516 0.051133 -0.021563 -0.00041573 -0.050275 0.1116 -0.070825 -0.0056271 0.024786
-0.021916 0.11052 0.27138 -0.51387 0.021709 -0.026752 -0.00018486 0.017223 0.024364 -0.0087166 -0.029424 -0.0051889
-0.035272 0.096014 0.33034 -0.46713 0.018183 -0.028124 -0.013356 -0.014504 0.058961 0.046745 -0.0035263 -0.0013722
-0.048467 0.089427 0.38467 -0.4311 0.034524 -0.057774 -0.013195 -0.0065869 0.054331 0.036034 0.016341 -0.029649
-0.065361 0.024626 0.45432 -0.45968 0.062054 -0.095334 -0.016894 -0.064801 0.069651 -0.028581 0.02753 -0.037561
-0.056564 0.073598 0.45167 -0.36179 0.058266 -0.050951 0.0087972 0.048972 -0.002648 0.097891 -0.0037882 0.044384
-0.047767 0.20241 0.39285 -0.27834 0.058076 -0.043593 0.0087969 0.12882 -0.058829 0.083443 -0.00019042 0.0073574
-0.018304 0.27608 0.26406 -0.06935 0.029718 0.014885 0.029463 0.073671 -0.12878 0.20899 -0.028358 0.058478
-0.022226 0.3085 0.24847 -0.029557 0.034073 0.0045978 -0.0039212 0.032414 -0.01559 0.039792 0.0043549 -0.010287
-0.032812 0.17094 0.29583 -0.18093 0.031204 -0.026856 -0.010586 -0.13756 0.047363 -0.15138 -0.0028691 -0.031454
-0.046915 0.14216 0.34495 -0.24963 0.039095 -0.033835 -0.014103 -0.028773 0.049119 -0.068697 0.0078911 -0.0069786
-0.050864 0.17726 0.34858 -0.34011 0.049673 -0.05712 -0.0039494 0.035093 0.0036269 -0.090477 0.010578 -0.023285
-0.042249 0.14501 0.33794 -0.27515 0.045537 -0.048551 0.0086151 -0.032251 -0.010641 0.064953 -0.0041359 0.0085689
-0.043467 0.14918 0.35949 -0.30191 0.045992 -0.0494 -0.0012184 0.0041704 0.021555 -0.026756 0.00045479 -0.00084888
-0.045017 0.069833 0.43131 -0.3237 0.036162 -0.055187 -0.0015501 -0.079344 0.071817 -0.02179 -0.0098296 -0.0057874
-0.055128 0.12648 0.4322 -0.39961 0.05256 -0.056798 -0.01011 0.056644 0.00089216 -0.075912 0.016398 -0.0016111
-0.048529 0.14004 0.44575 -0.37519 0.0631 -0.058224 0.0065991 0.013568 0.013548 0.024424 0.01054 -0.0014256
-0.051887 0.14838 0.4228 -0.3883 0.077364 -0.053077 -0.0033583 0.0083323 -0.022947 -0.013118 0.014264 0.0051473
-0.049012 0.078472 0.44985 -0.37463 0.068093 -0.043789 0.0028745 -0.069905 0.027046 0.013674 -0.009271 0.0092873
-0.055983 0.078626 0.5078 -0.39744 0.0619 -0.036071 -0.006971 0.00015387 0.057947 -0.022812 -0.0061936 0.0077181
-0.065464 0.086987 0.51828 -0.40454 0.057834 -0.041393 -0.0094807 0.0083611 0.01048 -0.0070954 -0.0040656 -0.0053212
-0.05756 0.10987 0.4372 -0.36785 0.045977 -0.033029 0.0079044 0.022884 -0.081077 0.036685 -0.011858 0.0083633
-0.042402 0.15418 0.32143 -0.27286 0.051028 -0.035091 0.015157 0.044307 -0.11577 0.094992 0.0050514 -0.0020622
-0.014145 0.25644 -0.078097 -0.22619 0.0135 -0.018284 0.028257 0.10226 -0.39953 0.046673 -0.037528 0.016808
-0.024503 0.18411 0.054297 -0.25719 0.036774 -0.030302 -0.010358 -0.072328 0.13239 -0.030996 0.023275 -0.012018
-0.051695 0.21053 0.21612 -0.068569 0.00048291 -0.014787 -0.027192 0.026425 0.16183 0.18862 -0.036291 0.015515
-0.10646 -0.053546 1.0124 0.033123 0.04768 -0.0041155 -0.054763 -0.26408 0.7963 0.10169 0.047197 0.010671
-0.12007 0.061968 1.4202 0.42154 0.025833 0.022853 -0.013611 0.11551 0.40775 0.38842 -0.021847 0.026969
-0.11563 0.09764 1.4371 0.40012 0.059356 0.029233 0.0044347 0.035672 0.016907 -0.02142 0.033523 0.0063803
-0.089867 0.20126 1.1456 0.37337 0.031857 0.015667 0.025767 0.10362 -0.29148 -0.02675 -0.0275 -0.013567
-0.079516 0.20243 0.80142 0.24075 0.036519 0.00064372 0.010351 0.0011692 -0.34418 -0.13262 0.0046626 -0.015023
-0.076955 0.12428 0.79766 0.18659 0.032682 -0.0069102 0.0025607 -0.078158 -0.0037644 -0.054162 -0.0038374 -0.0075539
-0.081772 0.12447 0.81915 0.21777 0.047062 -0.0013829 -0.0048173 0.0001978 0.021497 0.031176 0.014381 0.0055273
-0.08143 0.1405 0.86844 0.20554 0.056923 -2.7871e-05 0.00034244 0.016027 0.049287 -0.012232 0.009861 0.001355
-0.08467 0.12591 0.85404 0.19296 0.057614 0.0057129 -0.00324 -0.014591 -0.014404 -0.012575 0.00069018 0.0057408
-0.08248 0.1177 0.87386 0.18657 0.049037 -0.00011666 0.0021895 -0.0082132 0.019823 -0.0063938 -0.0085767 -0.0058296
-0.081827 0.13782 0.88107 0.19273 0.057402 0.0078955 0.00065387 0.02012 0.0072102 0.0061606 0.0083647 0.0080122
-0.077881 0.1032 0.89699 0.1799 0.063622 0.0080661 0.0039454 -0.034613 0.015915 -0.012827 0.0062204 0.00017053
-0.076644 0.12943 0.87999 0.16867 0.065517 0.010974 0.0012374 0.02623 -0.016999 -0.011234 0.0018946 0.0029081
-0.077197 0.077351 0.90468 0.15302 0.062043 0.01242 -0.00055355 -0.052082 0.024695 -0.015644 -0.0034733 0.0014457
-0.073661 0.14582 0.88536 0.15158 0.052394 0.010362 0.0035365 0.068466 -0.019321 -0.0014375 -0.0096494 -0.0020579
-0.075399 0.1099 0.9039 0.15989 0.057334 0.011041 -0.001738 -0.035919 0.018544 0.0083078 0.0049401 0.00067876
-0.072392 0.1282 0.89307 0.15149 0.098274 0.015796 0.0030067 0.018299 -0.010834 -0.008407 0.04094 0.0047556
-0.072315 0.080621 0.86594 0.12719 0.084305 0.0058363 7.7067e-05 -0.047575 -0.027134 -0.0243 -0.013969 -0.00996
-0.068603 0.13923 0.77877 0.088255 0.10118 0.011514 0.0037124 0.058605 -0.087164 -0.038931 0.016871 0.005678
-0.062701 0.11933 0.70275 0.0016157 0.067263 0.0027216 0.0059018 -0.019894 -0.076022 -0.086639 -0.033913 -0.0087927
-0.063335 0.12296 0.69492 0.0068659 0.10513 0.0071547 -0.00063445 0.0036241 -0.0078357 0.0052502 0.037872 0.0044332
-0.061027 0.075695 0.72904 -0.055207 0.11227 0.0063026 0.0023079 -0.047261 0.034126 -0.062073 0.0071347 -0.00085218
-0.064087 0.096001 0.72614 0.0050009 0.12673 -0.0016398 -0.0030598 0.020306 -0.0029007 0.060208 0.01446 -0.0079423
-0.060826 0.10238 0.71591 -0.01268 0.11296 0.0097542 0.0032614 0.006384 -0.01023 -0.017681 -0.013769 0.011394
-0.06314 0.1039 0.68294 -0.0033349 0.083412 -0.00039988 -0.0023147 0.0015174 -0.032975 0.0093456 -0.029549 -0.010154
-0.062767 0.089012 0.72145 0.0055499 0.12373 0.011512 0.00037395 -0.01489 0.038515 0.0088848 0.04032 0.011912
-0.06357 0.11574 0.66915 -0.022315 0.067957 -0.0030489 -0.00080326 0.026732 -0.052295 -0.027865 -0.055774 -0.014561
-0.064644 0.10483 0.65709 -0.017008 0.083897 -0.0062796 -0.0010744 -0.010919 -0.012063 0.005307 0.01594 -0.0032307
-0.059671 0.11801 0.61829 -0.031617 0.041085 -0.0094607 0.0049728 0.013182 -0.038806 -0.014609 -0.042812 -0.0031811
-0.057158 0.09933 0.6237 -0.027598 0.03348 -0.012264 0.0025138 -0.018678 0.0054138 0.0040191 -0.0076059 -0.0028036
-0.053616 0.13402 0.60733 -0.030295 0.049287 -0.0092341 0.003542 0.03469 -0.016369 -0.0026974 0.015808 0.0030303
-0.053223 0.11186 0.5729 -0.03217 0.032121 -0.0087523 0.00039306 -0.022156 -0.034431 -0.0018746 -0.017166 0.00048181
-0.054862 0.096354 0.53217 -0.064243 0.043062 -0.015288 -0.0016391 -0.01551 -0.040729 -0.032073 0.010941 -0.0065361
-0.053603 0.09103 0.51936 -0.072396 0.042349 -0.01967 0.0012583 -0.0053236 -0.012808 -0.0081531 -0.0007133 -0.004382
-0.046358 0.14715 0.48056 -0.086451 0.045799 -0.022385 0.0072452 0.05612 -0.038804 -0.014055 0.0034504 -0.0027149
-0.050437 0.15179 0.49519 -0.081317 0.047398 -0.016736 -0.004079 0.0046412 0.014635 0.0051341 0.0015983 0.0056494
-0.050043 0.13924 0.49463 -0.080519 0.049371 -0.010162 0.00039471 -0.012551 -0.00056257 0.00079793 0.0019737 0.0065736
-0.059207 0.07344 0.54135 -0.083406 0.049435 -0.0050908 -0.0091641 -0.065799 0.046722 -0.002887 6.3478e-05 0.0050713
-0.057692 0.11193 0.52784 -0.083401 0.044623 -0.0090772 0.0015147 0.038489 -0.013508 5.5865e-06 -0.0048116 -0.0039864
-0.055345 0.13457 0.53486 -0.077624 0.0509 -0.0061712 0.0023467 0.022639 0.0070124 0.0057765 0.0062768 0.0029059
-0.055833 0.089312 0.58882 -0.10892 0.056957 -0.00013613 -0.00048773 -0.045256 0.053959 -0.031297 0.0060568 0.0060351
-0.059071 0.067355 0.61975 -0.10754 0.064039 -0.0039285 -0.0032381 -0.021957 0.030935 0.0013775 0.0070821 -0.0037924
-0.059294 0.044353 0.64407 -0.14431 0.062873 0.0038493 -0.00022289 -0.023002 0.024318 -0.036766 -0.0011662 0.0077778
-0.061572 0.13663 0.54212 -0.10028 0.048829 -0.0082394 -0.0022782 0.09228 -0.10195 0.044034 -0.014043 -0.012089
-0.054421 0.15939 0.47391 -0.089497 0.036708 0.00064802 0.0071515 0.022757 -0.068214 0.010778 -0.012121 0.0088874
-0.055704 0.14664 0.43753 -0.076726 0.035833 -0.003388 -0.0012836 -0.012753 -0.036376 0.012771 -0.00087556 -0.004036
-0.052457 0.10749 0.44217 -0.072305 0.029473 0.0022174 0.0032468 -0.039147 0.0046382 0.0044211 -0.0063592 0.0056054
-0.050977 0.12293 0.43284 -0.099071 0.03776 -0.0034658 0.0014805 0.015444 -0.009328 -0.026766 0.0082862 -0.0056832
-0.054148 0.10567 0.42688 -0.083135 0.036795 -0.0041587 -0.0031709 -0.017264 -0.005966 0.015937 -0.00096496 -0.00069286
-0.050095 0.10386 0.41334 -0.095292 0.03841 -0.01567 0.0040526 -0.0018095 -0.013531 -0.012157 0.0016153 -0.011512
-0.054295 0.10027 0.41865 -0.0928 0.040647 -0.0089399 -0.0041998 -0.0035865 0.0053053 0.0024916 0.0022375 0.0067304
-0.048871 0.13732 0.403 -0.098529 0.03761 -0.011916 0.0054237 0.037052 -0.015647 -0.0057286 -0.0030376 -0.0029763
-0.052146 0.12713 0.40662 -0.10496 0.045663 0.0058115 -0.0032746 -0.010194 0.0036154 -0.0064342 0.0080528 0.017728
-0.052997 0.12766 0.41129 -0.10137 0.046593 0.0049754 -0.00085098 0.00052739 0.004677 0.0035897 0.00093071 -0.00083607
-0.053605 0.05808 0.4457 -0.1027 0.047374 0.0089903 -0.00060798 -0.069578 0.034401 -0.0013225 0.00078113 0.0040149
-0.05013 0.14189 0.39074 -0.10194 0.048957 0.0058403 0.0034749 0.083814 -0.054956 0.00075715 0.0015829 -0.00315
-0.044814 0.13072 0.34896 -0.10218 0.047668 0.0017394 0.0053158 -0.011178 -0.041781 -0.00024422 -0.0012894 -0.0041009
-0.043772 0.12409 0.32081 -0.11465 0.05536 0.0076544 0.0010421 -0.0066237 -0.02815 -0.01247 0.0076921 0.005915
-0.047842 0.070228 0.33359 -0.12534 0.054113 0.0056728 -0.0040696 -0.053864 0.012779 -0.010692 -0.001247 -0.0019816
-0.048734 0.052863 0.38991 -0.13527 0.053143 0.010279 -0.00089193 -0.017365 0.056324 -0.0099231 -0.00097042 0.0046066
-0.048344 0.099325 0.38394 -0.14711 0.050517 0.0055172 0.00038927 0.046462 -0.0059736 -0.011844 -0.0026254 -0.0047622
-0.044755 0.10453 0.39201 -0.13184 0.046977 0.0056549 0.0035892 0.0052029 0.0080768 0.015274 -0.0035399 0.00013775
-0.043352 0.12153 0.38602 -0.14288 0.053331 0.00069846 0.001403 0.016999 -0.0059957 -0.011045 0.0063538 -0.0049565
-0.044459 0.087178 0.39318 -0.12758 0.047059 0.005371 -0.0011066 -0.034349 0.0071578 0.015302 -0.0062722 0.0046726
-0.043125 0.1073 0.40354 -0.14495 0.055959 0.0052407 0.0013339 0.020126 0.010359 -0.017369 0.0089002 -0.00013034
-0.042454 0.1012 0.38765 -0.14444 0.047966 0.0040592 0.00067053 -0.006103 -0.015886 0.00051316 -0.0079929 -0.0011815
-0.041568 0.094523 0.39 -0.15203 0.059342 0.004487 0.00088667 -0.0066772 0.0023523 -0.0075937 0.011376 0.00042783
-0.041226 0.10397 0.37819 -0.15582 0.05683 0.0009942 0.00034208 0.0094473 -0.011814 -0.0037923 -0.0025127 -0.0034928
-0.043509 0.090545 0.38173 -0.12463 0.055883 0.0042271 -0.0022832 -0.013426 0.00354 0.031192 -0.0009465 0.0032329
-0.037419 0.0855 0.38109 -0.13571 0.049109 0.0037281 0.00609 -0.0050451 -0.00063857 -0.011078 -0.0067744 -0.000499
-0.036326 0.080287 0.36004 -0.10799 0.037945 0.0036008 0.0010931 -0.0052127 -0.02105 0.027718 -0.011164 -0.00012731
-0.025937 0.13407 0.32021 -0.15187 0.036544 -0.00085128 0.010388 0.053783 -0.039825 -0.043877 -0.0014013 -0.0044521
-0.029758 0.071071 0.32698 -0.15348 0.041978 0.0077592 -0.003821 -0.062999 0.0067672 -0.0016149 0.0054338 0.0086105
-0.032771 0.12284 0.33243 -0.17603 0.052705 -0.0033937 -0.0030131 0.051765 0.0054452 -0.02255 0.010728 -0.011153
-0.042569 0.032758 0.39371 -0.17532 0.061076 -0.00012549 -0.0097975 -0.090079 0.061284 0.00071615 0.0083712 0.0032682
-0.036739 0.13267 0.35077 -0.16408 0.054205 -0.0016475 0.00583 0.099912 -0.042935 0.011235 -0.0068713 -0.0015221
-0.039338 0.096051 0.33702 -0.15968 0.037402 0.00066659 -0.0025987 -0.036618 -0.013759 0.0044045 -0.016803 0.0023141
-0.026197 0.10983 0.28129 -0.14364 0.016995 0.018242 0.01314 0.013777 -0.055723 0.016041 -0.020407 0.017575
-0.038067 0.062595 0.31779 -0.15632 0.015251 0.0088257 -0.01187 -0.047233 0.036493 -0.012687 -0.0017441 -0.0094163
-0.035544 0.11647 0.32329 -0.16298 0.017451 0.0067548 0.0025233 0.053878 0.0055029 -0.0066537 0.0022003 -0.0020709
-0.036778 0.14231 0.31185 -0.17092 0.035126 0.00076796 -0.0012338 0.025833 -0.011435 -0.0079418 0.017674 -0.0059869
-0.036722 0.13797 0.30714 -0.16391 0.040658 0.00048459 5.5949e-05 -0.0043405 -0.0047165 0.0070125 0.0055323 -0.00028337
-0.036817 0.064924 0.37028 -0.15187 0.043186 -0.0028088 -9.5186e-05 -0.073042 0.063145 0.012033 0.002528 -0.0032934
-0.041104 0.10544 0.30584 -0.18488 0.028723 -0.005085 -0.0042875 0.040515 -0.064445 -0.03301 -0.014463 -0.0022762
-0.040838 0.14869 0.23924 -0.24303 0.027053 -0.031395 0.00026584 0.04325 -0.066595 -0.058143 -0.00167 -0.02631
-0.039557 0.13217 0.078756 -0.27654 0.016478 -0.016735 0.001281 -0.016516 -0.16048 -0.033513 -0.010575 0.01466
-0.039744 0.11912 0.097569 -0.28623 0.039783 -0.028341 -0.00018668 -0.01305 0.018812 -0.0096876 0.023305 -0.011605
-0.049441 -0.077499 0.31084 -0.20422 0.046935 -0.0012287 -0.0096965 -0.19662 0.21327 0.082004 0.0071521 0.027112
-0.048584 0.086394 0.39439 -0.19241 0.051182 -0.0069731 0.00085699 0.16389 0.08355 0.011811 0.0042461 -0.0057444
-0.049328 0.035815 0.44893 -0.17018 0.053973 -0.0070616 -0.00074483 -0.05058 0.05454 0.022235 0.0027914 -8.8491e-05
-0.044789 0.15801 0.36408 -0.19725 0.04124 -0.017148 0.0045391 0.12219 -0.084844 -0.027069 -0.012733 -0.010086
-0.046699 0.039192 0.35392 -0.19209 0.04175 -0.02209 -0.0019092 -0.11882 -0.010157 0.0051511 0.00051013 -0.0049424
