-0.00032694 -0.0001272 0.00052409 -0.001099 0.00039679 5.9874e-05 0 0 0 0 0 0
-0.0032541 -0.0040205 0.052139 0.0043805 0.0076287 0.0053123 -0.0029271 -0.0038933 0.051615 0.0054795 0.0072319 0.0052524
0.00020683 0.010689 0.086593 -0.012359 0.013044 0.0087285 0.0034609 0.01471 0.034454 -0.016739 0.0054149 0.0034163
-0.0014011 0.01932 0.15298 -0.013456 0.01648 0.0041435 -0.0016079 0.0086305 0.066389 -0.001097 0.0034369 -0.004585
-0.00068437 0.042725 0.19551 -0.047641 0.035658 -0.00084549 0.00071668 0.023405 0.042529 -0.034185 0.019177 -0.004989
-0.0064763 0.072306 0.24813 -0.047146 0.056164 -0.0047384 -0.0057919 0.029581 0.052621 0.0004954 0.020506 -0.0038929
-0.01713 0.047943 0.29311 -0.051935 0.084211 -0.017708 -0.010654 -0.024364 0.044977 -0.0047893 0.028047 -0.012969
-0.02242 0.031288 0.31133 -0.027568 0.094699 -0.026454 -0.0052905 -0.016655 0.018224 0.024367 0.010488 -0.0087459
-0.029954 -0.0026946 0.33164 -0.026388 0.085084 -0.035736 -0.0075334 -0.033983 0.020308 0.0011797 -0.0096147 -0.0092819
-0.02219 0.0036744 0.34018 -0.019691 0.071514 -0.026626 0.0077641 0.006369 0.0085366 0.0066969 -0.01357 0.0091093
-0.023272 0.040397 0.37211 -0.041396 0.10822 -0.015808 -0.0010825 0.036723 0.031931 -0.021705 0.036708 0.010818
-0.028372 0.062264 0.32504 -0.03839 0.086612 -0.027874 -0.0050998 0.021866 -0.04707 0.0030063 -0.02161 -0.012066
-0.055484 0.055118 0.29095 0.015328 0.090281 -0.04489 -0.027112 -0.0071458 -0.034085 0.053718 0.0036689 -0.017016
-0.098202 0.00086681 0.22564 0.12857 0.094364 -0.047523 -0.042718 -0.054251 -0.065315 0.11324 0.0040828 -0.0026327
-0.10795 0.02045 0.27259 0.27109 0.16664 -0.018804 -0.0097496 0.019583 0.046952 0.14253 0.072273 0.028719
-0.13869 0.049931 0.36637 0.32149 0.3598 0.028672 -0.030736 0.029481 0.093775 0.050396 0.19316 0.047475
-0.11971 0.13783 0.4529 0.31281 0.47736 0.028279 0.018975 0.087899 0.086534 -0.0086807 0.11756 -0.00039241
-0.14441 0.13259 0.51289 0.23567 0.52405 0.0090303 -0.024696 -0.0052408 0.059985 -0.077136 0.046688 -0.019249
-0.14254 0.13822 0.58938 0.22118 0.53355 -0.010482 0.0018713 0.0056275 0.076497 -0.014487 0.0095038 -0.019512
-0.13405 0.14589 0.56001 0.2233 0.48618 -0.023608 0.0084878 0.0076697 -0.029377 0.0021124 -0.047373 -0.013127
-0.15027 0.16136 0.57388 0.20813 0.51467 -0.011491 -0.01622 0.015476 0.013877 -0.015164 0.028487 0.012117
-0.10289 0.15548 0.37441 0.1753 0.46936 -0.0152 0.04738 -0.0058806 -0.19947 -0.032837 -0.045308 -0.0037084
-0.099401 0.12725 0.35217 0.070414 0.42159 -0.016528 0.0034879 -0.028235 -0.022238 -0.10488 -0.047773 -0.0013282
-0.042325 0.099179 0.28381 0.035096 0.36481 -0.0019337 0.057076 -0.028068 -0.068357 -0.035317 -0.056772 0.014594
-0.047407 0.1158 0.33959 0.0045646 0.33731 -0.0016519 -0.0050816 0.016621 0.055772 -0.030532 -0.027502 0.00028184
-0.073782 0.064437 0.34288 0.058711 0.32911 0.0030738 -0.026375 -0.051364 0.0032968 0.054147 -0.0082029 0.0047257
-0.10419 0.072185 0.31077 0.1251 0.33581 0.0077182 -0.030408 0.0077487 -0.032111 0.066384 0.0067008 0.0046444
-0.1275 0.067962 0.3063 0.16757 0.33825 0.0030216 -0.023311 -0.0042229 -0.0044742 0.042471 0.0024367 -0.0046966
-0.13971 0.1364 0.32501 0.21059 0.38239 0.0087484 -0.012204 0.068436 0.018709 0.043023 0.044149 0.0057268
-0.14533 0.1336 0.34915 0.20179 0.40456 -0.00073576 -0.0056235 -0.0027984 0.02414 -0.0087991 0.022161 -0.0094841
-0.16794 0.11832 0.41291 0.23309 0.47239 -0.0054648 -0.022616 -0.015284 0.063761 0.031303 0.067834 -0.0047291
-0.1518 0.088121 0.41268 0.22537 0.46086 -0.010366 0.016147 -0.030196 -0.00022902 -0.007725 -0.011527 -0.0049011
-0.14968 0.11928 0.45563 0.23144 0.48176 -0.0058086 0.0021174 0.031155 0.04295 0.0060692 0.020902 0.0045573
-0.14442 0.14903 0.45097 0.21745 0.47709 -0.013945 0.0052595 0.029754 -0.004661 -0.013984 -0.0046726 -0.0081368
-0.1538 0.11683 0.46733 0.20949 0.49203 -0.0075799 -0.0093799 -0.032204 0.016366 -0.0079638 0.014938 0.0063655
-0.16637 0.091141 0.47214 0.21105 0.52373 -0.025269 -0.012565 -0.025685 0.0048024 0.001565 0.031703 -0.017689
-0.16087 0.062409 0.45922 0.20662 0.52892 -0.027353 0.0054965 -0.028732 -0.012912 -0.0044329 0.0051902 -0.0020837
-0.16315 0.12159 0.47533 0.21591 0.5527 -0.04153 -0.0022769 0.059185 0.016107 0.0092872 0.02378 -0.014177
-0.16681 0.16351 0.47873 0.22025 0.57279 -0.044287 -0.003665 0.041911 0.0033976 0.0043362 0.020083 -0.002757
-0.18207 0.1602 0.51582 0.24855 0.59155 -0.045831 -0.015259 -0.0033068 0.037097 0.028307 0.018769 -0.0015445
-0.19003 0.14364 0.49666 0.24595 0.59434 -0.055493 -0.0079629 -0.016561 -0.019167 -0.0026018 0.0027843 -0.009662
-0.19009 0.11067 0.49476 0.23733 0.58014 -0.05726 -5.8291e-05 -0.032971 -0.0019009 -0.0086162 -0.014203 -0.001767
-0.18284 0.12975 0.47676 0.22975 0.56534 -0.064861 0.0072541 0.01908 -0.017992 -0.0075855 -0.014797 -0.0076004
-0.17585 0.15785 0.50124 0.22583 0.5756 -0.055563 0.006986 0.028105 0.024481 -0.0039134 0.010258 0.0092974
-0.18083 0.12896 0.52367 0.26292 0.58992 -0.046999 -0.0049764 -0.028895 0.022421 0.037081 0.014325 0.0085642
-0.18205 0.13596 0.48068 0.26035 0.59099 -0.043829 -0.0012225 0.007 -0.042984 -0.0025675 0.0010706 0.0031699
-0.19521 0.10283 0.4619 0.26083 0.58861 -0.045871 -0.01316 -0.033121 -0.018778 0.00047911 -0.0023874 -0.0020418
-0.20118 0.13003 0.39908 0.25071 0.57273 -0.054537 -0.0059711 0.027191 -0.062823 -0.010119 -0.015871 -0.0086665
-0.19746 0.15849 0.40419 0.26018 0.56667 -0.051769 0.0037243 0.028465 0.005108 0.00947 -0.0060662 0.0027688
-0.18467 0.13812 0.42284 0.26159 0.57452 -0.046389 0.012787 -0.020368 0.018649 0.0014083 0.0078516 0.00538
-0.18172 0.1308 0.41892 0.27602 0.57444 -0.054466 0.0029494 -0.0073239 -0.0039175 0.014437 -8.213e-05 -0.0080776
-0.18856 0.12152 0.43804 0.26957 0.59579 -0.061417 -0.0068439 -0.0092764 0.019122 -0.006455 0.021347 -0.006951
-0.22721 0.13576 0.4253 0.30844 0.61002 -0.095308 -0.038649 0.014243 -0.012738 0.038872 0.014232 -0.033891
-0.24345 0.21032 0.41225 0.33692 0.62714 -0.09968 -0.016241 0.07456 -0.013051 0.028479 0.017128 -0.0043718
-0.25996 0.20881 0.44564 0.36475 0.64379 -0.11037 -0.016501 -0.0015165 0.033387 0.027832 0.016643 -0.010692
-0.26718 0.17426 0.49081 0.37566 0.66466 -0.11348 -0.0072193 -0.034548 0.045168 0.010909 0.020872 -0.0031056
-0.26824 0.14025 0.55991 0.37178 0.67512 -0.10765 -0.0010608 -0.034009 0.069105 -0.0038829 0.010462 0.0058317
-0.27292 0.10771 0.63763 0.36176 0.6966 -0.10972 -0.0046846 -0.032539 0.077713 -0.010015 0.021474 -0.002078
-0.27271 0.18619 0.63064 0.36641 0.71315 -0.10686 0.00021319 0.078479 -0.0069808 0.004649 0.016554 0.0028651
-0.27652 0.21954 0.62898 0.36098 0.72645 -0.10314 -0.0038155 0.033351 -0.0016693 -0.0054326 0.013298 0.003716
-0.29275 0.20541 0.62751 0.41346 0.75346 -0.12356 -0.016222 -0.014129 -0.0014638 0.052479 0.027012 -0.020413
-0.27082 0.15234 0.58148 0.40558 0.7087 -0.133 0.021926 -0.053072 -0.046034 -0.0078806 -0.044761 -0.0094465
-0.26075 0.16338 0.62803 0.4334 0.71204 -0.14637 0.010072 0.011035 0.046553 0.027825 0.0033355 -0.013363
-0.23087 0.17952 0.57258 0.40437 0.67845 -0.15563 0.029873 0.016145 -0.055451 -0.02903 -0.033586 -0.0092612
-0.25403 0.31385 0.60904 0.42432 0.72669 -0.14901 -0.023152 0.13433 0.036457 0.019945 0.048246 0.0066197
-0.28045 0.2618 0.62433 0.43441 0.76912 -0.14964 -0.026419 -0.052052 0.015289 0.010088 0.04242 -0.00063562
-0.30197 0.25853 0.64688 0.44643 0.8024 -0.14466 -0.021523 -0.0032745 0.022559 0.012026 0.033288 0.0049847
-0.31388 0.17075 0.66582 0.41681 0.81296 -0.14719 -0.011915 -0.087774 0.018935 -0.029626 0.010557 -0.0025305
-0.30557 0.16052 0.61941 0.39779 0.79015 -0.14648 0.008316 -0.010238 -0.046411 -0.019017 -0.022813 0.0007071
-0.31514 0.22101 0.57204 0.36678 0.76531 -0.14339 -0.009576 0.060492 -0.047372 -0.031006 -0.024835 0.0030952
-0.31168 0.23814 0.53526 0.35367 0.7441 -0.13165 0.0034594 0.017131 -0.036776 -0.013113 -0.02121 0.011734
-0.31646 0.25778 0.54602 0.34702 0.7393 -0.1369 -0.0047798 0.019639 0.01076 -0.0066502 -0.0047985 -0.0052459
-0.31184 0.20929 0.55595 0.34068 0.73111 -0.14347 0.0046205 -0.048492 0.0099277 -0.0063369 -0.0081929 -0.0065704
-0.31403 0.20527 0.57277 0.36775 0.73569 -0.16626 -0.0021841 -0.0040191 0.016821 0.027067 0.0045784 -0.022789
-0.32059 0.24493 0.5508 0.39558 0.72623 -0.1509 -0.0065632 0.039665 -0.021968 0.027826 -0.0094604 0.015357
-0.33328 0.26803 0.57503 0.41455 0.75929 -0.15454 -0.012692 0.023095 0.024224 0.018975 0.033064 -0.0036389
-0.3394 0.23939 0.60685 0.41378 0.78055 -0.13345 -0.0061192 -0.02864 0.031827 -0.00076987 0.021256 0.021091
-0.34291 0.20603 0.64138 0.40418 0.80945 -0.14864 -0.0035033 -0.033356 0.034527 -0.0096026 0.0289 -0.015191
-0.34124 0.17408 0.66312 0.40916 0.8099 -0.15611 0.0016698 -0.031946 0.021737 0.0049797 0.00045098 -0.0074683
-0.33375 0.22914 0.65404 0.4211 0.80347 -0.15364 0.0074822 0.055055 -0.0090737 0.011937 -0.006429 0.0024689
-0.3366 0.26632 0.67419 0.45245 0.82713 -0.1483 -0.0028492 0.037178 0.020145 0.031351 0.023661 0.0053338
-0.32515 0.24205 0.67682 0.43805 0.81889 -0.14319 0.011448 -0.024269 0.0026345 -0.014402 -0.0082452 0.0051154
-0.33008 0.23282 0.67519 0.43002 0.81142 -0.14867 -0.0049254 -0.0092307 -0.0016327 -0.0080305 -0.0074707 -0.0054847
-0.33709 0.19657 0.64872 0.40528 0.77745 -0.17464 -0.0070127 -0.036244 -0.026466 -0.024735 -0.033963 -0.025964
-0.34518 0.21155 0.62832 0.39339 0.74935 -0.17924 -0.0080881 0.01498 -0.020406 -0.011892 -0.028101 -0.0046029
-0.35622 0.25918 0.61662 0.4331 0.77991 -0.18175 -0.011037 0.04763 -0.011695 0.039708 0.03056 -0.002515
-0.36119 0.22322 0.63625 0.42526 0.80225 -0.17496 -0.0049744 -0.035965 0.01963 -0.0078375 0.022336 0.006794
-0.37102 0.21304 0.65035 0.44764 0.82832 -0.18327 -0.009823 -0.010182 0.014093 0.022383 0.026077 -0.0083052
-0.36434 0.18811 0.65976 0.43497 0.82712 -0.18894 0.0066709 -0.024926 0.0094162 -0.012672 -0.0012019 -0.0056761
-0.32677 0.21165 0.64821 0.44048 0.77426 -0.18897 0.037572 0.02354 -0.011555 0.005512 -0.052863 -3.0128e-05
-0.31191 0.27724 0.65215 0.46261 0.77768 -0.16344 0.014861 0.06559 0.0039454 0.022132 0.0034202 0.025532
-0.2912 0.27632 0.65402 0.45895 0.74938 -0.15242 0.020711 -0.0009196 0.001863 -0.0036594 -0.028301 0.011024
-0.34476 0.23579 0.71573 0.45534 0.79521 -0.15953 -0.053564 -0.040529 0.061714 -0.0036119 0.045835 -0.0071185
-0.35426 0.23269 0.69901 0.4569 0.79197 -0.17534 -0.0094958 -0.0031056 -0.016724 0.0015564 -0.0032471 -0.015807
-0.36979 0.23054 0.711 0.46043 0.81669 -0.18917 -0.015526 -0.0021509 0.011994 0.0035331 0.024721 -0.013826
-0.36074 0.27546 0.67351 0.47383 0.82239 -0.19013 0.0090427 0.044923 -0.037489 0.013398 0.0057056 -0.00096389
-0.35232 0.23432 0.65411 0.46841 0.82391 -0.19506 0.0084228 -0.04114 -0.019397 -0.0054174 0.0015161 -0.0049255
-0.35673 0.22274 0.67731 0.4608 0.83512 -0.20352 -0.0044057 -0.011584 0.023198 -0.0076103 0.011211 -0.0084663
-0.35192 0.21307 0.65824 0.45724 0.82199 -0.19984 0.0048086 -0.0096638 -0.019076 -0.0035648 -0.013134 0.0036802
-0.35296 0.27963 0.68367 0.47077 0.85302 -0.20024 -0.0010435 0.066554 0.025435 0.01353 0.03103 -0.00039704
-0.3608 0.24331 0.68799 0.4507 0.87164 -0.19154 -0.0078381 -0.036313 0.0043158 -0.020062 0.01862 0.0087049
-0.37359 0.25295 0.67922 0.46826 0.88743 -0.21378 -0.012787 0.0096406 -0.0087667 0.017557 0.015791 -0.022246
-0.37608 0.21253 0.672 0.45276 0.88525 -0.21359 -0.0024942 -0.040422 -0.0072173 -0.015502 -0.0021742 0.00019372
-0.38551 0.27389 0.6284 0.48372 0.87999 -0.21493 -0.0094344 0.061362 -0.043602 0.030959 -0.005264 -0.0013459
-0.39071 0.27215 0.6259 0.48799 0.89846 -0.20559 -0.0051974 -0.0017434 -0.0024958 0.0042758 0.018468 0.0093419
-0.40411 0.24536 0.62798 0.477 0.90355 -0.2022 -0.013394 -0.026785 0.0020738 -0.010996 0.0050968 0.0033888
-0.39478 0.20598 0.63777 0.47932 0.89675 -0.22217 0.0093227 -0.03938 0.0097924 0.0023182 -0.006809 -0.019968
-0.3731 0.24234 0.62316 0.45154 0.84753 -0.20589 0.021682 0.036352 -0.01461 -0.027771 -0.049219 0.016281
-0.3556 0.28255 0.62531 0.43827 0.86608 -0.21473 0.017501 0.040217 0.0021486 -0.013271 0.018556 -0.0088374
-0.33359 0.24312 0.6342 0.45706 0.8526 -0.22012 0.022012 -0.039435 0.0088923 0.018789 -0.013482 -0.0053947
-0.35726 0.28102 0.72201 0.44446 0.92697 -0.26001 -0.023674 0.037905 0.087809 -0.0126 0.074365 -0.039893
-0.34915 0.17853 0.76217 0.48939 0.91407 -0.28994 0.0081091 -0.10249 0.040157 0.044928 -0.012893 -0.029927
-0.37152 0.35729 0.83678 0.42411 0.93212 -0.26938 -0.022368 0.17876 0.074617 -0.065275 0.018045 0.020563
-0.386 0.24946 0.8386 0.36051 0.93092 -0.24835 -0.014477 -0.10783 0.0018107 -0.063603 -0.0012028 0.021026
-0.33745 0.27485 0.84035 0.31264 0.88795 -0.21028 0.048546 0.025387 0.0017518 -0.047874 -0.042962 0.038069
-0.33431 0.21805 0.82694 0.31937 0.89311 -0.21188 0.0031456 -0.056801 -0.013404 0.0067346 0.0051537 -0.0015972
-0.25264 0.22937 0.77541 0.37631 0.83104 -0.19687 0.081669 0.011326 -0.051537 0.056937 -0.062072 0.015011
-0.28044 0.30148 0.77107 0.42727 0.85215 -0.20797 -0.027801 0.072105 -0.0043348 0.050959 0.021116 -0.011102
-0.31111 0.26148 0.77813 0.39904 0.86826 -0.21279 -0.030673 -0.039994 0.0070601 -0.028231 0.016104 -0.0048131
-0.35546 0.22181 0.77717 0.34934 0.88866 -0.22391 -0.044352 -0.039674 -0.00096409 -0.049695 0.020406 -0.011126
-0.3745 0.15075 0.77512 0.36322 0.88407 -0.24966 -0.019039 -0.071062 -0.0020435 0.01388 -0.0045958 -0.02575
-0.35303 0.24496 0.75209 0.40339 0.8698 -0.25708 0.021471 0.09421 -0.023034 0.040167 -0.01427 -0.0074155
-0.31525 0.22916 0.76045 0.52953 0.82235 -0.29176 0.037784 -0.015796 0.0083613 0.12614 -0.047446 -0.034684
-0.29692 0.35589 0.81918 0.55458 0.80974 -0.29687 0.01833 0.12672 0.058728 0.025045 -0.012613 -0.0051085
-0.26506 0.29363 0.81291 0.50357 0.75076 -0.26574 0.031858 -0.062258 -0.0062657 -0.051007 -0.058973 0.031134
-0.22709 0.3207 0.77614 0.44836 0.71388 -0.24391 0.037964 0.027074 -0.036778 -0.055213 -0.03688 0.021827
-0.21975 0.2933 0.7442 0.38788 0.73276 -0.20445 0.0073449 -0.027402 -0.031937 -0.060475 0.018872 0.03946
-0.20569 0.22717 0.7314 0.37747 0.749 -0.23206 0.014063 -0.066133 -0.012795 -0.010413 0.01624 -0.027607
-0.24511 0.21875 0.74163 0.37528 0.7947 -0.2491 -0.039421 -0.0084166 0.010223 -0.0021934 0.0457 -0.017043
-0.25401 0.19049 0.77162 0.37714 0.80988 -0.27127 -0.0089015 -0.028255 0.029999 0.0018637 0.015186 -0.02217
-0.26153 0.26331 0.71132 0.39921 0.80272 -0.26885 -0.0075163 0.072815 -0.060309 0.022067 -0.0071608 0.0024245
-0.27509 0.24146 0.76024 0.39967 0.88627 -0.25875 -0.013569 -0.021847 0.04892 0.00046086 0.083548 0.010098
-0.28184 0.24876 0.79804 0.42882 0.92788 -0.24208 -0.0067502 0.0072993 0.037801 0.029152 0.041608 0.016671
-0.28677 0.2631 0.72285 0.38543 0.95396 -0.27062 -0.0049262 0.014337 -0.075191 -0.043391 0.026086 -0.028539
-0.29334 0.31983 0.60558 0.44986 0.94175 -0.28322 -0.0065662 0.056728 -0.11726 0.064435 -0.012213 -0.012607
-0.28133 0.35245 0.35521 0.38283 0.84239 -0.33669 0.012002 0.032621 -0.25037 -0.067035 -0.099363 -0.053465
-0.29007 0.25317 0.25998 0.3883 0.83683 -0.32409 -0.0087369 -0.099276 -0.09524 0.0054758 -0.0055552 0.012602
-0.27458 0.15449 0.3544 0.33956 0.80578 -0.31531 0.01549 -0.098681 0.094424 -0.048739 -0.031048 0.0087775
-0.25282 0.093199 0.5186 0.34351 0.85796 -0.27635 0.021766 -0.06129 0.1642 0.0039462 0.052175 0.038957
-0.29432 0.18493 0.68434 0.38349 0.92925 -0.27639 -0.041503 0.091732 0.16575 0.039983 0.071289 -3.7301e-05
-0.31263 0.20695 0.80169 0.43815 0.98843 -0.29173 -0.018309 0.022023 0.11735 0.054652 0.059186 -0.015338
-0.35337 0.26056 0.80086 0.47565 0.96274 -0.29216 -0.04074 0.05361 -0.00082812 0.037504 -0.025695 -0.00043695
-0.37175 0.27396 0.7697 0.6 0.98318 -0.32922 -0.018381 0.013391 -0.03116 0.12435 0.020443 -0.037058
-0.34948 0.26651 0.70751 0.66203 0.92601 -0.30168 0.022268 -0.0074436 -0.062191 0.062028 -0.057175 0.027538
-0.42362 0.31472 0.64029 0.75591 1.0478 -0.35347 -0.074137 0.048207 -0.067223 0.093881 0.12184 -0.051788
-0.33268 0.29558 0.63526 0.70029 0.94582 -0.27336 0.09094 -0.019134 -0.0050275 -0.055616 -0.10203 0.080117
-0.29898 0.34352 0.58737 0.68479 0.81803 -0.22409 0.033699 0.047934 -0.047887 -0.015504 -0.12779 0.049269
-0.1805 0.4356 0.53739 0.65493 0.61091 -0.13649 0.11848 0.092086 -0.049984 -0.029862 -0.20712 0.087591
-0.08271 0.44282 0.46845 0.7453 0.46946 -0.057281 0.097786 0.0072105 -0.06894 0.090372 -0.14146 0.079214
-0.067033 0.35218 0.59613 0.78149 0.60722 -0.12792 0.015677 -0.090631 0.12768 0.03619 0.13776 -0.070644
0.026694 0.3026 0.70507 0.83069 0.65171 -0.0078157 0.093728 -0.049585 0.10894 0.049203 0.044493 0.12011
0.040279 0.15421 0.95977 0.74017 0.78994 -0.11989 0.013585 -0.14839 0.2547 -0.09052 0.13823 -0.11208
0.12253 0.16215 1.0578 0.70721 0.85029 0.0050917 0.082253 0.0079401 0.098018 -0.032956 0.060349 0.12499
0.11616 0.14406 1.1257 0.64365 0.80379 -0.087695 -0.0063743 -0.018086 0.067878 -0.063565 -0.046499 -0.092787
0.18147 0.038461 1.2183 0.68583 0.86171 -0.080395 0.065309 -0.1056 0.092624 0.042182 0.057925 0.0073003
-0.02081 0.24849 1.2182 0.75038 0.70648 -0.16345 -0.20228 0.21003 -0.00014207 0.064553 -0.15523 -0.083052
0.017313 0.1429 1.376 0.84396 0.77164 -0.10204 0.038123 -0.10559 0.15783 0.093581 0.065165 0.061412
-0.0089215 0.29554 1.282 0.78997 0.7232 -0.15308 -0.026234 0.15264 -0.093992 -0.05399 -0.048448 -0.051048
0.15996 0.19218 1.3447 0.78511 0.76671 -0.050226 0.16888 -0.10336 0.062699 -0.0048645 0.043511 0.10286
0.17183 0.12076 1.347 0.72225 0.83996 -0.037917 0.011869 -0.071424 0.0022747 -0.06286 0.073254 0.012309
0.029256 0.28233 1.2858 0.77042 0.66235 -0.10704 -0.14257 0.16157 -0.061123 0.048171 -0.17762 -0.069128
-0.12334 0.23885 1.2544 0.68687 0.68289 -0.085282 -0.1526 -0.043479 -0.031418 -0.083553 0.020549 0.021763
-0.18468 0.38917 0.98485 0.72249 0.49246 -0.13878 -0.061333 0.15032 -0.26957 0.035619 -0.19043 -0.053503
-0.13807 0.30412 0.85874 0.53259 0.5301 -0.15649 0.046603 -0.085043 -0.12611 -0.18989 0.037644 -0.017704
-0.13964 0.26625 0.78855 0.50049 0.48298 -0.11535 -0.0015658 -0.037869 -0.070188 -0.032104 -0.047125 0.041134
-0.1545 0.29835 0.75304 0.64938 0.46592 0.038122 -0.014857 0.032099 -0.035507 0.1489 -0.017056 0.15348
-0.14689 0.29387 0.80905 0.43372 0.51192 -0.30539 0.0076084 -0.0044857 0.056008 -0.21566 0.045998 -0.34351
-0.29738 0.22379 1.0063 0.33388 0.7959 -0.4057 -0.15049 -0.07008 0.1973 -0.099843 0.28398 -0.10031
-0.55217 0.2379 1.2935 0.63881 1.6474 -0.86955 -0.25479 0.014112 0.28719 0.30494 0.85154 -0.46385
-0.93554 0.31416 1.4741 0.60385 1.9481 -0.79007 -0.38337 0.076256 0.18056 -0.034966 0.30068 0.079477
-1.4409 0.55461 1.5787 2.293 2.9763 -0.1521 -0.50537 0.24045 0.10457 1.6891 1.0282 0.63797
-1.5479 0.83925 1.2637 2.275 2.6537 0.051435 -0.10699 0.28464 -0.31496 -0.017997 -0.32261 0.20353
-1.3213 0.75285 0.84395 1.5373 1.9373 -0.43439 0.2266 -0.086397 -0.41977 -0.73765 -0.71632 -0.48582
-1.0585 0.37242 0.81825 0.53032 1.4317 -0.7757 0.26278 -0.38043 -0.025704 -1.007 -0.50565 -0.34131
-1.326 0.11784 1.0224 0.12216 1.2091 -0.39847 -0.26747 -0.25459 0.20419 -0.40816 -0.2226 0.37723
-2.1719 0.092064 1.5298 1.1555 2.2022 0.34989 -0.84595 -0.025772 0.50733 1.0333 0.99311 0.74835
-3.4915 0.41081 1.9474 3.0546 3.4987 2.1536 -1.3196 0.31875 0.4176 1.8991 1.2965 1.8037
-3.7257 0.73306 1.3272 1.7761 2.6564 0.83174 -0.23416 0.32225 -0.62019 -1.2785 -0.84234 -1.3219
-3.7968 0.39378 1.3694 1.9134 2.9025 1.5713 -0.071134 -0.33928 0.042272 0.13734 0.24609 0.73951
-3.4661 0.41677 0.88862 0.85174 2.1228 0.78836 0.33067 0.022987 -0.48083 -1.0617 -0.77962 -0.78289
-3.3656 0.22032 1.2335 1.6769 2.6008 1.9777 0.10048 -0.19645 0.34491 0.8252 0.47796 1.1893
-3.4881 0.39468 1.352 2.0218 2.8112 2.3828 -0.12244 0.17436 0.1185 0.34485 0.21041 0.40515
-3.3815 0.24984 1.7588 1.0656 2.7142 1.5886 0.10663 -0.14484 0.40681 -0.95624 -0.096966 -0.7942
-3.0159 0.18074 1.669 0.22873 1.9812 0.53773 0.36554 -0.069094 -0.089835 -0.83682 -0.73301 -1.0509
-2.712 -0.038832 1.6482 -0.93712 1.4733 -1.3058 0.30391 -0.21958 -0.02077 -1.1658 -0.50795 -1.8436
-2.0516 0.11063 0.8789 -0.90508 -0.17312 -2.0468 0.66039 0.14947 -0.76933 0.032039 -1.6464 -0.74098
-1.8421 0.0024729 0.61133 -0.94008 -0.62651 -2.3917 0.20947 -0.10816 -0.26757 -0.035006 -0.45339 -0.34486
-1.6632 0.010516 0.43199 -0.65169 -1.0542 -2.2608 0.17897 0.008043 -0.17933 0.28839 -0.42773 0.13085
-1.7697 0.030283 0.52594 -0.52914 -0.76238 -2.0625 -0.10658 0.019767 0.093951 0.12255 0.29186 0.19827
-1.7726 0.084863 0.53749 -0.57103 -0.79179 -2.3608 -0.0028843 0.05458 0.011546 -0.041885 -0.029417 -0.2983
-1.7787 0.033103 0.55053 -0.58784 -0.82112 -2.3443 -0.0061055 -0.05176 0.013037 -0.016808 -0.029328 0.016524
-1.8331 0.019832 0.63425 -0.47997 -0.64314 -2.077 -0.054327 -0.013271 0.083727 0.10786 0.17798 0.26728
-1.9777 -0.16278 0.96287 -0.43999 0.097131 -1.4191 -0.14463 -0.18261 0.32862 0.039981 0.74027 0.65796
-2.1902 0.003143 1.2128 -0.25961 0.65395 -0.66613 -0.21253 0.16592 0.24995 0.18039 0.55682 0.75295
-2.2608 -0.0086218 1.341 -0.21618 1.0168 -0.30247 -0.070588 -0.011765 0.12819 0.043424 0.36281 0.36366
-2.2827 0.05575 1.4145 -0.23863 0.87729 -0.15124 -0.021912 0.064372 0.073531 -0.022445 -0.13947 0.15124
-2.2387 -0.019917 1.3804 -0.25514 0.95583 -0.15881 0.044041 -0.075668 -0.03417 -0.016515 0.078542 -0.0075705
-2.1682 -0.023248 1.4227 -0.26663 0.89822 -0.18008 0.0705 -0.0033307 0.042304 -0.011486 -0.057609 -0.021276
-2.1881 0.045741 1.3579 -0.27196 1.0242 -0.15113 -0.019903 0.068989 -0.064764 -0.0053351 0.12595 0.028958
-2.1979 0.084508 1.2288 -0.12022 0.99704 -0.19117 -0.0098625 0.038767 -0.1291 0.15175 -0.027125 -0.040041
-2.2265 0.091137 1.1102 -0.17848 0.90553 -0.21654 -0.028518 0.0066291 -0.11857 -0.058264 -0.09151 -0.025377
-2.2261 0.034815 1.0065 -0.13736 0.89423 -0.2147 0.00032445 -0.056322 -0.1037 0.041119 -0.011307 0.0018478
-2.2277 0.0076332 1.0885 -0.21157 0.8396 -0.20167 -0.0015937 -0.027182 0.081979 -0.074204 -0.054628 0.013031
-2.2311 0.068872 1.0775 -0.16865 0.86471 -0.16218 -0.0033301 0.061239 -0.011024 0.042917 0.025117 0.039486
-2.2492 0.053419 1.1177 -0.16126 0.87321 -0.11157 -0.018106 -0.015453 0.04016 0.0073892 0.0084921 0.050607
-2.2357 0.044211 1.0242 -0.16019 0.89971 -0.10832 0.013434 -0.0092083 -0.093487 0.0010737 0.026502 0.003255
-2.1943 0.0078646 0.92716 -0.17808 0.83131 -0.070328 0.041432 -0.036346 -0.097021 -0.017888 -0.068398 0.037991
-2.223 -0.060858 0.9398 -0.1862 0.85747 -0.115 -0.028667 -0.068723 0.012649 -0.0081206 0.026163 -0.04467
-2.2155 0.033067 0.86695 -0.20034 0.71179 -0.092964 0.0075084 0.093926 -0.072854 -0.014145 -0.14569 0.022034
-2.2979 -0.0060275 0.93862 -0.18194 0.81821 -0.11111 -0.082464 -0.039095 0.071668 0.018402 0.10642 -0.018146
-2.2731 0.035904 0.91007 -0.24251 0.73884 -0.10969 0.024857 0.041932 -0.028544 -0.060569 -0.079372 0.0014154
-2.3033 0.032488 0.93158 -0.12616 0.86713 -0.14402 -0.030237 -0.0034159 0.021502 0.11635 0.12829 -0.034324
-2.3101 0.036157 0.9001 -0.10497 0.84925 -0.13917 -0.00678 0.0036685 -0.031478 0.021186 -0.017877 0.0048495
-2.3744 0.09454 0.91964 -0.011567 0.88659 -0.14013 -0.064308 0.058384 0.019539 0.093405 0.037343 -0.0009596
-2.4498 0.088455 0.98307 0.046852 0.87274 -0.10027 -0.075383 -0.006085 0.063436 0.05842 -0.013852 0.039857
-2.4603 0.10101 1.2045 0.058533 0.87625 -0.099994 -0.010567 0.012552 0.22145 0.011681 0.0035153 0.00027701
-2.4753 0.13649 1.3335 0.17428 0.89189 -0.098683 -0.01496 0.035481 0.12901 0.11575 0.015634 0.0013109
-2.431 0.17358 1.373 0.17303 0.93298 -0.075074 0.044349 0.037092 0.039425 -0.001248 0.041094 0.023609
-2.4337 0.17366 1.2288 0.17513 0.94643 -0.064049 -0.0027243 8.2514e-05 -0.14413 0.0021016 0.01345 0.011025
-2.4141 0.080563 1.1615 0.15828 0.96016 -0.043253 0.019627 -0.0931 -0.067357 -0.016856 0.013729 0.020796
-2.4433 0.056351 1.2369 0.1944 1.0158 -0.041926 -0.029217 -0.024212 0.075476 0.036122 0.055618 0.0013267
-2.4932 0.14175 1.191 0.10868 0.93928 -0.034229 -0.04996 0.085402 -0.045974 -0.085717 -0.076502 0.0076968
-2.4991 0.24311 0.94096 0.021136 1.0094 -0.046841 -0.0058744 0.10135 -0.25001 -0.087548 0.070073 -0.012612
-2.5491 0.40458 0.3759 -0.25233 0.86832 -0.010534 -0.049969 0.16147 -0.56506 -0.27347 -0.14103 0.036307
-2.4915 0.25128 -0.072383 -0.32436 1.0344 -0.035152 0.057591 -0.1533 -0.44829 -0.072033 0.16608 -0.024617
-2.5421 0.29272 -0.28314 -0.31147 1.0271 0.028377 -0.050634 0.041441 -0.21075 0.012892 -0.0073433 0.063528
-2.5545 0.14681 -0.20573 -0.21777 1.173 0.029383 -0.012371 -0.14592 0.077411 0.093703 0.14598 0.0010067
-2.5729 0.18111 -0.16551 -0.12009 1.1716 0.052445 -0.018409 0.034302 0.040217 0.097673 -0.0014613 0.023062
-2.589 0.13834 -0.066438 -0.06852 1.2358 0.028355 -0.016092 -0.04277 0.09907 0.051574 0.064256 -0.02409
-2.5959 0.14313 -0.11649 -0.020052 1.2823 0.01878 -0.006884 0.0047902 -0.050051 0.048468 0.046489 -0.009575
-2.645 0.1671 -0.11718 0.073198 1.3942 0.021324 -0.049155 0.023976 -0.00069517 0.09325 0.11191 0.0025438
-2.6965 0.1992 -0.11641 0.13757 1.4529 0.051911 -0.051497 0.032099 0.0007781 0.06437 0.05868 0.030588
-2.7091 0.21297 -0.14782 0.14237 1.5294 0.067395 -0.012529 0.013769 -0.031414 0.0048062 0.076528 0.015483
-2.6932 0.21898 -0.1057 0.17438 1.5443 0.07022 0.015868 0.006012 0.042125 0.032007 0.014867 0.0028252
-2.6802 0.19116 -0.052376 0.12194 1.5565 0.060476 0.012948 -0.027823 0.05332 -0.052439 0.012209 -0.0097444
-2.6712 0.17941 0.021001 0.1259 1.557 0.032308 0.0089983 -0.011749 0.073377 0.0039576 0.00046034 -0.028168
-2.6765 0.14817 0.11091 0.11426 1.5459 0.024807 -0.0052426 -0.031239 0.089907 -0.011644 -0.011076 -0.0075005
-2.6985 0.1843 0.10589 0.14516 1.5849 0.025997 -0.022018 0.036125 -0.0050153 0.030907 0.039036 0.0011892
-2.7037 0.16683 0.12994 0.16883 1.5844 0.047025 -0.0052528 -0.017465 0.024052 0.023671 -0.00053017 0.021028
-2.7369 0.17047 0.12149 0.23282 1.6346 0.059717 -0.033156 0.0036423 -0.0084546 0.063987 0.050215 0.012692
-2.7437 0.1459 0.1782 0.20995 1.629 0.067222 -0.006775 -0.024571 0.056706 -0.022866 -0.0055765 0.0075057
-2.7493 0.14729 0.22058 0.19863 1.6345 0.050707 -0.0056178 0.0013884 0.042388 -0.01132 0.0054051 -0.016515
-2.7503 0.17351 0.21181 0.16323 1.6162 0.044635 -0.001025 0.026222 -0.0087742 -0.035406 -0.018295 -0.0060719
-2.7302 0.15424 0.26271 0.11489 1.5885 0.029946 0.020173 -0.019278 0.0509 -0.048336 -0.02769 -0.01469
-2.7224 0.15835 0.3531 0.10363 1.5506 0.042144 0.0077474 0.0041149 0.090387 -0.01126 -0.037822 0.012198
-2.7013 0.17858 0.40251 0.10385 1.538 0.048494 0.021114 0.020232 0.049415 0.00022294 -0.012638 0.0063502
-2.6966 0.15096 0.52838 0.050114 1.4915 0.049813 0.0046846 -0.027627 0.12587 -0.05374 -0.04652 0.0013184
-2.6847 0.18238 0.45488 0.048153 1.4939 0.038457 0.011915 0.031425 -0.0735 -0.0019607 0.002451 -0.011356
-2.6778 0.15113 0.40459 -0.018334 1.4375 0.030563 0.0068994 -0.031247 -0.050297 -0.066487 -0.056474 -0.0078938
-2.673 0.18422 0.34139 0.0086855 1.4406 0.038807 0.0047647 0.03309 -0.0632 0.027019 0.0031052 0.008244
-2.6702 0.1843 0.24037 0.010489 1.3958 0.045495 0.0028491 7.891e-05 -0.10101 0.0018033 -0.0448 0.0066877
-2.672 0.17159 0.28573 0.051925 1.3952 0.038099 -0.0018129 -0.012718 0.04536 0.041436 -0.00056558 -0.0073954
-2.6389 0.15401 0.27112 0.024562 1.2729 0.025303 0.033105 -0.017572 -0.014617 -0.027363 -0.12233 -0.012796
-2.6354 0.14808 0.24456 0.048297 1.3552 0.047121 0.0034723 -0.0059355 -0.026558 0.023734 0.082311 0.021818
-2.602 0.096683 0.25488 0.020204 1.2996 0.058105 0.033404 -0.051394 0.010319 -0.028093 -0.055609 0.010983
-2.6728 0.080125 0.19547 0.014942 1.5876 0.074583 -0.070761 -0.016558 -0.059403 -0.0052621 0.28799 0.016478
-2.6934 0.058362 0.22302 -0.014004 1.5361 0.10586 -0.020628 -0.021763 0.027546 -0.028946 -0.051415 0.031277
-2.7822 0.098278 0.19895 -0.049312 1.6561 0.11977 -0.088778 0.039916 -0.024068 -0.035307 0.11999 0.013908
-2.8 0.057074 0.27148 -0.042739 1.5644 0.22266 -0.017842 -0.041204 0.072528 0.0065726 -0.091739 0.10289
-2.7974 0.079308 0.30532 -0.063355 1.5708 0.19441 0.0026593 0.022234 0.033838 -0.020616 0.006379 -0.02825
-2.7993 0.05683 0.3568 -0.06592 1.6152 0.20291 -0.0019581 -0.022478 0.051477 -0.0025643 0.044385 0.0085011
-2.7602 0.12386 0.30932 -0.10049 1.6079 0.11897 0.039099 0.067029 -0.047478 -0.034567 -0.0073033 -0.083934
-2.7826 0.10067 0.31409 -0.086286 1.6455 0.11499 -0.022424 -0.023186 0.0047699 0.0142 0.037599 -0.0039804
-2.7917 0.078262 0.34511 -0.053747 1.6643 0.12226 -0.0090757 -0.02241 0.031021 0.032539 0.018889 0.0072665
-2.8078 0.058516 0.41518 0.0077499 1.6687 0.15643 -0.016052 -0.019746 0.070071 0.061497 0.0044096 0.034171
-2.8308 0.10951 0.44437 0.053049 1.7113 0.17453 -0.023078 0.05099 0.029191 0.045299 0.04253 0.018104
-2.8287 0.1003 0.456 0.07803 1.7048 0.17416 0.0021963 -0.009209 0.011632 0.024981 -0.0064892 -0.00037271
-2.8353 0.1016 0.47264 0.058341 1.7023 0.16577 -0.0066951 0.0013053 0.016637 -0.019689 -0.0024571 -0.0083939
-2.8407 0.047001 0.52984 0.051541 1.6776 0.16339 -0.0053741 -0.054601 0.057205 -0.0067996 -0.024782 -0.0023759
-2.8563 0.10473 0.53046 0.047334 1.6591 0.18841 -0.015554 0.057732 0.00061894 -0.0042068 -0.018482 0.025017
-2.8869 0.12659 0.52367 0.098428 1.7029 0.20919 -0.030611 0.021861 -0.0067923 0.051094 0.04379 0.020779
-2.9114 0.1269 0.48798 0.12435 1.7545 0.21511 -0.024523 0.00031095 -0.035687 0.025926 0.051671 0.0059196
-2.9218 0.10223 0.49623 0.13253 1.7753 0.21025 -0.010368 -0.024671 0.0082457 0.0081769 0.020768 -0.004855
-2.9245 0.074214 0.54473 0.11446 1.7583 0.19461 -0.0027144 -0.02802 0.048503 -0.018072 -0.01695 -0.01564
-2.924 0.1361 0.54565 0.10691 1.7385 0.2223 0.00049648 0.061885 0.00092111 -0.007554 -0.019879 0.027691
-2.9314 0.1157 0.56004 0.11437 1.7702 0.21065 -0.0074557 -0.020396 0.014386 0.0074664 0.031776 -0.011654
-2.9264 0.12699 0.50785 0.10696 1.7999 0.22062 0.0050327 0.01129 -0.052185 -0.0074065 0.029631 0.0099687
-2.9293 0.080523 0.53572 0.085851 1.8111 0.207 -0.0028662 -0.046471 0.027868 -0.021114 0.01122 -0.013619
-2.9225 0.11102 0.49064 0.065416 1.8173 0.19003 0.0068036 0.030499 -0.045084 -0.020435 0.0061831 -0.016972
-2.9325 0.13923 0.49873 0.072765 1.8276 0.20779 -0.01007 0.028209 0.0080867 0.0073484 0.010304 0.017766
-2.9253 0.10923 0.42396 0.057051 1.868 0.15143 0.0072275 -0.029996 -0.074763 -0.015713 0.040398 -0.056367
-2.9294 0.097659 0.42166 0.056692 1.8637 0.17667 -0.0040988 -0.011576 -0.0023024 -0.00035903 -0.0042712 0.02524
-2.9284 0.068424 0.41291 0.041203 1.8606 0.14837 0.00099508 -0.029234 -0.008751 -0.01549 -0.0031364 -0.028296
-2.9471 0.12928 0.42029 0.035511 1.8378 0.18475 -0.018632 0.060859 0.0073764 -0.0056916 -0.022789 0.03638
-2.9667 0.13039 0.45628 0.058524 1.8317 0.19437 -0.019682 0.0011024 0.035995 0.023013 -0.0061089 0.0096203
-2.9723 0.10166 0.44843 0.037237 1.8384 0.19412 -0.0055283 -0.028726 -0.0078465 -0.021287 0.006679 -0.00024758
-2.9723 0.087432 0.51073 0.037993 1.8365 0.17284 -2.7112e-05 -0.014227 0.062296 0.00075567 -0.0019047 -0.021284
-2.9818 0.089819 0.5172 0.038683 1.8631 0.18155 -0.0095204 0.0023865 0.0064662 0.00069006 0.02665 0.0087126
-2.974 0.18773 0.45859 0.090287 1.898 0.16282 0.0078234 0.097914 -0.058611 0.051605 0.034886 -0.018732
-2.9812 0.14021 0.39006 0.081843 1.9145 0.18974 -0.00719 -0.047526 -0.068525 -0.0084448 0.016553 0.026919
-2.9501 0.14028 0.26186 0.10836 1.9059 0.18339 0.031048 6.9338e-05 -0.1282 0.026513 -0.0086568 -0.0063514
-2.9233 0.11578 0.13794 0.026373 1.8818 0.15395 0.026791 -0.024498 -0.12392 -0.081983 -0.024086 -0.029434
-2.9247 0.0853 0.11266 0.034426 1.8146 0.15707 -0.0013924 -0.030477 -0.025279 0.0080528 -0.067233 0.003122
-2.9288 0.11302 0.068752 0.077401 1.8593 0.11774 -0.0040285 0.027721 -0.04391 0.042976 0.044756 -0.039331
-2.9577 0.039472 0.25631 0.057608 1.7984 0.14614 -0.028905 -0.073549 0.18755 -0.019793 -0.060882 0.028392
-3.0033 0.060017 0.42512 0.10595 1.8753 0.15723 -0.045594 0.020545 0.16881 0.048343 0.076898 0.011094
-3.0083 0.15513 0.52835 0.0080226 1.8166 0.19697 -0.0050379 0.095109 0.10324 -0.097929 -0.058749 0.039743
-3.0584 0.1295 0.59577 -0.012229 1.8425 0.21442 -0.050059 -0.025629 0.067419 -0.020252 0.025962 0.017449
-3.057 0.19855 0.50616 -0.049786 1.8313 0.19312 0.0013099 0.069058 -0.089611 -0.037557 -0.011273 -0.021301
-3.0783 0.11201 0.58247 -0.085438 1.8277 0.18724 -0.021284 -0.086545 0.076311 -0.035652 -0.0035759 -0.0058811
-3.0871 0.17902 0.54541 -0.083926 1.8532 0.15873 -0.008805 0.067013 -0.037063 0.001512 0.025516 -0.028513
-3.0779 0.18149 0.59114 -0.086111 1.8172 0.20571 0.0092023 0.0024675 0.04573 -0.0021844 -0.036044 0.046988
-3.0809 0.14913 0.58776 -0.091785 1.8231 0.21408 -0.0029755 -0.032362 -0.0033725 -0.0056745 0.0058862 0.0083622
-3.0816 0.15304 0.58067 -0.086665 1.7877 0.22859 -0.00065854 0.0039101 -0.0070975 0.0051207 -0.035404 0.014516
-3.0891 0.10369 0.62496 -0.11126 1.7991 0.23087 -0.0075685 -0.049348 0.044298 -0.024591 0.011408 0.0022773
-3.1111 0.19646 0.60756 -0.12849 1.7987 0.22901 -0.021938 0.09277 -0.01741 -0.017234 -0.00041155 -0.00186
-3.1083 0.15077 0.55577 -0.10964 1.812 0.24029 0.0027738 -0.045689 -0.051783 0.018846 0.013398 0.011281
-3.1012 0.14953 0.58518 -0.12987 1.8108 0.229 0.0071072 -0.0012375 0.029403 -0.020222 -0.0012937 -0.011287
-3.0925 0.11239 0.51251 -0.095825 1.8051 0.21901 0.0086955 -0.037146 -0.072661 0.034041 -0.0056442 -0.0099976
-3.0742 0.13381 0.53068 -0.10684 1.7885 0.23149 0.018288 0.021424 0.018163 -0.011012 -0.016595 0.012485
-3.0807 0.13781 0.53597 -0.071672 1.7626 0.24849 -0.0064727 0.0040016 0.0052894 0.035165 -0.025867 0.016998
-3.084 0.13511 0.50583 -0.034329 1.7787 0.30414 -0.0033359 -0.0027055 -0.030133 0.037343 0.016093 0.055653
-3.0868 0.13003 0.58868 0.0012316 1.7904 0.26179 -0.0027764 -0.0050808 0.082844 0.035561 0.011702 -0.042347
-3.108 0.15958 0.53373 0.030435 1.8524 0.29555 -0.021218 0.029551 -0.054947 0.029204 0.061999 0.033756
-3.1165 0.21399 0.54689 0.015929 1.8357 0.22645 -0.0085296 0.054418 0.013162 -0.014507 -0.016742 -0.0691
-3.1352 0.18277 0.49131 0.037313 1.8407 0.27494 -0.018671 -0.03122 -0.05558 0.021385 0.0050437 0.048491
-3.1492 0.17415 0.50442 -0.013795 1.776 0.26782 -0.013984 -0.0086256 0.013103 -0.051109 -0.064711 -0.0071255
-3.1537 0.16495 0.49765 0.016773 1.8006 0.30686 -0.0045245 -0.0092024 -0.0067657 0.030568 0.024593 0.039047
-3.1545 0.18037 0.49779 -0.0362 1.7832 0.3047 -0.00076999 0.01542 0.00014349 -0.052973 -0.017378 -0.0021608
-3.1573 0.1887 0.44516 -0.0043249 1.7853 0.30045 -0.0028454 0.0083332 -0.052638 0.031875 0.0020122 -0.0042545
-3.1589 0.15133 0.398 -0.017171 1.7766 0.28159 -0.00159 -0.037372 -0.047157 -0.012846 -0.0086674 -0.018858
-3.1602 0.13257 0.3691 -0.0062968 1.7459 0.27325 -0.001274 -0.018757 -0.028899 0.010874 -0.030696 -0.0083384
-3.1712 0.14711 0.43228 -0.0074498 1.7887 0.27896 -0.011004 0.014535 0.063183 -0.001153 0.042801 0.0057055
-3.1797 0.16906 0.47595 0.0030988 1.8163 0.28726 -0.0084818 0.021958 0.043671 0.010549 0.027595 0.0083088
-3.1959 0.16254 0.56939 0.018362 1.8331 0.29095 -0.016229 -0.0065191 0.093434 0.015263 0.01678 0.0036842
-3.2021 0.14673 0.56487 0.014443 1.8247 0.29255 -0.0061415 -0.015818 -0.004513 -0.0039191 -0.0083638 0.0016051
-3.1888 0.13567 0.60415 0.0073521 1.7884 0.29092 0.013305 -0.011053 0.039275 -0.0070911 -0.036346 -0.0016381
-3.1785 0.15357 0.58741 -0.017701 1.754 0.30661 0.010226 0.0179 -0.016742 -0.025053 -0.034338 0.01569
-3.1856 0.19722 0.60122 -0.010027 1.7515 0.33683 -0.0070695 0.043647 0.013816 0.0076744 -0.0025153 0.030229
-3.1877 0.16113 0.59747 -0.030033 1.7379 0.325 -0.0021498 -0.036089 -0.003749 -0.020006 -0.013658 -0.011836
-3.196 0.16686 0.59601 -0.032157 1.7145 0.3217 -0.0082799 0.005727 -0.0014604 -0.0021241 -0.02335 -0.0033008
-3.1673 0.12881 0.61144 -0.062065 1.7204 0.27959 0.028737 -0.038053 0.015422 -0.029908 0.0059005 -0.042104
-3.1525 0.1863 0.59816 -0.051177 1.6992 0.28015 0.014782 0.057493 -0.013277 0.010889 -0.021241 0.00056038
-3.1435 0.175 0.60123 -0.062948 1.7365 0.27474 0.0089848 -0.011301 0.003074 -0.011771 0.037363 -0.0054146
-3.1454 0.16754 0.57732 -0.060639 1.7425 0.27668 -0.0018605 -0.0074545 -0.023915 0.0023092 0.0060232 0.0019397
-3.1529 0.13922 0.5593 -0.071043 1.7448 0.26153 -0.0074989 -0.028323 -0.01802 -0.010404 0.0022595 -0.015149
-3.1572 0.16673 0.52049 -0.053718 1.7527 0.27126 -0.004272 0.027508 -0.038812 0.017325 0.0078708 0.009731
-3.1678 0.19922 0.51537 -0.022216 1.7427 0.28123 -0.010638 0.032491 -0.0051124 0.031502 -0.0099514 0.0099664
-3.1764 0.18561 0.50258 -0.023859 1.7688 0.2838 -0.0085657 -0.01361 -0.012791 -0.0016434 0.026099 0.0025744
-3.1738 0.17659 0.52665 -0.025888 1.7513 0.27278 0.0025736 -0.0090214 0.024072 -0.0020292 -0.017505 -0.011024
-3.1597 0.17713 0.515 -0.059632 1.7457 0.25598 0.014097 0.00054327 -0.011654 -0.033744 -0.0055716 -0.016794
-3.1422 0.23787 0.51553 -0.033993 1.7206 0.27367 0.01748 0.060743 0.00053195 0.025639 -0.025148 0.017687
-3.1389 0.20956 0.53299 -0.033292 1.6998 0.29421 0.0032791 -0.02831 0.017455 0.00070101 -0.020848 0.020542
-3.1359 0.18644 0.51871 -0.038155 1.7188 0.28638 0.0029881 -0.023121 -0.014276 -0.0048632 0.019032 -0.0078353
-3.1355 0.14487 0.54889 -0.069434 1.7023 0.28254 0.00044722 -0.041569 0.030181 -0.031279 -0.016508 -0.0038417
-3.1441 0.19223 0.49808 -0.068217 1.7398 0.27181 -0.0086227 0.047358 -0.050811 0.0012171 0.037526 -0.010727
-3.1534 0.21123 0.5301 -0.064611 1.7401 0.2754 -0.0092664 0.019002 0.032015 0.0036052 0.00031192 0.0035895
-3.1609 0.18804 0.52178 -0.05035 1.7622 0.28152 -0.0075559 -0.023194 -0.0083176 0.014261 0.022084 0.0061171
-3.153 0.15501 0.56558 -0.074117 1.7458 0.25588 0.0079338 -0.033028 0.043807 -0.023767 -0.016428 -0.025638
-3.1332 0.16969 0.56375 -0.088869 1.7451 0.27555 0.019781 0.014675 -0.0018328 -0.014752 -0.00063895 0.019671
-3.1427 0.22162 0.57638 -0.072357 1.7393 0.27016 -0.009455 0.051936 0.012628 0.016512 -0.0057919 -0.0053875
-3.1837 0.18693 0.54499 -0.073377 1.7786 0.25587 -0.041031 -0.034693 -0.031388 -0.00102 0.039293 -0.014296
-3.1434 0.16596 0.5728 -0.10292 1.7449 0.27308 0.04034 -0.020966 0.027811 -0.029548 -0.033697 0.017213
-3.0558 0.14427 0.57591 -0.1131 1.6335 0.32861 0.087546 -0.021693 0.0031094 -0.010177 -0.11144 0.055536
-2.9803 0.22588 0.54853 -0.081623 1.6715 0.37989 0.075516 0.081607 -0.027382 0.031479 0.037972 0.051275
-2.9181 0.2931 0.54215 -0.13837 1.6111 0.37239 0.062238 0.067227 -0.006383 -0.05675 -0.06041 -0.0074952
-3.04 0.24147 0.48598 -0.10853 1.8424 0.24356 -0.12192 -0.051637 -0.056163 0.029841 0.23132 -0.12883
-3.0249 0.22202 0.57694 -0.30153 1.7708 0.17206 0.015117 -0.019443 0.090955 -0.193 -0.071607 -0.071505
-3.0618 0.21048 0.60862 -0.24718 1.8044 0.19225 -0.036878 -0.011542 0.031678 0.054349 0.033601 0.020198
-3.0131 0.23972 0.64203 -0.27102 1.7 0.24751 0.048677 0.029238 0.033415 -0.023844 -0.10439 0.055252
-3.0045 0.29919 0.45919 -0.25376 1.6925 0.2933 0.0085682 0.059473 -0.18284 0.017262 -0.0074548 0.045797
-3.0129 0.22556 0.41171 -0.29238 1.6526 0.31084 -0.0083918 -0.073636 -0.047482 -0.038618 -0.03989 0.01754
-3.0775 0.26982 0.088339 -0.32185 1.7033 0.31968 -0.064556 0.044262 -0.32337 -0.029469 0.050681 0.008838
-3.105 0.21437 0.11766 -0.43113 1.6482 0.38643 -0.027561 -0.05545 0.029321 -0.10928 -0.055079 0.066748
-3.1808 0.21627 -0.12616 -0.35216 1.7199 0.39309 -0.075819 0.0018964 -0.24382 0.078975 0.07166 0.0066588
-3.1315 0.15312 -0.056379 -0.45173 1.6806 0.41402 0.049367 -0.063146 0.069777 -0.099574 -0.039261 0.020935
-3.1235 0.11487 -0.040184 -0.37994 1.736 0.40593 0.007948 -0.038255 0.016195 0.071784 0.055401 -0.0080965
-3.0756 0.11793 0.022239 -0.36886 1.7367 0.42519 0.047924 0.0030664 0.062423 0.011087 0.00062365 0.019267
-3.1015 0.14416 0.11753 -0.3597 1.8052 0.408 -0.02588 0.026227 0.095289 0.0091609 0.068593 -0.017197
-3.1054 0.16435 0.12815 -0.33098 1.7931 0.41583 -0.0038729 0.020192 0.010622 0.028721 -0.012149 0.0078344
-3.1018 0.19941 0.18456 -0.33098 1.8479 0.38896 0.0035814 0.035058 0.056406 -3.0465e-06 0.054839 -0.026867
-3.0964 0.17812 0.16253 -0.30119 1.8408 0.38334 0.0053466 -0.021293 -0.022026 0.029791 -0.007146 -0.005629
-3.086 0.19045 0.18732 -0.297 1.8761 0.38175 0.010439 0.012337 0.024794 0.0041899 0.035305 -0.0015818
-3.1045 0.1612 0.13501 -0.23612 1.9374 0.38062 -0.018487 -0.029255 -0.052313 0.060882 0.061352 -0.0011318
-3.1375 0.19361 0.14584 -0.27814 1.9628 0.38366 -0.03304 0.03241 0.010826 -0.042021 0.025362 0.0030387
-3.1861 0.20447 0.16752 -0.32122 1.8762 0.35529 -0.048638 0.010859 0.021686 -0.043084 -0.086613 -0.028374
-3.1765 0.21769 0.35322 -0.26187 1.9448 0.29966 0.0096831 0.013224 0.1857 0.059348 0.068592 -0.055627
-3.214 0.24395 0.56144 -0.32417 1.9657 0.33073 -0.037526 0.026256 0.20822 -0.062299 0.020948 0.031074
-3.1042 0.21283 0.87319 -0.088642 2.2063 0.34779 0.10976 -0.031118 0.31175 0.23553 0.24053 0.017052
-3.1787 0.23176 0.85296 -0.20764 2.383 0.45243 -0.074439 0.018933 -0.020229 -0.119 0.17677 0.10465
-3.1158 0.17169 0.93175 -0.20943 2.2283 0.43365 0.062868 -0.060071 0.078782 -0.0017923 -0.1547 -0.018785
-3.1962 0.17292 0.79345 -0.30669 2.2719 0.45992 -0.08038 0.0012293 -0.13829 -0.097254 0.043535 0.026273
-3.1844 0.16017 0.87209 -0.24642 2.2196 0.43925 0.011755 -0.012749 0.078641 0.060265 -0.05228 -0.02067
