-0.0002193 0.0051314 -0.00085241 0.0030343 0.0064658 0.0066751 0 0 0 0 0 0
0.0064324 -0.0033284 0.0017196 -0.0099378 0.0040168 0.019135 0.0066517 -0.0084598 0.0025721 -0.012972 -0.0024489 0.01246
0.013019 0.027039 0.010479 -0.027578 -0.00031015 0.028065 0.0065866 0.030368 0.0087592 -0.01764 -0.004327 0.0089302
0.014813 0.054768 0.022245 -0.014905 0.025141 0.056332 0.0017942 0.027729 0.011766 0.012673 0.025451 0.028267
0.0079847 0.14623 0.044561 0.05208 0.028979 0.043523 -0.0068285 0.091463 0.022316 0.066986 0.0038378 -0.012809
0.016341 0.11993 0.052998 0.061016 -0.013096 0.0029983 0.008356 -0.026298 0.0084365 0.0089359 -0.042074 -0.040525
0.010677 0.14702 0.10941 0.20003 0.00079388 0.0054559 -0.0056641 0.027085 0.056412 0.13901 0.013889 0.0024575
0.027435 0.08899 0.12905 0.13104 -0.037005 -0.010737 0.016758 -0.058028 0.019643 -0.068993 -0.037799 -0.016192
0.034701 0.16814 0.11385 0.16097 0.059429 0.1051 0.0072659 0.079145 -0.0152 0.029934 0.096434 0.11584
0.024859 0.14145 0.10554 0.10822 0.090117 0.11959 -0.0098422 -0.02669 -0.0083157 -0.052745 0.030689 0.014488
0.020649 0.16448 0.071893 0.12251 0.12568 0.14876 -0.0042097 0.023038 -0.033643 0.014285 0.035559 0.029171
0.0027182 0.11357 0.10481 0.1459 0.1263 0.11373 -0.017931 -0.050913 0.032917 0.02339 0.00061897 -0.035032
0.0023776 0.16329 0.09076 0.11513 0.11763 0.097729 -0.00034059 0.049716 -0.01405 -0.030767 -0.0086693 -0.016001
0.001973 0.16717 0.098432 0.089368 0.13204 0.099355 -0.00040462 0.0038792 0.0076723 -0.025765 0.014414 0.0016259
-0.0046272 0.15829 0.084355 0.078427 0.14313 0.10006 -0.0066002 -0.0088801 -0.014077 -0.010941 0.011089 0.00070637
-0.0065297 0.12052 0.0922 0.087572 0.12995 0.084813 -0.0019024 -0.037766 0.0078449 0.0091447 -0.013174 -0.015248
-0.011534 0.15025 0.073113 0.083729 0.1222 0.081013 -0.0050046 0.02973 -0.019087 -0.0038422 -0.0077509 -0.0038006
-0.0082665 0.14497 0.077212 0.081721 0.11395 0.079533 0.0032677 -0.0052792 0.0040997 -0.0020079 -0.0082527 -0.0014802
-0.0074519 0.17588 0.063335 0.053113 0.11797 0.079556 0.00081461 0.030912 -0.013877 -0.028608 0.0040166 2.3027e-05
-0.0072693 0.13213 0.064192 0.071691 0.11785 0.076599 0.00018255 -0.043753 0.00085705 0.018577 -0.000121 -0.0029569
-0.0091207 0.15388 0.050026 0.065516 0.12124 0.073919 -0.0018514 0.021753 -0.014166 -0.0061747 0.0033912 -0.0026799
-0.0095079 0.15186 0.045469 0.073436 0.10737 0.07136 -0.00038722 -0.0020243 -0.0045578 0.0079197 -0.013872 -0.0025589
-0.010078 0.13492 0.061453 0.076848 0.11897 0.073871 -0.00057052 -0.016939 0.015984 0.0034121 0.011604 0.0025109
-0.01113 0.15918 0.075556 0.058455 0.11723 0.073908 -0.0010513 0.02426 0.014103 -0.018393 -0.0017404 3.7659e-05
-0.011904 0.15698 0.090257 0.062298 0.12303 0.072045 -0.00077422 -0.0021986 0.014701 0.0038432 0.0058035 -0.001863
-0.014294 0.16177 0.091359 0.10565 0.125 0.085565 -0.0023899 0.0047858 0.0011015 0.043356 0.001971 0.013519
-0.0085395 0.15039 0.10531 0.15021 0.12193 0.085167 0.0057544 -0.011372 0.013946 0.044554 -0.003074 -0.00039775
-0.0058796 0.078962 0.16485 0.26578 0.13962 0.095104 0.00266 -0.071432 0.059543 0.11558 0.017692 0.0099369
-0.0090931 0.17534 0.17554 0.28759 0.13819 0.077469 -0.0032135 0.09638 0.010691 0.021803 -0.0014335 -0.017635
-0.014759 0.15405 0.17944 0.32542 0.12701 0.053997 -0.005666 -0.021293 0.003898 0.037837 -0.01118 -0.023472
-0.027847 0.30078 0.028523 0.4086 0.10193 0.030698 -0.013087 0.14673 -0.15091 0.083178 -0.025079 -0.023299
-0.023219 0.23174 -0.068821 0.41319 0.074174 0.010277 0.004628 -0.069041 -0.097344 0.0045902 -0.027755 -0.020421
-0.016471 0.29748 -0.1851 0.49928 0.086696 0.014694 0.006748 0.065741 -0.11628 0.086093 0.012522 0.0044164
-0.01286 0.20441 -0.15581 0.46074 0.10133 0.021188 0.0036109 -0.093076 0.02929 -0.038545 0.014633 0.0064942
-0.012073 0.27965 -0.14678 0.46059 0.12699 0.024908 0.00078629 0.07524 0.0090293 -0.00014523 0.025658 0.0037201
-0.023749 0.28505 -0.16299 0.49598 0.14951 0.020691 -0.011676 0.005403 -0.016208 0.035381 0.022525 -0.0042174
-0.022655 0.28711 -0.17465 0.47586 0.14149 0.0082533 0.0010944 0.0020552 -0.01166 -0.020113 -0.0080215 -0.012437
-0.026524 0.24618 -0.21306 0.4847 0.16305 0.00049684 -0.0038691 -0.040922 -0.03841 0.0088413 0.021564 -0.0077565
-0.022495 0.17485 -0.17547 0.45086 0.14363 0.0061922 0.0040291 -0.071338 0.037591 -0.033848 -0.019426 0.0056953
-0.026027 0.21735 -0.17544 0.41896 0.15653 0.011517 -0.0035325 0.042499 2.7897e-05 -0.031893 0.012903 0.0053253
-0.025991 0.26971 -0.18182 0.39786 0.14913 0.01823 3.6758e-05 0.052368 -0.0063866 -0.0211 -0.0073963 0.0067124
-0.024561 0.25212 -0.17503 0.36252 0.16156 0.015263 0.0014294 -0.017595 0.0067986 -0.035339 0.012427 -0.002967
-0.022883 0.22191 -0.17971 0.3351 0.16452 0.0075226 0.0016784 -0.030205 -0.0046886 -0.027423 0.0029619 -0.0077403
-0.024313 0.16064 -0.14366 0.3241 0.17453 0.0087694 -0.0014303 -0.061277 0.036052 -0.010997 0.010002 0.0012467
-0.029658 0.21191 -0.13521 0.30563 0.17719 0.010731 -0.0053447 0.051274 0.008453 -0.018471 0.0026603 0.0019621
-0.037888 0.21396 -0.1284 0.28861 0.18671 0.013241 -0.0082305 0.0020467 0.0068059 -0.017017 0.0095252 0.0025093
-0.041494 0.21325 -0.14047 0.26637 0.18628 0.0077295 -0.0036061 -0.00070457 -0.012068 -0.022244 -0.00042818 -0.0055112
-0.039548 0.15032 -0.14496 0.25913 0.18438 0.0060783 0.0019464 -0.062937 -0.0044844 -0.0072415 -0.0019069 -0.0016512
-0.042249 0.17977 -0.15615 0.24574 0.17037 -0.009452 -0.0027014 0.029452 -0.01119 -0.013389 -0.014004 -0.01553
-0.036714 0.22385 -0.1667 0.25245 0.1769 0.0036254 0.0055354 0.044083 -0.010556 0.0067149 0.0065251 0.013077
-0.039076 0.22168 -0.17744 0.24505 0.1663 -0.014455 -0.0023619 -0.002172 -0.010734 -0.0074005 -0.010598 -0.01808
-0.03548 0.20349 -0.18736 0.26081 0.17256 0.0067206 0.0035961 -0.018188 -0.0099193 0.015758 0.0062581 0.021175
-0.036905 0.12503 -0.1635 0.25874 0.16771 0.0035255 -0.0014254 -0.07846 0.023856 -0.0020756 -0.0048451 -0.0031951
-0.044018 0.19456 -0.17496 0.27212 0.14893 0.012796 -0.007113 0.069532 -0.011459 0.013383 -0.018778 0.0092706
-0.041372 0.22198 -0.19207 0.26673 0.15452 0.0099105 0.0026458 0.027422 -0.01711 -0.0053873 0.0055845 -0.0028856
-0.04151 0.21555 -0.20048 0.23874 0.13719 0.0055505 -0.00013768 -0.0064382 -0.0084162 -0.027994 -0.017329 -0.00436
-0.029581 0.17979 -0.20001 0.22457 0.13743 0.0046234 0.011929 -0.035753 0.00047415 -0.014166 0.00024377 -0.00092708
-0.03089 0.091078 -0.13757 0.17679 0.13977 0.0042231 -0.0013085 -0.088714 0.062443 -0.047781 0.0023399 -0.00040025
-0.029122 0.18983 -0.13783 0.20302 0.11736 0.00034266 0.0017674 0.098752 -0.00025924 0.026229 -0.022414 -0.0038805
-0.034237 0.18223 -0.12821 0.17806 0.14053 -0.01021 -0.0051149 -0.0075979 0.0096188 -0.024961 0.023165 -0.010553
-0.035742 0.20344 -0.13964 0.17163 0.14681 -0.0020003 -0.0015046 0.021212 -0.011436 -0.006428 0.0062842 0.0082096
-0.035262 0.14872 -0.14012 0.13486 0.16933 -0.0065372 0.00048015 -0.054728 -0.00047658 -0.036771 0.022518 -0.0045369
-0.03998 0.09167 -0.11 0.11162 0.18366 0.0045663 -0.0047184 -0.057047 0.030116 -0.023236 0.014328 0.011103
-0.034311 0.16709 -0.12676 0.12268 0.17336 0.0027008 0.0056696 0.075422 -0.016755 0.011058 -0.010294 -0.0018654
-0.036273 0.18212 -0.1281 0.12051 0.17998 -0.0032761 -0.0019627 0.015031 -0.0013461 -0.0021677 0.0066187 -0.0059769
-0.03155 0.18388 -0.13409 0.13116 0.18159 0.0052309 0.0047238 0.0017602 -0.0059834 0.010651 0.0016129 0.008507
-0.029728 0.13993 -0.12475 0.12853 0.17679 0.0046871 0.0018217 -0.043954 0.0093399 -0.0026328 -0.0048029 -0.00054381
-0.034513 0.092813 -0.099175 0.14512 0.17328 0.0076555 -0.0047853 -0.047117 0.025572 0.016591 -0.0035142 0.0029685
-0.030278 0.14151 -0.094224 0.15555 0.15616 0.010439 0.0042355 0.048693 0.0049513 0.010431 -0.017122 0.0027835
-0.034004 0.20973 -0.1054 0.13636 0.15803 0.0038339 -0.0037264 0.06822 -0.011171 -0.019196 0.0018765 -0.0066051
-0.025613 0.1738 -0.095129 0.12541 0.16194 0.01547 0.0083912 -0.035926 0.010266 -0.010951 0.0039116 0.011636
-0.02061 0.16209 -0.10084 0.093281 0.17405 0.021932 0.0050025 -0.011711 -0.0057073 -0.032125 0.012106 0.006462
-0.018701 0.067591 -0.081855 0.11827 0.17986 0.031726 0.0019095 -0.094498 0.018981 0.024991 0.0058108 0.009794
-0.020472 0.12589 -0.095048 0.12481 0.17907 0.030891 -0.001771 0.058295 -0.013193 0.0065426 -0.00078649 -0.00083513
-0.023219 0.16039 -0.10697 0.12385 0.17995 0.038663 -0.0027475 0.034505 -0.011921 -0.00096631 0.00087121 0.0077725
-0.025783 0.14291 -0.11969 0.15374 0.1655 0.02361 -0.0025634 -0.017484 -0.012719 0.02989 -0.014448 -0.015053
-0.024072 0.11955 -0.13357 0.16278 0.16822 0.027436 0.0017108 -0.023355 -0.013887 0.0090383 0.0027184 0.0038264
-0.030287 0.060029 -0.13509 0.2245 0.14632 -0.0049093 -0.0062155 -0.059524 -0.0015167 0.061721 -0.021894 -0.032346
-0.02753 0.12293 -0.13657 0.20577 0.14675 9.6918e-05 0.0027572 0.062901 -0.0014832 -0.018725 0.00042849 0.0050062
-0.02803 0.17138 -0.13392 0.18922 0.1413 -0.0031463 -0.0004993 0.048451 0.0026527 -0.016557 -0.0054464 -0.0032432
-0.01979 0.1508 -0.13893 0.1784 0.1448 0.01351 0.0082392 -0.020577 -0.0050073 -0.010817 0.0035004 0.016656
-0.017751 0.14811 -0.15387 0.18075 0.14198 0.019002 0.0020396 -0.0026985 -0.014946 0.0023475 -0.0028211 0.0054919
-0.017478 0.086535 -0.16258 0.21836 0.13869 0.016109 0.0002728 -0.061571 -0.0087036 0.037615 -0.0032896 -0.0028933
-0.019494 0.17893 -0.16456 0.18806 0.1397 0.018835 -0.0020163 0.092393 -0.0019806 -0.0303 0.0010109 0.0027266
-0.01839 0.17013 -0.15396 0.18904 0.13756 0.01413 0.0011043 -0.0087937 0.010599 0.00097561 -0.0021422 -0.0047049
-0.018125 0.16922 -0.17171 0.19509 0.13103 0.012128 0.00026439 -0.00091657 -0.017751 0.0060494 -0.0065351 -0.002002
-0.012039 0.12436 -0.15708 0.21194 0.12158 0.0042317 0.0060861 -0.044853 0.014631 0.016856 -0.0094518 -0.0078966
-0.019207 0.10948 -0.18567 0.26893 0.11305 -0.0046803 -0.0071678 -0.014886 -0.028587 0.056983 -0.0085276 -0.0089119
-0.015517 0.20743 -0.16183 0.23652 0.14656 0.011015 0.0036901 0.09795 0.023833 -0.03241 0.033511 0.015695
-0.023041 0.16898 -0.15684 0.21377 0.13305 0.0078676 -0.0075238 -0.038452 0.004992 -0.02274 -0.013505 -0.003147
-0.0095542 0.18977 -0.12008 0.091956 0.13225 0.02203 0.013487 0.020798 0.036761 -0.12182 -0.00080844 0.014162
-0.029526 0.083371 -0.12718 0.21381 0.20049 0.03652 -0.019972 -0.1064 -0.007095 0.12186 0.068248 0.01449
-0.040616 0.14564 -0.16544 0.28798 0.21193 0.017481 -0.011089 0.062266 -0.038268 0.074165 0.011437 -0.019039
-0.068816 0.20548 -0.24327 0.53028 0.27791 0.014046 -0.0282 0.059841 -0.077823 0.2423 0.065982 -0.0034343
-0.05667 0.25973 -0.28444 0.48027 0.17158 -0.030032 0.012146 0.054258 -0.041177 -0.050007 -0.10633 -0.044079
-0.024753 0.22182 -0.23392 0.30393 0.07359 -0.041345 0.031917 -0.037912 0.050526 -0.17634 -0.09799 -0.011313
0.0030406 0.18263 -0.19668 0.20196 0.070804 -0.0044726 0.027793 -0.039197 0.037239 -0.10198 -0.0027854 0.036872
0.012505 0.13113 -0.11741 0.086846 0.083447 -0.0040208 0.0094648 -0.051499 0.079266 -0.11511 0.012643 0.0004518
-0.0001354 0.18575 -0.14038 0.14426 0.1471 0.030139 -0.012641 0.05462 -0.022968 0.057413 0.06365 0.034159
-0.013586 0.14735 -0.12893 0.12573 0.14394 0.0021782 -0.01345 -0.038395 0.011451 -0.018532 -0.003157 -0.02796
-0.020771 0.17699 -0.15077 0.083812 0.11431 0.0052254 -0.0071849 0.029638 -0.021837 -0.041915 -0.029628 0.0030471
-0.022132 0.15509 -0.13675 0.066319 0.12908 -0.001397 -0.0013614 -0.021898 0.014016 -0.017493 0.014771 -0.0066224
-0.027598 0.16828 -0.16049 0.095588 0.11296 -0.011885 -0.0054661 0.013188 -0.023743 0.029269 -0.016123 -0.010487
-0.023337 0.16565 -0.14525 0.043046 0.12456 -0.027942 0.0042608 -0.0026309 0.015247 -0.052542 0.011604 -0.016058
-0.024903 0.14679 -0.16803 0.092734 0.10569 -0.026856 -0.001566 -0.018864 -0.022786 0.049688 -0.018874 0.0010859
-0.018622 0.18878 -0.15523 0.0073263 0.12474 -0.028286 0.0062814 0.041995 0.0128 -0.085408 0.019049 -0.0014302
-0.011984 0.16513 -0.16116 0.028281 0.12502 -0.013884 0.006638 -0.023646 -0.005932 0.020955 0.0002821 0.014402
-0.010213 0.18136 -0.17053 0.027391 0.12271 -0.024559 0.0017708 0.016231 -0.0093632 -0.00088934 -0.0023105 -0.010675
-0.0093773 0.1219 -0.17205 0.036253 0.12415 -0.035982 0.00083583 -0.059466 -0.0015228 0.0088611 0.0014409 -0.011423
-0.018125 0.18992 -0.17631 0.025564 0.11 -0.043222 -0.0087473 0.068025 -0.0042623 -0.010688 -0.014155 -0.0072395
-0.021171 0.17791 -0.16406 0.013206 0.12094 -0.041689 -0.0030467 -0.012013 0.012248 -0.012358 0.010939 0.0015329
-0.020689 0.18986 -0.15536 -0.022031 0.10654 -0.040756 0.00048256 0.011952 0.0087059 -0.035237 -0.014399 0.00093269
-0.018803 0.15338 -0.15215 0.0078056 0.11007 -0.032019 0.0018856 -0.036485 0.0032112 0.029837 0.0035306 0.0087368
-0.024436 0.1645 -0.18251 -0.015773 0.13901 -0.031252 -0.0056331 0.011127 -0.030367 -0.023579 0.028947 0.00076715
-0.021661 0.18103 -0.16534 -0.017865 0.089816 -0.055653 0.0027749 0.016522 0.017177 -0.0020916 -0.049198 -0.024401
-0.00028712 0.17047 -0.15484 -0.024539 0.0029965 -0.082142 0.021374 -0.010561 0.010497 -0.0066738 -0.086819 -0.026489
0.032646 0.10858 -0.11722 -0.054121 -0.090878 -0.12183 0.032933 -0.061883 0.037617 -0.029582 -0.093874 -0.039689
0.046494 0.15904 -0.10754 -0.091917 -0.12026 -0.11065 0.013847 0.050459 0.0096873 -0.037796 -0.029386 0.01118
0.0051924 0.15904 -0.12665 -0.18149 0.080171 -0.048338 -0.041301 -2.7647e-06 -0.019111 -0.089572 0.20043 0.062313
-0.050231 0.15138 -0.10123 -0.23327 0.1938 0.0042158 -0.055423 -0.0076534 0.025412 -0.051786 0.11363 0.052554
-0.089591 0.088022 -0.061154 -0.24619 0.33031 0.049239 -0.03936 -0.063363 0.040081 -0.012918 0.13651 0.045023
-0.086053 0.043908 -0.028829 -0.23428 0.29924 0.039216 0.0035374 -0.044114 0.032325 0.011916 -0.031067 -0.010023
-0.058367 0.14958 -0.030994 -0.26527 0.26363 0.016573 0.027687 0.10567 -0.0021645 -0.030991 -0.035608 -0.022643
-0.042638 0.13135 -0.052116 -0.28738 0.24301 0.0080088 0.015729 -0.018235 -0.021123 -0.022111 -0.020618 -0.0085638
-0.031361 0.1377 -0.052702 -0.34573 0.24517 -0.0037157 0.011277 0.0063561 -0.00058598 -0.058348 0.0021547 -0.011724
-0.025363 0.036572 -0.014962 -0.34307 0.25444 0.013823 0.0059985 -0.10113 0.03774 0.0026612 0.0092687 0.017539
-0.01965 0.056014 0.0038124 -0.37477 0.26946 0.018952 0.0057127 0.019442 0.018774 -0.031709 0.015018 0.005129
-0.022025 0.1163 -0.0049568 -0.3782 0.28514 0.026999 -0.0023747 0.060289 -0.0087691 -0.0034263 0.015687 0.0080468
-0.022389 0.10036 -0.014413 -0.36516 0.27394 0.02386 -0.00036415 -0.015942 -0.009456 0.013042 -0.0112 -0.0031385
-0.031927 0.11458 -0.043209 -0.31401 0.27473 0.0095111 -0.0095378 0.014215 -0.028797 0.051151 0.00078998 -0.014349
-0.027219 0.068774 -0.033897 -0.27403 0.24886 0.0091345 0.0047079 -0.045803 0.0093126 0.039982 -0.025876 -0.00037665
-0.032554 0.14132 -0.047151 -0.27103 0.25281 0.0011265 -0.0053353 0.072542 -0.013255 0.0029924 0.0039544 -0.008008
-0.035021 0.11239 -0.044469 -0.27258 0.25663 0.0050339 -0.0024671 -0.028927 0.0026821 -0.0015458 0.003824 0.0039074
-0.036359 0.11888 -0.055864 -0.28413 0.2483 -0.014485 -0.001338 0.0064932 -0.011395 -0.011546 -0.0083373 -0.019519
-0.0172 0.074879 -0.076237 -0.15684 0.11767 -0.053924 0.01916 -0.044003 -0.020373 0.12728 -0.13063 -0.039439
0.0041003 0.1426 -0.10537 -0.13166 0.026453 -0.09869 0.0213 0.067722 -0.029131 0.025177 -0.091215 -0.044766
0.050289 0.20444 -0.13513 -0.046785 -0.13075 -0.14059 0.046189 0.061839 -0.029764 0.084879 -0.1572 -0.041896
0.056725 0.16976 -0.14078 -0.088645 -0.09167 -0.13658 0.0064362 -0.034682 -0.0056488 -0.041861 0.03908 0.0040022
0.070987 0.13542 -0.14058 -0.11218 -0.088821 -0.12251 0.014261 -0.034335 0.00019986 -0.023536 0.0028494 0.014076
0.053234 0.055358 -0.12639 -0.092823 -0.045228 -0.10385 -0.017753 -0.080065 0.014188 0.019358 0.043593 0.018661
0.043967 0.10085 -0.12143 -0.12989 -0.037155 -0.098058 -0.0092664 0.045493 0.0049657 -0.037069 0.0080731 0.0057893
0.034626 0.17705 -0.13709 -0.12972 -0.046262 -0.11647 -0.0093415 0.076199 -0.015662 0.00017725 -0.0091068 -0.018416
0.032333 0.18379 -0.14475 -0.17245 -0.029742 -0.12306 -0.0022928 0.0067353 -0.0076636 -0.042737 0.01652 -0.0065866
0.04046 0.17836 -0.15766 -0.13277 -0.017516 -0.11351 0.0081275 -0.0054281 -0.012903 0.039682 0.012226 0.0095463
0.028434 0.10029 -0.12257 -0.075823 0.00075704 -0.10071 -0.012027 -0.078065 0.035084 0.056947 0.018273 0.012802
0.02474 0.093261 -0.069689 0.021652 0.027857 -0.071784 -0.0036943 -0.0070315 0.052883 0.097475 0.0271 0.028927
-0.0097178 0.12158 -0.020192 0.012026 0.052097 -0.073061 -0.034457 0.028321 0.049497 -0.0096261 0.02424 -0.0012772
-0.0027869 0.16089 -0.011923 -0.013986 0.059781 -0.073771 0.0069309 0.039311 0.0082692 -0.026011 0.0076837 -0.00070999
-0.011479 0.1203 -0.01772 -0.036218 0.054655 -0.074627 -0.0086923 -0.040592 -0.0057967 -0.022232 -0.0051263 -0.00085531
0.0018557 0.10979 -0.011646 -0.046531 0.050435 -0.071635 0.013335 -0.010511 0.0060738 -0.010313 -0.0042199 0.0029921
-0.0034774 0.039725 0.0049754 0.085227 0.013588 -0.069669 -0.0053331 -0.070066 0.016621 0.13176 -0.036847 0.0019656
-0.0061993 0.094449 0.065465 0.080017 0.033109 -0.052963 -0.0027219 0.054725 0.06049 -0.0052104 0.019521 0.016706
-0.0087889 0.14089 0.035003 0.17594 0.012135 -0.05466 -0.0025896 0.04644 -0.030462 0.095923 -0.020973 -0.0016969
-0.020299 0.15846 0.045638 0.085622 0.023418 -0.059232 -0.01151 0.01757 0.010635 -0.090317 0.011282 -0.0045726
-0.014747 0.16851 0.013375 0.1156 -0.026838 -0.088443 0.0055524 0.010052 -0.032263 0.029975 -0.050256 -0.029211
-0.023838 0.11323 0.023549 0.052378 -0.10078 -0.1294 -0.0090914 -0.055284 0.010175 -0.06322 -0.073939 -0.040961
-0.00048993 0.085926 0.058304 0.057242 -0.13865 -0.12804 0.023348 -0.027301 0.034755 0.0048643 -0.037877 0.0013672
0.00013638 0.11987 0.056243 0.050794 -0.1509 -0.12289 0.00062632 0.033942 -0.0020611 -0.0064477 -0.01225 0.0051462
0.0017677 0.12528 0.04486 0.044416 -0.099897 -0.093527 0.0016313 0.0054135 -0.011384 -0.0063779 0.051008 0.029365
-0.010252 0.19442 -0.0064761 0.16139 -0.071534 -0.10021 -0.01202 0.069143 -0.051336 0.11697 0.028363 -0.0066824
-0.0098365 0.18405 -0.062094 0.16761 -0.084475 -0.10259 0.00041588 -0.010377 -0.055618 0.0062277 -0.012941 -0.0023822
-0.0016582 0.15041 -0.088835 0.25018 -0.099157 -0.10843 0.0081783 -0.03364 -0.026741 0.082564 -0.014682 -0.0058364
0.024459 0.13485 -0.087671 0.18406 -0.15673 -0.10597 0.026117 -0.015553 0.0011635 -0.06612 -0.057573 0.0024554
0.026791 0.11671 -0.076534 0.16694 -0.14432 -0.10161 0.002332 -0.018147 0.011137 -0.017123 0.01241 0.0043584
0.031749 0.19015 -0.085084 0.14966 -0.15297 -0.10483 0.0049578 0.073445 -0.0085499 -0.01728 -0.0086523 -0.0032211
0.019834 0.16601 -0.079683 0.13096 -0.11023 -0.10259 -0.011914 -0.02414 0.0054009 -0.018695 0.042739 0.0022438
0.017344 0.16924 -0.081088 0.12196 -0.10645 -0.096521 -0.0024901 0.0032303 -0.0014055 -0.0089972 0.0037845 0.0060702
0.01625 0.09601 -0.024711 0.09305 -0.079064 -0.08722 -0.0010946 -0.073233 0.056377 -0.028914 0.027384 0.0093009
0.015713 0.15798 -0.0406 0.11491 -0.10248 -0.090312 -0.00053622 0.061967 -0.015888 0.021858 -0.023412 -0.0030921
0.012096 0.17263 -0.034381 0.13433 -0.082312 -0.088175 -0.003617 0.014651 0.006219 0.019422 0.020163 0.0021374
0.002422 0.17769 -0.061334 0.19329 -0.088854 -0.097416 -0.0096744 0.0050583 -0.026954 0.058956 -0.006542 -0.0092412
-0.0031974 0.14718 -0.031881 0.13524 -0.07024 -0.089928 -0.0056194 -0.030511 0.029454 -0.058048 0.018615 0.0074882
0.00088496 0.10032 0.0045578 0.086664 -0.065229 -0.07417 0.0040823 -0.046856 0.036438 -0.048575 0.0050103 0.015758
0.0060873 0.16457 -0.027778 0.19834 -0.068869 -0.07332 0.0052024 0.064255 -0.032335 0.11167 -0.00364 0.00084957
0.013481 0.19103 -0.052242 0.2556 -0.059234 -0.0596 0.0073941 0.026453 -0.024464 0.057266 0.0096354 0.01372
0.0031927 0.2468 -0.1357 0.54671 -0.04615 -0.077186 -0.010289 0.055768 -0.083456 0.29111 0.013084 -0.017586
-0.0012136 0.17019 -0.073583 0.40227 -0.018284 -0.06214 -0.0044063 -0.076604 0.062115 -0.14444 0.027866 0.015046
-0.0065968 0.17146 -0.066446 0.38301 -0.0080414 -0.062688 -0.0053832 0.0012695 0.007137 -0.019261 0.010242 -0.00054807
0.00028934 0.086796 0.012359 0.23695 -0.0047121 -0.050518 0.0068861 -0.084665 0.078805 -0.14606 0.0033293 0.01217
-0.00027641 0.19056 -0.020405 0.2464 -0.018035 -0.052539 -0.00056575 0.10376 -0.032764 0.0094542 -0.013323 -0.0020206
-0.00059188 0.18352 -0.028883 0.30232 -0.021868 -0.060944 -0.00031547 -0.0070398 -0.0084786 0.055921 -0.0038334 -0.0084051
-0.0072313 0.2046 -0.038102 0.28107 -0.014231 -0.057567 -0.0066394 0.021077 -0.0092182 -0.021257 0.0076365 0.0033768
-0.0095049 0.13673 -0.024346 0.27951 -0.010539 -0.062732 -0.0022737 -0.067867 0.013755 -0.0015607 0.0036923 -0.005165
-0.009607 0.13585 -0.013704 0.27005 -0.0015667 -0.05758 -0.00010209 -0.00087963 0.010642 -0.0094608 0.0089725 0.0051514
-0.0070571 0.18044 -0.0216 0.27571 -0.010133 -0.058173 0.0025499 0.044588 -0.0078957 0.0056685 -0.0085665 -0.00059246
-0.00692 0.19544 -0.025765 0.29782 -0.011848 -0.055935 0.00013712 0.015002 -0.0041649 0.022106 -0.0017147 0.0022377
-0.0008233 0.19631 -0.029706 0.26183 -0.023451 -0.046343 0.0060967 0.00087218 -0.0039408 -0.035994 -0.011603 0.009592
0.0012947 0.091875 -0.0084037 0.2646 -0.032504 -0.042743 0.002118 -0.10444 0.021302 0.0027704 -0.0090532 0.0036005
0.0083786 0.17049 -0.027977 0.194 -0.04755 -0.038347 0.0070839 0.078616 -0.019573 -0.0706 -0.015045 0.0043954
0.012215 0.13653 -0.036112 0.15677 -0.035164 -0.025119 0.0038361 -0.033962 -0.008135 -0.037227 0.012386 0.013228
0.012429 0.17998 -0.041093 0.12821 -0.038661 -0.03013 0.00021394 0.04345 -0.0049819 -0.028557 -0.0034968 -0.0050112
0.010401 0.12359 -0.045357 0.12995 -0.018512 -0.017595 -0.0020277 -0.056389 -0.0042638 0.001738 0.020149 0.012535
0.0054524 0.084485 -0.020263 0.18564 -0.032362 -0.033667 -0.0049486 -0.039106 0.025094 0.055686 -0.013851 -0.016071
0.00076833 0.17356 -0.036808 0.18551 -0.031247 -0.032082 -0.0046841 0.089076 -0.016545 -0.00012629 0.0011157 0.0015851
-0.0033753 0.15182 -0.026992 0.18239 -0.041863 -0.044682 -0.0041437 -0.02174 0.0098157 -0.0031243 -0.010616 -0.0126
0.0014604 0.17521 -0.015461 0.12471 -0.035929 -0.042927 0.0048357 0.023393 0.011531 -0.057672 0.0059336 0.001755
0.00092968 0.098089 0.0048541 0.085768 -0.045237 -0.048164 -0.00053073 -0.077126 0.020315 -0.038945 -0.0093084 -0.0052371
0.010504 0.1265 0.0038311 0.067814 -0.032372 -0.035288 0.0095746 0.028413 -0.001023 -0.017954 0.012865 0.012875
0.0070104 0.16675 -0.036896 0.12306 -0.051275 -0.042992 -0.0034939 0.040246 -0.040727 0.055247 -0.018903 -0.0077035
0.0061978 0.14902 -0.057059 0.14408 -0.043867 -0.046387 -0.00081253 -0.017731 -0.020163 0.02102 0.0074082 -0.0033955
0.003481 0.14058 -0.078659 0.17755 -0.054406 -0.057688 -0.0027168 -0.0084355 -0.0216 0.033471 -0.010539 -0.0113
0.003452 0.070391 -0.049468 0.1559 -0.046383 -0.060052 -2.8978e-05 -0.07019 0.029192 -0.021654 0.0080231 -0.002364
-0.00072563 0.17383 -0.046212 0.080863 -0.045582 -0.056943 -0.0041776 0.10344 0.0032556 -0.075035 0.00080114 0.0031091
0.0077452 0.14453 -0.049602 0.12247 -0.040484 -0.053976 0.0084708 -0.029295 -0.0033904 0.04161 0.0050975 0.002967
-0.0004454 0.16472 -0.053365 0.045808 -0.049892 -0.057369 -0.0081906 0.020187 -0.0037625 -0.076665 -0.0094079 -0.0033937
0.017208 0.097841 -0.074738 0.12954 -0.028944 -0.048204 0.017654 -0.06688 -0.021373 0.08373 0.020948 0.0091649
0.011156 0.11589 -0.055644 0.091591 -0.031104 -0.044565 -0.0060525 0.018052 0.019094 -0.037947 -0.0021591 0.0036393
0.017297 0.12398 -0.028864 0.14646 -0.0004821 -0.041034 0.0061416 0.0080823 0.026779 0.054867 0.030621 0.0035307
0.0052956 0.1386 0.010417 0.16176 -0.0088755 -0.049638 -0.012002 0.014629 0.039281 0.015304 -0.0083934 -0.0086035
0.0049459 0.14826 -0.00017971 0.20671 -0.0098407 -0.055101 -0.00034973 0.0096554 -0.010597 0.044944 -0.00096511 -0.0054627
-0.0031124 0.15485 0.0189 0.234 -0.021288 -0.070799 -0.0080583 0.00659 0.01908 0.02729 -0.011448 -0.015698
0.0032799 0.14275 0.039012 0.2346 -0.0037794 -0.07919 0.0063923 -0.012101 0.020112 0.00060603 0.017509 -0.0083914
-0.00010159 0.13328 0.138 0.22535 0.011006 -0.09491 -0.0033815 -0.0094731 0.098992 -0.0092485 0.014785 -0.01572
0.0071513 0.087144 0.19469 0.2751 0.04375 -0.093197 0.0072529 -0.046131 0.056688 0.049751 0.032744 0.001713
0.0022862 0.21238 0.16693 0.22049 0.030082 -0.091426 -0.004865 0.12523 -0.027764 -0.05462 -0.013668 0.0017708
0.0045419 0.19958 0.11927 0.31476 0.025727 -0.085355 0.0022556 -0.012795 -0.047661 0.094279 -0.0043549 0.0060712
-0.010947 0.2609 0.056964 0.1414 0.026351 -0.094017 -0.015489 0.061318 -0.062303 -0.17337 0.000624 -0.0086617
-0.0067347 0.19321 0.062402 0.17827 0.030334 -0.092614 0.0042126 -0.067686 0.0054374 0.036874 0.0039825 0.0014031
-0.012128 0.17588 0.07489 0.074547 0.048243 -0.095501 -0.005393 -0.017334 0.012489 -0.10372 0.017909 -0.0028875
-0.0033399 0.16108 0.083588 0.10523 0.03699 -0.090161 0.0087878 -0.0148 0.0086981 0.030684 -0.011253 0.0053401
4.3235e-05 0.14017 0.07841 0.10596 0.02607 -0.097142 0.0033832 -0.020907 -0.0051785 0.00073379 -0.01092 -0.0069811
0.0010106 0.11886 0.092636 0.06196 0.047225 -0.090945 0.00096735 -0.02131 0.014226 -0.044004 0.021155 0.0061972
0.0035523 0.099505 0.10774 0.044471 0.058448 -0.073505 0.0025417 -0.019357 0.015107 -0.017489 0.011223 0.01744
0.0017977 0.10688 0.14462 0.011093 0.093807 -0.079061 -0.0017546 0.0073719 0.036877 -0.033378 0.035358 -0.0055555
0.0022078 0.14607 0.14677 0.050248 0.069868 -0.063962 0.00041009 0.039192 0.0021528 0.039155 -0.023939 0.015098
-0.0019449 0.1602 0.14107 0.086157 0.042322 -0.11884 -0.0041527 0.014129 -0.0056996 0.035909 -0.027546 -0.054879
0.00043263 0.15479 0.1158 0.12364 0.0049413 -0.10861 0.0023776 -0.0054048 -0.025272 0.037481 -0.037381 0.010233
-0.0006227 0.13405 0.12012 0.13452 0.0031459 -0.12566 -0.0010553 -0.02074 0.0043135 0.010884 -0.0017954 -0.017054
0.0014779 0.10792 0.11829 0.11614 0.038413 -0.10538 0.0021007 -0.026129 -0.001821 -0.018381 0.035267 0.020279
0.00018732 0.19268 0.1037 0.064798 0.087035 -0.093315 -0.0012906 0.084758 -0.014591 -0.051344 0.048622 0.012069
0.0034532 0.13 0.11218 0.036109 0.099178 -0.099848 0.0032658 -0.062681 0.0084799 -0.028689 0.012142 -0.0065333
0.005471 0.1411 0.08685 0.047772 0.085531 -0.088722 0.0020179 0.011098 -0.025334 0.011663 -0.013647 0.011126
0.014108 0.05701 0.13628 0.10835 0.016518 -0.095369 0.0086372 -0.084089 0.049428 0.060576 -0.069013 -0.0066469
0.016266 0.13472 0.10668 0.188 -0.0074146 -0.083544 0.0021576 0.077713 -0.029593 0.079648 -0.023933 0.011825
0.017598 0.17862 0.12006 0.17177 -0.02013 -0.090188 0.0013317 0.043902 0.013377 -0.016227 -0.012715 -0.0066446
0.019298 0.1712 0.098679 0.18183 0.0029405 -0.089644 0.0017007 -0.0074293 -0.021384 0.010063 0.023071 0.00054417
0.015786 0.15569 0.098336 0.16507 0.014363 -0.089569 -0.0035119 -0.015504 -0.00034266 -0.016763 0.011422 7.5345e-05
0.017769 0.1175 0.10507 0.19107 0.012137 -0.092696 0.0019831 -0.038194 0.0067301 0.026 -0.0022257 -0.0031272
0.018187 0.19522 0.087614 0.18598 0.00026917 -0.089039 0.00041711 0.077719 -0.017453 -0.0050939 -0.011868 0.0036569
0.020366 0.14249 0.10496 0.16105 0.0071947 -0.087423 0.0021797 -0.052722 0.017342 -0.024927 0.0069255 0.0016164
0.021739 0.13642 0.11359 0.11246 0.02179 -0.08316 0.0013726 -0.0060713 0.0086387 -0.048591 0.014595 0.004263
0.015957 0.084682 0.13615 0.12925 0.022412 -0.074248 -0.0057819 -0.051741 0.022552 0.016796 0.00062265 0.0089116
0.0091971 0.18383 0.12517 0.078367 0.027868 -0.079277 -0.0067598 0.099147 -0.010974 -0.050887 0.0054553 -0.0050296
0.0092523 0.1939 0.12034 0.1119 0.00039404 -0.078538 5.5182e-05 0.010072 -0.0048317 0.033529 -0.027474 0.00073943
0.010283 0.17963 0.13092 0.085378 0.007411 -0.080077 0.0010304 -0.014274 0.010578 -0.026518 0.0070169 -0.0015389
0.019815 0.11602 0.15537 0.14305 0.012232 -0.07684 0.0095321 -0.063604 0.024451 0.05767 0.0048213 0.0032371
0.016769 0.11585 0.16016 0.17347 0.021402 -0.073191 -0.003046 -0.0001764 0.0047955 0.030426 0.0091702 0.0036485
0.020545 0.19172 0.13378 0.18311 0.022618 -0.080615 0.0037764 0.075869 -0.026389 0.0096329 0.0012159 -0.0074241
0.019241 0.17567 0.12279 0.19211 0.019951 -0.082831 -0.0013038 -0.016048 -0.010985 0.0090052 -0.0026673 -0.0022158
0.021951 0.16576 0.11276 0.1642 0.023984 -0.086018 0.0027098 -0.0099107 -0.010032 -0.027909 0.0040329 -0.0031866
0.024008 0.10944 0.12912 0.16885 0.028819 -0.080121 0.0020567 -0.056318 0.016364 0.0046462 0.0048351 0.0058964
0.021071 0.17793 0.11627 0.13134 0.040358 -0.080388 -0.0029368 0.068487 -0.012857 -0.037512 0.011539 -0.00026668
0.025293 0.14956 0.11523 0.13206 0.022746 -0.07934 0.0042223 -0.028363 -0.001035 0.00072646 -0.017612 0.001048
0.025975 0.15512 0.11072 0.12983 0.033365 -0.077215 0.00068169 0.0055571 -0.0045075 -0.0022339 0.010619 0.0021248
0.020603 0.094396 0.13303 0.16041 0.028268 -0.06849 -0.0053717 -0.060725 0.02231 0.03058 -0.0050975 0.008725
0.02439 0.14832 0.10983 0.12069 0.04398 -0.055873 0.0037866 0.053921 -0.023202 -0.03972 0.015712 0.012617
0.019221 0.14759 0.14235 0.096599 0.067763 -0.056906 -0.0051694 -0.00072418 0.032514 -0.024091 0.023784 -0.0010327
0.02662 0.17861 0.14446 0.082164 0.061115 -0.068079 0.0073998 0.03102 0.0021133 -0.014435 -0.0066486 -0.011173
0.046562 0.10712 0.096348 0.24978 0.063899 -0.062215 0.019942 -0.071495 -0.048111 0.16761 0.0027843 0.0058634
0.031021 0.15893 0.12614 0.33971 0.044028 -0.073059 -0.015541 0.051808 0.029794 0.089929 -0.019871 -0.010844
0.055681 0.19145 0.011559 0.4132 0.041636 -0.041676 0.02466 0.032529 -0.11458 0.073492 -0.0023926 0.031383
0.022183 0.18659 0.13401 0.24638 0.05478 -0.060659 -0.033498 -0.004867 0.12245 -0.16682 0.013145 -0.018982
0.035025 0.17109 0.13466 0.15699 0.055027 -0.048917 0.012842 -0.015494 0.00064185 -0.089389 0.00024688 0.011742
0.021844 0.12182 0.1917 0.085 0.083457 -0.0588 -0.01318 -0.049273 0.057046 -0.071995 0.02843 -0.0098829
0.022432 0.16551 0.1864 0.08914 0.1047 -0.055071 0.00058721 0.043691 -0.0053006 0.0041396 0.021238 0.0037287
0.020422 0.16356 0.18784 0.068047 0.1473 -0.051477 -0.0020101 -0.0019495 0.0014374 -0.021093 0.042608 0.0035937
0.013695 0.13621 0.20442 0.024046 0.17077 -0.050631 -0.0067265 -0.027352 0.016582 -0.044001 0.023471 0.00084664
0.010829 0.074932 0.26729 0.034576 0.17152 -0.038922 -0.0028659 -0.061278 0.06287 0.01053 0.00074959 0.011708
0.010352 0.11786 0.25589 0.051595 0.15474 -0.033186 -0.00047684 0.042926 -0.011403 0.017019 -0.016786 0.0057366
0.009349 0.1744 0.26268 0.06907 0.14871 -0.025704 -0.0010034 0.05654 0.0067892 0.017476 -0.0060239 0.0074815
0.011829 0.19758 0.2462 0.051306 0.15313 -0.025917 0.0024801 0.023177 -0.016482 -0.017764 0.0044188 -0.00021319
0.012548 0.1436 0.24807 0.027291 0.16633 -0.021362 0.00071934 -0.05397 0.0018778 -0.024015 0.013198 0.0045558
0.015819 0.090485 0.27551 0.023792 0.17134 -0.014314 0.0032708 -0.05312 0.027437 -0.0034997 0.0050061 0.0070481
0.014327 0.088479 0.29872 0.025819 0.15812 -0.012889 -0.001492 -0.0020062 0.02321 0.0020276 -0.013219 0.0014246
0.014747 0.17899 0.30611 -0.0028762 0.1418 -0.014658 0.00041929 0.090513 0.0073861 -0.028696 -0.016316 -0.0017694
0.0058237 0.12306 0.32002 0.0053297 0.18531 0.004645 -0.0089228 -0.055929 0.01391 0.0082059 0.043505 0.019303
0.0018706 0.14087 0.29254 -0.0044288 0.17251 0.00053664 -0.0039531 0.01781 -0.027472 -0.0097585 -0.012795 -0.0041084
0.018244 0.056278 0.30633 0.011065 0.064731 -0.051951 0.016373 -0.084595 0.013788 0.015494 -0.10778 -0.052488
0.037252 0.14309 0.26313 0.0080446 -0.0035318 -0.064323 0.019008 0.086813 -0.043198 -0.0030205 -0.068263 -0.012372
0.08143 0.17557 0.26591 -0.048233 -0.15907 -0.13312 0.044178 0.032476 0.0027755 -0.056278 -0.15554 -0.068795
0.083827 0.14567 0.26513 -0.073112 -0.036675 -0.08948 0.0023974 -0.029894 -0.00078474 -0.024879 0.12239 0.043638
0.087792 0.10517 0.28285 -0.11574 -0.035158 -0.11443 0.0039652 -0.040505 0.017729 -0.042626 0.0015177 -0.024948
0.071422 0.034968 0.3552 -0.10484 -0.023054 -0.15497 -0.01637 -0.070201 0.072345 0.010898 0.012104 -0.040543
0.068723 0.10304 0.36445 -0.13709 -0.018769 -0.14071 -0.0026994 0.068071 0.0092541 -0.032246 0.0042854 0.014264
0.065614 0.12859 0.38355 -0.152 -0.031164 -0.15259 -0.0031085 0.025552 0.019095 -0.014912 -0.012396 -0.011885
0.073615 0.099672 0.37568 -0.20306 0.065776 -0.088661 0.0080007 -0.02892 -0.0078724 -0.051067 0.096941 0.063931
0.070526 0.051125 0.41165 -0.30482 0.12065 -0.067991 -0.0030888 -0.048547 0.035979 -0.10175 0.054869 0.020671
0.074419 0.0076441 0.43299 -0.28631 0.14338 -0.065612 0.003893 -0.043481 0.021336 0.018511 0.022736 0.0023781
0.070879 0.078376 0.43787 -0.34847 0.12572 -0.06974 -0.00354 0.070732 0.0048833 -0.062163 -0.017657 -0.0041274
0.07025 0.10367 0.35775 -0.22251 0.078721 -0.10643 -0.00062892 0.025296 -0.080126 0.12596 -0.047004 -0.036687
0.075471 0.10906 0.29219 -0.22646 0.0096627 -0.12317 0.0052214 0.0053826 -0.065553 -0.0039469 -0.069058 -0.016744
0.076729 0.084058 0.24923 -0.22291 -0.017482 -0.1458 0.001258 -0.024997 -0.042963 0.003546 -0.027144 -0.022633
0.072501 0.10084 0.25111 -0.24529 -0.013539 -0.11748 -0.004228 0.016784 0.0018817 -0.02238 0.0039427 0.028319
0.060513 0.12535 0.26055 -0.26629 0.013652 -0.11264 -0.011989 0.024511 0.0094322 -0.021004 0.027191 0.0048467
0.055677 0.11551 0.29599 -0.26751 0.041096 -0.093505 -0.0048359 -0.0098488 0.035441 -0.00122 0.027443 0.019133
0.052152 0.11776 0.24655 -0.21578 0.023067 -0.10429 -0.0035248 0.0022576 -0.049436 0.05173 -0.018029 -0.010783
0.052105 0.10069 0.19569 -0.14048 0.00085731 -0.12856 -4.7166e-05 -0.017077 -0.050864 0.075304 -0.02221 -0.024272
0.051266 0.13511 0.22256 -0.0079659 -0.024908 -0.15989 -0.00083843 0.034429 0.026873 0.13251 -0.025765 -0.031326
0.042908 0.11134 0.2149 0.13298 -0.056571 -0.18763 -0.0083586 -0.023774 -0.0076569 0.14095 -0.031663 -0.027739
0.052335 0.10734 0.40627 0.12448 -0.022358 -0.19004 0.009427 -0.004004 0.19137 -0.008504 0.034213 -0.0024099
0.064291 0.13592 0.41069 0.096147 -0.021226 -0.18114 0.011956 0.028583 0.004418 -0.028334 0.0011326 0.0088955
0.082911 0.14428 0.52455 -0.014219 -0.011089 -0.17207 0.01862 0.0083603 0.11386 -0.11037 0.010137 0.0090723
0.079904 0.15301 0.44898 0.019755 -0.046978 -0.18122 -0.0030075 0.0087318 -0.075571 0.033975 -0.03589 -0.0091553
0.056377 0.14361 0.37424 0.091927 -0.11037 -0.15504 -0.023526 -0.0094009 -0.074741 0.072171 -0.063394 0.026181
0.022755 0.15213 0.13932 0.25174 -0.12229 -0.14094 -0.033622 0.0085166 -0.23492 0.15981 -0.011915 0.014106
0.0083224 0.21194 0.040873 0.26217 -0.11635 -0.10073 -0.014433 0.059816 -0.098442 0.010433 0.0059357 0.040202
0.0092627 0.19755 0.0056997 0.23745 -0.073588 -0.097128 0.0009403 -0.014389 -0.035173 -0.024721 0.042764 0.0036066
0.018309 0.21113 0.062323 0.12675 -0.058096 -0.10327 0.009046 0.013579 0.056624 -0.1107 0.015492 -0.0061396
0.020305 0.12218 0.14683 0.066296 -0.036758 -0.10083 0.0019965 -0.088954 0.08451 -0.060455 0.021338 0.0024389
0.016526 0.12626 0.14587 0.051266 -0.044946 -0.10281 -0.003779 0.0040805 -0.00096644 -0.01503 -0.0081875 -0.0019812
0.014988 0.091386 0.21386 0.037888 -0.028169 -0.095352 -0.0015377 -0.034874 0.067991 -0.013378 0.016777 0.007458
0.013778 0.15373 0.22575 0.039022 -0.034691 -0.094788 -0.0012109 0.062341 0.011888 0.0011345 -0.0065224 0.00056358
0.015637 0.16929 0.24982 0.024719 -0.027067 -0.10301 0.0018597 0.015561 0.024075 -0.014303 0.0076236 -0.0082187
0.016888 0.13524 0.2556 -0.00040412 -0.023226 -0.094573 0.0012512 -0.03405 0.0057811 -0.025123 0.0038415 0.0084337
0.017669 0.11438 0.28104 -0.014482 -0.019396 -0.095388 0.00078019 -0.020853 0.025438 -0.014078 0.0038302 -0.00081501
0.01966 0.087334 0.30032 -0.052929 -0.01421 -0.088424 0.0019908 -0.027051 0.019285 -0.038447 0.0051859 0.0069645
0.01966 0.13209 0.29952 -0.042717 -0.011463 -0.091883 9.2509e-07 0.044759 -0.00080609 0.010212 0.0027468 -0.0034592
0.022927 0.11075 0.28555 -0.046286 -0.0063081 -0.093354 0.0032669 -0.021344 -0.013972 -0.0035692 0.0051549 -0.0014708
0.018675 0.11269 0.28001 -0.042772 -0.0033655 -0.090304 -0.0042521 0.0019433 -0.0055385 0.0035143 0.0029425 0.0030497
0.019106 0.037322 0.31402 -0.035191 -0.022355 -0.088804 0.00043075 -0.07537 0.034009 0.0075807 -0.018989 0.0015001
0.019084 0.062612 0.3445 0.042732 -0.016792 -0.1031 -2.1828e-05 0.02529 0.030488 0.077923 0.0055625 -0.014294
0.024664 0.032643 0.4067 0.039096 -0.010402 -0.096915 0.0055802 -0.029969 0.062193 -0.0036359 0.0063901 0.0061826
0.039815 0.065175 0.43236 0.13351 0.0046824 -0.10854 0.015151 0.032532 0.025658 0.094414 0.015085 -0.011628
0.040108 0.15926 0.42061 -0.024075 0.0034184 -0.070829 0.00029289 0.094084 -0.011745 -0.15759 -0.001264 0.037714
0.047595 0.14588 0.43276 -0.031354 -0.036932 -0.069142 0.0074872 -0.013381 0.012146 -0.007279 -0.04035 0.0016868
0.043839 0.18433 0.40389 -0.11561 -0.054824 -0.056776 -0.0037555 0.038456 -0.028869 -0.084258 -0.017892 0.012366
0.037809 0.10347 0.45568 -0.092569 -0.071777 -0.068223 -0.0060304 -0.080864 0.051794 0.023043 -0.016953 -0.011446
0.041538 0.10127 0.43412 -0.072449 -0.05084 -0.071173 0.0037295 -0.0021982 -0.021564 0.020119 0.020937 -0.0029509
0.036342 0.12604 0.44202 -0.10708 -0.047913 -0.06383 -0.0051967 0.024765 0.0079011 -0.034635 0.0029278 0.0073435
0.045248 0.089155 0.43005 -0.11205 -0.035782 -0.058061 0.0089059 -0.036883 -0.011967 -0.0049667 0.012131 0.0057689
0.044911 0.088262 0.4459 -0.12183 -0.052171 -0.05993 -0.00033685 -0.00089298 0.01585 -0.0097827 -0.016389 -0.0018689
0.04323 0.054054 0.43541 -0.083022 -0.04539 -0.063634 -0.0016812 -0.034208 -0.010491 0.038811 0.0067809 -0.0037044
0.037632 0.12328 0.42782 -0.099982 -0.042816 -0.058777 -0.0055978 0.069228 -0.0075882 -0.01696 0.0025742 0.0048571
0.038315 0.13971 0.39501 -0.080802 -0.04826 -0.054327 0.00068352 0.016425 -0.032814 0.019181 -0.0054445 0.0044504
0.03564 0.12155 0.41411 -0.1162 -0.042816 -0.04793 -0.0026757 -0.018154 0.019103 -0.035396 0.005444 0.0063967
0.044149 0.097509 0.40558 -0.06445 -0.077722 -0.06426 0.008509 -0.024044 -0.0085352 0.051747 -0.034906 -0.016329
0.036815 0.077644 0.41838 -0.074992 -0.062949 -0.075703 -0.0073332 -0.019864 0.012804 -0.010541 0.014773 -0.011444
0.039851 0.14883 0.3902 -0.060527 -0.066798 -0.081639 0.0030354 0.071188 -0.028178 0.014465 -0.0038488 -0.0059355
0.036304 0.097362 0.40386 -0.084886 -0.04956 -0.08829 -0.003547 -0.05147 0.013656 -0.024359 0.017238 -0.0066511
0.036784 0.10216 0.40266 -0.090021 -0.05283 -0.080608 0.0004806 0.0047934 -0.0012011 -0.0051349 -0.0032703 0.0076818
0.040176 0.015559 0.4477 -0.07999 -0.065421 -0.085422 0.0033921 -0.086597 0.045046 0.010031 -0.01259 -0.0048137
0.035755 0.093111 0.4307 -0.081871 -0.064435 -0.07897 -0.0044217 0.077552 -0.017003 -0.0018809 0.00098543 0.0064522
0.042267 0.12296 0.42349 -0.087875 -0.057714 -0.079889 0.0065126 0.029847 -0.0072084 -0.0060043 0.0067211 -0.00091936
0.041819 0.1085 0.41371 -0.087941 -0.036542 -0.088664 -0.00044865 -0.014463 -0.0097867 -6.6456e-05 0.021172 -0.008775
0.04901 0.082773 0.40815 -0.092055 -0.037289 -0.089094 0.0071914 -0.025723 -0.0055572 -0.0041139 -0.00074639 -0.0004306
0.046223 0.013023 0.45612 -0.067224 -0.037132 -0.091086 -0.0027872 -0.06975 0.047969 0.024831 0.00015662 -0.0019913
0.048662 0.081132 0.42721 -0.064004 -0.046149 -0.077275 0.0024392 0.068109 -0.028912 0.00322 -0.0090173 0.01381
0.04312 0.15008 0.42252 -0.046917 -0.055978 -0.073824 -0.0055422 0.06895 -0.0046898 0.017087 -0.0098287 0.0034511
0.045837 0.12332 0.41465 -0.04649 -0.043165 -0.072018 0.002717 -0.026759 -0.0078661 0.00042736 0.012814 0.0018061
0.04255 0.12254 0.41486 -0.0061128 -0.039977 -0.070786 -0.0032873 -0.00078268 0.00021228 0.040377 0.003188 0.0012319
0.044904 0.041997 0.45827 0.02092 -0.035598 -0.073254 0.0023544 -0.080543 0.04341 0.027033 0.0043785 -0.002468
0.045063 0.099158 0.43113 0.087674 -0.025448 -0.070318 0.00015948 0.057161 -0.02714 0.066753 0.01015 0.0029363
0.049035 0.17441 0.41418 0.081755 -0.052694 -0.078727 0.0039715 0.075255 -0.016953 -0.0059183 -0.027245 -0.0084087
0.049122 0.19627 0.3949 0.07867 -0.038015 -0.077792 8.7319e-05 0.021854 -0.019276 -0.0030855 0.014679 0.00093474
0.049729 0.18434 0.39304 0.069678 -0.045539 -0.083219 0.00060631 -0.011923 -0.0018656 -0.0089923 -0.007524 -0.0054275
0.049276 0.12908 0.40438 0.054809 -0.030875 -0.078561 -0.00045272 -0.055263 0.011338 -0.014869 0.014664 0.0046582
0.046845 0.093872 0.4245 0.090015 -0.02689 -0.089986 -0.0024312 -0.035209 0.020123 0.035207 0.003985 -0.011425
0.052395 0.15321 0.39714 0.06746 -0.037516 -0.089339 0.0055502 0.059341 -0.027362 -0.022556 -0.010627 0.00064656
0.044545 0.16703 0.44053 0.030089 -0.022853 -0.086464 -0.0078499 0.013818 0.043394 -0.037371 0.014663 0.0028756
0.035705 0.13614 0.48601 0.011684 -0.00051005 -0.07477 -0.0088404 -0.03089 0.045484 -0.018405 0.022343 0.011694
0.051932 0.14413 0.35453 0.05352 -0.018622 -0.0855 0.016228 0.0079871 -0.13148 0.041836 -0.018112 -0.01073
0.080804 0.13478 0.093589 0.079968 -0.11547 -0.10523 0.028871 -0.0093445 -0.26094 0.026448 -0.096846 -0.019726
0.14174 0.29899 -0.44047 0.17103 -0.26491 -0.1635 0.06094 0.16421 -0.53406 0.09106 -0.14944 -0.058277
0.16845 0.32527 -0.85199 0.027868 -0.40867 -0.18505 0.026707 0.026277 -0.41153 -0.14316 -0.14376 -0.021543
0.16253 0.33552 -1.0376 -0.039281 -0.42712 -0.22195 -0.0059232 0.010244 -0.18559 -0.067148 -0.018446 -0.036908
0.1403 0.24135 -1.0129 -0.15015 -0.40551 -0.20609 -0.022232 -0.094163 0.024709 -0.11087 0.021608 0.015864
0.11308 0.22951 -0.89858 -0.23463 -0.34976 -0.2015 -0.027218 -0.011841 0.1143 -0.08448 0.055745 0.0045891
0.10853 0.19646 -0.66952 -0.14179 -0.28302 -0.18377 -0.0045431 -0.033054 0.22905 0.092847 0.066743 0.017732
0.10956 0.15263 -0.58024 -0.17208 -0.26204 -0.18745 0.0010294 -0.043831 0.089286 -0.030294 0.020976 -0.0036782
0.12036 0.097384 -0.31266 -0.036642 -0.19413 -0.20217 0.0108 -0.055242 0.26758 0.13544 0.067912 -0.014719
0.11479 0.073663 -0.25837 -0.022796 -0.22092 -0.20119 -0.0055703 -0.023721 0.054288 0.013846 -0.026789 0.00097678
0.12588 0.18421 -0.22972 0.02765 -0.20939 -0.20429 0.01109 0.11055 0.028646 0.050446 0.01153 -0.0031051
0.11629 0.19367 -0.25286 0.033581 -0.24951 -0.19417 -0.0095901 0.0094639 -0.023138 0.0059312 -0.040115 0.010128
0.14016 0.1988 -0.3052 0.052553 -0.21214 -0.20399 0.023861 0.005122 -0.052338 0.018972 0.037364 -0.0098251
0.13705 0.1207 -0.23305 0.065121 -0.22036 -0.21258 -0.0031088 -0.078093 0.072145 0.012568 -0.0082194 -0.0085912
0.13761 0.12571 -0.17973 0.073828 -0.20171 -0.21846 0.00056058 0.0050031 0.053326 0.0087066 0.018647 -0.0058756
0.11806 0.18282 -0.12276 0.084595 -0.21925 -0.21641 -0.019549 0.057111 0.056969 0.010767 -0.017537 0.0020446
0.10613 0.18606 -0.10433 0.07843 -0.22369 -0.22381 -0.011924 0.0032404 0.018432 -0.0061643 -0.0044335 -0.0073977
0.10838 0.1794 -0.1065 0.09513 -0.22027 -0.22074 0.0022478 -0.0066561 -0.0021725 0.0167 0.0034145 0.003066
0.11078 0.14315 -0.085357 0.081534 -0.21981 -0.22969 0.0023978 -0.036252 0.021141 -0.013596 0.00045965 -0.0089476
0.11995 0.16766 -0.084699 0.085913 -0.22149 -0.22378 0.0091674 0.024508 0.00065715 0.0043793 -0.0016828 0.0059145
0.11976 0.18424 -0.081972 0.082611 -0.22135 -0.2278 -0.00018501 0.016582 0.0027271 -0.0033019 0.00014121 -0.0040209
0.12058 0.19249 -0.10657 0.096571 -0.22107 -0.22987 0.0008197 0.0082472 -0.024602 0.01396 0.00028109 -0.0020663
