-9.0793e-05 0.00036745 -0.0034173 0.00081066 0.00065373 0.00026258 0 0 0 0 0 0
0.00066318 0.04991 -0.040102 -0.0083272 0.025078 0.0068535 0.00075398 0.049543 -0.036684 -0.0091379 0.024424 0.006591
0.00044725 0.11039 -0.049883 -0.012198 0.043633 0.012878 -0.00021594 0.060481 -0.0097818 -0.0038705 0.018555 0.0060241
-0.0017573 0.11526 -0.046227 -0.026859 0.041645 0.0088084 -0.0022046 0.0048711 0.0036566 -0.014662 -0.0019878 -0.0040693
-0.001703 0.13867 -0.014417 -0.046568 0.044713 0.0066835 5.4292e-05 0.023408 0.03181 -0.019709 0.003068 -0.0021249
0.00020199 0.12712 0.013723 -0.080266 0.03277 -0.013095 0.001905 -0.011548 0.02814 -0.033697 -0.011943 -0.019779
0.0051089 0.14928 0.0053677 -0.10636 0.030514 -0.022676 0.0049069 0.022159 -0.0083549 -0.026092 -0.0022559 -0.0095805
0.004176 0.13662 0.021294 -0.12886 0.024536 -0.024864 -0.00093288 -0.012662 0.015926 -0.022501 -0.0059789 -0.0021879
0.0024108 0.12325 0.050899 -0.13522 0.018721 -0.02362 -0.0017652 -0.013371 0.029606 -0.0063627 -0.0058149 0.0012436
-0.0059764 0.066151 0.18179 -0.1593 -0.0029355 -0.005752 -0.0083872 -0.057098 0.13089 -0.024083 -0.021656 0.017868
-0.010065 0.058925 0.34246 -0.14781 -0.035738 -0.008579 -0.0040889 -0.0072259 0.16067 0.01149 -0.032803 -0.002827
-0.0094531 0.10551 0.45142 -0.14997 -0.086488 -0.01121 0.0006121 0.046588 0.10895 -0.0021587 -0.050749 -0.0026305
-0.0084389 0.17443 0.48535 -0.1177 -0.10189 -0.024249 0.0010143 0.068917 0.033931 0.032274 -0.015397 -0.01304
-0.0034609 0.24536 0.42115 -0.11128 -0.1144 -0.031781 0.0049779 0.070935 -0.064203 0.0064172 -0.012516 -0.0075319
-0.0053729 0.19423 0.40434 -0.11068 -0.10019 -0.040014 -0.0019119 -0.051138 -0.016805 0.00060214 0.014213 -0.0082326
-0.0062801 0.17681 0.41024 -0.10838 -0.097744 -0.03675 -0.0009072 -0.017415 0.0059011 0.0023036 0.0024437 0.003264
-0.0078684 0.1124 0.44879 -0.11118 -0.099275 -0.042515 -0.0015883 -0.064413 0.038551 -0.0027997 -0.0015311 -0.0057649
-0.0033545 0.17687 0.42832 -0.098366 -0.10339 -0.04607 0.0045139 0.064471 -0.020476 0.012809 -0.0041161 -0.003555
-0.0039749 0.16668 0.41681 -0.10416 -0.10677 -0.051017 -0.00062043 -0.010195 -0.011509 -0.0057931 -0.0033835 -0.0049474
0.00087468 0.14941 0.40617 -0.10187 -0.11231 -0.055158 0.0048496 -0.01727 -0.010636 0.0022858 -0.0055365 -0.004141
-0.0069546 0.10369 0.468 -0.1104 -0.11498 -0.053544 -0.0078293 -0.045712 0.06183 -0.0085315 -0.0026725 0.001614
-0.0015222 0.095452 0.49362 -0.10649 -0.12245 -0.051779 0.0054324 -0.0082416 0.025613 0.0039131 -0.0074686 0.0017647
-0.0026538 0.16897 0.48176 -0.096106 -0.12495 -0.053752 -0.0011316 0.073514 -0.011857 0.010386 -0.0024953 -0.0019722
0.0015837 0.19651 0.46647 -0.085083 -0.12572 -0.051475 0.0042376 0.027544 -0.015287 0.011023 -0.00077319 0.0022768
-0.0010181 0.15378 0.46359 -0.081056 -0.12376 -0.051281 -0.0026019 -0.042727 -0.0028774 0.0040266 0.0019601 0.00019337
-0.0028145 0.13132 0.50662 -0.079312 -0.12554 -0.050044 -0.0017963 -0.022461 0.043027 0.0017439 -0.0017773 0.0012372
-0.0035708 0.084868 0.53829 -0.081917 -0.12527 -0.048075 -0.00075634 -0.046455 0.031671 -0.0026044 0.00026969 0.0019688
0.0019504 0.18028 0.50934 -0.065294 -0.13568 -0.052154 0.0055212 0.095414 -0.028956 0.016622 -0.01041 -0.0040787
0.0042644 0.17734 0.50327 -0.053329 -0.13254 -0.051884 0.0023139 -0.0029472 -0.0060654 0.011965 0.0031417 0.0002698
0.0029324 0.16303 0.48585 -0.047458 -0.13666 -0.054258 -0.0013319 -0.014307 -0.017418 0.0058718 -0.0041249 -0.0023737
0.0017375 0.12002 0.5238 -0.047261 -0.13004 -0.053356 -0.0011949 -0.043005 0.037952 0.00019623 0.0066199 0.00090253
-0.0029653 0.086007 0.56148 -0.057151 -0.13495 -0.052432 -0.0047028 -0.034016 0.03768 -0.0098893 -0.0049128 0.00092375
0.0019249 0.15418 0.54962 -0.061037 -0.13087 -0.053741 0.0048901 0.068169 -0.011867 -0.0038868 0.0040816 -0.0013095
0.0036445 0.17703 0.54007 -0.048888 -0.13884 -0.053104 0.0017196 0.022859 -0.0095453 0.012149 -0.0079625 0.00063777
0.003706 0.17384 0.50093 -0.039005 -0.12496 -0.052381 6.1514e-05 -0.0031989 -0.039141 0.0098833 0.013874 0.00072249
0.0021077 0.13588 0.52271 -0.010859 -0.12804 -0.048734 -0.0015983 -0.037957 0.02178 0.028146 -0.0030736 0.0036467
-0.00063482 0.10854 0.53723 -0.0042761 -0.12147 -0.048424 -0.0027425 -0.027343 0.014516 0.0065831 0.0065694 0.0003106
0.00026503 0.15825 0.53848 0.001269 -0.12514 -0.049386 0.00089985 0.049716 0.0012496 0.005545 -0.0036793 -0.0009623
0.0033892 0.20022 0.5279 -0.0014434 -0.13111 -0.054415 0.0031241 0.041966 -0.010575 -0.0027124 -0.0059662 -0.0050293
0.0026862 0.17777 0.50942 -0.010828 -0.13068 -0.054771 -0.00070294 -0.022451 -0.018475 -0.0093845 0.00042919 -0.00035546
0.0014539 0.14518 0.53595 -0.018754 -0.13587 -0.053578 -0.0012324 -0.032586 0.026523 -0.0079256 -0.0051919 0.0011932
-0.0010307 0.094934 0.55539 -0.028278 -0.13588 -0.052099 -0.0024845 -0.050248 0.019443 -0.0095245 -8.4936e-06 0.0014782
-0.001386 0.14783 0.55909 -0.025376 -0.13887 -0.049323 -0.00035539 0.052894 0.0037012 0.0029018 -0.0029843 0.0027761
0.00084477 0.19777 0.53693 -0.021403 -0.14256 -0.054114 0.0022308 0.049944 -0.022166 0.0039737 -0.003697 -0.0047905
0.0036217 0.1776 0.5273 -0.016879 -0.14212 -0.052883 0.0027769 -0.020168 -0.0096245 0.0045232 0.00044643 0.0012303
0.0010663 0.14465 0.52931 -0.022694 -0.13979 -0.049557 -0.0025554 -0.032955 0.0020099 -0.0058149 0.0023249 0.0033264
0.0018564 0.082158 0.56329 -0.028211 -0.13105 -0.05003 0.00079008 -0.062491 0.033975 -0.0055163 0.0087406 -0.00047345
-0.0035124 0.11053 0.56278 -0.038197 -0.12549 -0.044861 -0.0053688 0.028373 -0.00051053 -0.0099859 0.0055644 0.0051692
0.0031518 0.18726 0.51693 -0.032667 -0.1268 -0.059869 0.0066642 0.076733 -0.045844 0.0055297 -0.0013107 -0.015008
0.0015701 0.20278 0.49433 -0.041136 -0.12558 -0.053562 -0.0015817 0.015512 -0.022604 -0.008469 0.0012184 0.0063069
-0.0015904 0.17478 0.45288 -0.030893 -0.12192 -0.060084 -0.0031606 -0.028001 -0.041449 0.010243 0.0036627 -0.0065215
-0.0063859 0.12126 0.51497 -0.03666 -0.1125 -0.043176 -0.0047955 -0.053519 0.062088 -0.0057679 0.0094126 0.016908
-0.013652 0.074231 0.53434 -0.043272 -0.10491 -0.046636 -0.0072661 -0.047025 0.019376 -0.0066116 0.0075979 -0.0034595
-0.0024262 0.14538 0.54274 -0.036934 -0.10807 -0.042427 0.011226 0.071149 0.0083969 0.0063379 -0.0031623 0.0042085
-0.0024031 0.17627 0.52123 -0.044199 -0.10234 -0.043556 2.3124e-05 0.030886 -0.021511 -0.0072649 0.0057274 -0.0011288
-0.00071259 0.16174 0.50961 -0.030866 -0.10466 -0.048862 0.0016905 -0.014525 -0.011619 0.013334 -0.0023218 -0.0053059
-0.010085 0.13521 0.53563 -0.033413 -0.10192 -0.043177 -0.0093728 -0.026528 0.026024 -0.0025471 0.0027446 0.0056848
-0.017557 0.076498 0.57575 -0.034573 -0.10054 -0.046861 -0.0074718 -0.058715 0.040116 -0.0011604 0.0013755 -0.0036845
-0.013709 0.13251 0.5701 -0.02284 -0.10501 -0.040247 0.0038482 0.056013 -0.0056511 0.011733 -0.0044652 0.0066145
-0.010675 0.17708 0.55916 -0.021918 -0.092355 -0.033739 0.0030341 0.044571 -0.010942 0.00092183 0.012653 0.0065081
-0.0051466 0.16272 0.53579 -0.012979 -0.09487 -0.034263 0.0055283 -0.01436 -0.023367 0.0089391 -0.0025144 -0.00052423
-0.0097867 0.14516 0.54998 -0.020388 -0.089143 -0.034258 -0.0046401 -0.017563 0.014195 -0.0074084 0.0057269 4.8444e-06
-0.011293 0.1036 0.57261 -0.032548 -0.088394 -0.037651 -0.0015059 -0.041563 0.022621 -0.012161 0.00074817 -0.003393
-0.020798 0.1525 0.57973 -0.02758 -0.084857 -0.042151 -0.0095055 0.048907 0.0071247 0.0049686 0.0035374 -0.0044996
-0.014207 0.1887 0.57629 -0.030224 -0.083939 -0.039811 0.0065914 0.036195 -0.0034372 -0.0026448 0.0009178 0.0023399
-0.020287 0.20312 0.5649 -0.031906 -0.08727 -0.044621 -0.0060799 0.014423 -0.011388 -0.0016811 -0.0033305 -0.0048097
-0.015457 0.18606 0.53444 -0.018133 -0.073556 -0.035185 0.0048299 -0.017058 -0.030461 0.013773 0.013714 0.0094357
-0.025555 0.15091 0.55209 -0.040241 -0.062236 -0.035601 -0.010098 -0.035159 0.017649 -0.022109 0.01132 -0.00041604
-0.035757 0.11836 0.52131 -0.010156 -0.017269 -0.025099 -0.010202 -0.032542 -0.030783 0.030085 0.044967 0.010502
-0.038445 0.10124 0.56749 -0.020985 -0.023779 -0.021346 -0.0026885 -0.017129 0.046178 -0.010829 -0.0065106 0.0037535
-0.038992 0.10719 0.5359 -0.0010556 -0.0086775 -0.030787 -0.00054656 0.0059516 -0.03159 0.01993 0.015102 -0.0094409
-0.025879 0.18272 0.48652 0.012287 -0.040294 -0.02594 0.013112 0.075532 -0.049374 0.013342 -0.031617 0.0048466
-0.021216 0.19915 0.4432 0.0083462 -0.041109 -0.04549 0.0046639 0.016427 -0.043325 -0.0039406 -0.00081514 -0.01955
-0.017966 0.18432 0.40615 0.0099814 -0.051354 -0.038311 0.00325 -0.014821 -0.037048 0.0016351 -0.010245 0.007179
-0.017726 0.13266 0.45745 -0.00091763 -0.051507 -0.042591 0.00023963 -0.051665 0.051297 -0.010899 -0.00015278 -0.0042791
-0.016879 0.098 0.48282 -0.0050177 -0.048573 -0.040163 0.0008472 -0.03466 0.025372 -0.0041001 0.0029338 0.002427
-0.013159 0.16787 0.46624 0.0015346 -0.054839 -0.038128 0.0037193 0.069868 -0.016584 0.0065523 -0.006266 0.0020354
-0.014235 0.16322 0.46065 -0.0096656 -0.052672 -0.037707 -0.0010756 -0.0046522 -0.0055814 -0.0112 0.0021668 0.00042148
-0.016298 0.14925 0.45377 -0.0096177 -0.058321 -0.033089 -0.0020626 -0.013968 -0.0068804 4.7822e-05 -0.0056484 0.0046171
-0.018569 0.10752 0.51054 -0.018448 -0.060241 -0.025935 -0.0022715 -0.041728 0.056761 -0.0088303 -0.0019205 0.0071546
-0.015066 0.094215 0.52573 -0.010932 -0.060624 -0.0263 0.0035036 -0.013305 0.015198 0.0075159 -0.00038283 -0.00036514
-0.010625 0.1775 0.51114 -0.0078409 -0.068279 -0.026628 0.0044403 0.083283 -0.014591 0.0030912 -0.0076548 -0.00032768
-0.0087703 0.14643 0.47927 -0.006741 -0.064902 -0.032878 0.001855 -0.031071 -0.031871 0.0011 0.0033766 -0.0062502
-0.0098698 0.14438 0.47107 -0.01412 -0.073899 -0.034556 -0.0010995 -0.0020459 -0.0082001 -0.0073789 -0.0089962 -0.0016776
-0.015265 0.068579 0.51739 -0.010247 -0.073416 -0.027769 -0.0053956 -0.075802 0.046315 0.003873 0.00048245 0.0067866
-0.014317 0.12079 0.51544 -0.0094359 -0.079278 -0.029304 0.00094815 0.052209 -0.001947 0.0008109 -0.0058615 -0.0015348
-0.017986 0.17702 0.52719 7.888e-05 -0.079216 -0.020241 -0.003669 0.056234 0.01175 0.0095148 6.1729e-05 0.0090631
-0.019641 0.15785 0.484 -0.0027652 -0.07068 -0.02842 -0.0016552 -0.019172 -0.043188 -0.002844 0.0085363 -0.00818
-0.022007 0.14001 0.49395 -0.016073 -0.069177 -0.027463 -0.0023653 -0.017841 0.0099507 -0.013308 0.0015024 0.00095779
-0.020502 0.062217 0.50099 -0.037022 -0.069126 -0.033815 0.0015044 -0.077792 0.0070383 -0.02095 5.1613e-05 -0.0063519
-0.018399 0.14492 0.45321 -0.0052508 -0.056845 -0.029996 0.0021036 0.0827 -0.047786 0.031771 0.012281 0.0038189
-0.014751 0.18652 0.41818 0.0038784 -0.059645 -0.029388 0.0036473 0.041601 -0.035025 0.0091292 -0.0027998 0.00060817
-0.021837 0.17663 0.35328 0.066092 -0.040298 -0.017397 -0.0070857 -0.0098903 -0.064903 0.062214 0.019347 0.01199
-0.017236 0.16059 0.39057 0.05323 -0.05146 -0.016902 0.0046014 -0.016034 0.037289 -0.012862 -0.011162 0.00049527
-0.019516 0.093081 0.41086 0.055562 -0.062139 -0.013895 -0.0022801 -0.067512 0.020298 0.0023316 -0.010678 0.0030068
-0.014066 0.15511 0.44085 0.024887 -0.057405 -0.016304 0.0054501 0.062028 0.029983 -0.030674 0.0047334 -0.0024086
-0.011443 0.16455 0.41742 0.030669 -0.060927 -0.018756 0.0026226 0.0094446 -0.02343 0.0057821 -0.0035216 -0.0024524
-0.014964 0.18548 0.41707 0.006664 -0.037921 -0.012375 -0.003521 0.020928 -0.00035267 -0.024005 0.023006 0.0063817
-0.015011 0.15669 0.4271 0.020265 -0.029876 -0.015045 -4.6395e-05 -0.028791 0.010037 0.013601 0.0080442 -0.0026709
-0.025694 0.10633 0.45743 0.022457 -0.019367 -0.0028649 -0.010684 -0.050357 0.030323 0.0021912 0.010509 0.012181
-0.031588 0.10832 0.48773 0.046106 -0.014042 -0.0063879 -0.0058943 0.0019831 0.030305 0.023649 0.0053251 -0.003523
-0.033567 0.11044 0.4657 0.094083 -0.012567 0.002202 -0.001979 0.0021191 -0.022033 0.047977 0.0014755 0.0085898
-0.024293 0.21278 0.43741 0.11634 -0.027991 -0.0076263 0.0092744 0.10235 -0.028291 0.022255 -0.015424 -0.0098283
-0.018728 0.18595 0.41102 0.1227 -0.023475 -0.0055384 0.0055653 -0.02683 -0.026385 0.0063608 0.0045157 0.0020879
-0.015019 0.18166 0.40718 0.12274 -0.034625 -0.0091919 0.0037089 -0.0042955 -0.0038405 3.7706e-05 -0.01115 -0.0036534
-0.021024 0.11008 0.45 0.10161 -0.022191 0.006397 -0.006005 -0.071577 0.042823 -0.021123 0.012434 0.015589
-0.021605 0.12126 0.44887 0.10866 -0.022188 0.0068211 -0.00058086 0.011174 -0.001136 0.0070432 2.7019e-06 0.00042411
-0.017449 0.18079 0.43939 0.10905 -0.0249 0.013389 0.0041554 0.059538 -0.0094797 0.00039163 -0.0027117 0.0065678
-0.020198 0.18109 0.4345 0.1078 -0.01396 0.0076733 -0.0027487 0.00029589 -0.0048941 -0.001244 0.01094 -0.0057156
-0.025141 0.16367 0.43399 0.10437 -0.014459 0.0061123 -0.0049426 -0.017417 -0.00050141 -0.0034317 -0.0004991 -0.001561
-0.0345 0.13515 0.46603 0.10911 0.0010639 0.0083406 -0.0093597 -0.028525 0.032034 0.0047338 0.015523 0.0022283
-0.033499 0.1565 0.44678 0.11098 0.0006596 0.0026573 0.001001 0.021354 -0.019247 0.0018767 -0.00040428 -0.0056833
-0.030967 0.16551 0.44272 0.11934 0.0029048 0.0027161 0.0025323 0.0090049 -0.0040646 0.0083613 0.0022452 5.8765e-05
-0.028976 0.14457 0.44215 0.11673 0.00078245 -0.0012454 0.0019912 -0.020938 -0.00056375 -0.0026108 -0.0021224 -0.0039614
-0.035036 0.10665 0.48428 0.10008 0.0068859 0.0018563 -0.0060599 -0.037922 0.042126 -0.016651 0.0061035 0.0031017
-0.035604 0.11646 0.48935 0.10641 -0.0011241 0.0045972 -0.00056837 0.0098082 0.0050749 0.006331 -0.00801 0.0027409
-0.03143 0.19443 0.46967 0.091342 0.007846 -0.0023329 0.0041745 0.077972 -0.019686 -0.015071 0.0089701 -0.0069301
-0.02552 0.17004 0.44477 0.099905 -0.00436 -0.00058957 0.0059097 -0.024392 -0.024903 0.0085623 -0.012206 0.0017434
-0.028694 0.16185 0.44858 0.090905 0.0012748 -0.0046368 -0.0031744 -0.0081896 0.0038144 -0.009 0.0056348 -0.0040473
-0.026004 0.091479 0.46954 0.084234 -0.0028124 -0.0039632 0.0026904 -0.070367 0.02096 -0.0066709 -0.0040872 0.00067363
-0.022102 0.15638 0.43558 0.095597 -0.0076807 -0.0086999 0.0039019 0.0649 -0.033962 0.011363 -0.0048682 -0.0047367
-0.01637 0.18398 0.4028 0.084459 -0.002269 -0.016922 0.0057318 0.027598 -0.032779 -0.011138 0.0054117 -0.0082218
-0.012295 0.17522 0.37552 0.09437 -0.0050147 -0.013226 0.004075 -0.0087573 -0.027275 0.0099117 -0.0027457 0.0036958
-0.027102 0.13232 0.41661 0.078961 0.011296 -0.0093169 -0.014807 -0.042903 0.041084 -0.015409 0.016311 0.003909
-0.022594 0.10559 0.41685 0.078237 0.0081442 -0.00046888 0.0045083 -0.02673 0.0002463 -0.0007249 -0.0031518 0.008848
-0.021849 0.17978 0.41617 0.07825 0.011434 -0.011728 0.00074413 0.074191 -0.00068541 1.3202e-05 0.0032899 -0.011259
-0.024148 0.14197 0.40101 0.070517 0.0028064 -0.0029106 -0.0022987 -0.037809 -0.015155 -0.0077323 -0.0086277 0.0088169
-0.019971 0.15913 0.40747 0.077337 0.0052176 -0.019063 0.0041775 0.017159 0.0064516 0.0068199 0.0024112 -0.016153
-0.033829 0.10529 0.42224 0.064117 0.0055959 -0.0046 -0.013859 -0.053841 0.014771 -0.013221 0.00037831 0.014463
-0.019802 0.14793 0.40979 0.072649 0.017945 -0.016282 0.014027 0.042645 -0.012448 0.0085319 0.012349 -0.011682
-0.026938 0.15371 0.40715 0.069204 0.015089 -0.0062972 -0.0071357 0.0057808 -0.0026416 -0.0034442 -0.0028562 0.0099849
-0.025684 0.14425 0.42177 0.078661 0.025523 -0.0026833 0.0012539 -0.0094646 0.014621 0.0094571 0.010434 0.0036139
-0.030612 0.13563 0.41282 0.08053 0.018889 -0.0041034 -0.0049282 -0.008618 -0.0089437 0.0018689 -0.0066345 -0.0014201
-0.034234 0.15415 0.42467 0.083336 0.023987 0.00097305 -0.0036221 0.018517 0.011843 0.0028057 0.0050986 0.0050764
-0.028376 0.13271 0.40376 0.068767 0.016039 -0.010819 0.0058581 -0.021441 -0.020905 -0.014569 -0.0079479 -0.011792
-0.035844 0.13667 0.43316 0.071872 0.018169 0.00060952 -0.007468 0.0039652 0.029393 0.0031052 0.0021294 0.011429
-0.030464 0.10635 0.41785 0.054799 0.011804 -0.0048972 0.00538 -0.030325 -0.015302 -0.017073 -0.0063642 -0.0055067
-0.033259 0.14229 0.42533 0.067964 0.015308 0.00065235 -0.0027953 0.035939 0.0074783 0.013165 0.0035038 0.0055495
-0.032333 0.12187 0.41386 0.056601 0.018403 -0.00045786 0.00092689 -0.020417 -0.01147 -0.011363 0.0030943 -0.0011102
-0.032376 0.12305 0.43876 0.062042 0.013911 -0.00094193 -4.3329e-05 0.0011794 0.024895 0.0054415 -0.0044918 -0.00048407
-0.032761 0.11866 0.4336 0.060912 0.019187 -0.0023536 -0.00038556 -0.0043929 -0.0051535 -0.0011298 0.0052767 -0.0014117
-0.024164 0.15724 0.42688 0.05893 0.0092977 -0.0078816 0.0085976 0.038583 -0.0067233 -0.0019827 -0.0098897 -0.005528
-0.030712 0.12647 0.44083 0.050798 0.024363 -0.016078 -0.0065484 -0.030763 0.013949 -0.0081316 0.015065 -0.0081965
-0.034079 0.11095 0.47317 0.045755 0.02843 -0.011812 -0.003367 -0.015523 0.032338 -0.0050424 0.0040672 0.0042656
-0.044121 0.076211 0.49437 0.036934 0.04288 -0.012491 -0.010042 -0.034741 0.021207 -0.008821 0.01445 -0.00067876
-0.03651 0.15361 0.47222 0.052538 0.046074 -0.0023098 0.0076115 0.077398 -0.02215 0.015604 0.0031943 0.010181
-0.037745 0.14446 0.43297 0.052408 0.044377 0.00085087 -0.0012355 -0.0091532 -0.039255 -0.0001308 -0.0016972 0.0031606
-0.034799 0.151 0.4472 0.057272 0.050813 0.0021113 0.0029463 0.0065462 0.014237 0.0048643 0.0064358 0.0012604
-0.046989 0.075854 0.47432 0.051636 0.046678 0.008562 -0.01219 -0.075147 0.027111 -0.0056355 -0.0041349 0.0064507
-0.038948 0.13351 0.47544 0.051166 0.047677 -0.00052822 0.0080412 0.057653 0.0011259 -0.00047091 0.0009991 -0.0090902
-0.043048 0.13902 0.46287 0.046496 0.042295 0.0044031 -0.0041002 0.0055159 -0.012567 -0.00467 -0.0053819 0.0049313
-0.033612 0.14283 0.42592 0.049045 0.035027 0.00044945 0.0094361 0.0038022 -0.036952 0.0025496 -0.007268 -0.0039536
-0.044382 0.10987 0.45575 0.047943 0.041904 -0.0024771 -0.01077 -0.032953 0.029833 -0.0011023 0.0068774 -0.0029266
-0.046276 0.087455 0.47324 0.06203 0.040674 0.00098287 -0.0018941 -0.022418 0.017489 0.014087 -0.0012297 0.00346
-0.043728 0.16029 0.48554 0.071729 0.046834 -0.015745 0.002548 0.072839 0.012298 0.0096986 0.0061596 -0.016728
-0.044061 0.17221 0.4729 0.077975 0.047656 -0.0087908 -0.00033291 0.011917 -0.012647 0.0062464 0.00082186 0.006954
-0.03426 0.14602 0.46431 0.066215 0.047513 -0.014019 0.0098014 -0.026192 -0.0085853 -0.01176 -0.00014296 -0.0052278
-0.04604 0.10346 0.47811 0.059753 0.05303 -0.0075086 -0.01178 -0.042555 0.013802 -0.0064621 0.0055172 0.0065099
-0.045224 0.064579 0.50742 0.049152 0.053985 -0.004478 0.00081596 -0.038886 0.02931 -0.010601 0.0009552 0.0030307
-0.051446 0.12318 0.50092 0.0573 0.051899 -0.0075723 -0.0062224 0.058602 -0.0065013 0.0081483 -0.0020866 -0.0030943
-0.040312 0.16007 0.48068 0.053936 0.051806 -0.0061191 0.011134 0.036886 -0.020238 -0.0033644 -9.3273e-05 0.0014532
-0.040072 0.14343 0.45711 0.05547 0.046953 -0.0077649 0.00023959 -0.016633 -0.023569 0.0015339 -0.0048522 -0.0016458
-0.033285 0.12359 0.45721 0.040275 0.048471 -0.010871 0.006787 -0.019844 9.4936e-05 -0.015195 0.0015172 -0.0031063
-0.039064 0.070977 0.47459 0.038988 0.041176 -0.011745 -0.0057784 -0.052613 0.017385 -0.0012872 -0.0072948 -0.00087421
-0.036269 0.1362 0.44393 0.038328 0.03885 -0.017091 0.0027949 0.065219 -0.030666 -0.00065969 -0.0023261 -0.0053454
-0.034871 0.14336 0.43647 0.029348 0.030552 -0.0136 0.0013979 0.0071623 -0.0074605 -0.0089804 -0.0082977 0.0034904
-0.036451 0.13488 0.42044 0.042152 0.043664 -0.012898 -0.0015802 -0.0084804 -0.016028 0.012805 0.013112 0.00070264
-0.039127 0.10646 0.46993 0.02351 0.038952 -0.0078137 -0.0026757 -0.028423 0.049494 -0.018642 -0.0047114 0.0050842
-0.035384 0.095924 0.4503 0.044653 0.047756 -0.0079932 0.0037432 -0.010532 -0.019629 0.021143 0.008804 -0.00017955
-0.037369 0.17397 0.43957 0.022776 0.026361 -0.0074889 -0.0019849 0.07805 -0.010732 -0.021877 -0.021395 0.00050435
-0.029886 0.1274 0.40103 0.00052447 0.016466 -0.012088 0.007482 -0.04657 -0.038541 -0.022252 -0.009895 -0.0045994
-0.035397 0.12586 0.43252 -0.034732 -0.0045948 -0.01124 -0.005511 -0.0015402 0.031486 -0.035256 -0.021061 0.00084785
-0.037292 0.049373 0.45839 -0.011853 0.0002846 -0.01534 -0.0018946 -0.07649 0.025875 0.022878 0.0048794 -0.0040996
-0.031496 0.13132 0.43036 0.014262 0.0013199 -0.0094648 0.0057958 0.081949 -0.028032 0.026116 0.0010353 0.0058752
-0.03867 0.13717 0.41018 0.10347 0.022733 0.0013684 -0.0071739 0.0058452 -0.020182 0.089212 0.021413 0.010833
-0.028627 0.14816 0.37326 0.10047 0.029174 0.002125 0.010043 0.010992 -0.03692 -0.0030021 0.0064411 0.00075655
-0.038336 0.11063 0.4205 0.10769 0.037804 0.0058162 -0.0097097 -0.037529 0.047246 0.0072184 0.0086298 0.0036912
-0.030624 0.11963 0.40015 0.074612 0.035681 -0.0088729 0.0077121 0.0089964 -0.020358 -0.033079 -0.0021229 -0.014689
-0.030211 0.16698 0.4053 0.049759 0.024058 -0.008089 0.0004135 0.047356 0.0051588 -0.024852 -0.011623 0.00078389
-0.037691 0.12311 0.39447 0.043246 0.025864 0.0026258 -0.0074806 -0.043871 -0.010834 -0.0065134 0.0018053 0.010715
-0.034516 0.11053 0.4344 0.041604 0.022984 0.0032357 0.0031754 -0.012577 0.039932 -0.0016423 -0.0028794 0.00060992
-0.046654 0.063526 0.45248 0.030027 0.03657 0.010174 -0.012138 -0.047007 0.018078 -0.011577 0.013586 0.0069381
-0.033158 0.15384 0.42642 0.033085 0.035042 -0.010637 0.013497 0.09031 -0.02606 0.0030581 -0.0015281 -0.020811
-0.041046 0.13623 0.40338 0.0091385 0.029923 -0.011935 -0.0078881 -0.017602 -0.023045 -0.023947 -0.0051189 -0.0012975
-0.034767 0.1307 0.4181 -0.0071283 0.033185 -0.014879 0.0062786 -0.0055333 0.014722 -0.016267 0.0032616 -0.0029445
-0.045732 0.061894 0.47033 -0.017554 0.032321 -0.012995 -0.010965 -0.068807 0.052231 -0.010425 -0.00086386 0.0018836
-0.031548 0.096191 0.4597 -0.030977 0.029665 -0.018613 0.014184 0.034297 -0.010625 -0.013423 -0.0026564 -0.005618
-0.034183 0.16498 0.43395 -0.040675 0.017291 -0.027562 -0.0026353 0.06879 -0.025752 -0.0096988 -0.012374 -0.0089487
-0.022339 0.14869 0.38486 -0.038877 0.0050667 -0.040775 0.011844 -0.016294 -0.049097 0.0017982 -0.012224 -0.013213
-0.036017 0.10625 0.42162 -0.052324 0.017516 -0.034631 -0.013678 -0.042438 0.03676 -0.013447 0.012449 0.0061445
-0.034191 0.033619 0.45298 -0.031152 0.035401 -0.037461 0.0018262 -0.07263 0.031369 0.021172 0.017885 -0.00283
-0.040942 0.067531 0.48016 -0.037707 0.047463 -0.027103 -0.0067519 0.033912 0.027178 -0.006555 0.012062 0.010358
-0.029107 0.15359 0.43523 -0.021403 0.044225 -0.025003 0.011835 0.086061 -0.044931 0.016304 -0.0032378 0.0021
-0.030611 0.18571 0.43336 -0.026159 0.033101 -0.022361 -0.0015034 0.032119 -0.0018677 -0.0047559 -0.011124 0.0026412
-0.026895 0.14994 0.42477 -0.031546 0.025739 -0.021805 0.0037155 -0.035773 -0.0085952 -0.0053875 -0.0073613 0.00055666
-0.032127 0.10627 0.47607 -0.048127 0.023719 -0.027082 -0.0052317 -0.043667 0.051304 -0.016581 -0.0020206 -0.0052776
-0.033316 0.055899 0.50631 -0.065428 0.025551 -0.034626 -0.0011894 -0.050373 0.030233 -0.017301 0.0018323 -0.0075441
-0.030056 0.11417 0.49188 -0.083662 0.020535 -0.043276 0.0032598 0.058271 -0.014424 -0.018233 -0.0050163 -0.0086495
-0.028679 0.089426 0.49987 -0.087511 0.025874 -0.052345 0.0013776 -0.024744 0.0079874 -0.0038496 0.0053398 -0.0090692
-0.03244 0.075387 0.50483 -0.13236 0.026331 -0.054636 -0.0037609 -0.014039 0.004961 -0.044844 0.00045701 -0.0022904
-0.040778 0.025945 0.54976 -0.13489 0.030414 -0.054546 -0.0083384 -0.049442 0.044932 -0.0025297 0.0040827 8.9761e-05
-0.040673 0.045912 0.57763 -0.15908 0.024971 -0.051473 0.00010487 0.019967 0.027869 -0.024194 -0.0054431 0.0030727
-0.037249 0.11045 0.52986 -0.12656 0.014162 -0.049546 0.0034238 0.064543 -0.047767 0.032521 -0.010809 0.0019276
-0.018086 0.1669 0.47734 -0.11481 0.004956 -0.04832 0.019163 0.056448 -0.05252 0.011746 -0.0092062 0.0012259
-0.013622 0.13086 0.44741 -0.12846 -0.001705 -0.050097 0.0044647 -0.036047 -0.029938 -0.013647 -0.006661 -0.0017776
-0.013989 0.092487 0.45934 -0.15011 -0.0037513 -0.053135 -0.00036777 -0.038368 0.011931 -0.02165 -0.0020463 -0.0030373
-0.01483 0.046989 0.49712 -0.1636 -0.0076399 -0.061209 -0.0008402 -0.045498 0.03778 -0.013493 -0.0038885 -0.0080744
-0.021107 0.080239 0.4437 -0.17304 -0.0044784 -0.064558 -0.0062779 0.03325 -0.053416 -0.0094373 0.0031615 -0.0033488
-0.013484 0.082219 0.43623 -0.18913 -0.016549 -0.066117 0.007623 0.0019802 -0.0074679 -0.016093 -0.01207 -0.0015597
-0.016713 0.074997 0.40062 -0.23027 -0.019381 -0.065871 -0.0032288 -0.007222 -0.035612 -0.041135 -0.0028324 0.00024627
-0.020377 0.048152 0.44765 -0.26055 -0.03325 -0.06471 -0.0036639 -0.026845 0.047033 -0.030278 -0.013869 0.0011608
-0.023599 0.070325 0.44203 -0.27139 -0.035524 -0.059645 -0.0032215 0.022174 -0.0056287 -0.010845 -0.0022742 0.0050653
-0.02622 0.064233 0.43795 -0.25824 -0.040904 -0.059616 -0.0026214 -0.0060923 -0.0040759 0.013148 -0.0053794 2.9493e-05
-0.024952 0.042216 0.46063 -0.29306 -0.04911 -0.054929 0.0012683 -0.022017 0.022682 -0.034816 -0.0082066 0.0046861
-0.023762 -0.010333 0.48892 -0.28549 -0.042947 -0.066535 0.0011894 -0.05255 0.028293 0.0075701 0.0061629 -0.011605
-0.026522 -0.0083933 0.53821 -0.31504 -0.023355 -0.060838 -0.0027592 0.0019402 0.049283 -0.029551 0.019593 0.0056971
-0.026134 0.060666 0.48431 -0.26334 0.0044353 -0.06632 0.00038802 0.069059 -0.053895 0.051706 0.02779 -0.0054828
-0.030573 0.127 0.44377 -0.22486 0.018619 -0.054531 -0.0044396 0.06633 -0.040541 0.038472 0.014184 0.011789
-0.032141 0.1084 0.42014 -0.21104 0.026837 -0.055563 -0.0015676 -0.018596 -0.023631 0.013823 0.0082173 -0.0010322
-0.038652 0.07964 0.45145 -0.21981 0.021669 -0.049818 -0.0065109 -0.02876 0.031304 -0.0087692 -0.0051673 0.0057452
-0.04168 0.018143 0.51568 -0.26984 0.035585 -0.048966 -0.0030284 -0.061497 0.064232 -0.050026 0.013916 0.00085223
-0.039138 0.058986 0.49861 -0.27212 0.024651 -0.044046 0.0025425 0.040843 -0.017069 -0.002286 -0.010934 0.0049197
-0.036116 0.087548 0.47946 -0.2565 0.020158 -0.049522 0.0030214 0.028563 -0.019146 0.015619 -0.0044927 -0.0054761
-0.031413 0.0605 0.46173 -0.24731 0.0095795 -0.045705 0.0047035 -0.027048 -0.01773 0.0091892 -0.010579 0.003817
-0.035298 0.045525 0.50015 -0.26648 0.0076356 -0.055413 -0.0038856 -0.014975 0.038418 -0.019164 -0.001944 -0.009708
-0.035851 0.0027788 0.53159 -0.29059 0.014209 -0.056025 -0.00055245 -0.042746 0.031438 -0.02411 0.0065737 -0.0006118
-0.03002 0.073086 0.50242 -0.2958 0.0012562 -0.062562 0.0058307 0.070307 -0.02917 -0.0052167 -0.012953 -0.0065373
-0.025955 0.076632 0.46823 -0.27089 -0.0042398 -0.06302 0.0040652 0.003547 -0.034183 0.024909 -0.005496 -0.00045824
-0.02389 0.069281 0.45405 -0.27387 -0.02029 -0.059415 0.002065 -0.0073517 -0.014186 -0.0029796 -0.01605 0.0036053
-0.030456 0.01927 0.50953 -0.30208 -0.015529 -0.05505 -0.0065658 -0.050011 0.055487 -0.02821 0.0047611 0.004365
-0.029219 0.033263 0.48886 -0.28979 -0.022281 -0.054349 0.0012369 0.013993 -0.020672 0.012294 -0.0067524 0.00070094
-0.023643 0.068514 0.47801 -0.2868 -0.019803 -0.054802 0.005576 0.035251 -0.010849 0.0029859 0.0024777 -0.00045295
-0.020523 0.052563 0.44914 -0.25246 -0.023116 -0.05552 0.0031203 -0.015951 -0.028877 0.034346 -0.0033122 -0.00071754
-0.021146 0.037366 0.49099 -0.25807 -0.023535 -0.055391 -0.00062331 -0.015197 0.041853 -0.0056166 -0.00041963 0.0001287
-0.021922 0.026916 0.48978 -0.27849 -0.0234 -0.054835 -0.00077649 -0.01045 -0.0012096 -0.020418 0.00013511 0.00055589
-0.020609 0.078636 0.45376 -0.23935 -0.023466 -0.056331 0.0013136 0.05172 -0.036016 0.039145 -6.6036e-05 -0.0014963
-0.016477 0.078953 0.41319 -0.23124 -0.020563 -0.053927 0.004132 0.00031735 -0.040577 0.0081063 0.0029037 0.0024045
-0.021667 0.058166 0.42335 -0.19433 -0.013031 -0.052943 -0.0051899 -0.020787 0.010162 0.036907 0.007532 0.00098378
-0.023904 0.030472 0.4424 -0.19931 -0.0071163 -0.049963 -0.0022373 -0.027695 0.01905 -0.0049747 0.0059143 0.0029801
-0.019997 0.076018 0.43527 -0.2148 -0.012807 -0.058028 0.0039076 0.045546 -0.007129 -0.015489 -0.0056912 -0.0080645
-0.025132 0.055039 0.42228 -0.22646 -0.0055308 -0.058557 -0.0051359 -0.02098 -0.01299 -0.011662 0.0072767 -0.00052974
-0.018809 0.056746 0.46825 -0.27539 -0.016146 -0.069818 0.0063232 0.0017073 0.045974 -0.048933 -0.010615 -0.01126
-0.032361 -0.010924 0.52476 -0.2832 -0.0070512 -0.059567 -0.013551 -0.06767 0.056508 -0.0078114 0.0090951 0.010251
-0.020483 0.063505 0.47563 -0.27378 -0.012245 -0.065507 0.011877 0.074429 -0.049131 0.0094266 -0.0051939 -0.0059402
-0.019972 0.06328 0.42828 -0.19478 -0.013104 -0.052907 0.00051131 -0.00022487 -0.047355 0.078994 -0.00085874 0.0126
-0.018896 0.084225 0.33112 -0.14649 0.0027576 -0.059424 0.0010758 0.020946 -0.097152 0.048291 0.015861 -0.0065174
-0.025926 0.03523 0.41155 -0.11278 0.010444 -0.055598 -0.0070299 -0.048995 0.080425 0.033717 0.0076868 0.0038261
-0.0313 0.037958 0.42509 -0.15421 0.023173 -0.066209 -0.005374 0.0027273 0.013536 -0.041434 0.012728 -0.010611
-0.026374 0.1055 0.44666 -0.17693 0.010306 -0.070211 0.0049263 0.067537 0.021577 -0.022724 -0.012866 -0.0040021
-0.018628 0.072618 0.39962 -0.21098 -0.00094881 -0.076622 0.0077454 -0.032877 -0.047044 -0.034047 -0.011255 -0.0064109
-0.020358 0.070526 0.41249 -0.21587 -0.012417 -0.076287 -0.0017295 -0.0020919 0.012871 -0.0048859 -0.011468 0.00033579
-0.028413 -0.0031813 0.44515 -0.21472 -0.003852 -0.073709 -0.008055 -0.073707 0.032661 0.0011502 0.0085653 0.0025776
-0.032509 0.056542 0.46899 -0.20824 -0.0027584 -0.072532 -0.0040964 0.059723 0.023838 0.0064784 0.0010935 0.0011772
-0.030317 0.10196 0.44598 -0.20049 0.0042296 -0.076237 0.0021927 0.045414 -0.023004 0.0077466 0.006988 -0.0037048
-0.028002 0.094021 0.4449 -0.20953 0.0057051 -0.07699 0.0023152 -0.0079353 -0.0010883 -0.0090382 0.0014755 -0.00075349
-0.023719 0.064467 0.44119 -0.22423 0.0067384 -0.078543 0.0042826 -0.029554 -0.00371 -0.014701 0.0010333 -0.0015532
-0.032393 0.020425 0.49454 -0.24583 0.0051306 -0.070661 -0.0086742 -0.044042 0.053352 -0.021594 -0.0016078 0.0078826
-0.028792 0.054782 0.46202 -0.22208 -0.0035531 -0.064925 0.0036008 0.034357 -0.032515 0.02375 -0.0086838 0.0057361
-0.035147 0.069459 0.4904 -0.23448 -0.0055264 -0.060627 -0.0063551 0.014678 0.028379 -0.01241 -0.0019732 0.0042974
-0.034011 0.046326 0.48728 -0.22345 0.0014571 -0.056559 0.0011367 -0.023134 -0.0031183 0.011035 0.0069835 0.0040686
-0.04118 0.029477 0.52508 -0.25786 0.01238 -0.057195 -0.0071695 -0.016849 0.037799 -0.034412 0.010922 -0.0006359
-0.031801 0.033881 0.51354 -0.25726 0.01299 -0.055064 0.0093793 0.0044037 -0.011547 0.00060031 0.00061029 0.0021309
-0.033621 0.051916 0.50539 -0.25701 0.015361 -0.059018 -0.0018201 0.018035 -0.0081503 0.00025056 0.0023709 -0.0039545
-0.028704 0.033081 0.49117 -0.25972 0.010432 -0.057206 0.0049172 -0.018834 -0.014215 -0.0027063 -0.0049283 0.0018125
-0.035415 0.0065135 0.53708 -0.28439 0.024494 -0.059132 -0.0067111 -0.026568 0.045912 -0.024668 0.014061 -0.0019259
-0.041468 0.0088397 0.55032 -0.29591 0.024344 -0.058569 -0.0060533 0.0023261 0.013237 -0.01152 -0.00015013 0.00056264
-0.037593 0.082873 0.55286 -0.30307 0.0243 -0.061341 0.0038754 0.074034 0.0025442 -0.0071665 -4.3248e-05 -0.002772
-0.044288 0.055295 0.55389 -0.29583 0.025421 -0.063736 -0.0066953 -0.027578 0.0010286 0.0072382 0.0011202 -0.0023951
-0.047825 0.055837 0.55294 -0.31414 0.021103 -0.060455 -0.0035366 0.00054138 -0.00094885 -0.018311 -0.0043179 0.0032811
-0.049062 -0.0068445 0.56032 -0.32696 0.028294 -0.059452 -0.0012377 -0.062681 0.0073719 -0.012817 0.007191 0.0010027
-0.041592 0.057101 0.50766 -0.30683 0.019211 -0.056834 0.0074703 0.063945 -0.052653 0.020136 -0.0090826 0.0026177
-0.034671 0.087213 0.47863 -0.29363 0.014134 -0.058151 0.0069211 0.030113 -0.029036 0.013198 -0.0050775 -0.0013167
-0.032088 0.069996 0.46126 -0.25987 0.016272 -0.058708 0.0025827 -0.017218 -0.017367 0.033762 0.0021388 -0.00055641
-0.04298 0.03411 0.5099 -0.29043 0.020045 -0.058092 -0.010892 -0.035886 0.048636 -0.030561 0.003773 0.00061589
-0.040401 0.0026963 0.5091 -0.28201 0.0259 -0.057959 0.0025795 -0.031414 -0.00079451 0.0084219 0.0058549 0.00013231
-0.04121 0.069972 0.48373 -0.28404 0.015105 -0.058171 -0.00080922 0.067275 -0.025372 -0.0020389 -0.010795 -0.00021121
-0.037272 0.047351 0.46469 -0.26415 0.01234 -0.058697 0.003938 -0.022621 -0.019037 0.019897 -0.002765 -0.00052612
-0.045534 0.05715 0.4818 -0.2747 0.0084432 -0.057875 -0.0082627 0.0097995 0.017104 -0.010554 -0.003897 0.00082148
-0.041823 0.0076079 0.5115 -0.27675 0.016914 -0.057294 0.0037117 -0.049542 0.029699 -0.0020441 0.0084707 0.00058103
-0.047586 0.048742 0.51827 -0.29886 0.025101 -0.059775 -0.0057635 0.041134 0.0067687 -0.022119 0.0081872 -0.0024804
-0.034648 0.028361 0.50367 -0.28422 0.026275 -0.058984 0.012939 -0.020381 -0.014591 0.014648 0.0011742 0.00079034
-0.044455 0.020689 0.5328 -0.30442 0.031074 -0.06412 -0.0098075 -0.0076719 0.029125 -0.020206 0.004799 -0.0051358
-0.044187 -0.033879 0.57928 -0.3111 0.034882 -0.057786 0.00026779 -0.054568 0.046482 -0.0066813 0.0038077 0.0063341
-0.045411 0.022633 0.56376 -0.30687 0.032179 -0.060246 -0.0012241 0.056512 -0.01552 0.0042347 -0.0027028 -0.0024602
-0.045616 0.051801 0.53483 -0.29675 0.035442 -0.059511 -0.00020451 0.029168 -0.028934 0.010123 0.0032633 0.00073554
-0.044636 0.054484 0.47804 -0.24591 0.033713 -0.05504 0.00097953 0.0026833 -0.056784 0.050831 -0.0017291 0.0044711
-0.047862 0.030166 0.51155 -0.25716 0.037674 -0.055829 -0.0032261 -0.024318 0.033508 -0.011241 0.0039606 -0.00078968
-0.056581 -0.0031581 0.52194 -0.22109 0.046535 -0.040408 -0.0087187 -0.033324 0.01039 0.036067 0.008861 0.015421
-0.043829 0.073975 0.50912 -0.24914 0.037469 -0.048106 0.012752 0.077133 -0.012818 -0.02805 -0.0090659 -0.0076979
-0.049657 0.061407 0.49142 -0.22682 0.038284 -0.046035 -0.0058279 -0.012569 -0.017702 0.02232 0.00081525 0.0020717
-0.039883 0.059862 0.48255 -0.26187 0.029819 -0.057532 0.0097741 -0.0015446 -0.008877 -0.035056 -0.0084653 -0.011497
-0.044472 -0.0012339 0.53742 -0.26137 0.036158 -0.058938 -0.0045893 -0.061096 0.054876 0.00050534 0.0063389 -0.0014063
-0.043896 0.014245 0.53107 -0.27675 0.034679 -0.057515 0.00057655 0.015479 -0.0063549 -0.015378 -0.0014789 0.001423
-0.033238 0.082466 0.48829 -0.22654 0.020566 -0.057262 0.010657 0.068222 -0.042779 0.050204 -0.014113 0.00025283
-0.038718 0.088903 0.47003 -0.2408 0.019331 -0.057687 -0.0054798 0.0064371 -0.018255 -0.014256 -0.0012356 -0.0004252
-0.035697 0.06519 0.45518 -0.19772 0.014 -0.053053 0.0030213 -0.023714 -0.014854 0.043082 -0.0053309 0.0046338
-0.046979 0.032909 0.51834 -0.25525 0.044175 -0.054749 -0.011282 -0.03228 0.063162 -0.057533 0.030175 -0.001696
-0.047323 0.019772 0.52257 -0.21454 0.053442 -0.048355 -0.00034427 -0.013137 0.0042312 0.040705 0.0092674 0.0063947
-0.04723 0.075624 0.52993 -0.26331 0.065615 -0.054138 9.3113e-05 0.055852 0.007356 -0.048768 0.012173 -0.005783
-0.048325 0.034076 0.53208 -0.25965 0.058475 -0.057321 -0.0010954 -0.041548 0.0021534 0.0036623 -0.0071398 -0.0031838
-0.048241 0.018329 0.56179 -0.30932 0.053944 -0.060231 8.3793e-05 -0.015747 0.029709 -0.049667 -0.0045312 -0.0029097
-0.050948 -0.015658 0.59467 -0.32885 0.057127 -0.058984 -0.002707 -0.033987 0.032885 -0.019533 0.0031829 0.0012472
-0.046854 0.045928 0.57808 -0.31383 0.051369 -0.063303 0.0040943 0.061586 -0.016594 0.015024 -0.0057578 -0.004319
-0.047553 0.052954 0.57915 -0.32338 0.053308 -0.061833 -0.0006986 0.0070269 0.0010748 -0.0095506 0.0019392 0.00147
-0.045785 0.05212 0.52446 -0.29127 0.039772 -0.069211 0.0017673 -0.00083474 -0.054696 0.032109 -0.013536 -0.0073781
-0.051023 0.006275 0.5812 -0.33192 0.041534 -0.067729 -0.0052377 -0.045845 0.056738 -0.040656 0.0017624 0.0014819
-0.052195 -0.012514 0.56219 -0.31914 0.040717 -0.066208 -0.0011715 -0.018789 -0.019007 0.012783 -0.00081714 0.0015211
-0.04599 0.067504 0.57145 -0.33271 0.045971 -0.069172 0.0062049 0.080018 0.0092602 -0.013573 0.0052541 -0.0029644
-0.045689 0.033725 0.56302 -0.31132 0.048716 -0.06626 0.00030081 -0.033779 -0.0084313 0.021394 0.0027449 0.0029124
-0.038722 0.058216 0.54073 -0.30075 0.051968 -0.067862 0.0069669 0.024491 -0.022289 0.010574 0.0032525 -0.0016024
-0.046968 -0.014815 0.59342 -0.30956 0.052814 -0.067224 -0.0082463 -0.073031 0.052696 -0.0088123 0.00084525 0.00063888
-0.045524 0.013331 0.56069 -0.29442 0.052062 -0.066502 0.0014446 0.028146 -0.03274 0.015138 -0.00075125 0.00072119
-0.044902 0.064604 0.52512 -0.27978 0.043478 -0.074453 0.00062171 0.051273 -0.035564 0.014641 -0.008584 -0.0079507
-0.04082 0.05908 0.50026 -0.27141 0.032149 -0.073486 0.0040825 -0.0055242 -0.02486 0.0083664 -0.01133 0.00096689
-0.0419 0.030611 0.49263 -0.26552 0.036865 -0.077471 -0.0010804 -0.028469 -0.0076304 0.0058946 0.004716 -0.0039852
-0.046586 -0.02776 0.57749 -0.31943 0.038916 -0.069342 -0.0046859 -0.058371 0.084863 -0.053909 0.0020509 0.0081294
-0.044708 -0.022966 0.58895 -0.30962 0.054344 -0.067203 0.0018781 0.0047945 0.01146 0.0098131 0.015428 0.0021384
-0.046359 0.034317 0.594 -0.3512 0.055186 -0.069097 -0.0016507 0.057283 0.0050494 -0.041582 0.00084266 -0.0018931
-0.040596 0.055423 0.56782 -0.35782 0.059079 -0.074495 0.0057628 0.021106 -0.026189 -0.0066201 0.0038929 -0.0053988
-0.042897 0.08053 0.50246 -0.30836 0.061277 -0.072522 -0.0023015 0.025107 -0.065353 0.049454 0.0021979 0.0019729
-0.040219 0.060534 0.44104 -0.28627 0.057686 -0.070028 0.0026783 -0.019997 -0.061425 0.02209 -0.0035909 0.0024943
-0.032061 0.076659 0.3771 -0.21817 0.050419 -0.056373 0.0081576 0.016125 -0.063939 0.068108 -0.0072672 0.013655
-0.034041 0.017673 0.37437 -0.27633 0.04058 -0.060168 -0.0019799 -0.058986 -0.0027244 -0.058165 -0.0098393 -0.0037949
-0.03734 0.0039323 0.46484 -0.36408 0.041942 -0.056006 -0.003299 -0.013741 0.09047 -0.087752 0.0013628 0.0041618
-0.040113 -0.016508 0.46925 -0.34904 0.035621 -0.055679 -0.0027732 -0.02044 0.0044088 0.015038 -0.0063212 0.00032729
-0.038841 0.058143 0.46585 -0.34997 0.036099 -0.054062 0.0012721 0.074651 -0.0034055 -0.00092615 0.000478 0.0016174
-0.03021 0.043612 0.40835 -0.26477 0.022027 -0.053841 0.0086309 -0.014532 -0.0575 0.085201 -0.014072 0.00022097
-0.029737 0.066083 0.40612 -0.29048 0.019184 -0.062929 0.00047302 0.022471 -0.0022283 -0.025713 -0.0028428 -0.009088
-0.032778 0.010138 0.44153 -0.30449 0.018166 -0.063567 -0.0030403 -0.055945 0.035409 -0.014005 -0.0010187 -0.00063771
-0.035451 0.039186 0.44118 -0.30233 0.015149 -0.064611 -0.0026737 0.029048 -0.00034565 0.0021533 -0.0030162 -0.0010441
-0.036479 0.035804 0.43816 -0.28799 0.011771 -0.05836 -0.0010274 -0.003382 -0.0030164 0.014347 -0.0033783 0.0062502
-0.037571 0.011431 0.46074 -0.26934 0.0073041 -0.056727 -0.0010919 -0.024373 0.022572 0.01865 -0.004467 0.0016333
-0.033366 0.018186 0.46072 -0.26713 0.0028241 -0.060019 0.0042045 0.0067554 -1.3311e-05 0.0022084 -0.00448 -0.0032919
-0.024828 0.062544 0.43797 -0.25691 -0.00025359 -0.0641 0.0085382 0.044358 -0.022749 0.01022 -0.0030777 -0.0040812
-0.020805 0.058738 0.41597 -0.24766 -0.0074661 -0.069696 0.0040226 -0.0038057 -0.022009 0.0092436 -0.0072125 -0.0055959
-0.0226 0.044032 0.41579 -0.26453 -0.014494 -0.070538 -0.0017944 -0.014707 -0.00017451 -0.016861 -0.0070276 -0.00084194
-0.034043 -0.021377 0.47181 -0.26125 -0.005894 -0.067511 -0.011444 -0.065409 0.056014 0.0032775 0.0085997 0.0030273
-0.035055 0.0015257 0.46114 -0.27485 -0.011953 -0.068538 -0.0010117 0.022903 -0.010662 -0.013606 -0.0060588 -0.0010273
-0.031091 0.071626 0.43395 -0.24405 0.004374 -0.070404 0.0039644 0.0701 -0.027196 0.030807 0.016327 -0.0018654
-0.024757 0.043272 0.41312 -0.25234 -0.01151 -0.06998 0.0063339 -0.028354 -0.020828 -0.0082889 -0.015884 0.00042398
-0.024311 0.042996 0.44769 -0.26009 -0.011741 -0.07389 0.00044546 -0.00027647 0.034574 -0.0077532 -0.00023102 -0.0039101
-0.024008 -0.021886 0.47071 -0.28193 -0.021283 -0.067161 0.00030307 -0.064881 0.023011 -0.021843 -0.0095427 0.0067289
-0.020079 0.05774 0.44188 -0.28611 -0.02926 -0.078642 0.0039295 0.079625 -0.028825 -0.0041785 -0.0079763 -0.011482
-0.013802 0.034551 0.41041 -0.25256 -0.025808 -0.079268 0.0062769 -0.023188 -0.031471 0.033548 0.0034516 -0.00062509
-0.018104 0.046185 0.41624 -0.24331 -0.026009 -0.085903 -0.0043024 0.011634 0.0058327 0.0092483 -0.00020132 -0.0066351
-0.016189 -0.014544 0.43526 -0.20162 -0.026284 -0.084131 0.0019154 -0.060729 0.019018 0.041696 -0.0002743 0.0017715
-0.016963 0.046621 0.40125 -0.19028 -0.031107 -0.08317 -0.00077435 0.061165 -0.034006 0.011344 -0.0048229 0.00096106
-0.00622 0.050326 0.36024 -0.15345 -0.045427 -0.088458 0.010743 0.0037046 -0.041014 0.036821 -0.01432 -0.0052883
-0.00027095 0.07275 0.29519 -0.081081 -0.060698 -0.088881 0.005949 0.022424 -0.065047 0.072373 -0.015272 -0.00042299
0.0026693 0.043609 0.33864 -0.057847 -0.073535 -0.091148 0.0029403 -0.02914 0.043451 0.023234 -0.012837 -0.0022668
0.0026753 0.065032 0.29105 -0.044066 -0.074026 -0.084756 6.0196e-06 0.021423 -0.047597 0.013781 -0.00049079 0.0063917
0.0066525 0.093699 0.31445 -0.057045 -0.080975 -0.089897 0.0039772 0.028666 0.023405 -0.012979 -0.0069492 -0.0051405
-0.00074932 0.067362 0.33559 -0.085119 -0.075199 -0.086803 -0.0074019 -0.026336 0.02114 -0.028074 0.0057761 0.0030939
0.00050616 0.047416 0.36508 -0.052509 -0.0719 -0.086621 0.0012555 -0.019946 0.029485 0.03261 0.0032994 0.00018175
0.006935 0.056188 0.28961 -0.063982 -0.10457 -0.097851 0.0064288 0.0087723 -0.075469 -0.011473 -0.032669 -0.01123
0.02759 0.11565 0.056328 -0.025207 -0.098192 -0.099994 0.020655 0.059467 -0.23328 0.038774 0.0063767 -0.0021427
0.053041 0.12695 -0.086536 -0.039911 -0.16079 -0.12411 0.025451 0.011294 -0.14286 -0.014704 -0.062599 -0.024115
0.042359 0.055813 0.077563 -0.070668 -0.13616 -0.11177 -0.010682 -0.071135 0.1641 -0.030757 0.024633 0.012338
0.031974 0.016197 0.28082 -0.14787 -0.13772 -0.10049 -0.010385 -0.039616 0.20326 -0.077206 -0.0015594 0.011281
0.0058617 0.01753 0.5492 -0.27009 -0.10532 -0.096306 -0.026112 0.0013323 0.26838 -0.12221 0.0324 0.004184
0.0080309 0.045118 0.3911 -0.28409 -0.079676 -0.089261 0.0021693 0.027588 -0.1581 -0.014005 0.025641 0.0070443
0.014825 0.072526 0.34781 -0.32693 -0.090714 -0.1114 0.006794 0.027408 -0.043286 -0.042838 -0.011038 -0.02214
0.014379 0.0094453 0.29485 -0.29688 -0.091295 -0.10299 -0.00044641 -0.063081 -0.052956 0.030046 -0.00058159 0.0084089
0.020169 0.042431 0.33391 -0.3011 -0.10818 -0.11003 0.0057902 0.032986 0.039057 -0.0042142 -0.016882 -0.0070351
0.016825 0.053526 0.38306 -0.30435 -0.11283 -0.10817 -0.0033439 0.011095 0.049151 -0.0032518 -0.0046493 0.0018548
0.01746 0.034765 0.36421 -0.28416 -0.11298 -0.11132 0.00063536 -0.01876 -0.018856 0.020193 -0.00015092 -0.0031458
0.015023 0.030519 0.39023 -0.28117 -0.11507 -0.11485 -0.0024377 -0.0042467 0.026026 0.0029896 -0.0020945 -0.0035318
0.0067911 -0.019536 0.42211 -0.28527 -0.11173 -0.10841 -0.0082315 -0.050055 0.031877 -0.0041031 0.0033406 0.0064399
0.0088204 0.038981 0.40473 -0.2917 -0.11009 -0.10726 0.0020293 0.058518 -0.017376 -0.0064321 0.0016372 0.0011461
0.015833 0.031397 0.35917 -0.25724 -0.13358 -0.10347 0.0070125 -0.0075841 -0.045559 0.034466 -0.023489 0.0037912
0.016177 0.055647 0.36988 -0.25931 -0.122 -0.096468 0.00034453 0.02425 0.01071 -0.0020785 0.011581 0.0070059
0.02657 0.013612 0.36274 -0.19882 -0.14962 -0.093761 0.010393 -0.042035 -0.0071436 0.060496 -0.027617 0.0027065
0.025501 0.080586 0.37374 -0.21596 -0.12189 -0.08609 -0.0010699 0.066974 0.011004 -0.017147 0.027732 0.0076715
0.030199 0.055254 0.34801 -0.18591 -0.1231 -0.088724 0.0046983 -0.025332 -0.025739 0.030055 -0.0012121 -0.0026346
0.021261 0.083805 0.31773 -0.17759 -0.096665 -0.089489 -0.0089379 0.02855 -0.030276 0.0083164 0.026435 -0.00076464
0.0030192 0.035376 0.35367 -0.17677 -0.058158 -0.089025 -0.018242 -0.048428 0.03594 0.0008227 0.038507 0.00046428
-0.010327 0.07853 0.33486 -0.17052 -0.027366 -0.091524 -0.013347 0.043154 -0.018807 0.0062485 0.030792 -0.0024993
-0.017946 0.073609 0.35836 -0.19652 -0.0099193 -0.089387 -0.0076185 -0.004921 0.023498 -0.025994 0.017447 0.0021371
-0.015451 0.07145 0.33855 -0.18641 -0.019096 -0.08647 0.0024949 -0.002159 -0.019813 0.010111 -0.0091766 0.0029165
-0.017693 0.053273 0.36553 -0.19037 -0.029116 -0.076193 -0.0022422 -0.018178 0.026984 -0.0039621 -0.01002 0.010278
-0.015784 0.043167 0.37727 -0.17255 -0.036947 -0.06801 0.0019089 -0.010105 0.011742 0.017814 -0.0078314 0.0081822
-0.012781 0.079701 0.35506 -0.17656 -0.043537 -0.068125 0.0030031 0.036534 -0.022209 -0.0040098 -0.0065902 -0.00011411
-0.0011765 0.10319 0.29639 -0.18122 -0.059854 -0.078726 0.011605 0.023484 -0.058672 -0.0046604 -0.016317 -0.010602
