0.0031252 0.001752 -0.00017712 -0.0016977 -0.0040799 0.00010914 0 0 0 0 0 0
0.10067 -0.017056 -0.095805 -0.086006 -0.076425 -0.0044085 0.097547 -0.018808 -0.095628 -0.084309 -0.072345 -0.0045177
0.18686 -0.067568 -0.14124 -0.13041 -0.16248 0.00019729 0.086183 -0.050512 -0.045433 -0.044399 -0.086059 0.0046058
0.34579 -0.11557 -0.078501 -0.279 -0.38022 0.030585 0.15894 -0.048004 0.062737 -0.14859 -0.21774 0.030388
0.35075 -0.12223 -0.094252 -0.19081 -0.34657 0.032272 0.0049578 -0.0066633 -0.015752 0.088193 0.033655 0.0016864
0.39692 -0.035368 -0.13103 -0.16687 -0.3293 0.033244 0.046171 0.086867 -0.036777 0.023938 0.017265 0.00097206
0.4137 -0.0070433 -0.11544 -0.1497 -0.29206 0.025243 0.016781 0.028324 0.015586 0.017168 0.037245 -0.0080009
0.41466 -0.02246 -0.13887 -0.057646 -0.25657 -0.0024276 0.00095342 -0.015416 -0.023425 0.092055 0.03549 -0.02767
0.44948 0.023011 -0.11411 -0.040937 -0.31769 -0.036021 0.034829 0.045471 0.024762 0.016709 -0.061122 -0.033594
0.26576 -0.045176 -0.17444 0.29033 -0.12685 -0.11569 -0.18372 -0.068187 -0.060336 0.33127 0.19084 -0.079667
0.25081 0.076284 -0.14154 0.36044 -0.10674 -0.1394 -0.014954 0.12146 0.032902 0.070111 0.020116 -0.02371
0.17961 0.047849 -0.098219 0.46571 -0.061049 -0.15357 -0.0712 -0.028435 0.04332 0.10526 0.045688 -0.014172
0.2762 0.11715 0.0072237 0.32901 -0.11444 -0.10102 0.096595 0.069298 0.10544 -0.1367 -0.053393 0.052549
0.27181 0.12641 -0.0038345 0.23461 -0.15828 -0.072109 -0.0043945 0.0092646 -0.011058 -0.0944 -0.043832 0.028913
0.26097 0.074471 0.012189 0.10595 -0.11535 -0.049064 -0.010844 -0.051941 0.016023 -0.12866 0.042927 0.023046
0.18966 0.061508 -0.0512 0.11292 -0.11776 -0.056709 -0.071306 -0.012963 -0.063389 0.0069639 -0.0024136 -0.0076452
0.17069 0.014304 -0.026691 0.082862 -0.10324 -0.067625 -0.018975 -0.047204 0.024509 -0.030054 0.014522 -0.010916
0.16112 0.052776 -1.2098e-05 0.13804 -0.12147 -0.072732 -0.0095621 0.038472 0.026679 0.055175 -0.018226 -0.0051072
0.16202 0.084701 0.03407 0.10031 -0.09973 -0.066036 0.000901 0.031926 0.034082 -0.037725 0.021736 0.0066959
0.16455 0.092787 0.030293 0.084977 -0.083315 -0.063156 0.0025213 0.0080855 -0.0037777 -0.015335 0.016415 0.0028803
0.15181 0.054983 0.033161 0.073793 -0.070027 -0.068193 -0.012736 -0.037804 0.0028687 -0.011184 0.013288 -0.0050372
0.15325 0.036264 0.079712 0.092962 -0.081924 -0.070769 0.0014407 -0.018719 0.046551 0.019168 -0.011897 -0.0025755
0.14752 0.037428 0.10827 0.10038 -0.093714 -0.075611 -0.0057276 0.0011644 0.028553 0.0074133 -0.01179 -0.0048419
0.14177 0.087055 0.11694 0.11389 -0.10478 -0.063623 -0.0057478 0.049627 0.0086706 0.013519 -0.011067 0.011988
0.12383 0.099678 -0.066809 0.11966 -0.09831 -0.081104 -0.017947 0.012622 -0.18374 0.005763 0.0064705 -0.017481
0.12072 0.054231 -0.11476 0.15113 -0.10491 -0.088111 -0.0031071 -0.045447 -0.04795 0.031471 -0.0066043 -0.0070077
0.10124 0.05246 -0.16838 0.19649 -0.09727 -0.099566 -0.01948 -0.0017701 -0.053617 0.045363 0.0076442 -0.011455
0.11912 0.045532 -0.019826 0.1655 -0.10223 -0.076761 0.017876 -0.0069286 0.14855 -0.030993 -0.0049563 0.022805
0.098899 0.090257 0.035946 0.15293 -0.092853 -0.063216 -0.020217 0.044726 0.055773 -0.012564 0.0093736 0.013545
0.10453 0.069938 0.05096 0.075707 -0.094581 -0.053126 0.005629 -0.020319 0.015014 -0.077227 -0.001728 0.010091
0.093181 0.040779 0.02302 0.047514 -0.088729 -0.066731 -0.011347 -0.029159 -0.02794 -0.028193 0.0058521 -0.013606
0.091525 0.037121 -0.0039129 0.035224 -0.095321 -0.070922 -0.0016554 -0.0036576 -0.026933 -0.012291 -0.0065923 -0.0041908
0.09113 0.093525 0.0021116 0.048735 -0.086428 -0.06153 -0.00039553 0.056404 0.0060245 0.013511 0.0088938 0.0093919
0.084801 0.10502 -0.0028626 0.081043 -0.082764 -0.063999 -0.0063289 0.011493 -0.0049742 0.032308 0.0036635 -0.002469
0.079722 0.1075 -0.035243 0.094514 -0.081359 -0.055624 -0.0050784 0.002482 -0.03238 0.013471 0.0014048 0.008375
0.079194 0.0613 0.016348 0.080939 -0.077793 -0.071292 -0.00052805 -0.046201 0.051591 -0.013575 0.0035658 -0.015667
0.064283 0.084996 -0.054733 0.072756 -0.097974 -0.067603 -0.014911 0.023696 -0.071081 -0.0081833 -0.02018 0.0036888
0.062381 0.11503 -0.010653 0.065853 -0.089269 -0.062809 -0.0019018 0.030033 0.044081 -0.0069035 0.0087046 0.004794
0.047872 0.10793 -0.090287 0.076335 -0.096399 -0.064444 -0.014509 -0.0070978 -0.079635 0.010482 -0.0071293 -0.0016348
0.047287 0.070018 -0.049614 0.070435 -0.073091 -0.059415 -0.00058446 -0.037913 0.040673 -0.0058991 0.023308 0.0050282
0.053046 0.031172 -0.021086 0.048377 -0.070832 -0.069202 0.0057583 -0.038846 0.028528 -0.022058 0.0022592 -0.0097863
0.048986 0.054798 -0.00018202 0.039575 -0.066269 -0.063982 -0.0040594 0.023626 0.020904 -0.0088024 0.0045625 0.0052198
0.057084 0.096139 0.003226 0.031677 -0.072409 -0.063023 0.0080978 0.04134 0.003408 -0.0078976 -0.0061398 0.00095888
0.057041 0.092786 0.0040082 0.034747 -0.078587 -0.059404 -4.3297e-05 -0.0033529 0.00078219 0.0030701 -0.0061779 0.0036191
0.061611 0.045967 0.0068994 0.027468 -0.079887 -0.061272 0.0045698 -0.046819 0.0028912 -0.0072796 -0.0013003 -0.0018682
0.077807 0.026019 0.03994 0.013995 -0.08637 -0.059974 0.016197 -0.019948 0.03304 -0.013473 -0.0064832 0.0012978
0.076035 0.02316 0.029936 0.0082809 -0.089415 -0.060437 -0.0017726 -0.0028593 -0.010004 -0.0057137 -0.0030446 -0.00046284
0.081277 0.10127 0.009869 0.0132 -0.10024 -0.051148 0.0052423 0.078112 -0.020067 0.0049192 -0.01082 0.0092893
0.070446 0.11254 -0.0053762 0.020256 -0.095155 -0.052708 -0.010831 0.011273 -0.015245 0.007056 0.0050807 -0.0015597
0.068388 0.13218 -0.0072901 0.03299 -0.10101 -0.043559 -0.002058 0.019638 -0.0019139 0.012734 -0.0058534 0.0091485
0.060592 0.14835 -0.0081622 0.042193 -0.081044 -0.040286 -0.0077963 0.016166 -0.00087215 0.0092036 0.019964 0.003273
0.063832 0.13078 0.019768 0.0061347 -0.099069 -0.033931 0.00324 -0.017571 0.02793 -0.036058 -0.018025 0.0063551
0.066689 0.12198 0.041728 -0.03285 -0.1081 -0.023143 0.0028574 -0.0087992 0.021961 -0.038984 -0.0090279 0.010788
0.061119 0.071319 0.064899 -0.032856 -0.1196 -0.028539 -0.0055701 -0.05066 0.023171 -6.6213e-06 -0.011506 -0.0053968
0.071976 0.0867 0.093917 -0.065696 -0.13348 -0.021792 0.010856 0.015381 0.029018 -0.03284 -0.013879 0.0067476
0.054578 0.065168 0.040088 0.034039 -0.087613 -0.039411 -0.017397 -0.021532 -0.053829 0.099735 0.045868 -0.017619
0.058312 0.13604 0.065832 0.012729 -0.079375 -0.039656 0.0037341 0.070872 0.025744 -0.021311 0.0082381 -0.00024474
0.050668 0.01529 0.050549 0.092284 -0.027778 -0.051206 -0.007644 -0.12075 -0.015283 0.079555 0.051597 -0.01155
0.037101 0.13162 0.067965 0.12072 -0.023853 -0.03097 -0.013568 0.11633 0.017417 0.028436 0.0039248 0.020236
0.016238 0.15469 0.055997 0.097502 -0.057975 -0.045452 -0.020863 0.023072 -0.011969 -0.023218 -0.034122 -0.014483
0.033296 0.21151 0.10762 0.10627 -0.058332 -0.044966 0.017058 0.056821 0.051623 0.0087703 -0.00035648 0.00048625
0.022367 0.25959 0.13944 0.007074 -0.069236 -0.079663 -0.010929 0.04808 0.031817 -0.099198 -0.010904 -0.034697
0.093279 0.0025293 0.33599 0.02314 -0.01064 -0.085456 0.070912 -0.25706 0.19655 0.016066 0.058596 -0.0057934
0.085799 0.097704 0.29535 -0.00054313 0.015414 -0.064485 -0.0074803 0.095175 -0.040637 -0.023683 0.026053 0.020971
0.11524 -0.016334 0.35038 0.022359 -0.014236 -0.045765 0.029439 -0.11404 0.055035 0.022903 -0.029649 0.01872
0.098074 0.13831 0.20787 0.031784 -0.02145 -0.019198 -0.017164 0.15465 -0.14251 0.0094244 -0.0072142 0.026567
0.086675 0.089006 0.19145 0.01171 -0.054924 -0.020711 -0.011399 -0.049308 -0.016427 -0.020074 -0.033474 -0.0015133
0.073795 0.041726 0.19615 0.027258 -0.039185 -0.030824 -0.01288 -0.04728 0.0047028 0.015548 0.015739 -0.010113
0.086528 0.034728 0.23889 -0.0027045 -0.05084 -0.026741 0.012733 -0.0069973 0.042741 -0.029962 -0.011655 0.004083
0.10001 0.066128 0.198 -0.0064728 -0.061734 -0.024429 0.013484 0.0314 -0.040889 -0.0037683 -0.010894 0.002312
0.11034 0.11801 0.15352 -0.017662 -0.058187 -0.018158 0.010325 0.05188 -0.044479 -0.011189 0.0035467 0.006271
0.061905 0.12315 -0.0049918 -0.035846 -0.034175 -0.021089 -0.048432 0.0051428 -0.15851 -0.018184 0.024013 -0.0029315
0.097766 0.06055 0.0037612 -0.01707 -0.036036 -0.019798 0.035861 -0.0626 0.008753 0.018776 -0.0018611 0.0012913
0.078237 0.042794 -0.051631 -0.016302 -0.031406 -0.034753 -0.019529 -0.017757 -0.055392 0.00076834 0.00463 -0.014955
0.20856 0.035497 0.029568 -0.026978 -0.07824 0.003199 0.13033 -0.0072965 0.0812 -0.010676 -0.046834 0.037952
0.1472 0.0022583 0.035123 -0.011603 -0.087398 -0.019307 -0.061368 -0.033239 0.0055548 0.015374 -0.0091576 -0.022506
0.14236 0.00024449 0.083127 -0.060376 -0.097611 0.022809 -0.0048319 -0.0020138 0.048004 -0.048772 -0.010214 0.042116
0.053435 -0.018546 0.07073 -0.017303 -0.076159 0.0017743 -0.088929 -0.01879 -0.012396 0.043073 0.021453 -0.021034
0.026485 0.030725 0.044355 -0.032232 -0.039488 0.019095 -0.02695 0.049271 -0.026376 -0.014929 0.036671 0.01732
0.021066 0.074493 0.035195 -0.015549 -0.017341 0.018049 -0.0054195 0.043767 -0.00916 0.016683 0.022147 -0.0010454
0.014105 0.044235 0.080289 -0.025774 -0.0096985 0.0072649 -0.006961 -0.030258 0.045095 -0.010225 0.0076422 -0.010784
0.0098953 0.043556 0.12797 -0.050625 -0.016507 0.0080948 -0.0042094 -0.00067862 0.047684 -0.024851 -0.0068084 0.00082983
0.012712 0.019221 0.17342 -0.051716 -0.036439 -0.0047108 0.0028165 -0.024335 0.045446 -0.0010903 -0.019933 -0.012806
0.0092655 0.063573 0.12249 -0.040317 -0.025166 0.0019023 -0.0034463 0.044352 -0.050927 0.011399 0.011274 0.0066131
0.0051885 0.095375 0.091149 -0.028242 -0.019992 0.004326 -0.004077 0.031801 -0.031343 0.012074 0.0051737 0.0024237
0.00055062 0.065825 0.075816 -0.011957 0.0010765 0.0041204 -0.0046379 -0.02955 -0.015333 0.016286 0.021069 -0.00020559
0.0005755 0.048212 0.11088 -0.013103 -0.0030278 -0.0019672 2.488e-05 -0.017613 0.035064 -0.0011462 -0.0041043 -0.0060876
0.0025257 0.019114 0.15364 -0.010288 -0.00058809 -0.0064106 0.0019502 -0.029097 0.042756 0.0028146 0.0024397 -0.0044434
0.0082343 0.02984 0.19943 -0.023402 -0.01594 -0.012554 0.0057086 0.010726 0.045793 -0.013114 -0.015351 -0.0061439
0.006464 0.082155 0.20298 -0.015803 -0.0022722 -0.0065284 -0.0017703 0.052315 0.0035548 0.0075991 0.013667 0.0060261
0.0082285 0.082349 0.21593 -0.0012225 -0.00055167 -0.010554 0.0017645 0.00019391 0.01295 0.01458 0.0017206 -0.0040258
0.011494 0.063002 0.21839 -0.0050428 0.0021747 -0.0072875 0.0032651 -0.019347 0.002457 -0.0038203 0.0027263 0.0032667
0.01102 0.022131 0.26404 -0.023368 -0.0047454 -0.015217 -0.00047399 -0.040871 0.045648 -0.018325 -0.0069201 -0.0079298
0.0047772 0.041361 0.24717 0.0039409 0.0076986 -0.01448 -0.0062424 0.01923 -0.016865 0.027309 0.012444 0.00073773
0.0072581 0.10485 0.24238 -0.02952 0.0013783 -0.010097 0.0024809 0.063493 -0.0047901 -0.033461 -0.0063203 0.0043827
0.0003189 0.13305 0.27018 -0.074369 -0.026586 0.0022206 -0.0069392 0.028198 0.0278 -0.044849 -0.027964 0.012317
0.003729 0.15657 0.30512 -0.18105 -0.046723 0.023084 0.0034101 0.023521 0.034935 -0.10668 -0.020137 0.020864
0.013329 0.078735 0.40349 -0.25627 -0.092382 0.025821 0.0095999 -0.077838 0.098367 -0.075218 -0.045659 0.0027362
0.001906 0.15108 0.41679 -0.17119 -0.02844 0.036581 -0.011423 0.072348 0.013302 0.085078 0.063941 0.01076
-0.0071985 0.1733 0.31263 -0.00118 0.016718 0.022112 -0.0091045 0.022214 -0.10416 0.17001 0.045159 -0.014469
0.038316 -0.001522 0.2865 -0.23585 -0.071426 -0.0068349 0.045514 -0.17482 -0.026127 -0.23467 -0.088144 -0.028947
-0.013226 0.015953 0.39165 -0.074142 0.0024177 0.0012188 -0.051542 0.017475 0.10514 0.16171 0.073844 0.0080537
-0.095985 0.40628 0.27439 0.41634 0.09989 0.048126 -0.082758 0.39032 -0.11726 0.49049 0.097472 0.046907
-0.25977 0.95766 0.77316 1.2749 0.36093 0.16102 -0.16379 0.55139 0.49877 0.85858 0.26104 0.11289
-0.65936 2.0663 1.0461 2.7278 0.90088 0.32177 -0.39959 1.1087 0.27292 1.4529 0.53995 0.16076
-0.75659 2.2504 1.4619 2.923 0.965 0.40323 -0.097238 0.18407 0.41586 0.19517 0.064116 0.081452
-0.94265 2.2094 1.8912 2.9299 1.1511 0.52287 -0.18605 -0.040953 0.42925 0.0069387 0.18613 0.11965
-0.81807 1.9014 1.2393 2.467 0.94672 0.56634 0.12457 -0.30809 -0.65187 -0.46296 -0.20441 0.043461
-0.66281 0.96607 1.3322 1.4767 0.77561 0.60426 0.15527 -0.93528 0.092927 -0.99024 -0.17111 0.037923
-0.61146 0.84593 1.024 1.4052 0.80104 0.55841 0.05135 -0.12015 -0.30824 -0.071485 0.025437 -0.045854
-0.50663 0.4049 1.205 0.87926 0.73417 0.46939 0.10483 -0.44102 0.18102 -0.52596 -0.066876 -0.089012
-0.43532 0.42361 1.3839 0.96478 0.74072 0.39719 0.071307 0.01871 0.17886 0.085521 0.0065551 -0.072206
-0.4295 0.53048 1.2618 1.0025 0.67665 0.36701 0.0058205 0.10686 -0.12208 0.037743 -0.064067 -0.030175
-0.41612 0.41205 1.2832 0.94676 0.71559 0.3548 0.013382 -0.11843 0.021366 -0.055765 0.038941 -0.012214
-0.51367 0.42573 1.3264 0.92655 0.71383 0.37289 -0.097552 0.013678 0.043222 -0.020207 -0.0017618 0.01809
-0.66387 0.42411 1.3277 0.99095 0.60464 0.38939 -0.1502 -0.0016211 0.0013462 0.064393 -0.10919 0.016501
-0.64855 0.35591 1.3918 0.97596 0.71338 0.41051 0.015321 -0.068195 0.064088 -0.014992 0.10874 0.021119
-0.78232 0.49828 1.2791 1.1568 0.5089 0.41582 -0.13377 0.14237 -0.11277 0.18082 -0.20448 0.0053138
-0.43105 0.33176 1.3863 1.4084 0.78428 0.29194 0.35128 -0.16653 0.1072 0.2516 0.27538 -0.12388
-0.27935 0.37719 1.4353 1.4964 0.41108 0.15172 0.1517 0.045438 0.049062 0.088066 -0.3732 -0.14022
0.12172 0.15921 1.667 1.6946 0.24417 0.02282 0.40107 -0.21799 0.23168 0.1982 -0.16691 -0.1289
0.096156 0.22093 1.5932 1.388 0.073245 -0.010735 -0.025567 0.061726 -0.073836 -0.3066 -0.17092 -0.033555
-0.015342 0.20957 1.4665 1.1855 0.13911 0.045102 -0.1115 -0.011362 -0.12667 -0.20253 0.065869 0.055837
-0.045563 0.13811 1.2965 0.90083 0.38597 0.21942 -0.030221 -0.07146 -0.16996 -0.28467 0.24685 0.17431
0.01242 0.11627 1.315 0.76892 0.43927 0.14478 0.057983 -0.021841 0.018509 -0.13192 0.053303 -0.074638
0.16646 -0.023581 1.4336 0.73567 0.35711 0.32508 0.15404 -0.13985 0.11852 -0.033245 -0.082162 0.1803
0.072775 0.13625 1.4107 0.70777 0.16213 0.27788 -0.093689 0.15983 -0.022886 -0.027905 -0.19498 -0.047197
0.037203 0.036917 1.4587 0.58419 0.25398 0.014159 -0.035572 -0.099329 0.047984 -0.12358 0.091845 -0.26372
-0.04318 0.059751 1.4207 0.52093 0.36481 -0.63651 -0.080383 0.022834 -0.037936 -0.063257 0.11083 -0.65067
-0.00754 -0.1287 1.7691 0.63066 0.84577 -1.0544 0.03564 -0.18845 0.34841 0.10972 0.48097 -0.41789
-0.15464 -0.00051519 1.764 0.54801 0.80706 -1.3253 -0.1471 0.12819 -0.0051682 -0.082642 -0.038717 -0.27086
-0.44737 -0.009523 1.9181 0.8468 0.99268 -0.25669 -0.29273 -0.0090078 0.15411 0.29878 0.18562 1.0686
-0.5828 0.031881 1.702 0.5579 0.84026 -0.022275 -0.13542 0.041404 -0.21603 -0.2889 -0.15242 0.23442
-0.55989 -0.06908 1.8023 0.53378 0.81061 0.54062 0.022908 -0.10096 0.10029 -0.024123 -0.029651 0.56289
-0.64094 -0.075838 1.945 0.41378 0.6427 0.29126 -0.081055 -0.0067585 0.14262 -0.12 -0.16791 -0.24935
-1.1941 -0.015665 2.2232 0.57951 0.40117 0.3675 -0.55311 0.060173 0.27825 0.16573 -0.24152 0.076235
-2.3533 -0.1162 2.6402 1.0601 0.27506 0.37405 -1.1593 -0.10054 0.41703 0.48056 -0.12612 0.0065563
-3.5709 -0.37208 2.9698 1.8006 0.12793 0.82095 -1.2176 -0.25588 0.3296 0.74054 -0.14713 0.4469
-4.1129 -0.60652 2.9767 1.9039 0.15629 0.69357 -0.54194 -0.23443 0.006898 0.10331 0.02836 -0.12738
-3.298 -0.79063 2.9813 2.2636 0.17848 0.99965 0.81488 -0.18412 0.004593 0.35964 0.022195 0.30608
-1.9076 -0.61824 2.4609 1.8598 0.82133 0.62501 1.3904 0.17239 -0.52045 -0.40375 0.64285 -0.37465
-0.25517 -0.50335 2.5445 2.2097 1.4791 0.35629 1.6524 0.11489 0.083655 0.34988 0.6578 -0.26871
0.15258 -0.23471 2.2299 1.9152 1.5452 0.20023 0.40775 0.26864 -0.31463 -0.29446 0.066024 -0.15606
-0.12752 -0.12676 2.1984 1.7787 1.6712 0.047393 -0.2801 0.10795 -0.031527 -0.13652 0.12603 -0.15284
-0.7583 -0.065161 1.7818 1.0953 0.81509 0.23858 -0.63078 0.061599 -0.41658 -0.6834 -0.8561 0.19118
-1.1843 -0.1222 1.481 0.95564 1.1508 0.23947 -0.42602 -0.057037 -0.30079 -0.13968 0.33569 0.00088912
-1.2283 -0.13255 1.1976 0.99365 1.002 0.26262 -0.043932 -0.010356 -0.28344 0.038004 -0.14874 0.023159
-1.2151 -0.13538 1.11 1.1676 1.2558 0.2709 0.013104 -0.0028225 -0.087554 0.17393 0.25373 0.0082764
-1.2572 -0.15175 1.0901 1.2186 1.256 0.26649 -0.04204 -0.016377 -0.019967 0.050993 0.00018841 -0.0044079
-1.2682 -0.20834 1.1532 1.0921 1.1987 0.29106 -0.01103 -0.056588 0.06313 -0.12645 -0.057272 0.024571
-1.2752 -0.27155 1.1768 1.0986 1.2366 0.30462 -0.0069538 -0.063207 0.023572 0.0064458 0.0379 0.013559
-1.2754 -0.28042 1.2447 1.1261 1.2479 0.29893 -0.0002537 -0.0088728 0.067977 0.02757 0.011285 -0.0056902
-1.2674 -0.2267 1.2477 1.1247 1.2694 0.28729 0.0080083 0.053725 0.0029836 -0.0014807 0.021485 -0.011647
-1.3013 -0.23258 1.385 1.0443 1.2216 0.268 -0.033843 -0.0058798 0.13727 -0.080348 -0.04778 -0.019288
-1.2952 -0.29308 1.6268 0.9794 1.2128 0.28364 0.0060361 -0.060501 0.24185 -0.064902 -0.0088223 0.015642
-1.369 -0.22461 1.804 0.92627 1.0588 0.34438 -0.07374 0.068465 0.17715 -0.053131 -0.15396 0.060737
-1.4073 -0.16739 1.9141 0.8319 0.99956 0.41122 -0.038295 0.057224 0.11008 -0.094371 -0.059234 0.066839
-1.5168 -0.058984 1.9809 0.81339 0.99081 0.45589 -0.10954 0.1084 0.066805 -0.018508 -0.0087522 0.044675
-1.5687 0.096366 1.5336 0.72352 1.0074 0.43811 -0.051922 0.15535 -0.44731 -0.089875 0.016552 -0.017778
-1.5908 -0.088154 1.5787 0.73447 1.1174 0.41076 -0.02207 -0.18452 0.045156 0.01095 0.11001 -0.02735
-1.6021 0.053983 0.95725 0.6942 1.0839 0.37273 -0.011273 0.14214 -0.62147 -0.040268 -0.033498 -0.038039
-1.5859 -0.16986 1.1008 0.69444 1.1394 0.35994 0.016188 -0.22384 0.14356 0.00023611 0.05557 -0.012785
-1.5923 -0.097201 0.94514 0.6879 1.1251 0.36337 -0.0064287 0.072658 -0.15566 -0.0065341 -0.014298 0.0034265
-1.6123 -0.12988 1.0872 0.76994 1.1787 0.37278 -0.019961 -0.032676 0.14206 0.08204 0.053591 0.0094166
-1.6206 -0.10273 1.1264 0.83847 1.2125 0.384 -0.008283 0.027152 0.039204 0.068532 0.033742 0.011214
-1.5634 -0.13181 1.085 0.65089 1.1802 0.36837 0.057112 -0.029089 -0.041396 -0.18759 -0.032263 -0.015627
-1.6023 -0.20081 1.2397 0.73641 1.194 0.36792 -0.038894 -0.068991 0.15466 0.085521 0.013802 -0.00044562
-1.7338 -0.065621 1.4358 1.0181 1.2913 0.51487 -0.13148 0.13518 0.1961 0.28165 0.097235 0.14695
-2.038 0.24273 1.8475 1.8546 1.4168 0.64335 -0.30421 0.30835 0.41172 0.83651 0.12559 0.12848
-2.3874 0.77116 2.1941 2.8574 1.6506 0.9062 -0.3494 0.52844 0.34662 1.0028 0.23372 0.26285
-2.5326 0.97393 2.1737 3.1116 1.7051 0.84754 -0.14518 0.20277 -0.020431 0.25425 0.054581 -0.058655
-2.6358 0.97858 2.0807 3.2179 1.8476 0.81592 -0.10314 0.0046474 -0.092945 0.10629 0.14245 -0.031626
-2.5258 0.74658 1.5834 2.8436 1.9375 0.71926 0.10995 -0.232 -0.49734 -0.37435 0.089928 -0.096663
-2.4414 0.63427 1.399 2.7438 2.04 0.70742 0.084449 -0.11231 -0.18442 -0.099811 0.10243 -0.01183
-2.2873 0.53029 1.3204 2.717 2.072 0.8112 0.15402 -0.10398 -0.078566 -0.026763 0.032055 0.10378
-2.2274 0.56076 1.3923 2.6531 2.0912 0.78955 0.059989 0.030471 0.0719 -0.063922 0.019191 -0.021652
-2.1678 0.50135 1.4996 2.6365 2.0479 0.79482 0.059565 -0.05941 0.10728 -0.016603 -0.0433 0.0052713
-2.1931 0.55567 1.4906 2.6344 2.0618 0.74607 -0.025313 0.054318 -0.0090008 -0.0020412 0.013934 -0.048752
-2.1355 0.55788 1.4559 2.6114 2.0612 0.72993 0.057643 0.0022098 -0.034715 -0.022993 -0.00061887 -0.016136
-2.1165 0.53227 1.4597 2.6407 2.0355 0.72832 0.018994 -0.025608 0.0038306 0.029283 -0.025748 -0.0016112
-2.1913 0.44859 1.5672 2.6771 2.0793 0.74005 -0.074851 -0.083676 0.10752 0.036389 0.043795 0.011727
-2.2125 0.35756 1.8127 2.6844 2.0008 0.76671 -0.021185 -0.091037 0.24544 0.0072986 -0.078436 0.026659
-2.32 0.37344 2.0623 2.6887 1.9644 0.7997 -0.10754 0.015882 0.24965 0.0043226 -0.036404 0.032996
-2.3209 0.40365 2.0819 2.6286 1.9961 0.79964 -0.00089703 0.030211 0.019598 -0.060122 0.031694 -6.7396e-05
-2.378 0.57528 2.0179 2.6169 2.0298 0.78255 -0.057039 0.17163 -0.064044 -0.011725 0.033685 -0.01709
-2.4773 0.63173 1.5287 2.6592 2.2664 0.80266 -0.099271 0.056454 -0.48918 0.042359 0.23662 0.020118
-2.4371 0.68596 1.4237 2.5052 2.2399 0.71947 0.040163 0.054225 -0.105 -0.15405 -0.026517 -0.083196
-2.3772 0.56369 1.1928 2.4147 2.3871 0.7528 0.059864 -0.12227 -0.23086 -0.090502 0.14716 0.033328
-2.0966 0.4224 1.289 2.1515 2.1784 0.69773 0.28065 -0.14129 0.096201 -0.2632 -0.20868 -0.055071
-1.9616 0.26472 1.5127 1.9883 2.1446 0.74403 0.13496 -0.15769 0.22367 -0.16318 -0.033787 0.046308
-1.8058 0.17469 1.5447 1.8584 1.9307 0.83967 0.15586 -0.090031 0.031979 -0.12995 -0.21386 0.095635
-1.8663 0.13483 1.7468 1.6532 1.9358 0.7623 -0.060563 -0.039856 0.2021 -0.20516 0.0050994 -0.077371
-1.907 0.06674 1.8364 1.6171 2.0076 0.79247 -0.040712 -0.06809 0.089604 -0.036084 0.07178 0.030172
-1.9552 0.10366 1.8761 1.6238 2.0486 0.72206 -0.048177 0.036924 0.039708 0.0066441 0.041036 -0.070409
-1.9599 0.078613 2.0109 1.5088 2.014 0.68881 -0.0047052 -0.025051 0.13478 -0.115 -0.034683 -0.033255
-1.9114 0.11177 1.9023 1.5778 1.88 0.69161 0.048533 0.033162 -0.10854 0.069029 -0.134 0.0028042
-1.961 0.16179 1.9609 1.4169 1.8828 0.59337 -0.049638 0.050014 0.058576 -0.16094 0.0028256 -0.098238
-1.9886 0.10589 2.0493 1.4087 1.9207 0.59732 -0.027613 -0.055894 0.088362 -0.0081362 0.037959 0.0039488
-2.1599 0.14255 2.2345 1.4525 2.1037 0.61393 -0.17128 0.036651 0.1852 0.043734 0.18297 0.016608
-2.2261 0.014444 2.4386 1.3388 2.0627 0.65003 -0.066245 -0.1281 0.20413 -0.11365 -0.040993 0.036098
-2.355 0.04352 2.5113 1.5036 2.159 0.69549 -0.12889 0.029076 0.072718 0.16477 0.096278 0.045461
-2.3768 0.015414 2.5659 1.4906 2.0897 0.70575 -0.021766 -0.028105 0.054557 -0.012995 -0.069345 0.010264
-2.3878 0.10112 2.5624 1.5199 2.1344 0.72569 -0.010984 0.085708 -0.003435 0.029287 0.044707 0.019938
-2.3934 0.050925 2.6006 1.5431 2.1156 0.73455 -0.0055976 -0.050197 0.038147 0.02322 -0.01872 0.0088599
-2.3717 -0.0018487 2.6616 1.4746 2.1063 0.74076 0.021709 -0.052773 0.061011 -0.068454 -0.0093439 0.0062084
-2.3796 -0.020403 2.6794 1.4783 2.1274 0.75101 -0.0079591 -0.018554 0.017792 0.0036599 0.021119 0.010246
-2.3883 -0.017278 2.7145 1.5039 2.1363 0.73056 -0.0086553 0.0031252 0.035089 0.025646 0.0088734 -0.020445
-2.3534 0.12162 2.7393 1.2779 2.0909 0.73837 0.034918 0.1389 0.024849 -0.22602 -0.045356 0.0078072
-2.3856 0.15353 2.7321 1.3197 2.0871 0.71076 -0.032247 0.031906 -0.0071787 0.041828 -0.0038653 -0.027611
-2.3594 0.2345 2.6783 1.3665 2.0704 0.6982 0.02624 0.080974 -0.053876 0.046796 -0.016673 -0.01256
-2.3943 0.17766 2.6445 1.502 2.1062 0.73134 -0.034921 -0.056844 -0.033775 0.13542 0.035836 0.033138
-2.4183 0.19833 2.4844 1.8358 2.1574 0.65871 -0.023946 0.020672 -0.16013 0.33379 0.051145 -0.072624
-2.4079 0.094969 2.5586 1.6456 2.1315 0.69658 0.010327 -0.10336 0.074235 -0.19011 -0.025871 0.037873
-2.4707 0.11699 2.4812 1.7847 2.1626 0.59337 -0.06275 0.022021 -0.077369 0.13904 0.031101 -0.10321
-2.453 0.081899 2.5761 1.6216 2.1278 0.6165 0.017634 -0.035091 0.094894 -0.16307 -0.03477 0.023125
-2.5022 0.1133 2.6013 1.6981 2.1097 0.59598 -0.049114 0.031402 0.025228 0.0765 -0.018108 -0.020517
-2.5114 0.15062 2.6278 1.641 2.1057 0.63505 -0.0092032 0.037322 0.026448 -0.057128 -0.0040599 0.039073
-2.4806 0.16674 2.6548 1.5347 2.1147 0.67663 0.030721 0.016118 0.026959 -0.10625 0.0090732 0.04158
-2.5537 0.17611 2.5521 1.6376 2.1822 0.65749 -0.073057 0.0093651 -0.10261 0.10287 0.067414 -0.019146
-2.5415 0.12357 2.5401 1.5936 2.1908 0.62942 0.012186 -0.052537 -0.01203 -0.044044 0.0086447 -0.028067
-2.5685 0.18774 2.4754 1.9618 2.2956 0.56948 -0.026997 0.064171 -0.064731 0.36827 0.10478 -0.059943
-2.5957 0.13666 2.4663 1.9275 2.2943 0.54919 -0.02721 -0.051082 -0.0090714 -0.034349 -0.0012591 -0.020293
-2.4612 0.27752 2.3674 2.0394 2.4044 0.59831 0.13452 0.14087 -0.098925 0.11195 0.11011 0.049129
-2.5036 0.15308 2.2829 1.9538 2.3173 0.58658 -0.042371 -0.12445 -0.084499 -0.085673 -0.087089 -0.01173
-2.4413 0.26841 2.2185 1.8419 2.229 0.65386 0.062269 0.11533 -0.064365 -0.1119 -0.088311 0.067276
-2.4169 0.20807 2.3815 1.8149 2.1469 0.61965 0.024393 -0.060333 0.16303 -0.026977 -0.082121 -0.034208
-2.227 0.064195 2.4419 1.8196 2.09 0.5482 0.18985 -0.14388 0.06036 0.0047112 -0.056883 -0.071449
-2.1316 0.055392 2.6227 1.8356 2.1227 0.54418 0.095404 -0.0088035 0.18084 0.016015 0.032685 -0.0040269
-1.957 -0.22849 2.6469 1.8249 2.1764 0.33677 0.17461 -0.28388 0.024166 -0.010674 0.053696 -0.2074
-2.2468 0.18191 2.6378 1.9113 2.0788 0.57441 -0.28974 0.4104 -0.0090853 0.086389 -0.097598 0.23763
-2.3026 0.21492 2.5799 1.8323 2.1048 0.50569 -0.055838 0.033007 -0.0579 -0.079067 0.025978 -0.068717
-2.4544 0.46201 2.4252 2.0002 1.8801 0.80036 -0.15174 0.2471 -0.15474 0.16799 -0.2247 0.29467
-2.4478 0.32865 2.3521 1.8628 1.8904 0.74023 0.0065185 -0.13336 -0.07307 -0.13746 0.010313 -0.060138
-2.4271 0.2837 2.3027 1.8838 1.8324 0.75618 0.020754 -0.044946 -0.04939 0.021006 -0.05801 0.01595
-2.4988 0.27769 2.3465 1.7575 1.884 0.7159 -0.071715 -0.0060182 0.043812 -0.12629 0.051568 -0.040277
-2.5161 0.37577 2.2395 1.6608 1.9582 0.70535 -0.01729 0.098088 -0.10703 -0.096672 0.074259 -0.010553
-2.5317 0.3332 2.2241 1.571 2.0118 0.69694 -0.015628 -0.042571 -0.015377 -0.08986 0.053573 -0.0084092
-2.5231 0.22119 2.0879 1.482 2.1075 0.71522 0.0086353 -0.11202 -0.13627 -0.088985 0.09568 0.018284
-2.5534 0.18547 2.1459 1.5359 2.1724 0.66032 -0.030317 -0.035717 0.058049 0.05394 0.064881 -0.054902
-2.5577 0.15358 2.1936 1.6327 2.1968 0.6789 -0.0043164 -0.031891 0.047729 0.096823 0.02448 0.018586
-2.6327 0.29747 2.1852 1.7152 2.2318 0.66415 -0.074942 0.14389 -0.0084567 0.082468 0.034981 -0.014753
-2.7067 0.31611 2.1535 1.9786 2.2796 0.57187 -0.073993 0.018637 -0.031694 0.26335 0.047749 -0.092286
-2.7691 0.29273 1.9589 2.4663 2.3031 0.48943 -0.062492 -0.02338 -0.19456 0.48772 0.023538 -0.082441
-2.759 0.24198 1.8274 2.9079 2.362 0.30062 0.010114 -0.050744 -0.13152 0.44162 0.058846 -0.18881
-2.6658 0.23715 1.7301 3.3572 2.3048 0.30334 0.093252 -0.0048305 -0.097268 0.44929 -0.057127 0.0027266
-2.5683 0.33719 1.663 3.1724 2.3909 0.27802 0.097471 0.10003 -0.067086 -0.18479 0.086073 -0.025324
-2.5099 0.44355 1.7377 3.1507 2.4382 0.38748 0.058426 0.10636 0.074624 -0.021673 0.047338 0.10946
-2.4942 0.516 1.7519 3.0309 2.5678 0.41662 0.015686 0.072459 0.014268 -0.11981 0.12959 0.029137
-2.5648 0.50654 1.8921 3.0989 2.6898 0.44653 -0.070585 -0.0094663 0.14014 0.068002 0.12193 0.029919
-2.6096 0.47952 1.9418 3.1411 2.779 0.45483 -0.044848 -0.027023 0.049685 0.042226 0.089265 0.0082924
-2.6764 0.47364 1.9529 3.0843 2.8389 0.4455 -0.066816 -0.0058769 0.011109 -0.056834 0.059873 -0.0093287
-2.7055 0.51539 1.9876 3.0541 2.8857 0.44462 -0.029017 0.041751 0.03474 -0.030225 0.046784 -0.00087711
-2.7233 0.5717 1.9192 3.0184 2.8704 0.44937 -0.017886 0.056312 -0.068408 -0.035688 -0.015264 0.0047508
-2.7526 0.6004 2.0311 2.993 2.9465 0.44242 -0.029206 0.028701 0.11192 -0.025413 0.076125 -0.0069497
-2.7683 0.54018 2.0198 2.9325 2.9315 0.46454 -0.015771 -0.060227 -0.011302 -0.060529 -0.015078 0.022115
-2.7498 0.54018 2.0928 2.8887 2.9601 0.46846 0.01852 7.8915e-06 0.072997 -0.043735 0.028597 0.0039221
-2.7348 0.45176 1.9874 2.83 2.9452 0.44554 0.01504 -0.088422 -0.10538 -0.058705 -0.01486 -0.022923
-2.7605 0.55825 1.9579 2.831 2.9651 0.45767 -0.025688 0.10649 -0.02958 0.00093381 0.019892 0.012136
-2.7661 0.52014 1.9397 2.8225 2.9072 0.48619 -0.0056523 -0.038105 -0.018178 -0.0084972 -0.057878 0.028514
-2.7787 0.46766 1.8414 2.8168 2.8018 0.46421 -0.01257 -0.052483 -0.09829 -0.0056986 -0.10538 -0.021976
-2.6451 0.29812 2.284 2.803 2.6362 0.4539 0.13355 -0.16954 0.44262 -0.013765 -0.16563 -0.010312
-2.4342 0.48363 1.5771 2.5296 2.6301 0.27256 0.21089 0.18551 -0.70693 -0.27343 -0.0061352 -0.18134
-2.2654 0.46325 2.1187 2.4089 2.6861 0.31073 0.16882 -0.020385 0.54166 -0.12064 0.05605 0.038169
-2.3651 1.2529 1.4864 2.199 2.4783 0.43609 -0.099693 0.78969 -0.63234 -0.20991 -0.20783 0.12536
-2.3924 0.86728 2.1337 2.1085 2.3489 0.54479 -0.027267 -0.38565 0.64734 -0.090548 -0.12935 0.1087
-2.7033 1.2041 2.1509 2.0783 2.0571 0.59129 -0.31089 0.33678 0.017156 -0.030158 -0.2918 0.046502
-2.4778 0.4782 2.0034 1.7299 2.2856 0.3701 0.2255 -0.72586 -0.14748 -0.34841 0.22849 -0.22119
-2.5221 0.48844 1.733 1.6201 2.5298 0.28174 -0.044323 0.01024 -0.27039 -0.10979 0.24415 -0.088363
-2.3522 0.20987 1.5602 1.4231 2.6096 0.27829 0.16989 -0.27857 -0.17277 -0.19701 0.079842 -0.0034492
-2.3416 0.22067 1.5455 1.4209 2.6052 0.35133 0.010612 0.010795 -0.014704 -0.0021958 -0.0044478 0.073044
-2.3505 0.204 1.5664 1.4589 2.4035 0.39552 -0.0089074 -0.016665 0.020828 0.037961 -0.20165 0.044186
-2.3024 0.19163 1.5397 1.4207 2.4085 0.38413 0.048051 -0.012374 -0.026646 -0.038164 0.0050057 -0.011388
-2.3051 0.27793 1.2454 1.4435 2.4334 0.34149 -0.0026582 0.0863 -0.29428 0.022834 0.024864 -0.042641
-2.2957 0.13068 1.6089 1.4139 2.4303 0.34092 0.0093814 -0.14724 0.36344 -0.029601 -0.0031316 -0.00056591
-2.3122 0.16107 1.5573 1.4133 2.4898 0.3431 -0.016501 0.030381 -0.05157 -0.00061703 0.059523 0.0021712
-2.3387 0.065866 1.9411 1.3795 2.45 0.37638 -0.026509 -0.095199 0.38381 -0.033803 -0.039787 0.033289
-2.394 0.15943 1.7976 1.4018 2.5094 0.39046 -0.055326 0.093563 -0.14356 0.022301 0.059375 0.014079
-2.401 0.14722 1.9839 1.3357 2.4497 0.41246 -0.0069344 -0.012214 0.18635 -0.066151 -0.059647 0.021992
-2.3711 0.14321 1.9009 1.393 2.4587 0.39443 0.029915 -0.0040032 -0.08299 0.057302 0.0089469 -0.018026
-2.3632 0.11681 2.0846 1.3296 2.3899 0.40516 0.0078914 -0.026407 0.18366 -0.063357 -0.068763 0.01073
-2.3834 0.22006 2.0253 1.4619 2.3667 0.4124 -0.02025 0.10325 -0.059304 0.13231 -0.023217 0.0072364
-2.4583 0.35138 1.9796 1.4743 2.3355 0.41725 -0.074928 0.13132 -0.04566 0.012394 -0.031147 0.0048565
-2.469 0.35056 1.9398 1.5305 2.3515 0.41549 -0.01065 -0.00082192 -0.039855 0.056165 0.015923 -0.0017663
-2.4131 0.35945 1.8831 1.5412 2.3573 0.42559 0.055895 0.0088846 -0.056614 0.010767 0.005859 0.010101
-2.3966 0.28652 1.9372 1.4941 2.3888 0.42547 0.016535 -0.072929 0.05402 -0.047166 0.031441 -0.00011521
-2.3953 0.35487 1.9415 1.5047 2.3917 0.42813 0.0013005 0.068353 0.0043163 0.010649 0.0029021 0.0026545
-2.4867 0.33561 1.9505 1.4567 2.4281 0.41671 -0.091448 -0.01926 0.0090088 -0.048023 0.036425 -0.011422
-2.534 0.30395 1.9627 1.4506 2.4725 0.40456 -0.047275 -0.031661 0.012194 -0.006069 0.044461 -0.012143
-2.5123 0.27644 1.9116 1.4694 2.5394 0.41362 0.021669 -0.027506 -0.051076 0.01873 0.066817 0.0090605
-2.5306 0.31772 1.916 1.46 2.5779 0.42904 -0.018237 0.041278 0.0043945 -0.0093323 0.038506 0.015415
-2.4676 0.39109 1.8713 1.467 2.6178 0.43606 0.062975 0.073367 -0.044746 0.0069593 0.039914 0.0070186
-2.5549 0.33427 1.8581 1.4248 2.5651 0.45262 -0.087366 -0.056819 -0.013158 -0.042205 -0.05269 0.016563
-2.5656 0.28607 1.8607 1.3395 2.5344 0.46181 -0.010611 -0.0482 0.0026005 -0.085261 -0.030665 0.0091888
-2.6313 0.25404 1.8048 1.3242 2.4913 0.47087 -0.065703 -0.032028 -0.055853 -0.015365 -0.043154 0.0090628
-2.6054 0.31751 1.8183 1.2153 2.4419 0.49436 0.025864 0.063469 0.013481 -0.10881 -0.049356 0.023484
-2.5993 0.39123 1.7552 1.2109 2.4551 0.48742 0.006135 0.073721 -0.063084 -0.0044481 0.013145 -0.006933
-2.5698 0.37873 1.7369 1.1852 2.4073 0.52063 0.029511 -0.012506 -0.018386 -0.025654 -0.047725 0.033209
-2.6094 0.38362 1.648 1.2322 2.4315 0.51433 -0.039626 0.0048974 -0.088866 0.046938 0.024164 -0.0063064
-2.6361 0.35982 1.6128 1.3283 2.4544 0.50974 -0.026741 -0.023807 -0.035193 0.096112 0.022875 -0.0045871
-2.6774 0.34288 1.6181 1.3818 2.48 0.5062 -0.041263 -0.016933 0.0052952 0.053508 0.025572 -0.0035444
-2.705 0.33439 1.6514 1.4248 2.5108 0.47558 -0.027634 -0.0084917 0.033331 0.042953 0.030812 -0.03062
-2.7107 0.31098 1.6925 1.4569 2.5277 0.49664 -0.0056423 -0.023416 0.041118 0.032126 0.0169 0.021061
-2.7155 0.37556 1.696 1.5092 2.5464 0.49794 -0.0048466 0.064587 0.0034846 0.052327 0.018784 0.0013029
-2.7308 0.41033 1.6785 1.48 2.5638 0.41323 -0.01527 0.034763 -0.017503 -0.029226 0.017366 -0.084706
-2.764 0.3658 1.6852 1.4765 2.6048 0.41658 -0.033199 -0.044531 0.0066704 -0.0034385 0.041019 0.0033477
-2.8503 0.33781 1.5473 1.7784 2.612 0.21317 -0.086305 -0.027983 -0.13786 0.30189 0.0071837 -0.20341
-2.7883 0.25642 1.5641 2.0125 2.5673 0.22427 0.061973 -0.081398 0.016745 0.23411 -0.044756 0.011101
-2.6686 0.3057 1.5556 2.4432 2.447 -0.024383 0.11968 0.049286 -0.0085182 0.43068 -0.12031 -0.24865
-2.5581 0.42812 1.7037 2.313 2.3872 -0.0078188 0.11048 0.12242 0.14817 -0.13021 -0.059765 0.016564
-2.5218 0.50428 1.8339 2.1893 2.3818 -0.10732 0.036364 0.076161 0.13014 -0.12375 -0.0053511 -0.099499
-2.7563 0.66162 1.7824 2.0958 2.5806 0.068467 -0.23451 0.15734 -0.05143 -0.093441 0.19874 0.17579
-2.8366 0.63328 1.8692 2.0316 2.594 0.13964 -0.08034 -0.02834 0.086717 -0.064199 0.013394 0.071173
-2.9094 0.59876 1.9299 1.8619 2.6137 0.27742 -0.072745 -0.034518 0.060768 -0.16976 0.019745 0.13778
-2.8844 0.46389 2.0292 1.8489 2.564 0.30151 0.024935 -0.13487 0.099307 -0.012928 -0.049764 0.02409
-2.8416 0.45845 2.0703 1.7491 2.5452 0.35119 0.042792 -0.0054443 0.041055 -0.099892 -0.018769 0.049681
-2.8875 0.44538 1.9869 2.0205 2.6458 0.34735 -0.045859 -0.013065 -0.083405 0.27146 0.10059 -0.0038435
-2.8893 0.59964 2.002 2.0708 2.6496 0.38122 -0.0018318 0.15426 0.01512 0.050305 0.0037891 0.033878
-2.8939 0.60308 2.0412 2.018 2.6507 0.35216 -0.0045104 0.0034333 0.039196 -0.052862 0.0011651 -0.029065
-2.9349 0.61576 2.068 2.03 2.6912 0.34727 -0.041016 0.012682 0.026762 0.011999 0.040452 -0.0048835
-2.9631 0.64972 2.021 2.0396 2.6913 0.30417 -0.028282 0.033964 -0.046954 0.0096284 0.00015065 -0.043107
-2.9819 0.62256 2.0341 2.0432 2.7665 0.24664 -0.018739 -0.02716 0.013136 0.0036628 0.075121 -0.057532
-2.9848 0.70629 2.0011 2.0286 2.7348 0.2276 -0.0029484 0.083733 -0.033035 -0.014669 -0.031664 -0.019038
-2.9838 0.69215 1.9578 1.9532 2.7852 0.18572 0.0010258 -0.01414 -0.043351 -0.075417 0.050422 -0.04188
-3.0046 0.65599 1.9729 1.9791 2.7579 0.1874 -0.020809 -0.036159 0.015159 0.025917 -0.027297 0.0016803
-3.0182 0.64814 1.9292 1.9861 2.7458 0.21545 -0.013599 -0.0078592 -0.043732 0.0069811 -0.012142 0.028057
-2.9828 0.58695 2.1641 1.8601 2.6635 0.29287 0.035422 -0.061189 0.23489 -0.12601 -0.082282 0.077412
-2.9775 0.6045 2.1787 1.9116 2.6091 0.31731 0.0052568 0.017556 0.014624 0.051497 -0.054439 0.024441
-2.949 0.58434 2.2445 1.9255 2.6383 0.32912 0.028525 -0.020166 0.065823 0.013939 0.029266 0.011813
-3.0196 0.5958 2.193 2.1541 2.7387 0.21945 -0.070617 0.01146 -0.051489 0.22866 0.10035 -0.10967
-2.9956 0.63092 2.2209 2.2354 2.7496 0.24369 0.024062 0.035128 0.027857 0.08124 0.010891 0.024234
-3.0361 0.6992 2.2067 2.2537 2.7495 0.2253 -0.040485 0.068274 -0.014159 0.01833 -6.5297e-05 -0.018387
-3.0192 0.74751 2.1764 2.2255 2.6961 0.2873 0.01687 0.048315 -0.030352 -0.02821 -0.053403 0.061996
-3.0644 0.71494 1.9719 2.2266 2.704 0.22494 -0.045177 -0.032575 -0.20443 0.0010963 0.0079494 -0.062358
-3.1041 0.68535 1.9366 2.0809 2.8047 0.23285 -0.039699 -0.029592 -0.035348 -0.14568 0.10062 0.0079085
-3.1235 0.62708 1.8012 2.2021 2.8524 0.19259 -0.019454 -0.058271 -0.13544 0.12123 0.047759 -0.040252
-3.1116 0.64791 1.9132 2.0846 2.8531 0.23128 0.011927 0.020832 0.11209 -0.11756 0.00067244 0.03869
-3.1071 0.62749 1.9795 2.2194 2.8514 0.21517 0.0044547 -0.020418 0.066286 0.13484 -0.0016444 -0.016111
-3.0782 0.66255 1.9502 2.2021 2.8556 0.1766 0.028934 0.035057 -0.029317 -0.017348 0.0041122 -0.038572
-3.087 0.68499 1.9388 2.0757 2.8478 0.15115 -0.0087983 0.022441 -0.011427 -0.12633 -0.0077886 -0.025457
-3.0974 0.69064 1.6104 2.1021 2.9632 0.12357 -0.01037 0.0056481 -0.32836 0.026339 0.11547 -0.027571
-3.0384 0.68673 1.6164 2.0667 2.8661 0.14193 0.058934 -0.003902 0.0059319 -0.035379 -0.097146 0.01836
-3.0243 0.64676 1.5705 2.1907 2.9408 0.20523 0.01413 -0.039976 -0.045811 0.12399 0.074742 0.063299
-2.9251 0.72749 1.6612 2.2852 2.915 0.25919 0.099219 0.080736 0.090668 0.094478 -0.025826 0.053954
-2.9527 0.72557 1.735 2.2679 2.913 0.32082 -0.027584 -0.0019266 0.073814 -0.017257 -0.0019726 0.061628
-2.9808 0.75307 1.7009 2.2296 2.9764 0.29915 -0.028172 0.027502 -0.034086 -0.038319 0.063365 -0.021661
-3.0305 0.6924 1.7246 2.1584 3.0013 0.26541 -0.049679 -0.060667 0.023693 -0.071169 0.024935 -0.033741
-3.0482 0.70969 1.78 2.1348 3.0208 0.21745 -0.017709 0.017286 0.055409 -0.023665 0.01941 -0.047965
-3.0311 0.70027 1.8967 2.089 3.047 0.20326 0.017149 -0.0094166 0.11666 -0.045747 0.02623 -0.014192
-3.0119 0.71636 1.9911 2.2151 2.9285 0.2209 0.019205 0.016083 0.094408 0.12605 -0.11852 0.017639
-2.9983 0.70132 2.1685 2.1809 2.9207 0.26993 0.013547 -0.015035 0.17741 -0.034216 -0.0077294 0.049029
-3.0159 0.75871 2.1373 2.3848 2.9206 0.30455 -0.017618 0.057385 -0.031254 0.2039 -0.00012776 0.034628
-3.0449 0.82959 2.21 2.3159 3.0128 0.31762 -0.028927 0.070882 0.072706 -0.068866 0.092176 0.013066
-3.0883 0.80552 2.2127 2.3722 3.0404 0.27018 -0.043442 -0.024073 0.0026745 0.05629 0.027638 -0.047438
-3.148 0.82479 2.1914 2.3413 3.1113 0.2294 -0.059707 0.019278 -0.021207 -0.030869 0.07086 -0.04078
-3.1013 0.73887 2.1808 2.2378 3.0447 0.26458 0.046756 -0.085925 -0.010625 -0.10352 -0.066595 0.035183
-3.0569 0.81932 2.1217 2.2545 2.924 0.29949 0.044409 0.080455 -0.059156 0.016722 -0.1207 0.034905
-2.9747 0.75715 1.7525 2.0192 2.8026 0.41322 0.082145 -0.062174 -0.36919 -0.23526 -0.12141 0.11373
-2.9375 0.63929 1.6945 2.0081 2.6317 0.40081 0.037217 -0.11786 -0.057984 -0.011104 -0.17092 -0.012409
-2.9306 0.5399 1.1202 1.7387 2.7406 0.42599 0.006906 -0.099393 -0.57433 -0.26946 0.10893 0.025174
-2.9303 0.36067 1.2593 1.6268 2.8028 0.40621 0.0002796 -0.17923 0.13917 -0.11185 0.062263 -0.019781
-2.8738 0.40456 1.1351 1.4466 2.8366 0.39521 0.056519 0.043892 -0.12426 -0.18022 0.033722 -0.010995
-2.9421 0.3181 1.3852 1.378 2.8821 0.46451 -0.068326 -0.08646 0.25016 -0.068636 0.045521 0.069301
-2.9863 0.38875 1.5545 1.4076 2.8984 0.48097 -0.044214 0.070651 0.16923 0.029617 0.016359 0.01646
-3.0402 0.36675 1.5481 1.1529 2.8606 0.35119 -0.053848 -0.022001 -0.0063798 -0.25465 -0.037856 -0.12979
-2.914 0.36096 1.4807 0.93796 2.6836 0.35449 0.12619 -0.0057958 -0.067354 -0.21499 -0.17701 0.0033013
-2.7154 0.18553 1.2381 0.43714 2.2829 0.063777 0.19855 -0.17543 -0.24267 -0.50082 -0.40069 -0.29071
-2.4237 0.032398 1.0368 0.2762 1.967 0.30793 0.29175 -0.15313 -0.20125 -0.16094 -0.31585 0.24415
-2.4205 -0.094978 0.94971 0.20949 1.9023 0.22187 0.003217 -0.12738 -0.087107 -0.066713 -0.064746 -0.086064
-2.3909 -0.059085 0.91516 0.35667 1.9433 0.3687 0.029538 0.035893 -0.034544 0.14719 0.040962 0.14683
-2.5268 -0.0067859 0.90067 0.56492 2.1088 0.305 -0.13591 0.052299 -0.01449 0.20825 0.16557 -0.063702
-2.5491 -0.039342 0.89257 0.71284 2.182 0.25148 -0.022217 -0.032556 -0.0081054 0.14792 0.073146 -0.053521
-2.5321 -0.032896 0.90818 0.78777 2.2185 0.27334 0.016989 0.0064453 0.015611 0.074933 0.036495 0.021865
-2.5261 -0.075059 0.97746 0.72997 2.2353 0.29763 0.0059295 -0.042163 0.069278 -0.057805 0.016856 0.024288
-2.5123 -0.013104 1.0087 0.69169 2.2243 0.30711 0.013822 0.061955 0.031237 -0.038276 -0.011036 0.0094777
-2.5223 -0.0097046 1.0338 0.66581 2.2184 0.31732 -0.0099645 0.0033993 0.025093 -0.025882 -0.0058479 0.010212
-2.5519 -0.058557 0.98361 0.77809 2.2626 0.28202 -0.029642 -0.048853 -0.050173 0.11228 0.04417 -0.035299
-2.5681 -0.037783 1.0079 0.81128 2.2884 0.25181 -0.016177 0.020774 0.024332 0.033193 0.025755 -0.030211
-2.5924 -0.01375 0.96216 0.8166 2.2993 0.2481 -0.024295 0.024033 -0.045788 0.0053193 0.010968 -0.0037111
-2.6068 0.03547 1.0073 0.74803 2.3093 0.22813 -0.014372 0.04922 0.045129 -0.068573 0.0099745 -0.019963
-2.6333 0.030796 0.90013 0.66228 2.289 0.23366 -0.026558 -0.0046741 -0.10716 -0.085752 -0.020348 0.0055267
-2.6482 -0.085851 0.933 0.60901 2.3539 0.2298 -0.014906 -0.11665 0.032871 -0.053267 0.064937 -0.0038578
-2.608 -0.106 0.89199 0.53646 2.3235 0.26528 0.040252 -0.020153 -0.041007 -0.07255 -0.030375 0.035478
-2.5216 -0.08871 0.98041 0.47344 2.3004 0.32282 0.08638 0.017294 0.088422 -0.063015 -0.023115 0.057544
