0.00012243 0.0017461 -0.00038641 -0.0030393 -3.5055e-06 -1.0133e-06 0 0 0 0 0 0
-0.00024074 0.064884 -0.0021293 -0.0070267 2.1985e-05 -7.5464e-06 -0.00036317 0.063138 -0.0017429 -0.0039873 2.5491e-05 -6.5331e-06
0.00052004 0.1462 0.0025121 -0.015922 -3.7575e-06 4.2022e-06 0.00076078 0.081315 0.0046414 -0.0088951 -2.5742e-05 1.1749e-05
-0.00022717 0.17441 0.013687 -0.01944 -1.3732e-05 5.1318e-06 -0.00074721 0.028212 0.011175 -0.0035184 -9.9746e-06 9.2956e-07
0.0028195 0.22084 0.03331 -0.034626 -9.776e-06 -6.0395e-06 0.0030467 0.04643 0.019623 -0.015186 3.956e-06 -1.1171e-05
0.00085027 0.22474 0.057048 -0.03797 2.553e-05 -8.945e-07 -0.0019693 0.0038998 0.023738 -0.0033441 3.5306e-05 5.145e-06
0.0060851 0.23343 0.071229 -0.049227 4.7574e-05 1.4154e-06 0.0052348 0.0086876 0.014182 -0.011257 2.2044e-05 2.3099e-06
0.0077029 0.25416 0.087469 -0.050818 -0.00011563 1.2452e-06 0.0016178 0.020727 0.01624 -0.0015912 -0.00016321 -1.7021e-07
0.011736 0.23474 0.10163 -0.044517 -5.9948e-05 1.4252e-05 0.0040335 -0.019414 0.014164 0.0063019 5.5685e-05 1.3007e-05
0.013847 0.25178 0.10919 -0.05586 0.0003729 -2.8765e-05 0.002111 0.017038 0.0075612 -0.011343 0.00043284 -4.3017e-05
0.0077786 0.2333 0.11541 -0.051934 -0.00015785 -2.4994e-05 -0.0060688 -0.018475 0.0062152 0.0039254 -0.00053075 3.7706e-06
0.0063874 0.24935 0.10339 -0.057721 -0.0008007 0.00011944 -0.0013913 0.016047 -0.012021 -0.0057863 -0.00064285 0.00014444
0.0029011 0.28555 0.11005 -0.051379 0.0010722 -4.5597e-05 -0.0034863 0.0362 0.0066606 0.006342 0.0018729 -0.00016504
0.0068895 0.21671 0.1339 -0.039589 0.00096498 -0.00027657 0.0039884 -0.068839 0.023856 0.01179 -0.00010725 -0.00023098
0.0069864 0.16479 0.1395 -0.047671 0.0055106 0.00037432 9.686e-05 -0.05192 0.0055978 -0.0080816 0.0045456 0.00065089
0.008032 0.14579 0.15329 -0.039801 -0.0014308 0.0003333 0.0010456 -0.019003 0.013785 0.00787 -0.0069414 -4.102e-05
0.002988 0.20839 0.12981 -0.041237 -0.0081209 0.0023774 -0.0050439 0.062598 -0.023478 -0.0014365 -0.0066901 0.0020441
0.0080123 0.36903 0.12566 -0.02083 -0.01557 -0.00055009 0.0050243 0.16064 -0.0041467 0.020407 -0.0074491 -0.0029275
0.0069185 0.37922 0.14002 -0.013767 -0.021794 0.00031196 -0.0010938 0.010191 0.014358 0.0070625 -0.0062242 0.00086204
0.011758 0.3139 0.10968 -0.010067 -0.011877 -0.0030354 0.0048397 -0.065323 -0.030343 0.0037005 0.0099173 -0.0033474
0.010599 0.25907 0.11626 -0.019695 -0.011355 -0.00012936 -0.001159 -0.054832 0.0065849 -0.0096283 0.00052141 0.002906
0.0093869 0.20626 0.082439 -0.027057 -0.00039066 -0.00040152 -0.0012123 -0.052803 -0.033824 -0.0073613 0.010965 -0.00027215
0.010517 0.26707 0.10018 -0.031351 -0.0017497 -0.0004399 0.0011305 0.060812 0.017739 -0.0042942 -0.001359 -3.8383e-05
0.0067416 0.25232 0.10419 -0.026415 0.0012165 0.0002561 -0.0037759 -0.014753 0.0040143 0.0049354 0.0029662 0.000696
0.0071535 0.24895 0.10437 -0.030659 -0.006357 0.0017153 0.0004119 -0.0033717 0.0001764 -0.0042436 -0.0075735 0.0014592
0.008161 0.21031 0.11005 -0.030253 -0.00064405 -0.0019896 0.0010076 -0.038634 0.0056863 0.00040618 0.0057129 -0.0037048
0.0097879 0.22416 0.11014 -0.037404 -0.0056552 -0.0026261 0.0016269 0.013844 8.3839e-05 -0.0071513 -0.0050111 -0.00063655
0.017265 0.21374 0.14407 -0.042396 -0.0020289 -0.01499 0.0074775 -0.010417 0.033935 -0.0049923 0.0036262 -0.012364
0.016434 0.2666 0.15163 -0.042904 -0.0094671 -0.012229 -0.00083093 0.052857 0.007554 -0.00050717 -0.0074381 0.0027611
0.021062 0.24466 0.19268 -0.055628 -0.013751 -0.015093 0.0046278 -0.021942 0.041052 -0.012724 -0.0042844 -0.0028648
0.024175 0.23092 0.19172 -0.059137 -0.012935 -0.016303 0.003113 -0.013741 -0.00096331 -0.0035086 0.0008162 -0.0012093
0.013328 0.23773 0.18665 -0.071424 0.00085249 -0.010644 -0.010848 0.0068145 -0.0050682 -0.012287 0.013788 0.0056588
0.012593 0.22225 0.13654 -0.060678 -0.017706 -0.0056191 -0.00073467 -0.015478 -0.050103 0.010746 -0.018559 0.0050249
-0.0077604 0.26043 0.064455 -0.033591 -0.039059 0.017979 -0.020353 0.038173 -0.07209 0.027087 -0.021353 0.023598
-0.001773 0.24101 0.021456 -0.056363 -0.072466 0.034954 0.0059874 -0.019417 -0.042999 -0.022772 -0.033407 0.016975
-0.0042334 0.22721 0.00094388 -0.056391 -0.10857 0.037133 -0.0024603 -0.013801 -0.020512 -2.8085e-05 -0.036105 0.0021794
0.0018446 0.24466 0.031526 -0.12942 -0.096912 0.035474 0.0060779 0.01745 0.030582 -0.07303 0.011659 -0.0016587
0.0024715 0.21398 0.027998 -0.12156 -0.10332 0.016793 0.0006269 -0.030679 -0.0035286 0.0078562 -0.0064095 -0.018682
-0.0005352 0.25112 0.039772 -0.13253 -0.095438 0.020591 -0.0030067 0.037142 0.011774 -0.010967 0.007884 0.0037983
-0.00081336 0.19748 0.023231 -0.1121 -0.075135 0.011559 -0.00027816 -0.053635 -0.016541 0.020434 0.020302 -0.0090324
-0.0010119 0.23825 0.031835 -0.11539 -0.098888 0.020668 -0.00019853 0.040766 0.0086035 -0.0032878 -0.023752 0.0091094
0.0037803 0.21972 0.053664 -0.1168 -0.075745 0.0075407 0.0047922 -0.018533 0.021829 -0.001413 0.023143 -0.013127
0.004759 0.24872 0.017064 -0.11003 -0.091827 0.013535 0.00097875 0.029 -0.0366 0.0067665 -0.016082 0.005994
0.008204 0.25142 0.022309 -0.11077 -0.077951 0.0086624 0.003445 0.002706 0.005245 -0.00073386 0.013876 -0.0048723
-0.00043712 0.22841 0.04033 -0.072593 -0.078888 0.015251 -0.0086411 -0.023013 0.018021 0.038174 -0.00093717 0.0065882
-0.00066611 0.23908 -0.04398 -0.064983 -0.084636 0.025051 -0.00022899 0.010666 -0.08431 0.0076091 -0.0057474 0.0098004
0.0041127 0.2447 -0.24594 -0.11513 -0.079166 0.024114 0.0047788 0.0056244 -0.20196 -0.050143 0.0054701 -0.00093736
0.0045478 0.27329 -0.54202 -0.11403 -0.087925 0.027041 0.00043511 0.028588 -0.29608 0.0010984 -0.0087589 0.0029278
0.016626 0.26147 -0.71592 -0.22603 -0.076359 0.022103 0.012078 -0.011821 -0.1739 -0.112 0.011566 -0.004938
0.0022938 0.23133 -0.52819 -0.12433 -0.089834 0.01097 -0.014332 -0.030139 0.18773 0.10169 -0.013475 -0.011133
0.0081071 0.17941 -0.32663 -0.13701 -0.088686 0.016014 0.0058133 -0.051919 0.20156 -0.012674 0.0011481 0.0050439
0.0036548 0.20641 -0.13957 -0.08036 -0.089771 0.010571 -0.0044523 0.026994 0.18707 0.056648 -0.0010852 -0.0054433
0.0073899 0.21098 -0.13394 -0.089965 -0.085493 0.016497 0.0037351 0.0045737 0.0056277 -0.0096044 0.0042786 0.0059264
0.0098453 0.25047 -0.17132 -0.10879 -0.078249 0.017378 0.0024555 0.03949 -0.037383 -0.01883 0.007244 0.00088129
0.0057733 0.22099 -0.14021 -0.095287 -0.073621 0.02073 -0.004072 -0.029475 0.031113 0.013508 0.0046275 0.0033519
0.0067181 0.21801 -0.12208 -0.098969 -0.074616 0.025096 0.00094479 -0.0029819 0.018129 -0.0036815 -0.00099503 0.0043658
0.0070801 0.20735 -0.12167 -0.1016 -0.082055 0.031085 0.00036193 -0.010661 0.00040961 -0.002636 -0.0074391 0.0059893
0.0048101 0.22178 -0.11641 -0.11772 -0.071125 0.02195 -0.00227 0.014429 0.0052597 -0.016113 0.01093 -0.009135
0.0055275 0.22524 -0.11578 -0.11861 -0.064859 0.026234 0.0007174 0.0034613 0.00062761 -0.00089692 0.0062658 0.0042839
0.0024451 0.22172 -0.10389 -0.12926 -0.046407 0.010966 -0.0030823 -0.00352 0.011892 -0.010644 0.018452 -0.015268
0.0048051 0.233 -0.11043 -0.13054 -0.052133 0.023238 0.0023599 0.011279 -0.0065398 -0.0012781 -0.0057265 0.012272
0.008723 0.20952 -0.11404 -0.13507 -0.087182 0.01535 0.0039179 -0.023478 -0.0036054 -0.0045346 -0.035049 -0.0078879
0.014058 0.23231 -0.099023 -0.13909 -0.097496 0.019911 0.0053348 0.022785 0.015013 -0.0040189 -0.010314 0.0045607
0.0179 0.21889 -0.08243 -0.13245 -0.11005 0.013865 0.0038418 -0.013418 0.016593 0.0066394 -0.012551 -0.0060465
0.021621 0.24235 -0.058539 -0.12798 -0.090547 0.0043722 0.0037213 0.023456 0.023891 0.0044721 0.0195 -0.0094924
0.023227 0.22962 -0.057338 -0.12687 -0.080442 0.0034109 0.0016064 -0.012728 0.0012015 0.0011113 0.010105 -0.00096126
0.020874 0.22756 -0.03551 -0.13384 -0.071856 -0.0017616 -0.0023534 -0.0020567 0.021828 -0.0069709 0.008586 -0.0051725
0.0227 0.22691 -0.035416 -0.13638 -0.069318 0.00036488 0.0018261 -0.00065235 9.4481e-05 -0.0025388 0.0025381 0.0021265
0.014271 0.23401 -0.00032705 -0.14424 -0.055443 0.0026807 -0.0084289 0.0070971 0.035088 -0.0078637 0.013875 0.0023158
0.017701 0.24406 -0.0093587 -0.13905 -0.058155 -0.00038502 0.0034296 0.010053 -0.0090316 0.0051928 -0.002712 -0.0030657
0.016572 0.2393 0.0042158 -0.14597 -0.049557 0.00038951 -0.0011286 -0.0047551 0.013574 -0.006917 0.0085983 0.00077454
0.018163 0.2483 -0.0050232 -0.15134 -0.046413 -0.0025349 0.0015907 0.0089943 -0.009239 -0.0053779 0.0031443 -0.0029244
0.019304 0.24366 0.0016029 -0.15065 -0.046815 -0.00010902 0.0011413 -0.0046366 0.0066261 0.00069092 -0.00040267 0.0024259
0.017784 0.25184 0.01819 -0.15457 -0.046369 0.0014164 -0.0015196 0.0081791 0.016587 -0.0039185 0.00044669 0.0015254
0.017518 0.24952 0.015977 -0.15354 -0.052576 0.0019036 -0.00026594 -0.0023217 -0.0022128 0.0010296 -0.0062077 0.00048716
0.019024 0.25087 0.018879 -0.15579 -0.059223 0.0023586 0.001506 0.0013523 0.002902 -0.0022447 -0.0066464 0.00045501
0.013696 0.25745 0.010168 -0.16243 -0.054207 0.004913 -0.0053287 0.0065784 -0.0087116 -0.0066482 0.0050155 0.0025544
0.014028 0.24829 0.015264 -0.15745 -0.064669 0.0074069 0.00033247 -0.0091568 0.0050958 0.0049791 -0.010462 0.0024939
0.0083766 0.27139 0.0095245 -0.15774 -0.062975 0.0099653 -0.0056515 0.023095 -0.0057391 -0.00028981 0.0016937 0.0025584
0.010673 0.25214 0.01212 -0.1544 -0.050256 0.0056191 0.0022965 -0.019247 0.0025956 0.0033488 0.012719 -0.0043461
0.0043419 0.26258 0.0095949 -0.15343 -0.023262 0.0031319 -0.0063312 0.010436 -0.0025252 0.00096138 0.026994 -0.0024872
0.0056454 0.25608 0.010172 -0.16156 -0.00035489 -0.0012786 0.0013035 -0.0065006 0.0005768 -0.0081276 0.022907 -0.0044105
0.003244 0.25622 0.021529 -0.16708 -0.0007842 -0.00015494 -0.0024014 0.00013998 0.011358 -0.0055212 -0.00042931 0.0011237
0.0070298 0.27402 0.015654 -0.17715 -0.019162 -0.0016263 0.0037858 0.017806 -0.0058754 -0.010065 -0.018378 -0.0014714
0.012614 0.26567 0.02073 -0.18854 -0.023457 -0.0019025 0.0055838 -0.0083479 0.0050757 -0.011394 -0.0042951 -0.00027616
0.012297 0.26215 0.017894 -0.19494 -0.018609 -0.0059781 -0.00031643 -0.00352 -0.0028361 -0.0063952 0.0048484 -0.0040756
0.015121 0.27644 0.022103 -0.20533 -0.019054 -0.0056558 0.0028239 0.014285 0.0042093 -0.010388 -0.00044471 0.00032226
0.013166 0.26468 0.02282 -0.18692 -0.020679 -0.011261 -0.0019549 -0.011758 0.00071769 0.018404 -0.0016257 -0.0056048
0.010689 0.2929 0.029689 -0.18454 -0.053678 -0.014216 -0.0024768 0.028221 0.0068686 0.0023812 -0.032999 -0.0029556
0.015294 0.26856 0.021438 -0.16329 -0.04823 -0.022824 0.0046042 -0.02434 -0.0082511 0.021254 0.0054481 -0.0086074
0.011532 0.29295 0.02274 -0.17351 -0.068477 -0.020794 -0.0037617 0.024391 0.0013023 -0.01022 -0.020247 0.0020292
0.015603 0.27394 0.016698 -0.18052 -0.052178 -0.022036 0.0040715 -0.01901 -0.0060419 -0.0070123 0.016299 -0.0012421
0.011866 0.28663 0.016123 -0.18884 -0.059338 -0.016084 -0.0037375 0.012684 -0.00057501 -0.008318 -0.0071602 0.0059525
0.010462 0.27444 0.020388 -0.19714 -0.052479 -0.023815 -0.0014037 -0.012189 0.0042642 -0.0083023 0.0068594 -0.0077307
0.010289 0.2748 0.018744 -0.19264 -0.052847 -0.02206 -0.00017297 0.00036481 -0.0016438 0.0045007 -0.00036843 0.0017551
0.011787 0.27322 0.034769 -0.19932 -0.051366 -0.026292 0.0014983 -0.001588 0.016026 -0.006682 0.0014805 -0.0042324
0.012171 0.25523 0.024369 -0.18346 -0.052767 -0.024031 0.00038319 -0.017987 -0.0104 0.015856 -0.001401 0.0022611
0.010833 0.26135 0.040375 -0.19473 -0.056523 -0.019917 -0.0013374 0.0061239 0.016006 -0.01127 -0.0037556 0.0041138
0.011876 0.24659 0.0097648 -0.17473 -0.054071 -0.020763 0.0010429 -0.014762 -0.03061 0.020003 0.0024522 -0.00084605
0.0051575 0.27114 0.023298 -0.201 -0.059929 -0.012977 -0.0067187 0.024546 0.013533 -0.026266 -0.0058582 0.0077859
0.01153 0.25615 0.021686 -0.20804 -0.060534 -0.016198 0.0063727 -0.01499 -0.0016117 -0.0070401 -0.00060453 -0.0032213
0.0014931 0.26542 0.041674 -0.21895 -0.071052 -0.018787 -0.010037 0.0092753 0.019988 -0.010909 -0.010519 -0.0025886
0.005183 0.28766 0.012362 -0.19013 -0.077797 -0.020434 0.00369 0.022235 -0.029312 0.028811 -0.0067451 -0.0016467
0.00058653 0.30288 -0.012056 -0.17718 -0.083632 -0.023548 -0.0045965 0.015224 -0.024418 0.012952 -0.0058345 -0.0031141
0.003249 0.27754 -0.072828 -0.12406 -0.083122 -0.017523 0.0026625 -0.025341 -0.060771 0.05312 0.00050956 0.0060252
0.005669 0.28675 -0.063823 -0.17973 -0.09587 -0.018254 0.00242 0.0092111 0.0090049 -0.055666 -0.012747 -0.00073159
0.00013817 0.24146 -0.08626 -0.16166 -0.10358 -0.013765 -0.0055308 -0.045295 -0.022437 0.018072 -0.0077055 0.0044892
-0.0012154 0.31001 -0.058292 -0.22584 -0.11601 -0.013038 -0.0013536 0.068552 0.027968 -0.064179 -0.012436 0.00072741
-0.0087014 0.27373 -0.069778 -0.21495 -0.12555 -0.0084692 -0.007486 -0.036278 -0.011486 0.010885 -0.0095413 0.0045684
-0.0050593 0.27911 -0.03749 -0.23429 -0.12094 -0.0090989 0.0036421 0.0053808 0.032288 -0.019343 0.0046092 -0.00062971
-0.00207 0.25581 -0.041566 -0.22053 -0.12558 -0.0076975 0.0029894 -0.023297 -0.0040752 0.013767 -0.004632 0.0014014
0.00089678 0.25457 -0.022884 -0.22605 -0.11905 -0.0091446 0.0029667 -0.0012385 0.018682 -0.0055211 0.0065268 -0.0014471
0.0019363 0.27757 -0.025283 -0.21563 -0.11364 -0.0075351 0.0010395 0.022992 -0.0023995 0.010417 0.0054114 0.0016095
0.00031368 0.26165 -0.01442 -0.23737 -0.11589 -0.0087379 -0.0016226 -0.015914 0.010864 -0.021745 -0.0022522 -0.0012028
-0.0019666 0.2768 -0.0084305 -0.23123 -0.11106 -0.01057 -0.0022803 0.015151 0.005989 0.0061446 0.0048275 -0.0018319
0.0016139 0.26413 -0.010647 -0.25206 -0.1204 -0.01222 0.0035805 -0.012671 -0.0022165 -0.020827 -0.0093353 -0.0016507
0.0012363 0.26468 -0.016873 -0.23412 -0.11431 -0.014318 -0.00037755 0.00055086 -0.0062264 0.017941 0.0060852 -0.0020978
0.0037307 0.26665 -0.02757 -0.2475 -0.11919 -0.014357 0.0024944 0.0019667 -0.010697 -0.013385 -0.0048767 -3.9098e-05
0.0052887 0.25486 -0.023408 -0.23098 -0.11453 -0.01253 0.0015579 -0.01179 0.0041621 0.016522 0.004655 0.0018271
0.001969 0.2706 -0.024163 -0.23939 -0.12064 -0.014706 -0.0033197 0.01574 -0.00075488 -0.0084166 -0.0061065 -0.0021756
0.0042579 0.25851 -0.025044 -0.22942 -0.11703 -0.00995 0.0022889 -0.012094 -0.00088084 0.0099736 0.0036119 0.0047559
0.001793 0.26104 -0.030583 -0.23207 -0.11069 -0.010455 -0.0024649 0.0025342 -0.0055392 -0.0026528 0.0063341 -0.00050539
0.0019525 0.27257 -0.051026 -0.22718 -0.11357 -0.0096836 0.0001595 0.011533 -0.020443 0.004893 -0.0028764 0.00077179
0.0034687 0.26407 -0.036894 -0.22493 -0.097965 -0.007753 0.0015162 -0.0084992 0.014132 0.0022509 0.015606 0.0019305
0.0023367 0.27255 -0.014927 -0.23807 -0.11351 -0.0087479 -0.001132 0.0084743 0.021966 -0.013143 -0.015548 -0.00099488
0.0010684 0.24329 -0.040297 -0.22304 -0.099924 -0.014408 -0.0012683 -0.029263 -0.02537 0.015028 0.013589 -0.0056602
-0.0012428 0.22583 -0.051359 -0.22942 -0.097774 -0.017823 -0.0023112 -0.017451 -0.011062 -0.0063733 0.0021505 -0.0034145
0.015578 0.30165 0.075041 -0.29384 -0.11383 -0.0058947 0.016821 0.075818 0.1264 -0.064425 -0.016056 0.011928
0.017197 0.28493 0.13858 -0.32776 -0.11125 0.0038624 0.0016186 -0.016721 0.063541 -0.033916 0.0025842 0.0097571
0.053023 0.43962 0.50672 -0.45984 -0.1572 0.049922 0.035826 0.15468 0.36814 -0.13208 -0.04595 0.04606
0.030112 0.35932 0.31866 -0.3925 -0.14918 0.023953 -0.022911 -0.080293 -0.18806 0.067336 0.0080125 -0.025969
0.043241 0.45724 0.43124 -0.41437 -0.15233 0.038285 0.013129 0.097914 0.11258 -0.021868 -0.0031462 0.014332
0.021707 0.33297 0.15916 -0.30878 -0.1148 -0.011456 -0.021534 -0.12427 -0.27208 0.10559 0.03753 -0.049741
0.026251 0.45003 0.14488 -0.3819 -0.15332 0.014086 0.0045435 0.11706 -0.014279 -0.073129 -0.03852 0.025541
0.030737 0.37878 0.10844 -0.34092 -0.14891 0.011282 0.0044861 -0.071252 -0.036449 0.040988 0.0044141 -0.0028033
0.028632 0.50822 0.023587 -0.42816 -0.23876 0.041295 -0.0021046 0.12944 -0.084848 -0.087247 -0.089855 0.030013
0.028674 0.37942 0.055155 -0.33177 -0.1995 0.034899 4.136e-05 -0.1288 0.031569 0.096391 0.039257 -0.0063957
0.029294 0.39802 0.055483 -0.34622 -0.20255 0.0233 0.00061981 0.018594 0.00032716 -0.014446 -0.0030469 -0.0116
0.02551 0.33155 0.084767 -0.28826 -0.15256 0.0072768 -0.0037834 -0.066467 0.029284 0.057957 0.049987 -0.016023
0.029332 0.36159 0.11071 -0.29643 -0.13238 -0.0075194 0.0038217 0.030044 0.02594 -0.0081724 0.020188 -0.014796
0.027313 0.37739 0.11163 -0.31281 -0.1267 -0.013534 -0.0020189 0.0158 0.00091898 -0.016375 0.0056758 -0.0060146
0.030303 0.36431 0.10849 -0.29421 -0.11941 -0.014412 0.0029905 -0.013086 -0.0031375 0.018597 0.0072951 -0.00087838
0.030863 0.37355 0.11945 -0.30254 -0.11789 -0.016407 0.00055994 0.0092457 0.010957 -0.0083298 0.0015141 -0.0019943
0.035039 0.35609 0.14765 -0.3241 -0.11694 -0.014362 0.0041762 -0.01746 0.028205 -0.021564 0.0009505 0.0020443
0.027767 0.37059 0.11275 -0.33464 -0.12209 -0.0128 -0.0072722 0.0145 -0.034896 -0.010532 -0.005149 0.001562
0.033445 0.35779 0.20959 -0.42222 -0.11713 -0.0087576 0.0056782 -0.012806 0.096833 -0.087583 0.0049556 0.0040427
0.028551 0.34686 0.12494 -0.35426 -0.1123 -0.010469 -0.0048943 -0.010926 -0.084642 0.067956 0.0048361 -0.0017111
0.03419 0.37182 0.13668 -0.35306 -0.11133 -0.0090321 0.0056385 0.024959 0.01174 0.001208 0.00096593 0.0014366
0.032282 0.32524 0.13029 -0.31252 -0.096425 -0.016786 -0.0019081 -0.046574 -0.0063985 0.040538 0.014907 -0.007754
0.031985 0.36264 -0.037876 -0.23614 -0.1079 -0.026128 -0.00029685 0.037397 -0.16816 0.076374 -0.01148 -0.0093423
0.03238 0.31166 0.13372 -0.32695 -0.090157 -0.018025 0.00039527 -0.050979 0.1716 -0.090805 0.017748 0.0081031
0.032003 0.31757 -0.068636 -0.22147 -0.084419 -0.027969 -0.00037711 0.0059086 -0.20236 0.10547 0.0057374 -0.0099433
0.031125 0.32576 0.14726 -0.32152 -0.078218 -0.014069 -0.00087761 0.0081859 0.2159 -0.10005 0.0062016 0.0139
0.025123 0.29738 0.061783 -0.26704 -0.070079 -0.021338 -0.0060027 -0.028373 -0.085477 0.054485 0.0081385 -0.0072687
0.026056 0.35479 0.081745 -0.29728 -0.09195 -0.022902 0.00093303 0.057407 0.019962 -0.030246 -0.021871 -0.0015644
0.025391 0.31074 0.12645 -0.32222 -0.083684 -0.019622 -0.0006645 -0.044047 0.044707 -0.024939 0.0082663 0.0032799
0.030726 0.34382 0.04269 -0.30107 -0.091695 -0.026189 0.0053344 0.033078 -0.083762 0.021158 -0.0080113 -0.0065674
0.034932 0.3122 0.14776 -0.33902 -0.076373 -0.018977 0.0042063 -0.031623 0.10507 -0.037953 0.015322 0.0072127
0.035431 0.31412 0.10091 -0.3072 -0.061739 -0.024302 0.00049905 0.0019188 -0.046849 0.031817 0.014634 -0.0053252
0.033313 0.33364 0.10298 -0.28129 -0.061374 -0.017908 -0.0021183 0.019527 0.0020738 0.025916 0.00036588 0.0063934
0.031964 0.33231 0.10687 -0.27655 -0.051758 -0.019479 -0.0013488 -0.0013376 0.0038898 0.004734 0.0096151 -0.0015703
0.025391 0.3394 0.087854 -0.25509 -0.060225 -0.014383 -0.0065731 0.0070974 -0.019018 0.021459 -0.0084662 0.0050953
0.029764 0.32394 0.078536 -0.21075 -0.066852 -0.01517 0.0043735 -0.015466 -0.0093172 0.04434 -0.0066273 -0.00078689
0.028323 0.33608 0.14519 -0.31307 -0.059982 -0.018598 -0.0014415 0.012141 0.066651 -0.10232 0.0068698 -0.0034279
0.031296 0.31125 0.064393 -0.18289 -0.066829 -0.01698 0.0029734 -0.024831 -0.080795 0.13018 -0.006847 0.0016181
0.030296 0.34258 0.11297 -0.27613 -0.086249 -0.022403 -0.0010003 0.031335 0.048582 -0.093243 -0.01942 -0.0054226
0.031776 0.29619 0.088962 -0.23753 -0.081221 -0.016824 0.0014798 -0.046397 -0.024013 0.038607 0.0050276 0.0055784
0.028658 0.33192 0.058852 -0.20119 -0.1044 -0.022744 -0.003118 0.035731 -0.030109 0.036339 -0.023183 -0.0059198
0.032369 0.31692 0.15245 -0.35543 -0.075186 -0.020951 0.003711 -0.014996 0.093595 -0.15425 0.029218 0.0017937
0.03145 0.31205 0.084729 -0.23849 -0.071534 -0.021714 -0.00091862 -0.0048694 -0.067718 0.11694 0.0036524 -0.00076363
0.034768 0.32263 0.081158 -0.2765 -0.090901 -0.016725 0.0033184 0.010582 -0.0035716 -0.03801 -0.019367 0.0049887
0.039845 0.33396 0.091853 -0.25515 -0.082031 -0.017473 0.0050765 0.01133 0.010695 0.021355 0.0088698 -0.00074772
0.036862 0.3156 0.033301 -0.18402 -0.10577 -0.013768 -0.002983 -0.018365 -0.058552 0.071129 -0.02374 0.0037055
0.037153 0.33837 0.07937 -0.26142 -0.095052 -0.020446 0.00029078 0.02277 0.046069 -0.077409 0.010719 -0.0066778
0.02973 0.29321 0.037166 -0.20768 -0.098751 -0.0046048 -0.007423 -0.045155 -0.042204 0.053744 -0.0036987 0.015841
0.025636 0.3309 -0.015237 -0.19378 -0.11393 -0.0062155 -0.004094 0.037683 -0.052403 0.013898 -0.015179 -0.0016106
0.02668 0.31161 0.016401 -0.18609 -0.11166 0.0091355 0.0010445 -0.019286 0.031639 0.0076962 0.00227 0.015351
0.029073 0.31224 -0.0022393 -0.16369 -0.11252 -0.0037533 0.0023928 0.00063497 -0.018641 0.022398 -0.00085834 -0.012889
0.035292 0.31431 0.034854 -0.17856 -0.10706 -0.0027701 0.0062191 0.0020673 0.037094 -0.014869 0.0054623 0.00098325
0.0382 0.32015 0.051365 -0.1917 -0.10063 -0.011052 0.0029079 0.0058388 0.016511 -0.01314 0.0064305 -0.0082817
0.037147 0.33065 0.040326 -0.19453 -0.095977 -0.0062785 -0.001053 0.010503 -0.011039 -0.0028379 0.0046483 0.0047733
0.034439 0.32662 0.050256 -0.19461 -0.093793 -0.0045273 -0.0027083 -0.0040367 0.0099295 -8.0074e-05 0.0021847 0.0017511
0.034093 0.32068 0.03811 -0.202 -0.092982 -0.0037317 -0.00034605 -0.0059335 -0.012145 -0.0073824 0.00081036 0.00079559
0.030975 0.33742 0.027134 -0.19396 -0.096168 -0.0060493 -0.0031173 0.016737 -0.010976 0.0080353 -0.0031861 -0.0023176
0.035805 0.33263 0.026365 -0.19726 -0.10735 -0.0052563 0.0048293 -0.0047942 -0.00076877 -0.0032985 -0.011179 0.00079306
0.032742 0.33841 0.022869 -0.18795 -0.1031 -0.0057251 -0.0030628 0.0057822 -0.0034962 0.0093095 0.0042447 -0.00046878
0.035444 0.32787 0.027276 -0.18641 -0.11253 -0.0012506 0.0027019 -0.010536 0.0044068 0.0015394 -0.0094245 0.0044744
0.0375 0.32247 0.03048 -0.17677 -0.099707 -0.00681 0.0020567 -0.0054012 0.0032045 0.00964 0.01282 -0.0055594
0.037494 0.33055 0.030131 -0.17765 -0.10248 -0.0075303 -6.0958e-06 0.0080794 -0.00034962 -0.00088256 -0.0027712 -0.00072029
0.039989 0.32784 0.039054 -0.17743 -0.094117 -0.014691 0.0024945 -0.0027076 0.0089238 0.00022768 0.0083617 -0.007161
0.037488 0.32092 0.042864 -0.1789 -0.10187 -0.0096144 -0.0025008 -0.0069254 0.0038096 -0.0014722 -0.0077503 0.0050769
0.038389 0.32547 0.062031 -0.19236 -0.097532 -0.010414 0.00090087 0.0045527 0.019167 -0.013462 0.0043353 -0.00079981
0.041109 0.31687 0.062028 -0.18624 -0.10101 -0.0097898 0.0027198 -0.0085998 -2.375e-06 0.0061199 -0.0034803 0.00062443
0.041284 0.31132 0.071306 -0.19249 -0.096816 -0.010978 0.00017519 -0.0055534 0.0092781 -0.0062485 0.0041958 -0.0011879
0.04314 0.30933 0.071142 -0.1909 -0.092824 -0.015738 0.0018565 -0.0019854 -0.0001642 0.0015921 0.0039923 -0.0047602
0.041871 0.30172 0.070261 -0.19019 -0.094457 -0.014564 -0.001269 -0.0076117 -0.00088136 0.00070531 -0.0016327 0.0011741
0.040625 0.32597 0.079913 -0.19933 -0.08858 -0.018542 -0.0012467 0.024249 0.0096521 -0.0091358 0.0058771 -0.0039786
0.043166 0.30258 0.079827 -0.19141 -0.092671 -0.01885 0.0025415 -0.023391 -8.574e-05 0.0079176 -0.0040917 -0.00030784
0.044622 0.30987 0.088676 -0.19888 -0.087447 -0.021817 0.0014561 0.0072882 0.0088486 -0.0074746 0.0052241 -0.0029673
0.052953 0.29819 0.094918 -0.19385 -0.088333 -0.024217 0.0083307 -0.011679 0.0062422 0.0050365 -0.00088632 -0.0023995
0.05043 0.32132 0.086648 -0.19315 -0.083477 -0.02446 -0.0025234 0.023136 -0.00827 0.00070226 0.0048559 -0.00024262
0.05335 0.31248 0.082875 -0.17521 -0.08491 -0.023193 0.0029201 -0.0088473 -0.0037732 0.017936 -0.001433 0.0012669
0.046423 0.31364 0.088689 -0.19692 -0.0842 -0.018703 -0.0069268 0.001161 0.005814 -0.021712 0.00071051 0.0044894
0.049071 0.31622 0.086276 -0.20096 -0.085938 -0.019413 0.002648 0.0025816 -0.0024129 -0.0040375 -0.0017378 -0.00071014
0.049235 0.32938 0.12759 -0.25637 -0.085713 -0.017918 0.0001645 0.013157 0.041318 -0.055409 0.00022497 0.0014956
0.050723 0.31285 0.12395 -0.24729 -0.078193 -0.020912 0.0014878 -0.016528 -0.003646 0.0090773 0.00752 -0.0029939
0.051166 0.30959 0.1466 -0.25511 -0.07858 -0.013387 0.00044258 -0.0032613 0.022655 -0.0078157 -0.00038716 0.0075248
0.050532 0.31252 0.13798 -0.23887 -0.069062 -0.020058 -0.00063376 0.0029374 -0.0086263 0.016235 0.0095182 -0.006671
0.04669 0.33587 0.13444 -0.25108 -0.075109 -0.012548 -0.0038417 0.023345 -0.0035363 -0.012205 -0.0060471 0.0075097
0.040334 0.312 0.12373 -0.22983 -0.079069 -0.02289 -0.0063561 -0.02387 -0.010708 0.02125 -0.0039607 -0.010341
0.061652 0.29904 0.089349 -0.20281 -0.062645 -0.013602 0.021318 -0.012958 -0.034384 0.027022 0.016425 0.009287
0.047554 0.31774 0.087326 -0.21772 -0.087877 -0.012395 -0.014098 0.018699 -0.0020226 -0.014918 -0.025232 0.0012071
0.082247 0.33299 0.087269 -0.2475 -0.052648 -0.0079884 0.034693 0.015246 -5.7097e-05 -0.029773 0.035229 0.004407
0.052544 0.3552 0.12993 -0.36468 -0.079735 -0.0097266 -0.029704 0.022215 0.042658 -0.11719 -0.027086 -0.0017382
0.085941 0.32823 0.14346 -0.37131 -0.028597 -0.028981 0.033398 -0.026974 0.013535 -0.0066336 0.051138 -0.019254
0.061986 0.33969 0.15373 -0.41531 -0.064479 -0.024498 -0.023956 0.011459 0.010273 -0.043993 -0.035882 0.0044831
0.08493 0.34924 0.15412 -0.41495 -0.028273 -0.03505 0.022944 0.0095504 0.00039001 0.00035929 0.036206 -0.010552
0.052594 0.33602 0.18153 -0.51111 -0.072154 -0.017476 -0.032336 -0.013215 0.027407 -0.096162 -0.043881 0.017573
0.06885 0.31462 0.18381 -0.46917 -0.034059 -0.02588 0.016256 -0.021404 0.0022814 0.041938 0.038095 -0.0084036
0.055145 0.34527 0.13791 -0.43852 -0.055538 -0.027902 -0.013705 0.030652 -0.045905 0.030651 -0.021479 -0.002022
0.060728 0.30557 0.053277 -0.2587 -0.066163 -0.026088 0.0055833 -0.039698 -0.084631 0.17982 -0.010625 0.0018136
0.060169 0.32028 -0.046422 -0.19819 -0.095948 -0.025803 -0.00055962 0.014707 -0.099699 0.06051 -0.029785 0.00028469
0.055215 0.29314 -0.029256 -0.20247 -0.10192 -0.024806 -0.0049537 -0.027143 0.017165 -0.0042847 -0.0059765 0.0009975
0.059193 0.27046 0.0080905 -0.21361 -0.10121 -0.032314 0.0039786 -0.022675 0.037347 -0.011136 0.00071218 -0.0075075
0.047457 0.33399 -0.0012493 -0.21799 -0.089945 -0.03249 -0.011736 0.063532 -0.0093398 -0.0043773 0.011267 -0.00017667
0.039681 0.24579 -0.083725 -0.20369 -0.084891 -0.034911 -0.0077765 -0.088199 -0.082476 0.01429 0.0050542 -0.0024204
0.034487 0.28903 -0.030423 -0.060949 -0.17219 -0.031654 -0.0051943 0.043232 0.053302 0.14275 -0.087297 0.0032569
0.047699 0.3437 0.29971 -0.033151 -0.16329 -0.049269 0.013212 0.054679 0.33013 0.027798 0.0088992 -0.017615
0.065421 0.409 0.67457 0.1188 -0.23575 -0.063412 0.017722 0.0653 0.37486 0.15195 -0.072458 -0.014142
0.056063 0.49441 0.86698 0.064462 -0.17674 -0.061458 -0.0093576 0.08541 0.19241 -0.054337 0.059004 0.0019537
0.048359 0.3939 0.56875 -0.0070562 -0.13034 -0.058253 -0.0077046 -0.10051 -0.29822 -0.071518 0.046407 0.0032052
0.036502 0.37046 0.2636 -0.11513 -0.12577 -0.033599 -0.011857 -0.023442 -0.30516 -0.10807 0.0045696 0.024654
0.046235 0.32199 0.062337 -0.17226 -0.090108 -0.03191 0.0097333 -0.048476 -0.20126 -0.057133 0.035659 0.0016889
0.071719 0.36205 0.05917 -0.16709 -0.10358 -0.028018 0.025484 0.040064 -0.0031676 0.005166 -0.013476 0.0038922
0.071788 0.38648 0.1304 -0.1569 -0.10187 -0.033651 6.9058e-05 0.024427 0.071232 0.010192 0.0017156 -0.0056333
0.059454 0.37122 0.11462 -0.16157 -0.091358 -0.027004 -0.012334 -0.015253 -0.015786 -0.0046632 0.010511 0.0066474
0.049692 0.34606 0.12649 -0.18187 -0.11273 -0.032449 -0.0097615 -0.025168 0.011879 -0.020303 -0.02137 -0.0054452
0.037882 0.34741 0.15698 -0.20142 -0.10811 -0.02766 -0.01181 0.0013542 0.030485 -0.019556 0.0046215 0.004789
0.030089 0.34447 0.176 -0.23207 -0.11727 -0.031396 -0.0077928 -0.0029444 0.019016 -0.030649 -0.0091604 -0.0037367
0.03751 0.4039 0.19073 -0.26236 -0.12807 -0.018712 0.0074206 0.059431 0.014736 -0.030289 -0.010804 0.012685
0.04312 0.35076 0.20456 -0.26763 -0.12642 -0.0069747 0.0056105 -0.053139 0.013827 -0.0052671 0.0016483 0.011737
0.03992 0.34064 0.17163 -0.24895 -0.1393 0.010066 -0.0031997 -0.010115 -0.032924 0.018674 -0.012878 0.017041
0.086184 0.31428 0.18377 -0.24009 -0.069769 -0.017054 0.046264 -0.026363 0.012134 0.0088649 0.069532 -0.02712
0.021042 0.30249 0.11409 -0.20801 -0.070008 -0.0075692 -0.065142 -0.011786 -0.069681 0.032074 -0.00023918 0.0094845
0.062345 0.31691 0.14506 -0.23835 -0.0050723 -0.038269 0.041303 0.014412 0.030972 -0.030332 0.064936 -0.0307
0.002511 0.29005 0.095688 -0.22167 -0.023114 -0.010131 -0.059834 -0.026853 -0.049372 0.016677 -0.018042 0.028138
0.026317 0.29203 0.098704 -0.22839 -0.0072798 -0.013336 0.023806 0.0019735 0.0030154 -0.0067221 0.015834 -0.0032051
0.014068 0.29653 0.062283 -0.20495 -0.03699 -0.005453 -0.012249 0.0044987 -0.03642 0.023443 -0.029711 0.0078835
0.038115 0.29343 0.054102 -0.19363 -0.018841 -0.0097867 0.024047 -0.0030957 -0.008181 0.011322 0.018149 -0.0043337
0.0096976 0.27078 0.035187 -0.16796 -0.050689 -0.0086254 -0.028418 -0.022648 -0.018915 0.025661 -0.031847 0.0011613
0.047338 0.26825 0.03823 -0.16065 -0.0054421 -0.0032538 0.037641 -0.0025321 0.0030421 0.0073187 0.045246 0.0053716
0.0016701 0.26177 0.019456 -0.18352 -0.047423 -0.016754 -0.045668 -0.0064856 -0.018774 -0.022872 -0.04198 -0.0135
0.03491 0.28913 0.033418 -0.196 0.045213 -0.013219 0.03324 0.027364 0.013962 -0.012479 0.092635 0.0035351
0.019838 0.28515 0.025996 -0.28407 -0.13616 -0.043937 -0.015072 -0.0039833 -0.0074224 -0.088073 -0.18137 -0.030718
0.026449 0.29378 0.0053955 -0.2411 0.054744 -0.01399 0.0066114 0.0086305 -0.0206 0.042972 0.1909 0.029947
0.044176 0.27993 -0.021819 -0.27231 -0.2397 -0.035422 0.017726 -0.013848 -0.027214 -0.03121 -0.29444 -0.021432
0.034669 0.30298 -0.04334 -0.21039 -0.01163 -0.014184 -0.0095061 0.023049 -0.021521 0.061922 0.22807 0.021238
0.058159 0.29247 -0.02742 -0.22858 -0.21606 -0.029764 0.02349 -0.010504 0.01592 -0.018196 -0.20443 -0.01558
0.04555 0.29687 -0.015087 -0.22239 -0.11624 -0.024917 -0.012609 0.0043913 0.012333 0.0061896 0.099818 0.0048471
0.055302 0.28593 0.008243 -0.22841 -0.14662 -0.021856 0.0097518 -0.010934 0.02333 -0.0060186 -0.030378 0.0030611
0.060057 0.29738 0.083773 -0.28937 -0.14669 -0.030076 0.004755 0.011446 0.07553 -0.060964 -6.7064e-05 -0.0082198
0.054239 0.31448 0.066108 -0.25726 -0.12094 -0.037 -0.0058183 0.017106 -0.017665 0.032114 0.025746 -0.0069244
0.063793 0.32512 0.17332 -0.25516 -0.12712 -0.0041164 0.0095539 0.010637 0.10722 0.002096 -0.0061807 0.032884
0.043567 0.24905 0.072206 -0.1409 -0.11184 -0.018817 -0.020225 -0.076066 -0.10112 0.11427 0.015285 -0.014701
0.045304 0.25519 0.076963 -0.12793 -0.10594 0.027983 0.0017371 0.0061316 0.0047563 0.01297 0.0058992 0.0468
0.05978 0.36133 0.01531 -0.2025 -0.11558 0.0023719 0.014476 0.10615 -0.061652 -0.074575 -0.0096443 -0.025611
0.062103 0.42309 0.005215 -0.27056 -0.13142 0.00098519 0.002323 0.06176 -0.010095 -0.06806 -0.015838 -0.0013867
0.087202 0.57428 0.037538 -0.25533 -0.14811 0.025562 0.025099 0.15119 0.032323 0.015234 -0.016693 0.024577
0.071436 0.4123 0.033056 -0.25889 -0.14968 -0.018294 -0.015766 -0.16199 -0.0044822 -0.0035632 -0.0015701 -0.043857
0.074415 0.38811 0.024612 -0.16315 -0.13328 0.0061579 0.0029792 -0.024183 -0.008444 0.095746 0.016408 0.024452
0.066015 0.3418 0.017056 -0.28039 -0.13043 -0.035367 -0.0084001 -0.046307 -0.0075557 -0.11724 0.0028412 -0.041525
0.05777 0.3188 0.049088 -0.22506 -0.096242 -0.027847 -0.0082453 -0.023009 0.032032 0.055329 0.034192 0.0075196
0.05485 0.35262 0.072829 -0.25027 -0.091569 -0.023557 -0.0029198 0.033827 0.023741 -0.025205 0.0046732 0.0042902
0.046343 0.33278 0.099248 -0.21134 -0.069844 -0.022795 -0.0085067 -0.019839 0.026419 0.038926 0.021725 0.00076201
0.048122 0.32836 0.10655 -0.19445 -0.065925 -0.022245 0.001779 -0.0044199 0.0073032 0.016885 0.0039188 0.00054983
0.050664 0.36652 0.095681 -0.20771 -0.059277 -0.020998 0.0025421 0.03816 -0.01087 -0.013258 0.0066483 0.0012468
0.052832 0.33204 0.10901 -0.19309 -0.054521 -0.027265 0.002168 -0.034483 0.013333 0.01462 0.0047557 -0.0062667
0.052684 0.34071 0.12734 -0.19138 -0.044457 -0.018698 -0.00014813 0.008673 0.018326 0.0017172 0.010064 0.0085668
0.057263 0.34765 0.12425 -0.19385 -0.054895 -0.023274 0.0045787 0.0069403 -0.0030889 -0.0024756 -0.010438 -0.0045756
0.057273 0.35749 0.13734 -0.18449 -0.056056 -0.020988 9.7512e-06 0.0098342 0.01309 0.0093641 -0.0011613 0.0022857
0.058272 0.33017 0.1639 -0.18123 -0.040567 -0.033431 0.00099887 -0.027321 0.026564 0.0032523 0.01549 -0.012443
0.057983 0.34906 0.13643 -0.22491 -0.049119 -0.025015 -0.00028873 0.018893 -0.027478 -0.043673 -0.0085521 0.0084156
0.066845 0.41717 0.14371 -0.20123 -0.069953 -0.019399 0.0088622 0.068111 0.0072853 0.023682 -0.020835 0.0056164
0.071244 0.46153 0.11007 -0.22028 -0.083298 0.018037 0.0043989 0.044358 -0.033643 -0.019054 -0.013345 0.037436
0.081243 0.60817 0.044924 -0.064032 -0.065976 0.016363 0.0099988 0.14664 -0.065145 0.15625 0.017323 -0.0016737
0.094597 0.63577 0.30778 0.048287 -0.11039 0.035687 0.013355 0.027599 0.26286 0.11232 -0.044416 0.019324
0.12483 0.9875 0.53021 0.21321 -0.15716 0.04745 0.030237 0.35172 0.22243 0.16492 -0.046765 0.011763
0.17608 1.1344 0.61933 0.46668 -0.29898 0.071919 0.051243 0.14693 0.089116 0.25347 -0.14182 0.024468
0.20169 1.2722 0.54144 0.49995 -0.36803 0.078752 0.025613 0.1378 -0.077881 0.033272 -0.069056 0.0068334
0.20191 1.0176 0.11875 0.67571 -0.30435 0.026325 0.00022366 -0.25467 -0.4227 0.17575 0.063679 -0.052427
0.17771 0.79744 0.25679 0.50191 -0.32612 -0.0366 -0.024208 -0.22013 0.13804 -0.1738 -0.021762 -0.062925
0.12305 0.62748 0.42907 0.48189 -0.098662 -0.090335 -0.054654 -0.16996 0.17229 -0.020022 0.22745 -0.053735
0.050482 0.62608 0.62933 0.3554 0.11689 -0.11874 -0.07257 -0.0014001 0.20025 -0.12649 0.21555 -0.028401
0.12713 0.58421 0.61968 0.23127 -0.26075 -0.094121 0.076649 -0.041869 -0.0096494 -0.12413 -0.37764 0.024615
0.25319 0.55076 0.46142 0.1425 -0.9096 -0.025157 0.12606 -0.033452 -0.15826 -0.088769 -0.64884 0.068964
0.38716 0.48454 0.40703 0.072993 -1.5058 0.01897 0.13397 -0.066221 -0.05439 -0.069509 -0.5962 0.044127
0.44081 0.49316 0.43093 0.054064 -1.6843 0.074446 0.053648 0.0086217 0.023904 -0.018929 -0.1785 0.055476
0.19979 0.4654 0.32383 0.074541 -0.55448 0.0029159 -0.24102 -0.02776 -0.1071 0.020477 1.1298 -0.07153
0.16438 0.43878 0.23036 0.031803 -0.41029 -0.00026082 -0.035409 -0.026618 -0.093474 -0.042739 0.14419 -0.0031767
0.09534 0.47641 0.17631 0.0028093 -0.20507 -0.0073189 -0.069038 0.03763 -0.054047 -0.028993 0.20522 -0.0070581
0.12569 0.41358 0.060055 -0.051659 -0.46739 -0.0095412 0.030353 -0.06283 -0.11625 -0.054469 -0.26232 -0.0022224
0.2078 0.36677 0.16437 -0.34263 -0.81139 0.034772 0.082103 -0.046813 0.10431 -0.29097 -0.34399 0.044313
0.15106 0.46266 0.29607 -0.19979 -0.53465 0.0021175 -0.056733 0.095886 0.13171 0.14284 0.27673 -0.032655
0.26542 0.78502 0.70852 -0.12323 -0.89134 0.030918 0.11436 0.32237 0.41245 0.076558 -0.35669 0.028801
0.33142 1.5314 1.1294 0.63367 -0.94626 0.098816 0.066001 0.74642 0.42084 0.75689 -0.054916 0.067897
0.39279 1.8266 1.3012 0.97237 -1.0621 0.089854 0.061371 0.29512 0.17186 0.3387 -0.11587 -0.0089614
0.46244 2.0162 1.3874 1.1398 -1.0819 0.20688 0.069648 0.18967 0.08617 0.16747 -0.019743 0.11702
0.47466 1.8071 1.4235 1.0066 -1.0093 0.18114 0.01222 -0.20913 0.036162 -0.13322 0.072607 -0.025734
0.51559 1.7037 1.6607 0.77439 -1.1024 0.16767 0.040928 -0.10344 0.23713 -0.23222 -0.093173 -0.013476
0.43693 1.5389 1.436 0.54604 -0.86399 0.1339 -0.07866 -0.16477 -0.22465 -0.22836 0.23844 -0.033772
0.39127 1.1802 1.262 0.32235 -0.8363 0.029416 -0.045665 -0.35868 -0.17402 -0.22368 0.027696 -0.10448
0.24526 0.77793 0.3154 0.088986 -0.47323 0.067503 -0.14601 -0.40227 -0.94661 -0.23337 0.36306 0.038087
0.21837 0.57168 0.13845 -0.031306 -0.48832 0.035682 -0.026883 -0.20626 -0.17695 -0.12029 -0.01509 -0.031821
0.14209 0.51628 -0.21118 -0.0082621 -0.40089 0.048864 -0.076278 -0.055397 -0.34963 0.023044 0.087431 0.013182
0.10471 0.55591 -0.035677 -0.1375 -0.43615 0.03211 -0.037386 0.039627 0.17551 -0.12924 -0.035257 -0.016754
0.082538 0.51783 0.0047336 -0.12609 -0.45328 0.023059 -0.02217 -0.038078 0.04041 0.011414 -0.017126 -0.009051
0.061862 0.46598 0.01426 -0.19375 -0.41947 0.028772 -0.020676 -0.051848 0.0095266 -0.067669 0.03381 0.0057129
0.072736 0.47209 0.068737 -0.18519 -0.39874 0.033364 0.010874 0.0061113 0.054477 0.0085601 0.020729 0.0045919
0.076688 0.49657 0.10637 -0.17241 -0.4083 0.033884 0.0039519 0.024478 0.03763 0.012787 -0.0095587 0.00052041
0.07265 0.4673 0.16582 -0.21394 -0.40344 0.033804 -0.0040382 -0.029266 0.059448 -0.041534 0.0048557 -7.9927e-05
0.071299 0.45618 0.18939 -0.27903 -0.40149 0.04271 -0.0013509 -0.011119 0.023578 -0.065092 0.0019461 0.008906
0.072385 0.41685 0.13236 -0.25848 -0.39675 0.031515 0.0010852 -0.039329 -0.057036 0.02055 0.0047423 -0.011195
0.060818 0.40312 -0.032671 -0.24255 -0.42135 0.032853 -0.011567 -0.013734 -0.16503 0.015929 -0.024597 0.0013386
0.065708 0.42375 -0.18685 -0.10918 -0.45804 0.015582 0.0048903 0.020634 -0.15418 0.13337 -0.036692 -0.017272
0.059038 0.4355 -0.30975 0.022448 -0.52804 0.016714 -0.0066699 0.011745 -0.1229 0.13163 -0.07 0.0011321
0.071209 0.46844 -0.2322 0.034736 -0.51569 0.016241 0.012171 0.032938 0.077544 0.012289 0.012346 -0.00047262
0.061252 0.47872 -0.23751 0.099611 -0.51455 0.0076811 -0.0099566 0.010288 -0.0053086 0.064875 0.0011415 -0.0085601
0.055855 0.44379 -0.16778 -0.032903 -0.47 0.011611 -0.0053974 -0.034939 0.069729 -0.13251 0.044556 0.0039299
0.040028 0.44365 -0.15848 -0.11841 -0.46815 0.012099 -0.015827 -0.00013608 0.0093059 -0.085504 0.0018449 0.00048835
0.051207 0.41929 -0.096789 -0.20306 -0.46552 0.01826 0.011179 -0.024357 0.061688 -0.084648 0.0026333 0.0061605
0.083835 0.49268 0.14138 -0.43785 -0.45208 0.07971 0.032628 0.073393 0.23817 -0.2348 0.013436 0.061451
0.096962 0.4101 0.076381 -0.21857 -0.42664 0.049219 0.013126 -0.082582 -0.065002 0.21928 0.025443 -0.030491
0.11908 0.46334 0.1859 -0.42053 -0.43717 0.094851 0.022117 0.053233 0.10952 -0.20195 -0.010531 0.045631
0.1677 0.33229 -0.0044324 -0.31768 -0.77682 0.075459 0.048623 -0.13104 -0.19033 0.10285 -0.33965 -0.019392
0.14892 0.3843 0.00081342 -0.44865 -0.73713 0.092073 -0.018785 0.052013 0.0052458 -0.13097 0.03969 0.016614
0.22039 0.36276 0.051578 -0.65561 -1.0488 0.1586 0.071473 -0.021543 0.050765 -0.20696 -0.31169 0.066524
0.092622 0.37 -0.011939 -0.3752 -0.44933 0.1043 -0.12777 0.0072354 -0.063518 0.28041 0.59949 -0.054293
0.13203 0.38625 0.086495 -0.57655 -0.65218 0.1276 0.039404 0.016251 0.098434 -0.20135 -0.20285 0.023297
0.076798 0.36017 0.043666 -0.30337 -0.2099 0.084163 -0.055227 -0.026082 -0.042829 0.27317 0.44227 -0.043438
0.12757 0.38844 0.088936 -0.52727 -0.64989 0.078219 0.050771 0.028274 0.04527 -0.2239 -0.43999 -0.0059437
0.11823 0.37827 0.088546 -0.44606 -0.38503 0.10275 -0.0093377 -0.01017 -0.00038963 0.08121 0.26487 0.024529
0.1051 0.37649 0.074751 -0.50262 -0.58008 0.078707 -0.013131 -0.0017808 -0.013795 -0.056562 -0.19506 -0.024041
0.12525 0.34137 0.12058 -0.39684 -0.37878 0.10327 0.020146 -0.035122 0.045832 0.10578 0.2013 0.02456
0.1917 0.34881 0.28757 -0.48951 -0.36273 0.11968 0.066455 0.0074487 0.16698 -0.092665 0.016057 0.016412
0.27317 0.38643 0.35157 -0.45493 -0.33618 0.14292 0.081472 0.037619 0.064004 0.034576 0.026543 0.02324
0.33382 0.39687 0.49388 -0.69509 -0.2821 0.16302 0.060645 0.010433 0.14231 -0.24016 0.054086 0.020101
0.3895 0.29753 0.51338 -0.65587 -0.30097 0.096892 0.055684 -0.099339 0.019495 0.039228 -0.018876 -0.066129
0.41077 0.23142 0.56686 -0.81472 -0.31572 0.049833 0.021271 -0.066104 0.053483 -0.15885 -0.014748 -0.047058
0.42547 0.11184 0.55637 -0.80214 -0.32267 -0.012937 0.014694 -0.11959 -0.010491 0.012574 -0.0069515 -0.06277
0.35745 0.2424 0.34165 -0.74908 -0.39109 -0.0064516 -0.068019 0.13056 -0.21472 0.053068 -0.068414 0.0064854
0.27252 0.2739 0.18085 -0.70288 -0.43219 0.046692 -0.084928 0.031503 -0.16079 0.046199 -0.041108 0.053143
0.18553 0.33128 -0.00084473 -0.49479 -0.44312 0.041492 -0.086992 0.05738 -0.1817 0.20808 -0.010929 -0.0052003
0.13428 0.34215 0.021425 -0.49057 -0.43958 0.074307 -0.051245 0.010868 0.02227 0.0042235 0.0035437 0.032816
0.12147 0.3022 0.060299 -0.46757 -0.41306 0.048509 -0.012817 -0.039943 0.038874 0.023002 0.02652 -0.025798
0.11725 0.33324 0.13184 -0.5367 -0.39709 0.066694 -0.0042164 0.031037 0.071543 -0.069135 0.015969 0.018184
0.11191 0.33624 0.16062 -0.55965 -0.40754 0.072353 -0.005335 0.0029954 0.028774 -0.022946 -0.010448 0.0056592
0.11125 0.32293 0.19795 -0.56561 -0.39012 0.064311 -0.00066777 -0.013308 0.037332 -0.0059638 0.017423 -0.0080414
0.10368 0.32316 0.21519 -0.58003 -0.39863 0.062156 -0.0075672 0.00022723 0.017242 -0.014414 -0.0085138 -0.0021552
0.10353 0.34644 0.21013 -0.60742 -0.40899 0.065278 -0.0001479 0.023281 -0.0050618 -0.027397 -0.010364 0.0031217
0.10887 0.31282 0.22775 -0.61951 -0.40271 0.060078 0.0053393 -0.03362 0.017617 -0.012085 0.0062861 -0.0052003
0.11104 0.34051 0.21289 -0.62705 -0.40965 0.065176 0.0021703 0.02769 -0.014853 -0.0075369 -0.0069389 0.0050982
0.10661 0.33386 0.22928 -0.62103 -0.40605 0.052064 -0.0044326 -0.0066469 0.016391 0.0060179 0.0035926 -0.013112
0.097392 0.3149 0.25293 -0.67005 -0.38431 0.051543 -0.0092164 -0.018962 0.023642 -0.049025 0.021739 -0.00052108
0.079878 0.33885 0.2522 -0.77911 -0.40499 0.042115 -0.017514 0.023951 -0.00072825 -0.10906 -0.020674 -0.0094286
0.075902 0.29176 0.29474 -0.87186 -0.39882 0.040476 -0.0039759 -0.047093 0.042542 -0.09275 0.0061731 -0.0016382
0.069823 0.28221 0.26541 -0.94449 -0.37431 0.030927 -0.0060797 -0.009543 -0.029328 -0.072625 0.024501 -0.0095491
0.073034 0.2879 0.25996 -0.88117 -0.36332 0.041148 0.0032112 0.0056859 -0.0054558 0.063321 0.010995 0.010221
0.077354 0.32357 0.23601 -0.80639 -0.33687 0.043918 0.00432 0.035671 -0.023942 0.07478 0.026451 0.0027695
0.087095 0.3279 0.21848 -0.74421 -0.34222 0.055203 0.0097413 0.0043283 -0.017531 0.062171 -0.0053511 0.011285
0.079624 0.35691 0.21921 -0.76226 -0.35026 0.046176 -0.0074711 0.029012 0.00072882 -0.018045 -0.0080397 -0.0090274
0.074776 0.32455 0.24538 -0.83693 -0.37636 0.047182 -0.0048477 -0.032365 0.026168 -0.074676 -0.026105 0.0010064
0.052572 0.32756 0.16699 -0.71171 -0.38799 0.034551 -0.022204 0.0030105 -0.078387 0.12522 -0.011626 -0.012631
0.048893 0.36802 0.10843 -0.68097 -0.45016 0.03329 -0.0036786 0.040467 -0.058566 0.030744 -0.062169 -0.0012613
0.052794 0.35262 -0.089633 -0.41577 -0.44203 0.031666 0.0039003 -0.015403 -0.19806 0.2652 0.0081327 -0.001624
0.053035 0.37878 -0.098939 -0.62364 -0.48343 0.020123 0.00024157 0.02616 -0.0093059 -0.20787 -0.041405 -0.011543
0.067685 0.32764 -0.069112 -0.61507 -0.44125 0.0349 0.01465 -0.051137 0.029827 0.0085675 0.042183 0.014778
0.094844 0.33727 0.065838 -0.88336 -0.71686 0.049525 0.027158 0.0096286 0.13495 -0.26829 -0.27562 0.014625
0.01187 0.31589 0.14317 -0.71496 -0.11691 0.010517 -0.082973 -0.021381 0.077334 0.1684 0.59995 -0.039008
0.15118 0.314 0.093405 -0.7872 -0.90485 0.082818 0.13931 -0.0018906 -0.049767 -0.072236 -0.78794 0.0723
0.072213 0.3145 0.11587 -0.64097 -0.30405 0.044914 -0.078963 0.00049729 0.022464 0.14622 0.6008 -0.037904
0.35434 0.29725 0.035213 -0.80155 -1.6906 0.2085 0.28213 -0.017249 -0.080655 -0.16058 -1.3866 0.16359
0.27795 0.29648 0.049457 -0.75682 -1.17 0.19028 -0.07639 -0.00076769 0.014243 0.044735 0.52061 -0.018226
0.29147 0.2654 -0.023546 -0.77293 -1.1454 0.21985 0.013517 -0.031075 -0.073003 -0.016115 0.024627 0.029576
