-7.2384e-06 -0.0054739 0.0046221 -0.00077085 1.7839e-05 -0.00038241 0 0 0 0 0 0
0.0062149 0.018142 -0.029332 -0.0052643 7.9841e-06 0.003218 0.0062222 0.023616 -0.033954 -0.0044935 -9.8553e-06 0.0036004
0.0050404 0.11012 -0.029393 0.0046516 -1.4212e-05 0.0014797 -0.0011745 0.091976 -6.0709e-05 0.009916 -2.2196e-05 -0.0017383
0.0027841 0.064129 0.008683 -0.01339 8.1615e-06 0.010307 -0.0022563 -0.04599 0.038076 -0.018041 2.2374e-05 0.0088275
-0.00088251 0.14546 0.025355 -0.0019476 1.115e-05 0.006283 -0.0036666 0.081327 0.016672 0.011442 2.9889e-06 -0.0040242
-0.00065608 0.10618 0.046707 -0.017907 -4.9251e-05 0.0097947 0.00022642 -0.039277 0.021351 -0.01596 -6.0402e-05 0.0035117
0.00057019 0.11361 0.054489 -0.014764 3.4357e-05 0.0090875 0.0012263 0.0074357 0.0077826 0.0031435 8.3609e-05 -0.00070722
-7.3159e-05 0.1409 0.036938 -0.012806 0.00011426 0.013383 -0.00064335 0.027283 -0.017551 0.0019578 7.9903e-05 0.0042954
-6.309e-05 0.13041 0.061504 -0.015279 -0.00022171 0.011272 1.0069e-05 -0.010491 0.024566 -0.0024729 -0.00033597 -0.002111
0.00054161 0.13856 0.078022 -0.022938 -8.6778e-05 0.010208 0.0006047 0.0081576 0.016518 -0.0076592 0.00013493 -0.001064
-0.00015987 0.12022 0.064145 -0.0070747 0.00065373 0.014196 -0.00070148 -0.018342 -0.013877 0.015863 0.00074051 0.0039886
-0.0054258 0.07693 0.12671 -0.011391 -0.00039976 0.015822 -0.005266 -0.043293 0.06257 -0.0043161 -0.0010535 0.0016253
-0.011583 0.09743 0.034417 0.035768 -0.0011981 0.029394 -0.0061573 0.020499 -0.092297 0.047159 -0.00079836 0.013573
-0.012013 0.1378 0.014269 0.039325 -0.0099443 0.019724 -0.00042954 0.04037 -0.020149 0.0035571 -0.0087461 -0.0096707
-0.0093762 0.12366 0.0060013 0.053145 -0.0088368 0.024306 0.0026365 -0.014136 -0.0082672 0.01382 0.0011074 0.0045819
0.0010869 0.13087 -0.0036805 0.045162 -0.011812 0.015782 0.010463 0.0072043 -0.0096818 -0.007983 -0.0029752 -0.0085237
0.00046217 0.085823 0.068461 0.035926 -0.0061569 0.023587 -0.00062477 -0.045046 0.072141 -0.0092367 0.0056551 0.0078048
0.0024047 0.10208 0.037237 0.037944 -0.0073163 0.025929 0.0019426 0.016254 -0.031223 0.0020179 -0.0011595 0.002342
-0.0019989 0.098212 0.038218 0.040306 -0.010406 0.025626 -0.0044036 -0.0038642 0.00098013 0.0023629 -0.0030892 -0.00030215
0.00012062 0.1265 0.047654 0.038161 -0.007175 0.029757 0.0021195 0.028286 0.0094363 -0.002145 0.0032305 0.0041302
0.0030061 0.078993 0.072997 0.055996 0.0020726 0.020409 0.0028854 -0.047506 0.025343 0.017834 0.0092476 -0.0093475
-0.0039731 0.11958 0.035103 0.041943 -0.0065785 0.016694 -0.0069792 0.040589 -0.037895 -0.014052 -0.0086511 -0.0037151
-0.002538 0.076413 0.050736 0.034828 -0.0050732 0.014578 0.0014352 -0.043168 0.015633 -0.0071149 0.0015053 -0.0021166
-0.013565 0.08357 0.01062 -0.0055976 -0.037687 0.012742 -0.011027 0.007157 -0.040116 -0.040426 -0.032614 -0.0018352
-0.0053696 0.076083 0.09415 -0.032764 -0.030137 0.039536 0.0081952 -0.0074869 0.083529 -0.027167 0.0075493 0.026794
-0.0056752 0.10069 0.11217 -0.040584 -0.03888 0.038727 -0.00030561 0.024611 0.018024 -0.00782 -0.0087428 -0.00080944
-0.00027074 0.12281 0.13483 -0.032547 -0.033271 0.05283 0.0054044 0.02212 0.022652 0.008037 0.0056092 0.014103
0.0048082 0.14446 0.16458 -0.041103 -0.037233 0.044262 0.005079 0.021643 0.029749 -0.0085553 -0.0039618 -0.0085678
0.011412 0.1304 0.15772 -0.040894 -0.046636 0.047367 0.0066041 -0.014061 -0.0068527 0.00020828 -0.0094028 0.0031045
0.01678 0.12976 0.21044 -0.06556 -0.048798 0.049458 0.0053672 -0.00063933 0.052716 -0.024666 -0.0021618 0.0020911
0.021609 0.14197 0.18713 -0.063064 -0.057915 0.042731 0.0048294 0.012216 -0.023306 0.0024963 -0.009117 -0.0067266
0.014321 0.13103 0.19074 -0.05722 -0.048556 0.047388 -0.0072884 -0.010948 0.0036068 0.0058441 0.0093584 0.0046569
0.0059662 0.13137 0.19349 -0.051354 -0.051465 0.033898 -0.0083543 0.0003455 0.0027527 0.0058659 -0.002909 -0.01349
-0.0069714 0.119 0.17383 -0.05673 -0.023674 0.050234 -0.012938 -0.012375 -0.019663 -0.0053763 0.027792 0.016336
-0.016662 0.13335 0.28633 -0.11796 -0.023794 0.045977 -0.0096901 0.014359 0.1125 -0.061228 -0.0001209 -0.0042571
-0.023213 0.17154 0.23165 -0.060178 -0.042075 0.03238 -0.0065519 0.03819 -0.054681 0.05778 -0.018281 -0.013597
-0.025058 0.1649 0.24226 -0.066911 -0.031076 0.03596 -0.0018443 -0.0066475 0.010611 -0.0067321 0.011 0.0035796
-0.03147 0.16646 -0.0051732 0.11128 -0.064385 -0.0035494 -0.0064122 0.0015659 -0.24743 0.17819 -0.03331 -0.039509
-0.031653 0.075039 -0.15422 0.092534 0.0032102 0.026053 -0.00018342 -0.091424 -0.14905 -0.018747 0.067596 0.029602
-0.037661 0.098911 -0.29932 0.14981 -0.007643 0.0090917 -0.006008 0.023872 -0.14509 0.057274 -0.010853 -0.016961
-0.036453 0.05416 -0.31308 0.097814 0.019989 0.038476 0.0012079 -0.044751 -0.013765 -0.051995 0.027632 0.029384
-0.038936 0.10166 -0.28878 0.11237 -0.0011935 0.02819 -0.0024827 0.047502 0.0243 0.014552 -0.021182 -0.010286
-0.038681 0.090407 -0.28127 0.11317 -0.011352 0.03123 0.00025456 -0.011255 0.0075157 0.00080176 -0.010159 0.0030399
-0.038182 0.07916 -0.2665 0.12303 -0.010954 0.022057 0.00049921 -0.011247 0.014771 0.0098629 0.00039781 -0.0091734
-0.036961 0.078256 -0.24546 0.089139 -0.012222 0.025204 0.0012217 -0.0009044 0.021034 -0.033891 -0.0012679 0.0031473
-0.041669 0.069552 -0.26202 0.10782 -0.0093604 0.029351 -0.0047086 -0.0087034 -0.016561 0.01868 0.0028621 0.0041474
-0.046077 0.079757 -0.24357 0.097406 -0.009498 0.026497 -0.004408 0.010205 0.018457 -0.010413 -0.00013759 -0.0028549
-0.056495 0.073994 -0.25678 0.094147 -0.00831 0.015616 -0.010418 -0.0057631 -0.013215 -0.0032593 0.0011879 -0.01088
-0.046071 0.085059 -0.27006 0.10662 -0.0037842 0.024439 0.010424 0.011065 -0.013273 0.012473 0.0045258 0.0088226
-0.032961 0.076418 -0.20869 0.070887 -0.0073805 0.026977 0.01311 -0.0086413 0.061361 -0.035733 -0.0035963 0.0025379
-0.066907 0.075249 -0.26897 0.1159 0.010757 0.00047738 -0.033945 -0.0011683 -0.060275 0.045012 0.018137 -0.0265
-0.087519 0.1006 -0.27862 0.10375 0.013156 -0.027805 -0.020612 0.025353 -0.0096461 -0.012146 0.0023993 -0.028282
-0.17839 0.042058 -0.35142 0.14582 0.03544 -0.12516 -0.090869 -0.058544 -0.072803 0.042071 0.022284 -0.097353
-0.16474 0.053688 -0.37849 0.11564 0.029873 -0.10003 0.013646 0.011629 -0.027069 -0.030184 -0.0055666 0.025124
-0.18362 0.038233 -0.37119 0.21389 0.040987 -0.12176 -0.01888 -0.015455 0.0072983 0.098251 0.011114 -0.02173
-0.15452 0.032579 -0.22645 0.049408 0.030691 -0.073878 0.029105 -0.0056533 0.14474 -0.16448 -0.010297 0.047886
-0.16385 0.037639 -0.093039 -0.13194 0.034926 -0.073017 -0.0093331 0.0050598 0.13341 -0.18135 0.0042353 0.00086084
-0.18465 0.088425 -0.33677 0.34119 0.052645 -0.10313 -0.020801 0.050786 -0.24373 0.47313 0.01772 -0.030109
-0.18846 0.12797 -0.48482 0.56386 0.037662 -0.097868 -0.003805 0.03955 -0.14806 0.22267 -0.014983 0.0052582
-0.2004 0.38008 -1.2467 1.9483 0.056983 -0.15043 -0.011941 0.2521 -0.76191 1.3845 0.019321 -0.052567
-0.18037 0.3722 -1.1759 1.9547 -0.0067761 -0.14841 0.020023 -0.007875 0.070805 0.0063133 -0.063759 0.0020236
-0.17469 0.49357 -1.3001 2.118 -0.015233 -0.15418 0.0056859 0.12137 -0.1242 0.16333 -0.0084565 -0.0057739
-0.15298 0.38201 -1.1032 1.7437 -0.03427 -0.13419 0.02171 -0.11156 0.19694 -0.37424 -0.019037 0.019993
-0.14636 0.40258 -1.0364 1.3221 -0.013011 -0.086521 0.0066208 0.02057 0.06674 -0.42163 0.021259 0.04767
-0.141 0.32494 -0.94257 1.3983 0.014488 -0.077723 0.0053542 -0.077639 0.093875 0.076135 0.027499 0.0087974
-0.1421 0.27936 -0.79338 1.2932 0.022697 -0.05924 -0.0010931 -0.045586 0.14919 -0.1051 0.0082086 0.018483
-0.1442 0.28515 -0.5394 1.3632 0.038792 -0.057713 -0.0020993 0.0057905 0.25398 0.070079 0.016095 0.0015267
-0.14566 0.31887 -0.61239 1.4298 0.05708 -0.056591 -0.0014664 0.033724 -0.072991 0.066589 0.018288 0.0011219
-0.14482 0.46151 -0.67634 1.4034 0.085871 -0.054165 0.00084683 0.14264 -0.063951 -0.026425 0.028791 0.0024262
-0.14052 0.45117 -0.76158 1.3694 0.10787 -0.057245 0.0042908 -0.010344 -0.085237 -0.034046 0.022003 -0.0030796
-0.13787 0.43941 -0.76953 1.3428 0.12144 -0.066168 0.0026539 -0.011757 -0.0079514 -0.026585 0.01357 -0.0089232
-0.13105 0.36582 -0.69833 1.2841 0.12319 -0.066361 0.0068167 -0.073588 0.071199 -0.058633 0.0017432 -0.00019279
-0.12686 0.35239 -0.68717 1.2574 0.1229 -0.073331 0.0041972 -0.013431 0.011157 -0.026753 -0.00028221 -0.0069701
-0.1218 0.35811 -0.69276 1.2067 0.1155 -0.071512 0.0050592 0.0057136 -0.0055891 -0.050696 -0.0074052 0.0018194
-0.12448 0.36322 -0.69648 1.1707 0.11635 -0.071869 -0.0026853 0.0051148 -0.0037158 -0.035991 0.00085593 -0.00035712
-0.12379 0.35183 -0.68823 1.1447 0.11109 -0.07009 0.00069394 -0.011388 0.0082502 -0.025946 -0.0052691 0.0017787
-0.12899 0.31428 -0.66948 1.1294 0.10862 -0.068441 -0.0051988 -0.037551 0.018745 -0.015326 -0.0024671 0.0016486
-0.12256 0.33083 -0.63417 1.1039 0.10191 -0.069999 0.006426 0.016553 0.035306 -0.025494 -0.0067115 -0.0015573
-0.12552 0.29859 -0.60902 1.1021 0.105 -0.063777 -0.0029618 -0.032248 0.025152 -0.0018646 0.0030946 0.0062214
-0.12184 0.34971 -0.61393 1.0892 0.1028 -0.061004 0.0036827 0.051124 -0.004912 -0.012903 -0.0022005 0.002773
-0.11804 0.28569 -0.57651 1.05 0.11308 -0.055057 0.003803 -0.064018 0.037429 -0.039157 0.010274 0.0059472
-0.1153 0.31906 -0.60135 1.0303 0.097864 -0.05419 0.0027404 0.033372 -0.024841 -0.019721 -0.015211 0.00086674
-0.11111 0.26918 -0.56739 0.98303 0.10421 -0.054523 0.004191 -0.049887 0.033955 -0.047255 0.0063485 -0.00033292
-0.11839 0.30557 -0.58457 0.99807 0.098492 -0.05494 -0.0072822 0.036395 -0.017179 0.015042 -0.005721 -0.00041698
-0.12433 0.29503 -0.60432 0.98746 0.11568 -0.050389 -0.0059414 -0.01054 -0.019754 -0.010614 0.017188 0.0045514
-0.12666 0.2985 -0.58531 0.97265 0.11627 -0.048591 -0.0023345 0.0034671 0.019014 -0.014803 0.00058571 0.001798
-0.12615 0.30502 -0.63146 0.96848 0.12522 -0.043337 0.00051776 0.0065162 -0.046147 -0.0041709 0.0089587 0.0052542
-0.12229 0.28601 -0.61876 0.95362 0.11471 -0.042393 0.0038591 -0.019003 0.012699 -0.014861 -0.010509 0.00094368
-0.11975 0.31045 -0.62182 0.9564 0.11914 -0.041587 0.0025381 0.024433 -0.0030621 0.0027785 0.0044272 0.00080582
-0.11674 0.27702 -0.60052 0.94373 0.11214 -0.044543 0.0030124 -0.033424 0.021301 -0.012667 -0.0069984 -0.0029561
-0.11315 0.30007 -0.58951 0.92254 0.11624 -0.044639 0.0035885 0.023049 0.011013 -0.02119 0.0040928 -9.5645e-05
-0.11418 0.30049 -0.59916 0.90186 0.12234 -0.048265 -0.0010327 0.0004155 -0.0096498 -0.020683 0.0061062 -0.0036267
-0.11941 0.27749 -0.61388 0.88541 0.12294 -0.047282 -0.0052329 -0.022994 -0.014727 -0.016451 0.00060183 0.00098353
-0.12748 0.2956 -0.61855 0.86263 0.13141 -0.049823 -0.0080636 0.018106 -0.0046684 -0.022778 0.0084686 -0.0025414
-0.13031 0.26612 -0.61572 0.86222 0.13137 -0.050392 -0.0028291 -0.029481 0.0028312 -0.00040778 -4.0824e-05 -0.00056901
-0.12921 0.26751 -0.62061 0.83794 0.14012 -0.047356 0.001097 0.0013928 -0.0048861 -0.024283 0.0087438 0.003036
-0.13099 0.28463 -0.66283 0.87098 0.14844 -0.04984 -0.0017799 0.017124 -0.042225 0.033043 0.0083202 -0.0024835
-0.13123 0.2761 -0.68353 0.85458 0.14767 -0.049654 -0.00024336 -0.0085314 -0.020699 -0.016408 -0.0007696 0.00018608
-0.12619 0.27091 -0.69717 0.85106 0.15784 -0.051852 0.0050386 -0.0051897 -0.013639 -0.003511 0.010177 -0.002198
-0.12585 0.31207 -0.74723 0.89047 0.15405 -0.048897 0.00033956 0.041154 -0.050061 0.039409 -0.0037889 0.0029548
-0.1093 0.27755 -0.76209 0.90105 0.16249 -0.04378 0.016558 -0.034517 -0.014862 0.010578 0.0084346 0.0051167
-0.12393 0.33203 -0.85538 0.97906 0.15563 -0.047681 -0.014635 0.054486 -0.093288 0.078006 -0.0068588 -0.0039006
-0.11817 0.28962 -0.81489 0.93438 0.14434 -0.054172 0.0057645 -0.04241 0.040496 -0.04468 -0.011286 -0.0064914
-0.13166 0.27689 -0.81033 0.90355 0.14624 -0.058059 -0.013495 -0.012737 0.0045578 -0.030824 0.0018917 -0.0038864
-0.13243 0.27388 -0.73021 0.85273 0.13848 -0.059884 -0.0007691 -0.0030049 0.08012 -0.050819 -0.0077579 -0.0018255
-0.13465 0.26814 -0.75274 0.85729 0.14924 -0.050966 -0.0022149 -0.0057408 -0.022536 0.0045569 0.010766 0.0089185
-0.13451 0.28281 -0.68728 0.83225 0.13466 -0.051002 0.00013535 0.014665 0.065464 -0.025044 -0.01458 -3.5726e-05
-0.12837 0.28419 -0.71712 0.83972 0.13844 -0.047243 0.0061435 0.0013815 -0.029842 0.0074723 0.0037795 0.0037585
-0.11887 0.26553 -0.65493 0.78551 0.12406 -0.048838 0.0094937 -0.018658 0.062193 -0.054211 -0.014388 -0.0015949
-0.118 0.25748 -0.65389 0.7838 0.12929 -0.053377 0.00087632 -0.0080496 0.0010366 -0.0017045 0.0052356 -0.0045392
-0.11432 0.27524 -0.66933 0.77854 0.12042 -0.052171 0.0036788 0.017761 -0.015433 -0.0052661 -0.0088687 0.0012064
-0.11245 0.26187 -0.69739 0.78085 0.11887 -0.046178 0.0018718 -0.013368 -0.028061 0.0023093 -0.0015566 0.0059928
-0.11536 0.28163 -0.80677 0.8392 0.13606 -0.048258 -0.0029165 0.019759 -0.10938 0.058349 0.017196 -0.0020799
-0.11467 0.27028 -0.90575 0.86903 0.15065 -0.037116 0.00068933 -0.011349 -0.098977 0.029832 0.014585 0.011142
-0.12612 0.24801 -0.91034 0.89124 0.1789 -0.054543 -0.011446 -0.02227 -0.0045964 0.022208 0.028251 -0.017426
-0.12405 0.29564 -0.93401 0.89651 0.18286 -0.040828 0.0020722 0.047632 -0.02367 0.0052713 0.0039588 0.013715
-0.11521 0.24071 -0.77509 0.81542 0.16958 -0.048237 0.0088408 -0.054931 0.15892 -0.081083 -0.013274 -0.0074095
-0.10751 0.25705 -0.76181 0.8136 0.16627 -0.035541 0.0076925 0.016337 0.013282 -0.0018195 -0.0033134 0.012696
-0.098149 0.22043 -0.64908 0.72864 0.14716 -0.036125 0.0093655 -0.036619 0.11272 -0.084962 -0.019106 -0.000584
-0.099056 0.24751 -0.70524 0.7548 0.16124 -0.029906 -0.00090696 0.027077 -0.056158 0.026159 0.014082 0.0062192
-0.095052 0.23251 -0.64078 0.69719 0.14534 -0.035865 0.0040041 -0.015003 0.064466 -0.057612 -0.015908 -0.0059589
-0.090894 0.2368 -0.65407 0.68379 0.15232 -0.034204 0.0041582 0.0042938 -0.013295 -0.013399 0.006986 0.0016607
-0.086828 0.19477 -0.56169 0.62139 0.14345 -0.03587 0.0040657 -0.042028 0.092382 -0.062402 -0.0088736 -0.001666
-0.08681 0.23101 -0.57965 0.60224 0.15436 -0.028475 1.7758e-05 0.036238 -0.017963 -0.019148 0.010912 0.007395
-0.086343 0.20569 -0.5271 0.56977 0.14777 -0.024111 0.00046721 -0.025322 0.052547 -0.032472 -0.0065924 0.0043644
-0.08992 0.21729 -0.53154 0.55849 0.15085 -0.024038 -0.0035769 0.011601 -0.0044358 -0.011275 0.0030855 7.2554e-05
-0.08842 0.18012 -0.48375 0.5371 0.14185 -0.024808 0.0015003 -0.037168 0.047786 -0.021394 -0.0090036 -0.00076957
-0.090147 0.22527 -0.51396 0.54418 0.15355 -0.01615 -0.0017273 0.045153 -0.030203 0.0070849 0.011701 0.0086572
-0.082098 0.19396 -0.49679 0.54591 0.14942 -0.020694 0.0080493 -0.031312 0.017163 0.0017287 -0.0041262 -0.004544
-0.0845 0.20425 -0.50849 0.54427 0.15341 -0.015448 -0.0024017 0.010284 -0.011702 -0.0016443 0.0039905 0.0052464
-0.076544 0.16972 -0.45846 0.53398 0.14732 -0.029761 0.0079555 -0.034529 0.050039 -0.010288 -0.0060921 -0.014312
-0.08399 0.20557 -0.4817 0.55039 0.15682 -0.020504 -0.0074462 0.035847 -0.023242 0.016413 0.0094945 0.0092563
-0.073814 0.22037 -0.4359 0.53997 0.14767 -0.019679 0.010176 0.014804 0.045797 -0.010426 -0.0091478 0.00082486
-0.075647 0.21588 -0.45091 0.54709 0.1571 -0.015305 -0.0018326 -0.0044931 -0.015011 0.0071267 0.0094289 0.0043745
-0.069838 0.19481 -0.40734 0.52736 0.14161 -0.01138 0.0058092 -0.021063 0.043571 -0.019734 -0.015484 0.0039245
-0.073085 0.19704 -0.43881 0.5266 0.15377 -0.0216 -0.0032473 0.0022295 -0.031465 -0.00075858 0.01216 -0.01022
-0.075786 0.1832 -0.42403 0.52794 0.14354 -0.021024 -0.0027007 -0.013841 0.014779 0.0013394 -0.010229 0.00057615
-0.072656 0.2155 -0.43657 0.5199 0.14023 -0.021694 0.0031297 0.0323 -0.012546 -0.0080441 -0.0033121 -0.00066954
-0.07458 0.19233 -0.47904 0.52301 0.15152 -0.029434 -0.0019236 -0.023172 -0.04247 0.0031093 0.011287 -0.0077404
-0.087184 0.20285 -0.41848 0.51777 0.14986 -0.031554 -0.012605 0.01052 0.06056 -0.0052383 -0.0016608 -0.00212
-0.092883 0.17822 -0.45977 0.4684 0.16984 -0.042466 -0.0056988 -0.024625 -0.041289 -0.049366 0.019986 -0.010912
-0.11042 0.12981 -0.25043 0.39629 0.15563 -0.049433 -0.017541 -0.04841 0.20934 -0.072115 -0.014214 -0.0069666
-0.095021 0.16141 -0.31261 0.34223 0.17921 -0.021226 0.015404 0.031597 -0.062185 -0.054054 0.023576 0.028207
-0.091797 0.15775 -0.24464 0.31683 0.17469 -0.021152 0.0032236 -0.0036642 0.067973 -0.025404 -0.0045159 7.3651e-05
-0.084518 0.17147 -0.32431 0.34438 0.19952 -0.0012677 0.007279 0.013718 -0.079664 0.027555 0.024832 0.019884
-0.082633 0.1656 -0.30569 0.31499 0.17661 -0.010036 0.0018853 -0.0058615 0.018611 -0.029398 -0.022913 -0.0087685
-0.086812 0.15157 -0.31617 0.34609 0.19028 -0.01316 -0.0041797 -0.014036 -0.010473 0.031103 0.013668 -0.003124
-0.085731 0.16147 -0.29188 0.2983 0.18033 -0.0069568 0.0010819 0.0098977 0.024286 -0.047795 -0.0099491 0.0062034
-0.084007 0.17913 -0.33893 0.33644 0.19076 -0.015012 0.0017235 0.017668 -0.047047 0.038149 0.010432 -0.0080553
-0.087683 0.15046 -0.31283 0.29791 0.19218 -0.012298 -0.0036758 -0.028673 0.026097 -0.038536 0.0014154 0.0027138
-0.081393 0.17039 -0.3121 0.30445 0.17459 -0.016907 0.0062893 0.019924 0.00072943 0.006539 -0.017588 -0.0046091
-0.080342 0.14863 -0.3193 0.29473 0.18524 -0.0099877 0.0010513 -0.021755 -0.0071946 -0.0097132 0.010655 0.0069197
-0.076906 0.16307 -0.27095 0.26536 0.15653 -0.010292 0.0034361 0.014444 0.04835 -0.029372 -0.028716 -0.00030437
-0.078093 0.14303 -0.28296 0.25562 0.16523 -0.0093148 -0.0011869 -0.020049 -0.012009 -0.0097402 0.0087013 0.00097732
-0.077145 0.15478 -0.26062 0.24018 0.15167 -0.013223 0.00094824 0.011759 0.022336 -0.01544 -0.013554 -0.0039084
-0.077974 0.15255 -0.24859 0.24191 0.15357 -0.014609 -0.00082911 -0.0022354 0.012034 0.0017295 0.0018908 -0.0013861
-0.071442 0.13739 -0.24861 0.24076 0.15315 -0.014214 0.0065317 -0.015162 -2.4531e-05 -0.0011547 -0.00041375 0.00039482
-0.073673 0.15216 -0.23285 0.24377 0.15095 -0.015177 -0.0022313 0.014773 0.01576 0.0030148 -0.0022065 -0.00096207
-0.068663 0.13217 -0.21161 0.23307 0.15385 -0.016952 0.0050105 -0.019988 0.021242 -0.010705 0.0029033 -0.0017756
-0.070542 0.16223 -0.23669 0.2561 0.16493 -0.015276 -0.0018788 0.030056 -0.025081 0.023033 0.011084 0.0016763
-0.069269 0.16291 -0.21561 0.23805 0.16275 -0.018653 0.0012723 0.00068668 0.021082 -0.018047 -0.0021804 -0.003377
-0.072534 0.13374 -0.2135 0.23887 0.16495 -0.014782 -0.0032643 -0.029176 0.0021096 0.00081451 0.002202 0.0038712
-0.073905 0.14496 -0.19656 0.21955 0.1554 -0.014711 -0.0013713 0.011217 0.016942 -0.019322 -0.0095573 7.0329e-05
-0.0789 0.1168 -0.18882 0.2239 0.16136 -0.014202 -0.0049955 -0.028158 0.0077419 0.004355 0.0059644 0.00050899
-0.079375 0.14331 -0.18004 0.22068 0.15683 -0.011863 -0.00047409 0.026513 0.0087756 -0.003223 -0.004531 0.0023396
-0.082972 0.14035 -0.20553 0.21881 0.16121 -0.015587 -0.0035977 -0.0029585 -0.025489 -0.0018695 0.0043801 -0.0037241
-0.083458 0.13872 -0.15193 0.21353 0.15136 -0.015652 -0.00048551 -0.0016328 0.053594 -0.0052829 -0.0098483 -6.4792e-05
-0.07986 0.16522 -0.21267 0.22141 0.15662 -0.01733 0.0035976 0.026502 -0.060731 0.0078842 0.0052611 -0.001678
-0.079902 0.12283 -0.22488 0.23126 0.14801 -0.016733 -4.1998e-05 -0.042393 -0.012213 0.0098467 -0.0086127 0.00059713
-0.072748 0.16052 -0.21525 0.21547 0.15278 -0.015659 0.0071546 0.037693 0.0096244 -0.015785 0.0047697 0.001074
-0.074409 0.1167 -0.17492 0.19126 0.13668 -0.013149 -0.0016617 -0.043822 0.040335 -0.024216 -0.016101 0.0025096
-0.075614 0.16043 -0.0093454 0.15679 0.14011 -0.018962 -0.001205 0.043735 0.16557 -0.034464 0.003433 -0.0058129
-0.078592 0.16527 0.018737 0.14592 0.13448 -0.0163 -0.0029773 0.0048377 0.028082 -0.010872 -0.0056351 0.0026618
-0.08605 0.1809 0.042513 0.1431 0.13581 -0.021136 -0.0074581 0.015628 0.023776 -0.0028225 0.0013329 -0.0048359
-0.079651 0.19548 0.017274 0.13112 0.12821 -0.013935 0.0063989 0.014576 -0.025238 -0.011976 -0.0076043 0.0072008
-0.082103 0.18819 0.020294 0.12385 0.12381 -0.012476 -0.0024524 -0.0072827 0.0030201 -0.0072747 -0.0043923 0.0014595
-0.069347 0.19965 0.047026 0.11332 0.11045 -0.010233 0.012756 0.01146 0.026732 -0.010528 -0.013364 0.0022432
-0.070708 0.1761 0.059331 0.10583 0.11438 -0.0051396 -0.0013616 -0.023548 0.012305 -0.0074909 0.0039299 0.005093
-0.067932 0.19452 0.058082 0.10527 0.10777 -0.009934 0.0027765 0.018417 -0.0012499 -0.00055195 -0.006614 -0.0047944
-0.068405 0.18652 0.044649 0.09457 0.1086 -0.0028959 -0.00047308 -0.0079979 -0.013432 -0.010705 0.00083927 0.0070381
-0.071714 0.19152 0.062035 0.10516 0.1122 -0.015178 -0.0033092 0.0050011 0.017386 0.010591 0.0035988 -0.012282
-0.066155 0.18211 0.076267 0.087158 0.11027 -0.0072898 0.0055594 -0.0094182 0.014232 -0.018002 -0.0019355 0.0078881
-0.068167 0.17181 0.084706 0.089297 0.11697 -0.015665 -0.0020125 -0.010301 0.0084386 0.0021389 0.0066998 -0.0083754
-0.07045 0.17482 0.10394 0.074842 0.11702 -0.0053954 -0.0022832 0.0030179 0.019238 -0.014455 5.0362e-05 0.01027
-0.067431 0.19294 0.070055 0.083242 0.11858 -0.0033625 0.0030196 0.01812 -0.033889 0.0084007 0.0015623 0.0020329
-0.070223 0.17398 0.11211 0.065946 0.12311 0.0016344 -0.0027919 -0.018966 0.04206 -0.017297 0.0045325 0.0049969
-0.071019 0.16927 0.081669 0.073601 0.12816 -0.003199 -0.00079648 -0.004706 -0.030446 0.0076556 0.0050518 -0.0048334
-0.078853 0.17297 0.078584 0.1232 0.11555 -0.017868 -0.0078337 0.0036963 -0.0030854 0.049601 -0.012611 -0.014669
-0.105 0.20887 -0.14697 0.347 0.11676 -0.043702 -0.026144 0.035899 -0.22555 0.22379 0.0012114 -0.025835
-0.11155 0.24538 -0.27523 0.67191 0.10678 -0.064003 -0.0065557 0.036513 -0.12826 0.32491 -0.0099824 -0.020301
-0.13277 0.29875 -0.64219 0.98244 0.14294 -0.08489 -0.02122 0.053366 -0.36696 0.31053 0.036157 -0.020887
-0.13176 0.30149 -0.97196 1.2004 0.15062 -0.087049 0.001015 0.0027422 -0.32977 0.21793 0.0076844 -0.0021591
-0.13449 0.34472 -1.4663 1.3074 0.16766 -0.08952 -0.0027296 0.043231 -0.4943 0.107 0.017039 -0.0024706
-0.13465 0.29113 -1.8485 1.3097 0.14339 -0.059875 -0.00015914 -0.053592 -0.38229 0.0022782 -0.024272 0.029645
-0.1267 0.28138 -1.9836 1.4067 0.11087 -0.051998 0.0079432 -0.009749 -0.13504 0.097036 -0.032517 0.007877
-0.13355 0.23057 -2.0207 1.3295 0.10631 -0.027563 -0.0068447 -0.050809 -0.03714 -0.0772 -0.0045683 0.024436
-0.13064 0.24775 -1.8837 1.3765 0.10106 -0.047789 0.0029067 0.017178 0.13706 0.046981 -0.0052476 -0.020227
-0.14133 0.23559 -1.8566 1.3555 0.1219 -0.05594 -0.010693 -0.012159 0.027081 -0.021016 0.02084 -0.0081502
-0.13743 0.25522 -1.6062 1.3772 0.14025 -0.069897 0.0039053 0.019629 0.25036 0.021737 0.018354 -0.013958
-0.14442 0.2578 -1.5145 1.4497 0.114 -0.06976 -0.0069947 0.0025822 0.091724 0.072535 -0.026254 0.00013718
-0.1381 0.29636 -1.3468 1.4505 0.11266 -0.070324 0.0063236 0.038564 0.16768 0.00082359 -0.001341 -0.00056371
-0.13999 0.32655 -1.3812 1.4733 0.083515 -0.076603 -0.0018896 0.030191 -0.034427 0.022792 -0.029142 -0.0062791
-0.13113 0.34149 -1.3552 1.4545 0.078113 -0.070523 0.008863 0.014937 0.02601 -0.018809 -0.005402 0.0060804
-0.13108 0.3473 -1.3301 1.4283 0.081189 -0.079447 4.6679e-05 0.0058057 0.025102 -0.026255 0.0030765 -0.008924
-0.12905 0.33614 -1.2931 1.3957 0.077917 -0.066929 0.002034 -0.011152 0.036993 -0.03255 -0.0032729 0.012517
-0.13214 0.32711 -1.2511 1.3497 0.074287 -0.083729 -0.0030901 -0.0090356 0.042018 -0.046074 -0.0036298 -0.0168
-0.13145 0.32688 -1.2508 1.3171 0.075976 -0.083077 0.00068487 -0.00022606 0.00033573 -0.032518 0.001689 0.0006518
-0.13485 0.32734 -1.213 1.2785 0.067952 -0.085576 -0.0033963 0.00045629 0.037741 -0.03859 -0.0080236 -0.002499
-0.13559 0.33016 -1.1838 1.2661 0.071386 -0.083576 -0.00074398 0.0028221 0.029298 -0.012436 0.003434 0.0020007
-0.13831 0.32608 -1.1482 1.269 0.087978 -0.076785 -0.0027146 -0.004077 0.03553 0.0029065 0.016592 0.0067904
-0.13724 0.32122 -1.0979 1.2543 0.092127 -0.078492 0.0010678 -0.0048603 0.050278 -0.014698 0.0041494 -0.0017074
-0.13412 0.32132 -1.0974 1.2681 0.11423 -0.07806 0.0031157 9.7921e-05 0.00056036 0.013784 0.022107 0.00043213
-0.12883 0.31555 -1.0309 1.2244 0.10647 -0.0715 0.0052917 -0.0057763 0.066439 -0.043655 -0.0077677 0.0065607
-0.12444 0.30667 -1.0391 1.2344 0.10005 -0.070121 0.004392 -0.0088767 -0.0081619 0.0099971 -0.0064171 0.0013789
-0.10923 0.31552 -0.89789 1.1648 0.089575 -0.052536 0.015204 0.0088557 0.14122 -0.069632 -0.010474 0.017585
-0.10725 0.28477 -0.9001 1.1607 0.083177 -0.048518 0.0019893 -0.030754 -0.0022166 -0.0041416 -0.0063983 0.0040172
-0.096664 0.34208 -0.81113 1.1038 0.098036 -0.033111 0.010582 0.057308 0.08898 -0.056821 0.014859 0.015407
-0.10105 0.27231 -0.81148 1.0879 0.10362 -0.028048 -0.0043889 -0.069772 -0.00035926 -0.015926 0.0055802 0.0050636
-0.099025 0.3452 -0.77751 1.067 0.11302 -0.032281 0.0020273 0.072896 0.033973 -0.020915 0.0094076 -0.0042332
-0.095961 0.26543 -0.72802 1.0224 0.11839 -0.030157 0.0030642 -0.079773 0.049487 -0.044583 0.005367 0.0021238
-0.092694 0.31756 -0.6778 1.002 0.11492 -0.033984 0.0032675 0.05213 0.050221 -0.020466 -0.0034701 -0.0038264
-0.087245 0.30055 -0.64558 0.96445 0.12173 -0.021231 0.0054481 -0.017014 0.03222 -0.037509 0.0068092 0.012753
-0.085518 0.29975 -0.61079 0.95261 0.11601 -0.014208 0.0017272 -0.00080017 0.034797 -0.011838 -0.0057186 0.0070226
-0.080756 0.30668 -0.61219 0.92006 0.11373 -0.012155 0.0047625 0.0069293 -0.0014 -0.032555 -0.0022863 0.002053
-0.076079 0.2902 -0.57011 0.8772 0.11984 -0.012267 0.0046767 -0.016474 0.042072 -0.042857 0.0061136 -0.00011233
-0.067497 0.28288 -0.56216 0.83478 0.12028 -0.008128 0.0085825 -0.0073256 0.0079532 -0.042423 0.00044384 0.0041395
-0.065393 0.2848 -0.50026 0.78214 0.1276 -0.0087075 0.0021035 0.00192 0.061899 -0.052639 0.0073127 -0.00057955
-0.065819 0.23976 -0.49247 0.74939 0.12768 0.0026341 -0.00042549 -0.04504 0.0077887 -0.032743 8.5097e-05 0.011342
-0.066812 0.25726 -0.45162 0.73651 0.12874 -0.0096811 -0.00099371 0.017503 0.040856 -0.01288 0.0010623 -0.012315
-0.062338 0.26705 -0.44062 0.71897 0.12263 -0.0022604 0.0044745 0.0097897 0.011 -0.017539 -0.006116 0.0074207
-0.062484 0.23836 -0.44278 0.67562 0.13015 -0.0017313 -0.00014662 -0.028689 -0.0021633 -0.043359 0.0075281 0.00052917
-0.069664 0.18912 -0.55958 0.75389 0.13766 0.0036383 -0.0071801 -0.049236 -0.1168 0.078271 0.0075071 0.0053696
-0.057878 0.33446 -0.32319 0.69161 0.10971 -0.014917 0.011786 0.14534 0.23639 -0.06228 -0.027948 -0.018556
-0.10785 0.39446 -0.30358 0.66649 0.14618 -0.018084 -0.049967 0.059998 0.019608 -0.025117 0.036468 -0.003167
-0.10464 0.66349 -0.81122 0.96414 0.091236 -0.078394 0.0032056 0.26903 -0.50764 0.29765 -0.054946 -0.06031
-0.18441 0.45166 -1.5952 0.93026 0.18026 -0.072051 -0.079766 -0.21183 -0.78393 -0.033874 0.089025 0.0063433
-0.16888 0.32502 -3.3945 1.6971 0.16121 -0.12373 0.015523 -0.12664 -1.7993 0.76686 -0.019051 -0.051684
-0.15483 0.12469 -3.7504 1.5142 0.21038 -0.11529 0.014052 -0.20033 -0.35594 -0.1829 0.049165 0.0084494
-0.13796 0.075728 -4.2798 1.7093 0.20417 -0.11439 0.016873 -0.048964 -0.52939 0.1951 -0.0062028 0.00089581
-0.13228 0.10746 -3.9268 1.4922 0.17585 -0.12065 0.0056809 0.031727 0.35302 -0.21716 -0.02832 -0.0062642
-0.08822 0.11403 -3.8965 1.4701 0.12902 -0.11642 0.044057 0.0065781 0.030225 -0.022072 -0.046831 0.0042347
-0.060149 0.13902 -4.1345 1.6287 0.093728 -0.1409 0.028071 0.024984 -0.23794 0.15866 -0.035294 -0.024481
0.054848 0.18614 -4.1271 1.6136 0.092078 -0.13689 0.115 0.047127 0.0073616 -0.015131 -0.0016497 0.0040072
0.030262 0.18643 -3.9795 1.6658 0.093887 -0.15172 -0.024586 0.00028975 0.14758 0.052231 0.001809 -0.01483
0.0020949 0.07736 -3.61 1.4964 0.078011 -0.13297 -0.028167 -0.10907 0.36949 -0.16949 -0.015876 0.018753
-0.027662 0.037863 -3.0766 1.5576 -0.030293 -0.14651 -0.029757 -0.039496 0.53341 0.061273 -0.1083 -0.013537
-0.05947 -0.046236 -2.8595 1.4102 -0.050974 -0.11433 -0.031808 -0.084099 0.21708 -0.14741 -0.020681 0.032172
-0.017188 0.062885 -2.7483 1.4633 -0.021952 -0.099287 0.042282 0.10912 0.11126 0.053108 0.029022 0.015048
-0.0036402 0.09255 -2.7943 1.2981 -0.00037877 -0.10038 0.013548 0.029666 -0.046004 -0.16519 0.021574 -0.0010907
-0.0054421 0.12661 -2.7085 1.2482 0.091489 -0.074051 -0.0018019 0.034057 0.085795 -0.049955 0.091867 0.026326
0.012678 0.126 -2.5281 1.0588 0.021519 -0.091552 0.018121 -0.00061043 0.18042 -0.18942 -0.069969 -0.017501
-0.023515 0.066548 -2.2914 1.0584 0.11878 -0.031965 -0.036193 -0.059449 0.23672 -0.00036254 0.09726 0.059587
-0.027383 0.076606 -2.1847 0.95773 0.11151 -0.025887 -0.0038682 0.010059 0.10671 -0.10067 -0.0072687 0.0060779
-0.037184 0.08936 -2.1093 0.97236 0.1541 0.0036605 -0.0098009 0.012754 0.075354 0.014628 0.04259 0.029547
-0.038626 0.10822 -2.1174 0.91604 0.14997 0.0070798 -0.0014423 0.018861 -0.0081407 -0.056319 -0.004135 0.0034193
-0.029842 0.13514 -2.1046 0.87168 0.14035 0.0087557 0.0087835 0.026916 0.012875 -0.04436 -0.0096167 0.0016759
-0.034403 0.111 -2.0928 0.83706 0.14702 0.016377 -0.0045608 -0.024138 0.011802 -0.034624 0.0066732 0.0076213
-0.035909 0.10477 -2.0491 0.79641 0.15835 0.0088599 -0.0015062 -0.0062237 0.04371 -0.040645 0.011328 -0.0075171
-0.035386 0.10267 -2.0257 0.76406 0.15119 0.010282 0.00052323 -0.0021025 0.023397 -0.032345 -0.0071603 0.0014218
-0.039488 0.11459 -2.1292 0.75951 0.12857 0.012541 -0.0041023 0.011922 -0.10358 -0.0045588 -0.02262 0.0022592
-0.044135 0.10057 -1.9701 0.70358 0.17703 0.014562 -0.0046465 -0.014023 0.15914 -0.055926 0.048464 0.0020206
-0.044282 0.093474 -1.9087 0.68951 0.19283 -0.0094476 -0.00014738 -0.007097 0.061373 -0.014066 0.015793 -0.024009
-0.052326 0.11146 -1.4379 0.54614 0.30494 -0.020039 -0.0080439 0.017988 0.47087 -0.14337 0.11211 -0.010592
-0.046026 0.11239 -1.2527 0.53043 0.33826 -0.0542 0.0063006 0.0009241 0.18511 -0.015719 0.033326 -0.034161
-0.060707 0.17366 -1.1094 0.44591 0.35099 -0.033364 -0.014682 0.06127 0.14334 -0.084512 0.012726 0.020836
-0.058508 0.16297 -1.1111 0.464 0.35577 -0.034876 0.0021993 -0.010688 -0.0016698 0.018084 0.0047842 -0.0015122
-0.066873 0.18192 -1.1226 0.45116 0.33009 -0.020434 -0.0083646 0.018948 -0.011523 -0.012835 -0.025687 0.014442
-0.065384 0.18569 -1.0991 0.44376 0.32677 -0.010396 0.0014884 0.0037778 0.023461 -0.0074009 -0.0033148 0.010038
-0.066903 0.1724 -1.0682 0.43754 0.31949 -0.0097592 -0.0015181 -0.013289 0.030927 -0.0062209 -0.0072831 0.00063676
-0.070131 0.18859 -1.1019 0.43385 0.30557 0.0036626 -0.003228 0.016184 -0.0337 -0.0036918 -0.013919 0.013422
-0.067408 0.16888 -1.1411 0.44335 0.30743 0.0041118 0.0027223 -0.01971 -0.039177 0.0094977 0.0018617 0.0004492
-0.069959 0.17203 -1.0961 0.43386 0.31159 0.0025817 -0.0025507 0.0031566 0.044977 -0.0094865 0.0041556 -0.0015301
-0.062038 0.1655 -1.155 0.44379 0.29128 0.0036055 0.0079209 -0.0065324 -0.058869 0.0099317 -0.020304 0.0010238
-0.070816 0.16774 -1.0761 0.43509 0.28947 0.0025888 -0.0087781 0.0022336 0.078925 -0.0087053 -0.0018186 -0.0010168
-0.06472 0.16034 -1.0827 0.42245 0.26913 0.0027862 0.0060963 -0.0073906 -0.0066374 -0.012634 -0.020332 0.00019745
-0.067102 0.17677 -1.0963 0.42257 0.27262 0.0095352 -0.0023818 0.016428 -0.013609 0.00011539 0.0034896 0.006749
-0.065369 0.14415 -1.0487 0.40463 0.26797 0.0055078 0.0017327 -0.032623 0.047586 -0.01794 -0.0046563 -0.0040275
-0.065469 0.15284 -1.0877 0.39933 0.27167 0.016897 -0.00010031 0.0086916 -0.038945 -0.0053013 0.0037017 0.011389
-0.068804 0.15541 -1.0756 0.39407 0.27381 0.010768 -0.0033343 0.0025649 0.012062 -0.0052549 0.0021417 -0.0061294
-0.06916 0.14468 -1.0413 0.38794 0.2753 0.013463 -0.00035651 -0.010725 0.034325 -0.0061275 0.0014862 0.0026952
-0.06859 0.16845 -1.0903 0.38853 0.27843 0.015656 0.00057062 0.023765 -0.04898 0.00058489 0.0031314 0.002193
-0.06929 0.14365 -1.1223 0.42561 0.26893 0.015832 -0.00070003 -0.024792 -0.032012 0.037086 -0.0095017 0.00017655
-0.065378 0.15606 -0.97024 0.41362 0.2825 0.032726 0.0039119 0.012411 0.15203 -0.012 0.013576 0.016894
-0.058588 0.15159 -1.0476 0.33337 0.30466 0.029396 0.0067899 -0.004471 -0.077371 -0.080248 0.022153 -0.0033301
-0.07469 0.12676 -1.3115 0.43908 0.26642 0.015196 -0.016103 -0.024833 -0.26392 0.10571 -0.038239 -0.0142
-0.11387 0.055456 -1.8302 0.57936 0.24071 -0.011043 -0.039181 -0.071304 -0.51871 0.14028 -0.025703 -0.026239
-0.15832 -0.0062391 -2.5759 0.80368 0.1159 -0.04075 -0.044445 -0.061695 -0.74566 0.22432 -0.12482 -0.029708
-0.1911 -0.021145 -2.6574 1.0156 0.098018 -0.053974 -0.032787 -0.014906 -0.081501 0.21196 -0.017878 -0.013224
-0.1891 -0.045562 -2.6021 0.89147 0.072216 -0.03777 0.0020021 -0.024416 0.055288 -0.12418 -0.025802 0.016205
-0.19619 0.053415 -2.2982 0.98623 0.08361 -0.025692 -0.0070918 0.098977 0.3039 0.094767 0.011394 0.012077
-0.19833 0.068585 -2.0378 0.97492 0.10576 0.012204 -0.0021413 0.01517 0.26037 -0.011317 0.022154 0.037896
-0.20285 0.15167 -2.0136 0.99738 0.092735 0.02595 -0.0045201 0.083087 0.024257 0.022461 -0.013029 0.013746
-0.19564 0.14346 -1.9184 0.98052 0.10943 0.031567 0.0072104 -0.0082122 0.095195 -0.016852 0.016694 0.0056174
-0.18618 0.12825 -1.8613 0.86369 0.10542 0.03047 0.0094651 -0.01521 0.05712 -0.11683 -0.0040069 -0.0010974
-0.18065 0.12294 -1.8884 0.84409 0.10575 0.021251 0.0055308 -0.0053074 -0.027121 -0.019604 0.00033145 -0.0092188
-0.17893 0.13951 -1.8544 0.8778 0.099642 0.01899 0.0017158 0.016571 0.033968 0.033708 -0.0061121 -0.0022608
-0.17081 0.13343 -1.8771 0.86497 0.10891 0.012648 0.0081184 -0.0060817 -0.02271 -0.012824 0.0092731 -0.0063421
-0.17591 0.11686 -1.842 0.83248 0.095667 0.0098306 -0.0050992 -0.016569 0.03515 -0.032492 -0.013248 -0.0028174
-0.18047 0.11654 -1.6732 0.81559 0.098508 0.02454 -0.0045602 -0.00032085 0.16877 -0.016887 0.0028403 0.01471
-0.17551 0.11433 -1.7819 0.963 0.10285 0.022612 0.0049661 -0.0022161 -0.10866 0.14741 0.0043396 -0.0019281
-0.17501 0.12951 -1.9646 0.85242 0.11179 0.01574 0.00049527 0.015184 -0.18278 -0.11058 0.0089395 -0.0068727
-0.12117 -0.0090681 -0.46658 0.76519 0.075332 -0.075575 0.053841 -0.13858 1.4981 -0.087227 -0.036454 -0.091315
-0.13438 0.16403 -0.43453 0.58237 0.079863 -0.10067 -0.013211 0.1731 0.032045 -0.18282 0.0045305 -0.025099
-0.078524 0.22259 2.1841 0.836 0.0002581 -0.1562 0.055858 0.058564 2.6186 0.25363 -0.079605 -0.055527
-0.14599 0.4615 0.93487 0.64928 0.16658 -0.086122 -0.067467 0.23891 -1.2492 -0.18672 0.16632 0.07008
-0.1256 0.3643 1.3632 0.59086 0.19514 -0.058544 0.020388 -0.097204 0.42834 -0.058419 0.028554 0.027578
-0.19383 0.039308 1.1361 -0.40471 0.35393 -0.03878 -0.068231 -0.32499 -0.22713 -0.99557 0.15879 0.019764
-0.17847 0.055555 1.1221 -0.44581 0.32005 -0.048815 0.015363 0.016247 -0.013973 -0.041101 -0.033875 -0.010035
-0.1894 -0.0087548 2.3519 -0.43182 0.3356 -0.091536 -0.01093 -0.064309 1.2298 0.013991 0.015552 -0.042722
-0.18501 0.26133 1.8404 -0.1284 0.32186 -0.093481 0.0043909 0.27009 -0.51144 0.30342 -0.013743 -0.0019445
-0.17241 0.25099 1.9622 0.10144 0.37806 -0.091651 0.012597 -0.01034 0.12182 0.22984 0.056201 0.0018302
-0.16556 0.21841 1.8224 -0.084672 0.36274 -0.077358 0.0068534 -0.032588 -0.13985 -0.18611 -0.015318 0.014293
-0.15486 0.23193 1.7252 -0.057608 0.3954 -0.065067 0.010704 0.013522 -0.097154 0.027064 0.03266 0.012292
-0.14504 0.24167 1.8771 -0.050351 0.37608 -0.057508 0.0098174 0.0097455 0.15186 0.0072564 -0.019326 0.007559
-0.14355 0.23409 1.8516 -0.10329 0.36265 -0.047578 0.0014899 -0.0075875 -0.025503 -0.052943 -0.013426 0.0099294
-0.14923 0.1813 1.9299 -0.10919 0.29842 -0.055527 -0.0056833 -0.052787 0.078358 -0.0058939 -0.064232 -0.0079493
-0.15077 0.18944 1.9677 -0.054215 0.2675 -0.047055 -0.0015349 0.0081413 0.037718 0.054974 -0.030918 0.0084722
-0.17499 0.26651 1.9808 0.036211 0.2504 -0.069612 -0.024223 0.077069 0.013092 0.090426 -0.017103 -0.022557
-0.17459 0.3885 1.8672 0.17053 0.32467 -0.054443 0.0004033 0.122 -0.11351 0.13432 0.074272 0.015169
-0.17496 0.40649 1.8919 0.16389 0.32989 -0.057729 -0.00037773 0.017983 0.024664 -0.0066393 0.0052166 -0.0032859
-0.16189 0.34965 1.9516 0.1359 0.31923 -0.054226 0.013069 -0.056837 0.059707 -0.027994 -0.010656 0.0035024
-0.15344 0.31431 2.0105 0.065627 0.28604 -0.052622 0.0084502 -0.035345 0.058842 -0.070273 -0.033188 0.001604
-0.15716 0.27123 2.0428 0.045786 0.28145 -0.056962 -0.0037108 -0.043076 0.032355 -0.019841 -0.0045895 -0.0043399
-0.16449 0.31762 2.0058 0.037744 0.28259 -0.06212 -0.007333 0.046391 -0.03706 -0.008042 0.0011385 -0.0051573
-0.17181 0.29842 1.9673 0.050636 0.30178 -0.063682 -0.0073215 -0.019199 -0.038433 0.012892 0.01919 -0.0015627
-0.1706 0.30132 1.9439 0.042688 0.30391 -0.067122 0.0012099 0.0028974 -0.023401 -0.0079472 0.0021259 -0.00344
-0.16869 0.28617 1.917 0.028839 0.32097 -0.061958 0.0019064 -0.015147 -0.026964 -0.01385 0.017065 0.0051648
-0.1595 0.26663 1.9436 0.0093108 0.32761 -0.061444 0.0091982 -0.019546 0.026676 -0.019528 0.0066332 0.00051416
-0.16336 0.28756 1.9361 0.010094 0.31689 -0.066201 -0.0038659 0.02093 -0.0075315 0.0007827 -0.01072 -0.0047576
-0.15751 0.27872 1.9599 0.0048081 0.30328 -0.06932 0.0058524 -0.0088379 0.023835 -0.0052854 -0.013601 -0.003119
-0.15625 0.28549 2.0106 -0.0082295 0.29658 -0.061952 0.0012562 0.0067714 0.05068 -0.013038 -0.0067043 0.0073681
-0.17052 0.27449 1.9755 0.00080681 0.31365 -0.070638 -0.014263 -0.010999 -0.035134 0.0090363 0.017066 -0.008686
-0.17098 0.27336 1.936 0.038138 0.29674 -0.074673 -0.00046364 -0.001127 -0.039516 0.037331 -0.016904 -0.0040349
-0.19199 0.26982 1.7288 0.097661 0.34723 -0.095552 -0.021011 -0.0035469 -0.20713 0.059524 0.050483 -0.020879
-0.16996 0.30028 1.574 0.16074 0.32623 -0.089092 0.02203 0.030462 -0.15483 0.06308 -0.020997 0.0064604
-0.16 0.23296 1.5967 0.11675 0.36468 -0.073703 0.0099621 -0.067319 0.022724 -0.043988 0.038455 0.015389
-0.15003 0.28264 1.5969 0.12842 0.36901 -0.061137 0.0099672 0.049682 0.00019466 0.011666 0.0043276 0.012566
-0.15107 0.25195 1.7327 0.080078 0.36204 -0.053163 -0.0010385 -0.030686 0.13581 -0.048341 -0.0069737 0.0079737
-0.16079 0.30096 1.7344 0.11521 0.36332 -0.06287 -0.0097205 0.049002 0.0016662 0.035132 0.0012845 -0.0097064
-0.16339 0.28662 1.7207 0.080606 0.36051 -0.061225 -0.0026027 -0.014338 -0.013676 -0.034605 -0.0028109 0.0016451
-0.16722 0.25295 1.7407 0.02969 0.35275 -0.064931 -0.0038243 -0.033674 0.020011 -0.050915 -0.0077613 -0.0037067
-0.17531 0.28455 1.5822 0.031364 0.41025 -0.061831 -0.0080895 0.0316 -0.15852 0.0016732 0.057497 0.0030999
-0.17704 0.26619 1.6381 -0.010478 0.39969 -0.062453 -0.0017309 -0.018354 0.055881 -0.041841 -0.010557 -0.00062201
-0.17923 0.26123 1.6852 -0.022893 0.41662 -0.062566 -0.0021872 -0.0049652 0.04716 -0.012415 0.016927 -0.00011294
-0.17522 0.24388 1.7356 -0.013934 0.37458 -0.077079 0.0040105 -0.017344 0.050395 0.0089587 -0.042037 -0.014513
-0.17778 0.25348 1.7247 0.024794 0.37514 -0.076087 -0.0025623 0.0096012 -0.010923 0.038728 0.00056158 0.00099241
-0.19075 0.31682 1.4125 0.18678 0.35508 -0.099611 -0.012969 0.063341 -0.31224 0.16198 -0.020066 -0.023524
-0.19327 0.30104 1.3713 0.2539 0.39638 -0.087157 -0.002525 -0.015779 -0.041148 0.067125 0.041304 0.012454
-0.20791 0.26928 1.3054 0.22852 0.3846 -0.090197 -0.014637 -0.031761 -0.065953 -0.025381 -0.011775 -0.0030396
-0.19076 0.26576 1.4497 0.20749 0.43418 -0.083233 0.017152 -0.0035214 0.14434 -0.02103 0.049578 0.0069638
-0.19468 0.25892 1.5296 0.14274 0.43558 -0.076414 -0.0039242 -0.006846 0.079882 -0.06475 0.0013983 0.0068195
-0.18555 0.30405 1.5902 0.17225 0.44271 -0.08412 0.0091277 0.045135 0.06061 0.029516 0.0071292 -0.0077066
-0.18685 0.2844 1.6353 0.15046 0.44509 -0.081589 -0.0012938 -0.019656 0.045068 -0.02179 0.0023793 0.0025313
-0.19103 0.28041 1.6544 0.12941 0.44037 -0.078876 -0.0041789 -0.0039829 0.019134 -0.021053 -0.0047164 0.0027131
-0.18979 0.30568 1.6543 0.11528 0.45412 -0.076344 0.0012406 0.02527 -0.00013048 -0.014136 0.013745 0.0025318
-0.19486 0.26552 1.6864 0.089276 0.4535 -0.070438 -0.0050692 -0.040164 0.032123 -0.025999 -0.00062177 0.005906
-0.19728 0.28638 1.7218 0.075336 0.44636 -0.073506 -0.0024267 0.020862 0.035398 -0.01394 -0.0071386 -0.0030682
-0.19478 0.24996 1.7282 0.031375 0.45952 -0.073213 0.002504 -0.036417 0.0063566 -0.043961 0.013164 0.00029293
-0.19516 0.2831 1.7418 0.033928 0.45011 -0.074304 -0.00038195 0.03314 0.013631 0.0025532 -0.0094148 -0.001091
-0.1949 0.25739 1.7434 0.0084269 0.46458 -0.071459 0.00025712 -0.025715 0.0016553 -0.025501 0.01447 0.0028451
-0.19556 0.27864 1.7929 0.0080758 0.44366 -0.073728 -0.00065946 0.021249 0.04949 -0.00035108 -0.020911 -0.0022685
-0.19739 0.26001 1.7771 0.0055774 0.45671 -0.071801 -0.0018275 -0.018624 -0.015813 -0.0024983 0.013049 0.0019271
-0.19332 0.2956 1.7906 0.0045839 0.44714 -0.074289 0.0040654 0.035585 0.013501 -0.00099353 -0.0095748 -0.0024883
-0.19383 0.26543 1.7666 0.0010256 0.45874 -0.076282 -0.0005017 -0.030168 -0.024066 -0.0035583 0.011599 -0.0019933
-0.18306 0.25765 1.8156 -0.0060182 0.43552 -0.070489 0.010762 -0.0077833 0.049035 -0.0070438 -0.023221 0.0057934
-0.18373 0.26547 1.7636 0.0015668 0.45413 -0.075095 -0.00066394 0.0078227 -0.051942 0.007585 0.01861 -0.0046065
-0.17205 0.26493 1.8053 0.0044187 0.43169 -0.062633 0.011677 -0.00054427 0.041702 0.0028519 -0.022438 0.012462
-0.18021 0.28171 1.7704 0.022439 0.45113 -0.073662 -0.0081563 0.016783 -0.034909 0.01802 0.019437 -0.011029
-0.18144 0.26307 1.8348 -0.011711 0.42994 -0.07101 -0.0012288 -0.018644 0.064382 -0.03415 -0.021183 0.0026519
-0.18256 0.26977 1.8252 0.0010811 0.43615 -0.078157 -0.0011264 0.0067017 -0.0096436 0.012792 0.0062123 -0.0071467
-0.17514 0.25644 1.8676 -0.017641 0.41113 -0.072133 0.0074174 -0.01333 0.042444 -0.018722 -0.025026 0.0060237
-0.1721 0.27321 1.836 -0.010568 0.43653 -0.075272 0.0030408 0.016769 -0.031592 0.0070737 0.025399 -0.0031394
-0.16883 0.24331 1.8646 -0.027239 0.42052 -0.069188 0.0032767 -0.029897 0.028559 -0.016671 -0.016007 0.006084
-0.18043 0.2742 1.7976 -0.041515 0.45588 -0.080379 -0.011606 0.030892 -0.067025 -0.014276 0.035357 -0.011191
-0.18219 0.24837 1.8231 -0.047617 0.43108 -0.07287 -0.0017556 -0.025837 0.025534 -0.0061021 -0.024794 0.007509
-0.18302 0.26105 1.8312 -0.050913 0.41809 -0.076873 -0.00083601 0.012688 0.0080995 -0.0032966 -0.012989 -0.0040025
-0.18583 0.25461 1.8197 -0.057124 0.42134 -0.072628 -0.0028058 -0.0064418 -0.011516 -0.0062105 0.0032475 0.0042449
-0.18374 0.25276 1.8142 -0.053548 0.4207 -0.072242 0.0020934 -0.001852 -0.0054813 0.0035763 -0.0006401 0.00038603
-0.19222 0.27543 1.725 -0.045281 0.4535 -0.07527 -0.0084823 0.022666 -0.089221 0.0082665 0.0328 -0.0030287
-0.19595 0.25078 1.7244 -0.037187 0.46437 -0.074249 -0.0037333 -0.024647 -0.00054428 0.0080943 0.010872 0.0010217
-0.19783 0.29285 1.6845 -0.018655 0.47245 -0.07751 -0.001874 0.042077 -0.039925 0.018531 0.008075 -0.003261
-0.19497 0.24052 1.7443 -0.037907 0.46041 -0.07436 0.0028608 -0.052335 0.059801 -0.019251 -0.012037 0.0031497
-0.18709 0.20332 1.799 -0.061698 0.43404 -0.071378 0.0078711 -0.0372 0.054712 -0.023791 -0.026376 0.0029824
