9.6445e-05 -0.0032162 0.0038687 -0.004674 5.4108e-05 0.00016157 0 0 0 0 0 0
0.013469 0.041059 0.060487 0.013016 -0.0015955 -0.0081243 0.013372 0.044275 0.056619 0.01769 -0.0016496 -0.0082858
0.020876 0.10223 0.12606 0.036147 -0.0068914 -0.0081761 0.0074069 0.061171 0.065573 0.023131 -0.0052959 -5.1866e-05
0.021803 0.16384 0.22685 0.017128 0.0017699 -0.003526 0.000927 0.061609 0.10079 -0.019019 0.0086613 0.0046501
0.018672 0.21617 0.26781 0.0054282 -0.002207 0.0037924 -0.0031307 0.052328 0.040952 -0.011699 -0.0039769 0.0073183
0.0098468 0.24703 0.27115 -0.022939 -0.0066491 -0.00041303 -0.0088253 0.030867 0.003343 -0.028367 -0.0044421 -0.0042054
0.01065 0.25348 0.25954 -0.03765 -0.0045351 0.0019989 0.00080282 0.0064444 -0.011614 -0.01471 0.002114 0.0024119
0.0068568 0.25933 0.25939 -0.034426 -0.016088 -0.010051 -0.0037928 0.0058491 -0.00014756 0.0032241 -0.011553 -0.01205
0.00941 0.2596 0.27365 -0.037122 -0.0078409 -0.0086718 0.0025532 0.00027623 0.014261 -0.0026966 0.0082468 0.0013793
0.0060198 0.25909 0.29461 -0.027267 -0.015306 -0.013988 -0.0033902 -0.00051702 0.020958 0.0098558 -0.0074653 -0.0053161
0.0052608 0.24557 0.32324 -0.032888 -0.016456 -0.014343 -0.00075907 -0.013518 0.028633 -0.0056218 -0.0011493 -0.00035551
0.00073516 0.24653 0.32689 -0.01974 -0.015901 -0.010312 -0.0045256 0.0009648 0.0036456 0.013149 0.00055492 0.004031
0.0014811 0.22014 0.37494 -0.02676 -0.026054 -0.018911 0.00074593 -0.02639 0.048056 -0.0070205 -0.010154 -0.0085985
0.0033451 0.2514 0.33292 -0.004155 -0.022927 -0.023207 0.001864 0.031261 -0.04202 0.022605 0.0031269 -0.0042965
0.0081341 0.22146 0.33839 -0.00082124 -0.022645 -0.016391 0.004789 -0.029949 0.0054716 0.0033338 0.00028252 0.0068168
0.010145 0.23361 0.30721 0.0078649 -0.026773 -0.016182 0.002011 0.012152 -0.031185 0.0086861 -0.0041282 0.00020833
0.0081503 0.20854 0.30403 0.016583 -0.023789 0.0083584 -0.0019948 -0.025067 -0.0031794 0.0087184 0.0029842 0.024541
0.0024094 0.24238 0.26825 0.020158 -0.026258 -0.00020203 -0.0057409 0.033836 -0.035775 0.003575 -0.0024691 -0.0085604
0.00066911 0.23629 0.29872 0.024562 -0.032721 -0.0021825 -0.0017402 -0.0060879 0.030464 0.0044041 -0.0064634 -0.0019804
0.0014446 0.25663 0.26367 0.023573 -0.023123 -0.013803 0.00077552 0.020348 -0.035044 -0.00098895 0.0095983 -0.01162
0.0025206 0.23951 0.30666 0.026707 -0.030184 -0.016263 0.0010759 -0.01713 0.042985 0.0031337 -0.0070609 -0.0024605
0.0030334 0.23191 0.30143 0.022147 -0.025986 -0.019045 0.00051283 -0.0075984 -0.0052317 -0.0045605 0.0041979 -0.0027822
-0.0016769 0.23876 0.30841 0.035292 -0.023804 -0.015214 -0.0047102 0.0068492 0.0069847 0.013146 0.0021823 0.003831
0.00024027 0.22045 0.34273 0.01581 -0.028854 -0.023161 0.0019171 -0.018302 0.034315 -0.019482 -0.0050505 -0.0079466
0.0015555 0.2369 0.28892 0.035127 -0.017377 -0.017966 0.0013153 0.016442 -0.053809 0.019317 0.011478 0.0051948
0.0080205 0.21508 0.31887 0.027709 -0.028356 -0.014643 0.006465 -0.021819 0.029949 -0.007418 -0.01098 0.0033236
0.0069305 0.22865 0.28039 0.046697 -0.02868 -0.0071514 -0.00109 0.013575 -0.038474 0.018988 -0.00032363 0.0074914
0.0084111 0.21327 0.32925 0.041103 -0.041064 -0.0048458 0.0014806 -0.01538 0.048858 -0.0055939 -0.012384 0.0023056
0.003462 0.23513 0.33225 0.039511 -0.04381 -0.009185 -0.004949 0.021862 0.0029959 -0.0015917 -0.0027462 -0.0043392
0.0066344 0.23553 0.29519 0.047463 -0.032066 -0.017236 0.0031723 0.00040081 -0.037057 0.0079519 0.011744 -0.0080509
0.0013815 0.2266 0.33943 0.02163 -0.040043 -0.020309 -0.0052529 -0.008935 0.044242 -0.025833 -0.0079773 -0.0030731
-0.00011635 0.23431 0.27245 0.048345 -0.023184 -0.01732 -0.0014978 0.0077064 -0.066982 0.026715 0.016859 0.0029894
-0.0012564 0.23803 0.27531 0.022219 -0.032459 -0.012627 -0.00114 0.0037225 0.0028621 -0.026126 -0.0092749 0.0046928
-0.008966 0.23441 0.26545 0.050387 -0.027272 -0.0079 -0.0077096 -0.0036152 -0.0098631 0.028168 0.0051877 0.0047268
-0.0042374 0.2382 0.2609 0.035449 -0.025966 -0.0075156 0.0047286 0.0037844 -0.0045484 -0.014938 0.0013061 0.00038433
-0.014214 0.22126 0.30465 0.045589 -0.032803 8.6654e-05 -0.0099768 -0.016936 0.043746 0.010141 -0.0068378 0.0076023
-0.0059395 0.24075 0.28269 0.04988 -0.026669 -0.01054 0.0082748 0.019491 -0.021955 0.0042904 0.0061347 -0.010627
-0.0048685 0.24074 0.26894 0.049289 -0.036281 -0.006737 0.0010709 -1.2748e-05 -0.013749 -0.00059078 -0.0096124 0.0038034
-0.0031186 0.24332 0.31887 0.0071434 -0.032703 -0.013253 0.00175 0.0025765 0.049922 -0.042145 0.0035781 -0.0065161
0.0018886 0.2459 0.32025 0.034515 -0.048793 -0.025278 0.0050071 0.0025834 0.0013832 0.027371 -0.016091 -0.012025
2.7713e-09 0.25179 0.30302 0.070438 -0.0622 -0.040974 -0.0018886 0.0058898 -0.017227 0.035923 -0.013406 -0.015696
0.01023 0.25869 0.22194 0.20004 -0.093939 -0.093016 0.01023 0.0068999 -0.08108 0.12961 -0.03174 -0.052042
0.01076 0.24148 0.17345 0.26401 -0.10489 -0.11287 0.00052927 -0.017207 -0.048495 0.063967 -0.010952 -0.019852
0.010952 0.25821 0.15817 0.26324 -0.10525 -0.11854 0.0001924 0.016723 -0.015281 -0.0007764 -0.00035757 -0.0056733
0.0097448 0.24334 0.19997 0.231 -0.097883 -0.10713 -0.0012072 -0.014866 0.041802 -0.032239 0.0073662 0.011414
0.0092091 0.25939 0.20513 0.19752 -0.088098 -0.089961 -0.0005357 0.016055 0.0051581 -0.033478 0.0097853 0.017166
0.014563 0.23732 0.25212 0.19317 -0.10142 -0.095151 0.0053543 -0.022078 0.046993 -0.0043501 -0.013326 -0.0051904
0.013672 0.26144 0.19836 0.21021 -0.086047 -0.088541 -0.00089163 0.024128 -0.053758 0.017042 0.015377 0.00661
0.013264 0.24963 0.22166 0.21273 -0.09121 -0.087693 -0.00040803 -0.011811 0.023303 0.0025146 -0.0051636 0.00084819
0.010416 0.26374 0.18212 0.22022 -0.083854 -0.083171 -0.0028479 0.014103 -0.039542 0.0074967 0.0073562 0.0045222
0.011623 0.24814 0.22273 0.23046 -0.086073 -0.088547 0.0012067 -0.015592 0.040612 0.010239 -0.0022188 -0.0053762
0.012898 0.24373 0.22773 0.22348 -0.090432 -0.09131 0.0012751 -0.0044135 0.0049945 -0.0069822 -0.0043594 -0.0027634
0.014894 0.25869 0.23062 0.20816 -0.091328 -0.089713 0.0019964 0.014961 0.0028912 -0.015323 -0.00089582 0.0015972
0.011233 0.24871 0.23933 0.20789 -0.083954 -0.089588 -0.0036614 -0.0099858 0.0087065 -0.00026724 0.0073745 0.00012534
0.012367 0.26956 0.23021 0.16272 -0.094723 -0.084351 0.0011339 0.020857 -0.0091171 -0.045171 -0.010769 0.0052365
0.0089193 0.23879 0.24639 0.16758 -0.087132 -0.10068 -0.0034474 -0.030767 0.016179 0.0048623 0.0075904 -0.016325
0.015831 0.24966 0.22872 0.12988 -0.094645 -0.10208 0.006912 0.01087 -0.017669 -0.0377 -0.0075125 -0.0014077
0.012555 0.20261 0.2475 0.15411 -0.094654 -0.11796 -0.0032765 -0.047054 0.01878 0.024228 -8.8452e-06 -0.015879
0.021224 0.22586 0.24046 0.16656 -0.085717 -0.10936 0.0086697 0.023253 -0.0070399 0.012454 0.0089364 0.0086014
0.011625 0.22988 0.22338 0.19742 -0.074832 -0.10436 -0.009599 0.0040212 -0.017082 0.030856 0.010886 0.0049981
0.016856 0.24587 0.23627 0.1944 -0.072284 -0.10447 0.0052308 0.015986 0.012895 -0.0030207 0.0025475 -0.00010927
0.0045336 0.25682 0.241 0.21007 -0.074613 -0.10495 -0.012323 0.010945 0.0047241 0.015678 -0.0023293 -0.00047554
0.0062772 0.25817 0.24153 0.18669 -0.080738 -0.11304 0.0017436 0.0013576 0.00053502 -0.023389 -0.0061252 -0.0080883
0.0029476 0.24945 0.26791 0.20401 -0.092814 -0.11558 -0.0033296 -0.0087234 0.026374 0.017326 -0.012075 -0.0025466
0.0050076 0.25175 0.23786 0.17485 -0.089267 -0.10198 0.00206 0.0023034 -0.030048 -0.029165 0.0035462 0.0136
0.0026738 0.24105 0.26671 0.19018 -0.099922 -0.10867 -0.0023337 -0.010708 0.028847 0.015331 -0.010655 -0.0066834
0.0022487 0.23849 0.28318 0.2067 -0.11229 -0.10557 -0.00042509 -0.0025568 0.016472 0.016518 -0.01237 0.0030944
-9.2675e-05 0.28051 0.26057 0.19963 -0.085934 -0.099466 -0.0023414 0.042018 -0.022609 -0.0070619 0.026357 0.0061057
0.0051102 0.23613 0.27845 0.18151 -0.093603 -0.087607 0.0052028 -0.044381 0.017881 -0.018121 -0.0076683 0.01186
0.0058081 0.23842 0.30088 0.085746 -0.049062 -0.040021 0.00069793 0.0022977 0.022427 -0.095767 0.044541 0.047586
0.0065856 0.19025 0.37254 0.040615 -0.067538 -0.029348 0.00077755 -0.048176 0.071665 -0.045131 -0.018476 0.010673
0.0058123 0.21132 0.44734 0.014604 -0.060641 -0.016157 -0.00077339 0.021073 0.074799 -0.026011 0.0068973 0.013191
0.0021676 0.24797 0.42682 0.052309 -0.060707 -0.020336 -0.0036447 0.036651 -0.020517 0.037705 -6.6416e-05 -0.0041789
0.0025706 0.23792 0.42766 0.067229 -0.067911 -0.032134 0.00040306 -0.010052 0.00083904 0.014919 -0.0072034 -0.011798
-0.0028135 0.25277 0.37394 0.10031 -0.055092 -0.026328 -0.0053842 0.01485 -0.053726 0.033085 0.012818 0.0058058
-0.0039182 0.21509 0.4392 0.082245 -0.080854 -0.040661 -0.0011047 -0.037684 0.065265 -0.018069 -0.025762 -0.014333
-0.0046531 0.24195 0.42969 0.098976 -0.073387 -0.038833 -0.00073487 0.026861 -0.00951 0.016731 0.0074671 0.0018283
-0.0048352 0.24361 0.39785 0.073107 -0.071781 -0.033983 -0.00018214 0.0016664 -0.031846 -0.025869 0.0016061 0.0048503
-0.00088702 0.2457 0.31424 0.069364 -0.051302 -0.033086 0.0039482 0.0020828 -0.083611 -0.0037437 0.020478 0.00089632
0.00014157 0.2207 0.29816 0.048071 -0.053138 -0.027119 0.0010286 -0.024992 -0.016073 -0.021292 -0.0018352 0.0059677
0.0041058 0.21371 0.34525 0.072402 -0.056161 -0.036099 0.0039643 -0.0069988 0.047084 0.024331 -0.0030228 -0.0089804
0.0061995 0.20262 0.41995 0.079936 -0.073895 -0.040673 0.0020936 -0.011082 0.074702 0.0075341 -0.017734 -0.0045744
0.0097731 0.23929 0.36337 0.11642 -0.066489 -0.037029 0.0035737 0.036662 -0.056576 0.036483 0.0074063 0.0036443
0.012191 0.2249 0.326 0.11327 -0.068071 -0.045663 0.0024181 -0.014389 -0.037371 -0.003151 -0.0015824 -0.0086343
0.012962 0.22941 0.29371 0.11142 -0.067913 -0.039856 0.00077052 0.004516 -0.032287 -0.0018448 0.00015837 0.0058076
0.014246 0.20832 0.38171 0.099008 -0.075901 -0.046733 0.0012842 -0.02109 0.087998 -0.012415 -0.0079879 -0.0068771
0.016154 0.23124 0.39223 0.10679 -0.069445 -0.060732 0.0019083 0.022915 0.010515 0.0077858 0.0064556 -0.013999
0.017138 0.23571 0.40335 0.12598 -0.066907 -0.05971 0.00098348 0.0044712 0.011122 0.019185 0.002538 0.0010213
0.022608 0.23561 0.36851 0.13452 -0.05228 -0.07207 0.0054699 -0.000102 -0.034842 0.0085397 0.014627 -0.01236
0.018773 0.21591 0.44236 0.13496 -0.059348 -0.053694 -0.0038349 -0.019696 0.073854 0.00044501 -0.0070676 0.018376
0.023523 0.21096 0.48467 0.11078 -0.051229 -0.048162 0.00475 -0.0049539 0.042307 -0.024178 0.008119 0.0055317
0.023056 0.22168 0.50027 0.11355 -0.052978 -0.042737 -0.00046724 0.010722 0.015604 0.0027696 -0.001749 0.0054254
0.022955 0.23375 0.41448 0.12249 -0.047828 -0.051005 -0.00010028 0.012071 -0.085793 0.0089382 0.0051498 -0.0082678
0.016242 0.24075 0.34377 0.11311 -0.057902 -0.046437 -0.0067135 0.0069968 -0.070707 -0.0093831 -0.010074 0.0045676
0.0084594 0.22202 0.32501 0.11133 -0.064726 -0.062142 -0.0077824 -0.018724 -0.01876 -0.0017814 -0.0068247 -0.015705
0.0012993 0.22261 0.35437 0.062284 -0.069875 -0.048749 -0.0071601 0.00058924 0.02936 -0.049044 -0.0051482 0.013394
0.0057775 0.21139 0.36871 0.072799 -0.073305 -0.061701 0.0044782 -0.01122 0.01434 0.010515 -0.0034301 -0.012952
0.0085546 0.23118 0.37032 0.067446 -0.075349 -0.052792 0.0027771 0.019788 0.001612 -0.0053524 -0.0020446 0.0089086
0.011577 0.23778 0.33298 0.103 -0.077476 -0.052424 0.003022 0.0065977 -0.037347 0.035556 -0.0021267 0.00036816
0.0075976 0.24417 0.32604 0.12355 -0.080686 -0.05227 -0.003979 0.0063908 -0.0069415 0.020552 -0.0032097 0.00015457
0.0085968 0.24228 0.28091 0.11671 -0.063941 -0.049733 0.00099921 -0.0018846 -0.045124 -0.0068431 0.016744 0.0025364
0.0071586 0.23391 0.25914 0.10011 -0.063918 -0.051699 -0.0014382 -0.0083715 -0.021777 -0.016602 2.3236e-05 -0.001966
0.016052 0.23989 0.20296 0.058596 -0.05042 -0.04924 0.0088932 0.0059795 -0.056173 -0.041514 0.013498 0.0024594
0.01028 0.22295 0.25663 0.056813 -0.064673 -0.05638 -0.0057718 -0.016942 0.053668 -0.0017831 -0.014253 -0.0071405
0.011372 0.24705 0.23972 0.065677 -0.066217 -0.054975 0.0010922 0.024102 -0.016909 0.0088644 -0.0015446 0.0014059
0.0028599 0.22625 0.29666 0.082951 -0.08357 -0.065707 -0.0085124 -0.020806 0.056941 0.017274 -0.017353 -0.010732
0.008452 0.23785 0.25935 0.096359 -0.074157 -0.056763 0.0055921 0.011609 -0.037312 0.013408 0.0094139 0.0089438
0.0078779 0.22128 0.2648 0.084601 -0.082758 -0.059194 -0.00057411 -0.016579 0.0054448 -0.011758 -0.0086018 -0.0024308
0.013846 0.23599 0.23415 0.11203 -0.067523 -0.051945 0.0059685 0.014717 -0.030641 0.027433 0.015235 0.0072484
0.011925 0.22014 0.26859 0.10449 -0.079659 -0.059814 -0.0019209 -0.015855 0.03444 -0.0075405 -0.012136 -0.0078688
0.011447 0.23825 0.28941 0.11497 -0.081582 -0.059659 -0.00047888 0.018111 0.020817 0.010473 -0.0019226 0.00015527
0.010729 0.21796 0.33318 0.10578 -0.084361 -0.065618 -0.00071762 -0.020284 0.043771 -0.0091879 -0.0027793 -0.0059588
0.0082126 0.25346 0.3172 0.10051 -0.083332 -0.056485 -0.0025163 0.035492 -0.015985 -0.0052719 0.0010292 0.0091327
0.0096273 0.23872 0.28572 0.11349 -0.067459 -0.055039 0.0014146 -0.014739 -0.031474 0.01298 0.015873 0.0014459
0.012187 0.23895 0.29743 0.10535 -0.071287 -0.054153 0.0025596 0.00023494 0.011705 -0.0081383 -0.0038283 0.00088624
0.016903 0.22467 0.31028 0.090235 -0.066723 -0.056343 0.0047163 -0.014277 0.012853 -0.015113 0.0045643 -0.0021901
0.016522 0.24287 0.30532 0.067775 -0.066743 -0.05232 -0.00038144 0.018193 -0.0049592 -0.02246 -2.0138e-05 0.0040224
0.013438 0.2331 0.32822 0.063066 -0.069889 -0.056595 -0.0030837 -0.009772 0.022901 -0.0047085 -0.003146 -0.0042745
0.0074879 0.25285 0.28779 0.057943 -0.054868 -0.035847 -0.0059502 0.019752 -0.04043 -0.0051234 0.015021 0.020748
0.0072503 0.22776 0.3321 0.078243 -0.058023 -0.049755 -0.00023762 -0.025092 0.044311 0.0203 -0.0031557 -0.013909
0.010115 0.24833 0.28984 0.080102 -0.049985 -0.034932 0.0028642 0.020569 -0.04226 0.0018596 0.0080388 0.014824
0.0093966 0.25154 0.27086 0.09097 -0.054104 -0.051354 -0.00071791 0.0032179 -0.018986 0.010867 -0.0041198 -0.016423
0.0054566 0.23936 0.28305 0.10274 -0.068206 -0.055701 -0.0039401 -0.012182 0.012188 0.011767 -0.014102 -0.0043469
0.010467 0.25789 0.23776 0.11194 -0.058733 -0.051187 0.00501 0.018533 -0.04529 0.0091989 0.0094729 0.0045141
0.0058255 0.23524 0.26798 0.11752 -0.062465 -0.051584 -0.004641 -0.022658 0.030222 0.0055862 -0.0037321 -0.00039732
0.024562 0.23817 0.23898 0.12655 -0.052256 -0.043187 0.018737 0.0029335 -0.029002 0.0090315 0.010209 0.0083976
0.010823 0.22121 0.30303 0.11642 -0.069252 -0.050384 -0.013739 -0.016956 0.06405 -0.010131 -0.016996 -0.0071974
0.017228 0.23043 0.28854 0.12692 -0.065434 -0.057566 0.0064045 0.0092116 -0.014481 0.0105 0.0038185 -0.0071823
0.0039718 0.25634 0.27932 0.13125 -0.07177 -0.057085 -0.013256 0.025915 -0.0092229 0.0043234 -0.0063361 0.00048113
0.0062433 0.23758 0.24648 0.13337 -0.058855 -0.05326 0.0022714 -0.018766 -0.032844 0.0021232 0.012915 0.003825
0.0017012 0.23966 0.28656 0.12479 -0.070771 -0.050464 -0.0045421 0.0020889 0.040078 -0.0085823 -0.011916 0.0027967
0.0017351 0.20964 0.33662 0.11329 -0.080294 -0.054428 3.3885e-05 -0.030026 0.050068 -0.011495 -0.0095226 -0.0039646
0.0010668 0.25768 0.30853 0.1038 -0.080253 -0.053401 -0.00066829 0.048041 -0.028094 -0.0094905 4.0773e-05 0.0010272
0.002766 0.23982 0.28601 0.10595 -0.078606 -0.056334 0.0016992 -0.017861 -0.02252 0.0021449 0.0016468 -0.0029326
0.0033326 0.2373 0.247 0.096766 -0.074716 -0.047067 0.00056666 -0.0025186 -0.039007 -0.0091802 0.0038898 0.0092663
-0.00032001 0.20626 0.29591 0.10316 -0.077389 -0.052189 -0.0036526 -0.031035 0.048904 0.0063977 -0.0026729 -0.0051222
-0.0052026 0.21325 0.29529 0.11727 -0.078451 -0.052203 -0.0048826 0.0069893 -0.00061809 0.014104 -0.0010618 -1.3192e-05
-0.0030806 0.25068 0.25784 0.12831 -0.076876 -0.054981 0.002122 0.037428 -0.037446 0.011043 0.0015745 -0.0027783
-0.0040959 0.2174 0.26442 0.13236 -0.076093 -0.059369 -0.0010153 -0.033279 0.0065816 0.0040534 0.00078386 -0.0043885
0.0018136 0.23783 0.2262 0.10231 -0.075871 -0.05328 0.0059094 0.020428 -0.038228 -0.030058 0.00022152 0.0060898
-0.0033441 0.19287 0.28491 0.11485 -0.093699 -0.066936 -0.0051576 -0.044963 0.058711 0.012545 -0.017828 -0.013656
-0.0044617 0.21516 0.23531 0.10998 -0.085453 -0.057947 -0.0011176 0.022294 -0.049599 -0.0048664 0.0082463 0.0089888
-0.0079874 0.21079 0.2348 0.14352 -0.11729 -0.071347 -0.0035257 -0.0043734 -0.00050761 0.03354 -0.031838 -0.0134
-0.0049071 0.19701 0.23076 0.12519 -0.10604 -0.056763 0.0030803 -0.013778 -0.0040369 -0.01833 0.011253 0.014585
-9.7827e-05 0.21856 0.21758 0.13293 -0.11416 -0.061596 0.0048092 0.021544 -0.013182 0.0077378 -0.0081186 -0.004833
0.0020633 0.23717 0.21759 0.11314 -0.10312 -0.055372 0.0021612 0.018613 5.5859e-06 -0.019791 0.011035 0.0062237
0.0060022 0.24355 0.19814 0.12142 -0.095428 -0.062444 0.0039389 0.0063813 -0.019441 0.0082754 0.0076935 -0.0070723
0.0070198 0.25092 0.13789 0.1075 -0.081895 -0.055712 0.0010175 0.007373 -0.060257 -0.01392 0.013533 0.0067322
0.0091027 0.19959 0.17473 0.10878 -0.093594 -0.064665 0.0020829 -0.051332 0.036844 0.0012811 -0.0117 -0.0089523
0.012373 0.1809 0.16437 0.10869 -0.076061 -0.055009 0.0032703 -0.018687 -0.010358 -8.3766e-05 0.017533 0.0096551
0.0067401 0.16948 0.27136 0.11922 -0.1055 -0.065833 -0.0056329 -0.011427 0.10699 0.010528 -0.029441 -0.010824
0.0044134 0.19873 0.27706 0.1222 -0.092831 -0.059 -0.0023267 0.029253 0.005696 0.0029795 0.012671 0.0068332
-0.002398 0.24905 0.22434 0.13687 -0.095944 -0.067628 -0.0068114 0.050317 -0.052722 0.01467 -0.0031122 -0.0086277
-0.0030678 0.22195 0.20573 0.12131 -0.091796 -0.066137 -0.00066977 -0.027099 -0.018605 -0.015562 0.0041474 0.0014911
-0.0039514 0.23411 0.17197 0.13989 -0.087212 -0.071543 -0.00088362 0.012164 -0.033763 0.018578 0.0045844 -0.0054061
-0.00025427 0.18429 0.28943 0.12862 -0.10174 -0.065788 0.0036971 -0.049821 0.11747 -0.01127 -0.014528 0.0057553
-3.264e-05 0.23381 0.28849 0.1241 -0.1023 -0.068757 0.00022163 0.049515 -0.00093893 -0.0045142 -0.00056038 -0.0029692
0.0039547 0.22195 0.3065 0.1305 -0.11885 -0.081484 0.0039873 -0.011857 0.018005 0.0063981 -0.016545 -0.012727
0.0048981 0.19374 0.28882 0.10975 -0.11393 -0.081228 0.00094343 -0.028209 -0.017679 -0.020748 0.0049136 0.00025656
0.0049226 0.1789 0.28211 0.15255 -0.11875 -0.087242 2.446e-05 -0.014836 -0.0067147 0.042797 -0.0048193 -0.0060139
0.0060713 0.17226 0.30552 0.16761 -0.098382 -0.070261 0.0011488 -0.0066404 0.023417 0.015057 0.020369 0.01698
0.0051381 0.22118 0.2454 0.19079 -0.087893 -0.067496 -0.00093323 0.048915 -0.060123 0.023186 0.010489 0.0027656
0.0065148 0.20826 0.28178 0.171 -0.094769 -0.069862 0.0013767 -0.012922 0.036377 -0.019793 -0.0068755 -0.0023662
0.0051182 0.22095 0.27372 0.16396 -0.096111 -0.064994 -0.0013967 0.012699 -0.0080593 -0.0070378 -0.0013426 0.0048681
0.0065317 0.18858 0.32998 0.13668 -0.11298 -0.067905 0.0014136 -0.032377 0.056264 -0.027285 -0.016874 -0.0029117
0.0059971 0.23123 0.30135 0.16358 -0.10161 -0.059882 -0.00053465 0.042651 -0.028636 0.026906 0.011376 0.0080236
0.011001 0.20471 0.30713 0.13638 -0.11374 -0.058035 0.0050039 -0.026522 0.0057879 -0.027207 -0.012135 0.001847
0.01175 0.22298 0.30927 0.13902 -0.11748 -0.047938 0.00074947 0.018276 0.0021375 0.0026456 -0.0037395 0.010097
0.016913 0.19741 0.32412 0.12619 -0.11676 -0.051224 0.0051621 -0.025574 0.014853 -0.012832 0.00072606 -0.0032865
0.016653 0.20811 0.32423 0.10885 -0.099666 -0.055757 -0.00025936 0.010703 0.00010438 -0.017338 0.017092 -0.0045325
0.020346 0.20347 0.2926 0.11547 -0.07275 -0.072093 0.0036926 -0.0046392 -0.031631 0.0066216 0.026915 -0.016336
0.014987 0.19393 0.32329 0.10017 -0.076049 -0.075795 -0.005359 -0.0095389 0.03069 -0.015306 -0.0032985 -0.0037021
0.014929 0.22367 0.26745 0.12887 -0.073198 -0.060613 -5.7515e-05 0.029735 -0.055834 0.028703 0.0028507 0.015182
0.0076268 0.22983 0.25786 0.095166 -0.080906 -0.057664 -0.0073025 0.0061597 -0.0095927 -0.033703 -0.0077084 0.0029491
0.0074716 0.21574 0.26456 0.070231 -0.079133 -0.048162 -0.00015517 -0.014092 0.0067005 -0.024935 0.0017732 0.0095014
0.0060306 0.20944 0.31041 0.010783 -0.082499 -0.062226 -0.001441 -0.0062935 0.045852 -0.059448 -0.0033658 -0.014064
0.0071714 0.17039 0.36859 0.024241 -0.09208 -0.061642 0.0011408 -0.039057 0.058174 0.013458 -0.0095814 0.00058428
0.011172 0.21848 0.34708 0.059078 -0.089657 -0.062603 0.0040004 0.048093 -0.021502 0.034837 0.0024236 -0.00096088
0.016061 0.1887 0.33371 0.066136 -0.084405 -0.064985 0.0048893 -0.029775 -0.01337 0.007058 0.0052524 -0.0023819
0.017769 0.20668 0.36736 0.082225 -0.074689 -0.061131 0.0017074 0.017979 0.033644 0.01609 0.0097152 0.0038539
0.02467 0.17883 0.38388 0.06801 -0.076271 -0.07075 0.0069014 -0.027852 0.016521 -0.014215 -0.001582 -0.0096187
0.020438 0.20942 0.36464 0.11144 -0.067874 -0.066499 -0.0042324 0.030584 -0.019242 0.043432 0.0083977 0.0042505
0.020677 0.20619 0.32962 0.11381 -0.068486 -0.069347 0.00023975 -0.0032228 -0.035015 0.0023662 -0.00061215 -0.0028484
0.011989 0.20656 0.33868 0.10268 -0.060131 -0.070231 -0.0086883 0.00036204 0.0090544 -0.011129 0.0083546 -0.00088398
0.0065508 0.21782 0.33738 0.09592 -0.056845 -0.058187 -0.0054382 0.011263 -0.0012941 -0.0067595 0.0032862 0.012045
0.0044907 0.21341 0.34457 0.093096 -0.057047 -0.061577 -0.0020601 -0.0044052 0.0071857 -0.002824 -0.00020199 -0.0033904
0.0094747 0.20367 0.34412 0.10824 -0.061882 -0.061296 0.004984 -0.0097411 -0.00044603 0.015144 -0.0048353 0.00028101
0.0089873 0.20344 0.33755 0.10408 -0.070801 -0.067457 -0.00048746 -0.00022722 -0.0065758 -0.0041618 -0.0089187 -0.0061613
0.017055 0.1797 0.35872 0.092287 -0.068727 -0.07101 0.0080681 -0.023744 0.021171 -0.011791 0.0020742 -0.0035528
0.010888 0.20642 0.31692 0.090117 -0.066831 -0.060375 -0.0061677 0.026716 -0.041796 -0.0021692 0.0018954 0.010635
0.016831 0.20432 0.29689 0.081341 -0.051276 -0.05356 0.0059429 -0.0021003 -0.020033 -0.0087767 0.015556 0.0068147
0.013501 0.18339 0.34019 0.052391 -0.057187 -0.056928 -0.0033292 -0.02093 0.043303 -0.02895 -0.0059113 -0.0033679
0.014221 0.21312 0.30376 0.073719 -0.049197 -0.055695 0.00071939 0.029736 -0.036431 0.021328 0.00799 0.0012335
0.013039 0.19615 0.33319 0.059365 -0.053081 -0.063286 -0.0011821 -0.016973 0.029432 -0.014354 -0.0038837 -0.0075914
0.011364 0.19751 0.31863 0.094984 -0.053791 -0.060414 -0.0016748 0.0013589 -0.01456 0.035619 -0.00071028 0.0028714
0.0099028 0.19208 0.38339 0.071328 -0.055977 -0.061744 -0.0014611 -0.005427 0.064761 -0.023656 -0.0021859 -0.0013294
0.0077718 0.17542 0.39356 0.054712 -0.059523 -0.066573 -0.0021309 -0.016658 0.010169 -0.016617 -0.0035463 -0.004829
0.0031161 0.21463 0.36592 0.051002 -0.052194 -0.066039 -0.0046558 0.039203 -0.027645 -0.0037095 0.0073292 0.00053342
0.0023087 0.18993 0.31428 0.033903 -0.047101 -0.069643 -0.00080734 -0.024691 -0.051638 -0.017099 0.0050927 -0.0036033
0.0006232 0.19664 0.34319 0.044042 -0.046133 -0.066298 -0.0016855 0.0067097 0.028912 0.010139 0.00096843 0.0033442
0.0023515 0.18604 0.36001 0.026697 -0.047455 -0.066 0.0017283 -0.010604 0.016816 -0.017345 -0.0013223 0.00029859
0.00213 0.20543 0.38228 0.037001 -0.051411 -0.070421 -0.00022153 0.019391 0.022271 0.010304 -0.0039553 -0.0044208
0.0026317 0.19933 0.36109 0.024031 -0.053193 -0.073781 0.00050175 -0.0060967 -0.021184 -0.01297 -0.0017821 -0.0033607
0.00052423 0.19361 0.39956 0.025431 -0.056357 -0.083679 -0.0021075 -0.0057215 0.03847 0.0014001 -0.0031646 -0.0098977
-0.00083613 0.18527 0.42259 0.011862 -0.060323 -0.078492 -0.0013604 -0.0083408 0.023031 -0.013568 -0.0039658 0.0051873
3.784e-05 0.21902 0.40903 0.018708 -0.056687 -0.073669 0.00087397 0.03375 -0.013564 0.006846 0.003636 0.0048228
0.0024121 0.22254 0.33733 0.02126 -0.052535 -0.062569 0.0023743 0.0035161 -0.071704 0.0025517 0.0041525 0.0111
0.0056091 0.18202 0.31809 0.030068 -0.051715 -0.056951 0.003197 -0.040518 -0.019238 0.008808 0.00082 0.005618
0.0071154 0.17483 0.31793 0.032156 -0.048309 -0.049363 0.0015063 -0.0071875 -0.0001602 0.0020875 0.0034052 0.0075879
0.0030529 0.14116 0.37888 0.038689 -0.057125 -0.044489 -0.0040626 -0.033672 0.060956 0.0065332 -0.0088157 0.0048739
0.0082649 0.21511 0.34324 0.035988 -0.046102 -0.037893 0.005212 0.073946 -0.035647 -0.0027004 0.011024 0.0065962
0.0080319 0.18361 0.36813 0.031214 -0.056257 -0.047096 -0.00023301 -0.031495 0.024898 -0.0047742 -0.010156 -0.0092029
0.013339 0.21184 0.33734 0.0277 -0.050484 -0.041043 0.0053075 0.028228 -0.030792 -0.0035138 0.0057731 0.0060533
0.017588 0.17276 0.40004 0.014391 -0.050692 -0.051935 0.0042486 -0.039079 0.062701 -0.013309 -0.00020787 -0.010892
0.010452 0.18492 0.40125 -0.0043341 -0.050775 -0.043034 -0.0071355 0.012163 0.0012106 -0.018725 -8.308e-05 0.0089015
0.014264 0.17251 0.45699 -0.041158 -0.038834 -0.059018 0.0038118 -0.012415 0.055738 -0.036824 0.011942 -0.015985
0.0023188 0.14761 0.48265 -0.083124 -0.06044 -0.064945 -0.011945 -0.0249 0.025662 -0.041966 -0.021606 -0.0059265
0.0050897 0.16121 0.43741 -0.086451 -0.056884 -0.065244 0.0027709 0.013598 -0.045249 -0.0033267 0.0035563 -0.00029933
0.0043129 0.17496 0.39024 -0.10348 -0.069718 -0.054918 -0.00077686 0.013749 -0.04717 -0.017031 -0.012834 0.010326
0.0079166 0.15847 0.30151 -0.022799 -0.042665 -0.037777 0.0036037 -0.016486 -0.088727 0.080683 0.027053 0.017141
0.011538 0.17866 0.36632 -0.010875 -0.032859 -0.02872 0.0036218 0.020194 0.064811 0.011924 0.0098062 0.0090573
0.0097631 0.14252 0.41255 0.10144 -0.0089681 -0.029067 -0.0017753 -0.036144 0.046232 0.11231 0.023891 -0.00034685
0.012044 0.1985 0.42665 0.06982 -0.015242 -0.027753 0.0022813 0.055979 0.014096 -0.03162 -0.0062738 0.0013138
0.0095991 0.17733 0.41573 0.095412 -0.019274 -0.035976 -0.0024453 -0.021168 -0.010915 0.025592 -0.0040322 -0.0082227
0.011855 0.18404 0.3352 0.050231 -0.02638 -0.031475 0.0022563 0.0067133 -0.080528 -0.045181 -0.0071054 0.0045011
0.0084828 0.15408 0.37746 0.013593 -0.032269 -0.033647 -0.0033726 -0.029965 0.042261 -0.036639 -0.0058894 -0.0021723
0.0058812 0.17972 0.36195 0.013088 -0.030011 -0.028226 -0.0026015 0.025636 -0.015513 -0.0005044 0.0022577 0.0054208
0.0037631 0.16163 0.41268 -0.04099 -0.031197 -0.03117 -0.0021181 -0.018086 0.05073 -0.054078 -0.0011861 -0.0029433
0.0024546 0.17776 0.43167 -0.0028692 -0.034416 -0.024964 -0.0013085 0.016129 0.018987 0.038121 -0.0032187 0.0062061
0.0013473 0.16909 0.39544 0.0091614 -0.030703 -0.022881 -0.0011073 -0.008672 -0.036232 0.012031 0.0037127 0.0020825
-0.00029389 0.17509 0.37611 0.043127 -0.037471 -0.014414 -0.0016412 0.0060058 -0.019331 0.033965 -0.0067673 0.0084675
-0.0037094 0.15983 0.33277 0.043729 -0.044173 -0.021332 -0.0034155 -0.015263 -0.043333 0.00060213 -0.0067028 -0.0069188
0.0036895 0.13469 0.41964 0.021649 -0.048861 -0.043492 0.0073989 -0.025139 0.086864 -0.02208 -0.0046875 -0.02216
0.01337 0.12424 0.47835 0.0058913 -0.041611 -0.059837 0.0096805 -0.010449 0.058712 -0.015757 0.0072498 -0.016345
0.023828 0.16364 0.46934 0.034727 -0.019566 -0.071434 0.010458 0.039401 -0.0090115 0.028836 0.022045 -0.011597
0.026832 0.15219 0.46592 0.036111 -0.0068626 -0.070246 0.0030042 -0.01145 -0.0034191 0.0013833 0.012703 0.0011887
0.01874 0.17272 0.39214 0.04932 -0.0091235 -0.054849 -0.0080925 0.020526 -0.073783 0.013209 -0.0022608 0.015397
0.017989 0.14205 0.42321 0.029949 -0.019282 -0.057807 -0.00075051 -0.03067 0.03107 -0.019371 -0.010159 -0.0029585
0.013491 0.15919 0.40626 0.0048147 -0.024209 -0.042381 -0.0044981 0.017145 -0.016941 -0.025134 -0.0049267 0.015426
0.016234 0.14643 0.39116 0.012277 -0.027229 -0.042665 0.0027426 -0.012764 -0.015107 0.0074619 -0.0030202 -0.00028309
0.015935 0.14756 0.40835 0.0045401 -0.023064 -0.027707 -0.00029895 0.0011352 0.01719 -0.0077365 0.004165 0.014958
0.012889 0.15105 0.37839 0.010646 -0.028142 -0.022453 -0.0030459 0.0034868 -0.02996 0.0061063 -0.0050784 0.0052537
0.016286 0.16798 0.36234 0.0030747 -0.033157 -0.015558 0.003397 0.016925 -0.01605 -0.0075718 -0.0050152 0.0068948
0.019738 0.14888 0.34965 -0.023293 -0.03779 -0.020114 0.003452 -0.019097 -0.012688 -0.026368 -0.0046328 -0.0045554
0.026458 0.12634 0.40714 -0.056028 -0.055336 -0.026909 0.0067198 -0.022537 0.057489 -0.032735 -0.017545 -0.006795
0.031897 0.11513 0.43812 -0.066193 -0.054865 -0.035208 0.0054391 -0.011208 0.030987 -0.010164 0.00047073 -0.0082988
0.032294 0.16715 0.39956 -0.057354 -0.060434 -0.037642 0.0003966 0.052011 -0.038561 0.0088387 -0.0055688 -0.0024341
0.029643 0.15837 0.33901 -0.041194 -0.054876 -0.036993 -0.0026505 -0.0087809 -0.060552 0.01616 0.0055574 0.00064918
0.030945 0.16371 0.29363 -0.047185 -0.068702 -0.027296 0.0013019 0.0053464 -0.045382 -0.0059908 -0.013826 0.009697
0.032766 0.10483 0.33752 -0.069149 -0.071699 -0.016401 0.0018213 -0.058883 0.043887 -0.021964 -0.0029973 0.010895
0.039209 0.13346 0.31249 -0.087545 -0.08311 -0.013736 0.0064428 0.028627 -0.025023 -0.018396 -0.01141 0.0026644
0.045087 0.15 0.26169 -0.071891 -0.069623 0.0020167 0.0058775 0.01654 -0.050799 0.015654 0.013487 0.015753
0.045503 0.14994 0.23425 -0.085087 -0.067753 0.0013687 0.00041649 -5.6082e-05 -0.027447 -0.013196 0.0018697 -0.00064799
0.046839 0.13762 0.25811 -0.091034 -0.066644 0.016756 0.0013357 -0.012324 0.023859 -0.0059466 0.0011096 0.015388
0.046719 0.12898 0.28111 -0.11915 -0.06863 0.013568 -0.00011958 -0.0086325 0.023004 -0.028121 -0.0019863 -0.0031886
0.043316 0.14149 0.29534 -0.11537 -0.073562 0.00062592 -0.003403 0.012502 0.01423 0.0037807 -0.0049325 -0.012942
0.042928 0.15118 0.29133 -0.12208 -0.079787 -0.0047819 -0.00038813 0.0096914 -0.0040101 -0.0067079 -0.0062246 -0.0054078
0.040267 0.14139 0.3391 -0.10908 -0.079046 -0.013472 -0.0026608 -0.0097817 0.047774 0.012998 0.00074084 -0.0086903
0.04136 0.14212 0.34684 -0.095422 -0.081761 -0.00024344 0.0010932 0.00072981 0.0077305 0.013662 -0.0027155 0.013229
0.04524 0.17148 0.31562 -0.11893 -0.07438 0.0011044 0.0038795 0.029352 -0.031211 -0.02351 0.0073817 0.0013478
0.045525 0.14804 0.29797 -0.11443 -0.079271 0.012386 0.00028532 -0.023441 -0.017651 0.0045046 -0.0048913 0.011281
0.049149 0.15548 0.31653 -0.19607 -0.076239 0.018355 0.0036234 0.0074417 0.018555 -0.081646 0.0030317 0.0059688
0.060534 0.10517 0.37317 -0.21065 -0.081089 0.03718 0.011386 -0.050307 0.056645 -0.014572 -0.0048498 0.018825
0.065183 0.11052 0.33786 -0.19689 -0.063818 0.044104 0.0046486 0.0053522 -0.035314 0.013755 0.017271 0.0069244
0.067116 0.094281 0.31936 -0.1672 -0.074175 0.046374 0.0019331 -0.016242 -0.018494 0.029686 -0.010357 0.00227
0.057422 0.1035 0.24635 -0.10559 -0.06571 0.034587 -0.0096935 0.0092181 -0.073018 0.061619 0.0084643 -0.011788
0.044663 0.10686 0.24365 -0.098167 -0.075279 0.024581 -0.01276 0.0033632 -0.0026998 0.0074179 -0.0095684 -0.010006
0.050001 0.12451 0.24012 -0.10357 -0.064857 0.021626 0.0053387 0.017645 -0.0035306 -0.0053992 0.010422 -0.0029553
0.047131 0.11327 0.23892 -0.1086 -0.061578 0.021005 -0.0028702 -0.011232 -0.0011966 -0.0050343 0.003279 -0.00062044
0.054931 0.12781 0.26676 -0.1212 -0.06328 0.020407 0.0078001 0.014535 0.027841 -0.012596 -0.0017028 -0.00059789
0.053801 0.11679 0.22409 -0.073716 -0.053546 0.020689 -0.0011306 -0.011021 -0.042669 0.047481 0.0097344 0.00028132
0.061567 0.12729 0.21819 -0.067554 -0.056434 0.024629 0.0077663 0.010502 -0.0059063 0.0061623 -0.002888 0.0039402
0.059363 0.10954 0.17438 -0.020986 -0.045037 0.036477 -0.0022039 -0.017754 -0.043804 0.046568 0.011397 0.011848
0.058176 0.091254 0.23849 -0.090822 -0.068509 0.046596 -0.0011875 -0.018283 0.064111 -0.069836 -0.023472 0.010119
0.044192 0.11453 0.20251 -0.097455 -0.075244 0.04467 -0.013984 0.02328 -0.035985 -0.0066333 -0.006735 -0.0019253
0.036351 0.098935 0.26106 -0.12308 -0.097513 0.031325 -0.0078412 -0.015599 0.05855 -0.025627 -0.02227 -0.013345
0.042108 0.11247 0.20931 -0.11854 -0.094159 0.023543 0.005757 0.013538 -0.051752 0.0045456 0.0033547 -0.007782
0.037773 0.097069 0.26031 -0.092213 -0.092535 0.018967 -0.0043344 -0.015404 0.051 0.026323 0.0016236 -0.0045755
0.050813 0.11721 0.213 -0.096916 -0.085178 0.02774 0.01304 0.020139 -0.047302 -0.0047028 0.0073567 0.0087727
0.04283 0.1473 0.18747 -0.087961 -0.081222 0.032111 -0.0079831 0.030091 -0.025537 0.0089555 0.0039567 0.004371
0.04902 0.13258 0.18369 -0.082185 -0.090329 0.032365 0.0061902 -0.014719 -0.0037738 0.005776 -0.0091076 0.00025341
0.047346 0.13028 0.18668 -0.091612 -0.08903 0.037963 -0.0016738 -0.0023031 0.0029872 -0.0094274 0.0012993 0.0055985
0.05498 0.11614 0.22306 -0.092031 -0.093744 0.035709 0.0076341 -0.014135 0.036375 -0.00041876 -0.0047145 -0.0022537
0.05401 0.12807 0.20768 -0.079823 -0.079753 0.037481 -0.00097012 0.011933 -0.015371 0.012208 0.013991 0.0017716
0.062404 0.1385 0.17196 -0.073791 -0.085277 0.031598 0.0083933 0.010428 -0.035728 0.0060321 -0.0055238 -0.0058826
0.058104 0.12393 0.1803 -0.074158 -0.079186 0.032685 -0.0042999 -0.014575 0.0083405 -0.00036774 0.0060908 0.0010862
0.063936 0.11908 0.18351 -0.086582 -0.088001 0.032957 0.0058325 -0.0048436 0.0032152 -0.012424 -0.0088147 0.00027283
0.064017 0.12084 0.20393 -0.11361 -0.09057 0.032405 8.1085e-05 0.0017563 0.020416 -0.02703 -0.0025695 -0.00055252
0.065908 0.11403 0.22506 -0.10835 -0.093055 0.032955 0.0018907 -0.0068121 0.021136 0.005258 -0.0024844 0.00054975
0.069473 0.13276 0.18335 -0.12437 -0.094497 0.034006 0.0035646 0.018728 -0.041711 -0.01602 -0.0014427 0.0010518
0.069434 0.11757 0.2006 -0.1123 -0.090538 0.037095 -3.8898e-05 -0.015188 0.017252 0.012074 0.0039594 0.0030889
0.068307 0.12076 0.17609 -0.12472 -0.079827 0.042281 -0.0011265 0.0031927 -0.024517 -0.012425 0.010711 0.0051852
0.069662 0.1154 0.2124 -0.11043 -0.085295 0.032807 0.001355 -0.0053567 0.036311 0.014298 -0.0054684 -0.0094732
0.065278 0.11987 0.17037 -0.11498 -0.079241 0.035186 -0.0043841 0.0044631 -0.042032 -0.0045539 0.0060543 0.0023787
0.067376 0.1196 0.17149 -0.10687 -0.08688 0.033117 0.0020979 -0.0002684 0.0011181 0.0081099 -0.0076388 -0.0020691
0.064077 0.1267 0.13839 -0.11311 -0.088241 0.041627 -0.0032991 0.0071006 -0.033098 -0.0062383 -0.0013613 0.0085102
0.065364 0.12152 0.14727 -0.11215 -0.083693 0.048336 0.0012869 -0.0051782 0.0088787 0.00096117 0.0045478 0.0067088
0.065526 0.14399 0.14025 -0.10654 -0.083464 0.057181 0.00016234 0.022471 -0.00702 0.005608 0.00022931 0.0088451
0.066214 0.1338 0.14983 -0.11573 -0.084465 0.055491 0.0006884 -0.010192 0.0095814 -0.0091933 -0.0010015 -0.0016898
0.064795 0.1339 0.17071 -0.12182 -0.089092 0.062486 -0.0014191 9.8232e-05 0.020884 -0.0060869 -0.0046262 0.0069945
0.066826 0.12428 0.16858 -0.12376 -0.092224 0.056755 0.0020307 -0.0096225 -0.0021272 -0.0019422 -0.003132 -0.0057314
0.068706 0.12525 0.15561 -0.12888 -0.092237 0.055999 0.0018801 0.00097574 -0.012973 -0.0051149 -1.3696e-05 -0.00075576
0.072163 0.12351 0.14175 -0.12166 -0.087511 0.052973 0.0034563 -0.0017435 -0.013859 0.0072206 0.0047259 -0.0030253
0.069366 0.12411 0.16479 -0.14063 -0.098249 0.05248 -0.0027967 0.00060273 0.023034 -0.018974 -0.010738 -0.00049387
0.072105 0.11536 0.18984 -0.14346 -0.09793 0.049176 0.002739 -0.0087485 0.025058 -0.00283 0.00031846 -0.0033038
0.071237 0.13999 0.13779 -0.11915 -0.091492 0.055182 -0.00086747 0.024624 -0.052053 0.024309 0.0064385 0.0060066
0.080339 0.12676 0.10744 -0.10589 -0.083888 0.043622 0.0091019 -0.013221 -0.030353 0.013267 0.0076043 -0.011561
0.076241 0.12351 0.077638 -0.081638 -0.075581 0.048916 -0.0040981 -0.0032555 -0.029799 0.024247 0.0083068 0.0052942
0.078313 0.11707 0.11072 -0.10014 -0.082146 0.048515 0.002072 -0.0064431 0.033078 -0.018503 -0.0065653 -0.00040064
0.071325 0.11714 0.11771 -0.093408 -0.075674 0.049785 -0.006988 7.661e-05 0.0069969 0.0067328 0.0064721 0.00127
0.071751 0.12532 0.099108 -0.092978 -0.075715 0.045791 0.00042537 0.0081772 -0.018605 0.00043036 -4.1357e-05 -0.0039941
0.069337 0.096486 0.084157 -0.094155 -0.069648 0.034473 -0.0024137 -0.028834 -0.014951 -0.0011767 0.0060676 -0.011318
0.066219 0.098924 0.083848 -0.080292 -0.075377 0.0259 -0.0031178 0.0024385 -0.00030844 0.013863 -0.0057291 -0.0085725
0.068572 0.12716 0.078319 -0.092738 -0.074979 0.034142 0.0023532 0.028234 -0.0055295 -0.012445 0.00039759 0.0082418
0.068142 0.16944 0.049499 -0.056642 -0.060315 0.035623 -0.00042986 0.042278 -0.02882 0.036096 0.014664 0.0014806
0.074596 0.17867 0.0020147 -0.072253 -0.0505 0.040033 0.0064533 0.0092315 -0.047484 -0.015611 0.0098156 0.0044105
0.075497 0.13179 0.013954 -0.055187 -0.045488 0.043191 0.00090163 -0.046881 0.011939 0.017066 0.0050114 0.0031575
0.078853 0.10233 0.078192 -0.046037 -0.053672 0.049139 0.0033561 -0.029456 0.064238 0.0091495 -0.0081841 0.0059482
0.081677 0.10427 0.19326 -0.012495 -0.082242 0.068243 0.0028239 0.0019393 0.11507 0.033542 -0.02857 0.019104
0.086325 0.12385 0.26368 -0.0085166 -0.08659 0.075703 0.0046477 0.019575 0.070418 0.0039787 -0.0043482 0.0074594
0.087668 0.032681 0.27496 -0.007852 -0.11552 0.078167 0.001343 -0.091165 0.011278 0.0006646 -0.02893 0.0024643
0.083516 0.11585 0.19587 0.047637 -0.088716 0.093591 -0.0041521 0.083169 -0.079083 0.055489 0.026803 0.015425
0.077676 0.043135 0.1706 0.081761 -0.10103 0.10054 -0.0058399 -0.072715 -0.025269 0.034124 -0.012318 0.0069445
0.07548 0.28215 0.095222 0.18218 -0.062776 0.11989 -0.0021958 0.23902 -0.075381 0.10042 0.038258 0.019354
0.078665 0.20601 0.11189 0.085073 -0.080713 0.10951 0.0031847 -0.076137 0.016667 -0.097106 -0.017937 -0.010381
0.082828 0.18528 0.10649 0.041488 -0.07902 0.09851 0.0041629 -0.020733 -0.0053947 -0.043584 0.0016931 -0.010999
0.078844 0.12306 0.1174 -0.040385 -0.095041 0.092771 -0.0039842 -0.062218 0.010909 -0.081874 -0.016022 -0.0057381
0.080937 0.092137 0.14119 -0.048727 -0.096775 0.091878 0.0020935 -0.030926 0.023788 -0.0083413 -0.0017338 -0.00089294
0.076709 0.17429 0.10999 -0.020757 -0.094719 0.091777 -0.0042277 0.082154 -0.031206 0.027969 0.002056 -0.0001018
0.081214 0.15085 0.127 -0.040133 -0.094442 0.084177 0.0045046 -0.023444 0.017017 -0.019376 0.00027689 -0.0075999
0.078772 0.13068 0.12822 -0.040528 -0.10223 0.080185 -0.0024417 -0.020165 0.0012146 -0.00039506 -0.007788 -0.0039913
0.080392 0.1099 0.18686 -0.05797 -0.10624 0.079124 0.0016199 -0.020779 0.058642 -0.017441 -0.0040112 -0.0010613
0.080413 0.13648 0.15103 -0.048366 -0.091598 0.082325 2.1104e-05 0.026581 -0.035825 0.0096041 0.014644 0.0032011
0.086212 0.13139 0.16913 -0.049248 -0.091892 0.080379 0.0057984 -0.0050923 0.018102 -0.00088254 -0.00029357 -0.001946
0.077598 0.12935 0.1466 -0.039661 -0.082832 0.071429 -0.0086135 -0.0020433 -0.02253 0.0095868 0.0090595 -0.0089499
0.082966 0.1202 0.16798 -0.044256 -0.093812 0.073023 0.0053679 -0.009148 0.021374 -0.0045943 -0.01098 0.0015934
0.09019 0.13738 0.16938 -0.044893 -0.08414 0.080598 0.0072235 0.017175 0.0014042 -0.00063706 0.0096722 0.0075752
0.098138 0.15037 0.093401 -0.040834 -0.077291 0.077843 0.0079479 0.012998 -0.075981 0.0040588 0.006849 -0.0027545
0.11605 0.15177 0.023498 -0.029171 -0.059321 0.086484 0.017914 0.0013971 -0.069903 0.011663 0.01797 0.0086408
0.098225 0.12147 -0.017191 -0.0099522 -0.066494 0.066324 -0.017827 -0.030301 -0.04069 0.019219 -0.0071728 -0.02016
0.10031 0.12721 -0.029914 -0.017948 -0.0687 0.066537 0.0020818 0.0057393 -0.012723 -0.0079961 -0.0022063 0.00021279
0.089267 0.1088 0.062053 -0.039061 -0.074447 0.068626 -0.01104 -0.018412 0.091967 -0.021113 -0.0057466 0.0020889
0.088913 0.11441 0.10969 -0.074011 -0.091664 0.068784 -0.00035407 0.0056146 0.047635 -0.03495 -0.017217 0.00015825
0.095296 0.12498 0.1722 -0.10185 -0.092289 0.074379 0.0063828 0.010567 0.062508 -0.027842 -0.00062507 0.0055946
0.08772 0.15106 0.11377 -0.086216 -0.087046 0.085317 -0.0075757 0.026082 -0.058426 0.015638 0.0052429 0.010938
0.08986 0.16366 0.072246 -0.075501 -0.05893 0.083055 0.0021399 0.012604 -0.041524 0.010715 0.028116 -0.0022623
0.084166 0.17265 0.0087848 -0.041882 -0.033435 0.10771 -0.005694 0.0089896 -0.063461 0.033619 0.025495 0.024657
0.085418 0.16133 0.0085109 -0.014564 -0.025552 0.099363 0.0012523 -0.011321 -0.00027397 0.027319 0.007883 -0.0083493
0.087552 0.16368 0.030901 -0.029828 -0.051323 0.10055 0.0021336 0.0023519 0.022391 -0.015264 -0.025771 0.001191
0.088251 0.12911 0.085403 -0.033722 -0.06175 0.082173 0.00069981 -0.034571 0.054502 -0.0038937 -0.010427 -0.01838
0.085159 0.11228 0.17068 -0.070107 -0.088763 0.07339 -0.003092 -0.016829 0.085273 -0.036385 -0.027013 -0.0087826
0.082837 0.087031 0.27034 -0.066096 -0.091245 0.06158 -0.0023219 -0.025253 0.099665 0.0040112 -0.0024819 -0.01181
0.08029 0.13576 0.24729 -0.027457 -0.089636 0.083399 -0.0025473 0.048732 -0.023048 0.038639 0.0016092 0.021819
0.081667 0.14644 0.24599 -0.023217 -0.098487 0.079956 0.0013766 0.010682 -0.0012985 0.0042395 -0.0088509 -0.0034429
0.089357 0.13905 0.21117 0.0035388 -0.084588 0.098106 0.0076899 -0.007398 -0.034827 0.026756 0.013899 0.018151
0.096807 0.1281 0.17508 -0.0063013 -0.095659 0.090939 0.0074501 -0.01095 -0.036087 -0.0098401 -0.011071 -0.0071674
0.1084 0.10206 0.15885 0.0049632 -0.091943 0.097191 0.011596 -0.026036 -0.016235 0.011264 0.0037158 0.0062524
0.10641 0.15274 -0.024162 0.028145 -0.070694 0.092767 -0.0019892 0.050676 -0.18301 0.023182 0.021249 -0.0044242
0.10607 0.12478 -0.02781 -0.00063385 -0.084894 0.097278 -0.00034596 -0.027954 -0.0036481 -0.028779 -0.0142 0.0045113
0.093449 0.1094 0.013533 -0.019795 -0.060371 0.083382 -0.012618 -0.015381 0.041343 -0.019161 0.024523 -0.013896
0.095357 0.089653 0.18048 -0.063642 -0.08841 0.09894 0.0019081 -0.019747 0.16695 -0.043847 -0.028039 0.015558
0.09013 0.097287 0.30491 -0.082855 -0.081287 0.096816 -0.0052273 0.0076335 0.12443 -0.019213 0.0071228 -0.0021239
0.092776 0.13896 0.2911 -0.081663 -0.082952 0.11118 0.0026466 0.041673 -0.013813 0.001192 -0.0016649 0.014361
0.091922 0.12123 0.3003 -0.089011 -0.089961 0.10803 -0.00085399 -0.01773 0.0091991 -0.0073477 -0.007009 -0.0031501
0.089275 0.1276 0.27729 -0.084756 -0.089065 0.10768 -0.0026473 0.0063688 -0.023005 0.0042546 0.00089616 -0.00034472
0.091646 0.11732 0.31435 -0.097471 -0.089624 0.10662 0.0023705 -0.010274 0.037063 -0.012715 -0.00055946 -0.0010668
0.089816 0.15357 0.28513 -0.08727 -0.094132 0.10824 -0.0018295 0.036248 -0.029224 0.010201 -0.0045081 0.0016215
0.091423 0.14717 0.27291 -0.078907 -0.074375 0.10001 0.0016068 -0.0064028 -0.012217 0.0083628 0.019757 -0.0082276
0.087703 0.14554 0.35114 -0.1335 -0.098245 0.099952 -0.0037201 -0.0016287 0.078229 -0.054593 -0.02387 -5.7765e-05
0.084127 0.12655 0.36591 -0.13554 -0.075006 0.085751 -0.0035756 -0.018994 0.014774 -0.0020355 0.023239 -0.014201
0.084486 0.12779 0.56372 -0.25578 -0.10818 0.095104 0.0003585 0.0012458 0.19781 -0.12024 -0.033174 0.0093531
0.084963 0.13501 0.46642 -0.20561 -0.092532 0.090013 0.00047757 0.0072161 -0.097299 0.050167 0.015648 -0.0050909
0.088301 0.13846 0.50568 -0.2358 -0.12819 0.1055 0.003337 0.0034563 0.039256 -0.030186 -0.035658 0.015487
0.084558 0.14544 0.36052 -0.16652 -0.12112 0.10498 -0.0037429 0.0069747 -0.14516 0.069276 0.007067 -0.0005233
0.07919 0.13558 0.27199 -0.12978 -0.12412 0.10934 -0.0053672 -0.0098559 -0.088531 0.036737 -0.002993 0.0043612
0.077589 0.12675 0.28558 -0.11167 -0.10615 0.10328 -0.0016018 -0.0088342 0.01359 0.018111 0.017962 -0.0060534
0.077872 0.10524 0.26572 -0.10107 -0.081097 0.10264 0.0002835 -0.021513 -0.019867 0.010601 0.025058 -0.00064262
0.083081 0.12779 0.3483 -0.12378 -0.078665 0.10097 0.0052091 0.022558 0.082585 -0.022709 0.0024313 -0.0016687
0.086769 0.1377 0.34526 -0.1446 -0.053499 0.11073 0.0036882 0.0099072 -0.0030372 -0.02082 0.025167 0.009758
0.090398 0.12859 0.41065 -0.16781 -0.066521 0.11231 0.0036284 -0.0091103 0.065387 -0.023206 -0.013023 0.0015837
0.092644 0.12617 0.43003 -0.17629 -0.056077 0.12127 0.0022458 -0.0024213 0.019382 -0.0084871 0.010444 0.0089517
0.090504 0.10679 0.48915 -0.19516 -0.073493 0.12004 -0.0021395 -0.01938 0.059118 -0.018863 -0.017416 -0.0012227
0.085614 0.13425 0.49862 -0.20875 -0.075871 0.12228 -0.00489 0.027458 0.0094724 -0.013589 -0.0023778 0.0022372
