-0.00028665 0.0010031 0.00039804 0.00097323 -0.0010732 -0.0005256 0 0 0 0 0 0
0.001016 0.0082613 0.054365 -0.047118 -0.00057758 -0.00053857 0.0013026 0.0072582 0.053967 -0.048091 0.00049566 -1.2969e-05
-0.0014054 0.085863 0.11916 -0.066544 0.0048705 0.0017153 -0.0024214 0.077602 0.064798 -0.019427 0.005448 0.0022538
-8.7439e-05 0.1455 0.20661 -0.079351 -0.0049261 -0.00052798 0.001318 0.059639 0.087445 -0.012807 -0.0097966 -0.0022433
0.0034057 0.20833 0.25922 -0.077161 -0.015823 -0.0035239 0.0034932 0.062826 0.052612 0.0021904 -0.010896 -0.0029959
0.017803 0.18846 0.31661 -0.10979 -0.043186 -0.0066728 0.014397 -0.019865 0.057394 -0.032629 -0.027364 -0.0031489
0.028573 0.16291 0.37782 -0.093423 -0.068593 -0.013696 0.01077 -0.025556 0.06121 0.016367 -0.025407 -0.0070231
0.035269 0.19369 0.39019 -0.11457 -0.079227 -0.0093268 0.0066956 0.030786 0.012371 -0.021143 -0.010633 0.004369
0.029737 0.26452 0.37873 -0.081463 -0.086243 -0.015722 -0.0055319 0.070823 -0.011469 0.033102 -0.0070161 -0.0063953
0.025349 0.26275 0.3227 -0.11584 -0.077416 -0.015035 -0.0043876 -0.0017634 -0.056023 -0.034372 0.0088265 0.00068735
0.020922 0.23049 0.32289 -0.10511 -0.073123 -0.013479 -0.0044272 -0.032267 0.00018586 0.01072 0.0042929 0.0015558
0.029884 0.15626 0.38754 -0.13052 -0.076892 -0.0077431 0.0089616 -0.074223 0.064654 -0.025401 -0.0037684 0.0057359
0.032069 0.17485 0.44232 -0.12822 -0.083734 -0.0010103 0.0021856 0.018586 0.054781 0.0022985 -0.006842 0.0067328
0.038297 0.23554 0.48132 -0.13078 -0.089429 0.0016744 0.0062283 0.060694 0.039 -0.0025657 -0.0056957 0.0026847
0.033754 0.27618 0.48715 -0.13108 -0.10245 -0.0099198 -0.0045438 0.040635 0.005827 -0.00029646 -0.01302 -0.011594
0.030822 0.269 0.45393 -0.13263 -0.10562 -0.013405 -0.0029313 -0.0071768 -0.033218 -0.0015508 -0.0031744 -0.0034848
0.026528 0.2473 0.44531 -0.10533 -0.1039 -0.019058 -0.0042944 -0.021705 -0.008623 0.0273 0.001726 -0.0056535
0.027347 0.20403 0.45044 -0.13712 -0.11904 -0.01423 0.00081877 -0.043261 0.0051285 -0.031788 -0.015147 0.0048281
0.024678 0.20794 0.49526 -0.15401 -0.12571 -0.014322 -0.0026689 0.0039081 0.044821 -0.016889 -0.0066611 -9.2265e-05
0.028318 0.2043 0.52525 -0.25773 -0.178 -0.012201 0.0036402 -0.0036414 0.029988 -0.10373 -0.052292 0.002121
0.026007 0.20224 0.54455 -0.30565 -0.20056 -0.019492 -0.0023103 -0.0020567 0.019303 -0.047921 -0.022559 -0.0072909
0.034881 0.17418 0.62661 -0.29096 -0.20048 -0.015952 0.008874 -0.028061 0.082056 0.014698 8.1168e-05 0.00354
0.043987 0.14308 0.78227 -0.23494 -0.21659 -0.012405 0.0091052 -0.031101 0.15566 0.056014 -0.016113 0.0035468
0.054021 0.12177 0.95833 -0.18345 -0.18861 -0.012799 0.010034 -0.021317 0.17606 0.051495 0.027979 -0.00039335
0.056966 0.20802 0.91501 -0.22376 -0.21366 -0.0052206 0.0029454 0.086254 -0.043315 -0.040318 -0.025055 0.0075781
0.053605 0.22376 0.79363 -0.31784 -0.17053 -0.01476 -0.0033618 0.015739 -0.12138 -0.094074 0.043132 -0.0095391
0.050674 0.23952 0.63823 -0.36028 -0.14856 -0.014012 -0.0029304 0.015764 -0.1554 -0.042437 0.02197 0.00074745
0.04997 0.18973 0.64834 -0.37121 -0.13302 -0.015566 -0.00070451 -0.049797 0.01011 -0.01093 0.015548 -0.001554
0.048481 0.14366 0.74421 -0.30225 -0.13365 -0.017173 -0.0014889 -0.046066 0.095873 0.068954 -0.00063805 -0.0016065
0.047555 0.21124 0.75852 -0.28737 -0.14966 -0.012035 -0.00092611 0.067578 0.01431 0.014886 -0.01601 0.0051379
0.039977 0.21173 0.72785 -0.27847 -0.15169 -0.018747 -0.0075775 0.00049483 -0.030665 0.008894 -0.0020281 -0.0067116
0.044403 0.19998 0.73231 -0.28277 -0.15436 -0.022814 0.0044258 -0.011752 0.0044586 -0.0042986 -0.0026668 -0.0040678
0.046421 0.15802 0.80115 -0.27494 -0.16391 -0.030066 0.0020185 -0.04196 0.068836 0.0078257 -0.0095494 -0.0072513
0.053924 0.12409 0.93304 -0.24409 -0.18229 -0.030071 0.0075023 -0.033931 0.13189 0.030856 -0.018377 -5.6667e-06
0.052983 0.20029 0.92143 -0.23573 -0.18496 -0.030483 -0.00094113 0.076201 -0.011613 0.0083566 -0.0026727 -0.00041176
0.044961 0.21799 0.83144 -0.26316 -0.20838 -0.019261 -0.0080212 0.017704 -0.089991 -0.027434 -0.023426 0.011222
0.037737 0.22034 0.71675 -0.27766 -0.19519 -0.028315 -0.0072242 0.002342 -0.11469 -0.014499 0.013195 -0.0090544
0.042119 0.16189 0.79542 -0.3105 -0.21183 -0.011519 0.0043814 -0.058445 0.078667 -0.032838 -0.016642 0.016796
0.061772 0.13182 0.83503 -0.25612 -0.25123 0.0033264 0.019654 -0.030075 0.039612 0.054386 -0.039404 0.014845
0.064469 0.16889 0.88613 -0.057492 -0.25795 0.0010854 0.0026971 0.037079 0.051101 0.19862 -0.0067111 -0.002241
0.072896 0.20695 0.68232 0.033534 -0.28066 0.021489 0.0084265 0.038058 -0.20381 0.091026 -0.02271 0.020404
0.04053 0.25233 0.49693 0.21506 -0.1772 -0.031345 -0.032365 0.045373 -0.18539 0.18153 0.10345 -0.052834
0.043155 0.2192 0.45487 0.092563 -0.13645 -0.01703 0.0026245 -0.033126 -0.04206 -0.1225 0.040751 0.014315
0.037661 0.21728 0.51077 0.11167 -0.11025 -0.032015 -0.0054942 -0.0019192 0.055891 0.019108 0.026203 -0.014986
0.048212 0.18407 0.68687 0.054221 -0.17699 -0.016436 0.010551 -0.033213 0.17611 -0.057451 -0.066739 0.015579
0.052477 0.23223 0.73522 0.043282 -0.21808 -0.0043793 0.0042654 0.048167 0.048345 -0.010939 -0.041095 0.012057
0.048836 0.22659 0.76847 -0.056109 -0.23846 -0.010654 -0.0036412 -0.0056477 0.03325 -0.099391 -0.020378 -0.0062745
0.04906 0.22888 0.74966 -0.16992 -0.214 -0.001186 0.00022406 0.0022927 -0.018811 -0.11381 0.024465 0.0094678
0.050806 0.20488 0.75342 -0.26734 -0.20217 -0.0049556 0.0017455 -0.024002 0.0037672 -0.097416 0.01183 -0.0037697
0.051749 0.17951 0.75657 -0.29225 -0.20595 -0.0060813 0.00094339 -0.025366 0.0031439 -0.02491 -0.003779 -0.0011257
0.051799 0.19208 0.7559 -0.30534 -0.19823 -0.022061 5.0007e-05 0.012571 -0.00066678 -0.013091 0.007721 -0.01598
0.052448 0.20429 0.76227 -0.33287 -0.20375 -0.031898 0.00064913 0.012207 0.0063729 -0.027532 -0.0055255 -0.0098368
0.05117 0.17497 0.7678 -0.35213 -0.18748 -0.03049 -0.0012784 -0.029316 0.0055315 -0.019262 0.016274 0.0014079
0.054368 0.16633 0.76716 -0.37284 -0.1729 -0.021707 0.0031981 -0.0086429 -0.00063923 -0.020709 0.014582 0.0087823
0.051488 0.1402 0.78023 -0.32173 -0.15111 -0.0041241 -0.0028802 -0.026129 0.013063 0.051107 0.021781 0.017583
0.052986 0.16906 0.77414 -0.28645 -0.14581 -0.0062905 0.0014987 0.028855 -0.0060897 0.035282 0.0053027 -0.0021664
0.046849 0.24366 0.72001 -0.20789 -0.13456 -0.0088799 -0.0061372 0.074603 -0.054128 0.078564 0.011255 -0.0025895
0.042814 0.26759 0.64107 -0.25809 -0.14048 -0.021237 -0.0040351 0.023928 -0.078943 -0.050197 -0.0059221 -0.012357
0.042078 0.24072 0.57718 -0.33185 -0.13016 -0.016075 -0.00073612 -0.026869 -0.063884 -0.073765 0.010314 0.0051624
0.044465 0.17454 0.72407 -0.35603 -0.1286 -0.020151 0.0023872 -0.066182 0.14689 -0.024176 0.0015621 -0.004076
0.052973 0.11329 0.91577 -0.36793 -0.15324 -0.013308 0.0085079 -0.061252 0.1917 -0.011899 -0.024633 0.0068424
0.053752 0.15882 1.0682 -0.26007 -0.15185 -0.021366 0.00077877 0.045531 0.15241 0.10786 0.0013901 -0.008058
0.050896 0.25296 0.95412 -0.28598 -0.18799 -0.025121 -0.0028559 0.094143 -0.11407 -0.025912 -0.03614 -0.0037544
0.043913 0.2481 0.8563 -0.25904 -0.1692 -0.026739 -0.0069828 -0.004859 -0.097813 0.026941 0.018781 -0.0016185
0.042596 0.23575 0.83913 -0.27963 -0.14263 -0.026972 -0.0013168 -0.012352 -0.017176 -0.020591 0.026574 -0.00023244
0.042335 0.15193 1.0038 -0.24295 -0.12365 -0.018563 -0.00026185 -0.083816 0.16468 0.036683 0.018983 0.0084084
0.045747 0.1599 1.0896 -0.25699 -0.087919 -0.018493 0.003412 0.0079639 0.085799 -0.014048 0.035728 7.0454e-05
0.045619 0.22829 1.003 -0.30194 -0.13533 -0.019396 -0.00012729 0.068391 -0.086654 -0.044951 -0.047415 -0.00090295
0.047818 0.20576 0.88967 -0.3435 -0.14857 -0.025984 0.0021984 -0.022529 -0.11328 -0.041553 -0.01324 -0.0065883
0.05085 0.17931 0.87868 -0.32654 -0.16894 -0.026484 0.0030323 -0.026447 -0.010996 0.016961 -0.020362 -0.00050046
0.05326 0.1124 0.95636 -0.28247 -0.17794 -0.02671 0.00241 -0.066915 0.07768 0.044062 -0.0090015 -0.00022559
0.051246 0.12653 1.0245 -0.25335 -0.1521 -0.028186 -0.0020145 0.014137 0.06814 0.02912 0.02584 -0.0014757
0.049157 0.20618 0.91424 -0.31003 -0.17441 -0.015628 -0.0020884 0.079644 -0.11026 -0.056675 -0.022312 0.012557
0.044445 0.24111 0.71022 -0.36465 -0.14674 -0.016554 -0.0047127 0.034927 -0.20402 -0.054624 0.02767 -0.00092527
0.048079 0.20559 0.74347 -0.3867 -0.14757 -0.0092486 0.0036344 -0.035512 0.033251 -0.022045 -0.00082682 0.0073051
0.04695 0.11429 0.95789 -0.3119 -0.10451 -0.035457 -0.0011285 -0.091302 0.21442 0.074803 0.04306 -0.026209
0.05424 0.071656 1.5038 -0.22354 -0.061709 -0.068843 0.0072898 -0.042635 0.54592 0.088358 0.042798 -0.033386
0.058754 0.069133 1.8863 -0.12247 -0.098491 -0.051657 0.0045138 -0.0025238 0.38253 0.10106 -0.036782 0.017186
0.057746 0.17942 1.8098 -0.056587 -0.1523 -0.062305 -0.0010079 0.11029 -0.076503 0.065887 -0.05381 -0.010648
0.048874 0.1928 1.4398 0.020391 -0.3188 -0.044423 -0.0088718 0.013381 -0.37003 0.076979 -0.1665 0.017882
0.025527 0.25906 0.74118 0.046524 -0.3188 -0.075662 -0.023348 0.066253 -0.69863 0.026132 2.9105e-06 -0.031239
0.013869 0.23858 0.39347 0.035155 -0.29526 -0.10012 -0.011658 -0.020476 -0.34771 -0.011369 0.023535 -0.02446
0.017253 0.18647 0.3295 -0.08204 -0.19345 -0.071569 0.0033845 -0.052113 -0.063976 -0.11719 0.10181 0.028552
0.021489 0.20101 0.49117 -0.15542 -0.068953 -0.040132 0.0042359 0.014539 0.16167 -0.073383 0.1245 0.031437
0.041626 0.12265 0.81697 -0.25282 -0.082059 -0.024343 0.020137 -0.078355 0.32581 -0.097398 -0.013107 0.015789
0.031778 0.20163 0.83821 -0.088825 0.025642 0.0026316 -0.0098482 0.078979 0.021236 0.164 0.1077 0.026974
0.051873 0.14689 0.99899 -0.062514 -0.037188 -0.016905 0.020095 -0.054744 0.16078 0.026311 -0.06283 -0.019536
0.047857 0.20454 0.9019 0.1634 -0.021855 0.017452 -0.0040164 0.057651 -0.097088 0.22592 0.015333 0.034357
0.063174 0.18717 1.0492 0.047064 -0.061515 0.0063726 0.015318 -0.017368 0.14733 -0.11634 -0.03966 -0.011079
0.062539 0.25621 1.0361 0.052742 -0.064678 0.0027352 -0.00063544 0.069039 -0.013095 0.005678 -0.0031626 -0.0036374
0.064817 0.26552 1.0814 -0.038423 -0.053432 -0.015003 0.0022778 0.0093105 0.045253 -0.091166 0.011246 -0.017738
0.063784 0.26039 1.0764 -0.07395 -0.042902 -0.025218 -0.0010326 -0.0051265 -0.0050301 -0.035527 0.01053 -0.010215
0.061992 0.23838 1.0529 -0.071218 -0.06656 -0.030032 -0.0017924 -0.022015 -0.023492 0.0027316 -0.023657 -0.0048137
0.056107 0.20104 1.0615 -0.101 -0.044298 -0.042234 -0.005885 -0.037334 0.008612 -0.02978 0.022261 -0.012202
0.055022 0.18925 1.0847 -0.11315 -0.057819 -0.036305 -0.0010847 -0.011793 0.023199 -0.012147 -0.01352 0.0059293
0.058357 0.14792 1.1048 -0.10596 -0.025345 -0.025462 0.0033354 -0.041327 0.020099 0.0071847 0.032474 0.010843
0.05855 0.17477 1.1707 -0.12469 -0.034683 -0.011696 0.00019286 0.026842 0.065917 -0.018729 -0.009338 0.013765
0.062199 0.20104 1.1769 -0.11615 -0.039875 -0.0017987 0.0036492 0.026271 0.0061857 0.0085342 -0.0051919 0.0098975
0.054346 0.26104 1.1633 -0.12139 -0.057468 -0.019555 -0.0078533 0.060008 -0.013617 -0.0052357 -0.017593 -0.017757
0.051176 0.26312 1.1169 -0.10043 -0.058749 -0.024889 -0.0031701 0.0020755 -0.046338 0.020958 -0.0012808 -0.0053339
0.047713 0.20189 1.1098 -0.11084 -0.047914 -0.030307 -0.0034628 -0.061233 -0.0071743 -0.01041 0.010835 -0.005418
0.045396 0.17002 1.1147 -0.093736 -0.01415 -0.026841 -0.0023175 -0.031863 0.0049024 0.017106 0.033764 0.003466
0.042607 0.16016 1.1475 -0.099295 -0.024873 -0.019055 -0.0027891 -0.0098605 0.032815 -0.0055588 -0.010723 0.0077861
0.042721 0.20508 1.1469 -0.078831 -0.024247 -0.021832 0.0001141 0.044912 -0.00057661 0.020464 0.00062551 -0.002777
0.040301 0.23696 1.1496 -0.071906 -0.061728 -0.022649 -0.0024196 0.031883 0.0027141 0.0069251 -0.03748 -0.00081639
0.045022 0.21641 1.1525 -0.064853 -0.065952 -0.029569 0.0047209 -0.020549 0.0028678 0.0070533 -0.0042243 -0.00692
0.048826 0.18411 1.1872 -0.067337 -0.068964 -0.029193 0.0038037 -0.032302 0.034722 -0.0024842 -0.0030125 0.00037552
0.051953 0.18247 1.1993 -0.07672 -0.055806 -0.029461 0.0031274 -0.0016359 0.012069 -0.0093823 0.013159 -0.00026786
0.055836 0.22102 1.2089 -0.071271 -0.059647 -0.029843 0.0038828 0.038553 0.0096585 0.0054485 -0.0038412 -0.00038206
0.056647 0.22103 1.192 -0.078919 -0.056933 -0.035202 0.00081149 9.5044e-06 -0.01691 -0.0076484 0.0027136 -0.005359
0.056439 0.19807 1.1325 -0.13287 -0.077346 -0.029037 -0.00020856 -0.022961 -0.059509 -0.053949 -0.020412 0.0061652
0.059605 0.15178 1.0851 -0.19255 -0.078177 -0.032606 0.0031665 -0.046289 -0.047444 -0.059686 -0.00083106 -0.0035692
0.055823 0.15311 0.99246 -0.28954 -0.10008 -0.014904 -0.0037821 0.0013296 -0.092601 -0.096988 -0.021901 0.017701
0.056389 0.19521 0.98792 -0.2643 -0.087503 -0.0249 0.00056578 0.042096 -0.0045455 0.025247 0.012575 -0.0099958
0.053872 0.2003 1.0032 -0.21798 -0.089668 -0.021759 -0.0025168 0.005096 0.015243 0.04632 -0.0021653 0.0031416
0.053695 0.17347 1.0967 -0.1469 -0.056206 -0.028587 -0.00017698 -0.026835 0.093497 0.071078 0.033462 -0.0068288
0.05624 0.16778 1.1536 -0.12853 -0.064423 -0.028613 0.0025449 -0.0056936 0.056906 0.018367 -0.0082166 -2.5299e-05
0.053471 0.18698 1.1721 -0.12825 -0.059842 -0.029944 -0.0027689 0.019204 0.018499 0.00028387 0.0045803 -0.0013318
0.055587 0.21647 1.1675 -0.14152 -0.080366 -0.028334 0.0021154 0.029494 -0.0045741 -0.013273 -0.020523 0.0016108
0.052865 0.20701 1.163 -0.12088 -0.076901 -0.031553 -0.002722 -0.0094671 -0.00444 0.02064 0.0034646 -0.0032195
0.057659 0.1666 1.1924 -0.12835 -0.064977 -0.019677 0.0047943 -0.040402 0.029379 -0.00747 0.011924 0.011876
0.058172 0.14716 1.2472 -0.1324 -0.057497 -0.019816 0.00051283 -0.019445 0.05481 -0.0040468 0.0074797 -0.00013877
0.062188 0.14181 1.2977 -0.1345 -0.07315 -0.011008 0.0040158 -0.0053547 0.050432 -0.0021018 -0.015653 0.0088081
0.065021 0.16885 1.334 -0.10803 -0.076584 -0.0094895 0.0028332 0.027045 0.036308 0.026472 -0.0034339 0.0015187
0.068715 0.15197 1.4577 -0.15576 -0.12394 -0.011201 0.0036941 -0.016883 0.12374 -0.047733 -0.047353 -0.0017115
0.065256 0.1993 1.4508 -0.11059 -0.11201 -0.0079039 -0.0034593 0.047331 -0.0068968 0.045163 0.011931 0.003297
0.061238 0.17335 1.3729 -0.23383 -0.15776 -0.019836 -0.0040174 -0.025952 -0.077919 -0.12324 -0.045749 -0.011932
0.049489 0.16176 1.1152 -0.16498 -0.16577 -0.016741 -0.011749 -0.011589 -0.2577 0.06886 -0.0080137 0.003095
0.051785 0.087627 0.88162 -0.20965 -0.17074 -0.014689 0.0022961 -0.07413 -0.23358 -0.044675 -0.0049745 0.0020519
0.049234 0.079798 0.84014 -0.13473 -0.16794 -0.0046065 -0.0025516 -0.0078295 -0.041478 0.074917 0.0028013 0.010083
0.053868 0.073764 0.96961 -0.099746 -0.13123 0.0053715 0.0046343 -0.0060339 0.12947 0.034987 0.036715 0.009978
0.053791 0.1683 1.0443 -0.097555 -0.13961 -0.00070196 -7.6326e-05 0.094536 0.074683 0.0021918 -0.0083812 -0.0060735
0.053871 0.14811 1.0851 -0.10016 -0.1495 -0.0033547 7.9884e-05 -0.020193 0.040845 -0.0026042 -0.0098874 -0.0026527
0.058167 0.13836 1.0676 -0.12977 -0.166 -0.0082519 0.0042952 -0.0097427 -0.017514 -0.029608 -0.016508 -0.0048972
0.059935 0.088712 1.1316 -0.10491 -0.16407 -0.0031205 0.0017685 -0.049652 0.063975 0.024854 0.0019313 0.0051314
0.063926 0.098853 1.1902 -0.098455 -0.17151 0.0057265 0.0039908 0.010142 0.058559 0.0064569 -0.0074393 0.008847
0.066838 0.16057 1.1795 -0.15232 -0.15432 -0.0028715 0.0029123 0.061712 -0.010704 -0.053868 0.017191 -0.0085981
0.063233 0.24963 0.93568 -0.28199 -0.1971 -0.0061218 -0.0036056 0.089068 -0.24378 -0.12966 -0.042783 -0.0032503
0.057929 0.20978 0.84697 -0.43884 -0.19295 -0.023728 -0.0053035 -0.039849 -0.088705 -0.15686 0.0041532 -0.017606
0.063673 0.17831 0.90011 -0.49398 -0.14033 -0.025423 0.005744 -0.031471 0.053132 -0.055139 0.052624 -0.0016958
0.094536 0.10108 1.096 -0.41955 -0.13998 -0.016244 0.030863 -0.077231 0.1959 0.074427 0.00034243 0.0091789
0.11627 0.065327 1.3471 -0.3313 -0.051266 -0.015476 0.021732 -0.035755 0.25108 0.088252 0.088718 0.0007689
0.12828 0.15285 1.1766 -0.14505 -0.15382 0.0042364 0.012014 0.087522 -0.17051 0.18625 -0.10256 0.019712
0.090175 0.14048 0.99073 -0.17083 -0.15654 -0.0041757 -0.038107 -0.012365 -0.18584 -0.025777 -0.0027227 -0.0084121
0.063842 0.22594 0.6724 -0.13769 -0.19864 -0.0015598 -0.026334 0.08546 -0.31833 0.033147 -0.042093 0.002616
0.04777 0.19558 0.57077 -0.30044 -0.19094 -0.016295 -0.016071 -0.030364 -0.10163 -0.16276 0.0077008 -0.014735
0.05711 0.15957 0.65547 -0.28403 -0.14504 -0.0058112 0.00934 -0.036011 0.084702 0.016415 0.045895 0.010484
0.079556 0.11101 0.94845 -0.23018 -0.21225 -0.0039065 0.022445 -0.048556 0.29298 0.053853 -0.067205 0.0019047
0.091076 0.10669 1.2301 -0.037793 -0.20233 0.019298 0.011521 -0.0043214 0.28169 0.19238 0.0099156 0.023205
0.10948 0.14817 1.5254 0.083895 -0.30499 0.012183 0.018406 0.041481 0.29525 0.12169 -0.10266 -0.0071153
0.10597 0.21696 1.5103 0.11004 -0.30268 0.015819 -0.003516 0.068784 -0.015046 0.026145 0.0023114 0.0036358
0.10156 0.18875 1.4745 0.06908 -0.29936 0.011969 -0.0044087 -0.028205 -0.035835 -0.04096 0.0033208 -0.0038495
0.091226 0.12386 1.4796 0.05548 -0.33834 0.015544 -0.010332 -0.064891 0.0051321 -0.013601 -0.038979 0.0035744
0.082996 0.10165 1.3306 0.085769 -0.32839 0.019162 -0.0082303 -0.022213 -0.14905 0.03029 0.0099416 0.0036176
0.089582 0.13557 1.6563 0.14081 -0.33001 0.030446 0.0065865 0.033926 0.3257 0.055043 -0.0016108 0.011284
0.10376 0.18638 1.6515 0.16081 -0.31991 0.016358 0.014181 0.050811 -0.0048029 0.019998 0.010098 -0.014088
0.10423 0.20909 1.8885 0.18136 -0.22891 -0.00021858 0.000464 0.022708 0.23697 0.020548 0.090999 -0.016576
0.092202 0.051639 2.0286 0.13676 -0.1916 -0.055923 -0.012026 -0.15745 0.14011 -0.0446 0.037309 -0.055705
0.089711 -0.049567 1.8267 0.1829 -0.24356 -0.028606 -0.0024908 -0.10121 -0.20183 0.046138 -0.051958 0.027318
0.078377 -0.19533 2.1295 0.11464 -0.059853 0.01594 -0.011334 -0.14577 0.30278 -0.068253 0.1837 0.044546
0.11097 -0.19075 2.137 0.21255 -0.1806 0.14596 0.032592 0.0045837 0.00751 0.097908 -0.12075 0.13002
0.11699 -0.11427 2.4613 0.22033 -0.029273 0.18391 0.0060233 0.076483 0.32421 0.0077755 0.15133 0.037953
0.083147 0.010947 2.3846 0.23587 0.044352 0.20604 -0.033845 0.12522 -0.076617 0.015547 0.073625 0.022129
0.071325 0.094329 2.209 0.1438 0.16522 0.17438 -0.011823 0.083382 -0.17561 -0.09207 0.12087 -0.031654
0.016484 0.14899 1.7911 0.096238 0.4669 0.15114 -0.054841 0.054659 -0.41791 -0.047566 0.30168 -0.023238
0.028607 0.079829 1.5743 0.19854 0.36459 0.14688 0.012123 -0.069159 -0.21682 0.10231 -0.10231 -0.0042615
0.023531 0.15249 1.3373 0.48168 0.29657 0.12452 -0.0050751 0.072663 -0.23699 0.28314 -0.06802 -0.022366
0.030638 0.16413 1.2383 0.72567 0.072667 0.11226 0.0071062 0.011635 -0.098959 0.24399 -0.2239 -0.012258
0.030806 0.3156 1.2909 0.8058 0.014511 0.10881 0.00016837 0.15147 0.052544 0.080127 -0.058156 -0.003449
0.038183 0.3112 1.2972 0.68265 -0.021514 0.081405 0.0073773 -0.0043927 0.0063186 -0.12315 -0.036025 -0.027406
0.037156 0.28506 1.3669 0.46626 -0.022619 0.082297 -0.0010272 -0.02614 0.069647 -0.21639 -0.0011053 0.00089243
0.051288 0.20349 1.3387 0.25524 -0.1367 0.042372 0.014131 -0.081574 -0.028158 -0.21103 -0.11408 -0.039925
0.052815 0.1385 1.3531 0.19295 -0.13231 0.049225 0.0015273 -0.06499 0.014376 -0.062281 0.0043821 0.0068524
0.060217 0.074731 1.584 0.16714 -0.17764 0.044336 0.0074025 -0.063769 0.23098 -0.025816 -0.045328 -0.0048884
0.062432 0.095501 1.7943 0.2362 -0.09189 0.06096 0.0022151 0.020769 0.21028 0.069063 0.085753 0.016623
0.065363 0.10711 1.9728 0.22685 -0.091807 0.064751 0.0029308 0.011613 0.17852 -0.0093496 8.3392e-05 0.0037917
0.065001 0.20304 1.874 0.26329 -0.076574 0.065622 -0.00036206 0.09593 -0.098888 0.036435 0.015233 0.00087102
0.067173 0.23911 1.7598 0.26187 -0.097689 0.042708 0.0021717 0.036062 -0.11413 -0.0014162 -0.021115 -0.022914
0.062502 0.18542 1.8046 0.19406 -0.10721 0.032016 -0.0046706 -0.053683 0.044737 -0.067815 -0.0095185 -0.010692
0.065283 0.13703 1.9754 0.0048507 -0.074217 -0.00099324 0.0027808 -0.048394 0.17085 -0.1892 0.03299 -0.033009
0.061355 0.096478 2.0778 0.012106 -0.064652 -0.014759 -0.0039279 -0.040551 0.1024 0.0072556 0.0095649 -0.013766
0.067259 0.084487 2.2058 0.0017399 -0.061644 -0.015103 0.0059043 -0.011991 0.12794 -0.010366 0.0030087 -0.000344
0.073753 0.17512 2.0107 0.26551 -0.068847 -0.017474 0.0064938 0.090637 -0.19505 0.26377 -0.0072038 -0.0023708
0.070198 0.12592 2.2267 0.094947 -0.020811 -0.0030486 -0.0035553 -0.049206 0.21603 -0.17056 0.048037 0.014425
0.063996 0.1991 2.0717 0.023412 -0.043905 0.015028 -0.0062018 0.073186 -0.15504 -0.071535 -0.023094 0.018077
0.040918 0.15337 2.0658 -0.033136 0.023133 0.024243 -0.023078 -0.045732 -0.0058924 -0.056548 0.067038 0.0092153
0.025437 0.23398 1.7079 0.20181 -0.048821 0.07862 -0.015481 0.080604 -0.35786 0.23495 -0.071954 0.054377
0.016279 0.25455 1.4205 0.47486 0.016856 0.081414 -0.0091583 0.020576 -0.28747 0.27305 0.065677 0.0027941
0.018076 0.32612 1.2031 0.55801 0.0081059 0.095552 0.0017965 0.071567 -0.21733 0.083145 -0.00875 0.014138
0.0176 0.28301 1.1064 0.46493 -0.00023586 0.071582 -0.00047566 -0.043111 -0.096704 -0.093081 -0.0083418 -0.02397
0.020474 0.21216 1.1126 0.3517 -0.017487 0.061303 0.0028745 -0.070847 0.0062136 -0.11323 -0.017251 -0.010279
0.021915 0.15102 1.1671 0.271 -0.063263 0.057237 0.0014403 -0.061137 0.054465 -0.080695 -0.045776 -0.0040662
0.020833 0.12501 1.2273 0.22889 -0.058003 0.075206 -0.0010817 -0.026014 0.060207 -0.04211 0.0052603 0.017969
0.031188 0.20803 1.2447 0.18909 -0.059018 0.058863 0.010355 0.08302 0.017427 -0.0398 -0.0010155 -0.016343
0.028486 0.25109 1.1762 0.15144 -0.068775 0.055824 -0.0027024 0.043057 -0.068542 -0.03765 -0.0097564 -0.0030391
0.0371 0.22318 1.1288 0.11856 -0.094335 0.025306 0.0086138 -0.027908 -0.047436 -0.032879 -0.025561 -0.030518
0.04011 0.1985 1.1021 0.081228 -0.10106 0.017494 0.0030098 -0.024677 -0.02668 -0.037333 -0.0067258 -0.0078117
0.046235 0.11815 1.1697 0.061909 -0.10731 0.029028 0.0061252 -0.080355 0.067628 -0.019319 -0.0062485 0.011534
0.055343 0.13221 1.2713 0.051837 -0.08525 0.041183 0.0091084 0.014068 0.10158 -0.010071 0.022059 0.012155
0.062367 0.16121 1.3631 0.073248 -0.07631 0.062947 0.0070241 0.028996 0.091802 0.02141 0.0089404 0.021763
0.061221 0.18241 1.3847 0.068097 -0.080615 0.054612 -0.0011468 0.021198 0.021631 -0.0051504 -0.0043046 -0.0083345
0.062972 0.24066 1.3399 0.044478 -0.098105 0.039294 0.0017513 0.058255 -0.044796 -0.023619 -0.01749 -0.015318
0.05618 0.20214 1.2559 0.023082 -0.11785 0.019125 -0.0067918 -0.038528 -0.083989 -0.021396 -0.019746 -0.020169
0.059569 0.21144 1.2215 0.0010145 -0.14974 0.0090231 0.0033888 0.0093002 -0.034391 -0.022068 -0.031893 -0.010102
0.05777 0.18226 1.1795 -0.021272 -0.15836 0.0082042 -0.0017993 -0.029172 -0.04205 -0.022286 -0.0086144 -0.00081884
0.058577 0.17816 1.1653 -0.038868 -0.16864 0.009618 0.00080725 -0.004099 -0.014207 -0.017596 -0.010281 0.0014138
0.061066 0.13845 1.2364 -0.014123 -0.19193 0.013118 0.0024892 -0.039717 0.071089 0.024745 -0.023295 0.0034995
0.066073 0.1086 1.3382 0.022033 -0.18901 0.019377 0.0050072 -0.029844 0.10184 0.036156 0.0029238 0.0062596
0.076875 0.10481 1.5346 0.12202 -0.27124 0.027389 0.010801 -0.0037942 0.19643 0.099989 -0.082228 0.0080118
0.081203 0.16201 1.6789 0.11612 -0.21971 0.029673 0.004328 0.057197 0.14429 -0.0059034 0.051526 0.0022837
0.084329 0.19328 1.7509 0.11377 -0.25524 0.022074 0.0031259 0.03127 0.072012 -0.0023505 -0.035528 -0.0075982
0.079406 0.1969 1.8738 0.058107 -0.1573 0.020081 -0.0049227 0.0036277 0.12288 -0.055662 0.097945 -0.0019935
0.074072 0.16798 1.8499 0.041324 -0.14756 0.014 -0.0053343 -0.028922 -0.023898 -0.016783 0.0097317 -0.0060814
0.074915 0.16674 1.8896 0.030378 -0.14833 0.013009 0.00084307 -0.0012417 0.039677 -0.010946 -0.00076234 -0.00099091
0.079664 0.13643 1.9333 0.0024657 -0.16005 0.019151 0.0047494 -0.030314 0.04369 -0.027912 -0.011726 0.0061425
0.082908 0.17362 1.7627 -0.026521 -0.22989 0.0077709 0.0032436 0.037197 -0.1706 -0.028986 -0.069841 -0.01138
0.086224 0.16205 1.6225 -0.084091 -0.2818 0.01837 0.0033161 -0.011578 -0.14023 -0.05757 -0.051909 0.0106
0.069353 0.20581 1.1898 -0.036643 -0.27152 -0.0049416 -0.016871 0.043767 -0.43267 0.047448 0.010281 -0.023312
0.069998 0.20588 1.0314 0.0053939 -0.33273 0.0031242 0.00064505 6.6798e-05 -0.15841 0.042037 -0.061208 0.0080658
0.064663 0.17516 1.1056 0.091177 -0.25631 -0.0072349 -0.0053353 -0.030715 0.074246 0.085784 0.076418 -0.010359
0.072474 0.18284 1.2489 0.13917 -0.30094 0.011859 0.0078107 0.0076763 0.14331 0.047994 -0.044628 0.019094
0.073122 0.20503 1.3539 0.11446 -0.24853 0.0058729 0.00064872 0.022186 0.10496 -0.02471 0.05241 -0.0059865
0.064572 0.23112 1.2384 0.13058 -0.2351 0.010125 -0.0085505 0.026091 -0.11552 0.016119 0.01343 0.0042521
0.056196 0.261 1.0832 0.078682 -0.20625 0.00098071 -0.0083754 0.029886 -0.1552 -0.051899 0.028847 -0.0091443
0.055125 0.22361 1.0352 0.095833 -0.19748 0.0030287 -0.001071 -0.037392 -0.047918 0.01715 0.0087702 0.002048
0.050536 0.17504 1.1153 0.14068 -0.17001 0.0044608 -0.004589 -0.048569 0.080033 0.044847 0.027472 0.0014321
0.061162 0.15929 1.1912 0.17976 -0.18922 0.010086 0.010625 -0.015753 0.075926 0.039078 -0.019214 0.005625
0.051515 0.1275 1.3602 0.27094 -0.18058 0.013285 -0.0096463 -0.031789 0.16897 0.091183 0.0086442 0.0031997
0.058433 0.19511 1.3605 0.18913 -0.23024 0.023371 0.0069179 0.06761 0.00028973 -0.081815 -0.049657 0.010086
0.055784 0.2059 1.4036 0.19485 -0.26112 0.021885 -0.0026495 0.010784 0.043119 0.0057216 -0.030883 -0.0014862
0.058802 0.19937 1.3949 0.14009 -0.26713 0.015715 0.0030187 -0.0065253 -0.008653 -0.054755 -0.006011 -0.0061699
0.064158 0.18864 1.3629 0.16766 -0.27066 0.011508 0.005356 -0.010727 -0.032044 0.027564 -0.0035252 -0.004207
0.056789 0.146 1.3916 0.18308 -0.28188 0.011405 -0.0073693 -0.042638 0.02871 0.015422 -0.011222 -0.00010276
0.060541 0.1451 1.4624 0.19571 -0.27068 0.019315 0.0037521 -0.0009033 0.070797 0.012632 0.011202 0.0079094
0.060178 0.12081 1.5675 0.23948 -0.33875 0.019918 -0.00036293 -0.024295 0.1051 0.043772 -0.068071 0.00060332
0.063511 0.11829 1.6225 0.23782 -0.25535 0.0060684 0.0033332 -0.0025147 0.055014 -0.0016645 0.083397 -0.01385
0.060801 0.16742 1.5083 0.19754 -0.23998 -0.012137 -0.00271 0.04913 -0.11417 -0.040284 0.015374 -0.018205
0.073541 0.18308 1.3508 0.10832 -0.2186 -0.020624 0.01274 0.015655 -0.15757 -0.08922 0.021372 -0.008487
0.080336 0.19651 1.3713 0.052948 -0.13615 -0.025392 0.0067943 0.013433 0.02052 -0.055368 0.082456 -0.0047683
0.11333 0.11851 1.5605 0.04655 -0.20794 -0.0075122 0.032999 -0.078002 0.18919 -0.0063978 -0.071797 0.01788
0.11084 0.14186 1.8012 0.10478 -0.080626 -0.0087166 -0.0024928 0.023357 0.2407 0.058229 0.12732 -0.0012044
0.11057 0.14629 1.8688 0.1285 -0.10951 -0.0011475 -0.00026891 0.0044278 0.067663 0.023721 -0.028884 0.0075691
0.096282 0.24459 1.6871 0.16863 -0.083968 -0.014887 -0.014291 0.098298 -0.18172 0.040126 0.025542 -0.01374
0.094109 0.19158 1.5658 0.17846 -0.11531 -0.018613 -0.0021735 -0.05301 -0.12134 0.0098324 -0.031342 -0.0037261
0.095657 0.17659 1.4429 0.14486 -0.10464 -0.0175 0.0015483 -0.014992 -0.12286 -0.033599 0.010668 0.0011135
0.094965 0.11976 1.5536 0.2498 -0.12707 -0.012649 -0.00069167 -0.05683 0.11072 0.10494 -0.022427 0.0048506
0.086844 0.15527 1.5201 0.25524 -0.10239 -0.0014381 -0.0081211 0.035509 -0.033571 0.0054453 0.024682 0.011211
0.080242 0.22197 1.5531 0.33216 -0.16463 -0.0021558 -0.0066025 0.0667 0.033026 0.076924 -0.062246 -0.00071771
0.077052 0.16594 1.4806 0.26303 -0.19426 -0.0021922 -0.0031893 -0.056028 -0.072459 -0.069139 -0.029627 -3.6377e-05
0.083123 0.18421 1.5786 0.22128 -0.20391 0.0058357 0.0060703 0.018268 0.098 -0.041745 -0.0096507 0.0080279
0.085744 0.087334 1.7835 0.20447 -0.161 0.00823 0.0026209 -0.096874 0.20485 -0.016808 0.042908 0.0023943
0.092514 0.1442 1.8543 0.21246 -0.15009 0.015455 0.0067709 0.056861 0.070761 0.0079897 0.010908 0.0072246
0.08055 0.20141 1.7704 0.13342 -0.084692 0.0083588 -0.011965 0.057214 -0.083877 -0.079047 0.065402 -0.0070958
0.068389 0.2245 1.343 0.017777 -0.1062 0.0010236 -0.012161 0.023091 -0.42738 -0.11564 -0.021505 -0.0073352
0.063359 0.2236 1.181 -0.0081258 -0.11367 0.0046569 -0.0050302 -0.00090446 -0.16196 -0.025903 -0.0074718 0.0036333
0.064648 0.14538 1.2207 0.019389 -0.14288 0.01474 0.0012893 -0.078213 0.039695 0.027514 -0.029207 0.010084
0.087694 0.10731 1.5331 0.049499 -0.2436 0.023406 0.023046 -0.038075 0.31235 0.03011 -0.10072 0.0086659
0.081226 0.17237 1.4814 0.11388 -0.24225 0.034037 -0.0064685 0.06506 -0.051636 0.064383 0.0013525 0.01063
0.05701 0.20495 1.2311 0.25417 -0.085162 0.070849 -0.024216 0.032578 -0.25036 0.14028 0.15709 0.036812
0.031923 0.21885 0.96136 0.59194 0.022145 0.090376 -0.025087 0.013907 -0.26971 0.33777 0.10731 0.019527
0.0058878 0.13879 1.1138 0.87773 0.21669 0.14695 -0.026035 -0.080066 0.15243 0.28579 0.19454 0.056574
0.031892 0.10586 1.5163 0.89328 0.13245 0.12018 0.026004 -0.032929 0.40253 0.015555 -0.08424 -0.026775
0.050069 0.12012 1.8897 0.84811 0.11489 0.1341 0.018177 0.014261 0.37335 -0.045176 -0.017552 0.013921
0.051952 0.20494 1.8211 0.70667 0.033791 0.078761 0.0018832 0.084817 -0.068604 -0.14144 -0.081103 -0.055336
0.048124 0.26434 1.5284 0.70271 0.038222 0.071089 -0.0038282 0.059403 -0.29268 -0.0039632 0.0044307 -0.0076715
0.0074787 0.26733 1.1071 0.66744 -0.12016 0.0073137 -0.040646 0.002993 -0.42126 -0.035266 -0.15838 -0.063776
0.012327 0.23269 1.031 0.60128 -0.077924 0.012041 0.0048488 -0.034643 -0.076159 -0.066166 0.042232 0.0047275
0.020824 0.12556 1.3282 0.55924 -0.14984 -0.0087737 0.0084967 -0.10713 0.29718 -0.042038 -0.071913 -0.020815
0.048382 0.07176 1.882 0.47675 -0.034635 0.03125 0.027558 -0.053803 0.55385 -0.082487 0.1152 0.040023
0.067461 0.059663 2.0358 0.30727 -0.10022 0.022597 0.019079 -0.012097 0.15378 -0.16948 -0.065582 -0.0086525
0.05932 0.11384 1.863 0.11498 -0.11658 0.027539 -0.0081417 0.054176 -0.17282 -0.19229 -0.016358 0.004942
0.011515 0.17925 1.2071 -0.028743 0.0087213 0.017226 -0.047805 0.065406 -0.65583 -0.14372 0.1253 -0.010313
-0.063211 0.29095 0.7882 -0.13136 0.41574 0.0067781 -0.074726 0.1117 -0.41893 -0.10261 0.40702 -0.010448
-0.1432 0.3069 0.61894 -0.10622 0.85976 0.035812 -0.079989 0.015953 -0.16925 0.025133 0.44402 0.029034
-0.17662 0.35706 0.882 -0.043087 0.98714 0.071423 -0.03342 0.050156 0.26306 0.063137 0.12738 0.035612
-0.15007 0.24402 1.2241 0.098966 0.93874 0.16144 0.02655 -0.11304 0.34211 0.14205 -0.048404 0.090019
-0.080648 0.18092 1.9733 0.39972 0.58516 0.23778 0.069421 -0.063096 0.74915 0.30075 -0.35358 0.076342
-0.029304 0.14437 2.434 0.49373 0.46379 0.26619 0.051344 -0.036554 0.46071 0.094009 -0.12136 0.028407
0.0048611 0.20378 2.7694 0.58339 0.38944 0.2531 0.034165 0.059412 0.33545 0.089665 -0.074358 -0.013088
-0.00072897 0.29407 2.2847 0.33421 0.27371 0.21814 -0.0055901 0.09029 -0.48473 -0.24919 -0.11572 -0.034965
0.00019267 0.32854 1.4565 0.15607 0.24924 0.13749 0.00092164 0.034469 -0.82818 -0.17814 -0.024467 -0.080645
-0.0060639 0.30387 0.47624 -0.11805 0.035543 0.10281 -0.0062566 -0.024672 -0.98028 -0.27411 -0.2137 -0.034684
-0.0051302 0.17517 0.2166 -0.009276 -0.060391 0.016343 0.00093374 -0.1287 -0.25964 0.10877 -0.095934 -0.086467
0.00012237 0.14019 0.3231 0.089211 -0.11684 0.021883 0.0052526 -0.034976 0.10651 0.098487 -0.056445 0.0055406
0.015448 0.087271 0.96201 0.3748 -0.15452 0.026205 0.015325 -0.052919 0.6389 0.28559 -0.037685 0.0043218
0.043369 0.13292 1.4878 0.49407 -0.16846 0.04162 0.027921 0.045644 0.52575 0.11927 -0.013937 0.015415
0.047451 0.19748 1.5688 0.50791 -0.17743 0.044544 0.0040818 0.064565 0.08103 0.013832 -0.0089745 0.0029237
0.043246 0.22 1.4321 0.37915 -0.18124 0.036937 -0.0042047 0.022519 -0.1367 -0.12876 -0.0038108 -0.0076074
0.0039353 0.28809 0.79804 0.21995 -0.11239 0.034852 -0.039311 0.068087 -0.63404 -0.1592 0.068858 -0.0020849
0.00011771 0.2687 0.596 0.029021 -0.045883 0.031127 -0.0038176 -0.019382 -0.20204 -0.19093 0.066503 -0.0037249
-0.0002403 0.23375 0.52752 -0.044389 -0.034054 0.044266 -0.00035801 -0.034951 -0.068477 -0.07341 0.011828 0.01314
0.040165 0.20374 1.0147 0.076037 -0.016967 0.038227 0.040405 -0.030013 0.48722 0.12043 0.017087 -0.0060388
0.057425 0.18905 1.3065 0.16583 -0.015571 0.080136 0.01726 -0.014688 0.2918 0.089792 0.0013963 0.041909
0.067135 0.24256 1.5898 0.31523 -0.014874 0.068099 0.0097102 0.053505 0.28324 0.1494 0.00069639 -0.012037
0.068483 0.20761 1.6053 0.34645 -0.02876 0.054032 0.0013479 -0.034946 0.015471 0.031225 -0.013886 -0.014068
0.068714 0.19244 1.5619 0.45182 -0.10026 0.022473 0.0002309 -0.015173 -0.04337 0.10537 -0.071499 -0.031559
0.078462 0.14535 1.7002 0.54234 -0.12624 0.029063 0.0097479 -0.047092 0.13829 0.090521 -0.025982 0.0065901
0.090913 0.10938 1.7353 0.62579 -0.14165 0.036419 0.012451 -0.03597 0.035103 0.083448 -0.015412 0.0073562
0.087285 0.17164 2.0605 0.47416 -0.087364 0.078409 -0.0036284 0.062267 0.3252 -0.15163 0.054289 0.04199
0.095236 0.077544 2.1142 0.36585 -0.032974 0.047593 0.007951 -0.0941 0.053755 -0.10832 0.05439 -0.030816
0.099041 0.1388 2.2036 0.31662 -0.027266 0.050967 0.0038049 0.061253 0.089354 -0.049223 0.0057083 0.003374
0.10675 0.064742 2.1515 0.31322 -0.020252 0.031715 0.0077047 -0.074055 -0.052126 -0.0034028 0.0070141 -0.019252
0.11951 0.11632 2.0477 0.39964 -0.059032 0.038821 0.012768 0.051583 -0.10373 0.086425 -0.03878 0.0071057
0.10931 0.092206 2.0965 0.28238 -0.027072 0.041246 -0.010208 -0.024119 0.048723 -0.11726 0.03196 0.0024251
0.11433 0.10454 2.1044 0.23387 -0.010571 0.03976 0.0050266 0.012332 0.0079475 -0.048514 0.016501 -0.0014862
0.10256 0.078007 2.0607 0.046882 -0.066353 0.021764 -0.011769 -0.026532 -0.043676 -0.18699 -0.055782 -0.017995
0.094706 0.11619 1.8917 0.02142 -0.1129 0.026281 -0.0078564 0.038183 -0.16907 -0.025462 -0.046551 0.0045165
0.095586 0.13205 1.6681 -0.034359 -0.19603 0.028014 0.0008799 0.015859 -0.22354 -0.055779 -0.08313 0.001733
0.11666 0.061754 1.5474 -0.26737 -0.20788 0.028754 0.021078 -0.070294 -0.12069 -0.23301 -0.011847 0.00074053
0.14851 -0.059885 1.8852 -0.22402 -0.11038 0.0036731 0.031844 -0.12164 0.33778 0.043345 0.097498 -0.025081
0.21036 -0.25205 1.9095 -0.55917 -0.30433 -0.026324 0.061855 -0.19216 0.024316 -0.33514 -0.19394 -0.029997
0.12385 -0.20005 1.9307 -0.14539 0.10401 -0.0074251 -0.086514 0.052001 0.021231 0.41378 0.40833 0.018899
0.098851 -0.095564 1.3641 -0.061038 0.12929 0.050743 -0.024998 0.10448 -0.5666 0.084352 0.025277 0.058168
-0.044691 0.036398 1.1519 0.19714 0.71433 0.13649 -0.14354 0.13196 -0.21223 0.25818 0.58505 0.085747
-0.02733 0.01702 1.2932 0.2343 0.69986 0.14954 0.017361 -0.019379 0.14129 0.037153 -0.014478 0.013051
0.0094522 -0.080709 1.9074 0.11574 0.52251 0.15803 0.036782 -0.097729 0.61418 -0.11856 -0.17734 0.0084932
0.059583 -0.063164 2.3139 0.15369 0.28001 0.10805 0.050131 0.017545 0.40653 0.037953 -0.2425 -0.049983
0.10105 0.0060218 2.4125 0.31032 0.019211 0.11011 0.04147 0.069185 0.098633 0.15663 -0.2608 0.0020573
0.086464 0.16196 1.9983 0.50205 -0.017983 0.093654 -0.014589 0.15593 -0.41428 0.19173 -0.037194 -0.016454
0.096476 0.36945 1.6844 0.8122 0.015775 0.039449 0.010012 0.20749 -0.31382 0.31016 0.033758 -0.054205
0.13556 0.47861 1.4338 0.77494 -0.045194 -0.018508 0.039081 0.10916 -0.25063 -0.037257 -0.060969 -0.057958
0.17939 0.51927 1.5803 0.6532 -0.085202 -0.19116 0.043832 0.040651 0.14645 -0.12174 -0.040009 -0.17266
0.18769 0.39241 1.8053 0.63106 -0.10524 -0.14034 0.0083057 -0.12685 0.22502 -0.022136 -0.020037 0.050827
0.14941 0.17445 2.1087 0.68258 0.014538 -0.10929 -0.03829 -0.21796 0.30344 0.051517 0.11978 0.031045
0.093839 0.18565 2.1785 0.83696 0.206 0.091514 -0.055566 0.011198 0.069732 0.15438 0.19146 0.2008
0.044083 0.11975 2.1884 0.66731 0.46888 0.15363 -0.049756 -0.065907 0.0099371 -0.16965 0.26288 0.062113
0.039718 0.12796 1.9293 0.23087 0.34892 0.11486 -0.0043647 0.008211 -0.25908 -0.43644 -0.11996 -0.038764
0.033005 0.1198 1.9491 0.086655 0.34207 0.089424 -0.0067132 -0.0081533 0.019755 -0.14422 -0.0068515 -0.025438
0.023587 0.055447 1.8698 0.081953 0.21785 0.0625 -0.0094174 -0.064357 -0.07923 -0.004702 -0.12422 -0.026924
0.019876 0.16463 1.7965 0.14429 0.20564 0.10141 -0.0037114 0.10918 -0.073294 0.062337 -0.012202 0.038906
0.035509 0.16719 1.6371 0.081576 0.18218 0.082699 0.015633 0.0025639 -0.15945 -0.062714 -0.023466 -0.018707
0.016547 0.11764 1.225 0.12122 0.15489 0.10282 -0.018962 -0.049555 -0.41205 0.03964 -0.027287 0.020125
0.047894 0.023903 1.6001 0.59178 0.013622 0.053422 0.031347 -0.093735 0.37502 0.47056 -0.14127 -0.049403
0.018171 -0.10208 2.0341 1.29 0.073995 0.1455 -0.029723 -0.12599 0.43402 0.69821 0.060372 0.092074
0.09722 -0.073518 2.7877 0.80487 -0.19628 0.2078 0.079049 0.028567 0.75365 -0.48512 -0.27027 0.062302
0.13648 0.053336 2.657 0.27582 -0.25184 0.24989 0.039262 0.12685 -0.13078 -0.52905 -0.055564 0.042095
0.17072 0.37411 2.0386 -0.44453 -0.28559 0.27294 0.034235 0.32077 -0.6184 -0.72036 -0.033747 0.023043
0.15764 0.36311 1.6539 0.093036 -0.26059 0.12833 -0.01308 -0.011003 -0.38469 0.53757 0.024999 -0.14461
0.15711 0.40106 2.0249 0.95574 -0.16594 0.06139 -0.00052997 0.037953 0.37106 0.8627 0.094654 -0.066937
0.18925 0.11414 2.9442 0.99111 -0.33204 0.025756 0.032145 -0.28692 0.91922 0.035371 -0.1661 -0.035634
0.24174 0.098995 3.6159 0.66522 -0.45339 0.026732 0.052484 -0.01514 0.67175 -0.32589 -0.12135 0.00097647
0.24039 0.12623 3.7072 0.20573 -0.46014 0.070305 -0.0013496 0.027232 0.091315 -0.45949 -0.0067503 0.043573
0.24246 0.17887 3.4922 0.062208 -0.50537 0.019725 0.0020702 0.052646 -0.21507 -0.14352 -0.045236 -0.05058
0.19452 0.19247 3.2116 0.33033 -0.3473 0.024201 -0.047939 0.013596 -0.28056 0.26812 0.15807 0.0044759
0.14718 0.26176 2.7137 0.51989 -0.021037 0.066763 -0.047335 0.069286 -0.49786 0.18955 0.32626 0.042562
0.1691 0.24319 2.2613 0.5707 -0.21426 0.013885 0.021913 -0.018565 -0.45247 0.050815 -0.19322 -0.052878
0.14009 0.34424 1.746 0.7919 0.096822 0.078092 -0.029001 0.10105 -0.51522 0.2212 0.31108 0.064208
0.27876 0.20279 1.6917 0.72996 -0.78822 -0.16261 0.13867 -0.14145 -0.054298 -0.061936 -0.88505 -0.2407
0.23776 0.27262 1.6932 0.853 -0.53655 -0.11589 -0.041003 0.069837 0.0014631 0.12304 0.25167 0.046718
0.2804 0.19848 1.9005 1.1107 -0.71829 -0.22053 0.04264 -0.074144 0.20727 0.25767 -0.18174 -0.10464
0.2037 0.27365 2.0538 1.1123 -0.32743 -0.12936 -0.076696 0.075172 0.15329 0.0016368 0.39086 0.091171
0.19479 0.12715 2.3598 1.0781 -0.099486 -0.059786 -0.0089076 -0.14651 0.306 -0.034203 0.22795 0.069573
0.17977 0.0082756 2.5317 0.91341 -0.092007 -0.019614 -0.015029 -0.11887 0.17196 -0.1647 0.007479 0.040172
0.14715 0.0075591 2.4335 0.86941 -0.059489 0.005669 -0.032614 -0.0007165 -0.098271 -0.044 0.032518 0.025283
0.14498 0.10954 2.1549 0.91198 -0.1282 -0.016761 -0.0021715 0.10198 -0.27852 0.042577 -0.068707 -0.02243
0.074963 0.25032 1.7071 0.95555 -0.24147 -0.052969 -0.070018 0.14078 -0.44787 0.043564 -0.11327 -0.036209
0.097715 0.23523 1.744 0.92504 -0.31513 -0.059179 0.022752 -0.015089 0.036971 -0.030503 -0.073662 -0.0062101
0.062096 0.09375 1.9116 0.92271 -0.31353 -0.011479 -0.035619 -0.14148 0.16755 -0.0023347 0.0016021 0.0477
0.10543 -0.010587 2.388 0.98072 -0.29079 0.025913 0.043337 -0.10434 0.47642 0.058015 0.022732 0.037392
0.1153 0.035421 2.5736 0.79835 -0.25303 0.058843 0.0098619 0.046009 0.18557 -0.18237 0.037761 0.03293
0.12609 0.056611 2.6646 0.68241 -0.24156 0.058539 0.010795 0.02119 0.091043 -0.11595 0.011477 -0.00030382
0.13415 0.12879 2.621 0.44664 -0.2103 0.068988 0.0080597 0.072182 -0.043631 -0.23577 0.031258 0.01045
0.13073 0.079863 2.6416 0.34263 -0.21386 0.052199 -0.0034204 -0.04893 0.020618 -0.104 -0.00356 -0.01679
0.11549 0.012499 2.6572 0.32402 -0.24947 0.0072792 -0.015243 -0.067364 0.015637 -0.018609 -0.035612 -0.044919
0.076754 0.02085 2.5085 0.24117 -0.1602 -0.0005644 -0.038733 0.008351 -0.14874 -0.082854 0.089267 -0.0078436
0.075858 -0.072112 2.3001 0.08604 -0.19465 -0.040117 -0.00089612 -0.092962 -0.20838 -0.15513 -0.03445 -0.039553
0.096139 -0.024584 2.1544 0.18879 -0.0025529 0.10731 0.020281 0.047528 -0.14573 0.10275 0.1921 0.14743
0.17542 0.019636 2.0372 0.10873 -0.2011 0.10761 0.079283 0.04422 -0.11725 -0.080059 -0.19855 0.00029174
0.19198 0.1397 1.9726 0.42186 -0.17825 0.18508 0.016557 0.12007 -0.06458 0.31313 0.022853 0.07747
0.18438 0.26147 1.7432 0.2006 -0.30053 0.14054 -0.0075978 0.12176 -0.22935 -0.22126 -0.12228 -0.04454
0.14813 0.28742 1.4227 0.013654 -0.25186 0.11951 -0.03625 0.025952 -0.32049 -0.18694 0.048665 -0.021026
0.13244 0.25524 1.3527 -0.29424 -0.28396 0.11099 -0.015695 -0.032179 -0.069994 -0.3079 -0.032096 -0.0085249
0.13499 0.20086 1.2561 -0.44765 -0.27272 0.096328 0.0025542 -0.054384 -0.096683 -0.15341 0.011236 -0.014657
0.13775 0.17225 1.32 -0.43723 -0.33214 0.076628 0.0027624 -0.028604 0.063918 0.010421 -0.059421 -0.0197
0.14022 0.20127 1.426 -0.26722 -0.29354 0.082761 0.0024683 0.029017 0.10604 0.17001 0.038603 0.0061324
0.13966 0.15553 1.5072 -0.15767 -0.29068 0.079253 -0.00056242 -0.045735 0.08114 0.10955 0.0028638 -0.0035081
0.14465 0.20446 1.8694 0.035038 -0.26612 0.083908 0.0049867 0.048928 0.36228 0.19271 0.024561 0.0046558
0.12719 0.094128 2.0293 0.056399 -0.12953 0.068677 -0.017459 -0.11034 0.15985 0.021361 0.13658 -0.015232
0.12206 0.13943 2.159 0.06454 -0.063392 0.060356 -0.0051263 0.045305 0.12971 0.0081414 0.066142 -0.0083207
0.11114 0.01037 2.2458 -0.26115 0.018912 0.090023 -0.010921 -0.12906 0.086794 -0.32569 0.082304 0.029667
0.10987 -0.10352 2.2605 -0.27265 2.5962e-05 0.14388 -0.0012694 -0.11389 0.01468 -0.0115 -0.018886 0.05386
0.10121 -0.23389 2.3468 -0.44287 -0.027984 0.16387 -0.008659 -0.13036 0.086363 -0.17023 -0.02801 0.019984
0.081997 -0.33216 2.3711 -0.22074 -0.016309 0.14203 -0.019213 -0.098271 0.024225 0.22213 0.011675 -0.021833
