0.00034127 0.00016246 0.00027581 0.00042716 0.0003549 -0.00027413 0 0 0 0 0 0
0.0057943 0.034729 0.007127 -0.019281 0.00045599 0.01614 0.0054531 0.034566 0.0068512 -0.019708 0.00010109 0.016414
0.0018996 0.069199 0.011028 -0.063835 -0.0052489 0.018032 -0.0038947 0.03447 0.003901 -0.044553 -0.0057049 0.0018917
0.0016479 0.076854 0.0013872 -0.058039 -0.0017647 0.0094355 -0.0002517 0.0076555 -0.0096408 0.0057955 0.0034842 -0.0085965
-0.0013243 0.094069 -0.0039678 -0.083872 -0.0041348 0.010337 -0.0029722 0.017214 -0.005355 -0.025833 -0.0023701 0.00090168
-0.0068258 0.085402 -0.0061055 -0.073386 -0.0077052 0.011419 -0.0055015 -0.0086668 -0.0021377 0.010487 -0.0035703 0.0010816
-0.0019096 0.092289 0.0054469 -0.074349 -0.011521 0.014642 0.0049162 0.0068874 0.011552 -0.00096342 -0.003816 0.0032228
-0.0096621 0.089239 0.02405 -0.080886 -0.015463 0.020788 -0.0077524 -0.0030503 0.018604 -0.006537 -0.0039415 0.0061462
-0.0079867 0.089992 0.045973 -0.079599 -0.011247 0.01911 0.0016753 0.00075304 0.021923 0.0012869 0.0042159 -0.001678
-0.0093737 0.095665 0.056165 -0.086303 -0.013086 0.022096 -0.0013869 0.0056734 0.010192 -0.0067042 -0.0018395 0.0029862
-0.0096243 0.092809 0.07077 -0.097908 -0.0082385 0.012318 -0.00025061 -0.0028559 0.014605 -0.011604 0.0048477 -0.0097783
-0.0053456 0.10697 0.076409 -0.10145 -0.019782 0.012576 0.0042786 0.014161 0.005639 -0.0035387 -0.011543 0.00025791
-0.0009108 0.12023 0.082394 -0.1047 -0.0021068 0.059916 0.0044348 0.013255 0.0059856 -0.0032535 0.017675 0.047341
-0.015442 0.10714 0.09202 -0.10957 0.010952 0.023632 -0.014531 -0.013089 0.0096255 -0.0048745 0.013059 -0.036285
-0.010546 0.078805 0.11029 -0.1043 -0.033186 -0.08087 0.0048964 -0.028332 0.018271 0.0052735 -0.044138 -0.1045
0.049623 0.10843 0.10402 -0.082033 -0.042271 0.12608 0.060168 0.02962 -0.0062684 0.022268 -0.0090849 0.20695
0.13526 0.22539 0.12717 -0.064426 0.0678 0.50689 0.085639 0.11697 0.023151 0.017607 0.11007 0.38081
0.23337 0.38797 0.096823 0.019444 0.21742 1.1618 0.098113 0.16257 -0.03035 0.08387 0.14962 0.65487
0.22845 0.48683 0.11232 -0.014354 0.4443 1.3629 -0.0049211 0.098863 0.015494 -0.033798 0.22687 0.20117
0.15719 0.40232 0.095585 0.026564 0.3682 1.0175 -0.071258 -0.084507 -0.016732 0.040918 -0.076098 -0.34545
0.092633 0.28385 0.075889 -0.049273 0.24954 0.56639 -0.064562 -0.11848 -0.019696 -0.075837 -0.11865 -0.45109
0.036903 0.19021 0.05461 -0.040844 0.097465 0.20641 -0.05573 -0.093632 -0.021279 0.0084289 -0.15208 -0.35998
0.045296 0.16706 0.030618 -0.053891 0.030632 0.20448 0.0083934 -0.023151 -0.023992 -0.013047 -0.066833 -0.0019276
0.044471 0.23033 0.020566 -0.038936 0.052414 0.25263 -0.00082508 0.063267 -0.010053 0.014955 0.021782 0.048148
0.042722 0.20432 0.022903 -0.028432 0.055169 0.23581 -0.0017491 -0.026008 0.0023373 0.010503 0.0027544 -0.016811
0.048032 0.20444 0.0090223 -0.023257 0.041579 0.21095 0.0053096 0.00011783 -0.013881 0.0051757 -0.01359 -0.024869
0.041564 0.18664 0.0030124 -0.013689 0.045521 0.21574 -0.0064677 -0.017799 -0.0060099 0.0095675 0.0039422 0.0047912
0.044599 0.18068 -0.003462 -0.015434 0.044837 0.21435 0.0030348 -0.0059642 -0.0064744 -0.0017453 -0.00068434 -0.001391
0.040688 0.20224 -0.0070369 -0.004182 0.037217 0.2242 -0.0039106 0.021568 -0.0035749 0.011252 -0.0076196 0.0098592
0.045784 0.16887 -0.0069114 -0.00017627 0.045986 0.21797 0.0050959 -0.03337 0.00012552 0.0040057 0.0087685 -0.0062356
0.047008 0.16634 -0.0071076 -0.011302 0.034542 0.21688 0.0012233 -0.0025337 -0.00019617 -0.011125 -0.011444 -0.0010872
0.047485 0.15805 -0.005647 -0.0062232 0.031483 0.21514 0.00047757 -0.0082923 0.0014605 0.0050783 -0.0030587 -0.0017419
0.0433 0.18166 0.0012494 -0.037391 0.027397 0.20295 -0.0041848 0.023613 0.0068965 -0.031168 -0.0040866 -0.012189
0.040088 0.16032 0.023083 -0.077633 0.033655 0.18922 -0.003212 -0.021346 0.021834 -0.040243 0.0062585 -0.013727
0.036933 0.16202 0.012173 -0.063697 0.035733 0.18748 -0.0031555 0.0017004 -0.01091 0.013936 0.0020774 -0.0017461
0.045215 0.15006 0.030331 -0.11013 0.045475 0.19337 0.0082822 -0.011954 0.018158 -0.04643 0.0097426 0.005896
0.03983 0.17756 -0.0076621 -0.031432 0.040456 0.20131 -0.0053852 0.027501 -0.037993 0.078695 -0.0050189 0.0079366
0.044401 0.17928 0.0099145 -0.052504 0.039871 0.20578 0.0045705 0.0017183 0.017577 -0.021072 -0.000585 0.0044655
0.036212 0.16913 0.00056118 -0.0209 0.040833 0.20042 -0.0081888 -0.010148 -0.0093533 0.031604 0.00096213 -0.0053578
0.036917 0.16213 0.013171 -0.027665 0.037491 0.20241 0.00070497 -0.0070045 0.01261 -0.0067658 -0.0033429 0.0019918
0.037489 0.19041 0.010115 -0.027136 0.038218 0.20664 0.00057202 0.028284 -0.003056 0.00052889 0.00072743 0.0042317
0.038912 0.17144 0.0022446 -0.010993 0.031573 0.20749 0.0014237 -0.018971 -0.0078706 0.016144 -0.0066448 0.00085301
0.03935 0.19303 -0.0053446 -0.011393 0.035995 0.20897 0.00043805 0.021591 -0.0075892 -0.00040024 0.0044215 0.0014794
0.040865 0.16194 -0.0080485 -0.0060921 0.027145 0.20266 0.0015141 -0.031088 -0.002704 0.0053008 -0.0088493 -0.0063128
0.041517 0.19584 -0.012455 -0.0074137 0.031089 0.20683 0.0006522 0.033891 -0.0044061 -0.0013216 0.0039438 0.0041697
0.041644 0.16819 -0.0040115 -0.0075056 0.032235 0.20187 0.00012687 -0.027641 0.0084431 -9.1901e-05 0.0011462 -0.004964
0.040054 0.177 0.0019369 -0.0082935 0.02933 0.19987 -0.0015899 0.0088107 0.0059484 -0.00078794 -0.0029051 -0.0019923
0.03978 0.1554 0.006692 -0.011492 0.04197 0.18925 -0.00027342 -0.021607 0.0047551 -0.0031987 0.01264 -0.010628
0.043515 0.18907 0.0047305 -0.0047176 0.036833 0.19832 0.0037352 0.033675 -0.0019615 0.0067747 -0.0051372 0.0090735
0.044372 0.18205 0.0037934 -0.0074602 0.043487 0.19245 0.00085668 -0.0070236 -0.00093712 -0.0027426 0.0066538 -0.0058664
0.045835 0.18522 0.016058 -0.012627 0.050703 0.19839 0.0014628 0.0031693 0.012265 -0.0051672 0.0072162 0.0059321
0.038474 0.17663 0.016665 -0.017131 0.050361 0.19455 -0.0073608 -0.0085859 0.00060657 -0.0045035 -0.00034184 -0.0038374
0.042052 0.18787 0.022289 -0.023902 0.054173 0.19357 0.0035776 0.011239 0.0056247 -0.0067708 0.0038118 -0.00098088
0.038192 0.17823 0.005494 -0.009232 0.0439 0.19671 -0.0038598 -0.0096364 -0.016795 0.01467 -0.010273 0.0031437
0.044729 0.1799 0.0088508 -0.01709 0.03464 0.18603 0.006537 0.0016621 0.0033567 -0.0078585 -0.0092601 -0.010682
0.04515 0.16744 -0.00106 -0.00052165 0.032846 0.19338 0.00042151 -0.012457 -0.0099107 0.016569 -0.0017943 0.0073552
0.045462 0.18101 0.0017449 -0.0070125 0.038325 0.18581 0.00031202 0.013569 0.0028049 -0.0064908 0.0054798 -0.0075752
0.045297 0.15915 -0.0035686 0.003981 0.034644 0.18959 -0.00016495 -0.021862 -0.0053135 0.010993 -0.0036812 0.0037773
0.038242 0.16756 0.0015167 -0.00027242 0.039794 0.18792 -0.007055 0.0084187 0.0050852 -0.0042534 0.0051494 -0.0016624
0.038349 0.15557 -0.0020811 0.00045891 0.026226 0.1888 0.00010641 -0.011992 -0.0035978 0.00073132 -0.013568 0.00087269
0.038161 0.20047 -0.0054056 0.0020599 0.026311 0.20317 -0.00018758 0.044899 -0.0033245 0.001601 8.5015e-05 0.014369
0.047133 0.17526 -0.010551 -0.0048133 0.028835 0.20934 0.0089715 -0.025214 -0.0051457 -0.0068732 0.002524 0.0061717
0.031403 0.20284 0.006887 -0.0032897 0.024945 0.18832 -0.01573 0.027584 0.017438 0.0015236 -0.0038903 -0.021021
0.018021 0.15751 -0.032021 -0.013472 0.050813 0.17469 -0.013382 -0.045334 -0.038908 -0.010182 0.025868 -0.013627
-0.0021813 0.19918 -0.092095 0.02006 0.060466 0.14832 -0.020202 0.041677 -0.060074 0.033532 0.0096537 -0.026368
-0.012941 0.15988 -0.25978 0.029515 0.094346 0.15498 -0.01076 -0.039298 -0.16768 0.0094548 0.03388 0.0066566
-0.002451 0.16033 -0.23238 0.037527 0.080485 0.15563 0.01049 0.00044728 0.027399 0.0080123 -0.013862 0.00065533
-0.011701 0.11948 -0.23003 -0.02757 0.071422 0.14066 -0.00925 -0.040854 0.0023455 -0.065097 -0.0090621 -0.014976
-0.0087853 0.13487 -0.0080785 -0.095384 0.035722 0.11923 0.0029157 0.015396 0.22195 -0.067813 -0.035701 -0.021425
-0.0065258 0.15154 -0.0045593 -0.12783 0.020722 0.1012 0.0022595 0.016671 0.0035192 -0.032442 -0.015 -0.018035
-0.012907 0.18275 0.026065 -0.11307 0.017221 0.093904 -0.0063815 0.031204 0.030624 0.014755 -0.0035008 -0.0072928
-0.0059102 0.16363 -0.021926 -0.051448 0.0051969 0.10161 0.0069972 -0.019123 -0.047992 0.061622 -0.012024 0.0077064
-0.017498 0.15062 -0.020552 -0.041619 0.019558 0.10893 -0.011587 -0.013006 0.0013739 0.0098289 0.014361 0.007315
-0.013493 0.15439 0.012838 -0.02916 0.020251 0.12068 0.0040049 0.0037719 0.03339 0.01246 0.00069345 0.011755
-0.011026 0.1723 0.01266 -0.043323 0.033243 0.12617 0.0024662 0.017908 -0.00017749 -0.014163 0.012991 0.0054877
-0.0075097 0.1728 0.016075 -0.03772 0.035502 0.12746 0.0035168 0.00050024 0.0034151 0.0056031 0.0022588 0.0012892
-0.0057515 0.16412 0.016125 -0.032344 0.031208 0.12097 0.0017582 -0.008676 4.9242e-05 0.0053753 -0.0042939 -0.0064843
-0.0071492 0.13964 0.028805 -0.034857 0.03366 0.12041 -0.0013977 -0.024488 0.012681 -0.0025131 0.0024518 -0.00056698
-0.0050357 0.16769 0.021785 -0.026889 0.03573 0.1205 0.0021135 0.028055 -0.0070201 0.0079682 0.002071 9.1378e-05
-0.0059791 0.14468 0.03397 -0.027092 0.039709 0.12331 -0.00094344 -0.023009 0.012185 -0.00020325 0.0039783 0.0028108
-0.0057475 0.15654 0.030611 -0.027057 0.035095 0.11619 0.00023167 0.011861 -0.0033591 3.549e-05 -0.0046137 -0.0071206
-0.0019358 0.14053 0.044261 -0.031852 0.035063 0.11713 0.0038117 -0.01601 0.01365 -0.0047952 -3.2318e-05 0.0009387
-0.0049061 0.16072 0.041658 -0.033831 0.037838 0.11402 -0.0029703 0.020191 -0.0026027 -0.0019787 0.0027756 -0.0031032
-0.0023635 0.14284 0.031235 -0.019659 0.04232 0.11912 0.0025426 -0.017879 -0.010423 0.014172 0.0044816 0.0050994
-0.012568 0.15212 0.02288 -0.023207 0.046595 0.12272 -0.010205 0.0092805 -0.0083552 -0.0035488 0.0042753 0.0036014
-0.013243 0.14641 0.012991 -0.029588 0.04521 0.13009 -0.0006743 -0.0057176 -0.0098885 -0.0063807 -0.0013848 0.0073613
-0.015383 0.192 0.014418 -0.039591 0.045232 0.13562 -0.0021405 0.045597 0.0014267 -0.010003 2.1445e-05 0.0055386
-0.012585 0.15649 0.015146 -0.049877 0.046143 0.13871 0.0027977 -0.035515 0.00072738 -0.010286 0.00091085 0.0030836
-0.0065519 0.16283 0.022152 -0.040639 0.04533 0.12655 0.0060334 0.006346 0.0070064 0.0092373 -0.00081242 -0.012163
-0.0069394 0.11997 0.020198 -0.041907 0.043993 0.11799 -0.00038751 -0.042864 -0.0019535 -0.001268 -0.0013374 -0.0085514
-0.00012143 0.18039 0.019494 -0.028098 0.044806 0.11848 0.006818 0.060415 -0.00070404 0.01381 0.00081256 0.0004814
-0.00084986 0.14713 0.021012 -0.023559 0.046907 0.11981 -0.00072842 -0.033255 0.0015174 0.0045385 0.0021019 0.0013308
0.00125 0.16213 0.024342 -0.018678 0.049828 0.12692 0.0020999 0.014995 0.0033301 0.0048809 0.0029208 0.0071095
0.00029909 0.12544 0.029564 -0.026217 0.049693 0.12302 -0.00095093 -0.036683 0.0052219 -0.0075387 -0.00013558 -0.0038976
-0.001688 0.15223 0.026715 -0.025842 0.050314 0.12489 -0.0019871 0.026784 -0.0028485 0.00037519 0.00062174 0.0018727
-0.0016729 0.17497 0.026191 -0.025581 0.046084 0.13224 1.5165e-05 0.022747 -0.0005239 0.00026093 -0.0042306 0.0073461
-0.00054112 0.18063 0.020235 -0.016515 0.044481 0.1353 0.0011317 0.0056557 -0.0059568 0.0090665 -0.0016023 0.0030658
0.00014817 0.18471 0.02208 -0.017503 0.045899 0.14175 0.00068929 0.0040802 0.0018453 -0.00098823 0.0014179 0.0064427
0.00083469 0.15994 0.032268 -0.02709 0.050258 0.13695 0.00068651 -0.02477 0.010188 -0.0095871 0.0043585 -0.0047943
-0.00035331 0.17143 0.044648 -0.038293 0.058044 0.14161 -0.001188 0.011486 0.01238 -0.011204 0.0077859 0.0046593
4.1782e-06 0.15157 0.06072 -0.045395 0.068105 0.14123 0.00035749 -0.019853 0.016072 -0.0071019 0.010062 -0.00038329
-0.0014995 0.18557 0.05834 -0.042326 0.059526 0.14536 -0.0015037 0.033996 -0.0023803 0.003069 -0.0085794 0.0041302
0.00015455 0.16055 0.059518 -0.034211 0.069974 0.14563 0.0016541 -0.025018 0.0011784 0.0081158 0.010448 0.00026976
0.00050542 0.16878 0.065787 -0.041983 0.057564 0.14046 0.00035087 0.0082265 0.0062689 -0.0077721 -0.01241 -0.0051687
0.0016089 0.15401 0.070165 -0.037485 0.068449 0.13897 0.0011034 -0.014764 0.0043782 0.0044979 0.010885 -0.0014886
0.0042499 0.16195 0.075335 -0.048579 0.070326 0.13528 0.0026411 0.007939 0.0051699 -0.011095 0.0018764 -0.0036865
0.0020776 0.16112 0.071851 -0.039494 0.066837 0.13145 -0.0021723 -0.00083294 -0.0034835 0.0090852 -0.0034892 -0.0038356
0.0021832 0.15513 0.074636 -0.043925 0.0735 0.12912 0.0001056 -0.0059846 0.0027849 -0.0044306 0.006663 -0.002323
0.001671 0.15201 0.073249 -0.040053 0.066009 0.12927 -0.00051222 -0.0031274 -0.001387 0.003872 -0.0074905 0.00014401
-0.00019092 0.16657 0.073093 -0.038678 0.069889 0.12876 -0.0018619 0.01456 -0.00015636 0.0013743 0.0038798 -0.0005084
-0.0015618 0.15739 0.066615 -0.037128 0.069628 0.1352 -0.0013709 -0.0091744 -0.0064782 0.0015505 -0.00026053 0.0064361
-0.0026789 0.1585 0.067369 -0.038474 0.063215 0.12704 -0.001117 0.0011032 0.00075376 -0.0013465 -0.0064132 -0.0081594
-0.0048118 0.1502 0.066663 -0.038632 0.070274 0.13176 -0.0021329 -0.0082952 -0.0007055 -0.00015798 0.0070588 0.0047219
0.00061621 0.16395 0.061025 -0.034259 0.068358 0.12581 0.005428 0.013744 -0.005638 0.0043734 -0.0019159 -0.0059502
-4.0044e-05 0.15366 0.061557 -0.033828 0.074645 0.12924 -0.00065626 -0.010286 0.00053197 0.00043121 0.0062871 0.0034327
0.0024001 0.15722 0.063078 -0.032258 0.0722 0.12411 0.0024402 0.0035595 0.0015205 0.0015695 -0.0024447 -0.0051278
0.0011563 0.14286 0.061072 -0.037689 0.069684 0.12377 -0.0012438 -0.014358 -0.0020059 -0.005431 -0.0025164 -0.00034005
0.0020451 0.16088 0.054168 -0.023797 0.070068 0.12426 0.00088876 0.018018 -0.0069032 0.013892 0.00038372 0.00048923
0.0019696 0.16027 0.025194 -0.017822 0.071666 0.12552 -7.546e-05 -0.00060847 -0.028975 0.0059746 0.0015984 0.0012561
0.0027673 0.15261 0.036096 -0.015572 0.072057 0.12996 0.0007977 -0.0076651 0.010903 0.0022505 0.00039072 0.0044452
0.00019752 0.15513 0.033392 -0.015161 0.073318 0.1294 -0.0025698 0.0025286 -0.0027039 0.00041065 0.0012611 -0.00056668
0.00063293 0.13535 0.072116 -0.033023 0.065443 0.12817 0.00043541 -0.019783 0.038724 -0.017862 -0.0078753 -0.0012239
0.00052572 0.14749 0.066502 -0.023894 0.066096 0.12339 -0.00010722 0.012139 -0.0056137 0.0091297 0.00065288 -0.004782
0.0016989 0.14258 0.066715 -0.036175 0.059376 0.11964 0.0011732 -0.0049084 0.0002127 -0.012281 -0.0067199 -0.0037517
0.0020048 0.16505 0.056507 -0.027212 0.065485 0.12005 0.00030593 0.022464 -0.010208 0.0089624 0.0061096 0.00040945
4.7901e-05 0.15132 0.065991 -0.034184 0.06946 0.122 -0.0019569 -0.013727 0.009484 -0.0069719 0.0039745 0.001953
0.0027388 0.1571 0.078741 -0.033695 0.072861 0.12167 0.0026909 0.0057779 0.012749 0.00048913 0.0034014 -0.0003321
0.004364 0.14265 0.093313 -0.042206 0.077918 0.11676 0.0016252 -0.014447 0.014573 -0.0085109 0.0050569 -0.0049128
0.010817 0.15473 0.089216 -0.043097 0.075178 0.11347 0.0064534 0.012082 -0.0040974 -0.00089128 -0.0027398 -0.0032866
0.012412 0.15689 0.08749 -0.045897 0.081805 0.11262 0.0015943 0.0021625 -0.0017254 -0.0027999 0.0066263 -0.00084728
0.013612 0.14688 0.083909 -0.040968 0.081717 0.11438 0.0012007 -0.010016 -0.0035815 0.0049295 -8.7965e-05 0.0017546
0.010321 0.14988 0.078899 -0.040423 0.083859 0.1189 -0.0032913 0.0030029 -0.0050098 0.00054469 0.0021418 0.004526
0.0099743 0.14462 0.078993 -0.032228 0.081783 0.11919 -0.00034682 -0.0052637 9.3957e-05 0.0081944 -0.002076 0.00028723
0.0048261 0.15903 0.075655 -0.03595 0.078901 0.12148 -0.0051482 0.01441 -0.0033384 -0.0037215 -0.0028813 0.0022913
0.0061772 0.14879 0.078975 -0.032118 0.081381 0.12219 0.0013511 -0.010243 0.0033203 0.0038321 0.0024801 0.00070965
0.00094317 0.1514 0.078818 -0.036247 0.079543 0.12385 -0.005234 0.0026186 -0.00015716 -0.0041295 -0.0018386 0.00166
0.0019206 0.14914 0.081612 -0.039294 0.080495 0.12363 0.00097743 -0.0022683 0.0027939 -0.0030469 0.00095239 -0.00022503
0.00072942 0.15705 0.080121 -0.03023 0.074738 0.1246 -0.0011912 0.0079117 -0.001491 0.0090642 -0.0057567 0.0009684
0.001095 0.1671 0.086026 -0.034938 0.078758 0.12339 0.00036563 0.010054 0.0059055 -0.0047077 0.0040192 -0.0012048
0.0025544 0.16033 0.086731 -0.03197 0.075729 0.12431 0.0014593 -0.0067755 0.00070515 0.002968 -0.0030284 0.00092246
0.00045061 0.1571 0.094054 -0.039805 0.08032 0.12229 -0.0021038 -0.0032226 0.0073225 -0.0078355 0.0045908 -0.0020238
0.00054616 0.15617 0.094916 -0.053945 0.0781 0.12644 9.5546e-05 -0.00093381 0.00086173 -0.014139 -0.0022196 0.0041525
0.001601 0.15738 0.093293 -0.048214 0.079649 0.12502 0.0010548 0.0012146 -0.0016224 0.0057301 0.0015491 -0.0014264
0.0022666 0.15854 0.099585 -0.054158 0.087032 0.12912 0.00066562 0.0011578 0.0062914 -0.0059431 0.0073825 0.0041072
0.0051745 0.15958 0.098368 -0.045711 0.09256 0.12701 0.0029079 0.0010353 -0.0012164 0.0084462 0.005528 -0.0021115
0.0020273 0.1688 0.088375 -0.042208 0.092431 0.13051 -0.0031472 0.009224 -0.0099935 0.0035037 -0.00012919 0.0034943
0.0024029 0.17522 0.078681 -0.043588 0.085298 0.1329 0.00037563 0.0064152 -0.0096936 -0.0013808 -0.0071329 0.0023936
0.00050184 0.1834 0.074173 -0.041212 0.079521 0.13573 -0.0019011 0.0081855 -0.0045084 0.0023766 -0.0057766 0.0028281
-0.00023132 0.17583 0.07764 -0.041112 0.07676 0.13584 -0.00073315 -0.0075733 0.0034678 9.9478e-05 -0.0027611 0.00011548
0.0014413 0.18692 0.082201 -0.040059 0.086939 0.13981 0.0016727 0.011088 0.0045605 0.0010533 0.010179 0.0039702
0.0014409 0.17061 0.088576 -0.031065 0.086701 0.13513 -4.9328e-07 -0.016304 0.0063755 0.0089939 -0.00023826 -0.0046831
-0.00066466 0.17775 0.092019 -0.02927 0.094481 0.14053 -0.0021055 0.0071369 0.0034431 0.001795 0.0077805 0.0053988
0.00094892 0.17638 0.11258 -0.03844 0.09995 0.12979 0.0016136 -0.0013644 0.020564 -0.0091704 0.005469 -0.010738
0.0034879 0.17781 0.091284 -0.033308 0.096454 0.13806 0.002539 0.0014257 -0.0213 0.0051322 -0.0034959 0.0082746
-0.0021815 0.15755 0.07567 -0.03013 0.096947 0.1357 -0.0056695 -0.020258 -0.015614 0.0031783 0.00049279 -0.0023689
-0.005432 0.19072 0.019808 0.015249 0.077672 0.12618 -0.0032504 0.03317 -0.055861 0.045379 -0.019276 -0.0095162
-0.010688 0.16395 0.15067 -0.032947 0.070433 0.13121 -0.0052563 -0.026776 0.13086 -0.048196 -0.007238 0.0050292
0.025236 0.28112 0.21375 0.024287 0.032929 0.092588 0.035924 0.11717 0.063074 0.057234 -0.037505 -0.03862
0.12284 0.21629 0.444 -0.046607 -0.008619 0.08696 0.097607 -0.064827 0.23025 -0.070893 -0.041548 -0.0056282
0.15416 0.2238 0.52841 0.12639 -0.022741 0.044295 0.031317 0.0075126 0.084412 0.173 -0.014122 -0.042665
0.18261 0.10343 0.47311 0.043553 -0.059034 0.096563 0.028454 -0.12037 -0.055302 -0.08284 -0.036293 0.052268
0.097633 -0.020202 0.47867 0.023609 -0.070905 0.15372 -0.08498 -0.12363 0.005566 -0.019943 -0.011871 0.057155
0.073924 -0.22973 0.56473 -0.25193 -0.20643 0.23432 -0.023709 -0.20953 0.086053 -0.27554 -0.13553 0.080604
0.065446 -0.28839 0.55865 -0.4089 -0.22667 0.24473 -0.0084776 -0.058658 -0.0060756 -0.15697 -0.020233 0.010408
0.072847 -0.32996 0.83113 -0.47574 -0.27069 0.18748 0.0074006 -0.041574 0.27248 -0.066842 -0.044028 -0.057249
0.05022 -0.1182 0.43731 -0.47343 -0.12343 0.15641 -0.022627 0.21176 -0.39382 0.0023168 0.14726 -0.031071
0.026856 0.013798 0.43018 -0.41332 -0.10137 0.11892 -0.023364 0.132 -0.0071286 0.060111 0.022056 -0.037487
0.0071655 0.076335 0.224 -0.46169 -0.046852 0.12618 -0.01969 0.062537 -0.20619 -0.048373 0.05452 0.0072598
0.017802 0.11373 0.22032 -0.44858 -0.081788 0.12291 0.010637 0.037397 -0.0036731 0.013114 -0.034935 -0.0032781
0.021176 0.052089 0.33965 -0.49298 -0.068124 0.11673 0.0033732 -0.061644 0.11933 -0.044404 0.013664 -0.0061789
0.016886 0.06204 0.30918 -0.48268 -0.055077 0.1232 -0.0042902 0.0099508 -0.03047 0.010296 0.013047 0.0064781
0.017168 0.052384 0.36576 -0.50019 -0.046193 0.12247 0.0002822 -0.0096554 0.056579 -0.017505 0.008884 -0.00073607
0.017646 0.064125 0.37515 -0.48841 -0.047282 0.11783 0.00047862 0.011741 0.0093903 0.011781 -0.0010886 -0.00464
0.017795 0.057217 0.38972 -0.49037 -0.040864 0.11617 0.00014896 -0.0069075 0.014565 -0.0019595 0.0064172 -0.001655
0.018684 0.058698 0.39195 -0.49013 -0.036193 0.11239 0.00088835 0.0014805 0.0022288 0.00023245 0.0046718 -0.0037874
0.017375 0.041575 0.40999 -0.50421 -0.03322 0.116 -0.0013088 -0.017123 0.018044 -0.014079 0.002973 0.0036178
0.018875 0.065234 0.39127 -0.49937 -0.027468 0.11159 0.0014998 0.023658 -0.018724 0.0048423 0.0057516 -0.0044169
0.019263 0.067611 0.39418 -0.49759 -0.028185 0.11508 0.00038873 0.0023771 0.0029115 0.0017831 -0.00071669 0.0034918
0.022535 0.066327 0.38422 -0.49263 -0.02242 0.10927 0.0032712 -0.0012839 -0.0099532 0.0049602 0.0057648 -0.0058109
0.021031 0.048003 0.39458 -0.50467 -0.030517 0.11888 -0.0015039 -0.018324 0.010361 -0.012042 -0.0080973 0.0096166
0.024255 0.070842 0.36729 -0.49863 -0.02527 0.10927 0.0032245 0.022839 -0.027298 0.0060423 0.0052476 -0.0096111
0.021032 0.066731 0.35928 -0.4947 -0.026316 0.11321 -0.0032229 -0.0041119 -0.0080062 0.003922 -0.0010462 0.0039403
0.021024 0.074917 0.33445 -0.49288 -0.018461 0.10104 -8.3572e-06 0.0081866 -0.024833 0.001826 0.0078548 -0.012177
0.022623 0.06869 0.34697 -0.4907 -0.028669 0.10033 0.0015993 -0.0062276 0.012524 0.002178 -0.010208 -0.0007079
0.020235 0.062094 0.34129 -0.50194 -0.030156 0.098492 -0.002388 -0.0065953 -0.0056864 -0.011238 -0.0014872 -0.0018363
0.019782 0.075785 0.32282 -0.48519 -0.036258 0.10145 -0.00045361 0.013691 -0.018467 0.016751 -0.0061017 0.0029582
0.01873 0.078646 0.31018 -0.48777 -0.023032 0.10572 -0.0010512 0.0028611 -0.012635 -0.0025794 0.013226 0.0042744
0.016186 0.072098 0.29758 -0.47918 -0.019906 0.10674 -0.0025441 -0.006548 -0.012604 0.0085879 0.0031258 0.0010163
0.020396 0.093459 0.31243 -0.4794 -0.015403 0.10457 0.0042095 0.02136 0.014853 -0.0002223 0.0045032 -0.0021677
0.019968 0.080137 0.31548 -0.4852 -0.013069 0.10333 -0.00042812 -0.013321 0.0030504 -0.0058019 0.0023334 -0.0012441
0.021664 0.082242 0.32738 -0.48125 -0.019126 0.10277 0.0016959 0.0021043 0.011894 0.0039546 -0.0060571 -0.0005593
0.021663 0.083331 0.32945 -0.48567 -0.015914 0.10015 -7.6311e-07 0.0010896 0.0020761 -0.0044217 0.0032119 -0.0026206
0.022318 0.073166 0.32975 -0.48447 -0.019811 0.099587 0.00065486 -0.010165 0.00029952 0.0012014 -0.0038969 -0.00056225
0.022443 0.083973 0.32673 -0.48186 -0.019189 0.10136 0.00012491 0.010807 -0.0030187 0.0026135 0.00062192 0.0017745
0.017942 0.084172 0.31925 -0.49555 -0.010236 0.10154 -0.0045008 0.00019847 -0.0074851 -0.013695 0.008953 0.00018212
0.017379 0.074224 0.2981 -0.47349 -0.013197 0.10477 -0.00056252 -0.0099472 -0.021153 0.022056 -0.0029611 0.0032213
0.0129 0.097528 0.27904 -0.45816 -0.014754 0.10222 -0.0044794 0.023304 -0.019053 0.015337 -0.001556 -0.0025461
0.016721 0.071888 0.40214 -0.50034 -0.0061859 0.10343 0.0038213 -0.02564 0.1231 -0.042179 0.0085676 0.0012087
0.015629 0.062556 0.55495 -0.56631 -0.0019236 0.11422 -0.0010923 -0.0093321 0.15281 -0.065969 0.0042623 0.010794
-0.0025299 0.041623 0.7535 -0.71076 0.029731 0.10647 -0.018159 -0.020933 0.19855 -0.14445 0.031654 -0.0077544
-0.013387 0.034815 0.72732 -0.69969 0.01783 0.092128 -0.010857 -0.0068083 -0.026181 0.011074 -0.011901 -0.01434
-0.024106 0.035241 0.66972 -0.71723 0.025643 0.079788 -0.010719 0.0004265 -0.0576 -0.017539 0.0078132 -0.012339
-0.013735 0.07072 0.53379 -0.63759 0.015326 0.059854 0.010371 0.035478 -0.13594 0.07964 -0.010317 -0.019935
0.0094842 0.040204 0.58597 -0.69049 0.036902 0.086761 0.023219 -0.030516 0.052185 -0.052901 0.021576 0.026907
0.01864 0.07336 0.5623 -0.70168 0.051679 0.074289 0.0091557 0.033157 -0.023677 -0.011192 0.014777 -0.012472
0.027334 0.057457 0.56313 -0.72197 0.059534 0.089195 0.0086939 -0.015903 0.00083256 -0.020288 0.0078556 0.014906
0.023556 0.068237 0.52793 -0.71806 0.054003 0.078925 -0.0037775 0.01078 -0.035203 0.0039059 -0.005531 -0.01027
0.020037 0.083336 0.46499 -0.68607 0.041281 0.081381 -0.0035197 0.015098 -0.062936 0.031986 -0.012722 0.0024568
0.018335 0.052137 0.49305 -0.69297 0.029802 0.082665 -0.0017018 -0.031199 0.028057 -0.0068978 -0.011479 0.0012841
0.011777 0.078192 0.42602 -0.65307 0.024629 0.080696 -0.0065576 0.026055 -0.067023 0.039902 -0.0051737 -0.0019699
0.0081962 0.050006 0.42945 -0.65184 0.020442 0.078859 -0.0035809 -0.028187 0.003429 0.0012252 -0.0041871 -0.0018364
0.0041021 0.089876 0.41317 -0.63893 0.024578 0.083615 -0.0040941 0.039871 -0.016282 0.012912 0.0041367 0.0047557
0.0026378 0.077038 0.43485 -0.64334 0.027802 0.08767 -0.0014643 -0.012839 0.021675 -0.0044092 0.0032239 0.0040551
0.0033174 0.10634 0.43354 -0.63408 0.033173 0.094706 0.00067953 0.029305 -0.0013059 0.0092608 0.005371 0.0070362
0.0044216 0.10645 0.44275 -0.62731 0.042717 0.10182 0.0011042 0.00011161 0.009205 0.0067727 0.0095437 0.0071174
0.0056574 0.093873 0.44129 -0.64113 0.048154 0.10378 0.0012358 -0.012581 -0.0014509 -0.013821 0.0054376 0.0019603
0.0061176 0.095655 0.46228 -0.65532 0.046092 0.10582 0.00046027 0.0017821 0.020988 -0.014191 -0.0020624 0.0020402
0.0067121 0.083568 0.46637 -0.66388 0.043039 0.099115 0.00059444 -0.012087 0.0040849 -0.0085571 -0.0030529 -0.0067087
0.0067854 0.11209 0.45214 -0.64029 0.040711 0.095497 7.331e-05 0.028526 -0.01423 0.023589 -0.0023282 -0.0036181
0.010599 0.10388 0.4745 -0.63858 0.037467 0.095318 0.0038131 -0.0082158 0.022358 0.0017047 -0.0032442 -0.00017901
0.0061622 0.075617 0.49864 -0.63845 0.039596 0.097409 -0.0044363 -0.028261 0.02414 0.00013597 0.0021295 0.0020905
0.010938 0.083031 0.55073 -0.65372 0.02358 0.099103 0.0047755 0.0074137 0.052096 -0.015274 -0.016016 0.0016946
0.0033322 0.046425 0.58507 -0.67853 0.026025 0.10042 -0.0076055 -0.036606 0.03434 -0.024811 0.0024449 0.0013199
0.011204 0.10645 0.57276 -0.64913 0.029936 0.10233 0.0078718 0.060025 -0.012309 0.029404 0.0039104 0.0019063
0.0077197 0.058599 0.59315 -0.67077 0.043414 0.1074 -0.0034843 -0.047851 0.020383 -0.021642 0.013478 0.0050685
0.012697 0.076322 0.57342 -0.62916 0.05363 0.11011 0.0049768 0.017723 -0.019728 0.041607 0.010216 0.0027115
0.014178 0.052363 0.59484 -0.64763 0.055354 0.10923 0.0014815 -0.023959 0.021417 -0.01847 0.0017236 -0.00087752
0.010794 0.070201 0.58709 -0.62733 0.046913 0.10226 -0.0033839 0.017838 -0.0077441 0.020303 -0.0084411 -0.0069732
0.015051 0.066054 0.59806 -0.63153 0.050462 0.1056 0.004257 -0.0041469 0.010964 -0.0041976 0.0035495 0.003338
0.0099349 0.070798 0.61122 -0.62482 0.041926 0.10116 -0.0051162 0.0047445 0.013165 0.0067062 -0.0085362 -0.0044322
0.012587 0.061646 0.61918 -0.64109 0.056257 0.11581 0.0026521 -0.0091528 0.0079585 -0.01627 0.014331 0.014646
0.010253 0.076261 0.61238 -0.64804 0.051347 0.11369 -0.0023342 0.014615 -0.0068027 -0.0069435 -0.0049104 -0.002118
0.0047035 0.059398 0.6018 -0.65831 0.056229 0.11859 -0.0055493 -0.016863 -0.010575 -0.010273 0.0048828 0.0048968
0.0034133 0.063898 0.58679 -0.6636 0.044308 0.11659 -0.0012901 0.0044997 -0.015016 -0.0052957 -0.011921 -0.0019956
-0.0016444 0.064195 0.56988 -0.63802 0.036348 0.10992 -0.0050578 0.00029712 -0.016908 0.025583 -0.0079608 -0.00667
0.00034002 0.092025 0.55487 -0.64678 0.038801 0.11372 0.0019844 0.02783 -0.015006 -0.0087608 0.0024534 0.0037922
0.00064028 0.088788 0.55212 -0.63376 0.033895 0.10597 0.00030026 -0.0032377 -0.0027549 0.01302 -0.0049062 -0.0077443
0.0021078 0.079 0.56376 -0.64804 0.046113 0.11111 0.0014676 -0.009788 0.011641 -0.014278 0.012218 0.0051402
0.0034648 0.068644 0.57247 -0.64509 0.036781 0.1075 0.001357 -0.010355 0.0087091 0.0029477 -0.0093322 -0.0036079
0.003696 0.086426 0.56113 -0.63084 0.043569 0.10812 0.0002312 0.017781 -0.01134 0.014252 0.0067882 0.00061512
0.0031476 0.077443 0.5549 -0.62991 0.039885 0.10892 -0.00054846 -0.0089831 -0.006232 0.00093025 -0.0036844 0.00080513
0.004164 0.090985 0.54816 -0.6262 0.046397 0.10493 0.0010164 0.013543 -0.0067316 0.0037142 0.0065125 -0.0039953
0.0034136 0.068938 0.54865 -0.6325 0.040821 0.10619 -0.00075039 -0.022047 0.00048872 -0.0063052 -0.0055766 0.0012572
0.003727 0.096607 0.53619 -0.62429 0.044264 0.10535 0.00031342 0.027668 -0.012466 0.0082119 0.0034437 -0.0008316
0.0024507 0.083192 0.53436 -0.62233 0.036104 0.10412 -0.0012763 -0.013415 -0.00183 0.0019616 -0.0081599 -0.0012319
0.0005468 0.082898 0.53761 -0.62692 0.044736 0.11046 -0.0019039 -0.00029437 0.0032493 -0.0045899 0.0086312 0.006337
0.0011966 0.07764 0.53924 -0.6224 0.038854 0.10393 0.00064983 -0.0052576 0.0016366 0.0045157 -0.005882 -0.0065305
0.00052695 0.093546 0.53667 -0.62114 0.045284 0.11221 -0.00066968 0.015907 -0.0025731 0.0012633 0.0064304 0.0082766
0.00020756 0.082853 0.52731 -0.61686 0.038152 0.10739 -0.00031938 -0.010693 -0.0093606 0.0042835 -0.0071325 -0.0048133
0.0011483 0.087065 0.53536 -0.62312 0.041236 0.10796 0.00094069 0.0042112 0.0080482 -0.0062612 0.0030849 0.00056824
0.0026042 0.071144 0.52985 -0.61908 0.038442 0.10509 0.001456 -0.01592 -0.0055035 0.0040331 -0.0027942 -0.0028743
0.0036139 0.079071 0.53882 -0.62196 0.037736 0.094899 0.0010097 0.0079269 0.0089618 -0.0028759 -0.00070674 -0.010188
0.009137 0.084038 0.52636 -0.60749 0.040412 0.10093 0.0055231 0.0049672 -0.012457 0.014474 0.0026763 0.0060312
0.002665 0.075352 0.53234 -0.62342 0.037986 0.098905 -0.006472 -0.008686 0.0059844 -0.015933 -0.0024258 -0.0020244
0.0081307 0.083252 0.52479 -0.61334 0.043946 0.10523 0.0054657 0.0078995 -0.0075577 0.010079 0.0059604 0.0063288
0.00074583 0.076626 0.52974 -0.62389 0.037974 0.10446 -0.0073849 -0.0066252 0.0049553 -0.010552 -0.0059724 -0.00076922
0.0034934 0.081632 0.53925 -0.62072 0.043018 0.095197 0.0027475 0.0050056 0.00951 0.0031738 0.0050441 -0.0092678
0.0019667 0.071845 0.53965 -0.62883 0.043023 0.10115 -0.0015267 -0.0097867 0.00039904 -0.008115 4.7372e-06 0.0059517
7.1116e-07 0.081449 0.54048 -0.62464 0.047765 0.093572 -0.001966 0.0096041 0.00082647 0.0041914 0.0047422 -0.0075771
0.0024232 0.071373 0.53398 -0.62704 0.052416 0.10258 0.0024225 -0.010076 -0.0064976 -0.0023967 0.0046509 0.0090107
0.0011371 0.070253 0.54147 -0.62395 0.042258 0.1022 -0.0012861 -0.0011201 0.0074897 0.0030859 -0.010158 -0.00038241
0.0021718 0.086755 0.52685 -0.60987 0.047428 0.10262 0.0010347 0.016502 -0.014622 0.014083 0.0051694 0.00041969
-0.0006764 0.085459 0.51664 -0.59381 0.037738 0.10974 -0.0028482 -0.0012959 -0.010211 0.016054 -0.00969 0.0071245
0.00063074 0.09312 0.50834 -0.58373 0.049637 0.1044 0.0013071 0.007661 -0.0082977 0.010088 0.011899 -0.0053457
0.00075488 0.066483 0.53143 -0.60275 0.044811 0.10721 0.00012414 -0.026637 0.023096 -0.019025 -0.0048266 0.0028113
0.0053759 0.068054 0.54287 -0.61185 0.049847 0.10644 0.004621 0.0015707 0.011433 -0.0091028 0.005036 -0.00076481
0.0032119 0.093407 0.52298 -0.59304 0.042936 0.10376 -0.002164 0.025353 -0.019889 0.018812 -0.0069108 -0.0026813
0.0063784 0.084254 0.50511 -0.58203 0.043269 0.10768 0.0031665 -0.0091528 -0.01787 0.011015 0.00033362 0.00392
0.00242 0.07253 0.50926 -0.58058 0.037953 0.10178 -0.0039584 -0.011724 0.0041563 0.0014517 -0.0053166 -0.0059053
0.011033 0.045358 0.54 -0.62084 0.039967 0.11045 0.0086132 -0.027172 0.030734 -0.040263 0.0020141 0.0086762
0.007639 0.070554 0.53669 -0.61965 0.036691 0.1128 -0.0033941 0.025196 -0.0033072 0.0011909 -0.0032762 0.0023476
0.014488 0.096319 0.52304 -0.62063 0.041309 0.11759 0.0068492 0.025765 -0.013652 -0.00097915 0.0046185 0.0047911
0.010732 0.09553 0.49839 -0.60687 0.039066 0.11702 -0.0037567 -0.00078956 -0.024653 0.013755 -0.0022428 -0.00057144
0.0096579 0.083576 0.51476 -0.61661 0.040158 0.10492 -0.0010737 -0.011953 0.016379 -0.0097431 0.0010919 -0.012106
0.0054911 0.080844 0.4983 -0.61549 0.041131 0.10611 -0.0041668 -0.0027327 -0.016465 0.0011204 0.00097253 0.0011907
0.0032756 0.086119 0.4969 -0.60251 0.040643 0.095573 -0.0022154 0.0052757 -0.0014034 0.012981 -0.00048794 -0.010534
0.00076384 0.088957 0.46733 -0.59851 0.044515 0.099751 -0.0025118 0.0028374 -0.029564 0.0040028 0.003872 0.0041776
0.002709 0.075927 0.48102 -0.6011 0.043408 0.099476 0.0019451 -0.01303 0.013685 -0.002586 -0.0011072 -0.00027431
0.00054436 0.082633 0.46453 -0.60274 0.039948 0.099723 -0.0021646 0.0067059 -0.016488 -0.0016429 -0.0034595 0.00024643
0.00014457 0.09409 0.46699 -0.59796 0.046378 0.09965 -0.0003998 0.011457 0.0024597 0.0047769 0.0064299 -7.2528e-05
0.00026388 0.079034 0.47222 -0.59553 0.04368 0.093243 0.00011931 -0.015057 0.0052312 0.0024317 -0.0026984 -0.0064076
0.0016868 0.075013 0.50246 -0.61589 0.056753 0.091216 0.001423 -0.0040209 0.030236 -0.02036 0.013073 -0.0020265
0.006898 0.066682 0.50628 -0.61835 0.049228 0.082477 0.0052111 -0.0083312 0.003829 -0.002461 -0.0075251 -0.008739
0.011197 0.088377 0.50028 -0.61351 0.050819 0.087025 0.0042986 0.021695 -0.0060076 0.0048405 0.0015913 0.0045481
0.013857 0.082555 0.47788 -0.60963 0.048482 0.07866 0.0026602 -0.0058215 -0.0224 0.0038784 -0.0023375 -0.008365
0.01578 0.086213 0.4899 -0.61498 0.051868 0.080022 0.0019236 0.0036577 0.012023 -0.0053503 0.0033864 0.0013623
0.011525 0.079858 0.49197 -0.61953 0.052779 0.083983 -0.004255 -0.0063547 0.0020698 -0.0045511 0.00091092 0.0039607
0.012219 0.099371 0.49025 -0.6115 0.052587 0.077533 0.00069318 0.019513 -0.0017178 0.0080385 -0.00019159 -0.0064499
0.0072692 0.093062 0.47543 -0.5941 0.04527 0.091023 -0.0049495 -0.0063089 -0.014821 0.017398 -0.0073171 0.013489
0.014136 0.1012 0.45539 -0.6145 0.056675 0.079771 0.0068666 0.0081338 -0.020043 -0.020406 0.011405 -0.011251
0.01459 0.10325 0.4249 -0.61885 0.06213 0.082223 0.0004538 0.0020581 -0.030486 -0.0043453 0.0054543 0.0024519
0.01857 0.1089 0.3978 -0.64599 0.072815 0.07944 0.0039805 0.0056409 -0.0271 -0.027137 0.010685 -0.0027832
0.015067 0.10393 0.40332 -0.63693 0.074479 0.083157 -0.0035034 -0.0049625 0.0055189 0.0090534 0.0016639 0.0037171
0.013789 0.078839 0.42353 -0.64024 0.071142 0.089164 -0.0012777 -0.025094 0.020208 -0.0033027 -0.0033366 0.0060073
0.013313 0.1062 0.43173 -0.62953 0.075527 0.093563 -0.00047584 0.02736 0.0081968 0.010704 0.0043847 0.0043983
0.016259 0.09451 0.41434 -0.62953 0.073731 0.093657 0.0029455 -0.011689 -0.017391 -2.8197e-08 -0.0017954 9.3908e-05
0.012805 0.11067 0.41086 -0.62791 0.070143 0.09157 -0.0034541 0.016163 -0.0034744 0.0016183 -0.0035878 -0.0020863
0.013191 0.072039 0.43368 -0.63836 0.068082 0.099422 0.00038615 -0.038634 0.022816 -0.010451 -0.0020616 0.007852
0.0060019 0.099591 0.42732 -0.62382 0.0644 0.093969 -0.0071887 0.027553 -0.0063551 0.014547 -0.0036816 -0.0054529
0.010397 0.064861 0.42475 -0.62213 0.07018 0.10001 0.004395 -0.03473 -0.0025737 0.0016912 0.0057795 0.0060426
0.00401 0.093722 0.38849 -0.62363 0.069146 0.096372 -0.0063869 0.02886 -0.036254 -0.0014997 -0.0010342 -0.0036399
0.0073081 0.059449 0.41274 -0.62374 0.070452 0.089812 0.0032981 -0.034273 0.024248 -0.00011018 0.0013067 -0.00656
0.0068084 0.10061 0.44015 -0.62179 0.071575 0.095056 -0.0004997 0.041163 0.027412 0.0019497 0.0011224 0.005244
0.0092021 0.094697 0.44924 -0.64224 0.063137 0.092967 0.0023937 -0.0059147 0.0090838 -0.020453 -0.0084372 -0.002089
0.0096561 0.10342 0.42065 -0.62548 0.06653 0.095219 0.00045398 0.0087239 -0.028584 0.016757 0.0033927 0.0022518
0.0048072 0.059959 0.50145 -0.5619 0.084649 0.093156 -0.0048489 -0.043462 0.080799 0.063578 0.018119 -0.0020631
0.011774 0.13209 0.66335 -0.58329 0.11816 0.070708 0.006967 0.072132 0.16189 -0.021386 0.033509 -0.022447
0.013418 0.13332 1.2496 -0.44234 0.13561 0.037448 0.0016437 0.0012247 0.5863 0.14095 0.017454 -0.03326
0.0090499 0.14151 1.6024 -0.6191 0.076786 0.033579 -0.0043679 0.0081953 0.35279 -0.17676 -0.058826 -0.0038693
-0.029993 -0.0016798 2.1128 -0.53409 -0.0042962 0.047479 -0.039043 -0.14319 0.51039 0.085008 -0.081082 0.0139
-0.055887 -0.063927 1.629 -0.57803 -0.050987 0.069031 -0.025894 -0.062248 -0.48381 -0.043938 -0.046691 0.021552
-0.039821 -0.25979 1.3863 -0.63668 -0.0925 0.083659 0.016066 -0.19586 -0.2427 -0.058654 -0.041513 0.014628
-0.011073 -0.30248 0.90486 -0.67242 -0.0036378 0.030273 0.028748 -0.042685 -0.48146 -0.03574 0.088862 -0.053386
0.050583 -0.40123 0.85682 -0.86421 -0.057808 0.038883 0.061656 -0.098757 -0.048045 -0.19179 -0.054171 0.0086104
0.019494 -0.34504 1.0869 -0.8335 0.0029638 0.039337 -0.031089 0.056196 0.23006 0.030709 0.060772 0.00045416
0.019328 -0.072476 0.74498 -0.71067 -0.06373 0.081876 -0.00016585 0.27256 -0.3419 0.12283 -0.066694 0.042539
-0.0089451 -0.020828 0.72255 -0.56989 -0.049135 0.095385 -0.028273 0.051648 -0.022438 0.14078 0.014596 0.013509
0.0011484 0.087337 0.4557 -0.54148 -0.048083 0.086824 0.010094 0.10817 -0.26685 0.028409 0.001052 -0.0085614
0.015609 0.0021855 0.53199 -0.57723 -0.026374 0.077498 0.014461 -0.085152 0.076289 -0.03575 0.021709 -0.0093254
0.010465 -0.01211 0.65075 -0.68688 -0.0086947 0.075711 -0.0051445 -0.014296 0.11876 -0.10965 0.017679 -0.0017877
0.012126 0.050339 0.63586 -0.65851 0.0083016 0.077299 0.0016612 0.062449 -0.014889 0.028371 0.016996 0.0015879
0.013754 0.027831 0.65247 -0.67134 0.0063031 0.078116 0.0016281 -0.022508 0.016609 -0.01283 -0.0019985 0.00081736
0.016583 0.022134 0.67178 -0.6786 0.020389 0.075099 0.0028287 -0.005697 0.019309 -0.0072602 0.014085 -0.0030169
0.021267 0.014493 0.67315 -0.69627 0.025114 0.078479 0.0046842 -0.0076416 0.0013656 -0.017665 0.0047255 0.00338
0.017752 0.049642 0.65567 -0.69092 0.03456 0.074253 -0.0035152 0.035149 -0.017474 0.005345 0.0094456 -0.0042263
0.011847 0.040835 0.64129 -0.68586 0.031368 0.076952 -0.0059049 -0.0088069 -0.014386 0.0050598 -0.0031912 0.0026991
0.012361 0.050299 0.64374 -0.67476 0.035824 0.070899 0.00051455 0.0094638 0.0024582 0.011101 0.0044555 -0.0060534
0.0073365 0.0077469 0.65979 -0.69794 0.026954 0.074673 -0.0050248 -0.042552 0.016049 -0.023182 -0.0088699 0.0037743
0.0095335 0.081302 0.58531 -0.67817 0.029935 0.07215 0.002197 0.073555 -0.074485 0.019776 0.0029814 -0.0025224
0.0069038 0.060781 0.54554 -0.67284 0.025941 0.082795 -0.0026297 -0.020522 -0.039766 0.0053308 -0.0039942 0.010644
0.0086982 0.084778 0.49808 -0.67332 0.032081 0.076118 0.0017945 0.023997 -0.047468 -0.00048402 0.0061398 -0.0066767
0.0065962 0.030102 0.54932 -0.69675 0.029813 0.08611 -0.002102 -0.054675 0.051245 -0.023428 -0.0022681 0.0099917
0.0092052 0.067178 0.51956 -0.69221 0.037733 0.074831 0.002609 0.037075 -0.029764 0.0045403 0.0079205 -0.011279
0.0083405 0.073869 0.48447 -0.68979 0.038102 0.08038 -0.00086475 0.0066909 -0.035088 0.0024208 0.00036808 0.0055488
0.014188 0.08577 0.45932 -0.68049 0.040104 0.07094 0.0058474 0.011901 -0.025146 0.0093004 0.0020029 -0.0094397
0.015834 0.047687 0.491 -0.69999 0.041282 0.072972 0.0016462 -0.038083 0.031682 -0.019502 0.0011778 0.0020315
0.012769 0.06744 0.47566 -0.68561 0.042629 0.069427 -0.0030654 0.019753 -0.015345 0.014381 0.0013465 -0.0035451
0.012143 0.071096 0.46639 -0.67848 0.04362 0.072114 -0.00062567 0.0036558 -0.0092695 0.0071319 0.0009915 0.0026872
0.0074235 0.089871 0.40884 -0.66973 0.044773 0.075768 -0.0047195 0.018775 -0.057553 0.0087408 0.0011527 0.0036543
0.014768 0.068326 0.46719 -0.69027 0.03735 0.073787 0.0073442 -0.021545 0.058356 -0.02054 -0.0074226 -0.0019805
0.016182 0.04897 0.51011 -0.69968 0.03772 0.075263 0.0014139 -0.019356 0.042917 -0.0094016 0.00036941 0.0014754
0.020058 0.066419 0.51183 -0.69067 0.041451 0.069538 0.0038761 0.017449 0.0017185 0.0090045 0.0037312 -0.0057254
0.019226 0.068678 0.45044 -0.6609 0.041357 0.070883 -0.00083177 0.0022589 -0.061389 0.029772 -9.4126e-05 0.0013451
0.018039 0.085167 0.39589 -0.65343 0.040964 0.069095 -0.0011868 0.016489 -0.054545 0.0074735 -0.00039336 -0.0017876
0.018749 0.084837 0.38376 -0.64767 0.037543 0.072396 0.0007099 -0.00032973 -0.012133 0.0057555 -0.0034205 0.0033015
0.01974 0.065412 0.4579 -0.68037 0.032511 0.071492 0.00099047 -0.019425 0.074142 -0.032695 -0.0050318 -0.0009048
0.020536 0.080831 0.48523 -0.68931 0.035389 0.07571 0.00079684 0.015419 0.027327 -0.0089456 0.0028776 0.004218
0.020546 0.052213 0.51833 -0.70162 0.029622 0.072658 9.1718e-06 -0.028618 0.033106 -0.012306 -0.005767 -0.003052
0.019993 0.084961 0.51382 -0.69759 0.031862 0.073009 -0.00055298 0.032748 -0.0045171 0.0040258 0.0022398 0.00035113
0.019496 0.065139 0.51222 -0.68856 0.026386 0.070035 -0.00049653 -0.019822 -0.0016004 0.0090344 -0.0054756 -0.002974
0.026046 0.073018 0.52446 -0.69521 0.027907 0.071856 0.0065502 0.0078791 0.012239 -0.0066482 0.0015208 0.0018208
0.027248 0.070438 0.52622 -0.68372 0.024755 0.071317 0.0012017 -0.00258 0.0017681 0.011486 -0.0031518 -0.00053899
0.034372 0.059606 0.52522 -0.68753 0.029877 0.072361 0.0071245 -0.010832 -0.0010043 -0.0038051 0.005122 0.0010445
0.031605 0.072403 0.53318 -0.67566 0.030907 0.069314 -0.0027679 0.012798 0.0079645 0.011863 0.0010303 -0.0030469
0.032276 0.049341 0.53289 -0.67422 0.032564 0.071814 0.00067168 -0.023063 -0.00029663 0.0014451 0.0016565 0.0024995
0.030782 0.069676 0.52946 -0.66384 0.029317 0.075986 -0.0014945 0.020335 -0.0034253 0.010373 -0.0032463 0.0041726
0.027347 0.045005 0.54172 -0.6698 0.035665 0.077794 -0.0034343 -0.024671 0.012256 -0.0059547 0.0063476 0.0018078
0.027538 0.059815 0.54666 -0.68446 0.037647 0.07698 0.0001902 0.01481 0.0049419 -0.014658 0.0019824 -0.00081432
0.025156 0.058926 0.53666 -0.67232 0.050875 0.07162 -0.002382 -0.00088909 -0.010001 0.012138 0.013228 -0.0053594
0.02417 0.075124 0.53397 -0.67655 0.048278 0.068323 -0.00098605 0.016198 -0.0026866 -0.0042331 -0.0025974 -0.0032972
0.025048 0.079089 0.51988 -0.65484 0.051604 0.064936 0.00087883 0.0039641 -0.014094 0.021709 0.0033256 -0.0033871
0.023067 0.059127 0.56074 -0.67991 0.047225 0.067818 -0.0019815 -0.019962 0.040865 -0.025071 -0.0043784 0.0028818
0.020739 0.066951 0.55832 -0.68005 0.049503 0.067711 -0.0023282 0.0078242 -0.0024235 -0.00013526 0.0022775 -0.00010675
0.0202 0.073165 0.55497 -0.67911 0.053648 0.07695 -0.00053896 0.0062143 -0.0033457 0.00094233 0.0041452 0.0092385
0.014933 0.0667 0.53599 -0.67527 0.050357 0.078291 -0.0052669 -0.0064653 -0.018987 0.0038375 -0.0032904 0.0013413
0.018253 0.059869 0.56571 -0.69573 0.048922 0.081429 0.0033206 -0.0068308 0.029724 -0.020462 -0.0014352 0.0031383
0.017673 0.037742 0.56599 -0.6851 0.038351 0.079707 -0.0005798 -0.022127 0.00027621 0.010636 -0.010571 -0.0017226
0.018198 0.073053 0.54956 -0.68413 0.022876 0.07867 0.00052454 0.035311 -0.016425 0.00096488 -0.015475 -0.0010368
0.0075436 0.044006 0.63692 -0.73104 0.027533 0.085206 -0.010654 -0.029047 0.087357 -0.046913 0.0046564 0.0065361
0.018754 0.018225 0.66676 -0.77351 0.06997 0.073846 0.01121 -0.02578 0.029836 -0.042469 0.042438 -0.01136
0.0057198 -0.063933 0.94714 -0.87206 0.057643 0.085811 -0.013034 -0.082158 0.28039 -0.098543 -0.012328 0.011965
0.015455 -0.084048 1.0209 -0.84055 0.082879 0.068239 0.0097356 -0.020115 0.073761 0.031508 0.025236 -0.017572
-0.017976 -0.044257 1.0473 -0.7908 -0.025239 0.078492 -0.033431 0.039791 0.026406 0.049746 -0.10812 0.010253
-0.025343 0.028686 0.87353 -0.71014 -0.039532 0.071784 -0.0073669 0.072942 -0.17378 0.080658 -0.014293 -0.0067078
-0.031279 0.10924 0.54948 -0.65346 -0.056928 0.072102 -0.0059366 0.08055 -0.32405 0.05668 -0.017396 0.00031855
-0.010594 0.12728 0.33105 -0.59543 -0.035046 0.081292 0.020685 0.018041 -0.21842 0.058038 0.021881 0.0091892
-0.0042934 0.072493 0.29886 -0.65128 -0.0035769 0.089984 0.0063006 -0.054784 -0.032197 -0.055855 0.03147 0.0086928
0.0023807 0.050868 0.30692 -0.6371 -0.007521 0.091471 0.006674 -0.021625 0.0080597 0.014179 -0.0039441 0.0014862
-0.0058447 0.025436 0.40921 -0.70313 -0.0060255 0.092231 -0.0082253 -0.025432 0.10229 -0.066025 0.0014956 0.0007599
-0.0071533 0.075157 0.36038 -0.65926 0.0033205 0.076516 -0.0013086 0.049721 -0.048832 0.043871 0.009346 -0.015714
-0.0035341 0.093529 0.3205 -0.62232 0.0038584 0.071079 0.0036192 0.018372 -0.039882 0.036932 0.00053788 -0.0054374
-0.0037807 0.086031 0.34153 -0.62002 0.0061503 0.065998 -0.00024657 -0.0074975 0.021034 0.0022997 0.0022919 -0.0050813
-3.8899e-05 0.035402 0.42692 -0.66412 0.00092178 0.067857 0.0037418 -0.050629 0.085391 -0.044096 -0.0052285 0.0018593
