  0.000000   0.000000   0.000000   0.000000   0.000000   0.000000   0.000000   0.000000   0.000000   0.000000   0.000000   0.000000 
  0.013697   0.052758  -0.021297   0.000000   0.000000   0.000000   0.013697   0.052758  -0.021297   0.000000   0.000000   0.000000 
  0.012469   0.135686  -0.005942  -0.021257   0.025726   0.025439  -0.001228   0.082928   0.015355  -0.021257   0.025726   0.025439 
  0.014598   0.166165   0.038345  -0.072995   0.041253   0.023892   0.002129   0.030479   0.044287  -0.051738   0.015527  -0.001547 
  0.011781   0.204527   0.022039  -0.093335   0.037357   0.018105  -0.002817   0.038362  -0.016306  -0.020340  -0.003896  -0.005787 
  0.005944   0.182820   0.053040  -0.056207   0.021199   0.011173  -0.005837  -0.021707   0.031001   0.037128  -0.016158  -0.006932 
  0.007962   0.112300   0.081523  -0.013923  -0.014782   0.000000   0.002018  -0.070520   0.028483   0.042284  -0.035981  -0.011173 
  0.007329   0.219900   0.081444  -0.024408  -0.008766   0.009167  -0.000633   0.107600  -0.000079  -0.010485   0.006016   0.009167 
  0.010261   0.244668   0.057981  -0.010829  -0.001490   0.024408   0.002932   0.024768  -0.023463   0.013579   0.007276   0.015241 
  0.005249   0.216292   0.086211  -0.004240  -0.015584   0.009110  -0.005012  -0.028376   0.028230   0.006589  -0.014094  -0.015298 
  0.008724   0.182193   0.120272   0.003610  -0.036841   0.011746   0.003475  -0.034099   0.034061   0.007850  -0.021257   0.002636 
  0.007666   0.269168   0.056848  -0.010371  -0.009740   0.011402  -0.001058   0.086975  -0.063424  -0.013981   0.027101  -0.000344 
  0.007579   0.255725   0.052283   0.001948   0.000917   0.031226  -0.000087  -0.013443  -0.004565   0.012319   0.010657   0.019824 
  0.006162   0.173924   0.102714  -0.007620  -0.025439   0.011975  -0.001417  -0.081801   0.050431  -0.009568  -0.026356  -0.019251 
  0.004605   0.224134   0.082484  -0.026413  -0.009740   0.037873  -0.001557   0.050210  -0.020230  -0.018793   0.015699   0.025898 
  0.006117   0.256057   0.065200  -0.002406  -0.009740   0.038331   0.001512   0.031923  -0.017284   0.024007   0.000000   0.000458 
 -0.000016   0.219020   0.065132   0.005901  -0.009740   0.050707  -0.006133  -0.037037  -0.000068   0.008307   0.000000   0.012376 
 -0.000460   0.150111   0.110516  -0.002406  -0.022345   0.026127  -0.000444  -0.068909   0.045384  -0.008307  -0.012605  -0.024580 
  0.011229   0.179336   0.118953  -0.004068  -0.032659   0.033805   0.011689   0.029225   0.008437  -0.001662  -0.010314   0.007678 
  0.013455   0.252446   0.079844  -0.004698  -0.024694   0.026127   0.002226   0.073110  -0.039109  -0.000630   0.007965  -0.007678 
  0.013292   0.222005   0.085475   0.005500  -0.004469   0.034950  -0.000163  -0.030441   0.005631   0.010198   0.020225   0.008823 
  0.006982   0.204040   0.093716   0.001375  -0.015642   0.021199  -0.006310  -0.017965   0.008241  -0.004125  -0.011173  -0.013751 
  0.004563   0.166571   0.093745  -0.006303  -0.027617   0.029908  -0.002419  -0.037469   0.000029  -0.007678  -0.011975   0.008709 
 -0.000838   0.217934   0.093760  -0.012548  -0.043258   0.026127  -0.005401   0.051363   0.000015  -0.006245  -0.015641  -0.003781 
 -0.000459   0.260757   0.082718  -0.012204  -0.028934   0.036440   0.000379   0.042823  -0.011042   0.000344   0.014324   0.010313 
  0.005486   0.253970   0.081607  -0.008136  -0.017876   0.044003   0.005945  -0.006787  -0.001111   0.004068   0.011058   0.007563 
 -0.000486   0.224838   0.122697  -0.014439  -0.026413   0.026127  -0.005972  -0.029132   0.041090  -0.006303  -0.008537  -0.017876 
  0.004029   0.180210   0.130026  -0.015756  -0.039935   0.037414   0.004515  -0.044628   0.007329  -0.001317  -0.013522   0.011287 
  0.008855   0.250713   0.112530  -0.009454  -0.033002   0.040909   0.004826   0.070503  -0.017496   0.006302   0.006933   0.003495 
  0.005522   0.253466   0.113280  -0.030080  -0.033976   0.040909  -0.003333   0.002753   0.000750  -0.020626  -0.000974   0.000000 
 -0.000734   0.230382   0.108486  -0.033232  -0.039248   0.056608  -0.006256  -0.023084  -0.004794  -0.003152  -0.005272   0.015699 
  0.008659   0.204960   0.132921  -0.033174  -0.042857   0.030138   0.009393  -0.025422   0.024435   0.000058  -0.003609  -0.026470 
  0.007813   0.217506   0.119103  -0.033174  -0.044576   0.026127  -0.000846   0.012546  -0.013818   0.000000  -0.001719  -0.004011 
 -0.007468   0.237841   0.084403  -0.049504  -0.035523   0.034721  -0.015281   0.020335  -0.034700  -0.016330   0.009053   0.008594 
 -0.002693   0.215524   0.090812  -0.081761  -0.051165   0.041883   0.004775  -0.022317   0.006409  -0.032257  -0.015642   0.007162 
 -0.001380   0.213856   0.128471  -0.096257  -0.038675   0.050478   0.001313  -0.001668   0.037659  -0.014496   0.012490   0.008595 
 -0.001573   0.200717   0.145741  -0.088637  -0.050248   0.036326  -0.000193  -0.013139   0.017270   0.007620  -0.011573  -0.014152 
  0.001946   0.232714   0.128936  -0.078896  -0.043545   0.042571   0.003519   0.031997  -0.016805   0.009741   0.006703   0.006245 
  0.010089   0.234575   0.056620  -0.032487  -0.033747   0.059759   0.008143   0.001861  -0.072316   0.046409   0.009798   0.017188 
 -0.001387   0.240650   0.036326   0.009167  -0.039477   0.070015  -0.011476   0.006075  -0.020294   0.041654  -0.005730   0.010256 
  0.004800   0.262574   0.067081  -0.016788  -0.028247   0.067151   0.006187   0.021924   0.030755  -0.025955   0.011230  -0.002864 
  0.001505   0.194060   0.122420  -0.055921  -0.037300   0.052025  -0.003295  -0.068514   0.055339  -0.039133  -0.009053  -0.015126 
 -0.000616   0.163158   0.126515  -0.060103  -0.062968   0.035351  -0.002121  -0.030902   0.004095  -0.004182  -0.025668  -0.016674 
  0.005002   0.258797   0.113063  -0.089840  -0.048530   0.047498   0.005618   0.095639  -0.013452  -0.029737   0.014438   0.012147 
  0.019271   0.266968   0.098536  -0.068927  -0.038789   0.037128   0.014269   0.008171  -0.014527   0.020913   0.009741  -0.010370 
 -0.000741   0.204205   0.114778  -0.100898  -0.054832   0.034492  -0.020012  -0.062763   0.016242  -0.031971  -0.016043  -0.002636 
 -0.012625   0.193209   0.134477  -0.109951  -0.068755   0.040451  -0.011884  -0.010996   0.019699  -0.009053  -0.013923   0.005959 
 -0.013993   0.288535   0.106524  -0.104565  -0.049561   0.037185  -0.001368   0.095326  -0.027953   0.005386   0.019194  -0.003266 
 -0.007257   0.255995   0.113400  -0.101471  -0.043946   0.054087   0.006736  -0.032540   0.006876   0.003094   0.005615   0.016902 
 -0.005220   0.164800   0.149019  -0.119634  -0.069271   0.044920   0.002037  -0.091195   0.035619  -0.018163  -0.025325  -0.009167 
 -0.003411   0.242816   0.107180  -0.117514  -0.057009   0.050535   0.001809   0.078016  -0.041839   0.002120   0.012262   0.005615 
  0.008259   0.275736   0.082111  -0.106914  -0.036841   0.055577   0.011670   0.032920  -0.025069   0.010600   0.020168   0.005042 
  0.001274   0.200714   0.143183  -0.121066  -0.055290   0.050191  -0.006985  -0.075022   0.061072  -0.014152  -0.018449  -0.005386 
  0.001264   0.157700   0.167694  -0.119404  -0.076261   0.044118  -0.000010  -0.043014   0.024511   0.001662  -0.020971  -0.006073 
  0.007222   0.274461   0.114407  -0.106857  -0.053342   0.031570   0.005958   0.116761  -0.053287   0.012547   0.022919  -0.012548 
  0.010334   0.249937   0.114073  -0.097747  -0.050191   0.037013   0.003112  -0.024524  -0.000334   0.009110   0.003151   0.005443 
  0.004597   0.160466   0.186297  -0.106857  -0.080329   0.033346  -0.005737  -0.089471   0.072224  -0.009110  -0.030138  -0.003667 
  0.006652   0.248971   0.142104  -0.127712  -0.066921   0.029450   0.002055   0.088505  -0.044193  -0.020855   0.013408  -0.003896 
  0.015236   0.276757   0.118698  -0.123071  -0.045034   0.029507   0.008584   0.027786  -0.023406   0.004641   0.021887   0.000057 
  0.007274   0.185120   0.171193  -0.149943  -0.058098   0.026184  -0.007962  -0.091637   0.052495  -0.026872  -0.013064  -0.003323 
  0.005923   0.171329   0.179008  -0.144729  -0.059473   0.026184  -0.001351  -0.013791   0.007815   0.005214  -0.001375   0.000000 
  0.015842   0.268193   0.118760  -0.128228  -0.061822   0.026127   0.009919   0.096864  -0.060248   0.016501  -0.002349  -0.000057 
  0.002380   0.211527   0.147286  -0.149943  -0.057926   0.026184  -0.013462  -0.056666   0.028526  -0.021715   0.003896   0.000057 
  0.000645   0.162606   0.202862  -0.178763  -0.067953   0.029966  -0.001735  -0.048921   0.055576  -0.028820  -0.010027   0.003782 
  0.006803   0.259141   0.157819  -0.146333  -0.063255   0.026127   0.006158   0.096535  -0.045043   0.032430   0.004698  -0.003839 
  0.006988   0.259199   0.153023  -0.132009  -0.053572   0.026127   0.000185   0.000058  -0.004796   0.014324   0.009683   0.000000 
  0.004059   0.195408   0.201376  -0.170799  -0.067666   0.026184  -0.002929  -0.063791   0.048353  -0.038790  -0.014094   0.000057 
  0.008692   0.247569   0.159304  -0.154985  -0.058614   0.030539   0.004633   0.052161  -0.042072   0.015814   0.009052   0.004355 
  0.015751   0.264705   0.156431  -0.189248  -0.034492   0.026127   0.007059   0.017136  -0.002873  -0.034263   0.024122  -0.004412 
  0.006238   0.184286   0.202028  -0.172059  -0.058041   0.023892  -0.009513  -0.080419   0.045597   0.017189  -0.023549  -0.002235 
  0.005225   0.206023   0.202007  -0.161402  -0.067838   0.029049  -0.001013   0.021737  -0.000021   0.010657  -0.009797   0.005157 
  0.015682   0.277923   0.146298  -0.138656  -0.050764   0.027960   0.010457   0.071900  -0.055709   0.022746   0.017074  -0.001089 
  0.010639   0.229753   0.175213  -0.151605  -0.046066   0.015756  -0.005043  -0.048170   0.028915  -0.012949   0.004698  -0.012204 
  0.013955   0.176947   0.207521  -0.167017  -0.063140   0.026585   0.003316  -0.052806   0.032308  -0.015412  -0.017074   0.010829 
  0.016906   0.262099   0.165171  -0.212453  -0.041138   0.034492   0.002951   0.085152  -0.042350  -0.045436   0.022002   0.007907 
  0.004540   0.223461   0.188360  -0.198874  -0.045034   0.029164  -0.012366  -0.038638   0.023189   0.013579  -0.003896  -0.005328 
  0.003473   0.162226   0.262583  -0.236689  -0.058442   0.029507  -0.001067  -0.061235   0.074223  -0.037815  -0.013408   0.000343 
  0.006315   0.254249   0.214381  -0.178018  -0.068010   0.031856   0.002842   0.092023  -0.048202   0.058671  -0.009568   0.002349 
  0.010974   0.259972   0.200930  -0.186842  -0.051566   0.038388   0.004659   0.005723  -0.013451  -0.008824   0.016444   0.006532 
  0.016175   0.237273   0.214516  -0.236689  -0.045607   0.038274   0.005201  -0.022699   0.013586  -0.049847   0.005959  -0.000114 
  0.010801   0.185819   0.218472  -0.271181  -0.050191   0.039305  -0.005374  -0.051454   0.003956  -0.034492  -0.004584   0.001031 
  0.002224   0.135613   0.225695  -0.331857  -0.041368   0.051795  -0.008577  -0.050206   0.007223  -0.060676   0.008823   0.012490 
  0.008687   0.177741   0.201897  -0.356093  -0.015011   0.065890   0.006463   0.042128  -0.023798  -0.024236   0.026357   0.014095 
  0.008976   0.198728   0.217547  -0.333060  -0.023950   0.059931   0.000289   0.020987   0.015650   0.023033  -0.008939  -0.005959 
  0.004135   0.137086   0.265023  -0.369787  -0.051509   0.053801  -0.004841  -0.061642   0.047476  -0.036727  -0.027559  -0.006130 
  0.007419   0.135209   0.299943  -0.413389  -0.056895   0.053285   0.003284  -0.001877   0.034920  -0.043602  -0.005386  -0.000516 
  0.002284   0.248937   0.218831  -0.312778  -0.042055   0.066177  -0.005135   0.113728  -0.081112   0.100611   0.014840   0.012892 
  0.002372   0.232468   0.228702  -0.241158  -0.033805   0.061937   0.000088  -0.016469   0.009871   0.071620   0.008250  -0.004240 
 -0.001604   0.187836   0.292990  -0.246888  -0.047326   0.074083  -0.003976  -0.044632   0.064288  -0.005730  -0.013521   0.012146 
  0.004755   0.238261   0.258841  -0.248893  -0.051795   0.069500   0.006359   0.050425  -0.034149  -0.002005  -0.004469  -0.004583 
  0.006672   0.281946   0.230621  -0.237835  -0.038675   0.068468   0.001917   0.043685  -0.028220   0.011058   0.013120  -0.001032 
  0.009872   0.272079   0.223546  -0.238121  -0.044462   0.074313   0.003200  -0.009867  -0.007075  -0.000286  -0.005787   0.005845 
  0.003846   0.237741   0.234272  -0.242590  -0.040107   0.063999  -0.006026  -0.034338   0.010726  -0.004469   0.004355  -0.010314 
  0.005915   0.191188   0.286468  -0.252445  -0.067724   0.050363   0.002069  -0.046553   0.052196  -0.009855  -0.027617  -0.013636 
  0.003968   0.271533   0.258022  -0.258003  -0.063025   0.054431  -0.001947   0.080345  -0.028446  -0.005558   0.004699   0.004068 
  0.004151   0.267887   0.238492  -0.240127  -0.057640   0.062682   0.000183  -0.003646  -0.019530   0.017876   0.005385   0.008251 
  0.012677   0.245238   0.215059  -0.218984  -0.043774   0.069786   0.008526  -0.022649  -0.023433   0.021143   0.013866   0.007104 
  0.004161   0.189784   0.255620  -0.221792  -0.056723   0.068755  -0.008516  -0.055454   0.040561  -0.002808  -0.012949  -0.001031 
  0.006739   0.178776   0.279879  -0.232162  -0.071792   0.067838   0.002578  -0.011008   0.024259  -0.010370  -0.015069  -0.000917 
  0.008047   0.267813   0.261229  -0.232105  -0.056895   0.077235   0.001308   0.089037  -0.018650   0.000057   0.014897   0.009397 
  0.011726   0.255383   0.236143  -0.224657  -0.050248   0.082277   0.003679  -0.012430  -0.025086   0.007448   0.006647   0.005042 
  0.003735   0.241064   0.229045  -0.222537  -0.044691   0.089954  -0.007991  -0.014319  -0.007098   0.002120   0.005557   0.007677 
  0.010439   0.186945   0.273162  -0.229183  -0.073052   0.073912   0.006704  -0.054119   0.044117  -0.006646  -0.028361  -0.016042 
  0.008292   0.190813   0.296933  -0.250211  -0.074255   0.072766  -0.002147   0.003868   0.023771  -0.021028  -0.001203  -0.001146 
  0.009182   0.274921   0.275970  -0.233996  -0.069958   0.084740   0.000890   0.084108  -0.020963   0.016215   0.004297   0.011974 
  0.015189   0.252285   0.242886  -0.227464  -0.053514   0.089611   0.006007  -0.022636  -0.033084   0.006532   0.016444   0.004871 
  0.012790   0.193694   0.271235  -0.222078  -0.074542   0.078495  -0.002399  -0.058591   0.028349   0.005386  -0.021028  -0.011116 
  0.009270   0.177101   0.293950  -0.220016  -0.094137   0.078323  -0.003520  -0.016593   0.022715   0.002062  -0.019595  -0.000172 
  0.010202   0.279060   0.228212  -0.201452  -0.083079   0.081589   0.000932   0.101959  -0.065738   0.018564   0.011058   0.003266 
  0.016999   0.279893   0.222997  -0.188446  -0.066750   0.080615   0.006797   0.000833  -0.005215   0.013006   0.016329  -0.000974 
  0.021186   0.228463   0.191086  -0.160772  -0.053973   0.058213   0.004187  -0.051430  -0.031911   0.027674   0.012777  -0.022402 
  0.020049   0.213334   0.201572  -0.160772  -0.060619   0.059530  -0.001137  -0.015129   0.010486   0.000000  -0.006646   0.001317 
  0.009940   0.160646   0.248063  -0.184034  -0.088751   0.062567  -0.010109  -0.052688   0.046491  -0.023262  -0.028132   0.003037 
  0.024619   0.295259   0.185020  -0.173091  -0.067724   0.058957   0.014679   0.134613  -0.063043   0.010943   0.021027  -0.003610 
  0.010470   0.263329   0.168840  -0.142323  -0.047269   0.038274  -0.014149  -0.031930  -0.016180   0.030768   0.020455  -0.020683 
  0.009900   0.189660   0.243475  -0.167590  -0.080329   0.030424  -0.000570  -0.073669   0.074635  -0.025267  -0.033060  -0.007850 
  0.009522   0.253616   0.238432  -0.160485  -0.095799   0.016100  -0.000378   0.063956  -0.005043   0.007105  -0.015470  -0.014324 
  0.009739   0.289358   0.199874  -0.128171  -0.088178   0.030367   0.000217   0.035742  -0.038558   0.032314   0.007621   0.014267 
  0.006315   0.250270   0.241802  -0.154756  -0.101528   0.016902  -0.003424  -0.039088   0.041928  -0.026585  -0.013350  -0.013465 
  0.004943   0.195656   0.291295  -0.192915  -0.113961   0.029851  -0.001372  -0.054614   0.049493  -0.038159  -0.012433   0.012949 
  0.019984   0.287884   0.219324  -0.141979  -0.086173   0.026757   0.015041   0.092228  -0.071971   0.050936   0.027788  -0.003094 
  0.019944   0.257090   0.216031  -0.127884  -0.091788   0.027846  -0.000040  -0.030794  -0.003293   0.014095  -0.005615   0.001089 
  0.010728   0.197527   0.274656  -0.158767  -0.117055   0.034950  -0.009216  -0.059563   0.058625  -0.030883  -0.025267   0.007104 
  0.010467   0.272088   0.240435  -0.144901  -0.105768   0.035065  -0.000261   0.074561  -0.034221   0.013866   0.011287   0.000115 
  0.017801   0.279100   0.228497  -0.160314  -0.084740   0.026872   0.007334   0.007012  -0.011938  -0.015413   0.021028  -0.008193 
  0.010091   0.250448   0.216170  -0.149771  -0.090298   0.051051  -0.007710  -0.028652  -0.012327   0.010543  -0.005558   0.024179 
  0.003245   0.190224   0.272711  -0.152808  -0.116253   0.047498  -0.006846  -0.060224   0.056541  -0.003037  -0.025955  -0.003553 
 -0.001028   0.250924   0.233425  -0.156933  -0.120550   0.046696  -0.004273   0.060700  -0.039286  -0.004125  -0.004297  -0.000802 
  0.012075   0.287642   0.224809  -0.139916  -0.099523   0.044290   0.013103   0.036718  -0.008616   0.017017   0.021027  -0.002406 
  0.008332   0.249944   0.227761  -0.134416  -0.096773   0.041024  -0.003743  -0.037698   0.002952   0.005500   0.002750  -0.003266 
  0.003616   0.195116   0.257483  -0.161631  -0.109893   0.046925  -0.004716  -0.054828   0.029722  -0.027215  -0.013120   0.005901 
  0.015003   0.284745   0.204582  -0.141349  -0.101815   0.031570   0.011387   0.089629  -0.052901   0.020282   0.008078  -0.015355 
  0.015422   0.273938   0.202290  -0.128056  -0.085199   0.033633   0.000419  -0.010807  -0.002292   0.013293   0.016616   0.002063 
  0.013505   0.205009   0.239072  -0.147995  -0.118316   0.026471  -0.001917  -0.068929   0.036782  -0.019939  -0.033117  -0.007162 
  0.010881   0.222588   0.249715  -0.154584  -0.120550   0.022288  -0.002624   0.017579   0.010643  -0.006589  -0.002234  -0.004183 
  0.015924   0.284356   0.224694  -0.161517  -0.089381   0.025267   0.005043   0.061768  -0.025021  -0.006933   0.031169   0.002979 
  0.021578   0.259574   0.202857  -0.123243  -0.098491   0.022632   0.005654  -0.024782  -0.021837   0.038274  -0.009110  -0.002635 
  0.013687   0.209108   0.243159  -0.143297  -0.115336   0.036555  -0.007891  -0.050466   0.040302  -0.020054  -0.016845   0.013923 
  0.011036   0.263944   0.216201  -0.130291  -0.103419   0.043086  -0.002651   0.054836  -0.026958   0.013006   0.011917   0.006531 
  0.017273   0.293207   0.206991  -0.127598  -0.094538   0.040737   0.006237   0.029263  -0.009210   0.002693   0.008881  -0.002349 
  0.016445   0.253244   0.217601  -0.129832  -0.084912   0.034664  -0.000828  -0.039963   0.010610  -0.002234   0.009626  -0.006073 
  0.012131   0.208169   0.261175  -0.131494  -0.110180   0.029106  -0.004314  -0.045075   0.043574  -0.001662  -0.025268  -0.005558 
  0.015481   0.294160   0.202260  -0.115451  -0.094137   0.030882   0.003350   0.085991  -0.058915   0.016043   0.016043   0.001776 
  0.018721   0.287758   0.212594  -0.135734  -0.084683   0.052082   0.003240  -0.006402   0.010334  -0.020283   0.009454   0.021200 
  0.014496   0.215992   0.260893  -0.133270  -0.110294   0.016558  -0.004225  -0.071766   0.048299   0.002464  -0.025611  -0.035524 
  0.016514   0.276940   0.217055  -0.117113  -0.085772   0.028132   0.002018   0.060948  -0.043838   0.016157   0.024522   0.011574 
  0.015541   0.288572   0.215216  -0.117284  -0.081016   0.033976  -0.000973   0.011632  -0.001839  -0.000171   0.004756   0.005844 
  0.007889   0.226925   0.266600  -0.119748  -0.093621   0.035237  -0.007652  -0.061647   0.051384  -0.002464  -0.012605   0.001261 
  0.013221   0.255891   0.228849  -0.137567  -0.094882   0.045321   0.005332   0.028966  -0.037751  -0.017819  -0.001261   0.010084 
  0.021821   0.286939   0.246282  -0.159454  -0.071963   0.044347   0.008600   0.031048   0.017433  -0.021887   0.022919  -0.000974 
  0.013211   0.259860   0.213793  -0.102216  -0.074255   0.047326  -0.008610  -0.027079  -0.032489   0.057238  -0.002292   0.002979 
  0.007186   0.218407   0.258728  -0.119233  -0.098549   0.044003  -0.006025  -0.041453   0.044935  -0.017017  -0.024294  -0.003323 
  0.015439   0.255159   0.222846  -0.144099  -0.104450   0.030596   0.008253   0.036752  -0.035882  -0.024866  -0.005901  -0.013407 
  0.024310   0.314858   0.195089  -0.137510  -0.072365   0.027101   0.008871   0.059699  -0.027757   0.006589   0.032085  -0.003495 
  0.024021   0.242116   0.234541  -0.143469  -0.085428   0.022403  -0.000289  -0.072742   0.039452  -0.005959  -0.013063  -0.004698 
  0.018848   0.218911   0.245067  -0.140203  -0.099580   0.016558  -0.005173  -0.023205   0.010526   0.003266  -0.014152  -0.005845 
  0.026749   0.315398   0.193972  -0.140489  -0.083480   0.020856   0.007901   0.096487  -0.051095  -0.000286   0.016100   0.004298 
  0.027050   0.286685   0.230563  -0.171142  -0.061249   0.041024   0.000301  -0.028713   0.036591  -0.030653   0.022231   0.020168 
  0.017824   0.219093   0.237522  -0.152808  -0.087720   0.049274  -0.009226  -0.067592   0.006959   0.018334  -0.026471   0.008250 
  0.017587   0.283459   0.212677  -0.140547  -0.084511   0.048988  -0.000237   0.064366  -0.024845   0.012261   0.003209  -0.000286 
  0.021526   0.292813   0.195285  -0.122785  -0.080271   0.042342   0.003939   0.009354  -0.017392   0.017762   0.004240  -0.006646 
  0.018203   0.223114   0.248417  -0.151089  -0.100096   0.046066  -0.003323  -0.069699   0.053132  -0.028304  -0.019825   0.003724 
  0.018221   0.234617   0.248560  -0.156074  -0.099809   0.031570   0.000018   0.011503   0.000143  -0.004985   0.000287  -0.014496 
  0.021578   0.306075   0.200317  -0.146162  -0.077521   0.041998   0.003357   0.071458  -0.048243   0.009912   0.022288   0.010428 
  0.017669   0.267707   0.212214  -0.136880  -0.078667   0.042456  -0.003909  -0.038368   0.011897   0.009282  -0.001146   0.000458 
  0.017342   0.206030   0.254910  -0.165757  -0.103247   0.034664  -0.000327  -0.061677   0.042696  -0.028877  -0.024580  -0.007792 
  0.018863   0.283624   0.195966  -0.137052  -0.096486   0.031398   0.001521   0.077594  -0.058944   0.028705   0.006761  -0.003266 
  0.016345   0.284407   0.229585  -0.166502  -0.092132   0.056322  -0.002518   0.000783   0.033619  -0.029450   0.004354   0.024924 
  0.012627   0.223392   0.265099  -0.185581  -0.096028   0.067494  -0.003718  -0.061015   0.035514  -0.019079  -0.003896   0.011172 
  0.011062   0.205788   0.284622  -0.209473  -0.102388   0.053113  -0.001565  -0.017604   0.019523  -0.023892  -0.006360  -0.014381 
  0.017156   0.259029   0.256417  -0.219729  -0.072823   0.054603   0.006094   0.053241  -0.028205  -0.010256   0.029565   0.001490 
  0.013676   0.224316   0.265418  -0.208729  -0.070302   0.056895  -0.003480  -0.034713   0.009001   0.011000   0.002521   0.002292 
  0.005417   0.161395   0.310027  -0.219729  -0.095283   0.049045  -0.008259  -0.062921   0.044609  -0.011000  -0.024981  -0.007850 
  0.017022   0.229045   0.269689  -0.226032  -0.098721   0.055749   0.011605   0.067650  -0.040338  -0.006303  -0.003438   0.006704 
  0.020665   0.243740   0.257134  -0.202712  -0.069958   0.058614   0.003643   0.014695  -0.012555   0.023320   0.028763   0.002865 
  0.012887   0.188684   0.302775  -0.214114  -0.084740   0.044863  -0.007778  -0.055056   0.045641  -0.011402  -0.014782  -0.013751 
  0.012658   0.157195   0.315333  -0.237376  -0.086345   0.060103  -0.000229  -0.031489   0.012558  -0.023262  -0.001605   0.015240 
  0.016268   0.241788   0.258058  -0.221047  -0.078209   0.063255   0.003610   0.084593  -0.057275   0.016329   0.008136   0.003152 
  0.017237   0.217281   0.279139  -0.231647  -0.075917   0.063197   0.000969  -0.024507   0.021081  -0.010600   0.002292  -0.000058 
  0.011489   0.157676   0.325117  -0.255940  -0.119576   0.070302  -0.005748  -0.059605   0.045978  -0.024293  -0.043659   0.007105 
  0.020596   0.225649   0.266023  -0.266540  -0.096257   0.071906   0.009107   0.067973  -0.059094  -0.010600   0.023319   0.001604 
  0.021646   0.224199   0.253909  -0.255940  -0.081876   0.067265   0.001050  -0.001450  -0.012114   0.010600   0.014381  -0.004641 
  0.015771   0.168317   0.311262  -0.255940  -0.090241   0.071161  -0.005875  -0.055882   0.057353   0.000000  -0.008365   0.003896 
  0.014743   0.208891   0.260711  -0.209817  -0.091845   0.079985  -0.001028   0.040574  -0.050551   0.046123  -0.001604   0.008824 
  0.021131   0.279091   0.233406  -0.177159  -0.089840   0.081188   0.006388   0.070200  -0.027305   0.032658   0.002005   0.001203 
  0.018113   0.229991   0.304952  -0.235256  -0.106398   0.077349  -0.003018  -0.049100   0.071546  -0.058097  -0.016558  -0.003839 
  0.017936   0.197613   0.310379  -0.210104  -0.123644   0.074599  -0.000177  -0.032378   0.005427   0.025152  -0.017246  -0.002750 
  0.019102   0.285354   0.269992  -0.183633  -0.115050   0.075287   0.001166   0.087741  -0.040387   0.026471   0.008594   0.000688 
  0.021571   0.280054   0.285932  -0.217036  -0.084511   0.074599   0.002469  -0.005300   0.015940  -0.033403   0.030539  -0.000688 
  0.019065   0.185158   0.319676  -0.202369  -0.109263   0.079240  -0.002506  -0.094896   0.033744   0.014667  -0.024752   0.004641 
  0.022417   0.236243   0.281526  -0.197384  -0.112815   0.073969   0.003352   0.051085  -0.038150   0.004985  -0.003552  -0.005271 
  0.025111   0.262997   0.249537  -0.176414  -0.093621   0.056379   0.002694   0.026754  -0.031989   0.020970   0.019194  -0.017590 
  0.021461   0.161663   0.288827  -0.196410  -0.130405   0.054087  -0.003650  -0.101334   0.039290  -0.019996  -0.036784  -0.002292 
  0.023940   0.229990   0.244744  -0.181742  -0.124790   0.070130   0.002479   0.068327  -0.044083   0.014668   0.005615   0.016043 
  0.026995   0.263923   0.219183  -0.186383  -0.097575   0.059817   0.003055   0.033933  -0.025561  -0.004641   0.027215  -0.010313 
  0.027402   0.195292   0.269390  -0.205749  -0.091215   0.050478   0.000407  -0.068631   0.050207  -0.019366   0.006360  -0.009339 
  0.021365   0.162647   0.291315  -0.225745  -0.109320   0.041826  -0.006037  -0.032645   0.021925  -0.019996  -0.018105  -0.008652 
  0.022912   0.250720   0.240544  -0.214916  -0.099179   0.060390   0.001547   0.088073  -0.050771   0.010829   0.010141   0.018564 
  0.027947   0.258416   0.214597  -0.166444  -0.091215   0.062739   0.005035   0.007696  -0.025947   0.048472   0.007964   0.002349 
  0.019620   0.222960   0.240326  -0.161001  -0.120722   0.066635  -0.008327  -0.035456   0.025729   0.005443  -0.029507   0.003896 
  0.024459   0.198461   0.264421  -0.183748  -0.117915   0.064802   0.004839  -0.024499   0.024095  -0.022747   0.002807  -0.001833 
  0.025245   0.281294   0.224476  -0.154011  -0.098491   0.053342   0.000786   0.082833  -0.039945   0.029737   0.019424  -0.011460 
  0.024502   0.259375   0.245328  -0.177732  -0.091158   0.065947  -0.000743  -0.021919   0.020852  -0.023721   0.007333   0.012605 
  0.022800   0.189491   0.283032  -0.164439  -0.128514   0.051967  -0.001702  -0.069884   0.037704   0.013293  -0.037356  -0.013980 
  0.029122   0.229217   0.262729  -0.205405  -0.112930   0.055634   0.006322   0.039726  -0.020303  -0.040966   0.015584   0.003667 
  0.032241   0.278789   0.217117  -0.166903  -0.099179   0.051738   0.003119   0.049572  -0.045612   0.038502   0.013751  -0.003896 
  0.022628   0.223715   0.260991  -0.169939  -0.110409   0.067953  -0.009613  -0.055074   0.043874  -0.003036  -0.011230   0.016215 
  0.034844   0.198586   0.284768  -0.175096  -0.111097   0.067552   0.012216  -0.025129   0.023777  -0.005157  -0.000688  -0.000401 
  0.032140   0.289340   0.234422  -0.149198  -0.096715   0.058041  -0.002704   0.090754  -0.050346   0.025898   0.014382  -0.009511 
  0.030426   0.244320   0.283694  -0.183461  -0.088178   0.062853  -0.001714  -0.045020   0.049272  -0.034263   0.008537   0.004812 
  0.030595   0.179536   0.295999  -0.158996  -0.114534   0.058155   0.000169  -0.064784   0.012305   0.024465  -0.026356  -0.004698 
  0.035232   0.278052   0.231492  -0.131666  -0.100898   0.055176   0.004637   0.098516  -0.064507   0.027330   0.013636  -0.002979 
  0.029313   0.266301   0.232666  -0.124733  -0.095741   0.060332  -0.005919  -0.011751   0.001174   0.006933   0.005157   0.005156 
  0.019803   0.190614   0.294805  -0.151891  -0.118373   0.067380  -0.009510  -0.075687   0.062139  -0.027158  -0.022632   0.007048 
  0.025018   0.235670   0.276912  -0.159569  -0.124160   0.064515   0.005215   0.045056  -0.017893  -0.007678  -0.005787  -0.002865 
  0.016178   0.257732   0.243388  -0.144443  -0.115680   0.071104  -0.008840   0.022062  -0.033524   0.015126   0.008480   0.006589 
  0.021345   0.232143   0.145596  -0.026528  -0.095684   0.066463   0.005167  -0.025589  -0.097792   0.117915   0.019996  -0.004641 
  0.029009   0.253086   0.086059  -0.030080  -0.073740   0.053686   0.007664   0.020943  -0.059537  -0.003552   0.021944  -0.012777 
  0.026202   0.212959   0.181458  -0.139744  -0.077006   0.052426  -0.002807  -0.040127   0.095399  -0.109664  -0.003266  -0.001260 
  0.017866   0.195815   0.206599  -0.165585  -0.088006   0.041769  -0.008336  -0.017144   0.025141  -0.025841  -0.011000  -0.010657 
  0.020704   0.150791   0.261513  -0.176643  -0.123644   0.053629   0.002838  -0.045024   0.054914  -0.011058  -0.035638   0.011860 
  0.022900   0.256903   0.219647  -0.154813  -0.113847   0.061192   0.002196   0.106112  -0.041866   0.021830   0.009797   0.007563 
  0.025964   0.277246   0.198238  -0.141406  -0.102445   0.041769   0.003064   0.020343  -0.021409   0.013407   0.011402  -0.019423 
  0.020500   0.204397   0.258548  -0.155558  -0.122097   0.061536  -0.005464  -0.072849   0.060310  -0.014152  -0.019652   0.019767 
  0.010222   0.206755   0.253017  -0.156188  -0.136937   0.058270  -0.010278   0.002358  -0.005531  -0.000630  -0.014840  -0.003266 
  0.020988   0.293224   0.225256  -0.135447  -0.128400   0.073224   0.010766   0.086469  -0.027761   0.020741   0.008537   0.014954 
  0.018601   0.232370   0.226494  -0.128171  -0.128572   0.061765  -0.002387  -0.060854   0.001238   0.007276  -0.000172  -0.011459 
  0.009956   0.174507   0.301617  -0.155214  -0.147307   0.041826  -0.008645  -0.057863   0.075123  -0.027043  -0.018735  -0.019939 
  0.021634   0.262414   0.257884  -0.150459  -0.127598   0.041826   0.011678   0.087907  -0.043733   0.004755   0.019709   0.000000 
  0.022877   0.245642   0.248675  -0.141463  -0.118373   0.041826   0.001243  -0.016772  -0.009209   0.008996   0.009225   0.000000 
  0.019904   0.174026   0.325536  -0.172460  -0.142896   0.058327  -0.002973  -0.071616   0.076861  -0.030997  -0.024523   0.016501 
  0.025083   0.233263   0.316386  -0.195550  -0.148224   0.079698   0.005179   0.059237  -0.009150  -0.023090  -0.005328   0.021371 
  0.026942   0.262190   0.246747  -0.178419  -0.128973   0.059015   0.001859   0.028927  -0.069639   0.017131   0.019251  -0.020683 
  0.023756   0.218362   0.250226  -0.139687  -0.137109   0.054087  -0.003186  -0.043828   0.003479   0.038732  -0.008136  -0.004928 
  0.015549   0.180177   0.327007  -0.171028  -0.159970   0.056608  -0.008207  -0.038185   0.076781  -0.031341  -0.022861   0.002521 
  0.022450   0.269048   0.286581  -0.159282  -0.144042   0.059473   0.006901   0.088871  -0.040426   0.011746   0.015928   0.002865 
  0.019341   0.257998   0.238751  -0.138484  -0.130692   0.058900  -0.003109  -0.011050  -0.047830   0.020798   0.013350  -0.000573 
  0.015445   0.190110   0.325122  -0.150058  -0.166100   0.074485  -0.003896  -0.067888   0.086371  -0.011574  -0.035408   0.015585 
  0.010085   0.203028   0.305902  -0.166960  -0.157048   0.078610  -0.005360   0.012918  -0.019220  -0.016902   0.009052   0.004125 
  0.028451   0.254932   0.262487  -0.161918  -0.122212   0.077750   0.018366   0.051904  -0.043415   0.005042   0.034836  -0.000860 
  0.024345   0.212138   0.282105  -0.158996  -0.125306   0.092934  -0.004106  -0.042794   0.019618   0.002922  -0.003094   0.015184 
  0.016699   0.155175   0.274952  -0.198129  -0.127999   0.102388  -0.007646  -0.056963  -0.007153  -0.039133  -0.002693   0.009454 
  0.010665   0.228579   0.235511  -0.210619  -0.127025   0.093048  -0.006034   0.073404  -0.039441  -0.012490   0.000974  -0.009340 
  0.019738   0.240032   0.226547  -0.198759  -0.113961   0.092705   0.009073   0.011453  -0.008964   0.011860   0.013064  -0.000343 
  0.026962   0.217948   0.231657  -0.198186  -0.130004   0.082048   0.007224  -0.022084   0.005110   0.000573  -0.016043  -0.010657 
  0.019555   0.221044   0.250085  -0.170283  -0.127999   0.079355  -0.007407   0.003096   0.018428   0.027903   0.002005  -0.002693 
  0.014871   0.176668   0.316144  -0.196868  -0.136364   0.080902  -0.004684  -0.044376   0.066059  -0.026585  -0.008365   0.001547 
  0.023200   0.241205   0.301227  -0.184149  -0.141922   0.076604   0.008329   0.064537  -0.014917   0.012719  -0.005558  -0.004298 
  0.026208   0.259943   0.266756  -0.165871  -0.130634   0.075745   0.003008   0.018738  -0.034471   0.018278   0.011288  -0.000859 
  0.030009   0.227897   0.283595  -0.220761  -0.125134   0.076776   0.003801  -0.032046   0.016839  -0.054890   0.005500   0.001031 
  0.021089   0.159037   0.326481  -0.211364  -0.129832   0.077464  -0.008920  -0.068860   0.042886   0.009397  -0.004698   0.000688 
  0.020830   0.176239   0.323486  -0.209473  -0.134817   0.079813  -0.000259   0.017202  -0.002995   0.001891  -0.004985   0.002349 
  0.026270   0.245268   0.283758  -0.196467  -0.130291   0.079985   0.005440   0.069029  -0.039728   0.013006   0.004526   0.000172 
  0.024779   0.219489   0.275030  -0.191311  -0.130749   0.083652  -0.001491  -0.025779  -0.008728   0.005156  -0.000458   0.003667 
  0.018868   0.176771   0.322198  -0.193889  -0.147307   0.085027  -0.005911  -0.042718   0.047168  -0.002578  -0.016558   0.001375 
  0.019805   0.178000   0.345388  -0.209531  -0.143984   0.080787   0.000937   0.001229   0.023190  -0.015642   0.003323  -0.004240 
  0.027278   0.248515   0.303994  -0.200764  -0.135848   0.080214   0.007473   0.070515  -0.041394   0.008767   0.008136  -0.000573 
  0.027050   0.221569   0.277197  -0.193889  -0.115623   0.076375  -0.000228  -0.026946  -0.026797   0.006875   0.020225  -0.003839 
  0.027897   0.149863   0.350268  -0.220933  -0.143984   0.081188   0.000847  -0.071706   0.073071  -0.027044  -0.028361   0.004813 
  0.027065   0.199231   0.340976  -0.226777  -0.137395   0.093507  -0.000832   0.049368  -0.009292  -0.005844   0.006589   0.012319 
  0.030406   0.227851   0.318901  -0.201738  -0.129030   0.088293   0.003341   0.028620  -0.022075   0.025039   0.008365  -0.005214 
  0.031814   0.207000   0.312317  -0.188732  -0.128400   0.093621   0.001408  -0.020851  -0.006584   0.013006   0.000630   0.005328 
  0.028946   0.126487   0.348933  -0.194691  -0.138140   0.093793  -0.002868  -0.080513   0.036616  -0.005959  -0.009740   0.000172 
  0.029123   0.173351   0.334640  -0.200822  -0.153324   0.097632   0.000177   0.046864  -0.014293  -0.006131  -0.015184   0.003839 
  0.032925   0.247729   0.334701  -0.211479  -0.145646   0.100497   0.003802   0.074378   0.000061  -0.010657   0.007678   0.002865 
  0.034801   0.236768   0.308159  -0.205233  -0.128457   0.097517   0.001876  -0.010961  -0.026542   0.006246   0.017189  -0.002980 
  0.032528   0.275715   0.254337  -0.118029  -0.144672   0.072193  -0.002273   0.038947  -0.053822   0.087204  -0.016215  -0.025324 
  0.029482   0.303215   0.282930  -0.188790  -0.117055   0.071161  -0.003046   0.027500   0.028593  -0.070761   0.027617  -0.001032 
  0.027777   0.213599   0.298474  -0.209187  -0.124733   0.090757  -0.001705  -0.089616   0.015544  -0.020397  -0.007678   0.019596 
  0.020794   0.183564   0.335000  -0.225975  -0.138598   0.076375  -0.006983  -0.030035   0.036526  -0.016788  -0.013865  -0.014382 
  0.024339   0.230075   0.322306  -0.223969  -0.135046   0.082105   0.003545   0.046511  -0.012694   0.002006   0.003552   0.005730 
  0.034007   0.258371   0.314409  -0.248664  -0.137109   0.080329   0.009668   0.028296  -0.007897  -0.024695  -0.002063  -0.001776 
  0.034822   0.231027   0.278257  -0.179107  -0.138713   0.081532   0.000815  -0.027344  -0.036152   0.069557  -0.001604   0.001203 
  0.033676   0.200242   0.351956  -0.228954  -0.140203   0.090814  -0.001146  -0.030785   0.073699  -0.049847  -0.001490   0.009282 
  0.031349   0.191200   0.333566  -0.204145  -0.135906   0.085886  -0.002327  -0.009042  -0.018390   0.024809   0.004297  -0.004928 
  0.034522   0.253300   0.311979  -0.211593  -0.134530   0.085027   0.003173   0.062100  -0.021587  -0.007448   0.001376  -0.000859 
  0.029661   0.214296   0.326428  -0.197269  -0.137453   0.084053  -0.004861  -0.039004   0.014449   0.014324  -0.002923  -0.000974 
  0.027612   0.160554   0.335392  -0.192858  -0.153896   0.079584  -0.002049  -0.053742   0.008964   0.004411  -0.016443  -0.004469 
  0.027695   0.237958   0.270789  -0.185065  -0.151605   0.100554   0.000083   0.077404  -0.064603   0.007793   0.002291   0.020970 
  0.032190   0.261713   0.270620  -0.168793  -0.140317   0.088236   0.004495   0.023755  -0.000169   0.016272   0.011288  -0.012318 
  0.028066   0.211996   0.324926  -0.186784  -0.149427   0.080157  -0.004124  -0.049717   0.054306  -0.017991  -0.009110  -0.008079 
  0.030148   0.165962   0.361621  -0.222594  -0.150172   0.075115   0.002082  -0.046034   0.036695  -0.035810  -0.000745  -0.005042 
  0.033663   0.250505   0.285739  -0.212567  -0.147193   0.062281   0.003515   0.084543  -0.075882   0.010027   0.002979  -0.012834 
  0.034145   0.228312   0.276663  -0.190222  -0.123702   0.078094   0.000482  -0.022193  -0.009076   0.022345   0.023491   0.015813 
  0.034209   0.157419   0.356296  -0.229756  -0.158709   0.081016   0.000064  -0.070893   0.079633  -0.039534  -0.035007   0.002922 
  0.032814   0.213048   0.321983  -0.219328  -0.141406   0.082277  -0.001395   0.055629  -0.034313   0.010428   0.017303   0.001261 
  0.036502   0.230727   0.288197  -0.212395  -0.138598   0.092647   0.003688   0.017679  -0.033786   0.006933   0.002808   0.010370 
  0.031905   0.209092   0.314293  -0.234512  -0.143297   0.081646  -0.004597  -0.021635   0.026096  -0.022117  -0.004699  -0.011001 
  0.029869   0.144012   0.333678  -0.223167  -0.154469   0.084110  -0.002036  -0.065080   0.019385   0.011345  -0.011172   0.002464 
  0.030331   0.237412   0.304267  -0.233709  -0.140489   0.083193   0.000462   0.093400  -0.029411  -0.010542   0.013980  -0.000917 
  0.039188   0.216055   0.267434  -0.213771  -0.124389   0.070531   0.008857  -0.021357  -0.036833   0.019938   0.016100  -0.012662 
  0.029867   0.176567   0.329425  -0.227120  -0.133442   0.078037  -0.009321  -0.039488   0.061991  -0.013349  -0.009053   0.007506 
  0.034636   0.158195   0.348350  -0.245226  -0.146391   0.079469   0.004769  -0.018372   0.018925  -0.018106  -0.012949   0.001432 
  0.037868   0.234952   0.278754  -0.222766  -0.127483   0.077177   0.003232   0.076757  -0.069596   0.022460   0.018908  -0.002292 
  0.038120   0.220150   0.262377  -0.178247  -0.127827   0.078667   0.000252  -0.014802  -0.016377   0.044519  -0.000344   0.001490 
  0.032276   0.163404   0.337498  -0.210046  -0.157048   0.087949  -0.005844  -0.056746   0.075121  -0.031799  -0.029221   0.009282 
  0.035861   0.231016   0.279331  -0.197613  -0.131838   0.080271   0.003585   0.067612  -0.058167   0.012433   0.025210  -0.007678 
  0.040043   0.253470   0.235789  -0.161116  -0.134015   0.080615   0.004182   0.022454  -0.043542   0.036497  -0.002177   0.000344 
  0.033290   0.180577   0.304715  -0.190795  -0.150230   0.082563  -0.006753  -0.072893   0.068926  -0.029679  -0.016215   0.001948 
  0.028873   0.217513   0.292407  -0.181914  -0.158824   0.081589  -0.004417   0.036936  -0.012308   0.008881  -0.008594  -0.000974 
  0.023339   0.257521   0.276929  -0.171945  -0.133385   0.087720  -0.005534   0.040008  -0.015478   0.009969   0.025439   0.006131 
  0.032164   0.236331   0.282915  -0.185753  -0.139171   0.086001   0.008825  -0.021190   0.005986  -0.013808  -0.005786  -0.001719 
  0.024561   0.181572   0.329270  -0.172059  -0.168335   0.089954  -0.007603  -0.054759   0.046355   0.013694  -0.029164   0.003953 
  0.029296   0.220346   0.316905  -0.177388  -0.160084   0.089954   0.004735   0.038774  -0.012365  -0.005329   0.008251   0.000000 
  0.038529   0.280776   0.268223  -0.158251  -0.143984   0.078553   0.009233   0.060430  -0.048682   0.019137   0.016100  -0.011401 
  0.036352   0.222418   0.298145  -0.180768  -0.145589   0.080615  -0.002177  -0.058358   0.029922  -0.022517  -0.001605   0.002062 
  0.028966   0.166230   0.330079  -0.185123  -0.159110   0.083709  -0.007386  -0.056188   0.031934  -0.004355  -0.013521   0.003094 
  0.035956   0.250020   0.252973  -0.156933  -0.150230   0.074599   0.006990   0.083790  -0.077106   0.028190   0.008880  -0.009110 
  0.039476   0.237256   0.263002  -0.146906  -0.145703   0.070359   0.003520  -0.012764   0.010029   0.010027   0.004527  -0.004240 
  0.031818   0.175479   0.342992  -0.185065  -0.155558   0.092934  -0.007658  -0.061777   0.079990  -0.038159  -0.009855   0.022575 
  0.036878   0.219400   0.305186  -0.174351  -0.152922   0.090012   0.005060   0.043921  -0.037806   0.010714   0.002636  -0.002922 
  0.038313   0.213707   0.293257  -0.202140  -0.134989   0.078896   0.001435  -0.005693  -0.011929  -0.027789   0.017933  -0.011116 
  0.034477   0.191733   0.309086  -0.185123  -0.149828   0.078037  -0.003836  -0.021974   0.015829   0.017017  -0.014839  -0.000859 
  0.030573   0.131658   0.371130  -0.211135  -0.156761   0.083022  -0.003904  -0.060075   0.062044  -0.026012  -0.006933   0.004985 
  0.031474   0.194236   0.362526  -0.227751  -0.157105   0.088407   0.000901   0.062578  -0.008604  -0.016616  -0.000344   0.005385 
  0.033642   0.239984   0.323807  -0.209645  -0.155329   0.076604   0.002168   0.045748  -0.038719   0.018106   0.001776  -0.011803 
  0.039161   0.214921   0.299239  -0.207697  -0.146563   0.070818   0.005519  -0.025063  -0.024568   0.001948   0.008766  -0.005786 
  0.029984   0.164269   0.299211  -0.207697  -0.136192   0.077407  -0.009177  -0.050652  -0.000028   0.000000   0.010371   0.006589 
  0.029685   0.145091   0.308156  -0.197441  -0.154641   0.074943  -0.000299  -0.019178   0.008945   0.010256  -0.018449  -0.002464 
  0.043161   0.213945   0.261410  -0.172460  -0.151261   0.081990   0.013476   0.068854  -0.046746   0.024981   0.003380   0.007047 
  0.043698   0.219948   0.175847  -0.107143  -0.130462   0.080730   0.000537   0.006003  -0.085563   0.065317   0.020799  -0.001260 
  0.040004   0.181794   0.030239   0.084740  -0.103476   0.102789  -0.003694  -0.038154  -0.145608   0.191883   0.026986   0.022059 
  0.040134   0.189823   0.077320   0.072651  -0.137567   0.091731   0.000130   0.008029   0.047081  -0.012089  -0.034091  -0.011058 
  0.018493   0.171905   0.185495   0.056207  -0.159511   0.102388  -0.021641  -0.017918   0.108175  -0.016444  -0.021944   0.010657 
  0.018877   0.216339   0.230333  -0.000057  -0.185696   0.122498   0.000384   0.044434   0.044838  -0.056264  -0.026185   0.020110 
  0.026294   0.261140   0.239930  -0.054259  -0.185180   0.109091   0.007417   0.044801   0.009597  -0.054202   0.000516  -0.013407 
  0.029013   0.237432   0.233843  -0.074255  -0.181628   0.106857   0.002719  -0.023708  -0.006087  -0.019996   0.003552  -0.002234 
  0.030602   0.186112   0.284276  -0.095111  -0.195550   0.120722   0.001589  -0.051320   0.050433  -0.020856  -0.013922   0.013865 
  0.031944   0.192995   0.274333  -0.106169  -0.202025   0.127712   0.001342   0.006883  -0.009943  -0.011058  -0.006475   0.006990 
  0.038966   0.268630   0.252808  -0.082792  -0.182258   0.113446   0.007022   0.075635  -0.021525   0.023377   0.019767  -0.014266 
  0.044411   0.244209   0.264609  -0.094939  -0.188503   0.110122   0.005445  -0.024421   0.011801  -0.012147  -0.006245  -0.003324 
  0.039704   0.158048   0.313910  -0.110810  -0.207697   0.114305  -0.004707  -0.086161   0.049301  -0.015871  -0.019194   0.004183 
  0.038617   0.223914   0.307743  -0.114935  -0.196123   0.122326  -0.001087   0.065866  -0.006167  -0.004125   0.011574   0.008021 
  0.040345   0.263267   0.246118  -0.113961  -0.169080   0.119061   0.001728   0.039353  -0.061625   0.000974   0.027043  -0.003265 
  0.037842   0.226823   0.261738  -0.117686  -0.180768   0.117972  -0.002503  -0.036444   0.015620  -0.003725  -0.011688  -0.001089 
  0.032668   0.162705   0.319444  -0.139687  -0.198415   0.119920  -0.005174  -0.064118   0.057706  -0.022001  -0.017647   0.001948 
  0.037565   0.215704   0.321092  -0.144615  -0.193774   0.113331   0.004897   0.052999   0.001648  -0.004928   0.004641  -0.006589 
  0.035540   0.255608   0.314784  -0.132812  -0.198473   0.121639  -0.002025   0.039904  -0.006308   0.011803  -0.004699   0.008308 
  0.038491   0.227269   0.256415  -0.134416  -0.168908   0.110638   0.002951  -0.028339  -0.058369  -0.001604   0.029565  -0.011001 
  0.039400   0.201218   0.297721  -0.133614  -0.182602   0.112472   0.000909  -0.026051   0.041306   0.000802  -0.013694   0.001834 
  0.042430   0.170187   0.329057  -0.154527  -0.188446   0.111841   0.003030  -0.031031   0.031336  -0.020913  -0.005844  -0.000631 
  0.040739   0.241178   0.323028  -0.150974  -0.189420   0.107200  -0.001691   0.070991  -0.006029   0.003553  -0.000974  -0.004641 
  0.036520   0.247268   0.297632  -0.138255  -0.177445   0.112586  -0.004219   0.006090  -0.025396   0.012719   0.011975   0.005386 
  0.038813   0.227052   0.269567  -0.141406  -0.161517   0.111899   0.002293  -0.020216  -0.028065  -0.003151   0.015928  -0.000687 
  0.036128   0.176076   0.323594  -0.154527  -0.178648   0.119003  -0.002685  -0.050976   0.054027  -0.013121  -0.017131   0.007104 
  0.039645   0.208465   0.329514  -0.157621  -0.189764   0.114649   0.003517   0.032389   0.005920  -0.003094  -0.011116  -0.004354 
  0.039210   0.244886   0.283245  -0.156360  -0.177846   0.103648  -0.000435   0.036421  -0.046269   0.001261   0.011918  -0.011001 
  0.044038   0.232233   0.274088  -0.133098  -0.167017   0.108747   0.004828  -0.012653  -0.009157   0.023262   0.010829   0.005099 
  0.037327   0.190629   0.302443  -0.144271  -0.168163   0.109607  -0.006711  -0.041604   0.028355  -0.011173  -0.001146   0.000860 
  0.038331   0.152057   0.338760  -0.158079  -0.191712   0.113961   0.001004  -0.038572   0.036317  -0.013808  -0.023549   0.004354 
  0.040863   0.235210   0.313318  -0.139916  -0.181914   0.105711   0.002532   0.083153  -0.025442   0.018163   0.009798  -0.008250 
  0.038855   0.235713   0.287142  -0.131150  -0.186039   0.106054  -0.002008   0.000503  -0.026176   0.008766  -0.004125   0.000343 
  0.046221   0.220964   0.287241  -0.124217  -0.172689   0.106341   0.007366  -0.014749   0.000099   0.006933   0.013350   0.000287 
  0.036276   0.157844   0.342711  -0.154068  -0.185638   0.106054  -0.009945  -0.063120   0.055470  -0.029851  -0.012949  -0.000287 
  0.045320   0.227004   0.316381  -0.151089  -0.185982   0.102846   0.009044   0.069160  -0.026330   0.002979  -0.000344  -0.003208 
  0.052320   0.259795   0.278770  -0.114993  -0.182086   0.098434   0.007000   0.032791  -0.037611   0.036096   0.003896  -0.004412 
  0.047697   0.226249   0.286396  -0.144958  -0.174122   0.111956  -0.004623  -0.033546   0.007626  -0.029965   0.007964   0.013522 
  0.043222   0.183944   0.324355  -0.128629  -0.186842   0.114133  -0.004475  -0.042305   0.037959   0.016329  -0.012720   0.002177 
  0.039761   0.182336   0.325951  -0.132124  -0.192743   0.111498  -0.003461  -0.001608   0.001596  -0.003495  -0.005901  -0.002635 
  0.042600   0.266773   0.290393  -0.129431  -0.179622   0.102559   0.002839   0.084437  -0.035558   0.002693   0.013121  -0.008939 
  0.040899   0.245950   0.274252  -0.122498  -0.184149   0.104851  -0.001701  -0.020823  -0.016141   0.006933  -0.004527   0.002292 
  0.039638   0.163939   0.322289  -0.141922  -0.202426   0.111841  -0.001261  -0.082011   0.048037  -0.019424  -0.018277   0.006990 
  0.039229   0.234304   0.291707  -0.131551  -0.196123   0.105482  -0.000409   0.070365  -0.030582   0.010371   0.006303  -0.006359 
  0.042442   0.260578   0.269527  -0.110695  -0.187930   0.110466   0.003213   0.026274  -0.022180   0.020856   0.008193   0.004984 
  0.043919   0.248356   0.269496  -0.110466  -0.195837   0.112128   0.001477  -0.012222  -0.000031   0.000229  -0.007907   0.001662 
  0.042035   0.185337   0.351990  -0.132640  -0.202140   0.109721  -0.001884  -0.063019   0.082494  -0.022174  -0.006303  -0.002407 
  0.040788   0.207027   0.352051  -0.144271  -0.203114   0.111498  -0.001247   0.021690   0.000061  -0.011631  -0.000974   0.001777 
  0.037510   0.252252   0.320460  -0.154355  -0.180195   0.105940  -0.003278   0.045225  -0.031591  -0.010084   0.022919  -0.005558 
  0.043269   0.244139   0.297191  -0.125535  -0.188503   0.102617   0.005759  -0.008113  -0.023269   0.028820  -0.008308  -0.003323 
  0.038268   0.202110   0.377361  -0.167934  -0.194061   0.114420  -0.005001  -0.042029   0.080170  -0.042399  -0.005558   0.011803 
  0.037185   0.174476   0.379573  -0.146047  -0.220302   0.121467  -0.001083  -0.027634   0.002212   0.021887  -0.026241   0.007047 
  0.033915   0.264378   0.358676  -0.096887  -0.225860   0.110524  -0.003270   0.089902  -0.020897   0.049160  -0.005558  -0.010943 
  0.037572   0.262043   0.321229  -0.076776  -0.206265   0.099981   0.003657  -0.002335  -0.037447   0.020111   0.019595  -0.010543 
  0.026150   0.231594   0.314440  -0.068583  -0.213771   0.109721  -0.011422  -0.030449  -0.006789   0.008193  -0.007506   0.009740 
  0.025886   0.207865   0.335583  -0.087261  -0.228839   0.111899  -0.000264  -0.023729   0.021143  -0.018678  -0.015068   0.002178 
  0.034341   0.275245   0.310863  -0.083938  -0.225459   0.111669   0.008455   0.067380  -0.024720   0.003323   0.003380  -0.000230 
  0.040408   0.247128   0.328423  -0.130520  -0.209531   0.118602   0.006067  -0.028117   0.017560  -0.046582   0.015928   0.006933 
  0.034430   0.230385   0.345998  -0.083537  -0.235715   0.112242  -0.005978  -0.016743   0.017575   0.046983  -0.026184  -0.006360 
  0.037097   0.195791   0.353779  -0.117227  -0.231876   0.113102   0.002667  -0.034594   0.007781  -0.033690   0.003839   0.000860 
  0.036384   0.281018   0.279549  -0.084110  -0.210218   0.111498  -0.000713   0.085227  -0.074230   0.033117   0.021658  -0.001604 
  0.042264   0.264480   0.279482  -0.062051  -0.210276   0.106054   0.005880  -0.016538  -0.000067   0.022059  -0.000058  -0.005444 
  0.034760   0.211027   0.334530  -0.097059  -0.226433   0.107200  -0.007504  -0.053453   0.055048  -0.035008  -0.016157   0.001146 
  0.033910   0.263692   0.321190  -0.094595  -0.225058   0.114592  -0.000850   0.052665  -0.013340   0.002464   0.001375   0.007392 
