  0.000000   0.000000   0.000000   0.000000   0.000000   0.000000   0.000000   0.000000   0.000000   0.000000   0.000000   0.000000 
  0.000000  -0.041522   0.014934  -0.007735   0.000000   0.000000   0.000000  -0.041522   0.014934  -0.007735   0.000000   0.000000 
  0.000000   0.137469   0.021070  -0.030997   0.000000   0.000000   0.000000   0.178991   0.006136  -0.023262   0.000000   0.000000 
  0.000000   0.220206   0.029406  -0.047269   0.000000   0.000000   0.000000   0.082737   0.008336  -0.016272   0.000000   0.000000 
  0.000000   0.182203   0.059500  -0.076604   0.000000   0.000000   0.000000  -0.038003   0.030094  -0.029335   0.000000   0.000000 
 -0.000003   0.111493   0.121679  -0.102101   0.000000   0.000000  -0.000003  -0.070710   0.062179  -0.025497   0.000000   0.000000 
  0.000000   0.145979   0.114306  -0.094767   0.000000   0.000000   0.000003   0.034486  -0.007373   0.007334   0.000000   0.000000 
  0.014486   0.263623   0.080456  -0.080329  -0.003610  -0.026528   0.014486   0.117644  -0.033850   0.014438  -0.003610  -0.026528 
  0.012261   0.205159   0.070531  -0.073224  -0.008480  -0.026528  -0.002225  -0.058464  -0.009925   0.007105  -0.004870   0.000000 
  0.001505   0.103859   0.153057  -0.077349   0.000000  -0.002177  -0.010756  -0.101300   0.082526  -0.004125   0.008480   0.024351 
  0.010702   0.136540   0.145344  -0.086918  -0.028533  -0.022861   0.009197   0.032681  -0.007713  -0.009569  -0.028533  -0.020684 
  0.016533   0.269724   0.103506  -0.083996  -0.028533  -0.030424   0.005831   0.133184  -0.041838   0.002922   0.000000  -0.007563 
  0.019739   0.202341   0.071011  -0.117227  -0.028533  -0.031971   0.003206  -0.067383  -0.032495  -0.033231   0.000000  -0.001547 
  0.017639   0.115325   0.145563  -0.128801  -0.042112  -0.029737  -0.002100  -0.087016   0.074552  -0.011574  -0.013579   0.002234 
  0.017227   0.125887   0.155413  -0.131723  -0.059530  -0.026528  -0.000412   0.010562   0.009850  -0.002922  -0.017418   0.003209 
  0.025127   0.217444   0.130224  -0.132468  -0.065145  -0.045665   0.007900   0.091557  -0.025189  -0.000745  -0.005615  -0.019137 
  0.038556   0.206344  -0.086762  -0.116196  -0.066291  -0.051853   0.013429  -0.011100  -0.216986   0.016272  -0.001146  -0.006188 
  0.036080   0.195444  -0.108986  -0.121811  -0.048988  -0.051853  -0.002476  -0.010900  -0.022224  -0.005615   0.017303   0.000000 
  0.018193   0.057644  -0.006008  -0.095168  -0.010600  -0.034034  -0.017887  -0.137800   0.102978   0.026643   0.038388   0.017819 
  0.027402   0.157241  -0.008312  -0.105367  -0.038789  -0.033060   0.009209   0.099597  -0.002304  -0.010199  -0.028189   0.000974 
  0.033781   0.191599  -0.015169  -0.112414  -0.047613  -0.034263   0.006379   0.034358  -0.006857  -0.007047  -0.008824  -0.001203 
  0.023630   0.065159   0.055978  -0.122212  -0.047555  -0.037586  -0.010151  -0.126440   0.071147  -0.009798   0.000058  -0.003323 
  0.023754   0.061533   0.059628  -0.133499  -0.044232  -0.034377   0.000124  -0.003626   0.003650  -0.011287   0.003323   0.003209 
  0.035318   0.256813   0.045815  -0.143755  -0.062796  -0.063197   0.011564   0.195280  -0.013813  -0.010256  -0.018564  -0.028820 
  0.031459   0.199653   0.003450  -0.161001  -0.071505  -0.054775  -0.003859  -0.057160  -0.042365  -0.017246  -0.008709   0.008422 
  0.034899   0.134096   0.019924  -0.198587  -0.071448  -0.053400   0.003440  -0.065557   0.016474  -0.037586   0.000057   0.001375 
  0.034999   0.078577   0.061455  -0.191081  -0.065661  -0.053858   0.000100  -0.055519   0.041531   0.007506   0.005787  -0.000458 
  0.033383   0.171384   0.043181  -0.208786  -0.066291  -0.063197  -0.001616   0.092807  -0.018274  -0.017705  -0.000630  -0.009339 
  0.033184   0.157957   0.024389  -0.200249  -0.054374  -0.063197  -0.000199  -0.013427  -0.018792   0.008537   0.011917   0.000000 
  0.025495   0.059803   0.134124  -0.173262  -0.071505  -0.051566  -0.007689  -0.098154   0.109735   0.026987  -0.017131   0.011631 
  0.033026   0.085234   0.097746  -0.202254  -0.071448  -0.063197   0.007531   0.025431  -0.036378  -0.028992   0.000057  -0.011631 
  0.038294   0.206763   0.065717  -0.214286  -0.066635  -0.063197   0.005268   0.121529  -0.032029  -0.012032   0.004813   0.000000 
  0.036001   0.159449   0.041715  -0.236517  -0.071505  -0.063197  -0.002293  -0.047314  -0.024002  -0.022231  -0.004870   0.000000 
  0.032375   0.112357   0.080082  -0.223855  -0.071448  -0.063197  -0.003626  -0.047092   0.038367   0.012662   0.000057   0.000000 
  0.032449   0.088066   0.077931  -0.237434  -0.071448  -0.053400   0.000074  -0.024291  -0.002151  -0.013579   0.000000   0.009797 
  0.036211   0.184674   0.018740  -0.240986  -0.074141  -0.057582   0.003762   0.096608  -0.059191  -0.003552  -0.002693  -0.004182 
  0.036624   0.146989   0.029329  -0.243049  -0.072651  -0.059989   0.000413  -0.037685   0.010589  -0.002063   0.001490  -0.002407 
  0.037246   0.023303   0.083975  -0.256227  -0.084798  -0.056780   0.000622  -0.123686   0.054646  -0.013178  -0.012147   0.003209 
  0.037493   0.116033   0.052850  -0.250612  -0.073224  -0.055520   0.000247   0.092730  -0.031125   0.005615   0.011574   0.001260 
  0.045760   0.209491   0.006692  -0.246830  -0.077521  -0.058556   0.008267   0.093458  -0.046158   0.003782  -0.004297  -0.003036 
  0.039651   0.128201   0.025386  -0.239038  -0.086001  -0.060218  -0.006109  -0.081290   0.018694   0.007792  -0.008480  -0.001662 
  0.036141   0.005486   0.057552  -0.262185  -0.080329  -0.059358  -0.003510  -0.122715   0.032166  -0.023147   0.005672   0.000860 
  0.038784   0.107670   0.031468  -0.274332  -0.074656  -0.056837   0.002643   0.102184  -0.026084  -0.012147   0.005673   0.002521 
  0.049222   0.229510  -0.116791  -0.300803  -0.095054  -0.063140   0.010438   0.121840  -0.148259  -0.026471  -0.020398  -0.006303 
  0.066898   0.199438  -0.466412  -0.332144  -0.133671  -0.045722   0.017676  -0.030072  -0.349621  -0.031341  -0.038617   0.017418 
  0.069462   0.111249  -0.401000  -0.331055  -0.140260  -0.059301   0.002564  -0.088189   0.065412   0.001089  -0.006589  -0.013579 
  0.063104   0.023739  -0.374424  -0.277082  -0.086918  -0.049389  -0.006358  -0.087510   0.026576   0.053973   0.053342   0.009912 
  0.060796   0.134480  -0.242981  -0.257029  -0.095512  -0.049160  -0.002308   0.110741   0.131443   0.020053  -0.008594   0.000229 
  0.050079   0.018879  -0.015807  -0.234454  -0.073510  -0.039935  -0.010717  -0.115601   0.227174   0.022575   0.022002   0.009225 
  0.058355   0.124749  -0.001342  -0.286422  -0.073740  -0.039935   0.008276   0.105870   0.014465  -0.051968  -0.000230   0.000000 
  0.012648   0.200243  -0.102711  -0.109206   0.017475  -0.017819  -0.045707   0.075494  -0.101369   0.177216   0.091215   0.022116 
  0.009325   0.115065  -0.034893  -0.182831   0.007964  -0.023663  -0.003323  -0.085178   0.067818  -0.073625  -0.009511  -0.005844 
  0.025918   0.117409   0.016609  -0.274733  -0.035294  -0.055061   0.016593   0.002344   0.051502  -0.091902  -0.043258  -0.031398 
  0.026129   0.086581   0.063913  -0.239955  -0.029393  -0.046467   0.000211  -0.030828   0.047304   0.034778   0.005901   0.008594 
  0.019487   0.021653   0.264462  -0.253477  -0.043430  -0.039305  -0.006642  -0.064928   0.200549  -0.013522  -0.014037   0.007162 
  0.027108   0.066472   0.230125  -0.275879  -0.057525  -0.054947   0.007621   0.044819  -0.034337  -0.022402  -0.014095  -0.015642 
  0.032200   0.227273   0.185889  -0.256972  -0.060275  -0.063140   0.005092   0.160801  -0.044236   0.018907  -0.002750  -0.008193 
  0.029687   0.166138   0.154819  -0.268373  -0.048701  -0.058270  -0.002513  -0.061135  -0.031070  -0.011401   0.011574   0.004870 
  0.026540   0.098996   0.156434  -0.262930  -0.042800  -0.057410  -0.003147  -0.067142   0.001615   0.005443   0.005901   0.000860 
  0.026390   0.065908   0.154968  -0.270551  -0.053801  -0.051051  -0.000150  -0.033088  -0.001466  -0.007621  -0.011001   0.006359 
  0.041279   0.136919   0.080091  -0.302923  -0.081417  -0.063197   0.014889   0.071011  -0.074877  -0.032372  -0.027616  -0.012146 
  0.036601   0.141776   0.064758  -0.304355  -0.093736  -0.063140  -0.004678   0.004857  -0.015333  -0.001432  -0.012319   0.000057 
  0.042119   0.106418  -0.006696  -0.272155  -0.081532  -0.054374   0.005518  -0.035358  -0.071454   0.032200   0.012204   0.008766 
  0.042150   0.095489  -0.031014  -0.290490  -0.090241  -0.063197   0.000031  -0.010929  -0.024318  -0.018335  -0.008709  -0.008823 
  0.026121   0.079925   0.179825  -0.310772  -0.073854  -0.044576  -0.016029  -0.015564   0.210839  -0.020282   0.016387   0.018621 
  0.026039   0.111379   0.274035  -0.332946  -0.070932  -0.058041  -0.000082   0.031454   0.094210  -0.022174   0.002922  -0.013465 
  0.030242   0.104598   0.205101  -0.324982  -0.081646  -0.056494   0.004203  -0.006781  -0.068934   0.007964  -0.010714   0.001547 
  0.026009   0.091125   0.123012  -0.300631  -0.076662  -0.049561  -0.004233  -0.013473  -0.082089   0.024351   0.004984   0.006933 
  0.034874   0.113406   0.083412  -0.302579  -0.079870  -0.068984   0.008865   0.022281  -0.039600  -0.001948  -0.003208  -0.019423 
  0.043053   0.165199   0.054285  -0.313809  -0.079928  -0.065031   0.008179   0.051793  -0.029127  -0.011230  -0.000058   0.003953 
  0.037345   0.099977   0.054226  -0.292380  -0.085313  -0.060390  -0.005708  -0.065222  -0.000059   0.021429  -0.005385   0.004641 
  0.035574  -0.007324   0.104458  -0.279718  -0.073912  -0.064687  -0.001771  -0.107301   0.050232   0.012662   0.011401  -0.004297 
  0.029505   0.040244   0.124547  -0.314325  -0.073339  -0.063541  -0.006069   0.047568   0.020089  -0.034607   0.000573   0.001146 
  0.046371   0.158160   0.045922  -0.294787  -0.070818  -0.065031   0.016866   0.117916  -0.078625   0.019538   0.002521  -0.001490 
  0.061077   0.208952  -0.319335  -0.311460  -0.063312  -0.078323   0.014706   0.050792  -0.365257  -0.016673   0.007506  -0.013292 
  0.034979   0.032619   0.082000  -0.275192  -0.043144  -0.064400  -0.026098  -0.176333   0.401335   0.036268   0.020168   0.013923 
  0.022667  -0.051473   0.372736  -0.345379  -0.051967  -0.053228  -0.012312  -0.084092   0.290736  -0.070187  -0.008823   0.011172 
  0.024844   0.030461   0.400084  -0.361250  -0.059989  -0.061708   0.002177   0.081934   0.027348  -0.015871  -0.008022  -0.008480 
  0.034988   0.140541   0.357721  -0.337931  -0.078724  -0.064744   0.010144   0.110080  -0.042363   0.023319  -0.018735  -0.003036 
  0.035280   0.120622   0.346130  -0.323778  -0.078724  -0.065088   0.000292  -0.019919  -0.011591   0.014153   0.000000  -0.000344 
  0.032975   0.106400   0.332833  -0.318106  -0.066578  -0.061077  -0.002305  -0.014222  -0.013297   0.005672   0.012146   0.004011 
  0.022680   0.035017   0.399261  -0.333347  -0.056035  -0.056264  -0.010295  -0.071383   0.066428  -0.015241   0.010543   0.004813 
  0.025929   0.076849   0.376836  -0.337014  -0.062109  -0.057181   0.003249   0.041832  -0.022425  -0.003667  -0.006074  -0.000917 
  0.030932   0.127767   0.369565  -0.342801  -0.059416  -0.062109   0.005003   0.050918  -0.007271  -0.005787   0.002693  -0.004928 
  0.031763   0.098468   0.353878  -0.327675  -0.063713  -0.061593   0.000831  -0.029299  -0.015687   0.015126  -0.004297   0.000516 
  0.022564   0.023940   0.411603  -0.356322  -0.063827  -0.059416  -0.009199  -0.074528   0.057725  -0.028647  -0.000114   0.002177 
  0.025527   0.006712   0.421069  -0.373683  -0.063541  -0.055978   0.002963  -0.017228   0.009466  -0.017361   0.000286   0.003438 
  0.032997   0.156702   0.334527  -0.326070  -0.074828  -0.061937   0.007470   0.149990  -0.086542   0.047613  -0.011287  -0.005959 
  0.036075   0.114043   0.335286  -0.342571  -0.056952  -0.058155   0.003078  -0.042659   0.000759  -0.016501   0.017876   0.003782 
  0.022564  -0.003971   0.542905  -0.400154  -0.063484  -0.057124  -0.013511  -0.118014   0.207619  -0.057583  -0.006532   0.001031 
  0.034990   0.041851   0.282676  -0.401987  -0.059874  -0.057238   0.012426   0.045822  -0.260229  -0.001833   0.003610  -0.000114 
  0.031178   0.189394   0.235287  -0.421067  -0.035122  -0.052999  -0.003812   0.147543  -0.047389  -0.019080   0.024752   0.004239 
  0.025145   0.010104   0.399091  -0.425421  -0.053514  -0.060905  -0.006033  -0.179290   0.163804  -0.004354  -0.018392  -0.007906 
  0.025178   0.075339   0.458771  -0.433557  -0.056207  -0.058843   0.000033   0.065235   0.059680  -0.008136  -0.002693   0.002062 
  0.022334  -0.053682   0.713607  -0.506323  -0.033518  -0.047613  -0.002844  -0.129021   0.254836  -0.072766   0.022689   0.011230 
  0.021747   0.039868   0.674454  -0.501854  -0.028361  -0.043831  -0.000587   0.093550  -0.039153   0.004469   0.005157   0.003782 
  0.026845   0.152884   0.456151  -0.469252  -0.023377  -0.068640   0.005098   0.113016  -0.218303   0.032602   0.004984  -0.024809 
  0.031288   0.106124   0.417695  -0.488217  -0.028877  -0.064687   0.004443  -0.046760  -0.038456  -0.018965  -0.005500   0.003953 
  0.012051  -0.115575   0.737470  -0.524142  -0.012777  -0.037357  -0.019237  -0.221699   0.319775  -0.035925   0.016100   0.027330 
  0.031777  -0.060384   0.921347  -0.564764  -0.082506  -0.068640   0.019726   0.055191   0.183877  -0.040622  -0.069729  -0.031283 
  0.051140   0.107153   0.684870  -0.566483  -0.053686  -0.045206   0.019363   0.167537  -0.236477  -0.001719   0.028820   0.023434 
  0.035604   0.168067   0.415676  -0.450975  -0.061879  -0.051910  -0.015536   0.060914  -0.269194   0.115508  -0.008193  -0.006704 
  0.033572   0.157731   0.221602  -0.346754  -0.051853  -0.051738  -0.002032  -0.010336  -0.194074   0.104221   0.010026   0.000172 
  0.033910   0.117511   0.191624  -0.299370  -0.034836  -0.046811   0.000338  -0.040220  -0.029978   0.047384   0.017017   0.004927 
  0.023313  -0.001205   0.217279  -0.267800  -0.029278  -0.038044  -0.010597  -0.118716   0.025655   0.031570   0.005558   0.008767 
  0.035556   0.087393   0.136521  -0.341082  -0.044232  -0.049733   0.012243   0.088598  -0.080758  -0.073282  -0.014954  -0.011689 
  0.035709   0.189226   0.143238  -0.354088  -0.036497  -0.050077   0.000153   0.101833   0.006717  -0.013006   0.007735  -0.000344 
  0.031546   0.138527   0.163889  -0.347843  -0.038560  -0.048243  -0.004163  -0.050699   0.020651   0.006245  -0.002063   0.001834 
  0.028924   0.059224   0.196818  -0.346468  -0.044232  -0.047498  -0.002622  -0.079303   0.032929   0.001375  -0.005672   0.000745 
  0.028098   0.047880   0.228904  -0.354374  -0.044232  -0.054717  -0.000826  -0.011344   0.032086  -0.007906   0.000000  -0.007219 
  0.035451   0.129714   0.182525  -0.341139  -0.046352  -0.054889   0.007353   0.081834  -0.046379   0.013235  -0.002120  -0.000172 
  0.031208   0.104749   0.192535  -0.339535  -0.057009  -0.053801  -0.004243  -0.024965   0.010010   0.001604  -0.010657   0.001088 
  0.025588   0.012963   0.242535  -0.347785  -0.057124  -0.048759  -0.005620  -0.091786   0.050000  -0.008250  -0.000115   0.005042 
  0.026227  -0.000421   0.276659  -0.377751  -0.047727  -0.045951   0.000639  -0.013384   0.034124  -0.029966   0.009397   0.002808 
  0.037995   0.171555   0.173159  -0.350937  -0.057353  -0.054603   0.011768   0.171976  -0.103500   0.026814  -0.009626  -0.008652 
  0.035415   0.165911   0.173267  -0.346582  -0.051165  -0.058614  -0.002580  -0.005644   0.000108   0.004355   0.006188  -0.004011 
  0.025266   0.054944   0.318469  -0.404852  -0.043717  -0.059759  -0.010149  -0.110967   0.145202  -0.058270   0.007448  -0.001145 
  0.019226   0.006674   0.364352  -0.425192  -0.038675  -0.061020  -0.006040  -0.048270   0.045883  -0.020340   0.005042  -0.001261 
  0.034392   0.178014   0.033185  -0.337644  -0.049618  -0.065604   0.015166   0.171340  -0.331167   0.087548  -0.010943  -0.004584 
 -0.000741   0.141436  -0.059384  -0.316101  -0.049905  -0.076146  -0.035133  -0.036578  -0.092569   0.021543  -0.000287  -0.010542 
 -0.010059   0.093714  -0.212524  -0.279546  -0.021658  -0.074828  -0.009318  -0.047722  -0.153140   0.036555   0.028247   0.001318 
  0.000002  -0.013482  -0.450182  -0.397805  -0.022173  -0.088866   0.010061  -0.107196  -0.237658  -0.118259  -0.000515  -0.014038 
  0.015943   0.064217  -0.312489  -0.263446   0.026471  -0.035982   0.015941   0.077699   0.137693   0.134359   0.048644   0.052884 
  0.023586   0.082961  -0.065309  -0.344462   0.001948  -0.050821   0.007643   0.018744   0.247180  -0.081016  -0.024523  -0.014839 
  0.024225   0.107361  -0.081115  -0.239726  -0.041310  -0.086001   0.000639   0.024400  -0.015806   0.104736  -0.043258  -0.035180 
  0.029233   0.051378  -0.083041  -0.176414  -0.049905  -0.066578   0.005008  -0.055983  -0.001926   0.063312  -0.008595   0.019423 
  0.033423  -0.012209  -0.049243  -0.218813  -0.049675  -0.057697   0.004190  -0.063587   0.033798  -0.042399   0.000230   0.008881 
  0.026419   0.197110  -0.090159  -0.204718  -0.034721  -0.052598  -0.007004   0.209319  -0.040916   0.014095   0.014954   0.005099 
  0.034274   0.148191  -0.215638  -0.236173  -0.046123  -0.066750   0.007855  -0.048919  -0.125479  -0.031455  -0.011402  -0.014152 
  0.027927   0.099502  -0.260724  -0.248033  -0.040279  -0.068067  -0.006347  -0.048689  -0.045086  -0.011860   0.005844  -0.001317 
  0.017929  -0.028685   0.052340  -0.252961  -0.027330  -0.050707  -0.009998  -0.128187   0.313064  -0.004928   0.012949   0.017360 
  0.020496   0.025494   0.149182  -0.288828  -0.039477  -0.054889   0.002567   0.054179   0.096842  -0.035867  -0.012147  -0.004182 
  0.032434   0.158364  -0.043176  -0.300115  -0.039477  -0.077865   0.011938   0.132870  -0.192358  -0.011287   0.000000  -0.022976 
  0.032928   0.124465  -0.011092  -0.349676  -0.028762  -0.077865   0.000494  -0.033899   0.032084  -0.049561   0.010715   0.000000 
  0.027822   0.018717   0.035359  -0.351051  -0.015756  -0.074141  -0.005106  -0.105748   0.046451  -0.001375   0.013006   0.003724 
  0.017985  -0.012789   0.136305  -0.332487  -0.017819  -0.054431  -0.009837  -0.031506   0.100946   0.018564  -0.002063   0.019710 
  0.018010  -0.016791   0.169441  -0.317648  -0.019939  -0.057353   0.000025  -0.004002   0.033136   0.014839  -0.002120  -0.002922 
  0.030151   0.159621   0.016252  -0.323263  -0.022861  -0.077865   0.012141   0.176412  -0.153189  -0.005615  -0.002922  -0.020512 
  0.027654   0.163553   0.054330  -0.273014  -0.028762  -0.068297  -0.002497   0.003932   0.038078   0.050249  -0.005901   0.009568 
  0.018110   0.047275   0.107707  -0.195894  -0.021486  -0.046925  -0.009544  -0.116278   0.053377   0.077120   0.007276   0.021372 
  0.012653   0.014197   0.134688  -0.238350  -0.013407  -0.052769  -0.005457  -0.033078   0.026981  -0.042456   0.008079  -0.005844 
  0.019760   0.132181   0.109750  -0.253706  -0.017189  -0.054087   0.007107   0.117984  -0.024938  -0.015356  -0.003782  -0.001318 
  0.023706   0.131210   0.103350  -0.255482  -0.039477  -0.053457   0.003946  -0.000971  -0.006400  -0.001776  -0.022288   0.000630 
  0.022633   0.060304   0.114966  -0.250268  -0.024122  -0.047212  -0.001073  -0.070906   0.011616   0.005214   0.015355   0.006245 
  0.022613   0.051049   0.135729  -0.259836  -0.022918  -0.053572  -0.000020  -0.009255   0.020763  -0.009568   0.001204  -0.006360 
  0.022288   0.113901   0.121775  -0.274103  -0.039477  -0.057754  -0.000325   0.062852  -0.013954  -0.014267  -0.016559  -0.004182 
  0.020751   0.078264   0.293553  -0.308767  -0.039477  -0.052884  -0.001537  -0.035637   0.171778  -0.034664   0.000000   0.004870 
  0.014073   0.009968   0.336638  -0.320054  -0.039477  -0.054374  -0.006678  -0.068296   0.043085  -0.011287   0.000000  -0.001490 
  0.022638   0.061950   0.139764  -0.266655  -0.027960  -0.063541   0.008565   0.051982  -0.196874   0.053399   0.011517  -0.009167 
  0.033330   0.144774   0.016817  -0.267457  -0.033461  -0.069557   0.010692   0.082824  -0.122947  -0.000802  -0.005501  -0.006016 
  0.031096   0.133508   0.100263  -0.269978  -0.043430  -0.068583  -0.002234  -0.011266   0.083446  -0.002521  -0.009969   0.000974 
  0.012103  -0.028094   0.375369  -0.352656  -0.028476  -0.051509  -0.018993  -0.161602   0.275106  -0.082678   0.014954   0.017074 
  0.012272   0.019260   0.295280  -0.339821  -0.020397  -0.051681   0.000169   0.047354  -0.080089   0.012835   0.008079  -0.000172 
  0.022207   0.193659   0.146286  -0.309913  -0.041482  -0.056264   0.009935   0.174399  -0.148994   0.029908  -0.021085  -0.004583 
  0.022406   0.197687   0.167938  -0.292266  -0.044347  -0.059416   0.000199   0.004028   0.021652   0.017647  -0.002865  -0.003152 
  0.022296   0.012214   0.164029  -0.287911  -0.062395  -0.061421  -0.000110  -0.185473  -0.003909   0.004355  -0.018048  -0.002005 
  0.015703   0.025806   0.246018  -0.321200  -0.045894  -0.054259  -0.006593   0.013592   0.081989  -0.033289   0.016501   0.007162 
  0.019980   0.114082   0.139466  -0.297652  -0.054030  -0.053228   0.004277   0.088276  -0.106552   0.023548  -0.008136   0.001031 
  0.035237   0.143025  -0.212993  -0.275364  -0.050707  -0.068698   0.015257   0.028943  -0.352459   0.022288   0.003323  -0.015470 
  0.031291   0.004554  -0.196630  -0.274447  -0.040795  -0.069901  -0.003946  -0.138471   0.016363   0.000917   0.009912  -0.001203 
  0.038235   0.056863  -0.224280  -0.287797  -0.053400  -0.073167   0.006944   0.052309  -0.027650  -0.013350  -0.012605  -0.003266 
  0.042298   0.109691  -0.234766  -0.289344  -0.065317  -0.067838   0.004063   0.052828  -0.010486  -0.001547  -0.011917   0.005329 
  0.056037   0.082935  -0.547687  -0.473722  -0.124676  -0.077865   0.013739  -0.026756  -0.312921  -0.184378  -0.059359  -0.010027 
  0.053545  -0.024965  -0.475080  -0.419119  -0.096200  -0.061249  -0.002492  -0.107900   0.072607   0.054603   0.028476   0.016616 
  0.046561   0.012393  -0.372749  -0.347041  -0.067437  -0.066578  -0.006984   0.037358   0.102331   0.072078   0.028763  -0.005329 
  0.038612   0.036389  -0.163553  -0.282583  -0.051681  -0.062338  -0.007949   0.023996   0.209196   0.064458   0.015756   0.004240 
  0.029438  -0.010170  -0.083622  -0.297251  -0.044805  -0.058442  -0.009174  -0.046559   0.079931  -0.014668   0.006876   0.003896 
  0.034573   0.020690  -0.264693  -0.323377  -0.041769  -0.066463   0.005135   0.030860  -0.181071  -0.026126   0.003036  -0.008021 
  0.036906   0.083711  -0.339177  -0.301147  -0.011860  -0.070130   0.002333   0.063021  -0.074484   0.022230   0.029909  -0.003667 
  0.037767   0.100181  -0.457169  -0.392820  -0.022918  -0.069844   0.000861   0.016470  -0.117992  -0.091673  -0.011058   0.000286 
  0.033916   0.000168  -0.410342  -0.369214   0.007563  -0.068067  -0.003851  -0.100013   0.046827   0.023606   0.030481   0.001777 
  0.029409   0.007129  -0.406477  -0.392361   0.003782  -0.052655  -0.004507   0.006961   0.003865  -0.023147  -0.003781   0.015412 
  0.036443   0.087124  -0.390901  -0.350077  -0.031169  -0.056207   0.007034   0.079995   0.015576   0.042284  -0.034951  -0.003552 
  0.028908   0.001646  -0.315391  -0.283671  -0.003667  -0.064973  -0.007535  -0.085478   0.075510   0.066406   0.027502  -0.008766 
  0.024987  -0.086199  -0.327937  -0.287797  -0.018392  -0.056952  -0.003921  -0.087845  -0.012546  -0.004126  -0.014725   0.008021 
  0.041233   0.100052  -0.465457  -0.425421  -0.049102  -0.072422   0.016246   0.186251  -0.137520  -0.137624  -0.030710  -0.015470 
  0.041357   0.119167  -0.376638  -0.360849  -0.047040  -0.068812   0.000124   0.019115   0.088819   0.064572   0.002062   0.003610 
  0.041359   0.047669  -0.380747  -0.274676  -0.044519  -0.057869   0.000002  -0.071498  -0.004109   0.086173   0.002521   0.010943 
  0.048027   0.002313  -0.602333  -0.404623  -0.065661  -0.053858   0.006668  -0.045356  -0.221586  -0.129947  -0.021142   0.004011 
  0.134620   0.074452  -0.668310  -0.494463  -0.096200  -0.038102   0.086593   0.072139  -0.065977  -0.089840  -0.030539   0.015756 
  0.091520   0.051213  -0.560781  -0.549123  -0.151032  -0.062051  -0.043100  -0.023239   0.107529  -0.054660  -0.054832  -0.023949 
  0.107337   0.040362  -0.595584  -0.518298  -0.118889  -0.041883   0.015817  -0.010851  -0.034803   0.030825   0.032143   0.020168 
  0.076400   0.016269  -0.666569  -0.538179  -0.052540  -0.057067  -0.030937  -0.024093  -0.070985  -0.019881   0.066349  -0.015184 
  0.032385  -0.018508  -0.546699  -0.524027  -0.041826  -0.062624  -0.044015  -0.034777   0.119870   0.014152   0.010714  -0.005557 
  0.029473  -0.090462  -0.410180  -0.491254  -0.021772  -0.057582  -0.002912  -0.071954   0.136519   0.032773   0.020054   0.005042 
  0.041455   0.040904  -0.473444  -0.507297  -0.065661  -0.074198   0.011982   0.131366  -0.063264  -0.016043  -0.043889  -0.016616 
  0.047328   0.099195  -0.518783  -0.532736  -0.070187  -0.066692   0.005873   0.058291  -0.045339  -0.025439  -0.004526   0.007506 
  0.041483  -0.003147  -0.435976  -0.511136  -0.070015  -0.074141  -0.005845  -0.102342   0.082807   0.021600   0.000172  -0.007449 
 -0.004920  -0.068705  -0.332052  -0.457163  -0.045206  -0.086746  -0.046403  -0.065558   0.103924   0.053973   0.024809  -0.012605 
 -0.018678   0.109555  -0.422608  -0.494577  -0.030424  -0.102101  -0.013758   0.178260  -0.090556  -0.037414   0.014782  -0.015355 
 -0.026285   0.064348  -0.489951  -0.504146  -0.036612  -0.103476  -0.007607  -0.045207  -0.067343  -0.009569  -0.006188  -0.001375 
 -0.022691   0.035303  -0.470942  -0.498244  -0.050707  -0.085657   0.003594  -0.029045   0.019009   0.005902  -0.014095   0.017819 
 -0.008291  -0.056785  -0.376573  -0.454527  -0.027559  -0.095397   0.014400  -0.092088   0.094369   0.043717   0.023148  -0.009740 
  0.002920   0.055448  -0.420990  -0.474008  -0.046352  -0.089324   0.011211   0.112233  -0.044417  -0.019481  -0.018793   0.006073 
  0.027587   0.091973  -0.477125  -0.506781  -0.065374  -0.091387   0.024667   0.036525  -0.056135  -0.032773  -0.019022  -0.002063 
  0.034209   0.045862  -0.508785  -0.512453  -0.071161  -0.088637   0.006622  -0.046111  -0.031660  -0.005672  -0.005787   0.002750 
  0.030155   0.006914  -0.437287  -0.481342  -0.057754  -0.084740  -0.004054  -0.038948   0.071498   0.031111   0.013407   0.003897 
  0.033967  -0.034562  -0.407690  -0.472175  -0.059416  -0.088637   0.003812  -0.041476   0.029597   0.009167  -0.001662  -0.003897 
  0.038585   0.099741  -0.477045  -0.502942  -0.070932  -0.088579   0.004618   0.134303  -0.069355  -0.030767  -0.011516   0.000058 
  0.043710   0.091136  -0.504107  -0.488790  -0.081704  -0.088637   0.005125  -0.008605  -0.027062   0.014152  -0.010772  -0.000058 
  0.043456   0.039540  -0.477688  -0.477388  -0.076089  -0.088637  -0.000254  -0.051596   0.026419   0.011402   0.005615   0.000000 
  0.041621  -0.015867  -0.326002  -0.390299  -0.042055  -0.088637  -0.001835  -0.055407   0.151686   0.087089   0.034034   0.000000 
  0.039695  -0.042091  -0.270917  -0.357296  -0.055577  -0.088637  -0.001926  -0.026224   0.055085   0.033003  -0.013522   0.000000 
  0.045782   0.109008  -0.272321  -0.346353  -0.054660  -0.088121   0.006087   0.151099  -0.001404   0.010943   0.000917   0.000516 
  0.047588   0.060688  -0.295929  -0.341941  -0.055233  -0.084912   0.001806  -0.048320  -0.023608   0.004412  -0.000573   0.003209 
  0.046357   0.037494  -0.337660  -0.351223  -0.065833  -0.084168  -0.001231  -0.023194  -0.041731  -0.009282  -0.010600   0.000744 
  0.041558  -0.011383  -0.266856  -0.351624  -0.055691  -0.082277  -0.004799  -0.048877   0.070804  -0.000401   0.010142   0.001891 
  0.038883   0.021577  -0.230785  -0.356953  -0.068870  -0.093048  -0.002675   0.032960   0.036071  -0.005329  -0.013179  -0.010771 
  0.040075   0.054364  -0.288246  -0.343603  -0.059702  -0.089152   0.001192   0.032787  -0.057461   0.013350   0.009168   0.003896 
  0.040909   0.056772  -0.263642  -0.336498  -0.057238  -0.084168   0.000834   0.002408   0.024604   0.007105   0.002464   0.004984 
  0.039872  -0.075050  -0.135284  -0.361422  -0.059702  -0.090642  -0.001037  -0.131822   0.128358  -0.024924  -0.002464  -0.006474 
  0.048119   0.047434  -0.213483  -0.363656  -0.073568  -0.104851   0.008247   0.122484  -0.078199  -0.002234  -0.013866  -0.014209 
  0.052197   0.106818  -0.332322  -0.407373  -0.101872  -0.084740   0.004078   0.059384  -0.118839  -0.043717  -0.028304   0.020111 
  0.046641  -0.057376  -0.324403  -0.340452  -0.087548  -0.111211  -0.005556  -0.164194   0.007919   0.066921   0.014324  -0.026471 
  0.056145   0.028988  -0.329058  -0.322289  -0.112414  -0.134932   0.009504   0.086364  -0.004655   0.018163  -0.024866  -0.023721 
  0.050460   0.093572  -0.457343  -0.528210  -0.147823  -0.124389  -0.005685   0.064584  -0.128285  -0.205921  -0.035409   0.010543 
  0.051580   0.040005  -0.556521  -0.575020  -0.157735  -0.095569   0.001120  -0.053567  -0.099178  -0.046810  -0.009912   0.028820 
  0.046178  -0.092242  -0.092970  -0.326529  -0.097002  -0.085714  -0.005402  -0.132247   0.463551   0.248491   0.060733   0.009855 
  0.046318   0.041593  -0.121749  -0.365490  -0.097002  -0.081131   0.000140   0.133835  -0.028779  -0.038961   0.000000   0.004583 
  0.046573   0.096308  -0.142142  -0.379298  -0.087032  -0.083079   0.000255   0.054715  -0.020393  -0.013808   0.009970  -0.001948 
  0.046297   0.027440  -0.144345  -0.381361  -0.097002  -0.082964  -0.000276  -0.068868  -0.002203  -0.002063  -0.009970   0.000115 
  0.060636  -0.054492  -0.168186  -0.335008  -0.141005  -0.099695   0.014339  -0.081932  -0.023841   0.046353  -0.044003  -0.016731 
  0.115388   0.080812  -0.131913  -0.485066  -0.109492  -0.054603   0.054752   0.135304   0.036273  -0.150058   0.031513   0.045092 
  0.141166   0.060778  -0.118585  -0.473435  -0.114248  -0.058384   0.025778  -0.020034   0.013328   0.011631  -0.004756  -0.003781 
  0.141757   0.117210  -0.117572  -0.458882  -0.114305  -0.054603   0.000591   0.056432   0.001013   0.014553  -0.000057   0.003781 
  0.106039   0.025117  -0.115181  -0.440203  -0.106398  -0.058327  -0.035718  -0.092093   0.002391   0.018679   0.007907  -0.003724 
  0.072408   0.002006  -0.080600  -0.476357  -0.092533  -0.071906  -0.033631  -0.023111   0.034581  -0.036154   0.013865  -0.013579 
  0.051821  -0.082723   0.011655  -0.433099  -0.077808  -0.076604  -0.020587  -0.084729   0.092255   0.043258   0.014725  -0.004698 
  0.058273   0.006149  -0.023677  -0.437339  -0.079355  -0.074313   0.006452   0.088872  -0.035332  -0.004240  -0.001547   0.002291 
  0.051968   0.152812   0.071986  -0.442266  -0.077349  -0.070015  -0.006305   0.146663   0.095663  -0.004927   0.002006   0.004298 
  0.071276   0.068515  -0.324985  -0.485467  -0.114248  -0.069041   0.019308  -0.084297  -0.396971  -0.043201  -0.036899   0.000974 
  0.067251   0.023792  -0.442473  -0.538638  -0.103476  -0.075057  -0.004025  -0.044723  -0.117488  -0.053171   0.010772  -0.006016 
  0.065148  -0.002496  -0.379263  -0.507526  -0.081704  -0.077578  -0.002103  -0.026288   0.063210   0.031112   0.021772  -0.002521 
  0.059435   0.015399  -0.228234  -0.459512  -0.068927  -0.074255  -0.005713   0.017895   0.151029   0.048014   0.012777   0.003323 
  0.052400   0.001951  -0.170098  -0.430922  -0.062338  -0.075802  -0.007035  -0.013448   0.058136   0.028590   0.006589  -0.001547 
  0.041497  -0.076686   0.054774  -0.443011  -0.056895  -0.073510  -0.010903  -0.078637   0.224872  -0.012089   0.005443   0.002292 
  0.046080  -0.011898   0.034114  -0.415108  -0.057238  -0.073453   0.004583   0.064788  -0.020660   0.027903  -0.000343   0.000057 
  0.046507   0.105286   0.043540  -0.404222  -0.066349  -0.071219   0.000427   0.117184   0.009426   0.010886  -0.009111   0.002234 
  0.052462   0.020455   0.043672  -0.409436  -0.066349  -0.072135   0.005955  -0.084831   0.000132  -0.005214   0.000000  -0.000916 
  0.042067  -0.088842   0.085805  -0.436823  -0.066349  -0.070130  -0.010395  -0.109297   0.042133  -0.027387   0.000000   0.002005 
  0.052636   0.085236  -0.115450  -0.418889  -0.056952  -0.065718   0.010569   0.174078  -0.201255   0.017934   0.009397   0.004412 
  0.052878   0.122951  -0.176713  -0.460372  -0.040966  -0.071734   0.000242   0.037715  -0.061263  -0.041483   0.015986  -0.006016 
  0.037618   0.011257  -0.242562  -0.390585  -0.019309  -0.067323  -0.015260  -0.111694  -0.065849   0.069787   0.021657   0.004411 
  0.024552  -0.028293  -0.195605  -0.268603   0.009167  -0.029221  -0.013066  -0.039550   0.046957   0.121982   0.028476   0.038102 
  0.035040   0.087701  -0.131331  -0.347843  -0.014267  -0.043487   0.010488   0.115994   0.064274  -0.079240  -0.023434  -0.014266 
  0.042239   0.061376  -0.116839  -0.369902  -0.040623  -0.057124   0.007199  -0.026325   0.014492  -0.022059  -0.026356  -0.013637 
  0.037975  -0.004277  -0.088589  -0.375115  -0.036727  -0.051967  -0.004264  -0.065653   0.028250  -0.005213   0.003896   0.005157 
  0.032442  -0.019901  -0.072350  -0.385028  -0.021371  -0.047670  -0.005533  -0.015624   0.016239  -0.009913   0.015356   0.004297 
  0.041169   0.106162  -0.102158  -0.388752  -0.040623  -0.061135   0.008727   0.126063  -0.029808  -0.003724  -0.019252  -0.013465 
  0.043823   0.078474  -0.120487  -0.392361  -0.048816  -0.065718   0.002654  -0.027688  -0.018329  -0.003609  -0.008193  -0.004583 
  0.041702   0.008984  -0.079151  -0.396831  -0.050077  -0.064973  -0.002121  -0.069490   0.041336  -0.004470  -0.001261   0.000745 
  0.044102  -0.039097  -0.032357  -0.402961  -0.054832  -0.069041   0.002400  -0.048081   0.046794  -0.006130  -0.004755  -0.004068 
  0.042063   0.061278   0.110286  -0.405769  -0.060275  -0.062968  -0.002039   0.100375   0.142643  -0.002808  -0.005443   0.006073 
  0.032048  -0.000963   0.182266  -0.423702  -0.049446  -0.061822  -0.010015  -0.062241   0.071980  -0.017933   0.010829   0.001146 
  0.048076   0.082211  -0.076246  -0.375746  -0.053170  -0.063426   0.016028   0.083174  -0.258512   0.047956  -0.003724  -0.001604 
  0.045781  -0.036268  -0.063370  -0.404222  -0.050077  -0.058442  -0.002295  -0.118479   0.012876  -0.028476   0.003093   0.004984 
  0.041020   0.110025  -0.083833  -0.383595  -0.039362  -0.059588  -0.004761   0.146293  -0.020463   0.020627   0.010715  -0.001146 
  0.031463   0.073389  -0.097375  -0.409722   0.003266  -0.086631  -0.009557  -0.036636  -0.013542  -0.026127   0.042628  -0.027043 
 -0.040932   0.022215  -0.069355  -0.463007   0.171486  -0.222136  -0.072395  -0.051174   0.028020  -0.053285   0.168220  -0.135505 
 -0.056911  -0.079080  -0.060762  -0.463695   0.200421  -0.209187  -0.015979  -0.101295   0.008593  -0.000688   0.028935   0.012949 
 -0.026051   0.022466  -0.086893  -0.412759   0.118774  -0.136708   0.030860   0.101546  -0.026131   0.050936  -0.081647   0.072479 
 -0.004397   0.123096  -0.097686  -0.391559   0.061879  -0.081131   0.021654   0.100630  -0.010793   0.021200  -0.056895   0.055577 
  0.010374   0.052172  -0.099613  -0.374714   0.048358  -0.063197   0.014771  -0.070924  -0.001927   0.016845  -0.013521   0.017934 
  0.001540  -0.020642  -0.057834  -0.367495   0.051051  -0.086975  -0.008834  -0.072814   0.041779   0.007219   0.002693  -0.023778 
  0.018105   0.034983  -0.103360  -0.373167   0.039763  -0.065718   0.016565   0.055625  -0.045526  -0.005672  -0.011288   0.021257 
  0.021571   0.115864  -0.118097  -0.370360   0.022460  -0.067609   0.003466   0.080881  -0.014737   0.002807  -0.017303  -0.001891 
  0.014696   0.014224  -0.077316  -0.358958   0.009855  -0.068468  -0.006875  -0.101640   0.040781   0.011402  -0.012605  -0.000859 
  0.028383   0.005473  -0.106033  -0.364172   0.009798  -0.086975   0.013687  -0.008751  -0.028717  -0.005214  -0.000057  -0.018507 
  0.023966   0.108917  -0.143403  -0.375115   0.005157  -0.064802  -0.004417   0.103444  -0.037370  -0.010943  -0.004641   0.022173 
  0.026114   0.063133  -0.125409  -0.375459   0.009855  -0.070474   0.002148  -0.045784   0.017994  -0.000344   0.004698  -0.005672 
  0.024025   0.001101  -0.079161  -0.386231   0.003438  -0.077521  -0.002089  -0.062032   0.046248  -0.010772  -0.006417  -0.007047 
  0.025285  -0.008377  -0.099037  -0.382335   0.006589  -0.071734   0.001260  -0.009478  -0.019876   0.003896   0.003151   0.005787 
  0.030807   0.113344  -0.126459  -0.383939   0.000000  -0.079813   0.005522   0.121721  -0.027422  -0.001604  -0.006589  -0.008079 
  0.029903   0.041298  -0.122437  -0.381762   0.001547  -0.079584  -0.000904  -0.072046   0.004022   0.002177   0.001547   0.000229 
  0.026810   0.007186  -0.086372  -0.385200   0.006188  -0.069213  -0.003093  -0.034112   0.036065  -0.003438   0.004641   0.010371 
  0.021610  -0.026015  -0.065297  -0.392591   0.000057  -0.064916  -0.005200  -0.033201   0.021075  -0.007391  -0.006131   0.004297 
  0.027625   0.090792  -0.101060  -0.389726  -0.003323  -0.067208   0.006015   0.116807  -0.035763   0.002865  -0.003380  -0.002292 
  0.029614   0.052482  -0.098248  -0.387950   0.002464  -0.071734   0.001989  -0.038310   0.002812   0.001776   0.005787  -0.004526 
  0.025183  -0.022633  -0.072235  -0.394080   0.002406  -0.086975  -0.004431  -0.075115   0.026013  -0.006130  -0.000058  -0.015241 
  0.030166  -0.026030  -0.065161  -0.406915   0.002636  -0.068526   0.004983  -0.003397   0.007074  -0.012835   0.000230   0.018449 
  0.027717   0.118262  -0.100597  -0.382106   0.003438  -0.071505  -0.002449   0.144292  -0.035436   0.024809   0.000802  -0.002979 
  0.032946   0.053505  -0.090925  -0.377350  -0.013522  -0.073854   0.005229  -0.064757   0.009672   0.004756  -0.016960  -0.002349 
  0.029809  -0.051129  -0.046437  -0.395112  -0.007850  -0.079928  -0.003137  -0.104634   0.044488  -0.017762   0.005672  -0.006074 
  0.034906   0.028878  -0.076524  -0.391158  -0.013522  -0.077120   0.005097   0.080007  -0.030087   0.003954  -0.005672   0.002808 
  0.033371   0.087803  -0.079734  -0.414650  -0.001146  -0.082105  -0.001535   0.058925  -0.003210  -0.023492   0.012376  -0.004985 
  0.024726   0.021596  -0.072832  -0.398549   0.010772  -0.069672  -0.008645  -0.066207   0.006902   0.016101   0.011918   0.012433 
  0.026622  -0.060766  -0.022993  -0.415051   0.001089  -0.083881   0.001896  -0.082362   0.049839  -0.016502  -0.009683  -0.014209 
  0.036104   0.037343  -0.070949  -0.418087  -0.013522  -0.086975   0.009482   0.098109  -0.047956  -0.003036  -0.014611  -0.003094 
  0.036996   0.066069  -0.075434  -0.411842  -0.013522  -0.081016   0.000892   0.028726  -0.004485   0.006245   0.000000   0.005959 
  0.036292   0.002089  -0.049145  -0.419806  -0.006417  -0.086975  -0.000704  -0.063980   0.026289  -0.007964   0.007105  -0.005959 
  0.031211  -0.052718  -0.009844  -0.411097  -0.000802  -0.080443  -0.005081  -0.054807   0.039301   0.008709   0.005615   0.006532 
  0.035802   0.053448  -0.061144  -0.417973  -0.010371  -0.086975   0.004591   0.106166  -0.051300  -0.006876  -0.009569  -0.006532 
  0.034441   0.060051  -0.082610  -0.418145  -0.013522  -0.080443  -0.001361   0.006603  -0.021466  -0.000172  -0.003151   0.006532 
  0.034692   0.012064  -0.077082  -0.425421  -0.013522  -0.086975   0.000251  -0.047987   0.005528  -0.007276   0.000000  -0.006532 
  0.035993  -0.067232  -0.027720  -0.425307  -0.009683  -0.086975   0.001301  -0.079296   0.049362   0.000114   0.003839   0.000000 
  0.039678   0.033730  -0.066394  -0.422098  -0.013522  -0.086975   0.003685   0.100962  -0.038674   0.003209  -0.003839   0.000000 
  0.040822   0.064369  -0.083922  -0.426281  -0.013522  -0.086975   0.001144   0.030639  -0.017528  -0.004183   0.000000   0.000000 
  0.038193  -0.000303  -0.042485  -0.439459  -0.029966  -0.082907  -0.002629  -0.064672   0.041437  -0.013178  -0.016444   0.004068 
  0.032930  -0.058456  -0.022148  -0.438943  -0.025554  -0.079412  -0.005263  -0.058153   0.020337   0.000516   0.004412   0.003495 
  0.034294   0.055217  -0.046973  -0.432239  -0.017189  -0.080672   0.001364   0.113673  -0.024825   0.006704   0.008365  -0.001260 
  0.033413   0.036204  -0.073020  -0.406685   0.001089  -0.068010  -0.000881  -0.019013  -0.026047   0.025554   0.018278   0.012662 
  0.028425  -0.021492  -0.021712  -0.418202   0.005500  -0.060332  -0.004988  -0.057696   0.051308  -0.011517   0.004411   0.007678 
  0.022234  -0.047654  -0.022717  -0.411040  -0.001375  -0.070760  -0.006191  -0.026162  -0.001005   0.007162  -0.006875  -0.010428 
  0.035732   0.071603  -0.080570  -0.434245  -0.017934  -0.086975   0.013498   0.119257  -0.057853  -0.023205  -0.016559  -0.016215 
  0.035656  -0.008777  -0.046553  -0.507297  -0.011746  -0.086975  -0.000076  -0.080380   0.034017  -0.073052   0.006188   0.000000 
  0.031409  -0.060131   0.014582  -0.549581  -0.002292  -0.081475  -0.004247  -0.051354   0.061135  -0.042284   0.009454   0.005500 
  0.026281  -0.064618   0.049092  -0.498244   0.002120  -0.079641  -0.005128  -0.004487   0.034510   0.051337   0.004412   0.001834 
  0.035572   0.062738  -0.029253  -0.454986  -0.009053  -0.080329   0.009291   0.127356  -0.078345   0.043258  -0.011173  -0.000688 
  0.040600   0.064590  -0.075306  -0.436995  -0.018335  -0.086975   0.005028   0.001852  -0.046053   0.017991  -0.009282  -0.006646 
  0.030133   0.000943  -0.058454  -0.447308  -0.017074  -0.080615  -0.010467  -0.063647   0.016852  -0.010313   0.001261   0.006360 
  0.021912  -0.091500   0.014519  -0.464783  -0.014668  -0.068812  -0.008221  -0.092443   0.072973  -0.017475   0.002406   0.011803 
  0.030297   0.035345  -0.032717  -0.449485  -0.020626  -0.081589   0.008385   0.126845  -0.047236   0.015298  -0.005958  -0.012777 
  0.033964   0.053030   0.005748  -0.640853  -0.024351  -0.086975   0.003667   0.017685   0.038465  -0.191368  -0.003725  -0.005386 
  0.032878  -0.051955   0.047216  -0.622920  -0.024694  -0.083423  -0.001086  -0.104985   0.041468   0.017933  -0.000343   0.003552 
  0.026533  -0.045810   0.094001  -0.569062  -0.019824  -0.086975  -0.006345   0.006145   0.046785   0.053858   0.004870  -0.003552 
  0.034927   0.015536   0.004315  -0.445647  -0.041081  -0.082449   0.008394   0.061346  -0.089686   0.123415  -0.021257   0.004526 
  0.040776   0.102182  -0.046647  -0.534283  -0.041081  -0.086918   0.005849   0.086646  -0.050962  -0.088636   0.000000  -0.004469 
  0.017570  -0.006834  -0.034016  -0.546602   0.005615  -0.086975  -0.023206  -0.109016   0.012631  -0.012319   0.046696  -0.000057 
  0.014972  -0.064099   0.019522  -0.504317   0.002636  -0.077636  -0.002598  -0.057265   0.053538   0.042285  -0.002979   0.009339 
  0.022197  -0.021188  -0.003922  -0.475154  -0.004469  -0.064572   0.007225   0.042911  -0.023444   0.029163  -0.007105   0.013064 
  0.031835   0.062791  -0.076402  -0.467362  -0.018220  -0.083709   0.009638   0.083979  -0.072480   0.007792  -0.013751  -0.019137 
  0.035346   0.033793  -0.071806  -0.470055  -0.020397  -0.086975   0.003511  -0.028998   0.004596  -0.002693  -0.002177  -0.003266 
  0.029522  -0.063896   0.000756  -0.467705  -0.026986  -0.076776  -0.005824  -0.097689   0.072562   0.002350  -0.006589   0.010199 
  0.042069  -0.039478  -0.027337  -0.450116  -0.072938  -0.072594   0.012547   0.024418  -0.028093   0.017589  -0.045952   0.004182 
  0.062714   0.060859  -0.072124  -0.425020  -0.096830  -0.079240   0.020645   0.100337  -0.044787   0.025096  -0.023892  -0.006646 
  0.042425   0.027595  -0.088139  -0.433500  -0.060676  -0.086975  -0.020289  -0.033264  -0.016015  -0.008480   0.036154  -0.007735 
  0.036534  -0.044402  -0.030534  -0.435792  -0.027215  -0.086918  -0.005891  -0.071997   0.057605  -0.002292   0.033461   0.000057 
  0.036459  -0.080297  -0.060996  -0.435964   0.002063  -0.077349  -0.000075  -0.035895  -0.030462  -0.000172   0.029278   0.009569 
  0.032757   0.104860  -0.112855  -0.403305   0.026299  -0.075401  -0.003702   0.185157  -0.051859   0.032659   0.024236   0.001948 
  0.023346   0.080757  -0.107840  -0.411097   0.016100  -0.058442  -0.009411  -0.024103   0.005015  -0.007792  -0.010199   0.016959 
  0.024766   0.026896  -0.092866  -0.408118   0.003552  -0.075344   0.001420  -0.053861   0.014974   0.002979  -0.012548  -0.016902 
  0.026344  -0.055362  -0.065346  -0.419692   0.005329  -0.066062   0.001578  -0.082258   0.027520  -0.011574   0.001777   0.009282 
  0.030855   0.019254  -0.082204  -0.423702   0.013350  -0.078037   0.004511   0.074616  -0.016858  -0.004010   0.008021  -0.011975 
  0.034836   0.068404  -0.099092  -0.416426  -0.007391  -0.078438   0.003981   0.049150  -0.016888   0.007276  -0.020741  -0.000401 
  0.036593   0.039330  -0.110539  -0.394481  -0.007391  -0.076031   0.001757  -0.029074  -0.011447   0.021945   0.000000   0.002407 
  0.031171  -0.008023  -0.071431  -0.410066  -0.001146  -0.077349  -0.005422  -0.047353   0.039108  -0.015585   0.006245  -0.001318 
  0.031893  -0.036083  -0.047967  -0.409264   0.002005  -0.075802   0.000722  -0.028060   0.023464   0.000802   0.003151   0.001547 
  0.033597   0.064812  -0.072934  -0.411613  -0.007391  -0.080386   0.001704   0.100895  -0.024967  -0.002349  -0.009396  -0.004584 
  0.034509   0.049780  -0.089426  -0.408175  -0.007391  -0.075401   0.000912  -0.015032  -0.016492   0.003438   0.000000   0.004985 
  0.033384   0.013311  -0.087259  -0.386460  -0.007448  -0.072536  -0.001125  -0.036469   0.002167   0.021715  -0.000057   0.002865 
  0.023879  -0.079180  -0.018376  -0.373855  -0.004469  -0.054889  -0.009505  -0.092491   0.068883   0.012605   0.002979   0.017647 
  0.034492   0.020591  -0.071273  -0.391617  -0.012204  -0.072938   0.010613   0.099771  -0.052897  -0.017762  -0.007735  -0.018049 
  0.033986   0.097485  -0.103063  -0.378439  -0.004526  -0.067323  -0.000506   0.076894  -0.031790   0.013178   0.007678   0.005615 
  0.036383   0.034628  -0.093304  -0.374543   0.004870  -0.072823   0.002397  -0.062857   0.009759   0.003896   0.009396  -0.005500 
  0.021570  -0.059266   0.075760  -0.382220   0.004813  -0.045837  -0.014813  -0.093894   0.169064  -0.007677  -0.000057   0.026986 
  0.036302   0.004328  -0.097313  -0.371162  -0.001318  -0.077292   0.014732   0.063594  -0.173073   0.011058  -0.006131  -0.031455 
  0.044832   0.125098  -0.453749  -0.483920  -0.015871  -0.064458   0.008530   0.120770  -0.356436  -0.112758  -0.014553   0.012834 
  0.039755   0.020300  -0.228304  -0.369271  -0.017189  -0.079928  -0.005077  -0.104798   0.225445   0.114649  -0.001318  -0.015470 
  0.030563  -0.121782  -0.154627  -0.374371   0.011860  -0.075229  -0.009192  -0.142082   0.073677  -0.005100   0.029049   0.004699 
  0.036351   0.083949  -0.118302  -0.286708  -0.007506  -0.082391   0.005788   0.205731   0.036325   0.087663  -0.019366  -0.007162 
  0.029828   0.072581  -0.029386  -0.259149  -0.017819  -0.065432  -0.006523  -0.011368   0.088916   0.027559  -0.010313   0.016959 
  0.028257  -0.014314  -0.009234  -0.287568  -0.012261  -0.075860  -0.001571  -0.086895   0.020152  -0.028419   0.005558  -0.010428 
  0.028284  -0.000799   0.004596  -0.241845  -0.024924  -0.071906   0.000027   0.013515   0.013830   0.045723  -0.012663   0.003954 
  0.020760   0.081883   0.107500  -0.148969  -0.023663  -0.050420  -0.007524   0.082682   0.102904   0.092876   0.001261   0.021486 
  0.012053   0.042485   0.190143  -0.211536   0.004584  -0.055520  -0.008707  -0.039398   0.082643  -0.062567   0.028247  -0.005100 
 -0.011366   0.022424  -0.123684  -0.295302   0.093965  -0.065833  -0.023419  -0.020061  -0.313827  -0.083766   0.089381  -0.010313 
 -0.008705  -0.021024  -0.025217  -0.333920   0.080959  -0.058270   0.002661  -0.043448   0.098467  -0.038618  -0.013006   0.007563 
 -0.000757   0.017267   0.049586  -0.303209   0.068125  -0.055176   0.007948   0.038291   0.074803   0.030711  -0.012834   0.003094 
  0.004935   0.053567   0.066216  -0.281150   0.043889  -0.053858   0.005692   0.036300   0.016630   0.022059  -0.024236   0.001318 
  0.014199  -0.073626   0.115704  -0.267113   0.027445  -0.055348   0.009264  -0.127193   0.049488   0.014037  -0.016444  -0.001490 
  0.021879  -0.047899   0.130075  -0.246945   0.024694  -0.055004   0.007680   0.025727   0.014371   0.020168  -0.002751   0.000344 
  0.022310   0.078731   0.064637  -0.262185   0.004068  -0.057353   0.000431   0.126630  -0.065438  -0.015240  -0.020626  -0.002349 
  0.029229   0.153005  -0.059421  -0.284703  -0.008594  -0.059817   0.006919   0.074274  -0.124058  -0.022518  -0.012662  -0.002464 
  0.022646   0.102054  -0.046043  -0.275077   0.007850  -0.056837  -0.006583  -0.050951   0.013378   0.009626   0.016444   0.002980 
  0.030236   0.090002  -0.020600  -0.269176   0.032716  -0.046868   0.007590  -0.012052   0.025443   0.005901   0.024866   0.009969 
  0.023725   0.125567   0.007687  -0.242934   0.021772  -0.062395  -0.006511   0.035565   0.028287   0.026242  -0.010944  -0.015527 
  0.033024   0.134886   0.032849  -0.184091   0.051108  -0.052025   0.009299   0.009319   0.025162   0.058843   0.029336   0.010370 
  0.013103   0.135171   0.051248  -0.193889   0.072995  -0.086975  -0.019921   0.000285   0.018399  -0.009798   0.021887  -0.034950 
 -0.050132   0.122898   0.066340  -0.219328   0.079584  -0.082048  -0.063235  -0.012273   0.015092  -0.025439   0.006589   0.004927 
 -0.034564   0.099405   0.076980  -0.219386   0.074599  -0.065546   0.015568  -0.023493   0.010640  -0.000058  -0.004985   0.016502 
  0.000410   0.156700  -0.198250  -0.239439   0.051108  -0.086975   0.034974   0.057295  -0.275230  -0.020053  -0.023491  -0.021429 
 -0.004502   0.096290  -0.204309  -0.250612   0.060905  -0.082850  -0.004912  -0.060410  -0.006059  -0.011173   0.009797   0.004125 
  0.012769   0.116432  -0.260335  -0.251299   0.053457  -0.086975   0.017271   0.020142  -0.056026  -0.000687  -0.007448  -0.004125 
  0.017534   0.092613  -0.246565  -0.253247   0.054947  -0.086975   0.004765  -0.023819   0.013770  -0.001948   0.001490   0.000000 
 -0.005211   0.082251  -0.130297  -0.257315   0.076146  -0.079527  -0.022745  -0.010362   0.116268  -0.004068   0.021199   0.007448 
 -0.008225   0.012123   0.022778  -0.308939   0.077006  -0.062567  -0.003014  -0.070128   0.153075  -0.051624   0.000860   0.016960 
  0.014025   0.065862   0.026666  -0.319653   0.025783  -0.070130   0.022250   0.053739   0.003888  -0.010714  -0.051223  -0.007563 
  0.008759   0.139792   0.066682  -0.311403   0.031914  -0.076891  -0.005266   0.073930   0.040016   0.008250   0.006131  -0.006761 
  0.000191   0.039061   0.058378  -0.326643   0.018048  -0.086975  -0.008568  -0.100731  -0.008304  -0.015240  -0.013866  -0.010084 
  0.017200  -0.031763   0.049113  -0.368469   0.003667  -0.082792   0.017009  -0.070824  -0.009265  -0.041826  -0.014381   0.004183 
  0.032991   0.069133   0.022964  -0.371162   0.017934  -0.061478   0.015791   0.100896  -0.026149  -0.002693   0.014267   0.021314 
  0.022147   0.174101  -0.188413  -0.348186   0.010371  -0.081646  -0.010844   0.104968  -0.211377   0.022976  -0.007563  -0.020168 
  0.090838   0.173049  -0.486611  -0.500364  -0.067666  -0.081016   0.068691  -0.001052  -0.298198  -0.152178  -0.078037   0.000630 
