  0.000000   0.000002  -0.000002   0.003380   0.000000   0.000000   0.000000   0.000000   0.000000   0.000000   0.000000   0.000000 
  0.002065  -0.000137   0.026871   0.012261   0.000000   0.000000   0.002065  -0.000139   0.026873   0.008881   0.000000   0.000000 
  0.000000   0.140185  -0.004771   0.007334   0.000000   0.000000  -0.002065   0.140322  -0.031642  -0.004927   0.000000   0.000000 
  0.003590   0.155329   0.000000   0.000000   0.000000   0.004354   0.003590   0.015144   0.004771  -0.007334   0.000000   0.004354 
  0.000028   0.114403   0.196887   0.021601  -0.005214   0.003552  -0.003562  -0.040926   0.196887   0.021601  -0.005214  -0.000802 
  0.008277   0.131873   0.345238   0.051681   0.004297   0.024179   0.008249   0.017470   0.148351   0.030080   0.009511   0.020627 
  0.014765   0.161873   0.469084   0.087834  -0.008824   0.024179   0.006488   0.030000   0.123846   0.036153  -0.013121   0.000000 
  0.000176   0.243318   0.359220   0.090928   0.012147   0.015413  -0.014589   0.081445  -0.109864   0.003094   0.020971  -0.008766 
  0.000040   0.268432   0.264082   0.101471   0.000000   0.009855  -0.000136   0.025114  -0.095138   0.010543  -0.012147  -0.005558 
 -0.004751   0.228632   0.230537   0.085944  -0.005271   0.009855  -0.004791  -0.039800  -0.033545  -0.015527  -0.005271   0.000000 
 -0.023676   0.177763   0.414333   0.076604  -0.020111   0.024179  -0.018925  -0.050869   0.183796  -0.009340  -0.014840   0.014324 
 -0.015466   0.138024   0.524482   0.094366  -0.017819   0.030653   0.008210  -0.039739   0.110149   0.017762   0.002292   0.006474 
 -0.007603   0.238110   0.504167   0.101815  -0.020168   0.036841   0.007863   0.100086  -0.020315   0.007449  -0.002349   0.006188 
 -0.003966   0.287179   0.429125   0.120550  -0.012720   0.024179   0.003637   0.049069  -0.075042   0.018735   0.007448  -0.012662 
 -0.009844   0.261660   0.440566   0.113045  -0.002521   0.024179  -0.005878  -0.025519   0.011441  -0.007505   0.010199   0.000000 
 -0.009843   0.177147   0.586561   0.076604  -0.013178   0.024179   0.000001  -0.084513   0.145995  -0.036441  -0.010657   0.000000 
 -0.003040   0.167522   0.719006   0.142094  -0.023262   0.035982   0.006803  -0.009625   0.132445   0.065490  -0.010084   0.011803 
 -0.002589   0.255092   0.495517   0.097116  -0.006474   0.024179   0.000451   0.087570  -0.223489  -0.044978   0.016788  -0.011803 
 -0.002138   0.267831   0.356759   0.123415  -0.006589   0.009855   0.000451   0.012739  -0.138758   0.026299  -0.000115  -0.014324 
  0.000816   0.232300   0.389740   0.109378  -0.013178   0.009855   0.002954  -0.035531   0.032981  -0.014037  -0.006589   0.000000 
  0.003005   0.135568   0.640034   0.065374  -0.023262   0.024179   0.002189  -0.096732   0.250294  -0.044004  -0.010084   0.014324 
  0.000856   0.177990   0.629931   0.089954  -0.028476   0.024179  -0.002149   0.042422  -0.010103   0.024580  -0.005214   0.000000 
  0.006682   0.270439   0.409749   0.115566  -0.007162   0.003323   0.005826   0.092449  -0.220182   0.025612   0.021314  -0.020856 
  0.010763   0.254177   0.303867   0.106742  -0.024351  -0.005959   0.004081  -0.016262  -0.105882  -0.008824  -0.017189  -0.009282 
  0.011004   0.141842   0.442359   0.112013  -0.020626   0.000630   0.000241  -0.112335   0.138492   0.005271   0.003725   0.006589 
  0.000868   0.155165   0.540609   0.101757  -0.043029   0.024179  -0.010136   0.013323   0.098250  -0.010256  -0.022403   0.023549 
  0.000857   0.257374   0.382011   0.149657  -0.051910   0.024179  -0.000011   0.102209  -0.158598   0.047900  -0.008881   0.000000 
  0.011304   0.250787   0.317821   0.116654  -0.051910   0.005099   0.010447  -0.006587  -0.064190  -0.033003   0.000000  -0.019080 
  0.000848   0.221186   0.291890   0.075115  -0.037586   0.010886  -0.010456  -0.029601  -0.025931  -0.041539   0.014324   0.005787 
  0.007822   0.139448   0.519665   0.071906  -0.046009   0.003266   0.006974  -0.081738   0.227775  -0.003209  -0.008423  -0.007620 
  0.008998   0.153663   0.529446   0.089611  -0.043717   0.007964   0.001176   0.014215   0.009781   0.017705   0.002292   0.004698 
  0.010265   0.254651   0.362188   0.112930  -0.041196  -0.005157   0.001267   0.100988  -0.167258   0.023319   0.002521  -0.013121 
  0.018232   0.231110   0.326164   0.124446  -0.045206  -0.001203   0.007967  -0.023541  -0.036024   0.011516  -0.004010   0.003954 
  0.028968   0.200298   0.364751   0.111555  -0.049504  -0.004125   0.010736  -0.030812   0.038587  -0.012891  -0.004298  -0.002922 
  0.025658   0.142709   0.543894   0.079240  -0.057697   0.002979  -0.003310  -0.057589   0.179143  -0.032315  -0.008193   0.007104 
  0.014019   0.178004   0.619855   0.066578  -0.063025   0.024179  -0.011639   0.035295   0.075961  -0.012662  -0.005328   0.021200 
  0.008645   0.238010   0.636722   0.183003  -0.056952   0.024179  -0.005374   0.060006   0.016867   0.116425   0.006073   0.000000 
  0.006419   0.259186   0.531842   0.114878  -0.049561   0.006875  -0.002226   0.021176  -0.104880  -0.068125   0.007391  -0.017304 
  0.011742   0.225961   0.498439   0.102044  -0.058270   0.024179   0.005323  -0.033225  -0.033403  -0.012834  -0.008709   0.017304 
  0.031796   0.165048   0.764043   0.184378  -0.110294   0.005672   0.020054  -0.060913   0.265604   0.082334  -0.052024  -0.018507 
  0.033537   0.202279   0.776455   0.209187  -0.065145   0.007907   0.001741   0.037231   0.012412   0.024809   0.045149   0.002235 
  0.033962   0.236080   0.747749   0.222709  -0.084683   0.000917   0.000425   0.033801  -0.028706   0.013522  -0.019538  -0.006990 
  0.024742   0.270336   0.628408   0.177674  -0.076203   0.000115  -0.009220   0.034256  -0.119341  -0.045035   0.008480  -0.000802 
  0.028719   0.259357   0.654742   0.247690  -0.092647   0.000917   0.003977  -0.010979   0.026334   0.070016  -0.016444   0.000802 
  0.031766   0.166445   0.822634   0.233423  -0.068640   0.001089   0.003047  -0.092912   0.167892  -0.014267   0.024007   0.000172 
  0.029578   0.215848   0.720292   0.226376  -0.080501   0.001490  -0.002188   0.049403  -0.102342  -0.007047  -0.011861   0.000401 
  0.020755   0.299608   0.536403   0.161631  -0.041711  -0.003724  -0.008823   0.083760  -0.183889  -0.064745   0.038790  -0.005214 
  0.028165   0.242563   0.489567   0.147995  -0.040336  -0.004756   0.007410  -0.057045  -0.046836  -0.013636   0.001375  -0.001032 
  0.029448   0.192820   0.640377   0.196582  -0.048243   0.001948   0.001283  -0.049743   0.150810   0.048587  -0.007907   0.006704 
  0.015550   0.157988   0.698811   0.221276  -0.038617   0.004412  -0.013898  -0.034832   0.058434   0.024694   0.009626   0.002464 
  0.004678   0.244457   0.380248   0.148625  -0.022460  -0.005844  -0.010872   0.086469  -0.318563  -0.072651   0.016157  -0.010256 
  0.018006   0.252689   0.386851   0.134015  -0.036784  -0.006303   0.013328   0.008232   0.006603  -0.014610  -0.014324  -0.000459 
  0.014624   0.176121   0.570668   0.126051  -0.036784  -0.001089  -0.003382  -0.076568   0.183817  -0.007964   0.000000   0.005214 
  0.014727   0.158392   0.753202   0.201223  -0.060218   0.024179   0.000103  -0.017729   0.182534   0.075172  -0.023434   0.025268 
  0.010988   0.260686   0.483290   0.132869  -0.029221  -0.000917  -0.003739   0.102294  -0.269912  -0.068354   0.030997  -0.025096 
  0.014845   0.275365   0.351426   0.130061  -0.035065   0.003094   0.003857   0.014679  -0.131864  -0.002808  -0.005844   0.004011 
  0.018574   0.201271   0.534597   0.097689  -0.045894   0.006933   0.003729  -0.074094   0.183171  -0.032372  -0.010829   0.003839 
  0.018146   0.159343   0.616498   0.116139  -0.060218   0.006360  -0.000428  -0.041928   0.081901   0.018450  -0.014324  -0.000573 
  0.014659   0.284957   0.445888   0.142151  -0.035180  -0.002578  -0.003487   0.125614  -0.170610   0.026012   0.025038  -0.008938 
  0.014610   0.250593   0.431604   0.106112  -0.041138  -0.006704  -0.000049  -0.034364  -0.014284  -0.036039  -0.005958  -0.004126 
  0.014588   0.153076   0.631789   0.160199  -0.060218   0.009454  -0.000022  -0.097517   0.200185   0.054087  -0.019080   0.016158 
  0.014797   0.219986   0.447356   0.115050  -0.044519  -0.000401   0.000209   0.066910  -0.184433  -0.045149   0.015699  -0.009855 
  0.014811   0.280127   0.348285   0.117227  -0.032773   0.004756   0.000014   0.060141  -0.099071   0.002177   0.011746   0.005157 
  0.014855   0.189184   0.537490   0.065718  -0.045894   0.024179   0.000044  -0.090943   0.189205  -0.051509  -0.013121   0.019423 
  0.014878   0.158464   0.534152   0.069500  -0.030825   0.024179   0.000023  -0.030720  -0.003338   0.003782   0.015069   0.000000 
  0.015023   0.280579   0.349771   0.075459  -0.009568   0.009855   0.000145   0.122115  -0.184381   0.005959   0.021257  -0.014324 
  0.014762   0.197059   0.479338   0.044462  -0.035294   0.005157  -0.000261  -0.083520   0.129567  -0.030997  -0.025726  -0.004698 
  0.014753   0.133059   0.556894   0.008824  -0.028992   0.006875  -0.000009  -0.064000   0.077556  -0.035638   0.006302   0.001718 
 -0.002164   0.220086   0.296201   0.011230  -0.015871   0.002979  -0.016917   0.087027  -0.260693   0.002406   0.013121  -0.003896 
  0.010278   0.204648   0.320048  -0.005386  -0.026757   0.004240   0.012442  -0.015438   0.023847  -0.016616  -0.010886   0.001261 
  0.017172   0.093711   0.524464  -0.052483  -0.038445   0.004011   0.006894  -0.110937   0.204416  -0.047097  -0.011688  -0.000229 
  0.004972   0.192974   0.344299  -0.005214  -0.014152   0.003495  -0.012200   0.099263  -0.180165   0.047269   0.024293  -0.000516 
  0.014970   0.244606   0.288678  -0.002922  -0.016272   0.002464   0.009998   0.051632  -0.055621   0.002292  -0.002120  -0.001031 
  0.036292   0.115909   0.535176  -0.011287  -0.040565   0.021085   0.021322  -0.128697   0.246498  -0.008365  -0.024293   0.018621 
  0.012696   0.161719   0.435401   0.001261  -0.029164   0.024179  -0.023596   0.045810  -0.099775   0.012548   0.011401   0.003094 
  0.002021   0.251776   0.325219   0.006646  -0.003839   0.009855  -0.010675   0.090057  -0.110182   0.005385   0.025325  -0.014324 
  0.008288   0.150955   0.464280  -0.036268  -0.017819   0.006761   0.006267  -0.100821   0.139061  -0.042914  -0.013980  -0.003094 
 -0.008999   0.125687   0.499286  -0.036669  -0.020225   0.024179  -0.017287  -0.025268   0.035006  -0.000401  -0.002406   0.017418 
 -0.011472   0.245406   0.366364  -0.013178  -0.013121   0.024179  -0.002473   0.119719  -0.132922   0.023491   0.007104   0.000000 
 -0.005187   0.195435   0.390993  -0.025898  -0.019022   0.004526   0.006285  -0.049971   0.024629  -0.012720  -0.005901  -0.019653 
 -0.004471   0.118459   0.598847  -0.019137  -0.015126   0.024179   0.000716  -0.076976   0.207854   0.006761   0.003896   0.019653 
 -0.024887   0.203367   0.457964   0.003151  -0.024351   0.037070  -0.020416   0.084908  -0.140883   0.022288  -0.009225   0.012891 
 -0.013084   0.253625   0.329388   0.000172  -0.017246   0.011631   0.011803   0.050258  -0.128576  -0.002979   0.007105  -0.025439 
  0.011706   0.184838   0.292139  -0.006704   0.007334  -0.001089   0.024790  -0.068787  -0.037249  -0.006876   0.024580  -0.012720 
  0.005724   0.117187   0.483881  -0.017074   0.003782   0.006474  -0.005982  -0.067651   0.191742  -0.010370  -0.003552   0.007563 
 -0.000738   0.162362   0.306885  -0.011115   0.000974   0.015298  -0.006462   0.045175  -0.176996   0.005959  -0.002808   0.008824 
  0.005515   0.226146   0.258211  -0.011115   0.001833   0.013808   0.006253   0.063784  -0.048674   0.000000   0.000859  -0.001490 
  0.006818   0.128447   0.441414  -0.038904  -0.005500   0.016329   0.001303  -0.097699   0.183203  -0.027789  -0.007333   0.002521 
  0.000579   0.132548   0.424677  -0.018048  -0.006073   0.024179  -0.006239   0.004101  -0.016737   0.020856  -0.000573   0.007850 
  0.010169   0.227316   0.250074  -0.045894  -0.000286   0.024179   0.009590   0.094768  -0.174603  -0.027846   0.005787   0.000000 
  0.018894   0.146400   0.306237  -0.086975  -0.006073   0.009855   0.008725  -0.080916   0.056163  -0.041081  -0.005787  -0.014324 
  0.003544   0.093179   0.393941  -0.091902  -0.006016   0.024179  -0.015350  -0.053221   0.087704  -0.004927   0.000057   0.014324 
  0.002156   0.199894   0.210899  -0.069844  -0.002005   0.009855  -0.001388   0.106715  -0.183042   0.022058   0.004011  -0.014324 
  0.015761   0.157392   0.247635  -0.088522  -0.002636   0.003724   0.013605  -0.042502   0.036736  -0.018678  -0.000631  -0.006131 
  0.020460   0.091458   0.438581  -0.120207  -0.006016   0.017991   0.004699  -0.065934   0.190946  -0.031685  -0.003380   0.014267 
  0.012939   0.160739   0.277494  -0.093335   0.005730   0.024179  -0.007521   0.069281  -0.161087   0.026872   0.011746   0.006188 
  0.016192   0.190126   0.251609  -0.095512   0.001261   0.024179   0.003253   0.029387  -0.025885  -0.002177  -0.004469   0.000000 
  0.028537   0.072866   0.483551  -0.109607  -0.020340   0.021028   0.012345  -0.117260   0.231942  -0.014095  -0.021601  -0.003151 
  0.015191   0.134642   0.391287  -0.106742  -0.003209   0.024179  -0.013346   0.061776  -0.092264   0.002865   0.017131   0.003151 
  0.017591   0.199543   0.271784  -0.080959   0.001432   0.024179   0.002400   0.064901  -0.119503   0.025783   0.004641   0.000000 
  0.032139   0.130963   0.428559  -0.124905  -0.020340   0.016043   0.014548  -0.068580   0.156775  -0.043946  -0.021772  -0.008136 
  0.029995   0.080344   0.384387  -0.096085  -0.002636   0.024179  -0.002144  -0.050619  -0.044172   0.028820   0.017704   0.008136 
  0.022027   0.210507   0.215776  -0.094653   0.004011   0.024179  -0.007968   0.130163  -0.168611   0.001432   0.006647   0.000000 
  0.022372   0.157116   0.266402  -0.111899   0.006131   0.015584   0.000345  -0.053391   0.050626  -0.017246   0.002120  -0.008595 
  0.031975   0.102205   0.392151  -0.132697   0.004870  -0.021199   0.009603  -0.054911   0.125749  -0.020798  -0.001261  -0.036783 
  0.033086   0.156865   0.203523  -0.109148   0.070073   0.038904   0.001111   0.054660  -0.188628   0.023549   0.065203   0.060103 
  0.032989   0.197914   0.176942  -0.098090   0.063426   0.035638  -0.000097   0.041049  -0.026581   0.011058  -0.006647  -0.003266 
  0.032944   0.108898   0.346751  -0.130577   0.070073   0.027617  -0.000045  -0.089016   0.169809  -0.032487   0.006647  -0.008021 
  0.041304   0.105577   0.376861  -0.123644   0.076433   0.027788   0.008360  -0.003321   0.030110   0.006933   0.006360   0.000171 
  0.040792   0.203958   0.223670  -0.086287   0.083079   0.032888  -0.000512   0.098381  -0.153191   0.037357   0.006646   0.005100 
  0.040744   0.160636   0.199221  -0.103018   0.070130   0.024179  -0.000048  -0.043322  -0.024449  -0.016731  -0.012949  -0.008709 
  0.043164   0.080219   0.398498  -0.131150   0.070130   0.024179   0.002420  -0.080417   0.199277  -0.028132   0.000000   0.000000 
  0.031781   0.115631   0.282291  -0.110581   0.070130   0.024179  -0.011383   0.035412  -0.116207   0.020569   0.000000   0.000000 
  0.025907   0.209015   0.156598  -0.092991   0.070130   0.024179  -0.005874   0.093384  -0.125693   0.017590   0.000000   0.000000 
  0.039868   0.156671   0.191155  -0.114362   0.076604   0.014152   0.013961  -0.052344   0.034557  -0.021371   0.006474  -0.010027 
  0.046708   0.082786   0.339263  -0.125650   0.074083   0.011230   0.006840  -0.073885   0.148108  -0.011288  -0.002521  -0.002922 
  0.038170   0.119810   0.258766  -0.123243   0.092475   0.024179  -0.008538   0.037024  -0.080497   0.002407   0.018392   0.012949 
  0.032111   0.192125   0.089148  -0.121066   0.090355   0.036039  -0.006059   0.072315  -0.169618   0.002177  -0.002120   0.011860 
  0.035503   0.157482   0.111317  -0.108977   0.090986   0.024179   0.003392  -0.034643   0.022169   0.012089   0.000631  -0.011860 
  0.032405   0.103105   0.250231  -0.113732   0.080214   0.005500  -0.003098  -0.054377   0.138914  -0.004755  -0.010772  -0.018679 
  0.025495   0.119089   0.239691  -0.102903   0.079584   0.024179  -0.006910   0.015984  -0.010540   0.010829  -0.000630   0.018679 
  0.029859   0.205734   0.151635  -0.082850   0.073969   0.024179   0.004364   0.086645  -0.088056   0.020053  -0.005615   0.000000 
  0.029843   0.158831   0.165694  -0.080558   0.074485   0.024179  -0.000016  -0.046903   0.014059   0.002292   0.000516   0.000000 
  0.022479   0.115336   0.205896  -0.064458   0.079813   0.004526  -0.007364  -0.043495   0.040202   0.016100   0.005328  -0.019653 
  0.029587   0.081753   0.272150  -0.082449   0.070130  -0.007735   0.007108  -0.033583   0.066254  -0.017991  -0.009683  -0.012261 
  0.014737   0.173621   0.211679  -0.037128   0.073396   0.006589  -0.014850   0.091868  -0.060471   0.045321   0.003266   0.014324 
  0.022390   0.210316   0.165175  -0.031627   0.070073   0.010772   0.007653   0.036695  -0.046504   0.005501  -0.003323   0.004183 
  0.041238   0.141629   0.226168  -0.061306   0.076146   0.001948   0.018848  -0.068687   0.060993  -0.029679   0.006073  -0.008824 
  0.029659   0.094622   0.349914  -0.093335   0.074427   0.005214  -0.011579  -0.047007   0.123746  -0.032029  -0.001719   0.003266 
  0.122103   0.088752   0.431744   0.101986   0.035753   0.006417   0.092444  -0.005870   0.081830   0.195321  -0.038674   0.001203 
  0.262733  -0.084710   1.464322   1.029319  -0.162262   0.052139   0.140630  -0.173462   1.032578   0.927333  -0.198015   0.045722 
  0.208288  -0.000708   1.388237   0.758997  -0.087777   0.069614  -0.054445   0.084002  -0.076085  -0.270322   0.074485   0.017475 
  0.150859  -0.369424   1.892542   0.448053   0.043487   0.024064  -0.057429  -0.368716   0.504305  -0.310944   0.131264  -0.045550 
  0.160662  -0.232166   1.854762   0.511938   0.111956   0.036268   0.009803   0.137258  -0.037780   0.063885   0.068469   0.012204 
  0.107101   0.093600   1.425010   0.659704   0.207010   0.047727  -0.053561   0.325766  -0.429752   0.147766   0.095054   0.011459 
  0.123460   0.161932   0.970074   0.606820   0.158595   0.041597   0.016359   0.068332  -0.454936  -0.052884  -0.048415  -0.006130 
  0.136598   0.120573   0.828817   0.527350   0.143526   0.060791   0.013138  -0.041359  -0.141257  -0.079470  -0.015069   0.019194 
  0.137084   0.069900   0.740297   0.505062   0.130405   0.057468   0.000486  -0.050673  -0.088520  -0.022288  -0.013121  -0.003323 
  0.136495   0.085683   0.799667   0.611632   0.130921   0.030711  -0.000589   0.015783   0.059370   0.106570   0.000516  -0.026757 
  0.118052   0.155445   0.785112   0.604299   0.152922   0.030711  -0.018443   0.069762  -0.014555  -0.007333   0.022001   0.000000 
  0.111649   0.249729   0.639055   0.593871   0.119863   0.030768  -0.006403   0.094284  -0.146057  -0.010428  -0.033059   0.000057 
  0.100363   0.192117   0.577842   0.553764   0.110695   0.030768  -0.011286  -0.057612  -0.061213  -0.040107  -0.009168   0.000000 
  0.111379   0.221304   0.572627   0.507125   0.110638   0.030768   0.011016   0.029187  -0.005215  -0.046639  -0.000057   0.000000 
  0.111401   0.192191   0.598684   0.485582   0.116024   0.041539   0.000022  -0.029113   0.026057  -0.021543   0.005386   0.010771 
  0.111186   0.193269   0.990810   0.740663   0.110695  -0.023892  -0.000215   0.001078   0.392126   0.255081  -0.005329  -0.065431 
  0.093361   0.142721   0.927398   0.846373   0.054431  -0.069958  -0.017825  -0.050548  -0.063412   0.105710  -0.056264  -0.046066 
  0.067019   0.193543   1.442293   0.998092   0.091616  -0.043717  -0.026342   0.050822   0.514895   0.151719   0.037185   0.026241 
  0.015892   0.273606   1.307187   0.479909   0.200650   0.017361  -0.051127   0.080063  -0.135106  -0.518183   0.109034   0.061078 
 -0.000833   0.382874   1.124779   0.480425   0.160829   0.021199  -0.016725   0.109268  -0.182408   0.000516  -0.039821   0.003838 
 -0.000553   0.264987   1.065408   0.465414   0.110237   0.030768   0.000280  -0.117887  -0.059371  -0.015011  -0.050592   0.009569 
  0.009334   0.307158   1.148301   0.516006   0.085944   0.041196   0.009887   0.042171   0.082893   0.050592  -0.024293   0.010428 
  0.014963   0.275059   1.195463   0.534742   0.085944   0.045264   0.005629  -0.032099   0.047162   0.018736   0.000000   0.004068 
  0.028872   0.280032   1.180276   0.522996   0.070588   0.052082   0.013909   0.004973  -0.015187  -0.011746  -0.015356   0.006818 
  0.011464   0.296506   1.142299   0.535486   0.063885   0.035753  -0.017408   0.016474  -0.037977   0.012490  -0.006703  -0.016329 
  0.020792   0.297365   1.147159   0.532049   0.066750   0.054431   0.009328   0.000859   0.004860  -0.003437   0.002865   0.018678 
  0.036169   0.293250   1.178998   0.546029   0.065145   0.061650   0.015377  -0.004115   0.031839   0.013980  -0.001605   0.007219 
  0.041870   0.293134   1.189615   0.534856   0.062051   0.050649   0.005701  -0.000116   0.010617  -0.011173  -0.003094  -0.011001 
  0.049115   0.292884   1.179409   0.526949   0.064916   0.056666   0.007245  -0.000250  -0.010206  -0.007907   0.002865   0.006017 
  0.055392   0.304007   1.138966   0.505807   0.062682   0.069786   0.006277   0.011123  -0.040443  -0.021142  -0.002234   0.013120 
  0.059343   0.289610   1.086261   0.468164   0.062510   0.056723   0.003951  -0.014397  -0.052705  -0.037643  -0.000172  -0.013063 
  0.056924   0.284013   1.005241   0.416598   0.051108   0.065947  -0.002419  -0.005597  -0.081020  -0.051566  -0.011402   0.009224 
  0.039192   0.268849   0.919858   0.357296   0.071448   0.066520  -0.017732  -0.015164  -0.085383  -0.059302   0.020340   0.000573 
  0.047774   0.243243   0.796111   0.319768   0.067380   0.056723   0.008582  -0.025606  -0.123747  -0.037528  -0.004068  -0.009797 
  0.056067   0.211389   0.753904   0.296047   0.062739   0.068297   0.008293  -0.031854  -0.042207  -0.023721  -0.004641   0.011574 
  0.069052   0.122776   0.924048   0.304871   0.037930   0.067093   0.012985  -0.088613   0.170144   0.008824  -0.024809  -0.001204 
  0.015942   0.161425   1.335780   0.586422   0.097059   0.100440  -0.053110   0.038649   0.411732   0.281551   0.059129   0.033347 
  0.001227   0.257788   1.822340   0.610028   0.105424   0.103820  -0.014715   0.096363   0.486560   0.023606   0.008365   0.003380 
  0.001120   0.373755   1.679285   0.457220   0.093278   0.090470  -0.000107   0.115967  -0.143055  -0.152808  -0.012146  -0.013350 
  0.007082   0.348475   1.640080   0.456877   0.093335   0.088178   0.005962  -0.025280  -0.039205  -0.000343   0.000057  -0.002292 
  0.018213   0.304380   1.586363   0.462090   0.061306   0.082964   0.011131  -0.044095  -0.053717   0.005213  -0.032029  -0.005214 
  0.020388   0.307866   1.573063   0.470169   0.038274   0.084626   0.002175   0.003486  -0.013300   0.008079  -0.023032   0.001662 
  0.026565   0.304652   1.552338   0.478362   0.047326   0.083996   0.006177  -0.003214  -0.020725   0.008193   0.009052  -0.000630 
  0.048312   0.304524   1.533553   0.474581   0.047269   0.088465   0.021747  -0.000128  -0.018785  -0.003781  -0.000057   0.004469 
  0.053950   0.293370   1.562935   0.462262   0.034034   0.089381   0.005638  -0.011154   0.029382  -0.012319  -0.013235   0.000916 
  0.062551   0.284037   1.598610   0.445475   0.024523   0.090241   0.008601  -0.009333   0.035675  -0.016787  -0.009511   0.000860 
  0.068458   0.277436   1.578240   0.432526   0.062911   0.084569   0.005907  -0.006601  -0.020370  -0.012949   0.038388  -0.005672 
  0.068487   0.260330   1.714381   0.411326   0.058327   0.075917   0.000029  -0.017106   0.136141  -0.021200  -0.004584  -0.008652 
  0.048416   0.176968   1.578393   0.295704   0.123530   0.087834  -0.020071  -0.083362  -0.135988  -0.115622   0.065203   0.011917 
  0.033895   0.244472   0.535718   0.039935   0.116024   0.075573  -0.014521   0.067504  -1.042675  -0.255769  -0.007506  -0.012261 
  0.043010   0.209203   0.571816   0.057811   0.122155   0.079011   0.009115  -0.035269   0.036098   0.017876   0.006131   0.003438 
  0.041221   0.188989   0.716449   0.189534   0.180081   0.089782  -0.001789  -0.020214   0.144633   0.131723   0.057926   0.010771 
  0.041363   0.222875   1.036233   0.634895   0.118545   0.052082   0.000142   0.033886   0.319784   0.445361  -0.061536  -0.037700 
  0.046190   0.300278   1.095016   0.690873   0.093392   0.002865   0.004827   0.077403   0.058783   0.055978  -0.025153  -0.049217 
  0.099615   0.288638   1.634293   1.377219  -0.167590  -0.355635   0.053425  -0.011640   0.539277   0.686346  -0.260982  -0.358500 
  0.097756   0.472972   1.596880   1.225442  -0.063312  -0.141578  -0.001859   0.184334  -0.037413  -0.151777   0.104278   0.214057 
  0.082954   0.546998   1.411557   1.069884  -0.055004  -0.113446  -0.014802   0.074026  -0.185323  -0.155558   0.008308   0.028132 
  0.079584   0.499861   1.469544   1.019177  -0.061879  -0.093278  -0.003370  -0.047137   0.057987  -0.050707  -0.006875   0.020168 
  0.085742   0.433988   1.476915   0.928364  -0.049102  -0.079928   0.006158  -0.065873   0.007371  -0.090813   0.012777   0.013350 
  0.077655   0.455298   1.555751   0.921603  -0.048701  -0.075516  -0.008087   0.021310   0.078836  -0.006761   0.000401   0.004412 
  0.070817   0.296186   1.921746   0.808272  -0.048128  -0.065718  -0.006838  -0.159112   0.365995  -0.113331   0.000573   0.009798 
  0.070379   0.426346   1.796079   0.836461  -0.084855  -0.060275  -0.000438   0.130160  -0.125667   0.028189  -0.036727   0.005443 
  0.046494   0.465456   1.723299   0.845285  -0.070474  -0.064458  -0.023885   0.039110  -0.072780   0.008824   0.014381  -0.004183 
  0.037100   0.389772   1.738685   0.789307  -0.044118  -0.080501  -0.009394  -0.075684   0.015386  -0.055978   0.026356  -0.016043 
  0.041675   0.385751   1.652185   0.779108  -0.009568  -0.078438   0.004575  -0.004021  -0.086500  -0.010199   0.034550   0.002063 
  0.042239   0.317874   1.885655   1.048112  -0.046066  -0.107372   0.000564  -0.067877   0.233470   0.269004  -0.036498  -0.028934 
  0.047749   0.476448   1.963915   1.165453  -0.032028  -0.092475   0.005510   0.158574   0.078260   0.117341   0.014038   0.014897 
  0.043876   0.476681   1.877146   1.146317  -0.018908  -0.089038  -0.003873   0.000233  -0.086769  -0.019136   0.013120   0.003437 
  0.025819   0.612882   1.621696   1.138639  -0.022517  -0.076891  -0.018057   0.136201  -0.255450  -0.007678  -0.003609   0.012147 
  0.030408   0.521841   1.540754   1.105121  -0.033002  -0.090126   0.004589  -0.091041  -0.080942  -0.033518  -0.010485  -0.013235 
  0.044025   0.500986   1.455148   1.046450  -0.018277  -0.090928   0.013617  -0.020855  -0.085606  -0.058671   0.014725  -0.000802 
  0.056327   0.473370   1.597291   1.058826  -0.012892  -0.089897   0.012302  -0.027616   0.142143   0.012376   0.005385   0.001031 
  0.062197   0.387431   1.771241   1.026798   0.001089  -0.095913   0.005870  -0.085939   0.173950  -0.032028   0.013981  -0.006016 
  0.041990   0.501761   1.655345   1.027199  -0.002636  -0.094481  -0.020207   0.114330  -0.115896   0.000401  -0.003725   0.001432 
  0.018921   0.541328   1.468430   1.025079  -0.001375  -0.097747  -0.023069   0.039567  -0.186915  -0.002120   0.001261  -0.003266 
  0.007406   0.505704   1.351977   1.017573  -0.024351  -0.115566  -0.011515  -0.035624  -0.116453  -0.007506  -0.022976  -0.017819 
 -0.000552   0.501746   1.234657   1.286749  -0.039248  -0.127884  -0.007958  -0.003958  -0.117320   0.269176  -0.014897  -0.012318 
  0.006838   0.432516   1.379781   1.277409  -0.039248  -0.112758   0.007390  -0.069230   0.145124  -0.009340   0.000000   0.015126 
  0.004293   0.513917   1.207783   1.190148  -0.039248  -0.108404  -0.002545   0.081401  -0.171998  -0.087261   0.000000   0.004354 
  0.008080   0.556548   1.097212   1.141962  -0.018392  -0.114019   0.003787   0.042631  -0.110571  -0.048186   0.020856  -0.005615 
  0.025008   0.492438   1.146685   1.118070  -0.014954  -0.110982   0.016928  -0.064110   0.049473  -0.023892   0.003438   0.003037 
  0.043896   0.387844   1.450204   1.062722  -0.004641  -0.096658   0.018888  -0.104594   0.303519  -0.055348   0.010313   0.014324 
  0.038825   0.454527   1.397893   1.003536  -0.007850  -0.098950  -0.005071   0.066683  -0.052311  -0.059186  -0.003209  -0.002292 
  0.034747   0.551937   1.309119   1.006744  -0.007850  -0.102674  -0.004078   0.097410  -0.088774   0.003208   0.000000  -0.003724 
  0.038657   0.487755   1.223467   0.978727   0.001833  -0.093335   0.003910  -0.064182  -0.085652  -0.028017   0.009683   0.009339 
  0.028823   0.400901   1.478945   0.986633   0.027215  -0.086287  -0.009834  -0.086854   0.255478   0.007906   0.025382   0.007048 
  0.026623   0.457051   1.409891   0.976549   0.024236  -0.073510  -0.002200   0.056150  -0.069054  -0.010084  -0.002979   0.012777 
  0.020861   0.520936   1.172530   0.954720   0.023835  -0.083365  -0.005762   0.063885  -0.237361  -0.021829  -0.000401  -0.009855 
  0.005473   0.468737   1.067610   0.916102   0.033060  -0.069901  -0.015388  -0.052199  -0.104920  -0.038618   0.009225   0.013464 
  0.007582   0.414266   1.354863   0.937187   0.035122  -0.057811   0.002109  -0.054471   0.287253   0.021085   0.002062   0.012090 
  0.026489   0.350721   1.515513   0.914326   0.041425  -0.054087   0.018907  -0.063545   0.160650  -0.022861   0.006303   0.003724 
  0.018376   0.508629   1.353697   0.924181   0.034034  -0.060103  -0.008113   0.157908  -0.161816   0.009855  -0.007391  -0.006016 
  0.005968   0.494493   1.274552   0.933921   0.033174  -0.056379  -0.012408  -0.014136  -0.079145   0.009740  -0.000860   0.003724 
  0.007373   0.465274   1.352900   0.930541   0.044805  -0.043201   0.001405  -0.029219   0.078348  -0.003380   0.011631   0.013178 
  0.016639   0.361600   1.552724   0.908367   0.035065  -0.040451   0.009266  -0.103674   0.199824  -0.022174  -0.009740   0.002750 
  0.010394   0.478991   1.425038   0.915128   0.041654  -0.049274  -0.006245   0.117391  -0.127686   0.006761   0.006589  -0.008823 
  0.007203   0.508015   1.332863   0.907164   0.024809  -0.053113  -0.003191   0.029024  -0.092175  -0.007964  -0.016845  -0.003839 
  0.020070   0.471571   1.390568   0.916962   0.024236  -0.061879   0.012867  -0.036444   0.057705   0.009798  -0.000573  -0.008766 
  0.020189   0.349104   1.624160   0.873990   0.030367  -0.040508   0.000119  -0.122467   0.233592  -0.042972   0.006131   0.021371 
  0.006768   0.419791   1.551283   0.879146   0.031341  -0.041597  -0.013421   0.070687  -0.072877   0.005156   0.000974  -0.001089 
 -0.015474   0.533608   1.345083   0.922462   0.029622  -0.041711  -0.022242   0.113817  -0.206200   0.043316  -0.001719  -0.000114 
 -0.018196   0.477873   1.224922   0.912951   0.050821  -0.054087  -0.002722  -0.055735  -0.120161  -0.009511   0.021199  -0.012376 
  0.003266   0.420875   1.405820   0.907336   0.035237  -0.050707   0.021462  -0.056998   0.180898  -0.005615  -0.015584   0.003380 
  0.008173   0.351682   1.579009   0.894903   0.064114  -0.044748   0.004907  -0.069193   0.173189  -0.012433   0.028877   0.005959 
 -0.011923   0.493569   1.357970   0.907107   0.083365  -0.032315  -0.020096   0.141887  -0.221039   0.012204   0.019251   0.012433 
 -0.006081   0.517567   1.228730   0.880923   0.063255  -0.044805   0.005842   0.023998  -0.129240  -0.026184  -0.020110  -0.012490 
  0.001679   0.440072   1.367201   0.886939   0.058442  -0.030882   0.007760  -0.077495   0.138471   0.006016  -0.004813   0.013923 
  0.001562   0.337612   1.599211   0.846087   0.071104  -0.027330  -0.000117  -0.102460   0.232010  -0.040852   0.012662   0.003552 
  0.018495   0.469405   1.454378   0.885449   0.076490  -0.036440   0.016933   0.131793  -0.144833   0.039362   0.005386  -0.009110 
  0.018018   0.506435   1.280190   0.881496   0.048644  -0.046581  -0.000477   0.037030  -0.174188  -0.003953  -0.027846  -0.010141 
  0.036859   0.454717   1.245804   0.876282   0.040966  -0.052884   0.018841  -0.051718  -0.034386  -0.005214  -0.007678  -0.006303 
  0.038730   0.351375   1.567492   0.858577   0.062338  -0.054431   0.001871  -0.103342   0.321688  -0.017705   0.021372  -0.001547 
  0.025559   0.410253   1.535981   0.853077   0.066062  -0.035810  -0.013171   0.058878  -0.031511  -0.005500   0.003724   0.018621 
  0.017479   0.502326   1.422552   0.875480   0.042857  -0.040508  -0.008080   0.092073  -0.113429   0.022403  -0.023205  -0.004698 
  0.007751   0.478547   1.333245   0.865453   0.032716  -0.039477  -0.009728  -0.023779  -0.089307  -0.010027  -0.010141   0.001031 
  0.018608   0.436376   1.488812   0.865510   0.034320  -0.036841   0.010857  -0.042171   0.155567   0.000057   0.001604   0.002636 
  0.020215   0.318495   1.668712   0.781801   0.053400  -0.013808   0.001607  -0.117881   0.179900  -0.083709   0.019080   0.023033 
  0.007862   0.479975   1.398436   0.867974   0.042456  -0.030138  -0.012353   0.161480  -0.270276   0.086173  -0.010944  -0.016330 
  0.007861   0.476553   1.281672   0.837836   0.011173  -0.040680  -0.000001  -0.003422  -0.116764  -0.030138  -0.031283  -0.010542 
  0.021694   0.428208   1.435916   0.838409   0.021429  -0.034721   0.013833  -0.048345   0.154244   0.000573   0.010256   0.005959 
  0.022299   0.313866   1.608741   0.790223   0.034607  -0.028992   0.000605  -0.114342   0.172825  -0.048186   0.013178   0.005729 
  0.000952   0.493604   1.359461   0.840930   0.042571  -0.019194  -0.021347   0.179738  -0.249280   0.050707   0.007964   0.009798 
  0.015057   0.457539   1.296831   0.843852   0.008021  -0.037758   0.014105  -0.036065  -0.062630   0.002922  -0.034550  -0.018564 
  0.019986   0.424978   1.456391   0.837951   0.011230  -0.030596   0.004929  -0.032561   0.159560  -0.005901   0.003209   0.007162 
  0.019840   0.274986   1.661107   0.742324   0.037758  -0.027731  -0.000146  -0.149992   0.204716  -0.095627   0.026528   0.002865 
  0.019668   0.473070   1.497557   0.818069   0.039190  -0.035351  -0.000172   0.198084  -0.163550   0.075745   0.001432  -0.007620 
  0.019839   0.489545   1.337602   0.841389   0.018564  -0.039018   0.000171   0.016475  -0.159955   0.023320  -0.020626  -0.003667 
  0.037477   0.409865   1.476477   0.815491   0.024465  -0.033575   0.017638  -0.079680   0.138875  -0.025898   0.005901   0.005443 
  0.038504   0.310731   1.625884   0.774925   0.037643  -0.030023   0.001027  -0.099134   0.149407  -0.040566   0.013178   0.003552 
  0.021449   0.460673   1.153233   0.791369   0.026814  -0.045378  -0.017055   0.149942  -0.472651   0.016444  -0.010829  -0.015355 
  0.016875   0.454065   0.900583   0.722672   0.005443  -0.062853  -0.004574  -0.006608  -0.252650  -0.068697  -0.021371  -0.017475 
  0.021288   0.345254   1.010765   0.683424   0.020054  -0.060161   0.004413  -0.108811   0.110182  -0.039248   0.014611   0.002692 
  0.021489   0.302820   1.226641   0.692362   0.032659  -0.045206   0.000201  -0.042434   0.215876   0.008938   0.012605   0.014955 
  0.003819   0.406581   0.964628   0.682679   0.037128  -0.036669  -0.017670   0.103761  -0.262013  -0.009683   0.004469   0.008537 
  0.021026   0.347466   0.578735   0.524142   0.012490  -0.074427   0.017207  -0.059115  -0.385893  -0.158537  -0.024638  -0.037758 
  0.033719   0.317801   0.874827   0.588198   0.022173  -0.056666   0.012693  -0.029665   0.296092   0.064056   0.009683   0.017761 
  0.032629   0.325839   0.947368   0.618393   0.049905  -0.039018  -0.001090   0.008038   0.072541   0.030195   0.027732   0.017648 
  0.032682   0.380071   0.853725   0.600804   0.022288  -0.048644   0.000053   0.054232  -0.093643  -0.017589  -0.027617  -0.009626 
  0.047816   0.353941   0.892743   0.614841   0.042571  -0.047785   0.015134  -0.026130   0.039018   0.014037   0.020283   0.000859 
  0.039885   0.287253   1.123947   0.610372   0.069271  -0.037471  -0.007931  -0.066688   0.231204  -0.004469   0.026700   0.010314 
  0.037899   0.357744   1.016434   0.610487   0.084511  -0.030309  -0.001986   0.070491  -0.107513   0.000115   0.015240   0.007162 
  0.034235   0.423593   0.926759   0.601892   0.047040  -0.017647  -0.003664   0.065849  -0.089675  -0.008595  -0.037471   0.012662 
  0.034245   0.352816   1.046815   0.596048   0.067552  -0.011746   0.000010  -0.070777   0.120056  -0.005844   0.020512   0.005901 
  0.034223   0.271057   1.233154   0.580750   0.067552  -0.015355  -0.000022  -0.081759   0.186339  -0.015298   0.000000  -0.003609 
  0.034050   0.378979   1.001871   0.564478   0.067552  -0.024351  -0.000173   0.107922  -0.231283  -0.016272   0.000000  -0.008996 
  0.022809   0.358338   1.015223   0.544023   0.077120  -0.035638  -0.011241  -0.020641   0.013352  -0.020455   0.009568  -0.011287 
  0.015090   0.204187   1.352981   0.375345   0.138942  -0.018621  -0.007719  -0.154151   0.337758  -0.168678   0.061822   0.017017 
  0.013981   0.313452   1.273743   0.478534   0.121410  -0.011688  -0.001109   0.109265  -0.079238   0.103189  -0.017532   0.006933 
  0.013978   0.376763   1.181058   0.535773   0.105367  -0.011746  -0.000003   0.063311  -0.092685   0.057239  -0.016043  -0.000058 
  0.014200   0.341313   1.185805   0.547518   0.085027  -0.011746   0.000222  -0.035450   0.004747   0.011745  -0.020340   0.000000 
  0.027357   0.249494   1.452436   0.487243   0.083595  -0.019882   0.013157  -0.091819   0.266631  -0.060275  -0.001432  -0.008136 
  0.027051   0.294852   1.421190   0.503401   0.087834  -0.020397  -0.000306   0.045358  -0.031246   0.016158   0.004239  -0.000515 
  0.023010   0.366606   1.334578   0.549524   0.065432  -0.015928  -0.004041   0.071754  -0.086612   0.046123  -0.022402   0.004469 
  0.127235   0.235300   1.890783   0.406399  -0.227693  -0.051566   0.104225  -0.131306   0.556205  -0.143125  -0.293125  -0.035638 
 -0.007207   0.060448   1.708601   0.184321  -0.609111   0.045206  -0.134442  -0.174852  -0.182182  -0.222078  -0.381418   0.096772 
  0.003380   0.277081   1.283409   0.365146  -0.551644   0.067895   0.010587   0.216633  -0.425192   0.180825   0.057467   0.022689 
  0.026245   0.358247   1.084357   0.492285  -0.504260   0.065890   0.022865   0.081166  -0.199052   0.127139   0.047384  -0.002005 
  0.031727   0.308280   1.097367   0.518412  -0.523683   0.062051   0.005482  -0.049967   0.013010   0.026127  -0.019423  -0.003839 
  0.036999   0.252646   1.385810   0.489077  -0.496869   0.066979   0.005272  -0.055634   0.288443  -0.029335   0.026814   0.004928 
  0.038011   0.251844   1.323547   0.481571  -0.501109   0.059072   0.001012  -0.000802  -0.062263  -0.007506  -0.004240  -0.007907 
  0.035837   0.366966   1.190625   0.528897  -0.499505   0.051222  -0.002174   0.115122  -0.132922   0.047326   0.001604  -0.007850 
  0.048023   0.305774   1.219367   0.520016  -0.519272   0.037815   0.012186  -0.061192   0.028742  -0.008881  -0.019767  -0.013407 
  0.046146   0.233752   1.476859   0.477274  -0.479967   0.060504  -0.001877  -0.072022   0.257492  -0.042742   0.039305   0.022689 
  0.043666   0.224694   1.479167   0.447079  -0.474352   0.061708  -0.002480  -0.009058   0.002308  -0.030195   0.005615   0.001204 
  0.049950   0.347901   1.299757   0.481743  -0.508615   0.051108   0.006284   0.123207  -0.179410   0.034664  -0.034263  -0.010600 
  0.045372   0.312719   1.225466   0.466560  -0.511193   0.046295  -0.004578  -0.035182  -0.074291  -0.015183  -0.002578  -0.004813 
  0.049052   0.272207   1.365653   0.438198  -0.486556   0.068067   0.003680  -0.040512   0.140187  -0.028362   0.024637   0.021772 
  0.042046   0.195960   1.538215   0.380157  -0.461575   0.083938  -0.007006  -0.076247   0.172562  -0.058041   0.024981   0.015871 
  0.025636   0.299628   1.443676   0.405482  -0.470456   0.077292  -0.016410   0.103668  -0.094539   0.025325  -0.008881  -0.006646 
  0.024385   0.313528   1.416421   0.434932  -0.511995   0.040852  -0.001251   0.013900  -0.027255   0.029450  -0.041539  -0.036440 
  0.032718   0.283698   1.461031   0.439745  -0.433213   0.039248   0.008333  -0.029830   0.044610   0.004813   0.078782  -0.001604 
  0.053214   0.209377   1.580260   0.393450  -0.397518   0.082678   0.020496  -0.074321   0.119229  -0.046295   0.035695   0.043430 
  0.064835   0.261561   1.482340   0.427770  -0.251127   0.043889   0.011621   0.052184  -0.097920   0.034320   0.146391  -0.038789 
  0.053793   0.341575   1.217714   0.479451  -0.223339   0.026070  -0.011042   0.080014  -0.264626   0.051681   0.027788  -0.017819 
  0.031175   0.379197   1.465085   0.954720  -0.213198   0.029450  -0.022618   0.037622   0.247371   0.475269   0.010141   0.003380 
  0.012339   0.507492   1.970382   1.296145  -0.221162   0.011803  -0.018836   0.128295   0.505297   0.341425  -0.007964  -0.017647 
  0.016244   0.362916   1.985217   0.890147  -0.176070   0.056035   0.003905  -0.144576   0.014835  -0.405998   0.045092   0.044232 
  0.057340   0.474824   2.395791   0.979930  -0.256227   0.018449   0.041096   0.111908   0.410574   0.089783  -0.080157  -0.037586 
  0.034196   0.399974   1.282405   0.741637   0.036211  -0.019137  -0.023144  -0.074850  -1.113386  -0.238293   0.292438  -0.037586 
  0.012900   0.282314   0.784488   0.467648   0.112414   0.014267  -0.021296  -0.117660  -0.497917  -0.273989   0.076203   0.033404 
  0.018316   0.273112   0.738987   0.459913   0.063312   0.004756   0.005416  -0.009202  -0.045501  -0.007735  -0.049102  -0.009511 
  0.038771   0.256153   0.784910   0.485066   0.058041  -0.010772   0.020455  -0.016959   0.045923   0.025153  -0.005271  -0.015528 
  0.024604   0.216272   1.156776   0.504719   0.066406   0.017418  -0.014167  -0.039881   0.371866   0.019653   0.008365   0.028190 
  0.013134   0.292941   1.009242   0.504661   0.100554   0.030252  -0.011470   0.076669  -0.147534  -0.000058   0.034148   0.012834 
  0.018923   0.333394   0.879994   0.494634   0.072880   0.003552   0.005789   0.040453  -0.129248  -0.010027  -0.027674  -0.026700 
  0.024207   0.299390   0.985705   0.506323   0.096887   0.000172   0.005284  -0.034004   0.105711   0.011689   0.024007  -0.003380 
  0.018982   0.191073   1.300861   0.504489   0.132009   0.023090  -0.005225  -0.108317   0.315156  -0.001834   0.035122   0.022918 
  0.005888   0.298714   1.133838   0.533137   0.120092   0.023147  -0.013094   0.107641  -0.167023   0.028648  -0.011917   0.000057 
  0.015305   0.318439   0.978114   0.491827   0.107888   0.023147   0.009417   0.019725  -0.155724  -0.041310  -0.012204   0.000000 
  0.021990   0.286449   1.050971   0.514631   0.108174   0.023147   0.006685  -0.031990   0.072857   0.022804   0.000286   0.000000 
  0.021348   0.215555   1.329917   0.502599   0.126624   0.023090  -0.000642  -0.070894   0.278946  -0.012032   0.018450  -0.000057 
  0.005518   0.307457   1.197031   0.504203   0.149886   0.023147  -0.015830   0.091902  -0.132886   0.001604   0.023262   0.000057 
  0.005860   0.343955   1.066104   0.496812   0.121524   0.026070   0.000342   0.036498  -0.130927  -0.007391  -0.028362   0.002923 
 -0.003507   0.297874   1.147340   0.518183   0.108232   0.035065  -0.009367  -0.046081   0.081236   0.021371  -0.013292   0.008995 
 -0.034100   0.219375   0.836440   0.493489   0.108174   0.044576  -0.030593  -0.078499  -0.310900  -0.024694  -0.000058   0.009511 
 -0.016518   0.312414   1.090923   0.577713   0.150860  -0.002750   0.017582   0.093039   0.254483   0.084224   0.042686  -0.047326 
 -0.008648   0.259079   1.216357   0.558577   0.140375   0.012204   0.007870  -0.053335   0.125434  -0.019136  -0.010485   0.014954 
  0.005366   0.313947   1.307331   0.521392   0.145531   0.004641   0.014014   0.054868   0.090974  -0.037185   0.005156  -0.007563 
  0.008320   0.232659   1.479075   0.442896   0.145073   0.009912   0.002954  -0.081288   0.171744  -0.078496  -0.000458   0.005271 
  0.003944   0.356630   1.267199   0.500536   0.142380   0.009798  -0.004376   0.123971  -0.211876   0.057640  -0.002693  -0.000114 
  0.007510   0.349794   1.234896   0.499562   0.128228   0.007334   0.003566  -0.006836  -0.032303  -0.000974  -0.014152  -0.002464 
  0.013662   0.249417   1.486264   0.430635   0.126223   0.023147   0.006152  -0.100377   0.251368  -0.068927  -0.002005   0.015813 
  0.001516   0.254920   1.427470   0.409894   0.143526   0.023147  -0.012146   0.005503  -0.058794  -0.020741   0.017303   0.000000 
  0.005112   0.371720   1.224525   0.469825   0.130978   0.007219   0.003596   0.116800  -0.202945   0.059931  -0.012548  -0.015928 
  0.015063   0.313056   1.284685   0.472117   0.142666   0.013293   0.009951  -0.058664   0.060160   0.002292   0.011688   0.006074 
  0.014718   0.234678   1.516068   0.405196   0.130978   0.023147  -0.000345  -0.078378   0.231383  -0.066921  -0.011688   0.009854 
  0.015215   0.302629   1.304562   0.425650   0.130978   0.002120   0.000497   0.067951  -0.211506   0.020454   0.000000  -0.021027 
  0.028222   0.364137   1.199906   0.473149   0.130978   0.005443   0.013007   0.061508  -0.104656   0.047499   0.000000   0.003323 
  0.034875   0.273101   1.427956   0.412243   0.139401  -0.001375   0.006653  -0.091036   0.228050  -0.060906   0.008423  -0.006818 
  0.034868   0.223158   1.429463   0.370818   0.141120  -0.009568  -0.000007  -0.049943   0.001507  -0.041425   0.001719  -0.008193 
  0.018543   0.358634   1.195263   0.420494   0.130978  -0.020397  -0.016325   0.135476  -0.234200   0.049676  -0.010142  -0.010829 
  0.042112   0.304012   1.260196   0.453210   0.130978  -0.018277   0.023569  -0.054622   0.064933   0.032716   0.000000   0.002120 
  0.045951   0.195055   1.513018   0.373053   0.130978  -0.015470   0.003839  -0.108957   0.252822  -0.080157   0.000000   0.002807 
  0.041322   0.340155   1.221110   0.446506   0.131035  -0.010714  -0.004629   0.145100  -0.291908   0.073453   0.000057   0.004756 
  0.041581   0.350468   1.214807   0.446964   0.115451  -0.006761   0.000259   0.010313  -0.006303   0.000458  -0.015584   0.003953 
  0.045417   0.222582   1.530020   0.387205   0.119805  -0.006761   0.003836  -0.127886   0.315213  -0.059759   0.004354   0.000000 
  0.027798   0.272328   1.450279   0.373225   0.102789   0.011173  -0.017619   0.049746  -0.079741  -0.013980  -0.017016   0.017934 
  0.027642   0.362842   1.301693   0.413274   0.098205   0.005901  -0.000156   0.090514  -0.148586   0.040049  -0.004584  -0.005272 
  0.032502   0.287195   1.396038   0.403591   0.130978   0.017876   0.004860  -0.075647   0.094345  -0.009683   0.032773   0.011975 
  0.029307   0.248616   1.376895   0.406055   0.150058   0.022288  -0.003195  -0.038579  -0.019143   0.002464   0.019080   0.004412 
  0.017159   0.365230   1.323080   0.439802   0.127827   0.017876  -0.012148   0.116614  -0.053815   0.033747  -0.022231  -0.004412 
  0.027786   0.299571   1.405599   0.412071   0.130978   0.017819   0.010627  -0.065659   0.082519  -0.027731   0.003151  -0.000057 
  0.033040   0.200072   1.623850   0.366063   0.105825   0.017876   0.005254  -0.099499   0.218251  -0.046008  -0.025153   0.000057 
  0.024978   0.326811   1.399510   0.393851   0.130978   0.017876  -0.008062   0.126739  -0.224340   0.027788   0.025153   0.000000 
  0.026717   0.358120   1.349550   0.402961   0.130978   0.002693   0.001739   0.031309  -0.049960   0.009110   0.000000  -0.015183 
  0.041743   0.237202   1.608125   0.386231   0.107716   0.017876   0.015026  -0.120918   0.258575  -0.016730  -0.023262   0.015183 
  0.044084   0.241002   1.534841   0.365203   0.130978   0.017876   0.002341   0.003800  -0.073284  -0.021028   0.023262   0.000000 
  0.027710   0.362466   1.298196   0.398779   0.119003   0.017819  -0.016374   0.121464  -0.236645   0.033576  -0.011975  -0.000057 
  0.031296   0.300916   1.418605   0.383080   0.130978   0.017819   0.003586  -0.061550   0.120409  -0.015699   0.011975   0.000000 
  0.038833   0.216997   1.548090   0.342743   0.130978   0.017876   0.007537  -0.083919   0.129485  -0.040337   0.000000   0.000057 
  0.026593   0.325376   1.348040   0.365834   0.121983   0.006933  -0.012240   0.108379  -0.200050   0.023091  -0.008995  -0.010943 
  0.039392   0.287192   1.367261   0.341196   0.111727   0.017876   0.012799  -0.038184   0.019221  -0.024638  -0.010256   0.010943 
  0.052035   0.179844   1.637378   0.319882   0.105997   0.002922   0.012643  -0.107348   0.270117  -0.021314  -0.005730  -0.014954 
  0.044728   0.266958   1.479370   0.318908   0.136937   0.017819  -0.007307   0.087114  -0.158008  -0.000974   0.030940   0.014897 
  0.034897   0.310657   1.378954   0.357067   0.119805   0.011975  -0.009831   0.043699  -0.100416   0.038159  -0.017132  -0.005844 
  0.040118   0.254266   1.527218   0.364630   0.121009   0.017819   0.005221  -0.056391   0.148264   0.007563   0.001204   0.005844 
  0.046854   0.192306   1.632698   0.318851   0.115165   0.011975   0.006736  -0.061960   0.105480  -0.045779  -0.005844  -0.005844 
  0.042025   0.310388   1.430779   0.318908   0.116826  -0.003323  -0.004829   0.118082  -0.201919   0.000057   0.001661  -0.015298 
  0.035827   0.280291   1.339972   0.341999   0.100898   0.006474  -0.006198  -0.030097  -0.090807   0.023091  -0.015928   0.009797 
  0.041027   0.254097   1.453487   0.350593   0.117055   0.017876   0.005200  -0.026194   0.113515   0.008594   0.016157   0.011402 
  0.045698   0.174174   1.618226   0.302235   0.084740   0.017876   0.004671  -0.079923   0.164739  -0.048358  -0.032315   0.000000 
  0.045889   0.284121   1.515155   0.308538   0.115107   0.013407   0.000191   0.109947  -0.103071   0.006303   0.030367  -0.004469 
  0.051365   0.297141   1.423636   0.331743   0.113045   0.006589   0.005476   0.013020  -0.091519   0.023205  -0.002062  -0.006818 
  0.054226   0.264797   1.467565   0.333977   0.111039   0.000974   0.002861  -0.032344   0.043929   0.002234  -0.002006  -0.005615 
  0.046527   0.185258   1.674026   0.299542   0.094767  -0.003839  -0.007699  -0.079539   0.206461  -0.034435  -0.016272  -0.004813 
  0.033458   0.280836   1.564240   0.322403   0.108977   0.017876  -0.013069   0.095578  -0.109786   0.022861   0.014210   0.021715 
  0.019347   0.318166   1.471037   0.335868   0.118717   0.017876  -0.014111   0.037330  -0.093203   0.013465   0.009740   0.000000 
  0.037061   0.261712   1.518400   0.317189   0.119805   0.017876   0.017714  -0.056454   0.047363  -0.018679   0.001088   0.000000 
  0.045557   0.184603   1.692152   0.306991   0.098434   0.017876   0.008496  -0.077109   0.173752  -0.010198  -0.021371   0.000000 
  0.045047   0.285046   1.537885   0.305100   0.114133   0.017876  -0.000510   0.100443  -0.154267  -0.001891   0.015699   0.000000 
  0.037912   0.310520   1.418828   0.319080   0.111727   0.017876  -0.007135   0.025474  -0.119057   0.013980  -0.002406   0.000000 
  0.044163   0.268584   1.403575   0.321601   0.123472   0.017876   0.006251  -0.041936  -0.015253   0.002521   0.011745   0.000000 
  0.042104   0.200699   1.650297   0.296792   0.108518   0.017876  -0.002059  -0.067885   0.246722  -0.024809  -0.014954   0.000000 
  0.033640   0.238645   1.598123   0.286479   0.113388   0.027788  -0.008464   0.037946  -0.052174  -0.010313   0.004870   0.009912 
