  0.000000   0.000000   0.000000   0.000000   0.000000   0.000000   0.000000   0.000000   0.000000   0.000000   0.000000   0.000000 
  0.000000   0.005527   0.000000   0.000000   0.000000   0.000000   0.000000   0.005527   0.000000   0.000000   0.000000   0.000000 
  0.000000   0.050552   0.025599  -0.006589   0.000000   0.000000   0.000000   0.045025   0.025599  -0.006589   0.000000   0.000000 
  0.012922   0.125231   0.021116   0.005901   0.000000  -0.014324   0.012922   0.074679  -0.004483   0.012490   0.000000  -0.014324 
  0.025175  -0.029796   0.836999  -0.106513  -0.066119   0.020168   0.012253  -0.155027   0.815883  -0.112414  -0.066119   0.034492 
  0.014413   0.041451   0.729365  -0.142781  -0.063885   0.028476  -0.010762   0.071247  -0.107634  -0.036268   0.002234   0.008308 
  0.033076   0.062132   0.616099  -0.070015   0.001662   0.012490   0.018663   0.020681  -0.113266   0.072766   0.065547  -0.015986 
  0.015160   0.106542   0.561534  -0.088407   0.013980  -0.009110  -0.017916   0.044410  -0.054565  -0.018392   0.012318  -0.021600 
  0.003759  -0.001953   0.730547   0.032716  -0.008365  -0.012319  -0.011401  -0.108495   0.169013   0.121123  -0.022345  -0.003209 
  0.002575   0.059931   0.760753  -0.083709  -0.031112   0.038331  -0.001184   0.061884   0.030206  -0.116425  -0.022747   0.050650 
 -0.001427   0.098750   0.727548  -0.165069  -0.037815   0.023262  -0.004002   0.038819  -0.033205  -0.081360  -0.006703  -0.015069 
  0.003967   0.071215   0.723186  -0.161058  -0.006990   0.029622   0.005394  -0.027535  -0.004362   0.004011   0.030825   0.006360 
  0.006259   0.062419   0.746028  -0.179221  -0.005099   0.020283   0.002292  -0.008796   0.022842  -0.018163   0.001891  -0.009339 
  0.008129   0.177209   0.695100  -0.160657  -0.006990   0.039419   0.001870   0.114790  -0.050928   0.018564  -0.001891   0.019136 
  0.009727   0.121705   0.657597  -0.136937   0.002063   0.045378   0.001598  -0.055504  -0.037503   0.023720   0.009053   0.005959 
  0.009256   0.074246   0.713915  -0.161460  -0.016960   0.032888  -0.000471  -0.047459   0.056318  -0.024523  -0.019023  -0.012490 
  0.012418   0.112916   0.708062  -0.165126  -0.008365   0.039992   0.003162   0.038670  -0.005853  -0.003666   0.008595   0.007104 
  0.011763   0.156089   0.697690  -0.152579  -0.000516   0.042857  -0.000655   0.043173  -0.010372   0.012547   0.007849   0.002865 
  0.010809   0.109648   0.690345  -0.138484   0.000229   0.045149  -0.000954  -0.046441  -0.007345   0.014095   0.000745   0.002292 
  0.008749   0.075860   0.729341  -0.155272  -0.009339   0.029164  -0.002060  -0.033788   0.038996  -0.016788  -0.009568  -0.015985 
  0.011629   0.111863   0.688010  -0.154699  -0.002578   0.029908   0.002880   0.036003  -0.041331   0.000573   0.006761   0.000744 
  0.016697   0.157186   0.645878  -0.131895   0.009053   0.030481   0.005068   0.045323  -0.042132   0.022804   0.011631   0.000573 
  0.016664   0.125121   0.617439  -0.127082   0.005157   0.034607  -0.000033  -0.032065  -0.028439   0.004813  -0.003896   0.004126 
  0.014836   0.123754   0.599047  -0.135505   0.004240   0.030252  -0.001828  -0.001367  -0.018392  -0.008423  -0.000917  -0.004355 
  0.013936   0.092958   0.633145  -0.158824   0.002807   0.030768  -0.000900  -0.030796   0.034098  -0.023319  -0.001433   0.000516 
  0.016175   0.113995   0.625831  -0.170054   0.008422   0.029966   0.002239   0.021037  -0.007314  -0.011230   0.005615  -0.000802 
  0.011304   0.159918   0.633236  -0.144786   0.004526   0.021257  -0.004871   0.045923   0.007405   0.025268  -0.003896  -0.008709 
  0.013069   0.124136   0.638998  -0.141864  -0.005500   0.032830   0.001765  -0.035782   0.005762   0.002922  -0.010026   0.011573 
  0.015157   0.081721   0.666238  -0.151490   0.005558   0.029278   0.002088  -0.042415   0.027240  -0.009626   0.011058  -0.003552 
  0.020581   0.101920   0.664597  -0.159970   0.006131   0.035466   0.005424   0.020199  -0.001641  -0.008480   0.000573   0.006188 
  0.019985   0.152768   0.640332  -0.144786   0.006188   0.030023  -0.000596   0.050848  -0.024265   0.015184   0.000057  -0.005443 
  0.018978   0.117095   0.606871  -0.136880   0.006131   0.032429  -0.001007  -0.035673  -0.033461   0.007906  -0.000057   0.002406 
  0.020174   0.082886   0.622516  -0.144786  -0.011918   0.020856   0.001196  -0.034209   0.015645  -0.007906  -0.018049  -0.011573 
  0.019796   0.111674   0.603601  -0.160142   0.008594   0.028705  -0.000378   0.028788  -0.018915  -0.015356   0.020512   0.007849 
  0.016411   0.141815   0.579046  -0.138026   0.004526   0.024924  -0.003385   0.030141  -0.024555   0.022116  -0.004068  -0.003781 
  0.012335   0.115532   0.548872  -0.115050   0.003037   0.020168  -0.004076  -0.026283  -0.030174   0.022976  -0.001489  -0.004756 
  0.015258   0.086293   0.574650  -0.137166   0.000802   0.029278   0.002923  -0.029239   0.025778  -0.022116  -0.002235   0.009110 
  0.017222   0.139855   0.566613  -0.159110   0.004297   0.025955   0.001964   0.053562  -0.008037  -0.021944   0.003495  -0.003323 
  0.015769   0.151821   0.546411  -0.114477   0.006360   0.013465  -0.001453   0.011966  -0.020202   0.044633   0.002063  -0.012490 
  0.017596   0.126441   0.539458  -0.107659   0.008652  -0.002235   0.001827  -0.025380  -0.006953   0.006818   0.002292  -0.015700 
  0.010710   0.075602   0.715612  -0.181513  -0.011860   0.031742  -0.006886  -0.050839   0.176154  -0.073854  -0.020512   0.033977 
 -0.004619   0.059203   0.737512  -0.151433  -0.021371   0.033747  -0.015329  -0.016399   0.021900   0.030080  -0.009511   0.002005 
 -0.017853   0.102846   0.881971  -0.150230   0.114305   0.030997  -0.013234   0.043643   0.144459   0.001203   0.135676  -0.002750 
  0.017611   0.135201   1.149229  -0.124275   0.015986   0.058499   0.035464   0.032355   0.267258   0.025955  -0.098319   0.027502 
 -0.000266   0.208580   1.129296   0.061822  -0.109034   0.134072  -0.017877   0.073379  -0.019933   0.186097  -0.125020   0.075573 
 -0.045844   0.383610   0.456249   0.376376   0.020340   0.096543  -0.045578   0.175030  -0.673047   0.314554   0.129374  -0.037529 
 -0.013877   0.371098  -0.639321   0.687148   0.090470   0.042743   0.031967  -0.012512  -1.095570   0.310772   0.070130  -0.053800 
 -0.082132   0.049237  -0.233001   1.306573   0.117170  -0.084511  -0.068255  -0.321861   0.406320   0.619425   0.026700  -0.127254 
 -0.047404  -0.384633   0.676114   1.775023   0.056093   0.095569   0.034728  -0.433870   0.909115   0.468450  -0.061077   0.180080 
 -0.027692  -0.458802   1.440057   1.574373  -0.059931   0.124504   0.019712  -0.074169   0.763943  -0.200650  -0.116024   0.028935 
 -0.092265   0.549801   0.645639   1.287665  -0.223167   0.140948  -0.064573   1.008603  -0.794418  -0.286708  -0.163236   0.016444 
 -0.040983   0.608792   0.514843   1.486482  -0.092991   0.155673   0.051282   0.058991  -0.130796   0.198817   0.130176   0.014725 
 -0.024759   0.467176   0.494416   1.397902  -0.051394   0.176586   0.016224  -0.141616  -0.020427  -0.088580   0.041597   0.020913 
 -0.024996   0.457745   0.493809   1.354415  -0.032716   0.177846  -0.000237  -0.009431  -0.000607  -0.043487   0.018678   0.001260 
 -0.027593   0.422038   0.515388   1.239480  -0.009740   0.187873  -0.002597  -0.035707   0.021579  -0.114935   0.022976   0.010027 
 -0.020522   0.403845   0.518798   1.207623   0.001261   0.184206   0.007071  -0.018193   0.003410  -0.031857   0.011001  -0.003667 
 -0.020042   0.388705   0.523961   1.202409   0.002750   0.191253   0.000480  -0.015140   0.005163  -0.005214   0.001489   0.007047 
 -0.029860   0.314008   0.589296   1.078822  -0.005099   0.178419  -0.009818  -0.074697   0.065335  -0.123587  -0.007849  -0.012834 
 -0.021248   0.355889   0.597976   1.043184   0.003380   0.182430   0.008612   0.041881   0.008680  -0.035638   0.008479   0.004011 
 -0.022560   0.423458   0.599229   1.069082   0.008537   0.180253  -0.001312   0.067569   0.001253   0.025898   0.005157  -0.002177 
 -0.028318   0.377946   0.595457   1.066618   0.024866   0.182086  -0.005758  -0.045512  -0.003772  -0.002464   0.016329   0.001833 
 -0.020753   0.341518   0.595703   1.039747   0.025611   0.169596   0.007565  -0.036428   0.000246  -0.026871   0.000745  -0.012490 
 -0.026297   0.299921   0.611132   0.973226   0.022746   0.178992  -0.005544  -0.041597   0.015429  -0.066521  -0.002865   0.009396 
 -0.022897   0.393961   0.590692   1.012187   0.030481   0.181628   0.003400   0.094040  -0.020440   0.038961   0.007735   0.002636 
 -0.036320   0.386394   0.586332   1.042497   0.025439   0.174695  -0.013423  -0.007567  -0.004360   0.030310  -0.005042  -0.006933 
 -0.021452   0.377762   0.601206   0.973914  -0.002005   0.165814   0.014868  -0.008632   0.014874  -0.068583  -0.027444  -0.008881 
 -0.017474   0.281252   0.592492   0.945380   0.009626   0.175726   0.003978  -0.096510  -0.008714  -0.028534   0.011631   0.009912 
 -0.015718   0.354943   0.560169   0.982795   0.009454   0.177159   0.001756   0.073691  -0.032323   0.037415  -0.000172   0.001433 
 -0.013641   0.336851   1.062973   0.998952   0.018392   0.187987   0.002077  -0.018092   0.502804   0.016157   0.008938   0.010828 
 -0.000317   0.376432   0.754396   0.900575  -0.046180   0.176700   0.013324   0.039581  -0.308577  -0.098377  -0.064572  -0.011287 
  0.085694   0.203648   0.903159   0.841102  -0.045894   0.072479   0.086011  -0.172784   0.148763  -0.059473   0.000286  -0.104221 
  0.043012   0.153636   1.451620   0.951396  -0.034034   0.154412  -0.042682  -0.050012   0.548461   0.110294   0.011860   0.081933 
 -0.018134   0.346958   0.999751   0.856285  -0.084225   0.094481  -0.061146   0.193322  -0.451869  -0.095111  -0.050191  -0.059931 
 -0.000359   0.348438   0.797562   0.637416  -0.008652   0.155558   0.017775   0.001480  -0.202189  -0.218869   0.075573   0.061077 
  0.003521   0.318950   0.822421   0.689898  -0.002349   0.156990   0.003880  -0.029488   0.024859   0.052482   0.006303   0.001432 
  0.003523   0.296289   0.821724   0.679299   0.010943   0.161746   0.000002  -0.022661  -0.000697  -0.010599   0.013292   0.004756 
  0.001497   0.352347   0.779528   0.671335   0.018965   0.173434  -0.002026   0.056058  -0.042196  -0.007964   0.008022   0.011688 
 -0.002511   0.351612   0.788288   0.679012   0.020512   0.174466  -0.004008  -0.000735   0.008760   0.007677   0.001547   0.001032 
  0.000780   0.322216   0.774937   0.678096   0.024236   0.174695   0.003291  -0.029396  -0.013351  -0.000916   0.003724   0.000229 
  0.000597   0.271326   0.768922   0.660506   0.019366   0.161746  -0.000183  -0.050890  -0.006015  -0.017590  -0.004870  -0.012949 
  0.000242   0.302574   0.758734   0.660506   0.022804   0.167991  -0.000355   0.031248  -0.010188   0.000000   0.003438   0.006245 
 -0.002867   0.406776   0.755555   0.677351   0.032773   0.165814  -0.003109   0.104202  -0.003179   0.016845   0.009969  -0.002177 
  0.000637   0.320614   0.793138   0.684341   0.027215   0.153839   0.003504  -0.086162   0.037583   0.006990  -0.005558  -0.011975 
 -0.001268   0.283063   0.763075   0.645380   0.012089   0.135676  -0.001905  -0.037551  -0.030063  -0.038961  -0.015126  -0.018163 
  0.001965   0.397365   0.728281   0.636384   0.023033   0.139802   0.003233   0.114302  -0.034794  -0.008996   0.010944   0.004126 
  0.003454   0.378059   0.787439   0.678153   0.029393   0.156475   0.001489  -0.019306   0.059158   0.041769   0.006360   0.016673 
  0.002618   0.301324   0.816166   0.686060   0.012032   0.141922  -0.000836  -0.076735   0.028727   0.007907  -0.017361  -0.014553 
  0.005018   0.304220   0.819566   0.674486   0.020856   0.143984   0.002400   0.002896   0.003400  -0.011574   0.008824   0.002062 
  0.013172   0.399530   0.794720   0.668699   0.010886   0.147136   0.008154   0.095310  -0.024846  -0.005787  -0.009970   0.003152 
  0.017691   0.375098   0.806634   0.700326   0.023663   0.152751   0.004519  -0.024432   0.011914   0.031627   0.012777   0.005615 
  0.014151   0.295092   0.793205   0.668699   0.016788   0.136994  -0.003540  -0.080006  -0.013429  -0.031627  -0.006875  -0.015757 
  0.014390   0.381049   0.773328   0.661824   0.019309   0.152980   0.000239   0.085957  -0.019877  -0.006875   0.002521   0.015986 
  0.015150   0.369656   0.795017   0.686346   0.029908   0.145130   0.000760  -0.011393   0.021689   0.024522   0.010599  -0.007850 
  0.015175   0.336170   0.816026   0.692018   0.031169   0.161803   0.000025  -0.033486   0.021009   0.005672   0.001261   0.016673 
  0.014185   0.284129   0.826697   0.674601   0.032830   0.142265  -0.000990  -0.052041   0.010671  -0.017417   0.001661  -0.019538 
  0.013287   0.344626   0.807327   0.660964   0.023147   0.140432  -0.000898   0.060497  -0.019370  -0.013637  -0.009683  -0.001833 
  0.012933   0.359916   0.820233   0.687148   0.032716   0.153209  -0.000354   0.015290   0.012906   0.026184   0.009569   0.012777 
  0.013528   0.336287   0.821820   0.695227   0.025898   0.141807   0.000595  -0.023629   0.001587   0.008079  -0.006818  -0.011402 
  0.002419   0.316289   0.759751   0.655922   0.054660   0.137567  -0.011109  -0.019998  -0.062069  -0.039305   0.028762  -0.004240 
 -0.002356   0.305719   0.694444   0.616674   0.036154   0.127827  -0.004775  -0.010570  -0.065307  -0.039248  -0.018506  -0.009740 
 -0.001290   0.357803   0.742003   0.656724   0.027502   0.135046   0.001066   0.052084   0.047559   0.040050  -0.008652   0.007219 
 -0.012933   0.328204   0.809443   0.697347   0.053514   0.146276  -0.011643  -0.029599   0.067440   0.040623   0.026012   0.011230 
 -0.027585   0.274187   1.134488   0.745189   0.116139   0.167934  -0.014652  -0.054017   0.325045   0.047842   0.062625   0.021658 
 -0.060691   0.225000   1.140111   0.751033   0.271525   0.149026  -0.033106  -0.049187   0.005623   0.005844   0.155386  -0.018908 
 -0.042213   0.226188   1.663796   0.847576   0.134244   0.129660   0.018478   0.001188   0.523685   0.096543  -0.137281  -0.019366 
  0.007548   0.632226   0.454931   0.861270  -0.030997   0.125993   0.049761   0.406038  -1.208865   0.013694  -0.165241  -0.003667 
  0.041405   0.070351   1.331501   0.609914   0.006073   0.092361   0.033857  -0.561875   0.876570  -0.251356   0.037070  -0.033632 
  0.064394   0.212782   1.598889   0.420551  -0.027387   0.109664   0.022989   0.142431   0.267388  -0.189363  -0.033460   0.017303 
  0.034769   0.269473   1.591393   0.443126  -0.004240   0.108576  -0.029625   0.056691  -0.007496   0.022575   0.023147  -0.001088 
  0.022534   0.236353   1.608051   0.381017   0.038847   0.141234  -0.012235  -0.033120   0.016658  -0.062109   0.043087   0.032658 
  0.026949   0.220716   1.630667   0.360906   0.033976   0.148453   0.004415  -0.015637   0.022616  -0.020111  -0.004871   0.007219 
  0.024775   0.335496   1.601673   0.396945   0.056723   0.148453  -0.002174   0.114780  -0.028994   0.036039   0.022747   0.000000 
  0.028391   0.306425   1.607570   0.409722   0.046696   0.150688   0.003616  -0.029071   0.005897   0.012777  -0.010027   0.002235 
  0.031168   0.264854   1.607824   0.396716   0.050077   0.151318   0.002777  -0.041571   0.000254  -0.013006   0.003381   0.000630 
  0.028586   0.203538   1.608315   0.358271   0.035294   0.152235  -0.002582  -0.061316   0.000491  -0.038445  -0.014783   0.000917 
  0.023687   0.337971   1.561663   0.418947   0.050077   0.157162  -0.004899   0.134433  -0.046652   0.060676   0.014783   0.004927 
  0.014348   0.366267   1.590756   0.373339   0.069729   0.151375  -0.009339   0.028296   0.029093  -0.045608   0.019652  -0.005787 
  0.032047   0.294068   1.634084   0.360047   0.050363   0.140375   0.017699  -0.072199   0.043328  -0.013292  -0.019366  -0.011000 
  0.028696   0.222388   1.632516   0.345436   0.032773   0.141979  -0.003351  -0.071680  -0.001568  -0.014611  -0.017590   0.001604 
  0.047805   0.131491   2.098907   0.135734   0.019481   0.122326   0.019109  -0.090897   0.466391  -0.209702  -0.013292  -0.019653 
  0.028810   0.427650   1.535545   0.345322   0.094595   0.149828  -0.018995   0.296159  -0.563362   0.209588   0.075114   0.027502 
  0.051900   0.338839   1.123233   0.339764   0.056895   0.142552   0.023090  -0.088811  -0.412312  -0.005558  -0.037700  -0.007276 
  0.075500   0.154938   1.726861   0.365261   0.042571   0.130520   0.023600  -0.183901   0.603628   0.025497  -0.014324  -0.012032 
  0.139801   0.183424   2.258774   0.452980  -0.038503   0.209473   0.064301   0.028486   0.531913   0.087719  -0.081074   0.078953 
  0.146770   0.124457   2.753108   0.249981  -0.050134   0.138312   0.006969  -0.058967   0.494334  -0.202999  -0.011631  -0.071161 
  0.077388   0.221961   2.441015   0.098262   0.003552   0.129030  -0.069382   0.097504  -0.312093  -0.151719   0.053686  -0.009282 
  0.069396   0.396454   2.007157   0.189076  -0.023549   0.135275  -0.007992   0.174493  -0.433858   0.090814  -0.027101   0.006245 
  0.066711   0.334822   1.925367   0.193029  -0.024752   0.125019  -0.002685  -0.061632  -0.081790   0.003953  -0.001203  -0.010256 
  0.059760   0.186890   1.945496   0.123186  -0.017590   0.116769  -0.006951  -0.147932   0.020129  -0.069843   0.007162  -0.008250 
  0.061302   0.161854   1.954147   0.118545  -0.025038   0.111612   0.001542  -0.025036   0.008651  -0.004641  -0.007448  -0.005157 
  0.064084   0.303989   1.881624   0.214802  -0.017475   0.107143   0.002782   0.142135  -0.072523   0.096257   0.007563  -0.004469 
  0.063025   0.271461   1.803684   0.283270  -0.026929   0.123644  -0.001059  -0.032528  -0.077940   0.068468  -0.009454   0.016501 
  0.057024   0.169238   1.846471   0.171085  -0.009969   0.128228  -0.006001  -0.102223   0.042787  -0.112185   0.016960   0.004584 
  0.061562   0.232516   1.850712   0.194405  -0.012720   0.140547   0.004538   0.063278   0.004241   0.023320  -0.002751   0.012319 
  0.065390   0.276540   1.800884   0.254565  -0.012834   0.143755   0.003828   0.044024  -0.049828   0.060160  -0.000114   0.003208 
  0.061391   0.177084   1.850961   0.174924   0.010829   0.142265  -0.003999  -0.099456   0.050077  -0.079641   0.023663  -0.001490 
  0.061786   0.095413   1.890772   0.146333   0.011459   0.147709   0.000395  -0.081671   0.039811  -0.028591   0.000630   0.005444 
  0.070083   0.206243   1.816633   0.244596   0.011574   0.160256   0.008297   0.110830  -0.074139   0.098263   0.000115   0.012547 
  0.069359   0.180039   1.816746   0.241273   0.016558   0.173492  -0.000724  -0.026204   0.000113  -0.003323   0.004984   0.013236 
  0.068838   0.108198   1.866817   0.186899   0.015183   0.173492  -0.000521  -0.071841   0.050071  -0.054374  -0.001375   0.000000 
  0.067790   0.123642   1.871423   0.138942  -0.000745   0.173492  -0.001048   0.015444   0.004606  -0.047957  -0.015928   0.000000 
  0.073753   0.162098   2.052654   0.115623  -0.018850   0.152120   0.005963   0.038456   0.181231  -0.023319  -0.018105  -0.021372 
  0.081645   0.021095   2.572387  -0.068640  -0.043774   0.173492   0.007892  -0.141003   0.519733  -0.184263  -0.024924   0.021372 
  0.069511  -0.033604   2.933139  -0.406571  -0.034664   0.166788  -0.012134  -0.054699   0.360752  -0.337931   0.009110  -0.006704 
  0.065630  -0.105793   3.210957  -0.729089   0.054030   0.122212  -0.003881  -0.072189   0.277818  -0.322518   0.088694  -0.044576 
  0.061800  -0.108894   3.517795  -0.925728   0.081532   0.110294  -0.003830  -0.003101   0.306838  -0.196639   0.027502  -0.011918 
  0.047936  -0.158903   3.700967  -1.014536   0.128343   0.088121  -0.013864  -0.050009   0.183172  -0.088808   0.046811  -0.022173 
  0.022420  -0.237845   3.916710  -1.111538   0.169538   0.081074  -0.025516  -0.078942   0.215743  -0.097002   0.041195  -0.007047 
  0.013727  -0.173859   3.985469  -1.143509   0.199676   0.065432  -0.008693   0.063986   0.068759  -0.031971   0.030138  -0.015642 
  0.013774  -0.145618   4.057602  -1.167058   0.208900   0.067323   0.000047   0.028241   0.072133  -0.023549   0.009224   0.001891 
  0.020588  -0.100387   3.660027  -1.071259   0.188274   0.063025   0.006814   0.045231  -0.397575   0.095799  -0.020626  -0.004298 
  0.023933  -0.048124   3.457588  -1.037054   0.174179   0.057754   0.003345   0.052263  -0.202439   0.034205  -0.014095  -0.005271 
  0.041159   0.033841   3.126779  -1.025021   0.092475   0.066234   0.017226   0.081965  -0.330809   0.012033  -0.081704   0.008480 
  0.041596  -0.059296   3.133544  -1.039345   0.081360   0.081589   0.000437  -0.093137   0.006765  -0.014324  -0.011115   0.015355 
  0.020561  -0.061721   2.955883  -0.798646   0.108518   0.081646  -0.021035  -0.002425  -0.177661   0.240699   0.027158   0.000057 
  0.007458   0.066368   2.750643  -0.822767   0.129546   0.031856  -0.013103   0.128089  -0.205240  -0.024121   0.021028  -0.049790 
  0.025044   0.226446   2.428924   0.033862   0.117514   0.025726   0.017586   0.160078  -0.321719   0.856629  -0.012032  -0.006130 
  0.012496  -0.026230   2.348517  -0.692706   0.015011   0.081646  -0.012548  -0.252676  -0.080407  -0.726568  -0.102503   0.055920 
  0.019646  -0.276815   3.032814  -0.928879   0.102273   0.111841   0.007150  -0.250585   0.684297  -0.236173   0.087262   0.030195 
  0.029285  -0.872443   4.181807  -1.923935   0.077693   0.198530   0.009639  -0.595628   1.148993  -0.995056  -0.024580   0.086689 
  0.075791  -1.443539   5.730368  -2.912746   0.087548   0.122899   0.046506  -0.571096   1.548561  -0.988811   0.009855  -0.075631 
  0.075826  -1.078323   5.592572  -2.735988   0.094595   0.129775   0.000035   0.365216  -0.137796   0.176758   0.007047   0.006876 
  0.094721  -0.764387   5.021526  -2.611141   0.071276   0.133213   0.018895   0.313936  -0.571046   0.124847  -0.023319   0.003438 
  0.110122  -0.919218   4.551971  -2.780793   0.047727   0.100440   0.015401  -0.154831  -0.469555  -0.169652  -0.023549  -0.032773 
  0.084288  -1.280183   5.281959  -2.997486   0.130634   0.091788  -0.025834  -0.360965   0.729988  -0.216693   0.082907  -0.008652 
  0.081151  -1.008907   5.274652  -2.879056   0.120092   0.091272  -0.003137   0.271276  -0.007307   0.118430  -0.010542  -0.000516 
  0.075921  -0.975269   5.182350  -2.698459   0.123931   0.087147  -0.005230   0.033638  -0.092302   0.180597   0.003839  -0.004125 
  0.076221  -0.999707   5.148687  -2.660128   0.118258   0.098549   0.000300  -0.024438  -0.033663   0.038331  -0.005673   0.011402 
  0.075348  -1.023497   5.093216  -2.645461   0.113388   0.096486  -0.000873  -0.023790  -0.055471   0.014667  -0.004870  -0.002063 
  0.074753  -0.892375   5.008191  -2.577336   0.111154   0.089324  -0.000595   0.131122  -0.085025   0.068125  -0.002234  -0.007162 
  0.063998  -0.492712   4.129350  -2.119371   0.078209   0.134702  -0.010755   0.399663  -0.878841   0.457965  -0.032945   0.045378 
  0.059825  -0.334002   2.812880  -1.312188   0.002292   0.131551  -0.004173   0.158710  -1.316470   0.807183  -0.075917  -0.003151 
  0.052058  -0.385564   2.737446  -1.291160   0.005615   0.137567  -0.007767  -0.051562  -0.075434   0.021028   0.003323   0.006016 
  0.046757  -0.366987   2.740062  -1.259705   0.013579   0.144156  -0.005301   0.018577   0.002616   0.031455   0.007964   0.006589 
  0.038613  -0.422943   2.756456  -1.273513  -0.003209   0.143068  -0.008144  -0.055956   0.016394  -0.013808  -0.016788  -0.001088 
  0.052275  -0.512840   2.777766  -1.313850   0.002636   0.149714   0.013662  -0.089897   0.021310  -0.040337   0.005845   0.006646 
  0.053827  -0.462208   2.766240  -1.315626  -0.012605   0.152178   0.001552   0.050632  -0.011526  -0.001776  -0.015241   0.002464 
  0.051736  -0.403570   2.745744  -1.276665  -0.021715   0.153495  -0.002091   0.058638  -0.020496   0.038961  -0.009110   0.001317 
  0.052426  -0.439428   2.754476  -1.295515  -0.005099   0.148110   0.000690  -0.035858   0.008732  -0.018850   0.016616  -0.005385 
  0.059712  -0.524051   2.786164  -1.332127  -0.009110   0.166043   0.007286  -0.084623   0.031688  -0.036612  -0.004011   0.017933 
  0.051344  -0.467902   2.814091  -1.362608  -0.013465   0.156246  -0.008368   0.056149   0.027927  -0.030481  -0.004355  -0.009797 
  0.090823  -0.857851   4.244719  -1.861826  -0.021371   0.175898   0.039479  -0.389949   1.430628  -0.499218  -0.007906   0.019652 
  0.077109  -1.434377   5.970129  -2.843303   0.076146   0.132411  -0.013714  -0.576526   1.725410  -0.981477   0.097517  -0.043487 
  0.080202  -1.282269   6.269882  -3.057245   0.025783   0.140203   0.003093   0.152108   0.299753  -0.213942  -0.050363   0.007792 
  0.067089  -1.235219   6.424481  -3.104801   0.025382   0.131437  -0.013113   0.047050   0.154599  -0.047556  -0.000401  -0.008766 
  0.073031  -1.184392   6.411966  -3.021951   0.030023   0.127025   0.005942   0.050827  -0.012515   0.082850   0.004641  -0.004412 
  0.055997  -1.240925   6.327115  -3.021550   0.063999   0.104909  -0.017034  -0.056533  -0.084851   0.000401   0.033976  -0.022116 
  0.057952  -1.168880   6.245214  -2.972849   0.046925   0.111154   0.001955   0.072045  -0.081901   0.048701  -0.017074   0.006245 
  0.062301  -1.093417   6.185075  -2.997486   0.023377   0.130749   0.004349   0.075463  -0.060139  -0.024637  -0.023548   0.019595 
  0.041528  -1.081609   6.037672  -3.046588   0.033174   0.089324  -0.020773   0.011808  -0.147403  -0.049102   0.009797  -0.041425 
  0.026316  -1.169933   5.982237  -3.067501   0.075860   0.058957  -0.015212  -0.088324  -0.055435  -0.020913   0.042686  -0.030367 
  0.014019  -1.065815   5.889955  -2.982016   0.085199   0.027445  -0.012297   0.104118  -0.092282   0.085485   0.009339  -0.031512 
  0.028232  -1.035631   5.927443  -3.157055   0.049332   0.051910   0.014213   0.030184   0.037488  -0.175039  -0.035867   0.024465 
 -0.045930  -1.180913   6.105309  -3.180489   0.145130   0.055290  -0.074162  -0.145282   0.177866  -0.023434   0.095798   0.003380 
  0.003551  -1.019954   6.123559  -3.180546   0.090699   0.036612   0.049481   0.160959   0.018250  -0.000057  -0.054431  -0.018678 
 -0.011063  -0.124452   3.920938  -2.111464   0.058213   0.118144  -0.014614   0.895502  -2.202621   1.069082  -0.032486   0.081532 
 -0.015115  -0.394166   2.941976  -1.553289   0.062510   0.112815  -0.004052  -0.269714  -0.978962   0.558175   0.004297  -0.005329 
 -0.009403  -0.526887   2.893535  -1.562914   0.016387   0.122728   0.005712  -0.132721  -0.048441  -0.009625  -0.046123   0.009913 
 -0.002469  -0.466422   2.887360  -1.522922   0.012777   0.122498   0.006934   0.060465  -0.006175   0.039992  -0.003610  -0.000230 
  0.008521  -0.507098   3.060904  -1.564232   0.037987   0.104336   0.010990  -0.040676   0.173544  -0.041310   0.025210  -0.018162 
  0.012698  -0.460388   2.860395  -1.401226  -0.004240   0.088980   0.004177   0.046710  -0.200509   0.163006  -0.042227  -0.015356 
  0.002670  -0.382732   2.628076  -1.380485   0.009282   0.075287  -0.010028   0.077656  -0.232319   0.020741   0.013522  -0.013693 
  0.020734  -0.338126   2.659132  -1.374297   0.017361   0.098434   0.018064   0.044606   0.031056   0.006188   0.008079   0.023147 
  0.014701  -0.518460   3.188561  -1.528078   0.039190   0.122498  -0.006033  -0.180334   0.529429  -0.153781   0.021829   0.024064 
  0.029366  -0.426510   3.023761  -1.482643  -0.004813   0.144500   0.014665   0.091950  -0.164800   0.045435  -0.044003   0.022002 
  0.022885  -0.377602   2.820462  -1.526302   0.012892   0.099580  -0.006481   0.048908  -0.203299  -0.043659   0.017705  -0.044920 
  0.019462  -0.340313   2.770907  -1.464251   0.020512   0.084511  -0.003423   0.037289  -0.049555   0.062051   0.007620  -0.015069 
  0.022511  -0.367198   2.797796  -1.432738   0.020512   0.092189   0.003049  -0.026885   0.026889   0.031513   0.000000   0.007678 
  0.023523  -0.381238   2.825930  -1.447692   0.022231   0.092304   0.001012  -0.014040   0.028134  -0.014954   0.001719   0.000115 
  0.026645  -0.460680   2.862033  -1.476283   0.000115   0.093679   0.003122  -0.079442   0.036103  -0.028591  -0.022116   0.001375 
  0.026757  -0.372819   2.823992  -1.434801   0.009511   0.085829   0.000112   0.087861  -0.038041   0.041482   0.009396  -0.007850 
  0.022747  -0.326081   2.809593  -1.414117   0.016616   0.085084  -0.004010   0.046738  -0.014399   0.020684   0.007105  -0.000745 
  0.021044  -0.405401   2.840256  -1.410966   0.016157   0.088694  -0.001703  -0.079320   0.030663   0.003151  -0.000459   0.003610 
  0.026993  -0.442157   2.843856  -1.420248   0.009683   0.102216   0.005949  -0.036756   0.003600  -0.009282  -0.006474   0.013522 
  0.028701  -0.351675   2.797197  -1.405351   0.017303   0.096429   0.001708   0.090482  -0.046659   0.014897   0.007620  -0.005787 
  0.027020  -0.379419   2.800767  -1.406898   0.026471   0.091158  -0.001681  -0.027744   0.003570  -0.001547   0.009168  -0.005271 
  0.026268  -0.455348   2.830473  -1.426722   0.021944   0.095168  -0.000752  -0.075929   0.029706  -0.019824  -0.004527   0.004010 
  0.027733  -0.384891   2.786008  -1.428728   0.024408   0.083709   0.001465   0.070457  -0.044465  -0.002006   0.002464  -0.011459 
  0.020746  -0.346205   2.764424  -1.381459   0.031341   0.084798  -0.006987   0.038686  -0.021584   0.047269   0.006933   0.001089 
  0.017615  -0.394533   2.808059  -1.374125   0.021486   0.087032  -0.003131  -0.048328   0.043635   0.007334  -0.009855   0.002234 
  0.022414  -0.465901   2.843855  -1.382375  -0.004011   0.100611   0.004799  -0.071368   0.035796  -0.008250  -0.025497   0.013579 
  0.020224  -0.374929   2.793069  -1.383808   0.019423   0.093621  -0.002190   0.090972  -0.050786  -0.001433   0.023434  -0.006990 
  0.021878  -0.364079   2.771326  -1.371145   0.010428   0.086459   0.001654   0.010850  -0.021743   0.012663  -0.008995  -0.007162 
  0.024976  -0.432853   2.814109  -1.392287   0.007850   0.097346   0.003098  -0.068774   0.042783  -0.021142  -0.002578   0.010887 
  0.023382  -0.441681   2.819460  -1.417440   0.033747   0.101414  -0.001594  -0.008828   0.005351  -0.025153   0.025897   0.004068 
  0.030219  -0.341494   2.764003  -1.379625   0.025096   0.092590   0.006837   0.100187  -0.055457   0.037815  -0.008651  -0.008824 
  0.033162  -0.405405   2.789347  -1.391485   0.030195   0.105482   0.002943  -0.063911   0.025344  -0.011860   0.005099   0.012892 
  0.028289  -0.486018   2.831720  -1.416695   0.013866   0.122498  -0.004873  -0.080613   0.042373  -0.025210  -0.016329   0.017016 
  0.038377  -0.423867   2.809534  -1.423571   0.007105   0.111555   0.010088   0.062151  -0.022186  -0.006876  -0.006761  -0.010943 
  0.029161  -0.367945   2.795754  -1.374640   0.012376   0.106341  -0.009216   0.055922  -0.013780   0.048931   0.005271  -0.005214 
  0.030596  -0.417596   2.804839  -1.358655   0.010371   0.107315   0.001435  -0.049651   0.009085   0.015985  -0.002005   0.000974 
  0.029935  -0.475713   2.834967  -1.396298   0.012777   0.122441  -0.000661  -0.058117   0.030128  -0.037643   0.002406   0.015126 
  0.027210  -0.406170   2.792097  -1.391199   0.014267   0.099294  -0.002725   0.069543  -0.042870   0.005099   0.001490  -0.023147 
  0.028359  -0.373252   2.779481  -1.376703   0.021199   0.097918   0.001149   0.032918  -0.012616   0.014496   0.006932  -0.001376 
  0.029783  -0.448928   2.811889  -1.412054   0.039992   0.096028   0.001424  -0.075676   0.032408  -0.035351   0.018793  -0.001890 
  0.031968  -0.472074   2.830260  -1.420248   0.022689   0.093908   0.002185  -0.023146   0.018371  -0.008194  -0.017303  -0.002120 
  0.033876  -0.380881   2.769800  -1.389824   0.016558   0.090241   0.001908   0.091193  -0.060460   0.030424  -0.006131  -0.003667 
  0.035205  -0.395721   2.759138  -1.383693   0.028533   0.094882   0.001329  -0.014840  -0.010662   0.006131   0.011975   0.004641 
  0.029979  -0.444327   2.781619  -1.400080   0.022976   0.099867  -0.005226  -0.048606   0.022481  -0.016387  -0.005557   0.004985 
  0.031196  -0.471108   2.796443  -1.402543   0.019882   0.104909   0.001217  -0.026781   0.014824  -0.002463  -0.003094   0.005042 
  0.032572  -0.377605   2.755427  -1.366619   0.026184   0.099122   0.001376   0.093503  -0.041016   0.035924   0.006302  -0.005787 
  0.027723  -0.396788   2.759279  -1.384037   0.022861   0.094939  -0.004849  -0.019183   0.003852  -0.017418  -0.003323  -0.004183 
  0.033196  -0.488382   2.795557  -1.410679   0.015814   0.094939   0.005473  -0.091594   0.036278  -0.026642  -0.007047   0.000000 
  0.033408  -0.401882   2.763472  -1.364785   0.022976   0.094939   0.000212   0.086500  -0.032085   0.045894   0.007162   0.000000 
  0.036817  -0.382630   2.746012  -1.374583   0.018507   0.094939   0.003409   0.019252  -0.017460  -0.009798  -0.004469   0.000000 
  0.031015  -0.433162   2.779726  -1.393433   0.013465   0.102101  -0.005802  -0.050532   0.033714  -0.018850  -0.005042   0.007162 
  0.032200  -0.461923   2.803430  -1.401569   0.019251   0.094882   0.001185  -0.028761   0.023704  -0.008136   0.005786  -0.007219 
  0.029932  -0.372539   2.761714  -1.384954   0.035695   0.081475  -0.002268   0.089384  -0.041716   0.016615   0.016444  -0.013407 
  0.028938  -0.410539   2.772439  -1.376302   0.032200   0.081704  -0.000994  -0.038000   0.010725   0.008652  -0.003495   0.000229 
  0.025957  -0.472097   2.790799  -1.381917   0.015699   0.091215  -0.002981  -0.061558   0.018360  -0.005615  -0.016501   0.009511 
  0.035583  -0.409066   2.796858  -1.397788   0.053228   0.062567   0.009626   0.063031   0.006059  -0.015871   0.037529  -0.028648 
  0.038065  -0.424716   2.847318  -1.346737   0.016387   0.067093   0.002482  -0.015650   0.050460   0.051051  -0.036841   0.004526 
 -0.002104  -0.587189   3.108270  -1.199430   0.020111   0.075401  -0.040169  -0.162473   0.260952   0.147307   0.003724   0.008308 
  0.023680  -0.449050   2.804241  -1.350060   0.031742   0.090126   0.025784   0.138139  -0.304029  -0.150630   0.011631   0.014725 
  0.024224  -0.358950   2.727187  -1.171756   0.056264   0.093106   0.000544   0.090100  -0.077054   0.178304   0.024522   0.002980 
  0.020983  -0.146271   2.468989  -0.703936   0.065604   0.080271  -0.003241   0.212679  -0.258198   0.467820   0.009340  -0.012835 
  0.027859  -0.266763   2.375373  -1.066618   0.061306   0.075344   0.006876  -0.120492  -0.093616  -0.362682  -0.004298  -0.004927 
  0.020170  -0.384385   2.468048  -1.164766   0.041826   0.080501  -0.007689  -0.117622   0.092675  -0.098148  -0.019480   0.005157 
  0.030748  -0.324412   2.564712  -1.147119   0.053629   0.085886   0.010578   0.059973   0.096664   0.017647   0.011803   0.005385 
  0.024635  -0.299432   2.614893  -1.139900   0.055520   0.096028  -0.006113   0.024980   0.050181   0.007219   0.001891   0.010142 
  0.026018  -0.365053   2.686563  -1.196393   0.044290   0.094538   0.001383  -0.065621   0.071670  -0.056493  -0.011230  -0.001490 
  0.025366  -0.407713   2.718192  -1.238563   0.055061   0.093850  -0.000652  -0.042660   0.031629  -0.042170   0.010771  -0.000688 
  0.027491  -0.303124   2.666405  -1.216046   0.057296   0.084855   0.002125   0.104589  -0.051787   0.022517   0.002235  -0.008995 
  0.035355  -0.297588   2.642446  -1.190893   0.049675   0.096944   0.007864   0.005536  -0.023959   0.025153  -0.007621   0.012089 
  0.037453  -0.366631   2.682790  -1.227046   0.059931   0.092819   0.002098  -0.069043   0.040344  -0.036153   0.010256  -0.004125 
  0.035770  -0.440927   2.735369  -1.274545   0.038617   0.107372  -0.001683  -0.074296   0.052579  -0.047499  -0.021314   0.014553 
  0.040230  -0.348148   2.695710  -1.233865   0.056895   0.089095   0.004460   0.092779  -0.039659   0.040680   0.018278  -0.018277 
  0.038403  -0.319570   2.679055  -1.210889   0.052769   0.101815  -0.001827   0.028578  -0.016655   0.022976  -0.004126   0.012720 
  0.037905  -0.399888   2.718354  -1.242860   0.058728   0.091788  -0.000498  -0.080318   0.039299  -0.031971   0.005959  -0.010027 
  0.036994  -0.422476   2.712003  -1.264117   0.046009   0.106398  -0.000911  -0.022588  -0.006351  -0.021257  -0.012719   0.014610 
  0.030725  -0.312570   2.656133  -1.226130   0.066692   0.099122  -0.006269   0.109906  -0.055870   0.037987   0.020683  -0.007276 
  0.031667  -0.332049   2.657250  -1.227562   0.081131   0.078724   0.000942  -0.019479   0.001117  -0.001432   0.014439  -0.020398 
  0.040549  -0.414873   2.694027  -1.270190   0.073281   0.072766   0.008882  -0.082824   0.036777  -0.042628  -0.007850  -0.005958 
  0.037164  -0.334406   2.657458  -1.246756   0.027674   0.085485  -0.003385   0.080467  -0.036569   0.023434  -0.045607   0.012719 
  0.041163  -0.272685   2.583566  -1.187799   0.074370   0.066062   0.003999   0.061721  -0.073892   0.058957   0.046696  -0.019423 
  0.036611  -0.317733   2.605955  -1.214613   0.077693   0.067036  -0.004552  -0.045048   0.022389  -0.026814   0.003323   0.000974 
  0.044550  -0.388372   2.672160  -1.299640   0.065088   0.065604   0.007939  -0.070639   0.066205  -0.085027  -0.012605  -0.001432 
  0.044997  -0.367974   2.677524  -1.301244   0.050993   0.070474   0.000447   0.020398   0.005364  -0.001604  -0.014095   0.004870 
  0.043332  -0.289129   2.595972  -1.238849   0.074083   0.066291  -0.001665   0.078845  -0.081552   0.062395   0.023090  -0.004183 
  0.040423  -0.338831   2.607139  -1.252715   0.074083   0.067552  -0.002909  -0.049702   0.011167  -0.013866   0.000000   0.001261 
  0.047349  -0.418156   2.664298  -1.332700   0.056780   0.075057   0.006926  -0.079325   0.057159  -0.079985  -0.017303   0.007505 
  0.047954  -0.340913   2.634951  -1.297348   0.050649   0.088522   0.000605   0.077243  -0.029347   0.035352  -0.006131   0.013465 
  0.043231  -0.285354   2.600846  -1.249220   0.078495   0.073109  -0.004723   0.055559  -0.034105   0.048128   0.027846  -0.015413 
  0.037027  -0.380438   2.630433  -1.309552   0.090241   0.071906  -0.006204  -0.095084   0.029587  -0.060332   0.011746  -0.001203 
  0.042276  -0.413361   2.650833  -1.348628   0.074026   0.061020   0.005249  -0.032923   0.020400  -0.039076  -0.016215  -0.010886 
  0.043116  -0.307025   2.574681  -1.276607   0.064343   0.071906   0.000840   0.106336  -0.076152   0.072021  -0.009683   0.010886 
  0.032366  -0.278031   2.563762  -1.255637   0.131723   0.051681  -0.010750   0.028994  -0.010919   0.020970   0.067380  -0.020225 
  0.028891  -0.329557   2.561004  -1.275748   0.122670   0.062051  -0.003475  -0.051526  -0.002758  -0.020111  -0.009053   0.010370 
  0.040068  -0.397750   2.615554  -1.355045   0.091272   0.073969   0.011177  -0.068193   0.054550  -0.079297  -0.031398   0.011918 
  0.042866  -0.364075   2.620652  -1.336424   0.091616   0.064916   0.002798   0.033675   0.005098   0.018621   0.000344  -0.009053 
  0.042242  -0.306923   2.580911  -1.324908   0.107659   0.060218  -0.000624   0.057152  -0.039741   0.011516   0.016043  -0.004698 
  0.035782  -0.349484   2.597350  -1.302161   0.103591   0.067265  -0.006460  -0.042561   0.016439   0.022747  -0.004068   0.007047 
  0.044866  -0.420446   2.625821  -1.348170   0.108518   0.069156   0.009084  -0.070962   0.028471  -0.046009   0.004927   0.001891 
  0.044939  -0.362325   2.597382  -1.293567   0.104966   0.068182   0.000073   0.058121  -0.028439   0.054603  -0.003552  -0.000974 
  0.048574  -0.320722   2.568453  -1.267153   0.103763   0.065661   0.003635   0.041603  -0.028929   0.026414  -0.001203  -0.002521 
  0.041680  -0.336025   2.611355  -1.289327   0.142609   0.051910  -0.006894  -0.015303   0.042902  -0.022174   0.038846  -0.013751 
  0.047892  -0.401890   2.610328  -1.334820   0.109206   0.052598   0.006212  -0.065865  -0.001027  -0.045493  -0.033403   0.000688 
  0.045842  -0.333634   2.555323  -1.291791   0.110409   0.065432  -0.002050   0.068256  -0.055005   0.043029   0.001203   0.012834 
  0.034264  -0.283489   2.527072  -1.245553   0.139515   0.068411  -0.011578   0.050145  -0.028251   0.046238   0.029106   0.002979 
  0.040436  -0.357896   2.572894  -1.309896   0.119576   0.076662   0.006172  -0.074407   0.045822  -0.064343  -0.019939   0.008251 
  0.049934  -0.409181   2.617332  -1.354759   0.097747   0.071792   0.009498  -0.051285   0.044438  -0.044863  -0.021829  -0.004870 
  0.053647  -0.325280   2.571801  -1.312646   0.112873   0.064687   0.003713   0.083901  -0.045531   0.042113   0.015126  -0.007105 
  0.051668  -0.326721   2.576035  -1.303651   0.119920   0.067609  -0.001979  -0.001441   0.004234   0.008995   0.007047   0.002922 
  0.052201  -0.424083   2.629666  -1.310011   0.092189   0.077349   0.000533  -0.097362   0.053631  -0.006360  -0.027731   0.009740 
  0.043899  -0.420344   2.619158  -1.322845   0.104679   0.069614  -0.008302   0.003739  -0.010508  -0.012834   0.012490  -0.007735 
  0.048673  -0.306176   2.588316  -1.251225   0.113045   0.064515   0.004774   0.114168  -0.030842   0.071620   0.008366  -0.005099 
  0.053075  -0.294519   2.551115  -1.197023   0.104851   0.068870   0.004402   0.011657  -0.037201   0.054202  -0.008194   0.004355 
  0.045850  -0.393445   2.582194  -1.280331   0.125936   0.061650  -0.007225  -0.098926   0.031079  -0.083308   0.021085  -0.007220 
  0.041681  -0.369244   2.587956  -1.309151   0.154183   0.060390  -0.004169   0.024201   0.005762  -0.028820   0.028247  -0.001260 
  0.042662  -0.313545   2.544013  -1.261023   0.147766   0.067151   0.000981   0.055699  -0.043943   0.048128  -0.006417   0.006761 
  0.039360  -0.315312   2.520889  -1.237302   0.144901   0.070989  -0.003302  -0.001767  -0.023124   0.023721  -0.002865   0.003838 
  0.047045  -0.406003   2.587340  -1.268987   0.109378   0.073568   0.007685  -0.090691   0.066451  -0.031685  -0.035523   0.002579 
  0.046214  -0.364767   2.564356  -1.284399   0.116196   0.071047  -0.000831   0.041236  -0.022984  -0.015412   0.006818  -0.002521 
  0.039832  -0.286159   2.530805  -1.228536   0.137739   0.074198  -0.006382   0.078608  -0.033551   0.055863   0.021543   0.003151 
  0.037334  -0.352231   2.559239  -1.251340   0.134760   0.077120  -0.002498  -0.066072   0.028434  -0.022804  -0.002979   0.002922 
  0.039837  -0.404760   2.573141  -1.301875   0.113045   0.079240   0.002503  -0.052529   0.013902  -0.050535  -0.021715   0.002120 
  0.027906  -0.309060   2.530001  -1.258387   0.144729   0.078323  -0.011931   0.095700  -0.043140   0.043488   0.031684  -0.000917 
  0.027373  -0.343835   2.517386  -1.240339   0.134702   0.079068  -0.000533  -0.034775  -0.012615   0.018048  -0.010027   0.000745 
  0.034773  -0.404767   2.556854  -1.265263   0.119347   0.079011   0.007400  -0.060932   0.039468  -0.024924  -0.015355  -0.000057 
  0.035175  -0.351306   2.536111  -1.256611   0.137854   0.078839   0.000402   0.053461  -0.020743   0.008652   0.018507  -0.000172 
  0.037678  -0.286618   2.501552  -1.204701   0.133327   0.077693   0.002503   0.064688  -0.034559   0.051910  -0.004527  -0.001146 
  0.035766  -0.286661   2.509558  -1.144655   0.122097   0.076490  -0.001912  -0.000043   0.008006   0.060046  -0.011230  -0.001203 
  0.038077  -0.356354   2.559556  -1.226875   0.127369   0.072536   0.002311  -0.069693   0.049998  -0.082220   0.005272  -0.003954 
  0.039357  -0.359107   2.552239  -1.231114   0.099695   0.067781   0.001280  -0.002753  -0.007317  -0.004239  -0.027674  -0.004755 
  0.031346  -0.264805   2.503528  -1.161500   0.102559   0.072938  -0.008011   0.094302  -0.048711   0.069614   0.002864   0.005157 
  0.030265  -0.336178   2.527010  -1.198169   0.143755   0.063369  -0.001081  -0.071373   0.023482  -0.036669   0.041196  -0.009569 
  0.032745  -0.395569   2.559272  -1.281535   0.125879   0.073568   0.002480  -0.059391   0.032262  -0.083366  -0.017876   0.010199 
  0.034025  -0.292821   2.531873  -1.210030   0.155100   0.070474   0.001280   0.102748  -0.027399   0.071505   0.029221  -0.003094 
  0.022975  -0.255506   2.487588  -1.138123   0.149084   0.066635  -0.011050   0.037315  -0.044285   0.071907  -0.006016  -0.003839 
  0.021427  -0.311752   2.529060  -1.162302   0.138369   0.065661  -0.001548  -0.056246   0.041472  -0.024179  -0.010715  -0.000974 
  0.021799  -0.349327   2.537634  -1.195992   0.144786   0.070932   0.000372  -0.037575   0.008574  -0.033690   0.006417   0.005271 
  0.017295  -0.265743   2.486398  -1.148322   0.135906   0.062682  -0.004504   0.083584  -0.051236   0.047670  -0.008880  -0.008250 
  0.022608  -0.250785   2.490847  -1.107757   0.128916   0.074427   0.005313   0.014958   0.004449   0.040565  -0.006990   0.011745 
  0.028792  -0.324699   2.522365  -1.159208   0.124905   0.059588   0.006184  -0.073914   0.031518  -0.051451  -0.004011  -0.014839 
  0.035086  -0.366305   2.514880  -1.218223   0.142896   0.073109   0.006294  -0.041606  -0.007485  -0.059015   0.017991   0.013521 
  0.029491  -0.254685   2.496760  -1.139097   0.125936   0.066349  -0.005595   0.111620  -0.018120   0.079126  -0.016960  -0.006760 
  0.025350  -0.245204   2.471636  -1.115434   0.141406   0.042857  -0.004141   0.009481  -0.025124   0.023663   0.015470  -0.023492 
  0.021929  -0.286178   2.498357  -1.135087   0.121410   0.046524  -0.003421  -0.040974   0.026721  -0.019653  -0.019996   0.003667 
  0.026576  -0.328246   2.521575  -1.181611   0.116139   0.046352   0.004647  -0.042068   0.023218  -0.046524  -0.005271  -0.000172 
  0.020349  -0.269022   2.478418  -1.149525   0.128457   0.043946  -0.006227   0.059224  -0.043157   0.032086   0.012318  -0.002406 
  0.019932  -0.224171   2.479126  -1.084208   0.120665   0.019767  -0.000417   0.044851   0.000708   0.065317  -0.007792  -0.024179 
  0.027545  -0.275663   2.504029  -1.100652   0.116139   0.025955   0.007613  -0.051492   0.024903  -0.016444  -0.004526   0.006188 
  0.018449  -0.363238   2.521844  -1.211118   0.166559   0.042800  -0.009096  -0.087575   0.017815  -0.110466   0.050420   0.016845 
  0.026964  -0.264735   2.502896  -1.142822   0.136708   0.045436   0.008515   0.098503  -0.018948   0.068296  -0.029851   0.002636 
  0.024548  -0.282505   2.504849  -1.138868   0.122957   0.060504  -0.002416  -0.017770   0.001953   0.003954  -0.013751   0.015068 
  0.021857  -0.306373   2.503552  -1.113314   0.117055   0.053801  -0.002691  -0.023868  -0.001297   0.025554  -0.005902  -0.006703 
  0.029532  -0.351258   2.521174  -1.160984   0.130462   0.051394   0.007675  -0.044885   0.017622  -0.047670   0.013407  -0.002407 
  0.028453  -0.320255   2.499626  -1.165969   0.102388   0.067036  -0.001079   0.031003  -0.021548  -0.004985  -0.028074   0.015642 
  0.025127  -0.239760   2.479755  -1.112913   0.106456   0.079240  -0.003326   0.080495  -0.019871   0.053056   0.004068   0.012204 
  0.028464  -0.254050   2.472362  -1.079338   0.099064   0.066463   0.003337  -0.014290  -0.007393   0.033575  -0.007392  -0.012777 
  0.026534  -0.315375   2.513397  -1.126263   0.115566   0.064171  -0.001930  -0.061325   0.041035  -0.046925   0.016502  -0.002292 
  0.030250  -0.357433   2.515336  -1.209628   0.130348   0.063713   0.003716  -0.042058   0.001939  -0.083365   0.014782  -0.000458 
  0.030552  -0.241648   2.446914  -1.099678   0.099064   0.062452   0.000302   0.115785  -0.068422   0.109950  -0.031284  -0.001261 
  0.026186  -0.268034   2.459437  -1.099506   0.116425   0.052941  -0.004366  -0.026386   0.012523   0.000172   0.017361  -0.009511 
  0.040267  -0.366092   2.519722  -1.189174   0.099064   0.079355   0.014081  -0.098058   0.060285  -0.089668  -0.017361   0.026414 
  0.031380  -0.308083   2.499852  -1.148265   0.112071   0.070989  -0.008887   0.058009  -0.019870   0.040909   0.013007  -0.008366 
  0.031074  -0.278030   2.495556  -1.111424   0.125019   0.074599  -0.000306   0.030053  -0.004296   0.036841   0.012948   0.003610 
  0.029272  -0.369873   2.527887  -1.188830   0.113331   0.066406  -0.001802  -0.091843   0.032331  -0.077406  -0.011688  -0.008193 
  0.028205  -0.338286   2.499507  -1.185908   0.122899   0.070245  -0.001067   0.031587  -0.028380   0.002922   0.009568   0.003839 
  0.025922  -0.245319   2.459981  -1.070973   0.075860   0.108289  -0.002283   0.092967  -0.039526   0.114935  -0.047039   0.038044 
  0.020807  -0.305895   2.675572  -1.081458   0.100554   0.084970  -0.005115  -0.060576   0.215591  -0.010485   0.024694  -0.023319 
 -0.021200  -0.592856   3.093964  -1.316256   0.075802   0.046983  -0.042007  -0.286961   0.418392  -0.234798  -0.024752  -0.037987 
 -0.017792  -0.364941   3.112478  -1.333330   0.052368   0.040107   0.003408   0.227915   0.018514  -0.017074  -0.023434  -0.006876 
  0.045869  -0.273119   2.768331  -1.250022   0.043373   0.061994   0.063661   0.091822  -0.344147   0.083308  -0.008995   0.021887 
  0.025217  -0.134418   2.211004  -1.191007   0.138598   0.035180  -0.020652   0.138701  -0.557327   0.059015   0.095225  -0.026814 
  0.013297  -0.381386   2.332828  -1.296260   0.142495   0.048186  -0.011920  -0.246968   0.121824  -0.105253   0.003897   0.013006 
  0.009388  -0.279569   2.286523  -1.227046   0.141635   0.045092  -0.003909   0.101817  -0.046305   0.069214  -0.000860  -0.003094 
  0.014924  -0.241904   2.284410  -1.185851   0.132525   0.045034   0.005536   0.037665  -0.002113   0.041195  -0.009110  -0.000058 
  0.019375  -0.347066   2.324335  -1.215186   0.130176   0.048530   0.004451  -0.105162   0.039925  -0.029335  -0.002349   0.003496 
  0.024557  -0.367616   2.337262  -1.257872   0.116712   0.037987   0.005182  -0.020550   0.012927  -0.042686  -0.013464  -0.010543 
  0.021750  -0.269356   2.304009  -1.205503   0.140718   0.042227  -0.002807   0.098260  -0.033253   0.052369   0.024006   0.004240 
  0.018014  -0.280418   2.329352  -1.161214   0.149427   0.040966  -0.003736  -0.011062   0.025343   0.044289   0.008709  -0.001261 
  0.014322  -0.323588   2.369394  -1.177256   0.145818   0.048243  -0.003692  -0.043170   0.040042  -0.016042  -0.003609   0.007277 
  0.018033  -0.359226   2.363191  -1.226130   0.149427   0.051165   0.003711  -0.035638  -0.006203  -0.048874   0.003609   0.002922 
  0.018509  -0.281374   2.326520  -1.205217   0.149427   0.041425   0.000476   0.077852  -0.036671   0.020913   0.000000  -0.009740 
  0.020626  -0.265138   2.329907  -1.164766   0.139630   0.049561   0.002117   0.016236   0.003387   0.040451  -0.009797   0.008136 
  0.025044  -0.336083   2.377155  -1.212379   0.143297   0.050420   0.004418  -0.070945   0.047248  -0.047613   0.003667   0.000859 
  0.022513  -0.335685   2.361808  -1.247730   0.145646   0.051452  -0.002531   0.000398  -0.015347  -0.035351   0.002349   0.001032 
  0.019672  -0.246255   2.311363  -1.183387   0.154240   0.038445  -0.002841   0.089430  -0.050445   0.064343   0.008594  -0.013007 
  0.019795  -0.262275   2.321083  -1.152161   0.149370   0.047785   0.000123  -0.016020   0.009720   0.031226  -0.004870   0.009340 
  0.027972  -0.342782   2.345065  -1.202352   0.154355   0.064400   0.008177  -0.080507   0.023982  -0.050191   0.004985   0.016615 
  0.024357  -0.295998   2.325611  -1.223494   0.157621   0.055290  -0.003615   0.046784  -0.019454  -0.021142   0.003266  -0.009110 
  0.024246  -0.242572   2.283244  -1.189747   0.176013   0.057353  -0.000111   0.053426  -0.042367   0.033747   0.018392   0.002063 
