 -0.000021   0.000000   0.000031   0.000000  -0.009740   0.000000   0.000000   0.000000   0.000000   0.000000   0.000000   0.000000 
  0.000000   0.044156  -0.009113  -0.015413   0.000000   0.000000   0.000021   0.044156  -0.009144  -0.015413   0.009740   0.000000 
  0.002583   0.085652   0.014423  -0.019652   0.000000   0.000000   0.002583   0.041496   0.023536  -0.004239   0.000000   0.000000 
  0.000000   0.114071   0.028725  -0.032315   0.000000   0.000000  -0.002583   0.028419   0.014302  -0.012663   0.000000   0.000000 
  0.000000   0.246283   0.070802  -0.053113   0.000000   0.000000   0.000000   0.132212   0.042077  -0.020798   0.000000   0.000000 
  0.000022   0.229276   0.077604  -0.062051   0.000000   0.000000   0.000022  -0.017007   0.006802  -0.008938   0.000000   0.000000 
  0.008043   0.148310   0.117110  -0.062796   0.011688   0.011574   0.008021  -0.080966   0.039506  -0.000745   0.011688   0.011574 
  0.008671   0.219746   0.117587  -0.074485   0.014496   0.007964   0.000628   0.071436   0.000477  -0.011689   0.002808  -0.003610 
  0.005047   0.286688   0.118104  -0.074485   0.016272   0.015241  -0.003624   0.066942   0.000517   0.000000   0.001776   0.007277 
  0.007055   0.209728   0.129059  -0.083136   0.024236   0.017361   0.002008  -0.076960   0.010955  -0.008651   0.007964   0.002120 
  0.007626   0.136342   0.141340  -0.074485   0.033461   0.013407   0.000571  -0.073386   0.012281   0.008651   0.009225  -0.003954 
  0.007799   0.259908   0.131795  -0.087663   0.033461   0.012319   0.000173   0.123566  -0.009545  -0.013178   0.000000  -0.001088 
  0.013663   0.272201   0.118428  -0.092304   0.033461   0.010199   0.005864   0.012293  -0.013367  -0.004641   0.000000  -0.002120 
  0.009209   0.181229   0.146254  -0.076662   0.033461   0.011115  -0.004454  -0.090972   0.027826   0.015642   0.000000   0.000916 
  0.006702   0.173440   0.147895  -0.083766   0.033461   0.008422  -0.002507  -0.007789   0.001641  -0.007104   0.000000  -0.002693 
  0.007452   0.291520   0.112102  -0.085142   0.033461   0.010141   0.000750   0.118080  -0.035793  -0.001376   0.000000   0.001719 
  0.000683   0.251409   0.102666  -0.092074   0.033461   0.010542  -0.006769  -0.040111  -0.009436  -0.006932   0.000000   0.000401 
  0.009104   0.132832   0.148740  -0.090184   0.033461   0.010428   0.008421  -0.118577   0.046074   0.001890   0.000000  -0.000114 
  0.012904   0.208604   0.141031  -0.099236   0.041539   0.013923   0.003800   0.075772  -0.007709  -0.009052   0.008078   0.003495 
  0.007182   0.282698   0.128006  -0.102617   0.041998   0.014324  -0.005722   0.074094  -0.013025  -0.003381   0.000459   0.000401 
  0.008037   0.192576   0.149172  -0.098835   0.048358   0.016558   0.000855  -0.090122   0.021166   0.003782   0.006360   0.002234 
  0.006131   0.147849   0.165150  -0.099408   0.051051   0.014954  -0.001906  -0.044727   0.015978  -0.000573   0.002693  -0.001604 
  0.000903   0.256703   0.165314  -0.110466   0.042399   0.014439  -0.005228   0.108854   0.000164  -0.011058  -0.008652  -0.000515 
  0.000625   0.255622   0.156191  -0.110753   0.024809   0.019538  -0.000278  -0.001081  -0.009123  -0.000287  -0.017590   0.005099 
  0.000616   0.197468   0.171370  -0.114878   0.026241   0.013407  -0.000009  -0.058154   0.015179  -0.004125   0.001432  -0.006131 
  0.010794   0.128692   0.199606  -0.121925   0.029622   0.009225   0.010178  -0.068776   0.028236  -0.007047   0.003381  -0.004182 
  0.010461   0.246297   0.193098  -0.131838   0.029221   0.003782  -0.000333   0.117605  -0.006508  -0.009913  -0.000401  -0.005443 
  0.012070   0.268089   0.185134  -0.124618   0.040966   0.000000   0.001609   0.021792  -0.007964   0.007220   0.011745  -0.003782 
  0.017940   0.196838   0.193227  -0.126394   0.050306   0.009053   0.005870  -0.071251   0.008093  -0.001776   0.009340   0.009053 
  0.013796   0.155204   0.214817  -0.136307   0.054947   0.000000  -0.004144  -0.041634   0.021590  -0.009913   0.004641  -0.009053 
  0.011897   0.261277   0.193108  -0.134072   0.040623   0.000000  -0.001899   0.106073  -0.021709   0.002235  -0.014324   0.000000 
  0.010853   0.270571   0.179110  -0.140948   0.054947   0.000000  -0.001044   0.009294  -0.013998  -0.006876   0.014324   0.000000 
  0.010162   0.159801   0.212721  -0.129546   0.067437   0.009339  -0.000691  -0.110770   0.033611   0.011402   0.012490   0.009339 
  0.010713   0.171465   0.203926  -0.142437   0.075229   0.005443   0.000551   0.011664  -0.008795  -0.012891   0.007792  -0.003896 
  0.010640   0.281177   0.204977  -0.133327   0.068411   0.006933  -0.000073   0.109712   0.001051   0.009110  -0.006818   0.001490 
  0.001067   0.225093   0.206278  -0.142781   0.063598   0.008365  -0.009573  -0.056084   0.001301  -0.009454  -0.004813   0.001432 
  0.011287   0.124680   0.238912  -0.127311   0.064802   0.000000   0.010220  -0.100413   0.032634   0.015470   0.001204  -0.008365 
  0.007498   0.229098   0.221506  -0.150802   0.071161   0.009511  -0.003789   0.104418  -0.017406  -0.023491   0.006359   0.009511 
  0.007180   0.262436   0.210645  -0.131780   0.069041   0.003782  -0.000318   0.033338  -0.010861   0.019022  -0.002120  -0.005729 
  0.008811   0.208239   0.221389  -0.135447   0.066291   0.003782   0.001631  -0.054197   0.010744  -0.003667  -0.002750   0.000000 
  0.008734   0.140227   0.247946  -0.143755   0.070015   0.000000  -0.000077  -0.068012   0.026557  -0.008308   0.003724  -0.003782 
  0.008915   0.245299   0.220996  -0.165126   0.047957   0.000000   0.000181   0.105072  -0.026950  -0.021371  -0.022058   0.000000 
  0.004670   0.283271   0.213359  -0.154412   0.050993   0.000000  -0.004245   0.037972  -0.007637   0.010714   0.003036   0.000000 
  0.001062   0.174614   0.257875  -0.161689   0.055691   0.000000  -0.003608  -0.108657   0.044516  -0.007277   0.004698   0.000000 
  0.008559   0.150556   0.256620  -0.159683   0.046868   0.000000   0.007497  -0.024058  -0.001255   0.002006  -0.008823   0.000000 
  0.006567   0.255612   0.229552  -0.171085   0.049102   0.000000  -0.001992   0.105056  -0.027068  -0.011402   0.002234   0.000000 
  0.003878   0.240804   0.193656  -0.171085   0.045092   0.000000  -0.002689  -0.014808  -0.035896   0.000000  -0.004010   0.000000 
  0.001056   0.154812   0.242654  -0.166903   0.052884   0.006875  -0.002822  -0.085992   0.048998   0.004182   0.007792   0.006875 
  0.007508   0.154458   0.247868  -0.169939   0.058213   0.000000   0.006452  -0.000354   0.005214  -0.003036   0.005329  -0.006875 
  0.007705   0.273801   0.225330  -0.178362   0.051452   0.000000   0.000197   0.119343  -0.022538  -0.008423  -0.006761   0.000000 
  0.008736   0.257165   0.224102  -0.168908   0.065317   0.000000   0.001031  -0.016636  -0.001228   0.009454   0.013865   0.000000 
  0.009580   0.157052   0.253209  -0.171658   0.049160   0.000000   0.000844  -0.100113   0.029107  -0.002750  -0.016157   0.000000 
  0.008085   0.230439   0.236309  -0.182086   0.047613   0.000000  -0.001495   0.073387  -0.016900  -0.010428  -0.001547   0.000000 
  0.009302   0.285683   0.210365  -0.180424   0.047154   0.000000   0.001217   0.055244  -0.025944   0.001662  -0.000459   0.000000 
  0.012105   0.194605   0.245052  -0.166673   0.069099   0.000000   0.002803  -0.091078   0.034687   0.013751   0.021945   0.000000 
  0.012106   0.143680   0.258536  -0.167819   0.063541   0.000000   0.000001  -0.050925   0.013484  -0.001146  -0.005558   0.000000 
  0.009193   0.261472   0.240141  -0.171372   0.050134   0.000000  -0.002913   0.117792  -0.018395  -0.003553  -0.013407   0.000000 
  0.008603   0.254311   0.218991  -0.165012   0.044003   0.000000  -0.000590  -0.007161  -0.021150   0.006360  -0.006131   0.000000 
  0.006530   0.156518   0.260647  -0.155157   0.046009   0.000000  -0.002073  -0.097793   0.041656   0.009855   0.002006   0.000000 
  0.007830   0.171303   0.245734  -0.158824   0.043029   0.000000   0.001300   0.014785  -0.014913  -0.003667  -0.002980   0.000000 
  0.008521   0.277854   0.221472  -0.172689   0.049102   0.000000   0.000691   0.106551  -0.024262  -0.013865   0.006073   0.000000 
  0.011431   0.240769   0.205747  -0.146333   0.055806   0.000000   0.002910  -0.037085  -0.015725   0.026356   0.006704   0.000000 
  0.014936   0.141700   0.246570  -0.154469   0.055921   0.000000   0.003505  -0.099069   0.040823  -0.008136   0.000115   0.000000 
  0.013886   0.188675   0.225714  -0.166444   0.049102   0.000000  -0.001050   0.046975  -0.020856  -0.011975  -0.006819   0.000000 
  0.016033   0.283294   0.211993  -0.174580   0.035065   0.000000   0.002147   0.094619  -0.013721  -0.008136  -0.014037   0.000000 
  0.010771   0.226928   0.219748  -0.167361   0.042456   0.000000  -0.005262  -0.056366   0.007755   0.007219   0.007391   0.000000 
  0.011822   0.135779   0.264548  -0.157220   0.043430   0.000000   0.001051  -0.091149   0.044800   0.010141   0.000974   0.000000 
  0.011936   0.240492   0.237907  -0.157277   0.046868   0.000000   0.000114   0.104713  -0.026641  -0.000057   0.003438   0.000000 
  0.009449   0.269331   0.225556  -0.150974   0.041769   0.000000  -0.002487   0.028839  -0.012351   0.006303  -0.005099   0.000000 
  0.008375   0.212525   0.253571  -0.157277   0.051222   0.000000  -0.001074  -0.056806   0.028015  -0.006303   0.009453   0.000000 
  0.010089   0.131905   0.260950  -0.144385   0.047842   0.000000   0.001714  -0.080620   0.007379   0.012892  -0.003380   0.000000 
  0.009965   0.288978   0.229801  -0.155329   0.044576   0.000000  -0.000124   0.157073  -0.031149  -0.010944  -0.003266   0.000000 
  0.008675   0.240723   0.238887  -0.161803   0.046524   0.000000  -0.001290  -0.048255   0.009086  -0.006474   0.001948   0.000000 
  0.010820   0.128116   0.276302  -0.148683   0.050420   0.000000   0.002145  -0.112607   0.037415   0.013120   0.003896   0.000000 
  0.012170   0.211934   0.242405  -0.152235   0.045493  -0.003037   0.001350   0.083818  -0.033897  -0.003552  -0.004927  -0.003037 
  0.008997   0.268146   0.215333  -0.150058   0.039591   0.000000  -0.003173   0.056212  -0.027072   0.002177  -0.005902   0.003037 
  0.008096   0.201871   0.229707  -0.154985   0.041539   0.000000  -0.000901  -0.066275   0.014374  -0.004927   0.001948   0.000000 
  0.013465   0.134415   0.271519  -0.145359   0.042055   0.000000   0.005369  -0.067456   0.041812   0.009626   0.000516   0.000000 
  0.014315   0.234062   0.237740  -0.161001   0.045206   0.000000   0.000850   0.099647  -0.033779  -0.015642   0.003151   0.000000 
  0.018196   0.272111   0.204644  -0.152693   0.041196   0.000000   0.003881   0.038049  -0.033096   0.008308  -0.004010   0.000000 
  0.012923   0.164895   0.243291  -0.160428   0.049733   0.000000  -0.005273  -0.107216   0.038647  -0.007735   0.008537   0.000000 
  0.018082   0.149717   0.237286  -0.149313   0.041425   0.000000   0.005159  -0.015178  -0.006005   0.011115  -0.008308   0.000000 
  0.011987   0.255688   0.216042  -0.162777   0.042972   0.000000  -0.006095   0.105971  -0.021244  -0.013464   0.001547   0.000000 
  0.008152   0.236681   0.188610  -0.144271   0.037471   0.000000  -0.003835  -0.019007  -0.027432   0.018506  -0.005501   0.000000 
  0.010687   0.149487   0.248567  -0.154068   0.045722   0.000000   0.002535  -0.087194   0.059957  -0.009797   0.008251   0.000000 
  0.010696   0.196101   0.244334  -0.155214   0.038159   0.000000   0.000009   0.046614  -0.004233  -0.001146  -0.007563   0.000000 
  0.004657   0.278183   0.219859  -0.159397   0.017131   0.000000  -0.006039   0.082082  -0.024475  -0.004183  -0.021028   0.000000 
  0.006080   0.221831   0.229836  -0.168450   0.015069   0.000000   0.001423  -0.056352   0.009977  -0.009053  -0.002062   0.000000 
  0.016458   0.136760   0.278274  -0.168450   0.028992   0.000000   0.010378  -0.085071   0.048438   0.000000   0.013923   0.000000 
  0.008017   0.242657   0.240947  -0.171085   0.018507   0.000000  -0.008441   0.105897  -0.037327  -0.002635  -0.010485   0.000000 
  0.008679   0.242169   0.232228  -0.175039   0.017017   0.000000   0.000662  -0.000488  -0.008719  -0.003954  -0.001490   0.000000 
  0.019120   0.139514   0.275831  -0.170799   0.026814  -0.002979   0.010441  -0.102655   0.043603   0.004240   0.009797  -0.002979 
  0.015727   0.220127   0.262134  -0.177330   0.021142  -0.004469  -0.003393   0.080613  -0.013697  -0.006531  -0.005672  -0.001490 
  0.007093   0.280101   0.253744  -0.189076  -0.001547   0.000000  -0.008634   0.059974  -0.008390  -0.011746  -0.022689   0.004469 
  0.017641   0.206092   0.268439  -0.181857   0.023033   0.000000   0.010548  -0.074009   0.014695   0.007219   0.024580   0.000000 
  0.016875   0.171910   0.276683  -0.161803   0.011803  -0.004412  -0.000766  -0.034182   0.008244   0.020054  -0.011230  -0.004412 
  0.011038   0.278399   0.253092  -0.202827   0.000630   0.000000  -0.005837   0.106489  -0.023591  -0.041024  -0.011173   0.004412 
  0.008643   0.256641   0.235708  -0.187185  -0.003782   0.000000  -0.002395  -0.021758  -0.017384   0.015642  -0.004412   0.000000 
  0.012023   0.193052   0.265260  -0.183576  -0.005443   0.000000   0.003380  -0.063589   0.029552   0.003609  -0.001661   0.000000 
  0.013995   0.142162   0.278297  -0.189764  -0.003438   0.000000   0.001972  -0.050890   0.013037  -0.006188   0.002005   0.000000 
  0.014685   0.259417   0.265395  -0.199447  -0.002521   0.000000   0.000690   0.117255  -0.012902  -0.009683   0.000917   0.000000 
  0.023534   0.261906   0.247901  -0.199447  -0.013636  -0.016673   0.008849   0.002489  -0.017494   0.000000  -0.011115  -0.016673 
  0.022481   0.223079   0.265334  -0.193545  -0.016902  -0.014954  -0.001053  -0.038827   0.017433   0.005902  -0.003266   0.001719 
  0.016624   0.165169   0.314831  -0.187529  -0.028075  -0.010714  -0.005857  -0.057910   0.049497   0.006016  -0.011173   0.004240 
  0.021792   0.204962   0.302733  -0.174408  -0.021830  -0.009053   0.005168   0.039793  -0.012098   0.013121   0.006245   0.001661 
  0.026577   0.303265   0.290547  -0.183862  -0.021887  -0.013980   0.004785   0.098303  -0.012186  -0.009454  -0.000057  -0.004927 
  0.025521   0.242913   0.287007  -0.184321  -0.018105  -0.013407  -0.001056  -0.060352  -0.003540  -0.000459   0.003782   0.000573 
  0.024836   0.153644   0.300623  -0.184664  -0.008594  -0.011803  -0.000685  -0.089269   0.013616  -0.000343   0.009511   0.001604 
  0.016781   0.230515   0.258785  -0.201853  -0.011058  -0.011287  -0.008055   0.076871  -0.041838  -0.017189  -0.002464   0.000516 
  0.025347   0.281008   0.227803  -0.192514  -0.005329  -0.015756   0.008566   0.050493  -0.030982   0.009339   0.005729  -0.004469 
  0.022286   0.218963   0.250933  -0.179508  -0.011459  -0.016788  -0.003061  -0.062045   0.023130   0.013006  -0.006130  -0.001032 
  0.020537   0.153554   0.270099  -0.171429  -0.005329  -0.015183  -0.001749  -0.065409   0.019166   0.008079   0.006130   0.001605 
  0.022757   0.270258   0.256663  -0.187644  -0.010027  -0.016673   0.002220   0.116704  -0.013436  -0.016215  -0.004698  -0.001490 
  0.025255   0.280436   0.237392  -0.174466  -0.009397  -0.018678   0.002498   0.010178  -0.019271   0.013178   0.000630  -0.002005 
  0.034775   0.213301   0.262818  -0.156990  -0.020225  -0.031169   0.009520  -0.067135   0.025426   0.017476  -0.010828  -0.012491 
  0.035409   0.156971   0.272255  -0.153094  -0.024351  -0.032487   0.000634  -0.056330   0.009437   0.003896  -0.004126  -0.001318 
  0.033604   0.276683   0.257363  -0.173033  -0.031742  -0.029737  -0.001805   0.119712  -0.014892  -0.019939  -0.007391   0.002750 
  0.037862   0.268445   0.252659  -0.162663  -0.028934  -0.030138   0.004258  -0.008238  -0.004704   0.010370   0.002808  -0.000401 
  0.034577   0.178389   0.262984  -0.150802  -0.028476  -0.031169  -0.003285  -0.090056   0.010325   0.011861   0.000458  -0.001031 
  0.033289   0.212770   0.263068  -0.157621  -0.024924  -0.032028  -0.001288   0.034381   0.000084  -0.006819   0.003552  -0.000859 
  0.032346   0.293010   0.247751  -0.154641  -0.034435  -0.034320  -0.000943   0.080240  -0.015317   0.002980  -0.009511  -0.002292 
  0.030635   0.243808   0.239523  -0.163064  -0.028476  -0.029450  -0.001711  -0.049202  -0.008228  -0.008423   0.005959   0.004870 
  0.031304   0.185187   0.278368  -0.148797  -0.025382  -0.028190   0.000669  -0.058621   0.038845   0.014267   0.003094   0.001260 
  0.033858   0.193420   0.268173  -0.143068  -0.025726  -0.031226   0.002554   0.008233  -0.010195   0.005729  -0.000344  -0.003036 
  0.037917   0.287293   0.242296  -0.157392  -0.022517  -0.035409   0.004059   0.093873  -0.025877  -0.014324   0.003209  -0.004183 
  0.033170   0.244544   0.216126  -0.138484  -0.028075  -0.030138  -0.004747  -0.042749  -0.026170   0.018908  -0.005558   0.005271 
  0.032932   0.182247   0.245656  -0.153438  -0.025439  -0.034435  -0.000238  -0.062297   0.029530  -0.014954   0.002636  -0.004297 
  0.032647   0.190778   0.238818  -0.148854  -0.030309  -0.031971  -0.000285   0.008531  -0.006838   0.004584  -0.004870   0.002464 
  0.032309   0.287948   0.210312  -0.156589  -0.029393  -0.031226  -0.000338   0.097170  -0.028506  -0.007735   0.000916   0.000745 
  0.037890   0.245787   0.188535  -0.143182  -0.022746  -0.032315   0.005581  -0.042161  -0.021777   0.013407   0.006647  -0.001089 
  0.037930   0.160682   0.247321  -0.157048  -0.022173  -0.027215   0.000040  -0.085105   0.058786  -0.013866   0.000573   0.005100 
  0.037688   0.214877   0.228940  -0.162835  -0.037414  -0.026184  -0.000242   0.054195  -0.018381  -0.005787  -0.015241   0.001031 
  0.037962   0.285197   0.216466  -0.159168  -0.018736  -0.030309   0.000274   0.070320  -0.012474   0.003667   0.018678  -0.004125 
  0.048748   0.242752   0.207436  -0.163694  -0.023434  -0.022002   0.010786  -0.042445  -0.009030  -0.004526  -0.004698   0.008307 
  0.054620   0.207176   0.232693  -0.163064  -0.062510  -0.000286   0.005872  -0.035576   0.025257   0.000630  -0.039076   0.021716 
  0.077594   0.167697   0.237928  -0.169653  -0.078151   0.022632   0.022974  -0.039479   0.005235  -0.006589  -0.015641   0.022918 
  0.077689   0.269979   0.211309  -0.185065  -0.076604   0.016157   0.000095   0.102282  -0.026619  -0.015412   0.001547  -0.006475 
  0.081513   0.266861   0.197044  -0.177732  -0.072651   0.019423   0.003824  -0.003118  -0.014265   0.007333   0.003953   0.003266 
  0.077750   0.203883   0.211306  -0.166731  -0.072479   0.024236  -0.003763  -0.062978   0.014262   0.011001   0.000172   0.004813 
  0.077646   0.147023   0.221901  -0.171486  -0.079355   0.026127  -0.000104  -0.056860   0.010595  -0.004755  -0.006876   0.001891 
  0.077798   0.259341   0.207537  -0.176528  -0.069958   0.020340   0.000152   0.112318  -0.014364  -0.005042   0.009397  -0.005787 
  0.077662   0.267341   0.177718  -0.170512  -0.078209   0.021772  -0.000136   0.008000  -0.029819   0.006016  -0.008251   0.001432 
  0.077565   0.225679   0.175604  -0.176700  -0.081990   0.018048  -0.000097  -0.041662  -0.002114  -0.006188  -0.003781  -0.003724 
  0.077583   0.135452   0.224836  -0.168564  -0.081074   0.012376   0.000018  -0.090227   0.049232   0.008136   0.000916  -0.005672 
  0.074928   0.232764   0.218622  -0.160084  -0.076490   0.010371  -0.002655   0.097312  -0.006214   0.008480   0.004584  -0.002005 
  0.077617   0.285043   0.188706  -0.152006  -0.077636   0.005099   0.002689   0.052279  -0.029916   0.008078  -0.001146  -0.005272 
  0.077522   0.226823   0.191972  -0.160084  -0.078610   0.007620  -0.000095  -0.058220   0.003266  -0.008078  -0.000974   0.002521 
  0.064190   0.142544   0.239984  -0.145875  -0.077006   0.013636  -0.013332  -0.084279   0.048012   0.014209   0.001604   0.006016 
  0.063736   0.249538   0.209116  -0.147537  -0.073740   0.005959  -0.000454   0.106994  -0.030868  -0.001662   0.003266  -0.007677 
  0.074134   0.288477   0.201751  -0.153094  -0.080042  -0.001547   0.010398   0.038939  -0.007365  -0.005557  -0.006302  -0.007506 
  0.065181   0.204857   0.224473  -0.141578  -0.078553   0.010600  -0.008953  -0.083620   0.022722   0.011516   0.001489   0.012147 
  0.073666   0.157132   0.240067  -0.141578  -0.083824   0.014439   0.008485  -0.047725   0.015594   0.000000  -0.005271   0.003839 
  0.073654   0.284141   0.205196  -0.156876  -0.092304   0.003037  -0.000012   0.127009  -0.034871  -0.015298  -0.008480  -0.011402 
  0.061096   0.262512   0.156712  -0.143469  -0.095856   0.011058  -0.012558  -0.021629  -0.048484   0.013407  -0.003552   0.008021 
  0.074060   0.194624   0.219692  -0.149771  -0.105195   0.006875   0.012964  -0.067888   0.062980  -0.006302  -0.009339  -0.004183 
  0.073183   0.174118   0.226334  -0.129259  -0.101242   0.000115  -0.000877  -0.020506   0.006642   0.020512   0.003953  -0.006760 
  0.060064   0.260470   0.146215  -0.123587  -0.105539  -0.007219  -0.013119   0.086352  -0.080119   0.005672  -0.004297  -0.007334 
  0.040405   0.239858   0.100339  -0.105653  -0.129832  -0.007219  -0.019659  -0.020612  -0.045876   0.017934  -0.024293   0.000000 
  0.053242   0.191087   0.170517  -0.120321  -0.118029  -0.007219   0.012837  -0.048771   0.070178  -0.014668   0.011803   0.000000 
  0.062573   0.148496   0.205380  -0.113904  -0.116024  -0.007219   0.009331  -0.042591   0.034863   0.006417   0.002005   0.000000 
  0.059200   0.274332   0.142302  -0.130176  -0.129832  -0.007219  -0.003373   0.125836  -0.063078  -0.016272  -0.013808   0.000000 
  0.058342   0.266737   0.067453  -0.121524  -0.146104  -0.007219  -0.000858  -0.007595  -0.074849   0.008652  -0.016272   0.000000 
  0.056717   0.209114   0.155062  -0.107315  -0.147193   0.003610  -0.001625  -0.057623   0.087609   0.014209  -0.001089   0.010829 
  0.052566   0.168081   0.210153  -0.115050  -0.158824  -0.007219  -0.004151  -0.041033   0.055091  -0.007735  -0.011631  -0.010829 
  0.055383   0.289347   0.175085  -0.133958  -0.154011   0.014037   0.002817   0.121266  -0.035068  -0.018908   0.004813   0.021256 
  0.067210   0.276022   0.154672  -0.130348  -0.157793   0.010600   0.011827  -0.013325  -0.020413   0.003610  -0.003782  -0.003437 
  0.066767   0.227754   0.186830  -0.140948  -0.153438   0.020225  -0.000443  -0.048268   0.032158  -0.010600   0.004355   0.009625 
  0.069038   0.185850   0.202836  -0.136650  -0.146792   0.009167   0.002271  -0.041904   0.016006   0.004298   0.006646  -0.011058 
  0.074254   0.289595   0.196053  -0.139286  -0.145130   0.009740   0.005216   0.103745  -0.006783  -0.002636   0.001662   0.000573 
  0.070856   0.306679   0.162229  -0.145188  -0.141635  -0.007219  -0.003398   0.017084  -0.033824  -0.005902   0.003495  -0.016959 
  0.065534   0.225802   0.174464  -0.139171  -0.138770   0.010829  -0.005322  -0.080877   0.012235   0.006017   0.002865   0.018048 
  0.067267   0.194909   0.192436  -0.142265  -0.129890   0.005615   0.001733  -0.030893   0.017972  -0.003094   0.008880  -0.005214 
  0.076024   0.296816   0.171156  -0.137281  -0.140890   0.000458   0.008757   0.101907  -0.021280   0.004984  -0.011000  -0.005157 
  0.070173   0.291035   0.153944  -0.137281  -0.129890   0.007047  -0.005851  -0.005781  -0.017212   0.000000   0.011000   0.006589 
  0.073804   0.188581   0.208359  -0.123873  -0.144271   0.004240   0.003631  -0.102454   0.054415   0.013408  -0.014381  -0.002807 
  0.076981   0.211752   0.207335  -0.120207  -0.142495   0.012433   0.003177   0.023171  -0.001024   0.003666   0.001776   0.008193 
  0.074881   0.300425   0.206895  -0.128572  -0.156246   0.011287  -0.002100   0.088673  -0.000440  -0.008365  -0.013751  -0.001146 
  0.075773   0.258131   0.186836  -0.129660  -0.146906   0.009110   0.000892  -0.042294  -0.020059  -0.001088   0.009340  -0.002177 
  0.076653   0.181352   0.223314  -0.110810  -0.147594   0.017647   0.000880  -0.076779   0.036478   0.018850  -0.000688   0.008537 
  0.075544   0.185465   0.231484  -0.104508  -0.140948   0.013980  -0.001109   0.004113   0.008170   0.006302   0.006646  -0.003667 
  0.072179   0.291381   0.194596  -0.116654  -0.150688   0.018621  -0.003365   0.105916  -0.036888  -0.012146  -0.009740   0.004641 
  0.071207   0.256144   0.190367  -0.115795  -0.143698   0.017991  -0.000972  -0.035237  -0.004229   0.000859   0.006990  -0.000630 
  0.077342   0.173413   0.240492  -0.116253  -0.146333   0.018105   0.006135  -0.082731   0.050125  -0.000458  -0.002635   0.000114 
  0.071935   0.209745   0.230463  -0.124332  -0.141750   0.019939  -0.005407   0.036332  -0.010029  -0.008079   0.004583   0.001834 
  0.072101   0.292744   0.191902  -0.123931  -0.137739   0.011975   0.000166   0.082999  -0.038561   0.000401   0.004011  -0.007964 
  0.068458   0.254592   0.183051  -0.115508  -0.142781   0.015527  -0.003643  -0.038152  -0.008851   0.008423  -0.005042   0.003552 
  0.069816   0.166501   0.234491  -0.102559  -0.140489   0.006589   0.001358  -0.088091   0.051440   0.012949   0.002292  -0.008938 
  0.073698   0.223506   0.229153  -0.115909  -0.142896   0.015126   0.003882   0.057005  -0.005338  -0.013350  -0.002407   0.008537 
  0.071460   0.285870   0.220495  -0.121467  -0.147938   0.014668  -0.002238   0.062364  -0.008658  -0.005558  -0.005042  -0.000458 
  0.066960   0.248464   0.196721  -0.121467  -0.150802   0.012662  -0.004500  -0.037406  -0.023774   0.000000  -0.002864  -0.002006 
  0.078313   0.186913   0.249032  -0.112987  -0.147651   0.014954   0.011353  -0.061551   0.052311   0.008480   0.003151   0.002292 
  0.074680   0.198445   0.228440  -0.090871  -0.145875  -0.007219  -0.003633   0.011532  -0.020592   0.022116   0.001776  -0.022173 
  0.071184   0.294499   0.213900  -0.105195  -0.149599  -0.007219  -0.003496   0.096054  -0.014540  -0.014324  -0.003724   0.000000 
  0.071518   0.235110   0.190633  -0.085313  -0.149943  -0.007219   0.000334  -0.059389  -0.023267   0.019882  -0.000344   0.000000 
  0.075130   0.197544   0.196400  -0.079756  -0.156819   0.006188   0.003612  -0.037566   0.005767   0.005557  -0.006876   0.013407 
  0.070141   0.137921   0.247083  -0.056322  -0.140948  -0.007219  -0.004989  -0.059623   0.050683   0.023434   0.015871  -0.013407 
  0.068645   0.237215   0.201179  -0.073797  -0.129890   0.009225  -0.001496   0.099294  -0.045904  -0.017475   0.011058   0.016444 
  0.072715   0.296914   0.191427  -0.088407  -0.145818   0.010485   0.004070   0.059699  -0.009752  -0.014610  -0.015928   0.001260 
  0.070444   0.237693   0.165995  -0.085084  -0.150917   0.016100  -0.002271  -0.059221  -0.025432   0.003323  -0.005099   0.005615 
  0.078791   0.160467   0.204741  -0.075860  -0.144213   0.018392   0.008347  -0.077226   0.038746   0.009224   0.006704   0.002292 
  0.081587   0.236698   0.183112  -0.090241  -0.145703   0.024981   0.002796   0.076231  -0.021629  -0.014381  -0.001490   0.006589 
  0.081553   0.299205   0.150405  -0.100153  -0.138713   0.016902  -0.000034   0.062507  -0.032707  -0.009912   0.006990  -0.008079 
  0.074288   0.225176   0.153086  -0.090585  -0.129890   0.016788  -0.007265  -0.074029   0.002681   0.009568   0.008823  -0.000114 
  0.077406   0.156681   0.193746  -0.078896  -0.156188   0.022345   0.003118  -0.068495   0.040660   0.011689  -0.026298   0.005557 
  0.083272   0.273234   0.157664  -0.097346  -0.129832   0.019137   0.005866   0.116553  -0.036082  -0.018450   0.026356  -0.003208 
  0.075152   0.301035   0.080238  -0.090470  -0.129890   0.010600  -0.008120   0.027801  -0.077426   0.006876  -0.000058  -0.008537 
  0.074170   0.199590   0.151930  -0.088178  -0.147938   0.016501  -0.000982  -0.101445   0.071692   0.002292  -0.018048   0.005901 
  0.075340   0.187959   0.168979  -0.086689  -0.149714   0.019710   0.001170  -0.011631   0.017049   0.001489  -0.001776   0.003209 
  0.074810   0.289417   0.120006  -0.101471  -0.153954   0.010772  -0.000530   0.101458  -0.048973  -0.014782  -0.004240  -0.008938 
  0.064719   0.241250   0.111842  -0.090757  -0.160715   0.010199  -0.010091  -0.048167  -0.008164   0.010714  -0.006761  -0.000573 
  0.077156   0.157405   0.182989  -0.082563  -0.165184   0.022288   0.012437  -0.083845   0.071147   0.008194  -0.004469   0.012089 
  0.077377   0.222586   0.172350  -0.096486  -0.160715   0.024752   0.000221   0.065181  -0.010639  -0.013923   0.004469   0.002464 
  0.065869   0.272291   0.111879  -0.083595  -0.179221   0.019079  -0.011508   0.049705  -0.060471   0.012891  -0.018506  -0.005673 
  0.066664   0.232719   0.103112  -0.087319  -0.189191   0.010084   0.000795  -0.039572  -0.008767  -0.003724  -0.009970  -0.008995 
  0.077083   0.156962   0.168010  -0.080730  -0.178706   0.027215   0.010419  -0.075757   0.064898   0.006589   0.010485   0.017131 
  0.082863   0.221224   0.162621  -0.089553  -0.183748   0.023720   0.005780   0.064262  -0.005389  -0.008823  -0.005042  -0.003495 
  0.077094   0.293530   0.134510  -0.093335  -0.174638   0.018220  -0.005769   0.072306  -0.028111  -0.003782   0.009110  -0.005500 
  0.077232   0.239918   0.123294  -0.089897  -0.169080   0.018335   0.000138  -0.053612  -0.011216   0.003438   0.005558   0.000115 
  0.077223   0.157725   0.173942  -0.089210  -0.162605   0.022116  -0.000009  -0.082193   0.050648   0.000687   0.006475   0.003781 
  0.077339   0.223768   0.148108  -0.092934  -0.162090   0.025611   0.000116   0.066043  -0.025834  -0.003724   0.000515   0.003495 
  0.073659   0.281122   0.099241  -0.071620  -0.194233   0.027387  -0.003680   0.057354  -0.048867   0.021314  -0.032143   0.001776 
  0.077017   0.248943   0.104597  -0.075516  -0.183748   0.026012   0.003358  -0.032179   0.005356  -0.003896   0.010485  -0.001375 
  0.083931   0.166685   0.192942  -0.061937  -0.183748   0.028361   0.006914  -0.082258   0.088345   0.013579   0.000000   0.002349 
  0.089544   0.213738   0.177602  -0.068698  -0.183748   0.029966   0.005613   0.047053  -0.015340  -0.006761   0.000000   0.001605 
  0.090246   0.311071   0.084811  -0.087261  -0.179737   0.004183   0.000702   0.097333  -0.092791  -0.018563   0.004011  -0.025783 
  0.063501   0.253052  -0.052702  -0.153152  -0.207124  -0.007219  -0.026745  -0.058019  -0.137513  -0.065891  -0.027387  -0.011402 
  0.063221   0.185859   0.042182  -0.137109  -0.189534  -0.007219  -0.000280  -0.067193   0.094884   0.016043   0.017590   0.000000 
  0.076760   0.246341   0.080544  -0.133728  -0.183748  -0.007277   0.013539   0.060482   0.038362   0.003381   0.005786  -0.000058 
  0.076685   0.283430   0.027990  -0.121181  -0.183748  -0.011688  -0.000075   0.037089  -0.052554   0.012547   0.000000  -0.004411 
  0.072163   0.192286   0.092845  -0.112013  -0.183748  -0.007219  -0.004522  -0.091144   0.064855   0.009168   0.000000   0.004469 
  0.076796   0.186259   0.124802  -0.112586  -0.178534  -0.007219   0.004633  -0.006027   0.031957  -0.000573   0.005214   0.000000 
  0.076763   0.292165   0.096556  -0.105768  -0.183748  -0.007219  -0.000033   0.105906  -0.028246   0.006818  -0.005214   0.000000 
  0.076756   0.260223   0.077192  -0.110352  -0.183748  -0.007219  -0.000007  -0.031942  -0.019364  -0.004584   0.000000   0.000000 
  0.077054   0.165934   0.152083  -0.153381  -0.160027  -0.007219   0.000298  -0.094289   0.074891  -0.043029   0.023721   0.000000 
  0.073725   0.207644   0.119454  -0.102559  -0.183748  -0.007219  -0.003329   0.041710  -0.032629   0.050822  -0.023721   0.000000 
  0.074188   0.280347   0.076651  -0.108461  -0.183805  -0.015928   0.000463   0.072703  -0.042803  -0.005902  -0.000057  -0.008709 
  0.076760   0.225594   0.100279  -0.103992  -0.183748  -0.007219   0.002572  -0.054753   0.023628   0.004469   0.000057   0.008709 
  0.084441   0.141043   0.133152  -0.091444  -0.183805   0.002063   0.007681  -0.084551   0.032873   0.012548  -0.000057   0.009282 
  0.076509   0.271272   0.116820  -0.100841  -0.195149  -0.007219  -0.007932   0.130229  -0.016332  -0.009397  -0.011344  -0.009282 
  0.089323   0.276597   0.080073  -0.097918  -0.183748  -0.007219   0.012814   0.005325  -0.036747   0.002923   0.011401   0.000000 
  0.076763   0.199892   0.137744  -0.098950  -0.183748  -0.007219  -0.012560  -0.076705   0.057671  -0.001032   0.000000   0.000000 
  0.082501   0.147316   0.161535  -0.092189  -0.176013  -0.007219   0.005738  -0.052576   0.023791   0.006761   0.007735   0.000000 
  0.081290   0.289200   0.131547  -0.120264  -0.163121   0.000859  -0.001211   0.141884  -0.029988  -0.028075   0.012892   0.008078 
  0.086228   0.262863   0.059594  -0.096372  -0.180482  -0.007219   0.004938  -0.026337  -0.071953   0.023892  -0.017361  -0.008078 
  0.076753   0.160984   0.152857  -0.085886  -0.183748  -0.007219  -0.009475  -0.101879   0.093263   0.010486  -0.003266   0.000000 
  0.076760   0.167420   0.154162  -0.079240  -0.183748  -0.007219   0.000007   0.006436   0.001305   0.006646   0.000000   0.000000 
  0.074517   0.295752   0.026575  -0.101585  -0.183805  -0.032544  -0.002243   0.128332  -0.127587  -0.022345  -0.000057  -0.025325 
  0.073739   0.232104   0.047908  -0.110237  -0.183805  -0.032258  -0.000778  -0.063648   0.021333  -0.008652   0.000000   0.000286 
  0.076785   0.148057   0.123908  -0.113675  -0.180825  -0.007219   0.003046  -0.084047   0.076000  -0.003438   0.002980   0.025039 
  0.076588   0.259793   0.104542  -0.117342  -0.183748  -0.033060  -0.000197   0.111736  -0.019366  -0.003667  -0.002923  -0.025841 
  0.076527   0.277797   0.049049  -0.100726  -0.180367  -0.049217  -0.000061   0.018004  -0.055493   0.016616   0.003381  -0.016157 
  0.073793   0.199659   0.116238  -0.094481  -0.183805  -0.036211  -0.002734  -0.078138   0.067189   0.006245  -0.003438   0.013006 
  0.076620   0.130507   0.189447  -0.103476  -0.183805  -0.025955   0.002827  -0.069152   0.073209  -0.008995   0.000000   0.010256 
  0.062695   0.238518   0.176856  -0.116826  -0.183805  -0.021028  -0.013925   0.108011  -0.012591  -0.013350   0.000000   0.004927 
  0.073328   0.236407   0.115470  -0.103992  -0.187243  -0.031627   0.010633  -0.002111  -0.061386   0.012834  -0.003438  -0.010599 
  0.076598   0.181529   0.185309  -0.102158  -0.193545  -0.012204   0.003270  -0.054878   0.069839   0.001834  -0.006302   0.019423 
  0.083062   0.135106   0.235669  -0.094882  -0.194863  -0.009855   0.006464  -0.046423   0.050360   0.007276  -0.001318   0.002349 
  0.076347   0.252810   0.225764  -0.091902  -0.209130  -0.009167  -0.006715   0.117704  -0.009905   0.002980  -0.014267   0.000688 
  0.076203   0.249418   0.162446  -0.087090  -0.205176  -0.031169  -0.000144  -0.003392  -0.063318   0.004812   0.003954  -0.022002 
  0.076765   0.186707   0.180622  -0.096314  -0.185352  -0.023491   0.000562  -0.062711   0.018176  -0.009224   0.019824   0.007678 
  0.076735   0.156906   0.214404  -0.097918  -0.184149  -0.026700  -0.000030  -0.029801   0.033782  -0.001604   0.001203  -0.003209 
  0.076672   0.261307   0.183941  -0.087433  -0.180367  -0.030997  -0.000063   0.104401  -0.030463   0.010485   0.003782  -0.004297 
  0.076732   0.243311   0.135610  -0.101757  -0.180654  -0.034779   0.000060  -0.017996  -0.048331  -0.014324  -0.000287  -0.003782 
  0.073970   0.147205   0.222533  -0.095512  -0.173778  -0.033117  -0.002762  -0.096106   0.086923   0.006245   0.006876   0.001662 
  0.073610   0.198494   0.222419  -0.077177  -0.183404  -0.037128  -0.000360   0.051289  -0.000114   0.018335  -0.009626  -0.004011 
  0.076535   0.275417   0.177617  -0.093793  -0.192342  -0.043430   0.002925   0.076923  -0.044802  -0.016616  -0.008938  -0.006302 
  0.076342   0.212217   0.192152  -0.081933  -0.206093  -0.026070  -0.000193  -0.063200   0.014535   0.011860  -0.013751   0.017360 
  0.076546   0.137919   0.278791  -0.059588  -0.198243  -0.025669   0.000204  -0.074298   0.086639   0.022345   0.007850   0.000401 
  0.076326   0.213234   0.237109  -0.058499  -0.207182  -0.029278  -0.000220   0.075315  -0.041682   0.001089  -0.008939  -0.003609 
  0.064916   0.277159   0.101588  -0.048472  -0.241273  -0.029794  -0.011410   0.063925  -0.135521   0.010027  -0.034091  -0.000516 
  0.061010   0.202045   0.144871  -0.046868  -0.250726  -0.030825  -0.003906  -0.075114   0.043283   0.001604  -0.009453  -0.001031 
  0.082524   0.133728   0.239468   0.038732  -0.332430  -0.034607   0.021514  -0.068317   0.094597   0.085600  -0.081704  -0.003782 
  0.075053   0.228568   0.230737  -0.001031  -0.291120  -0.030023  -0.007471   0.094840  -0.008731  -0.039763   0.041310   0.004584 
  0.063511   0.263844   0.162020   0.016673  -0.305501  -0.043430  -0.011542   0.035276  -0.068717   0.017704  -0.014381  -0.013407 
  0.063311   0.214346   0.235130   0.003953  -0.278171  -0.038331  -0.000200  -0.049498   0.073110  -0.012720   0.027330   0.005099 
  0.067763   0.153413   0.291685   0.005214  -0.281609  -0.038789   0.004452  -0.060933   0.056555   0.001261  -0.003438  -0.000458 
  0.055492   0.262846   0.170189  -0.007850  -0.278171  -0.038388  -0.012271   0.109433  -0.121496  -0.013064   0.003438   0.000401 
  0.062659   0.272861   0.150022  -0.028075  -0.290260  -0.047040   0.007167   0.010015  -0.020167  -0.020225  -0.012089  -0.008652 
  0.070710   0.187261   0.244711  -0.022918  -0.279432  -0.036326   0.008051  -0.085600   0.094689   0.005157   0.010828   0.010714 
  0.062539   0.130974   0.288694  -0.003953  -0.281208  -0.028934  -0.008171  -0.056287   0.043983   0.018965  -0.001776   0.007392 
  0.060855   0.254488   0.258413  -0.014553  -0.270780  -0.033289  -0.001684   0.123514  -0.030281  -0.010600   0.010428  -0.004355 
  0.062579   0.275578   0.181904  -0.018850  -0.270780  -0.027960   0.001724   0.021090  -0.076509  -0.004297   0.000000   0.005329 
  0.060567   0.202415   0.257487  -0.000401  -0.257774  -0.036268  -0.002012  -0.073163   0.075583   0.018449   0.013006  -0.008308 
  0.062694   0.186981   0.273703   0.016845  -0.233137  -0.043373   0.002127  -0.015434   0.016216   0.017246   0.024637  -0.007105 
  0.055495   0.280304   0.210338  -0.024465  -0.252732  -0.024122  -0.007199   0.093323  -0.063365  -0.041310  -0.019595   0.019251 
  0.063024   0.273855   0.167206  -0.100382  -0.211536  -0.001604   0.007529  -0.006449  -0.043132  -0.075917   0.041196   0.022518 
  0.076669   0.178523   0.336182  -0.052540  -0.202942  -0.022746   0.013645  -0.095332   0.168976   0.047842   0.008594  -0.021142 
  0.063142   0.265963   0.312297  -0.063999  -0.233939  -0.038961  -0.013527   0.087440  -0.023885  -0.011459  -0.030997  -0.016215 
  0.067302   0.310183   0.231066  -0.073167  -0.231475  -0.043373   0.004160   0.044220  -0.081231  -0.009168   0.002464  -0.004412 
  0.070640   0.258905   0.278969  -0.068870  -0.239210  -0.043373   0.003338  -0.051278   0.047903   0.004297  -0.007735   0.000000 
  0.073370   0.172078   0.387803  -0.050821  -0.232965  -0.027158   0.002730  -0.086827   0.108834   0.018049   0.006245   0.016215 
  0.070749   0.286778   0.333900  -0.059874  -0.247346  -0.043373  -0.002621   0.114700  -0.053903  -0.009053  -0.014381  -0.016215 
  0.062274   0.321487   0.291182  -0.068297  -0.223454  -0.033289  -0.008475   0.034709  -0.042718  -0.008423   0.023892   0.010084 
  0.054935   0.279598   0.290916  -0.115107  -0.210906  -0.052598  -0.007339  -0.041889  -0.000266  -0.046810   0.012548  -0.019309 
  0.054741   0.229448   0.349705  -0.098090  -0.240012  -0.047441  -0.000194  -0.050150   0.058789   0.017017  -0.029106   0.005157 
  0.054851   0.246509   0.360972  -0.105653  -0.227636  -0.043373   0.000110   0.017061   0.011267  -0.007563   0.012376   0.004068 
  0.034212   0.328332   0.171753  -0.153324  -0.251013  -0.035753  -0.020639   0.081823  -0.189219  -0.047671  -0.023377   0.007620 
  0.027848   0.267436   0.204236  -0.193029  -0.265279  -0.043373  -0.006364  -0.060896   0.032483  -0.039705  -0.014266  -0.007620 
  0.023297   0.165149   0.333100  -0.131437  -0.272957  -0.040451  -0.004551  -0.102287   0.128864   0.061592  -0.007678   0.002922 
  0.000751   0.255775   0.253893  -0.142151  -0.289802  -0.046696  -0.022546   0.090626  -0.079207  -0.010714  -0.016845  -0.006245 
  0.007057   0.298164   0.209187  -0.155272  -0.298053  -0.064630   0.006306   0.042389  -0.044706  -0.013121  -0.008251  -0.017934 
  0.017038   0.232312   0.321382  -0.131723  -0.298053  -0.051566   0.009981  -0.065852   0.112195   0.023549   0.000000   0.013064 
  0.024267   0.221230   0.337999  -0.136077  -0.309225  -0.076031   0.007229  -0.011082   0.016617  -0.004354  -0.011172  -0.024465 
  0.016689   0.316338   0.274128  -0.155673  -0.316330  -0.066520  -0.007578   0.095108  -0.063871  -0.019596  -0.007105   0.009511 
  0.016655   0.282868   0.189249  -0.189133  -0.312835  -0.076146  -0.000034  -0.033470  -0.084879  -0.033460   0.003495  -0.009626 
  0.027661   0.209850   0.307077  -0.178935  -0.298568  -0.080844   0.011006  -0.073018   0.117828   0.010198   0.014267  -0.004698 
  0.027936   0.260957   0.267107  -0.201567  -0.285505  -0.080844   0.000275   0.051107  -0.039970  -0.022632   0.013063   0.000000 
  0.021374   0.295799   0.140073  -0.239496  -0.295302  -0.066520  -0.006562   0.034842  -0.127034  -0.037929  -0.009797   0.014324 
  0.023483   0.291411   0.128898  -0.288599  -0.311861  -0.066578   0.002109  -0.004388  -0.011175  -0.049103  -0.016559  -0.000058 
  0.035388   0.192168   0.286124  -0.246601  -0.282583  -0.076261   0.011905  -0.099243   0.157226   0.041998   0.029278  -0.009683 
  0.033950   0.240289   0.304543  -0.218698  -0.290490  -0.066578  -0.001438   0.048121   0.018419   0.027903  -0.007907   0.009683 
  0.037995   0.310037   0.274765  -0.228438  -0.292839  -0.080902   0.004045   0.069748  -0.029778  -0.009740  -0.002349  -0.014324 
  0.032385   0.270650   0.267308  -0.226605  -0.281150  -0.066578  -0.005610  -0.039387  -0.007457   0.001833   0.011689   0.014324 
  0.037972   0.189363   0.316305  -0.220073  -0.278056  -0.080844   0.005587  -0.081287   0.048997   0.006532   0.003094  -0.014266 
  0.043851   0.251128   0.294774  -0.227865  -0.273473  -0.080844   0.005879   0.061765  -0.021531  -0.007792   0.004583   0.000000 
  0.034039   0.342209   0.283252  -0.213140  -0.283213  -0.066578  -0.009812   0.091081  -0.011522   0.014725  -0.009740   0.014266 
  0.032071   0.285489   0.239920  -0.174981  -0.305616  -0.066578  -0.001968  -0.056720  -0.043332   0.038159  -0.022403   0.000000 
  0.034662   0.194182   0.302967  -0.166043  -0.300746  -0.077521   0.002591  -0.091307   0.063047   0.008938   0.004870  -0.010943 
  0.033972   0.226350   0.307692  -0.185925  -0.321945  -0.080844  -0.000690   0.032168   0.004725  -0.019882  -0.021199  -0.003323 
  0.035851   0.298884   0.273887  -0.149943  -0.298225  -0.073396   0.001879   0.072534  -0.033805   0.035982   0.023720   0.007448 
  0.027968   0.247123   0.239191  -0.151948  -0.311517  -0.080902  -0.007883  -0.051761  -0.034696  -0.002005  -0.013292  -0.007506 
  0.032951   0.195828   0.334369  -0.145646  -0.317591  -0.080844   0.004983  -0.051295   0.095178   0.006302  -0.006074   0.000058 
  0.033710   0.201323   0.354923  -0.148281  -0.321544  -0.080844   0.000759   0.005495   0.020554  -0.002635  -0.003953   0.000000 
  0.029062   0.291557   0.308419  -0.154641  -0.318507  -0.080844  -0.004648   0.090234  -0.046504  -0.006360   0.003037   0.000000 
  0.020807   0.265903   0.273616  -0.170799  -0.336613  -0.071448  -0.008255  -0.025654  -0.034803  -0.016158  -0.018106   0.009396 
  0.030186   0.202771   0.372268  -0.174638  -0.340394  -0.080844   0.009379  -0.063132   0.098652  -0.003839  -0.003781  -0.009396 
  0.029540   0.212209   0.335894  -0.179909  -0.327503  -0.080844  -0.000646   0.009438  -0.036374  -0.005271   0.012891   0.000000 
  0.025161   0.304166   0.255191  -0.183232  -0.316101  -0.089668  -0.004379   0.091957  -0.080703  -0.003323   0.011402  -0.008824 
  0.025242   0.240075   0.309925  -0.178075  -0.316101  -0.087090   0.000081  -0.064091   0.054734   0.005157   0.000000   0.002578 
  0.028848   0.155710   0.379830  -0.188217  -0.336326  -0.088407   0.003606  -0.084365   0.069905  -0.010142  -0.020225  -0.001317 
  0.025164   0.252428   0.332966  -0.192686  -0.325154  -0.080844  -0.003684   0.096718  -0.046864  -0.004469   0.011172   0.007563 
  0.018107   0.271377   0.285098  -0.189993  -0.333920  -0.074370  -0.007057   0.018949  -0.047868   0.002693  -0.008766   0.006474 
  0.024733   0.214515   0.315184  -0.177044  -0.324523  -0.062624   0.006626  -0.056862   0.030086   0.012949   0.009397   0.011746 
  0.034725   0.175637   0.390931  -0.183518  -0.357354  -0.058327   0.009992  -0.038878   0.075747  -0.006474  -0.032831   0.004297 
  0.028974   0.232626   0.339652  -0.176586  -0.329279  -0.071849  -0.005751   0.056989  -0.051279   0.006932   0.028075  -0.013522 
  0.029133   0.301262   0.284858  -0.183805  -0.324237  -0.072422   0.000159   0.068636  -0.054794  -0.007219   0.005042  -0.000573 
  0.018415   0.299959   0.150026  -0.202942  -0.322747  -0.058671  -0.010718  -0.001303  -0.134832  -0.019137   0.001490   0.013751 
  0.022848   0.213112   0.314965  -0.173492  -0.331628  -0.074370   0.004433  -0.086847   0.164939   0.029450  -0.008881  -0.015699 
  0.023740   0.207053   0.352499  -0.163866  -0.325841  -0.076834   0.000892  -0.006059   0.037534   0.009626   0.005787  -0.002464 
  0.022076   0.287068   0.286081  -0.173205  -0.334435  -0.080844  -0.001664   0.080015  -0.066418  -0.009339  -0.008594  -0.004010 
  0.002900   0.280208   0.174082  -0.189133  -0.365375  -0.063426  -0.019176  -0.006860  -0.111999  -0.015928  -0.030940   0.017418 
  0.018905   0.239364   0.289799  -0.198014  -0.355291  -0.059759   0.016005  -0.040844   0.115717  -0.008881   0.010084   0.003667 
  0.028315   0.172318   0.359590  -0.187357  -0.345952  -0.080844   0.009410  -0.067046   0.069791   0.010657   0.009339  -0.021085 
  0.011726   0.275585   0.289005  -0.204259  -0.353973  -0.066520  -0.016589   0.103267  -0.070585  -0.016902  -0.008021   0.014324 
 -0.006462   0.279007   0.210692  -0.201280  -0.406915  -0.043774  -0.018188   0.003422  -0.078313   0.002979  -0.052942   0.022746 
  0.013603   0.232807   0.293075  -0.206780  -0.418145  -0.061937   0.020065  -0.046200   0.082383  -0.005500  -0.011230  -0.018163 
  0.028825   0.158518   0.387604  -0.205291  -0.409665  -0.080386   0.015222  -0.074289   0.094529   0.001489   0.008480  -0.018449 
  0.025706   0.271838   0.345952  -0.210104  -0.396601  -0.080443  -0.003119   0.113320  -0.041652  -0.004813   0.013064  -0.000057 
  0.014090   0.295881   0.249935  -0.191311  -0.371277  -0.080386  -0.011616   0.024043  -0.096017   0.018793   0.025324   0.000057 
  0.004840   0.285211   0.200261  -0.206322  -0.384569  -0.080443  -0.009250  -0.010670  -0.049674  -0.015011  -0.013292  -0.000057 
  0.013646   0.207323   0.338274  -0.208213  -0.400956  -0.080443   0.008806  -0.077888   0.138013  -0.001891  -0.016387   0.000000 
  0.030783   0.198499   0.393615  -0.215031  -0.416827  -0.080443   0.017137  -0.008824   0.055341  -0.006818  -0.015871   0.000000 
  0.025800   0.285551   0.379670  -0.228782  -0.398435  -0.080386  -0.004983   0.087052  -0.013945  -0.013751   0.018392   0.000057 
  0.031465   0.274159   0.310409  -0.219214  -0.339191  -0.097174   0.005665  -0.011392  -0.069261   0.009568   0.059244  -0.016788 
  0.031685   0.231959   0.355543  -0.223625  -0.329451  -0.095226   0.000220  -0.042200   0.045134  -0.004411   0.009740   0.001948 
  0.031180   0.191482   0.397400  -0.208098  -0.373568  -0.093106  -0.000505  -0.040477   0.041857   0.015527  -0.044117   0.002120 
  0.031462   0.284282   0.251252  -0.217380  -0.331456  -0.107200   0.000282   0.092800  -0.146148  -0.009282   0.042112  -0.014094 
  0.014081   0.312354   0.059747  -0.282067  -0.348759  -0.113388  -0.017381   0.028072  -0.191505  -0.064687  -0.017303  -0.006188 
  0.014755   0.258644   0.178332  -0.266712  -0.342285  -0.118946   0.000674  -0.053710   0.118585   0.015355   0.006474  -0.005558 
  0.025990   0.154906   0.372329  -0.216693  -0.374256  -0.088637   0.011235  -0.103738   0.193997   0.050019  -0.031971   0.030309 
  0.021019   0.252555   0.350950  -0.216234  -0.385200  -0.080443  -0.004971   0.097649  -0.021379   0.000459  -0.010944   0.008194 
  0.006825   0.303622   0.234452  -0.219672  -0.400956  -0.064343  -0.014194   0.051067  -0.116498  -0.003438  -0.015756   0.016100 
  0.010736   0.287355   0.217730  -0.241043  -0.379183  -0.080443   0.003911  -0.016267  -0.016722  -0.021371   0.021773  -0.016100 
  0.030702   0.169949   0.380354  -0.232735  -0.413103  -0.080443   0.019966  -0.117406   0.162624   0.008308  -0.033920   0.000000 
  0.031085   0.220128   0.355658  -0.230100  -0.375803  -0.085142   0.000383   0.050179  -0.024696   0.002635   0.037300  -0.004699 
  0.023511   0.304018   0.233915  -0.237892  -0.337759  -0.104336  -0.007574   0.083890  -0.121743  -0.007792   0.038044  -0.019194 
  0.015108   0.298214   0.104957  -0.273301  -0.343087  -0.080386  -0.008403  -0.005804  -0.128958  -0.035409  -0.005328   0.023950 
  0.025187   0.192882   0.295670  -0.266425  -0.327044  -0.087032   0.010079  -0.105332   0.190713   0.006876   0.016043  -0.006646 
  0.031634   0.191306   0.331996  -0.232621  -0.326471  -0.096773   0.006447  -0.001576   0.036326   0.033804   0.000573  -0.009741 
  0.031405   0.317691   0.259159  -0.211765  -0.341941  -0.101299  -0.000229   0.126385  -0.072837   0.020856  -0.015470  -0.004526 
  0.023392   0.291620   0.220364  -0.222021  -0.341941  -0.105424  -0.008013  -0.026071  -0.038795  -0.010256   0.000000  -0.004125 
  0.031407   0.223893   0.310870  -0.205806  -0.341884  -0.100783   0.008015  -0.067727   0.090506   0.016215   0.000057   0.004641 
  0.031516   0.237519   0.272153  -0.215031  -0.318278  -0.115623   0.000109   0.013626  -0.038717  -0.009225   0.023606  -0.014840 
  0.031605   0.328469   0.164146  -0.234684  -0.313580  -0.115680   0.000089   0.090950  -0.108007  -0.019653   0.004698  -0.000057 
  0.017507   0.293579   0.129215  -0.226719  -0.337701  -0.093392  -0.014098  -0.034890  -0.034931   0.007965  -0.024121   0.022288 
  0.031420   0.218269   0.295871  -0.196181  -0.341941  -0.086001   0.013913  -0.075310   0.166656   0.030538  -0.004240   0.007391 
  0.031449   0.209059   0.314954  -0.193259  -0.332086  -0.095054   0.000029  -0.009210   0.019083   0.002922   0.009855  -0.009053 
  0.027597   0.304584   0.209407  -0.214859  -0.327102  -0.124446  -0.003852   0.095525  -0.105547  -0.021600   0.004984  -0.029392 
  0.014249   0.276081   0.148190  -0.234741  -0.341884  -0.115680  -0.013348  -0.028503  -0.061217  -0.019882  -0.014782   0.008766 
  0.022965   0.203765   0.285692  -0.231933  -0.341941  -0.115623   0.008716  -0.072316   0.137502   0.002808  -0.000057   0.000057 
  0.031363   0.169368   0.344829  -0.225115  -0.341941  -0.096200   0.008398  -0.034397   0.059137   0.006818   0.000000   0.019423 
  0.019284   0.283661   0.191637  -0.251242  -0.341941  -0.101299  -0.012079   0.114293  -0.153192  -0.026127   0.000000  -0.005099 
  0.023619   0.309336   0.062775  -0.278286  -0.342514  -0.122899   0.004335   0.025675  -0.128862  -0.027044  -0.000573  -0.021600 
