  0.000000   0.000000   0.000000   0.000000   0.000000   0.000000   0.000000   0.000000   0.000000   0.000000   0.000000   0.000000 
  0.004872   0.061489  -0.058931   0.058442   0.030023   0.012720   0.004872   0.061489  -0.058931   0.058442   0.030023   0.012720 
 -0.002737   0.034427   0.077857  -0.092074  -0.029565  -0.000401  -0.007609  -0.027062   0.136788  -0.150516  -0.059588  -0.013121 
  0.003544   0.042933   0.051388  -0.044232  -0.009454   0.001490   0.006281   0.008506  -0.026469   0.047842   0.020111   0.001891 
  0.003429   0.121916   0.051409  -0.058270  -0.003724   0.003151  -0.000115   0.078983   0.000021  -0.014038   0.005730   0.001661 
  0.003577   0.137413   0.051164  -0.006646   0.010485   0.003438   0.000148   0.015497  -0.000245   0.051624   0.014209   0.000287 
  0.003595   0.121560   0.046435  -0.039076   0.004870  -0.001318   0.000018  -0.015853  -0.004729  -0.032430  -0.005615  -0.004756 
  0.003615   0.138513   0.014097   0.024293   0.010657   0.005787   0.000020   0.016953  -0.032338   0.063369   0.005787   0.007105 
  0.003648   0.112938   0.035585  -0.034320   0.012261   0.002865   0.000033  -0.025575   0.021488  -0.058613   0.001604  -0.002922 
  0.000769   0.076885   0.132741   0.029335   0.017704   0.005271  -0.002879  -0.036053   0.097156   0.063655   0.005443   0.002406 
 -0.003711   0.042296   0.229417   0.066406  -0.006589   0.006360  -0.004480  -0.034589   0.096676   0.037071  -0.024293   0.001089 
  0.025538   0.180733  -0.026773  -0.026757  -0.006073   0.035237   0.029249   0.138437  -0.256190  -0.093163   0.000516   0.028877 
  0.050625   0.101957  -0.027449  -0.300688  -0.062510   0.005615   0.025087  -0.078776  -0.000676  -0.273931  -0.056437  -0.029622 
  0.060373   0.051129   0.006740  -0.434073  -0.136077  -0.017418   0.009748  -0.050828   0.034189  -0.133385  -0.073567  -0.023033 
  0.058022   0.050100   0.006609  -0.359989  -0.112644  -0.027846  -0.002351  -0.001029  -0.000131   0.074084   0.023433  -0.010428 
  0.038037   0.050856   0.030629  -0.100038  -0.085027  -0.009110  -0.019985   0.000756   0.024020   0.259951   0.027617   0.018736 
  0.040316   0.025593   0.209953  -0.241444  -0.045149  -0.016215   0.002279  -0.025263   0.179324  -0.141406   0.039878  -0.007105 
  0.051494   0.075483   0.108084  -0.150573  -0.025898  -0.005615   0.011178   0.049890  -0.101869   0.090871   0.019251   0.010600 
  0.073534   0.126673  -0.041680  -0.100497   0.020569   0.018392   0.022040   0.051190  -0.149764   0.050076   0.046467   0.024007 
  0.077269   0.064582  -0.008099  -0.175440   0.035638   0.007964   0.003735  -0.062091   0.033581  -0.074943   0.015069  -0.010428 
  0.062984   0.043549   0.103352  -0.112644   0.044060   0.003209  -0.014285  -0.021033   0.111451   0.062796   0.008422  -0.004755 
  0.069648   0.092281  -0.009843  -0.146505   0.022517   0.013121   0.006664   0.048732  -0.113195  -0.033861  -0.021543   0.009912 
  0.097509   0.108815  -0.033379  -0.182487   0.001662   0.033403   0.027861   0.016534  -0.023536  -0.035982  -0.020855   0.020282 
  0.277834   0.077908  -0.130005  -0.228782  -0.116482   0.136765   0.180325  -0.030907  -0.096626  -0.046295  -0.118144   0.103362 
  0.320660   0.082061  -0.143571  -0.135734  -0.021715   0.181398   0.042826   0.004153  -0.013566   0.093048   0.094767   0.044633 
  0.115374   0.013863  -0.028462  -0.067323  -0.012089   0.119290  -0.205286  -0.068198   0.115109   0.068411   0.009626  -0.062108 
  0.079293  -0.004374   0.040517  -0.273530  -0.109607   0.106284  -0.036081  -0.018237   0.068979  -0.206207  -0.097518  -0.013006 
  0.119266   0.042624   0.027551  -0.303897  -0.071047   0.114477   0.039973   0.046998  -0.012966  -0.030367   0.038560   0.008193 
  0.096536  -0.011864  -0.028544  -0.268259  -0.087548   0.090928  -0.022730  -0.054488  -0.056095   0.035638  -0.016501  -0.023549 
  0.096618  -0.015364  -0.274335  -0.235829  -0.099981   0.062682   0.000082  -0.003500  -0.245791   0.032430  -0.012433  -0.028246 
  0.092543   0.048174  -0.269621  -0.176299  -0.172689   0.037815  -0.004075   0.063538   0.004714   0.059530  -0.072708  -0.024867 
  0.113886   0.068683  -0.372161  -0.189019  -0.126853   0.025497   0.021343   0.020509  -0.102540  -0.012720   0.045836  -0.012318 
  0.102089   0.073572  -0.302562  -0.279489  -0.070646   0.004698  -0.011797   0.004889   0.069599  -0.090470   0.056207  -0.020799 
  0.084304   0.055806  -0.276025  -0.289745  -0.050077  -0.005443  -0.017785  -0.017766   0.026537  -0.010256   0.020569  -0.010141 
  0.085002   0.050474  -0.258201  -0.295761  -0.070531   0.007448   0.000698  -0.005332   0.017824  -0.006016  -0.020454   0.012891 
  0.101342   0.042731  -0.254607  -0.316559  -0.042571   0.005157   0.016340  -0.007743   0.003594  -0.020798   0.027960  -0.002291 
  0.165093   0.107028  -0.392652  -0.152407   0.005443   0.008995   0.063751   0.064297  -0.138045   0.164152   0.048014   0.003838 
  0.127846   0.015862  -0.251227  -0.416999  -0.020455   0.010141  -0.037247  -0.091166   0.141425  -0.264592  -0.025898   0.001146 
  0.119416  -0.006922  -0.260789  -0.540185  -0.029106  -0.005615  -0.008430  -0.022784  -0.009562  -0.123186  -0.008651  -0.015756 
  0.118269   0.015702  -0.243573  -0.530903  -0.035695  -0.017647  -0.001147   0.022624   0.017216   0.009282  -0.006589  -0.012032 
  0.116411   0.011628  -0.220253  -0.498416  -0.038274  -0.032372  -0.001858  -0.004074   0.023320   0.032487  -0.002579  -0.014725 
  0.120268   0.004137  -0.225318  -0.470742  -0.029393  -0.030309   0.003857  -0.007491  -0.005065   0.027674   0.008881   0.002063 
  0.116953  -0.019670  -0.243520  -0.501796  -0.048587  -0.030080  -0.003315  -0.023807  -0.018202  -0.031054  -0.019194   0.000229 
  0.116246  -0.023808  -0.255930  -0.510448  -0.042284  -0.017475  -0.000707  -0.004138  -0.012410  -0.008652   0.006303   0.012605 
  0.112752   0.020321  -0.220797  -0.495322  -0.037586  -0.033232  -0.003494   0.044129   0.035133   0.015126   0.004698  -0.015757 
  0.108741   0.075598  -0.125059  -0.369902  -0.102158  -0.038274  -0.004011   0.055277   0.095738   0.125420  -0.064572  -0.005042 
  0.106908   0.047411  -0.144127  -0.337759  -0.067323  -0.009454  -0.001833  -0.028187  -0.019068   0.032143   0.034835   0.028820 
  0.094205   0.010982  -0.179134  -0.278228  -0.073339  -0.013121  -0.012703  -0.036429  -0.035007   0.059531  -0.006016  -0.003667 
  0.118720  -0.054812  -0.285460  -0.181284  -0.105482   0.012777   0.024515  -0.065794  -0.106326   0.096944  -0.032143   0.025898 
  0.106358  -0.018861  -0.207941  -0.359531  -0.048071  -0.037586  -0.012362   0.035951   0.077519  -0.178247   0.057411  -0.050363 
  0.099632  -0.027577  -0.117708  -0.620341  -0.099007  -0.044633  -0.006726  -0.008716   0.090233  -0.260810  -0.050936  -0.007047 
  0.010779  -0.217754   1.239554  -1.565206  -0.000229  -0.069099  -0.088853  -0.190177   1.357262  -0.944865   0.098778  -0.024466 
 -0.007440  -0.278405   1.038140  -1.795822  -0.093736  -0.075057  -0.018219  -0.060651  -0.201414  -0.230616  -0.093507  -0.005958 
 -0.000587  -0.451173   1.302016  -2.879915  -0.248836  -0.047842   0.006853  -0.172768   0.263876  -1.084093  -0.155100   0.027215 
  0.076415  -0.155295   0.077144  -1.206821  -0.075860  -0.036956   0.077002   0.295878  -1.224872   1.673094   0.172976   0.010886 
  0.105107  -0.403101  -0.147809  -2.238603  -0.234225  -0.081933   0.028692  -0.247806  -0.224953  -1.031782  -0.158365  -0.044977 
  0.154934  -0.537129  -0.227654  -2.981271  -0.409264  -0.060161   0.049827  -0.134028  -0.079845  -0.742668  -0.175039   0.021772 
  0.186466  -0.818245   0.298921  -4.094414  -0.736766  -0.105195   0.031532  -0.281116   0.526575  -1.113143  -0.327502  -0.045034 
 -0.058581  -2.303262   0.993610  -5.251387  -0.710640   0.332258  -0.245047  -1.485017   0.694689  -1.156973   0.026126   0.437453 
 -0.172301  -3.674749   1.300863  -6.926372  -0.765815   0.482774  -0.113720  -1.371487   0.307253  -1.674985  -0.055175   0.150516 
 -0.064097  -2.174560   0.505135  -4.107993  -0.918222   0.291120   0.108204   1.500189  -0.795728   2.818379  -0.152407  -0.191654 
  0.053369  -1.520923  -0.274694  -3.732247  -0.713963   0.035810   0.117466   0.653637  -0.779829   0.375746   0.204259  -0.255310 
  0.142826  -1.287810  -0.530719  -3.429095  -0.538065  -0.021601   0.089457   0.233113  -0.256025   0.303152   0.175898  -0.057411 
  0.150544  -1.295100  -0.644150  -3.489370  -0.554566  -0.008766   0.007718  -0.007290  -0.113431  -0.060275  -0.016501   0.012835 
  0.148674  -1.317253  -0.502691  -3.637021  -0.536575   0.003037  -0.001870  -0.022153   0.141459  -0.147651   0.017991   0.011803 
  0.161852  -1.357641  -0.514315  -3.597029  -0.528496   0.025840   0.013178  -0.040388  -0.011624   0.039992   0.008079   0.022803 
  0.164738  -1.359607  -0.505274  -3.734424  -0.517725   0.025783   0.002886  -0.001966   0.009041  -0.137395   0.010771  -0.000057 
  0.156374  -1.377932  -0.386092  -3.904077  -0.482373   0.002177  -0.008364  -0.018325   0.119182  -0.169653   0.035352  -0.023606 
  0.154048  -1.436622  -0.319532  -4.005090  -0.462205   0.000458  -0.002326  -0.058690   0.066560  -0.101013   0.020168  -0.001719 
  0.145356  -1.415360  -0.344349  -4.000850  -0.482373   0.025840  -0.008692   0.021262  -0.024817   0.004240  -0.020168   0.025382 
  0.169521  -1.463309  -0.148447  -4.317925  -0.385257   0.025840   0.024165  -0.047949   0.195902  -0.317075   0.097116   0.000000 
  0.158368  -1.564818   0.043394  -4.701233  -0.375345   0.061822  -0.011153  -0.101509   0.191841  -0.383308   0.009912   0.035982 
  0.163644  -1.514162   0.066043  -4.757326  -0.354203   0.059645   0.005276   0.050656   0.022649  -0.056093   0.021142  -0.002177 
  0.128067  -1.545194   0.289983  -4.685076  -0.347499   0.033919  -0.035577  -0.031032   0.223940   0.072250   0.006704  -0.025726 
  0.045292  -1.663295   0.690019  -4.647604  -0.507354   0.013808  -0.082775  -0.118101   0.400036   0.037472  -0.159855  -0.020111 
  0.097465  -1.485075   0.168548  -4.883606  -0.658558  -0.019996   0.052173   0.178220  -0.521471  -0.236002  -0.151204  -0.033804 
  0.116584  -1.622156   0.179515  -4.671955  -0.536059   0.009225   0.019119  -0.137081   0.010967   0.211651   0.122499   0.029221 
  0.137322  -1.344060  -0.297342  -4.436756  -0.484264  -0.009568   0.020738   0.278096  -0.476857   0.235199   0.051795  -0.018793 
  0.136340  -1.345096  -0.301637  -4.497088  -0.467132   0.001203  -0.000982  -0.001036  -0.004295  -0.060332   0.017132   0.010771 
  0.123605  -1.396204  -0.259336  -4.377168  -0.483290   0.001203  -0.012735  -0.051108   0.042301   0.119920  -0.016158   0.000000 
  0.094612  -1.484152  -0.055457  -4.502532  -0.594215   0.001203  -0.028993  -0.087948   0.203879  -0.125364  -0.110925   0.000000 
  0.100681  -1.513034   0.186229  -4.620561  -0.617018   0.030367   0.006069  -0.028882   0.241686  -0.118029  -0.022803   0.029164 
  0.080649  -1.459667   0.377819  -4.721860  -0.509990   0.002807  -0.020032   0.053367   0.191590  -0.101299   0.107028  -0.027560 
  0.095744  -1.130076   0.003749  -3.531024  -0.483634   0.202598   0.015095   0.329591  -0.374070   1.190836   0.026356   0.199791 
  0.201402  -0.595934  -0.862214  -1.155656  -1.014880   0.403935   0.105658   0.534142  -0.865963   2.375368  -0.531246   0.201337 
  0.218543  -0.813633  -0.648172  -1.896147  -1.060087   0.258977   0.017141  -0.217699   0.214042  -0.740491  -0.045207  -0.144958 
  0.202076  -0.880299  -0.440135  -1.999107  -0.993566   0.231475  -0.016467  -0.066666   0.208037  -0.102960   0.066521  -0.027502 
  0.164865  -1.173792  -0.021983  -3.064407  -0.916389   0.170856  -0.037211  -0.293493   0.418152  -1.065300   0.077177  -0.060619 
  0.157285  -1.191417  -0.035080  -3.371513  -0.924238   0.149943  -0.007580  -0.017625  -0.013097  -0.307106  -0.007849  -0.020913 
  0.153909  -1.201796  -0.078958  -3.483698  -0.927389   0.141635  -0.003376  -0.010379  -0.043878  -0.112185  -0.003151  -0.008308 
  0.065489  -1.198600  -0.037642  -3.424454  -0.540643   0.136077  -0.088420   0.003196   0.041316   0.059244   0.386746  -0.005558 
 -0.413389  -1.392616   1.435179  -1.165110   0.254852   0.308309  -0.478878  -0.194016   1.472821   2.259344   0.795495   0.172232 
 -0.332681  -1.011294   2.096725  -0.758080   0.015756   0.276739   0.080708   0.381322   0.661546   0.407030  -0.239096  -0.031570 
 -0.241039  -1.082033   1.723245  -1.499029  -0.064057   0.248263   0.091642  -0.070739  -0.373480  -0.740949  -0.079813  -0.028476 
 -0.224809  -0.868827   1.704280  -0.843623  -0.144844   0.237606   0.016230   0.213206  -0.018965   0.655406  -0.080787  -0.010657 
 -0.165597  -0.834794   1.061122  -1.496910  -0.265795   0.165298   0.059212   0.034033  -0.643158  -0.653287  -0.120951  -0.072308 
 -0.169214  -0.881738   1.259203  -1.608694  -0.496411   0.212510  -0.003617  -0.046944   0.198081  -0.111784  -0.230616   0.047212 
 -0.155767  -0.933479   1.546838  -1.685756  -0.417400   0.195780   0.013447  -0.051741   0.287635  -0.077062   0.079011  -0.016730 
 -0.164004  -0.867736   1.651121  -1.628002  -0.369157   0.170684  -0.008237   0.065743   0.104283   0.057754   0.048243  -0.025096 
 -0.162317  -0.890609   1.650480  -1.726265  -0.378782   0.171486   0.001687  -0.022873  -0.000641  -0.098263  -0.009625   0.000802 
 -0.163329  -0.874260   1.655802  -1.762017  -0.357354   0.172059  -0.001012   0.016349   0.005322  -0.035752   0.021428   0.000573 
 -0.152786  -0.813991   1.477479  -1.662552  -0.419921   0.189936   0.010543   0.060269  -0.178323   0.099465  -0.062567   0.017877 
 -0.142246  -0.810542   1.360049  -1.605141  -0.409665   0.191769   0.010540   0.003449  -0.117430   0.057411   0.010256   0.001833 
 -0.117028  -0.828840   1.241930  -1.516677  -0.298568   0.170512   0.025218  -0.018298  -0.118119   0.088464   0.111097  -0.021257 
 -0.082877  -0.792797   0.997993  -1.707242  -0.249752   0.155329   0.034151   0.036043  -0.243937  -0.190565   0.048816  -0.015183 
  0.006256  -0.745232  -0.090050  -2.140685  -0.343488   0.110008   0.089133   0.047565  -1.088043  -0.433443  -0.093736  -0.045321 
  0.023929  -0.788545  -0.105247  -2.316354  -0.337816   0.098606   0.017673  -0.043313  -0.015197  -0.175669   0.005672  -0.011402 
  0.018899  -0.855447  -0.046991  -2.402584  -0.322976   0.101815  -0.005030  -0.066902   0.058256  -0.086230   0.014840   0.003209 
  0.019254  -0.950244  -0.040127  -2.561121  -0.360906   0.117571   0.000355  -0.094797   0.006864  -0.158537  -0.037930   0.015756 
  0.016295  -1.074744  -0.030852  -2.840496  -0.393851   0.083537  -0.002959  -0.124500   0.009275  -0.279375  -0.032945  -0.034034 
  0.021913  -0.967054  -0.096466  -2.662764  -0.311517   0.080443   0.005618   0.107690  -0.065614   0.177732   0.082334  -0.003094 
  0.025426  -1.026247  -0.030459  -2.783257  -0.289687   0.052598   0.003513  -0.059193   0.066007  -0.120493   0.021830  -0.027845 
  0.019733  -1.126594   0.147858  -2.954457  -0.255711   0.056608  -0.005693  -0.100347   0.178317  -0.171200   0.033976   0.004010 
 -0.017922  -1.213060   0.396685  -2.842100  -0.246658   0.042800  -0.037655  -0.086466   0.248827   0.112357   0.009053  -0.013808 
 -0.035026  -1.166613   0.746140  -2.590457  -0.218125   0.050936  -0.017104   0.046447   0.349455   0.251643   0.028533   0.008136 
 -0.017744  -0.945703   0.578848  -2.619563  -0.185409   0.075459   0.017282   0.220910  -0.167292  -0.029106   0.032716   0.024523 
  0.002352  -0.928968   0.451742  -2.675885  -0.152006   0.095569   0.020096   0.016735  -0.127106  -0.056322   0.033403   0.020110 
 -0.000021  -0.972590   0.385230  -2.533276  -0.143297   0.086402  -0.002373  -0.043622  -0.066512   0.142609   0.008709  -0.009167 
  0.005255  -1.116522   0.452138  -2.948727  -0.163522   0.073396   0.005276  -0.143932   0.066908  -0.415451  -0.020225  -0.013006 
  0.007424  -1.227711   0.447791  -3.213147  -0.195035   0.086001   0.002169  -0.111189  -0.004347  -0.264420  -0.031513   0.012605 
  0.016543  -1.170948   0.358062  -3.279725  -0.212510   0.078209   0.009119   0.056763  -0.089729  -0.066578  -0.017475  -0.007792 
  0.066995  -1.381245   0.303960  -4.030013  -0.392648   0.098893   0.050452  -0.210297  -0.054102  -0.750288  -0.180138   0.020684 
  0.113121  -1.514265   0.275173  -4.629614  -0.500994   0.064400   0.046126  -0.133020  -0.028787  -0.599601  -0.108346  -0.034493 
  0.070063  -1.317342  -0.008245  -4.002798  -0.458825   0.022976  -0.043058   0.196923  -0.283418   0.626816   0.042169  -0.041424 
  0.059050  -1.286811  -0.068261  -4.016778  -0.489134  -0.013751  -0.011013   0.030531  -0.060016  -0.013980  -0.030309  -0.036727 
  0.049652  -1.376894   0.032056  -4.065479  -0.474696  -0.003151  -0.009398  -0.090083   0.100317  -0.048701   0.014438   0.010600 
  0.021065  -1.339725   0.002841  -3.772354  -0.507068  -0.027273  -0.028587   0.037169  -0.029215   0.293125  -0.032372  -0.024122 
 -1.131557  -1.457549  -0.254962  -3.112822  -1.373953  -0.436307  -1.152622  -0.117824  -0.257803   0.659532  -0.866885  -0.409034 
 -2.107758  -1.800036  -0.118447  -2.820098  -1.660604  -0.692305  -0.976201  -0.342487   0.136515   0.292724  -0.286651  -0.255998 
  0.533702  -1.406179  -0.035486  -3.220137   2.243989   0.096257   2.641460   0.393857   0.082961  -0.400039   3.904593   0.788562 
  1.559914  -1.168304   0.555754  -3.443075   3.981312   0.479795   1.026212   0.237875   0.591240  -0.222938   1.737323   0.383538 
  1.823669  -0.867028   0.791160  -2.655430   4.357688   0.972997   0.263755   0.301276   0.235406   0.787645   0.376376   0.493202 
  1.785710  -0.047971  -0.483917   0.369959   4.487176   1.270190  -0.037959   0.819057  -1.275077   3.025389   0.129488   0.297193 
  1.574180  -0.073878  -0.786317   0.524600   4.283490   1.196336  -0.211530  -0.025907  -0.302400   0.154641  -0.203686  -0.073854 
  1.069418  -0.916235   2.148242  -1.054242   4.232210   2.662363  -0.504762  -0.842357   2.934559  -1.578842  -0.051280   1.466027 
  1.149241  -1.015354   2.589775  -1.444369   3.975124   3.225638   0.079823  -0.099119   0.441533  -0.390127  -0.257086   0.563275 
  0.941321  -0.920111   2.554648  -1.054070   4.401920   3.231310  -0.207920   0.095243  -0.035127   0.390299   0.426796   0.005672 
  0.806806  -0.870613   2.352011  -1.000613   4.462424   3.006138  -0.134515   0.049498  -0.202637   0.053457   0.060504  -0.225172 
  0.705165  -0.923193   2.280814  -1.038314   4.532841   2.850064  -0.101641  -0.052580  -0.071197  -0.037701   0.070417  -0.156074 
  0.751416  -0.927251   2.209575  -1.133024   4.527455   2.825541   0.046251  -0.004058  -0.071239  -0.094710  -0.005386  -0.024523 
  0.752071  -0.886987   2.169767  -1.169235   4.531179   2.758333   0.000655   0.040264  -0.039808  -0.036211   0.003724  -0.067208 
  0.737918  -0.917104   2.155014  -1.209743   4.573693   2.727050  -0.014153  -0.030117  -0.014753  -0.040508   0.042514  -0.031283 
  0.800790  -0.961641   2.185191  -1.235412   4.595580   2.726534   0.062872  -0.044537   0.030177  -0.025669   0.021887  -0.000516 
  0.725923  -0.924281   2.134861  -1.209056   4.382096   2.683562  -0.074867   0.037360  -0.050330   0.026356  -0.213484  -0.042972 
 -2.018789  -1.237320   1.828448  -1.055847   1.539194   2.163030  -2.744712  -0.313039  -0.306413   0.153209  -2.842902  -0.520532 
 -3.868730  -1.862914   1.630913  -1.118700  -0.154699   2.141430  -1.849941  -0.625594  -0.197535  -0.062853  -1.693893  -0.021600 
 -3.419286  -1.945643   2.054131  -1.557815  -0.539497   2.704876   0.449444  -0.082729   0.423218  -0.439115  -0.384798   0.563446 
 -1.770770  -1.793225   2.451714  -1.681688  -0.161517   2.488241   1.648516   0.152418   0.397583  -0.123873   0.377980  -0.216635 
 -0.312902  -1.235528   1.010779  -2.384994   0.763294   1.490893   1.457868   0.557697  -1.440935  -0.703306   0.924811  -0.997348 
  1.978629  -1.232200   2.543285  -1.689996   2.594467   0.546430   2.291531   0.003328   1.532506   0.694998   1.831173  -0.944463 
 -0.783684  -1.081891   2.148414  -1.544408   1.858618   1.606975  -2.762313   0.150309  -0.394871   0.145588  -0.735849   1.060545 
 -0.476533  -1.216899   2.140052  -1.728213   2.244276   1.586348   0.307151  -0.135008  -0.008362  -0.183805   0.385658  -0.020627 
  3.527530  -1.557681   4.424580  -0.339821   1.940665   0.265050   4.004063  -0.340782   2.284528   1.388392  -0.303611  -1.321298 
  3.133765  -1.476080   3.831223  -1.985184   0.768107  -0.183919  -0.393765   0.081601  -0.593357  -1.645363  -1.172558  -0.448969 
  1.964574  -1.038493   3.077564  -1.577754   1.031439   0.143526  -1.169191   0.437587  -0.753659   0.407430   0.263332   0.327445 
  0.989860  -0.576779   0.919885  -1.948515   0.869406   0.347155  -0.974714   0.461714  -2.157679  -0.370761  -0.162033   0.203629 
  0.907303  -0.643412   0.636860  -1.936540   0.836805   0.363943  -0.082557  -0.066633  -0.283025   0.011975  -0.032601   0.016788 
  0.872594  -0.684175   0.603439  -1.896662   0.861671   0.355348  -0.034709  -0.040763  -0.033421   0.039878   0.024866  -0.008595 
  0.829550  -0.669997   0.523171  -1.981345   0.891179   0.318221  -0.043044   0.014178  -0.080268  -0.084683   0.029508  -0.037127 
  0.802740  -0.682504   0.532416  -2.081040   1.040778   0.299084  -0.026810  -0.012507   0.009245  -0.099695   0.149599  -0.019137 
  0.756461  -0.713530   0.715095  -2.190131   1.213926   0.291177  -0.046279  -0.031026   0.182679  -0.109091   0.173148  -0.007907 
  0.716172  -0.798115   0.807521  -2.396339   1.287895   0.276051  -0.040289  -0.084585   0.092426  -0.206208   0.073969  -0.015126 
  0.694602  -0.761898   0.787129  -2.417767   1.311558   0.252560  -0.021570   0.036217  -0.020392  -0.021428   0.023663  -0.023491 
  0.680564  -0.768146   0.731382  -2.417882   1.302333   0.268316  -0.014038  -0.006248  -0.055747  -0.000115  -0.009225   0.015756 
  0.672112  -0.819448   0.755844  -2.483657   1.341180   0.255826  -0.008452  -0.051302   0.024462  -0.065775   0.038847  -0.012490 
  0.660907  -0.860674   0.813096  -2.564616   1.401455   0.257086  -0.011205  -0.041226   0.057252  -0.080959   0.060275   0.001260 
  0.650911  -0.770938   0.727426  -2.562611   1.392173   0.248893  -0.009996   0.089736  -0.085670   0.002005  -0.009282  -0.008193 
  0.623407  -0.784351   0.687141  -2.557741   1.370458   0.252101  -0.027504  -0.013413  -0.040285   0.004870  -0.021715   0.003208 
  0.620115  -0.852847   0.744412  -2.583925   1.415320   0.222709  -0.003292  -0.068496   0.057271  -0.026184   0.044862  -0.029392 
  0.605169  -0.927701   0.806758  -2.668608   1.457490   0.207353  -0.014946  -0.074854   0.062346  -0.084683   0.042170  -0.015356 
  0.607808  -0.817289   0.764250  -2.654857   1.445458   0.207640   0.002639   0.110412  -0.042508   0.013751  -0.012032   0.000287 
  0.596185  -0.805827   0.736774  -2.638528   1.503785   0.218010  -0.011623   0.011462  -0.027476   0.016329   0.058327   0.010370 
  0.581677  -0.834646   0.704281  -2.606099   1.469809   0.203801  -0.014508  -0.028819  -0.032493   0.032429  -0.033976  -0.014209 
  0.574559  -0.876976   0.730692  -2.632054   1.470840   0.195722  -0.007118  -0.042330   0.026411  -0.025955   0.001031  -0.008079 
  0.561717  -0.968154   0.871058  -2.742864   1.498227   0.167590  -0.012842  -0.091178   0.140366  -0.110810   0.027387  -0.028132 
  0.565858  -0.887652   0.912471  -2.745442   1.499087   0.167590   0.004141   0.080502   0.041413  -0.002578   0.000860   0.000000 
  0.548523  -0.890445   0.917139  -2.705507   1.506764   0.167590  -0.017335  -0.002793   0.004668   0.039935   0.007677   0.000000 
  0.536953  -0.890322   0.905837  -2.713184   1.508025   0.167590  -0.011570   0.000123  -0.011302  -0.007677   0.001261   0.000000 
  0.548799  -0.903607   0.911216  -2.665056   1.468949   0.185409   0.011846  -0.013285   0.005379   0.048128  -0.039076   0.017819 
  0.544992  -0.877212   0.859672  -2.719487   1.495534   0.179107  -0.003807   0.026395  -0.051544  -0.054431   0.026585  -0.006302 
  0.552667  -0.737436   0.656316  -2.561694   1.409705   0.202827   0.007675   0.139776  -0.203356   0.157793  -0.085829   0.023720 
  0.545219  -0.758154   0.617397  -2.576878   1.446031   0.223224  -0.007448  -0.020718  -0.038919  -0.015184   0.036326   0.020397 
  0.548165  -0.830914   0.672826  -2.624261   1.454625   0.216521   0.002946  -0.072760   0.055429  -0.047383   0.008594  -0.006703 
  0.543235  -0.900045   0.786542  -2.699834   1.480523   0.191998  -0.004930  -0.069131   0.113716  -0.075573   0.025898  -0.024523 
  0.550732  -0.813506   0.729755  -2.714846   1.481726   0.167647   0.007497   0.086539  -0.056787  -0.015012   0.001203  -0.024351 
  0.539901  -0.802819   0.716228  -2.695079   1.456115   0.157964  -0.010831   0.010687  -0.013527   0.019767  -0.025611  -0.009683 
  0.528799  -0.810613   0.696457  -2.647466   1.418930   0.164668  -0.011102  -0.007794  -0.019771   0.047613  -0.037185   0.006704 
  0.532152  -0.854867   0.712454  -2.565017   1.492555   0.183289   0.003353  -0.044254   0.015997   0.082449   0.073625   0.018621 
  0.542430  -0.883255   0.749358  -2.616584   1.421680   0.176299   0.010278  -0.028388   0.036904  -0.051567  -0.070875  -0.006990 
  0.544639  -0.765869   0.715384  -2.600312   1.453938   0.180138   0.002209   0.117386  -0.033974   0.016272   0.032258   0.003839 
  0.535448  -0.762983   0.675777  -2.572752   1.435202   0.190910  -0.009191   0.002886  -0.039607   0.027560  -0.018736   0.010772 
  0.508717  -0.838925   0.797648  -2.623287   1.407528   0.172632  -0.026731  -0.075942   0.121871  -0.050535  -0.027674  -0.018278 
  0.506650  -0.957832   0.914693  -2.807436   1.460355   0.145589  -0.002067  -0.118907   0.117045  -0.184149   0.052827  -0.027043 
  0.531996  -0.871960   0.851354  -2.797638   1.334018   0.129488   0.025346   0.085872  -0.063339   0.009798  -0.126337  -0.016101 
  0.493909  -0.779568   0.627131  -2.605182   1.262169   0.131723  -0.038087   0.092392  -0.224223   0.192456  -0.071849   0.002235 
  0.465679  -0.745980   0.442265  -2.482110   1.154911   0.165413  -0.028230   0.033588  -0.184866   0.123072  -0.107258   0.033690 
  0.432994  -0.801807   0.504853  -2.469334   1.148093   0.168908  -0.032685  -0.055827   0.062588   0.012776  -0.006818   0.003495 
  0.340566  -0.871875   0.387783  -2.607244   0.636270   0.067895  -0.092428  -0.070068  -0.117070  -0.137910  -0.511823  -0.101013 
  0.416545  -0.802265   0.692959  -2.796091   0.749486   0.165413   0.075979   0.069610   0.305176  -0.188847   0.113216   0.097518 
  0.344358  -0.893589   0.840878  -2.687745   0.717859   0.162204  -0.072187  -0.091324   0.147919   0.108346  -0.031627  -0.003209 
  0.779406  -0.764269   0.933581  -2.174719   1.441218   0.389153   0.435048   0.129320   0.092703   0.513026   0.723359   0.226949 
  0.621310  -0.693601   0.592529  -2.214253   1.118987   0.297193  -0.158096   0.070668  -0.341052  -0.039534  -0.322231  -0.091960 
  0.257112  -1.351179   2.293208  -3.588091   0.351911   0.158537  -0.364198  -0.657578   1.700679  -1.373838  -0.767076  -0.138656 
 -1.367935  -1.385673   2.366268  -3.100389  -2.843991   0.292438  -1.625047  -0.034494   0.073060   0.487702  -3.195902   0.133901 
 -1.268418  -1.461360   2.547019  -3.006367  -3.693572   0.225402   0.099517  -0.075687   0.180751   0.094022  -0.849581  -0.067036 
 -1.160707  -1.444698   2.446864  -2.900885  -3.849188   0.172346   0.107711   0.016662  -0.100155   0.105482  -0.155616  -0.053056 
 -0.981269  -1.409592   2.387136  -2.804972  -3.585971   0.166559   0.179438   0.035106  -0.059728   0.095913   0.263217  -0.005787 
 -0.836902  -1.400932   2.450888  -2.824395  -3.402166   0.152636   0.144367   0.008660   0.063752  -0.019423   0.183805  -0.013923 
 -1.511425  -1.840812   3.517692  -2.644659  -4.270025  -0.197097  -0.674523  -0.439880   1.066804   0.179736  -0.867859  -0.349733 
 -1.497794  -1.847150   4.265999  -2.742233  -4.715672  -0.248836   0.013631  -0.006338   0.748307  -0.097574  -0.445647  -0.051739 
 -0.868355  -1.414241   3.332250  -2.627986  -3.036218  -0.070474   0.629439   0.432909  -0.933749   0.114247   1.679454   0.178362 
 -0.728928  -1.080593   1.625699  -2.705392  -2.091239  -0.301261   0.139427   0.333648  -1.706551  -0.077406   0.944979  -0.230787 
 -0.972204  -1.280259   1.587089  -3.087326  -3.013758  -0.391674  -0.243276  -0.199666  -0.038610  -0.381934  -0.922519  -0.090413 
  0.442675  -1.152520   1.413806  -3.297143   2.925580  -0.084110   1.414879   0.127739  -0.173283  -0.209817   5.939338   0.307564 
  0.118810  -1.244721   1.743516  -4.471420   1.014135  -0.196926  -0.323865  -0.092201   0.329710  -1.174277  -1.911445  -0.112816 
 -0.189405  -2.217649   3.764971  -6.906376  -0.405711  -0.201108  -0.308215  -0.972928   2.021455  -2.434956  -1.419846  -0.004182 
 -0.229391  -2.316922   3.931968  -6.745948  -0.355177  -0.204202  -0.039986  -0.099273   0.166997   0.160428   0.050534  -0.003094 
 -0.257229  -2.379738   4.127423  -6.530401  -0.226949  -0.201280  -0.027838  -0.062816   0.195455   0.215547   0.128228   0.002922 
 -0.284153  -2.316196   4.077589  -6.309297  -0.033518  -0.245799  -0.026924   0.063542  -0.049834   0.221104   0.193431  -0.044519 
 -0.282929  -2.235221   3.964795  -6.021729  -0.083365  -0.232735   0.001224   0.080975  -0.112794   0.287568  -0.049847   0.013064 
 -0.226341  -1.989904   3.560280  -5.528412  -0.031283  -0.233595   0.056588   0.245317  -0.404515   0.493317   0.052082  -0.000860 
 -0.030297  -1.714808   2.203937  -5.331430   0.088923  -0.283901   0.196044   0.275096  -1.356343   0.196982   0.120206  -0.050306 
 -0.009331  -1.620910   1.829586  -5.248465   0.157162  -0.291636   0.020966   0.093898  -0.374351   0.082965   0.068239  -0.007735 
 -0.015502  -1.624346   1.839732  -5.253679   0.194863  -0.302579  -0.006171  -0.003436   0.010146  -0.005214   0.037701  -0.010943 
 -0.017237  -1.507894   1.396067  -5.031257   0.043029  -0.295704  -0.001735   0.116452  -0.443665   0.222422  -0.151834   0.006875 
 -0.037259  -1.532840   1.594154  -5.195467   0.031685  -0.317934  -0.020022  -0.024946   0.198087  -0.164210  -0.011344  -0.022230 
 -0.051285  -1.620076   1.712735  -5.232021   0.038847  -0.320856  -0.014026  -0.087236   0.118581  -0.036554   0.007162  -0.002922 
 -0.052422  -1.612928   1.772687  -5.258492   0.085027  -0.308824  -0.001137   0.007148   0.059952  -0.026471   0.046180   0.012032 
 -0.066655  -1.650006   1.840245  -5.194493   0.102961  -0.314210  -0.014233  -0.037078   0.067558   0.063999   0.017934  -0.005386 
 -0.076107  -1.677983   1.843841  -5.191341   0.089381  -0.310142  -0.009452  -0.027977   0.003596   0.003152  -0.013580   0.004068 
 -0.094282  -1.685043   1.805518  -5.180283   0.028132  -0.320742  -0.018175  -0.007060  -0.038323   0.011058  -0.061249  -0.010600 
 -0.102429  -1.684942   1.789286  -5.176043   0.035695  -0.320054  -0.008147   0.000101  -0.016232   0.004240   0.007563   0.000688 
 -0.007415  -1.742119   1.947012  -4.764774  -0.011574  -0.326128   0.095014  -0.057177   0.157726   0.411269  -0.047269  -0.006074 
 -0.035599  -1.883696   2.509363  -4.443861  -0.157392  -0.309626  -0.028184  -0.141577   0.562351   0.320913  -0.145818   0.016502 
 -0.067316  -1.696849   2.692871  -4.624285  -0.048759  -0.345494  -0.031717   0.186847   0.183508  -0.180424   0.108633  -0.035868 
 -0.034040  -1.716330   2.740815  -4.842009  -0.067609  -0.277598   0.033276  -0.019481   0.047944  -0.217724  -0.018850   0.067896 
  0.033583  -1.489550   1.666962  -4.831925   0.017647  -0.279718   0.067623   0.226780  -1.073853   0.010084   0.085256  -0.002120 
  0.046802  -1.361728   1.191147  -4.474056   0.133041  -0.270264   0.013219   0.127822  -0.475815   0.357869   0.115394   0.009454 
  0.040619  -1.496378   1.334550  -4.687482   0.199160  -0.289286  -0.006183  -0.134650   0.143403  -0.213426   0.066119  -0.019022 
  0.078574  -1.336515   1.036624  -4.529117   0.131494  -0.240356   0.037955   0.159863  -0.297926   0.158365  -0.067666   0.048930 
  0.126424  -1.178883   0.832278  -4.389315   0.078094  -0.240356   0.047850   0.157632  -0.204346   0.139802  -0.053400   0.000000 
  0.152564  -1.269894   0.901789  -4.515767   0.281838  -0.240356   0.026140  -0.091011   0.069511  -0.126452   0.203744   0.000000 
  0.141654  -1.345300   1.013437  -4.702322   0.191253  -0.209015  -0.010910  -0.075406   0.111648  -0.186555  -0.090585   0.031341 
  0.153257  -1.215722   0.873795  -4.421172   0.006646  -0.212911   0.011603   0.129578  -0.139642   0.281150  -0.184607  -0.003896 
  0.162158  -1.127815   0.590535  -4.267275  -0.212911  -0.220589   0.008901   0.087907  -0.283260   0.153897  -0.219557  -0.007678 
  0.181247  -1.161877   0.651334  -4.327722  -0.184034  -0.215604   0.019089  -0.034062   0.060799  -0.060447   0.028877   0.004985 
  0.168176  -1.201075   0.670805  -4.352417  -0.121524  -0.200994  -0.013071  -0.039198   0.019471  -0.024695   0.062510   0.014610 
  0.159931  -1.232026   0.771049  -4.386737  -0.037357  -0.219615  -0.008245  -0.030951   0.100244  -0.034320   0.084167  -0.018621 
  0.168073  -1.261128   0.815645  -4.386851  -0.021429  -0.198358   0.008142  -0.029102   0.044596  -0.000114   0.015928   0.021257 
  0.173688  -1.149822   0.679234  -4.396993  -0.089324  -0.193889   0.005615   0.111306  -0.136411  -0.010142  -0.067895   0.004469 
  0.172245  -1.183277   0.677390  -4.389086  -0.114993  -0.212797  -0.001443  -0.033455  -0.001844   0.007907  -0.025669  -0.018908 
  0.175195  -1.182511   0.693209  -4.383872  -0.078667  -0.208557   0.002950   0.000766   0.015819   0.005214   0.036326   0.004240 
  0.178754  -1.222044   0.876421  -4.350010  -0.056035  -0.217323   0.003559  -0.039533   0.183212   0.033862   0.022632  -0.008766 
  0.209297  -1.294202   1.005531  -4.211182  -0.096028  -0.230386   0.030543  -0.072158   0.129110   0.138828  -0.039993  -0.013063 
  0.162629  -1.424302   1.755197  -3.865689  -0.078667  -0.263331  -0.046668  -0.130100   0.749666   0.345493   0.017361  -0.032945 
  0.145909  -1.321627   1.885067  -3.995865  -0.030539  -0.253247  -0.016720   0.102675   0.129870  -0.130176   0.048128   0.010084 
  0.166193  -1.185730   1.405227  -4.107477  -0.053973  -0.239554   0.020284   0.135897  -0.479840  -0.111612  -0.023434   0.013693 
  0.174214  -1.200954   1.385093  -4.108050  -0.012261  -0.257143   0.008021  -0.015224  -0.020134  -0.000573   0.041712  -0.017589 
  0.161434  -1.252269   1.445865  -4.127531  -0.005500  -0.260467  -0.012780  -0.051315   0.060772  -0.019481   0.006761  -0.003324 
  0.156957  -1.260238   1.457434  -4.125296   0.003323  -0.265852  -0.004477  -0.007969   0.011569   0.002235   0.008823  -0.005385 
  0.148157  -1.273533   1.483980  -4.116931  -0.009568  -0.281494  -0.008800  -0.013295   0.026546   0.008365  -0.012891  -0.015642 
  0.143327  -1.267278   1.373590  -4.166950  -0.022002  -0.291521  -0.004830   0.006255  -0.110390  -0.050019  -0.012434  -0.010027 
  0.156568  -1.175121   0.754809  -4.220063  -0.221964  -0.313981   0.013241   0.092157  -0.618781  -0.053113  -0.199962  -0.022460 
  0.172711  -1.164412   0.695232  -4.156580  -0.169424  -0.296219   0.016143   0.010709  -0.059577   0.063483   0.052540   0.017762 
  0.172699  -1.184085   0.717780  -4.133088  -0.155272  -0.294672  -0.000012  -0.019673   0.022548   0.023492   0.014152   0.001547 
  0.178472  -1.217971   0.770669  -4.142370  -0.104049  -0.289115   0.005773  -0.033886   0.052889  -0.009282   0.051223   0.005557 
  0.178286  -1.243712   0.827191  -4.143745  -0.090642  -0.295990  -0.000186  -0.025741   0.056522  -0.001375   0.013407  -0.006875 
  0.173025  -1.216879   0.865767  -4.129479  -0.059931  -0.294157  -0.005261   0.026833   0.038576   0.014266   0.030711   0.001833 
  0.175434  -1.238416   0.915820  -4.134750  -0.055634  -0.279202   0.002409  -0.021537   0.050053  -0.005271   0.004297   0.014955 
  0.169841  -1.243872   0.943786  -4.148673  -0.057067  -0.291349  -0.005593  -0.005456   0.027966  -0.013923  -0.001433  -0.012147 
  0.162911  -1.238809   0.927434  -4.119853  -0.059989  -0.301834  -0.006930   0.005063  -0.016352   0.028820  -0.002922  -0.010485 
  0.171597  -1.226573   0.899057  -4.129937  -0.067437  -0.280234   0.008686   0.012236  -0.028377  -0.010084  -0.007448   0.021600 
  0.178286  -1.204911   0.918237  -4.140250  -0.038904  -0.287854   0.006689   0.021662   0.019180  -0.010313   0.028533  -0.007620 
  0.168698  -1.221874   0.947871  -4.148157  -0.035753  -0.292610  -0.009588  -0.016963   0.029634  -0.007907   0.003151  -0.004756 
  0.174212  -1.237569   0.953788  -4.124609  -0.026528  -0.286708   0.005514  -0.015695   0.005917   0.023548   0.009225   0.005902 
  0.168431  -1.221775   0.870809  -4.147126  -0.065317  -0.291406  -0.005781   0.015794  -0.082979  -0.022517  -0.038789  -0.004698 
  0.176684  -1.196614   0.879450  -4.039352  -0.053686  -0.281781   0.008253   0.025161   0.008641   0.107774   0.011631   0.009625 
  0.186602  -1.143890   0.835134  -3.997870  -0.024637  -0.256513   0.009918   0.052724  -0.044316   0.041482   0.029049   0.025268 
  0.192280  -1.178730   0.895384  -4.066797  -0.028934  -0.245054   0.005678  -0.034840   0.060250  -0.068927  -0.004297   0.011459 
  0.192602  -1.260723   0.913448  -4.104727  -0.017303  -0.253247   0.000322  -0.081993   0.018064  -0.037930   0.011631  -0.008193 
  0.176164  -1.295045   0.999459  -4.144204  -0.048186  -0.259779  -0.016438  -0.034322   0.086011  -0.039477  -0.030883  -0.006532 
  0.158930  -1.268747   1.226096  -4.164028  -0.052884  -0.257143  -0.017234   0.026298   0.226637  -0.019824  -0.004698   0.002636 
  0.153672  -1.204715   1.018026  -4.099341  -0.096314  -0.259206  -0.005258   0.064032  -0.208070   0.064687  -0.043430  -0.002063 
  0.167934  -1.113168   0.538583  -4.038493  -0.273301  -0.258920   0.014262   0.091547  -0.479443   0.060848  -0.176987   0.000286 
  0.241763  -1.112517   0.679528  -4.055338  -0.027101  -0.204489   0.073829   0.000651   0.140945  -0.016845   0.246200   0.054431 
  0.242096  -1.111048   0.704717  -4.083470   0.062968  -0.204431   0.000333   0.001469   0.025189  -0.028132   0.090069   0.000058 
  0.230376  -1.140297   0.768928  -4.049437   0.035237  -0.223282  -0.011720  -0.029249   0.064211   0.034033  -0.027731  -0.018851 
  0.218893  -1.182570   0.893568  -4.124780  -0.007620  -0.239324  -0.011483  -0.042273   0.124640  -0.075343  -0.042857  -0.016042 
  0.243890  -1.225920   0.727573  -4.219204   0.034549  -0.247174   0.024997  -0.043350  -0.165995  -0.094424   0.042169  -0.007850 
  0.234200  -1.191327   0.855846  -4.177206   0.140776  -0.264936  -0.009690   0.034593   0.128273   0.041998   0.106227  -0.017762 
  0.155922  -1.167760   0.850215  -4.158470  -0.043086  -0.281494  -0.078278   0.023567  -0.005631   0.018736  -0.183862  -0.016558 
  0.125167  -1.173376   1.012362  -4.094987  -0.013063  -0.287109  -0.030755  -0.005616   0.162147   0.063483   0.030023  -0.005615 
  0.140288  -1.204120   1.021048  -4.313226   0.056379  -0.281036   0.015121  -0.030744   0.008686  -0.218239   0.069442   0.006073 
  0.177253  -1.154698   0.987715  -4.242581   0.092304  -0.263217   0.036965   0.049422  -0.033333   0.070645   0.035925   0.017819 
  0.175111  -1.399344   1.816225  -4.444204   0.330654  -0.243507  -0.002142  -0.244646   0.828510  -0.201623   0.238350   0.019710 
  0.041868  -1.663207   2.854412  -4.174456   0.517037  -0.212109  -0.133243  -0.263863   1.038187   0.269748   0.186383   0.031398 
  0.045565  -1.457793   2.630767  -4.178123   0.603496  -0.225001   0.003697   0.205414  -0.223645  -0.003667   0.086459  -0.012892 
  0.006137  -1.630284   2.899024  -4.320216   0.591006  -0.228152  -0.039428  -0.172491   0.268257  -0.142093  -0.012490  -0.003151 
  0.015551  -1.546069   2.735405  -4.324628   0.615127  -0.230043   0.009414   0.084215  -0.163619  -0.004412   0.024121  -0.001891 
  0.077412  -1.304606   2.151752  -4.524419   0.432698  -0.252101   0.061861   0.241463  -0.583653  -0.199791  -0.182429  -0.022058 
  0.093913  -1.318772   1.913465  -4.487749   0.509703  -0.270264   0.016501  -0.014166  -0.238287   0.036670   0.077005  -0.018163 
  0.086661  -1.342413   1.903272  -4.652016   0.463924  -0.280234  -0.007252  -0.023641  -0.010193  -0.164267  -0.045779  -0.009970 
  0.079969  -1.483908   2.142633  -4.682097   0.385085  -0.262873  -0.006692  -0.141495   0.239361  -0.030081  -0.078839   0.017361 
  0.067965  -1.514954   2.275713  -4.785630   0.364458  -0.271124  -0.012004  -0.031046   0.133080  -0.103533  -0.020627  -0.008251 
  0.050513  -1.547341   2.397503  -4.811184   0.308824  -0.284817  -0.017452  -0.032387   0.121790  -0.025554  -0.055634  -0.013693 
  0.052155  -1.469970   2.334729  -4.763113   0.297709  -0.263217   0.001642   0.077371  -0.062774   0.048071  -0.011115   0.021600 
  0.051056  -1.436776   2.322787  -4.708338   0.328935  -0.264305  -0.001099   0.033194  -0.011942   0.054775   0.031226  -0.001088 
  0.056221  -1.423274   2.281156  -4.676825   0.320169  -0.261555   0.005165   0.013502  -0.041631   0.031513  -0.008766   0.002750 
  0.076326  -1.441183   1.405863  -5.091933   0.276280  -0.319023   0.020105  -0.017909  -0.875293  -0.415108  -0.043889  -0.057468 
  0.103915  -1.707075   1.397124  -6.223926   0.115222  -0.371391   0.027589  -0.265892  -0.008739  -1.131993  -0.161058  -0.052368 
  0.134675  -1.782413   1.476686  -6.853377  -0.103591  -0.341254   0.030760  -0.075338   0.079562  -0.629451  -0.218813   0.030137 
  0.106155  -1.758990   1.394234  -7.179505  -0.170684  -0.356380  -0.028520   0.023423  -0.082452  -0.326128  -0.067093  -0.015126 
  0.125641  -1.733130   1.091969  -6.780554  -0.126452  -0.344691   0.019486   0.025860  -0.302265   0.398951   0.044232   0.011689 
  0.040087  -1.819075   1.632042  -6.566326  -0.137510  -0.370417  -0.085554  -0.085945   0.540073   0.214228  -0.011058  -0.025726 
 -0.111894  -2.483253   6.470753  -8.870819  -0.731381  -0.177674  -0.151981  -0.664178   4.838711  -2.304493  -0.593871   0.192743 
 -0.250680  -3.491792   9.112965 -10.791087  -1.065472  -0.109721  -0.138786  -1.008539   2.642212  -1.920268  -0.334091   0.067953 
 -0.367964  -3.658548   8.932962 -11.141852  -1.042554  -0.224313  -0.117284  -0.166756  -0.180003  -0.350765   0.022918  -0.114592 
 -0.407586  -3.757093   7.897617 -10.515093  -0.999238  -0.370131  -0.039622  -0.098545  -1.035345   0.626759   0.043316  -0.145818 
 -0.363700  -3.996289   8.063149 -10.473267  -0.747882  -0.417342   0.043886  -0.239196   0.165532   0.041826   0.251356  -0.047211 
 -0.448350  -4.993176  11.285522 -11.187459  -0.627847  -0.493718  -0.084650  -0.996887   3.222373  -0.714192   0.120035  -0.076376 
 -0.341973  -4.932738  11.234506 -11.263949  -0.755273  -0.456017   0.106377   0.060438  -0.051016  -0.076490  -0.127426   0.037701 
 -0.336371  -4.368775   9.507368 -10.887974  -0.757393  -0.480597   0.005602   0.563963  -1.727138   0.375975  -0.002120  -0.024580 
 -0.209401  -3.726648   7.840968 -10.069619  -0.563046  -0.497327   0.126970   0.642127  -1.666400   0.818355   0.194347  -0.016730 
 -0.026346  -3.300994   6.143917  -9.783942  -0.601663  -0.487014   0.183055   0.425654  -1.697051   0.285677  -0.038617   0.010313 
  0.096141  -3.423086   6.245600  -9.925921  -0.605846  -0.388293   0.122487  -0.122092   0.101683  -0.141979  -0.004183   0.098721 
  0.152721  -3.283375   5.810078  -9.780160  -0.570723  -0.327216   0.056580   0.139711  -0.435522   0.145761   0.035123   0.061077 
  0.176436  -3.228097   5.678460  -9.699889  -0.657183  -0.355463   0.023715   0.055278  -0.131618   0.080271  -0.086460  -0.028247 
  0.228560  -3.530006   6.474734 -10.041200  -1.122711  -0.286021   0.052124  -0.301909   0.796274  -0.341311  -0.465528   0.069442 
  0.512794  -4.130521   8.126414 -10.926076  -0.902867  -0.053342   0.284234  -0.600515   1.651680  -0.884876   0.219844   0.232679 
  0.706177  -4.210617   8.527194 -11.056481  -1.175996  -0.011803   0.193383  -0.080096   0.400780  -0.130405  -0.273129   0.041539 
  0.508809  -4.212254   8.337006 -10.958792  -1.027199  -0.155272  -0.197368  -0.001637  -0.190188   0.097689   0.148797  -0.143469 
  0.410327  -4.166510   8.123294 -10.734536  -0.884532  -0.214573  -0.098482   0.045744  -0.213712   0.224256   0.142667  -0.059301 
  0.468089  -4.116251   7.981322 -10.437228  -0.975518  -0.119691   0.057762   0.050259  -0.141972   0.297308  -0.090986   0.094882 
  0.493184  -4.137889   8.043209 -10.386464  -1.311730  -0.058327   0.025095  -0.021638   0.061887   0.050764  -0.336212   0.061364 
  0.745385  -4.504335   8.441167 -10.777794  -1.851857   0.224542   0.252201  -0.366446   0.397958  -0.391330  -0.540127   0.282869 
  0.897342  -4.486208   8.560395 -10.768627  -2.265303   0.257430   0.151957   0.018127   0.119228   0.009167  -0.413446   0.032888 
  0.651487  -3.995228   8.127504  -9.807490  -2.010681   0.049561  -0.245855   0.490980  -0.432891   0.961137   0.254622  -0.207869 
  0.836173  -4.584871   8.824206 -10.696320  -2.659613   0.275936   0.184686  -0.589643   0.696702  -0.888830  -0.648932   0.226375 
  0.826493  -4.395082   8.542601 -10.292155  -2.654685   0.253534  -0.009680   0.189789  -0.281605   0.404165   0.004928  -0.022402 
  0.816176  -4.188870   7.977081 -10.148458  -2.648841   0.218984  -0.010317   0.206212  -0.565520   0.143697   0.005844  -0.034550 
  0.797822  -4.140559   7.723688  -9.902086  -2.592061   0.216750  -0.018354   0.048311  -0.253393   0.246372   0.056780  -0.002234 
  0.784323  -4.098130   7.690769  -9.821872  -2.622714   0.221735  -0.013499   0.042429  -0.032919   0.080214  -0.030653   0.004985 
  0.734471  -4.326488   8.113936  -9.742116  -2.620766   0.203228  -0.049852  -0.228358   0.423167   0.079756   0.001948  -0.018507 
  0.678481  -4.074873   7.731916  -9.370782  -2.635663   0.177674  -0.055990   0.251615  -0.382020   0.371334  -0.014897  -0.025554 
  0.673438  -3.918769   7.308274  -9.202504  -2.626324   0.187128  -0.005043   0.156104  -0.423642   0.168278   0.009339   0.009454 
  0.685245  -3.870617   7.226300  -9.137416  -2.643627   0.184550   0.011807   0.048152  -0.081974   0.065088  -0.017303  -0.002578 
  0.687164  -3.768662   7.049589  -8.931839  -2.617214   0.188102   0.001919   0.101955  -0.176711   0.205577   0.026413   0.003552 
  0.626772  -3.965787   7.517708  -9.359437  -2.656175   0.151777  -0.060392  -0.197125   0.468119  -0.427598  -0.038961  -0.036325 
  0.623815  -4.251301   8.319327  -9.490301  -2.261522   0.221219  -0.002957  -0.285514   0.801619  -0.130864   0.394653   0.069442 
  0.714808  -4.113348   9.757137  -8.982317  -2.377316   0.505750   0.090993   0.137953   1.437810   0.507984  -0.115794   0.284531 
  0.934296  -4.576125  10.071522 -10.678730  -2.457244   0.564879   0.219488  -0.462777   0.314385  -1.696413  -0.079928   0.059129 
  0.874509  -4.604651   9.612597 -10.327450  -2.362305   0.675632  -0.059787  -0.028526  -0.458925   0.351280   0.094939   0.110753 
  0.807910  -4.461029   9.103133  -9.995421  -2.366029   0.577656  -0.066599   0.143622  -0.509464   0.332029  -0.003724  -0.097976 
  0.608773  -3.638792   7.157512  -9.265759  -2.233103   0.364401  -0.199137   0.822237  -1.945621   0.729662   0.132926  -0.213255 
  0.284598  -2.701055   4.554927  -8.148950  -1.163964  -0.165069  -0.324175   0.937737  -2.602585   1.116809   1.069139  -0.529470 
  0.561776  -2.130886   3.026926  -6.533667  -0.920170  -0.060963   0.277178   0.570169  -1.528001   1.615283   0.243794   0.104106 
  0.569414  -2.314319   3.155571  -6.710539  -0.813772  -0.010256   0.007638  -0.183433   0.128645  -0.176872   0.106398   0.050707 
  0.570694  -2.372717   3.253531  -6.926086  -0.904643  -0.010600   0.001280  -0.058398   0.097960  -0.215547  -0.090871  -0.000344 
  0.578013  -2.402803   3.325073  -6.994268  -0.933577  -0.025497   0.007319  -0.030086   0.071542  -0.068182  -0.028934  -0.014897 
  0.575165  -2.490604   3.436888  -7.086514  -0.889288  -0.042170  -0.002848  -0.087801   0.111815  -0.092246   0.044289  -0.016673 
  0.555998  -2.409153   3.507320  -7.050016  -0.883157  -0.039706  -0.019167   0.081451   0.070432   0.036498   0.006131   0.002464 
  0.666808  -2.396786   3.715670  -7.036495  -0.618909   0.011287   0.110810   0.012367   0.208350   0.013521   0.264248   0.050993 
  1.858989  -2.507519   4.025046  -7.105078  -0.677064  -0.205520   1.192181  -0.110733   0.309376  -0.068583  -0.058155  -0.216807 
  4.672802  -2.459067   5.143049  -6.617147  -1.004452  -0.641770   2.813813   0.048452   1.118003   0.487931  -0.327388  -0.436250 
  3.214404  -2.195387   5.058523  -5.259982  -0.764383   0.025382  -1.458398   0.263680  -0.084526   1.357165   0.240069   0.667152 
 -0.213815  -2.717587   4.671221  -5.115424  -1.396814   0.717515  -3.428219  -0.522200  -0.387302   0.144558  -0.632431   0.692133 
 -0.712978  -3.175048   4.729401  -5.413821  -2.273898   1.381000  -0.499163  -0.457461   0.058180  -0.298397  -0.877084   0.663485 
  2.842771  -2.965886   4.856721  -5.460803   0.384970   0.823971   3.555749   0.209162   0.127320  -0.046982   2.658868  -0.557029 
  1.311292  -2.985352   5.491489  -5.688554   0.096085   1.341867  -1.531479  -0.019466   0.634768  -0.227751  -0.288885   0.517896 
 -0.351512  -2.990291   5.981638  -5.864681  -1.106611   1.807109  -1.662804  -0.004939   0.490149  -0.176127  -1.202696   0.465242 
 -0.306929  -2.980789   5.969179  -5.848409  -1.151130   1.574717   0.044583   0.009502  -0.012459   0.016272  -0.044519  -0.232392 
 -2.500483  -3.525978   6.615632  -5.705743  -2.218722   2.045402  -2.193554  -0.545189   0.646453   0.142666  -1.067592   0.470685 
 -2.134912  -4.025979   7.287032  -6.613537  -2.223764   2.252755   0.365571  -0.500001   0.671400  -0.907794  -0.005042   0.207353 
  1.461666  -3.795404   6.261819  -7.887165   0.058843   0.404394   3.596578   0.230575  -1.025213  -1.273628   2.282607  -1.848361 
 -0.109696  -3.738605   6.622506  -6.531547  -0.549467   1.237130  -1.571362   0.056799   0.360687   1.355618  -0.608310   0.832736 
  2.784705  -3.347432   6.591103  -6.602021  -0.934380  -0.429203   2.894401   0.391173  -0.031403  -0.070474  -0.384913  -1.666333 
  1.364782  -3.680611   6.030240  -8.863199  -0.935067   0.205062  -1.419923  -0.333179  -0.560863  -2.261178  -0.000687   0.634265 
  0.831744  -4.910321   5.971220 -10.934900  -1.014708   0.708462  -0.533038  -1.229710  -0.059020  -2.071701  -0.079641   0.503400 
  0.679565  -4.163608   5.298420  -9.473685  -0.856285   0.551071  -0.152179   0.746713  -0.672800   1.461215   0.158423  -0.157391 
  0.747908  -3.219804   3.840136  -8.486765  -0.935927   0.384054   0.068343   0.943804  -1.458284   0.986920  -0.079642  -0.167017 
  0.831016  -2.969470   3.344044  -8.195359  -0.984685   0.391846   0.083108   0.250334  -0.496092   0.291406  -0.048758   0.007792 
  0.856868  -3.090395   3.390498  -8.359454  -0.822596   0.527465   0.025852  -0.120925   0.046454  -0.164095   0.162089   0.135619 
  0.820226  -3.158369   3.485034  -8.343010  -0.722958   0.476529  -0.036642  -0.067974   0.094536   0.016444   0.099638  -0.050936 
