  0.000000   0.000000   0.000000   0.000000   0.000000   0.000000   0.000000   0.000000   0.000000   0.000000   0.000000   0.000000 
  0.000000   0.035340  -0.010318   0.000000   0.000000   0.000000   0.000000   0.035340  -0.010318   0.000000   0.000000   0.000000 
  0.000000  -0.000025   0.048498   0.000630   0.000000   0.000000   0.000000  -0.035365   0.058816   0.000630   0.000000   0.000000 
  0.000000  -0.021999   0.126205   0.009053   0.000000   0.000000   0.000000  -0.021974   0.077707   0.008423   0.000000   0.000000 
  0.000000   0.108795   0.051573  -0.001031   0.000000   0.000000   0.000000   0.130794  -0.074632  -0.010084   0.000000   0.000000 
  0.000000   0.102901   0.061799  -0.009339   0.000000   0.000000   0.000000  -0.005894   0.010226  -0.008308   0.000000   0.000000 
  0.000000  -0.018638   0.217063   0.018105   0.000000   0.000000   0.000000  -0.121539   0.155264   0.027444   0.000000   0.000000 
  0.000078   0.010946   0.200607   0.019194   0.005787   0.000000   0.000078   0.029584  -0.016456   0.001089   0.005787   0.000000 
  0.000000   0.132316   0.093937   0.006761   0.000000   0.000000  -0.000078   0.121370  -0.106670  -0.012433  -0.005787   0.000000 
  0.000000   0.059112   0.114357  -0.006532   0.000000   0.000000   0.000000  -0.073204   0.020420  -0.013293   0.000000   0.000000 
  0.000000   0.002738   0.169507  -0.005386   0.000000   0.000000   0.000000  -0.056374   0.055150   0.001146   0.000000   0.000000 
  0.002404   0.103592   0.128150  -0.015756   0.000000   0.008881   0.002404   0.100854  -0.041357  -0.010370   0.000000   0.008881 
 -0.000021   0.086302   0.143165  -0.020569   0.000000   0.004354  -0.002425  -0.017290   0.015015  -0.004813   0.000000  -0.004527 
  0.000000   0.037289   0.183864  -0.010027   0.000000   0.000000   0.000021  -0.049013   0.040699   0.010542   0.000000  -0.004354 
 -0.000023   0.108450   0.118619  -0.011115   0.000000   0.002922  -0.000023   0.071161  -0.065245  -0.001088   0.000000   0.002922 
 -0.000004   0.125187   0.066153  -0.041883   0.000000   0.000000   0.000019   0.016737  -0.052466  -0.030768   0.000000  -0.002922 
  0.000041   0.052715   0.114361  -0.056436   0.005099   0.004526   0.000045  -0.072472   0.048208  -0.014553   0.005099   0.004526 
  0.000032   0.057481   0.119686  -0.027559   0.000000   0.003495  -0.000009   0.004766   0.005325   0.028877  -0.005099  -0.001031 
  0.000011   0.121960   0.098681  -0.029221   0.003839   0.000000  -0.000021   0.064479  -0.021005  -0.001662   0.003839  -0.003495 
 -0.013750   0.042029   0.128583  -0.039763  -0.009053   0.000000  -0.013761  -0.079931   0.029902  -0.010542  -0.012892   0.000000 
 -0.007844   0.022824   0.178408  -0.029565   0.000000   0.000000   0.005906  -0.019205   0.049825   0.010198   0.009053   0.000000 
  0.000000   0.110767   0.094222  -0.021715   0.000000   0.000000   0.007844   0.087943  -0.084186   0.007850   0.000000   0.000000 
 -0.017059   0.070813   0.106831  -0.027846   0.000000   0.015011  -0.017059  -0.039954   0.012609  -0.006131   0.000000   0.015011 
 -0.011203   0.010359   0.178012  -0.008652   0.000000   0.010141   0.005856  -0.060454   0.071181   0.019194   0.000000  -0.004870 
 -0.018114   0.105260   0.102464  -0.011860   0.000000   0.013694  -0.006911   0.094901  -0.075548  -0.003208   0.000000   0.003553 
 -0.013939   0.106404   0.063149  -0.042399   0.012376   0.023262   0.004175   0.001144  -0.039315  -0.030539   0.012376   0.009568 
  0.001221   0.046554   0.117123  -0.041998   0.000000   0.023262   0.015160  -0.059850   0.053974   0.000401  -0.012376   0.000000 
 -0.006985   0.070374   0.095982  -0.035294   0.007334   0.023262  -0.008206   0.023820  -0.021141   0.006704   0.007334   0.000000 
 -0.017681   0.090538   0.096295  -0.019996   0.000000   0.023262  -0.010696   0.020164   0.000313   0.015298  -0.007334   0.000000 
 -0.004778   0.020635   0.179353  -0.025096   0.023892   0.004297   0.012903  -0.069903   0.083058  -0.005100   0.023892  -0.018965 
 -0.002204   0.053056   0.169457  -0.022746   0.014668   0.005730   0.002574   0.032421  -0.009896   0.002350  -0.009224   0.001433 
 -0.007148   0.128984   0.109506  -0.033346   0.000000   0.011975  -0.004944   0.075928  -0.059951  -0.010600  -0.014668   0.006245 
 -0.007136   0.059332   0.154533  -0.037357   0.000000   0.010943   0.000012  -0.069652   0.045027  -0.004011   0.000000  -0.001032 
 -0.002065   0.027920   0.196002  -0.043659   0.004641   0.008938   0.005071  -0.031412   0.041469  -0.006302   0.004641  -0.002005 
 -0.007054   0.118368   0.127476  -0.027674   0.003037   0.013923  -0.004989   0.090448  -0.068526   0.015985  -0.001604   0.004985 
 -0.013072   0.105302   0.129255  -0.038617  -0.003380   0.023262  -0.006018  -0.013066   0.001779  -0.010943  -0.006417   0.009339 
 -0.003510   0.046339   0.186883  -0.046696   0.007047   0.023262   0.009562  -0.058963   0.057628  -0.008079   0.010427   0.000000 
 -0.003567   0.077084   0.136872  -0.046696  -0.003323   0.023262  -0.000057   0.030745  -0.050011   0.000000  -0.010370   0.000000 
 -0.007426   0.107718   0.109814  -0.036096   0.009454   0.023262  -0.003859   0.030634  -0.027058   0.010600   0.012777   0.000000 
 -0.011724   0.027978   0.150562  -0.037300   0.007563   0.023262  -0.004298  -0.079740   0.040748  -0.001204  -0.001891   0.000000 
 -0.017351   0.077497   0.104427  -0.021028   0.003839   0.023262  -0.005627   0.049519  -0.046135   0.016272  -0.003724   0.000000 
 -0.017424   0.140476   0.088603  -0.032086  -0.001261   0.023262  -0.000073   0.062979  -0.015824  -0.011058  -0.005100   0.000000 
 -0.009401   0.070151   0.142462  -0.035294  -0.009912   0.004354   0.008023  -0.070325   0.053859  -0.003208  -0.008651  -0.018908 
 -0.009152   0.043810   0.173198  -0.046123  -0.002922   0.023262   0.000249  -0.026341   0.030736  -0.010829   0.006990   0.018908 
 -0.014906   0.126437   0.103508  -0.037643  -0.003266   0.023262  -0.005754   0.082627  -0.069690   0.008480  -0.000344   0.000000 
 -0.021732   0.065152   0.118445  -0.128457   0.004469   0.023262  -0.006826  -0.061285   0.014937  -0.090814   0.007735   0.000000 
 -0.010991   0.066143   0.076765  -0.037643  -0.005901   0.023262   0.010741   0.000991  -0.041680   0.090814  -0.010370   0.000000 
 -0.010942   0.056130   0.092257  -0.049561  -0.000057   0.023262   0.000049  -0.010013   0.015492  -0.011918   0.005844   0.000000 
 -0.004954   0.006792   0.177246  -0.034664   0.006303   0.023262   0.005988  -0.049338   0.084989   0.014897   0.006360   0.000000 
 -0.003973   0.072401   0.138025  -0.045264   0.006875   0.023262   0.000981   0.065609  -0.039221  -0.010600   0.000572   0.000000 
 -0.004128   0.111282   0.109395  -0.055634   0.001089   0.026528  -0.000155   0.038881  -0.028630  -0.010370  -0.005786   0.003266 
  0.002791   0.049583   0.143070  -0.070646   0.001146   0.028877   0.006919  -0.061699   0.033675  -0.015012   0.000057   0.002349 
  0.005112   0.037342   0.176382  -0.047384   0.001089   0.023262   0.002321  -0.012241   0.033312   0.023262  -0.000057  -0.005615 
  0.000034   0.109357   0.122560  -0.044060   0.004526   0.030997  -0.005078   0.072015  -0.053822   0.003324   0.003437   0.007735 
  0.008931   0.046817   0.194882  -0.064343   0.022345   0.029565   0.008897  -0.062540   0.072322  -0.020283   0.017819  -0.001432 
  0.005026   0.010931   0.226678  -0.047040   0.021371   0.023262  -0.003905  -0.035886   0.031796   0.017303  -0.000974  -0.006303 
 -0.000883   0.104932   0.149336  -0.030539   0.001089   0.023262  -0.005909   0.094001  -0.077342   0.016501  -0.020282   0.000000 
  0.001168   0.089278   0.155585  -0.047842   0.013063   0.029393   0.002051  -0.015654   0.006249  -0.017303   0.011974   0.006131 
  0.009713   0.046407   0.158462  -0.075344   0.006933   0.008938   0.008545  -0.042871   0.002877  -0.027502  -0.006130  -0.020455 
  0.006767   0.077703   0.152335  -0.062796   0.001146   0.031398  -0.002946   0.031296  -0.006127   0.012548  -0.005787   0.022460 
 -0.008084   0.146094   0.102207  -0.055806   0.007678   0.023262  -0.014851   0.068391  -0.050128   0.006990   0.006532  -0.008136 
 -0.005854   0.072065   0.134893  -0.070703   0.019882   0.023262   0.002230  -0.074029   0.032686  -0.014897   0.012204   0.000000 
  0.010449   0.047453   0.129467  -0.049905   0.009568   0.023262   0.016303  -0.024612  -0.005426   0.020798  -0.010314   0.000000 
  0.001146   0.149062   0.062404  -0.049389   0.006933   0.023262  -0.009303   0.101609  -0.067063   0.000516  -0.002635   0.000000 
  0.004538   0.061016   0.138166  -0.044691   0.001089   0.023262   0.003392  -0.088046   0.075762   0.004698  -0.005844   0.000000 
  0.002258   0.041971   0.155550  -0.029908   0.007620   0.033575  -0.002280  -0.019045   0.017384   0.014783   0.006531   0.010313 
 -0.005897   0.121448   0.108353  -0.029221   0.015928   0.035122  -0.008155   0.079477  -0.047197   0.000687   0.008308   0.001547 
 -0.005924   0.062897   0.148919  -0.047498   0.015413   0.049733  -0.000027  -0.058551   0.040566  -0.018277  -0.000515   0.014611 
  0.001783   0.051007   0.182671  -0.066177   0.010199   0.038560   0.007707  -0.011890   0.033752  -0.018679  -0.005214  -0.011173 
 -0.005925   0.121646   0.116829  -0.054316   0.007506   0.039534  -0.007708   0.070639  -0.065842   0.011861  -0.002693   0.000974 
 -0.005905   0.092741   0.104181  -0.054316   0.008079   0.032945   0.000020  -0.028905  -0.012648   0.000000   0.000573  -0.006589 
 -0.000334   0.053797   0.159248  -0.078151   0.020741   0.035523   0.005571  -0.038944   0.055067  -0.023835   0.012662   0.002578 
 -0.005757   0.088745   0.110662  -0.059530   0.020168   0.043487  -0.005423   0.034948  -0.048586   0.018621  -0.000573   0.007964 
 -0.010079   0.105446   0.104013  -0.063426   0.025153   0.032487  -0.004322   0.016701  -0.006649  -0.003896   0.004985  -0.011000 
  0.001751   0.036453   0.180097  -0.058384   0.032888   0.034664   0.011830  -0.068993   0.076084   0.005042   0.007735   0.002177 
 -0.005827   0.067969   0.138333  -0.058843   0.019251   0.033060  -0.007578   0.031516  -0.041764  -0.000459  -0.013637  -0.001604 
 -0.024934   0.128570   0.105079  -0.033575   0.006303   0.033518  -0.019107   0.060601  -0.033254   0.025268  -0.012948   0.000458 
 -0.004755   0.062743   0.167448  -0.054316   0.029164   0.031685   0.020179  -0.065827   0.062369  -0.020741   0.022861  -0.001833 
  0.001997   0.024978   0.189425  -0.037128   0.036555   0.023262   0.006752  -0.037765   0.021977   0.017188   0.007391  -0.008423 
 -0.003856   0.127199   0.115893  -0.036497   0.025554   0.034377  -0.005853   0.102221  -0.073532   0.000631  -0.011001   0.011115 
 -0.003864   0.082153   0.106520  -0.043029   0.028591   0.023262  -0.000008  -0.045046  -0.009373  -0.006532   0.003037  -0.011115 
 -0.003807   0.030725   0.180353  -0.040508   0.034206   0.023262   0.000057  -0.051428   0.073833   0.002521   0.005615   0.000000 
 -0.003761   0.041398   0.194513  -0.042055   0.034206   0.030539   0.000046   0.010673   0.014160  -0.001547   0.000000   0.007277 
 -0.003766   0.125550   0.142447  -0.038675   0.034206   0.040164  -0.000005   0.084152  -0.052066   0.003380   0.000000   0.009625 
 -0.003796   0.086734   0.147725  -0.057468   0.034206   0.023262  -0.000030  -0.038816   0.005278  -0.018793   0.000000  -0.016902 
 -0.003766   0.038395   0.197847  -0.055119   0.034206   0.026585   0.000030  -0.048339   0.050122   0.002349   0.000000   0.003323 
 -0.003766   0.053231   0.166735  -0.035065   0.038617   0.023262   0.000000   0.014836  -0.031112   0.020054   0.004411  -0.003323 
 -0.003769   0.090302   0.140875  -0.029679   0.039706   0.023262  -0.000003   0.037071  -0.025860   0.005386   0.001089   0.000000 
  0.004535   0.032425   0.230174  -0.032086   0.045264   0.023262   0.008304  -0.057877   0.089299  -0.002407   0.005558   0.000000 
  0.002759   0.030184   0.210176  -0.033346   0.043659   0.023262  -0.001776  -0.002241  -0.019998  -0.001260  -0.001605   0.000000 
 -0.003852   0.113194   0.163951  -0.019481   0.039591   0.042227  -0.006611   0.083010  -0.046225   0.013865  -0.004068   0.018965 
 -0.003831   0.059254   0.191602  -0.023205   0.034206   0.037930   0.000021  -0.053940   0.027651  -0.003724  -0.005385  -0.004297 
 -0.003790   0.023753   0.220797  -0.041883   0.034206   0.028992   0.000041  -0.035501   0.029195  -0.018678   0.000000  -0.008938 
 -0.003824   0.101445   0.149931  -0.038388   0.030138   0.037414  -0.000034   0.077692  -0.070866   0.003495  -0.004068   0.008422 
 -0.003798   0.104332   0.138822  -0.049962   0.029737   0.040050   0.000026   0.002887  -0.011109  -0.011574  -0.000401   0.002636 
 -0.003975   0.043407   0.204112  -0.056780   0.018163   0.032429  -0.000177  -0.060925   0.065290  -0.006818  -0.011574  -0.007621 
 -0.004016   0.086084   0.133355  -0.044863   0.014553   0.023262  -0.000041   0.042677  -0.070757   0.011917  -0.003610  -0.009167 
 -0.003914   0.116508   0.121745  -0.063369   0.021142   0.047899   0.000102   0.030424  -0.011610  -0.018506   0.006589   0.024637 
  0.001306   0.040463   0.173932  -0.058728   0.034377   0.040164   0.005220  -0.076045   0.052187   0.004641   0.013235  -0.007735 
 -0.003910   0.046820   0.186356  -0.052426   0.027731   0.023262  -0.005216   0.006357   0.012424   0.006302  -0.006646  -0.016902 
 -0.011011   0.135450   0.132839  -0.063369   0.032716   0.038904  -0.007101   0.088630  -0.053517  -0.010943   0.004985   0.015642 
  0.002032   0.043044   0.198181  -0.063369   0.038961   0.023262   0.013043  -0.092406   0.065342   0.000000   0.006245  -0.015642 
 -0.003935   0.080398   0.129061  -0.058155   0.023778   0.030424  -0.005967   0.037354  -0.069120   0.005214  -0.015183   0.007162 
 -0.003922   0.128900   0.107698  -0.049790   0.025096   0.023262   0.000013   0.048502  -0.021363   0.008365   0.001318  -0.007162 
 -0.003800   0.068649   0.137847  -0.063369   0.034492   0.034950   0.000122  -0.060251   0.030149  -0.013579   0.009396   0.011688 
 -0.003960   0.028234   0.204727  -0.048472   0.029679   0.033862  -0.000160  -0.040415   0.066880   0.014897  -0.004813  -0.001088 
 -0.004022   0.116637   0.123376  -0.059358   0.021028   0.048587  -0.000062   0.088403  -0.081351  -0.010886  -0.008651   0.014725 
 -0.003935   0.066982   0.135808  -0.071161   0.026413   0.031971   0.000087  -0.049655   0.012432  -0.011803   0.005385  -0.016616 
  0.001689   0.032190   0.160591  -0.059358   0.035294   0.023262   0.005624  -0.034792   0.024783   0.011803   0.008881  -0.008709 
 -0.008149   0.104604   0.110561  -0.059358   0.019251   0.043487  -0.009838   0.072414  -0.050030   0.000000  -0.016043   0.020225 
 -0.013054   0.079866   0.130341  -0.059358   0.018736   0.040164  -0.004905  -0.024738   0.019780   0.000000  -0.000515  -0.003323 
 -0.009395   0.050853   0.173300  -0.065203   0.017303   0.029335   0.003659  -0.029013   0.042959  -0.005845  -0.001433  -0.010829 
 -0.008596   0.089434   0.127165  -0.059358   0.010141   0.044404   0.000799   0.038581  -0.046135   0.005845  -0.007162   0.015069 
 -0.010243   0.100517   0.106384  -0.059358   0.016387   0.045206  -0.001647   0.011083  -0.020781   0.000000   0.006246   0.000802 
 -0.011701   0.038766   0.175443  -0.072766   0.019824   0.034721  -0.001458  -0.061751   0.069059  -0.013408   0.003437  -0.010485 
 -0.010303   0.059488   0.147142  -0.059358   0.031971   0.037070   0.001398   0.020722  -0.028301   0.013408   0.012147   0.002349 
 -0.003838   0.109697   0.133444  -0.059301   0.042571   0.047498   0.006465   0.050209  -0.013698   0.000057   0.010600   0.010428 
 -0.001587   0.032340   0.192296  -0.055749   0.039419   0.040222   0.002251  -0.077357   0.058852   0.003552  -0.003152  -0.007276 
 -0.007431   0.048831   0.158359  -0.033518   0.033346   0.035008  -0.005844   0.016491  -0.033937   0.022231  -0.006073  -0.005214 
 -0.007918   0.107702   0.125634  -0.027044   0.031914   0.047212  -0.000487   0.058871  -0.032725   0.006474  -0.001432   0.012204 
 -0.008309   0.030006   0.160805  -0.033518   0.022345   0.033403  -0.000391  -0.077696   0.035171  -0.006474  -0.009569  -0.013809 
 -0.007812   0.053510   0.134672  -0.051795   0.010084   0.023262   0.000497   0.023504  -0.026133  -0.018277  -0.012261  -0.010141 
 -0.003963   0.105211   0.123130  -0.068870   0.026986   0.045607   0.003849   0.051701  -0.011542  -0.017075   0.016902   0.022345 
 -0.008626   0.044046   0.115310  -0.033690   0.010084   0.042112  -0.004663  -0.061165  -0.007820   0.035180  -0.016902  -0.003495 
 -0.021540   0.032226   0.115637  -0.033747   0.030195   0.035294  -0.012914  -0.011820   0.000327  -0.000057   0.020111  -0.006818 
 -0.012544   0.005179   0.172510  -0.046238   0.036956   0.031971   0.008996  -0.027047   0.056873  -0.012491   0.006761  -0.003323 
 -0.017259   0.071575   0.098316  -0.043316   0.027731   0.039477  -0.004715   0.066396  -0.074194   0.002922  -0.009225   0.007506 
 -0.013317   0.064959   0.121099  -0.056494   0.034034   0.033575   0.003942  -0.006616   0.022783  -0.013178   0.006303  -0.005902 
 -0.003696   0.005136   0.206019  -0.033747   0.027731   0.036440   0.009621  -0.059823   0.084920   0.022747  -0.006303   0.002865 
 -0.008833   0.057026   0.138522  -0.043831   0.017876   0.038388  -0.005137   0.051890  -0.067497  -0.010084  -0.009855   0.001948 
 -0.010475   0.095183   0.111909  -0.047613   0.033690   0.038274  -0.001642   0.038157  -0.026613  -0.003782   0.015814  -0.000114 
 -0.007182   0.014633   0.171563  -0.044118   0.041024   0.056494   0.003293  -0.080550   0.059654   0.003495   0.007334   0.018220 
 -0.004212   0.023027   0.172348  -0.044863   0.042800   0.057754   0.002970   0.008394   0.000785  -0.000745   0.001776   0.001260 
 -0.004313   0.113195   0.107456  -0.056150   0.022173   0.054259  -0.000101   0.090168  -0.064892  -0.011287  -0.020627  -0.003495 
 -0.004250   0.038173   0.167163  -0.044805   0.041253   0.057009   0.000063  -0.075022   0.059707   0.011345   0.019080   0.002750 
  0.005368   0.003861   0.226133  -0.029737   0.035065   0.023262   0.009618  -0.034312   0.058970   0.015068  -0.006188  -0.033747 
  0.000336   0.093487   0.161865  -0.037414   0.022517   0.041425  -0.005032   0.089626  -0.064268  -0.007677  -0.012548   0.018163 
  0.011836   0.087118   0.150556  -0.052769   0.038331   0.046467   0.011500  -0.006369  -0.011309  -0.015355   0.015814   0.005042 
  0.002790   0.003238   0.206224  -0.029737   0.053915   0.051853  -0.009046  -0.083880   0.055668   0.023032   0.015584   0.005386 
 -0.004274   0.063753   0.167256  -0.029794   0.034435   0.047555  -0.007064   0.060515  -0.038968  -0.000057  -0.019480  -0.004298 
 -0.004371   0.105786   0.130752  -0.034206   0.022460   0.041138  -0.000097   0.042033  -0.036504  -0.004412  -0.011975  -0.006417 
  0.004334   0.039276   0.174586  -0.045607   0.042972   0.050592   0.008705  -0.066510   0.043834  -0.011401   0.020512   0.009454 
 -0.004121   0.017635   0.214169  -0.044232   0.045894   0.034893  -0.008455  -0.021641   0.039583   0.001375   0.002922  -0.015699 
 -0.004194   0.110520   0.133386  -0.043487   0.033232   0.040394  -0.000073   0.092885  -0.080783   0.000745  -0.012662   0.005501 
 -0.015802   0.113807   0.135326  -0.058155   0.023491   0.023262  -0.011608   0.003287   0.001940  -0.014668  -0.009741  -0.017132 
 -0.014972   0.067634   0.111694  -0.038675   0.039305   0.046925   0.000830  -0.046173  -0.023632   0.019480   0.015814   0.023663 
 -0.001594   0.082385   0.132949  -0.069500   0.037128   0.063255   0.013378   0.014751   0.021255  -0.030825  -0.002177   0.016330 
 -0.004299  -0.003506   0.179384  -0.032945   0.038503   0.067895  -0.002705  -0.085891   0.046435   0.036555   0.001375   0.004640 
 -0.004158   0.111756   0.126558  -0.050879   0.039649   0.062739   0.000141   0.115262  -0.052826  -0.017934   0.001146  -0.005156 
 -0.007672   0.114399   0.123385  -0.058155   0.024293   0.060390  -0.003514   0.002643  -0.003173  -0.007276  -0.015356  -0.002349 
 -0.004231   0.034206   0.180853  -0.040451   0.039248   0.055233   0.003441  -0.080193   0.057468   0.017704   0.014955  -0.005157 
  0.008065   0.024464   0.196551  -0.031513   0.035982   0.063713   0.012296  -0.009742   0.015698   0.008938  -0.003266   0.008480 
 -0.004302   0.111059   0.156306  -0.046352   0.029565   0.057296  -0.012367   0.086595  -0.040245  -0.014839  -0.006417  -0.006417 
 -0.004401   0.109978   0.123939  -0.066807   0.020684   0.056436  -0.000099  -0.001081  -0.032367  -0.020455  -0.008881  -0.000860 
  0.007623   0.044213   0.203699  -0.052827   0.025497   0.056436   0.012024  -0.065765   0.079760   0.013980   0.004813   0.000000 
  0.003345   0.077624   0.167495  -0.052827   0.021887   0.056436  -0.004278   0.033411  -0.036204   0.000000  -0.003610   0.000000 
  0.000086   0.138428   0.128532  -0.042170   0.022460   0.065776  -0.003259   0.060804  -0.038963   0.010657   0.000573   0.009340 
  0.009149   0.049276   0.212499  -0.052827   0.024580   0.062338   0.009063  -0.089152   0.083967  -0.010657   0.002120  -0.003438 
  0.010573   0.082630   0.184203  -0.048587   0.016043   0.067724   0.001424   0.033354  -0.028296   0.004240  -0.008537   0.005386 
 -0.002954   0.179066   0.113284  -0.062510   0.026471   0.069442  -0.013527   0.096436  -0.070919  -0.013923   0.010428   0.001718 
  0.006004   0.078829   0.174969  -0.067838   0.034034   0.069500   0.008958  -0.100237   0.061685  -0.005328   0.007563   0.000058 
  0.005465   0.084557   0.167201  -0.055634   0.029164   0.070760  -0.000539   0.005728  -0.007768   0.012204  -0.004870   0.001260 
 -0.003009   0.178754   0.094181  -0.066979   0.016043   0.066177  -0.008474   0.094197  -0.073020  -0.011345  -0.013121  -0.004583 
 -0.003036   0.077487   0.191802  -0.070130   0.016043   0.068984  -0.000027  -0.101267   0.097621  -0.003151   0.000000   0.002807 
  0.003217   0.065279   0.188066  -0.057754   0.029565   0.073854   0.006253  -0.012208  -0.003736   0.012376   0.013522   0.004870 
 -0.002957   0.183166   0.103752  -0.061135   0.025325   0.065317  -0.006174   0.117887  -0.084314  -0.003381  -0.004240  -0.008537 
 -0.003005   0.101084   0.150745  -0.090012   0.016043   0.082048  -0.000048  -0.082082   0.046993  -0.028877  -0.009282   0.016731 
  0.005327   0.049951   0.202127  -0.063656   0.039419   0.066062   0.008332  -0.051133   0.051382   0.026356   0.023376  -0.015986 
  0.000522   0.143558   0.139144  -0.055290   0.020340   0.071391  -0.004805   0.093607  -0.062983   0.008366  -0.019079   0.005329 
  0.004163   0.117818   0.125410  -0.068239   0.016043   0.056436   0.003641  -0.025740  -0.013734  -0.012949  -0.004297  -0.014955 
  0.004271   0.056817   0.192065  -0.071505   0.027559   0.056436   0.000108  -0.061001   0.066655  -0.003266   0.011516   0.000000 
  0.002177   0.089969   0.170011  -0.077636   0.020054   0.062682  -0.002094   0.033152  -0.022054  -0.006131  -0.007505   0.006246 
  0.004207   0.138657   0.114802  -0.068239   0.019309   0.056436   0.002030   0.048688  -0.055209   0.009397  -0.000745  -0.006246 
  0.000537   0.087606   0.147917  -0.068239   0.023262   0.056436  -0.003670  -0.051051   0.033115   0.000000   0.003953   0.000000 
  0.004437   0.020611   0.229999  -0.073109   0.041368   0.069099   0.003900  -0.066995   0.082082  -0.004870   0.018106   0.012663 
  0.007010   0.083846   0.183875  -0.068182   0.028476   0.074255   0.002573   0.063235  -0.046124   0.004927  -0.012892   0.005156 
  0.004360   0.145278   0.113713  -0.068182   0.024236   0.068812  -0.002650   0.061432  -0.070162   0.000000  -0.004240  -0.005443 
 -0.000551   0.064274   0.149385  -0.068182   0.035753   0.056436  -0.004911  -0.081004   0.035672   0.000000   0.011517  -0.012376 
  0.001013   0.030012   0.187866  -0.052769   0.044519   0.061708   0.001564  -0.034262   0.038481   0.015413   0.008766   0.005272 
 -0.001406   0.149812   0.110426  -0.049847   0.033690   0.065776  -0.002419   0.119800  -0.077440   0.002922  -0.010829   0.004068 
 -0.001161   0.085857   0.160397  -0.063541   0.035638   0.079011   0.000245  -0.063955   0.049971  -0.013694   0.001948   0.013235 
  0.002179   0.023132   0.218399  -0.037586   0.034836   0.056436   0.003340  -0.062725   0.058002   0.025955  -0.000802  -0.022575 
  0.004295   0.118757   0.143238  -0.063083   0.022918   0.072594   0.002116   0.095625  -0.075161  -0.025497  -0.011918   0.016158 
  0.002197   0.103614   0.130277  -0.053686   0.034091   0.069271  -0.002098  -0.015143  -0.012961   0.009397   0.011173  -0.003323 
  0.007353   0.044708   0.189015  -0.046868   0.046696   0.065374   0.005156  -0.058906   0.058738   0.006818   0.012605  -0.003897 
 -0.004676   0.124994   0.112973  -0.046352   0.026986   0.056436  -0.012029   0.080286  -0.076042   0.000516  -0.019710  -0.008938 
 -0.015381   0.087240   0.135113  -0.061421   0.026757   0.072880  -0.010705  -0.037754   0.022140  -0.015069  -0.000229   0.016444 
 -0.001625   0.010486   0.229716  -0.056322   0.056837   0.088236   0.013756  -0.076754   0.094603   0.005099   0.030080   0.015356 
 -0.006553   0.090794   0.173080  -0.052712   0.041539   0.087261  -0.004928   0.080308  -0.056636   0.003610  -0.015298  -0.000975 
 -0.005814   0.115488   0.109633  -0.043946   0.049045   0.073396   0.000739   0.024694  -0.063447   0.008766   0.007506  -0.013865 
 -0.003824   0.046543   0.192713  -0.052712   0.049045   0.069901   0.001990  -0.068945   0.083080  -0.008766   0.000000  -0.003495 
 -0.003980   0.027295   0.208826  -0.037357   0.043487   0.074083  -0.000156  -0.019248   0.016113   0.015355  -0.005558   0.004182 
 -0.006850   0.128841   0.132931  -0.041253   0.031054   0.083193  -0.002870   0.101546  -0.075895  -0.003896  -0.012433   0.009110 
  0.025776   0.061871   0.172853  -0.044404   0.035065   0.090871   0.032626  -0.066970   0.039922  -0.003151   0.004011   0.007678 
  0.021968   0.016381   0.217591  -0.035523   0.034893   0.089267  -0.003808  -0.045490   0.044738   0.008881  -0.000172  -0.001604 
  0.021641   0.108399   0.130174  -0.065432   0.016100   0.087949  -0.000327   0.092018  -0.087417  -0.029909  -0.018793  -0.001318 
 -0.004082   0.103203   0.120135  -0.078553   0.031455   0.086689  -0.025723  -0.005196  -0.010039  -0.013121   0.015355  -0.001260 
 -0.010282   0.041220   0.184965  -0.063484   0.024580   0.089038  -0.006200  -0.061983   0.064830   0.015069  -0.006875   0.002349 
 -0.008630   0.078239   0.149167  -0.069729   0.036383   0.086058   0.001652   0.037019  -0.035798  -0.006245   0.011803  -0.002980 
 -0.014049   0.120847   0.109650  -0.076490   0.033919   0.080271  -0.005419   0.042608  -0.039517  -0.006761  -0.002464  -0.005787 
 -0.014019   0.049211   0.183897  -0.070130   0.038102   0.083709   0.000030  -0.071636   0.074247   0.006360   0.004183   0.003438 
 -0.014009   0.046619   0.176147  -0.060676   0.041826   0.086574   0.000010  -0.002592  -0.007750   0.009454   0.003724   0.002865 
 -0.014142   0.125326   0.133355  -0.062624   0.024580   0.088637  -0.000133   0.078707  -0.042792  -0.001948  -0.017246   0.002063 
 -0.014209   0.055166   0.188221  -0.049675   0.024523   0.083365  -0.000067  -0.070160   0.054866   0.012949  -0.000057  -0.005272 
 -0.002788   0.021736   0.231939  -0.056608   0.048988   0.089954   0.011421  -0.033430   0.043718  -0.006933   0.024465   0.006589 
 -0.001865   0.119541   0.139161  -0.070245   0.042800   0.084282   0.000923   0.097805  -0.092778  -0.013637  -0.006188  -0.005672 
 -0.013949   0.095588   0.154300  -0.078266   0.050077   0.084511  -0.012084  -0.023953   0.015139  -0.008021   0.007277   0.000229 
 -0.016171   0.033488   0.208586  -0.061249   0.053285   0.095168  -0.002222  -0.062100   0.054286   0.017017   0.003208   0.010657 
 -0.014049   0.129863   0.094947  -0.066234   0.039534   0.109206   0.002122   0.096375  -0.113639  -0.004985  -0.013751   0.014038 
 -0.013955   0.105337   0.099383  -0.069385   0.049847   0.094825   0.000094  -0.024526   0.004436  -0.003151   0.010313  -0.014381 
 -0.000839   0.015831   0.234872  -0.063827   0.047613   0.092819   0.013116  -0.089506   0.135489   0.005558  -0.002234  -0.002006 
 -0.006790   0.082906   0.174460  -0.058155   0.046581   0.087376  -0.005951   0.067075  -0.060412   0.005672  -0.001032  -0.005443 
 -0.013891   0.147468   0.110701  -0.070703   0.049618   0.092475  -0.007101   0.064562  -0.063759  -0.012548   0.003037   0.005099 
 -0.020616   0.077603   0.125116  -0.044805   0.036326   0.087204  -0.006725  -0.069865   0.014415   0.025898  -0.013292  -0.005271 
 -0.007876   0.012266   0.189473  -0.043774   0.024523   0.070646   0.012740  -0.065337   0.064357   0.001031  -0.011803  -0.016558 
 -0.004712   0.112206   0.094124  -0.095684   0.029908   0.081990   0.003164   0.099940  -0.095349  -0.051910   0.005385   0.011344 
 -0.008508   0.067193   0.115082  -0.092934   0.032659   0.084798  -0.003796  -0.045013   0.020958   0.002750   0.002751   0.002808 
  0.002068   0.027696   0.183194  -0.074198   0.024523   0.083022   0.010576  -0.039497   0.068112   0.018736  -0.008136  -0.001776 
 -0.007315   0.121367   0.097975  -0.077292   0.024523   0.083709  -0.009383   0.093671  -0.085219  -0.003094   0.000000   0.000687 
 -0.013961   0.085730   0.109721  -0.081646   0.036383   0.085657  -0.006646  -0.035637   0.011746  -0.004354   0.011860   0.001948 
  0.000873   0.033903   0.188596  -0.077292   0.030825   0.088064   0.014834  -0.051827   0.078875   0.004354  -0.005558   0.002407 
  0.018680   0.102885   0.091541  -0.105997   0.036784   0.084740   0.017807   0.068982  -0.097055  -0.028705   0.005959  -0.003324 
  0.012946   0.084311   0.078076  -0.104450   0.032028   0.085657  -0.005734  -0.018574  -0.013465   0.001547  -0.004756   0.000917 
 -0.007303   0.071402   0.064652  -0.095512   0.039305   0.074943  -0.020249  -0.012909  -0.013424   0.008938   0.007277  -0.010714 
 -0.003808   0.032300   0.123168  -0.094252   0.053170   0.089668   0.003495  -0.039102   0.058516   0.001260   0.013865   0.014725 
 -0.003909   0.128751   0.056573  -0.071104   0.031685   0.083652  -0.000101   0.096451  -0.066595   0.023148  -0.021485  -0.006016 
 -0.003926   0.118906   0.078242  -0.066463   0.035581   0.079928  -0.000017  -0.009845   0.021669   0.004641   0.003896  -0.003724 
 -0.003950   0.034218   0.190212  -0.056264   0.034721   0.081818  -0.000024  -0.084688   0.111970   0.010199  -0.000860   0.001890 
 -0.006535   0.100065   0.122545  -0.070932   0.024580   0.077407  -0.002585   0.065847  -0.067667  -0.014668  -0.010141  -0.004411 
 -0.013632   0.125589   0.108364  -0.070932   0.024523   0.090986  -0.007097   0.025524  -0.014181   0.000000  -0.000057   0.013579 
 -0.013749   0.059004   0.179878  -0.070932   0.031685   0.098950  -0.000117  -0.066585   0.071514   0.000000   0.007162   0.007964 
 -0.004070   0.127234   0.100366  -0.070932   0.024523   0.096658   0.009679   0.068230  -0.079512   0.000000  -0.007162  -0.002292 
 -0.003971   0.111567   0.103518  -0.075172   0.027903   0.085199   0.000099  -0.015667   0.003152  -0.004240   0.003380  -0.011459 
 -0.003819   0.034254   0.235398  -0.070989   0.045264   0.088121   0.000152  -0.077313   0.131880   0.004183   0.017361   0.002922 
 -0.003874   0.069448   0.226980  -0.059989   0.043086   0.096142  -0.000055   0.035194  -0.008418   0.011000  -0.002178   0.008021 
 -0.003985   0.153030   0.106598  -0.069729   0.024523   0.095569  -0.000111   0.083582  -0.120382  -0.009740  -0.018563  -0.000573 
 -0.004193   0.107377   0.089939  -0.089324   0.015699   0.071448  -0.000208  -0.045653  -0.016659  -0.019595  -0.008824  -0.024121 
  0.007745   0.055929   0.149395  -0.062051   0.019996   0.087032   0.011938  -0.051448   0.059456   0.027273   0.004297   0.015584 
  0.006945   0.144744   0.065893  -0.081646   0.021715   0.090126  -0.000800   0.088815  -0.083502  -0.019595   0.001719   0.003094 
  0.007154   0.134876   0.068854  -0.086173   0.015814   0.096715   0.000209  -0.009868   0.002961  -0.004527  -0.005901   0.006589 
  0.017578   0.057716   0.167124  -0.081245   0.031914   0.086287   0.010424  -0.077160   0.098270   0.004928   0.016100  -0.010428 
  0.000567   0.119203   0.092026  -0.085714   0.021543   0.094538  -0.017011   0.061487  -0.075098  -0.004469  -0.010371   0.008251 
  0.000716   0.159348   0.072865  -0.090928   0.033747   0.088694   0.000149   0.040145  -0.019161  -0.005214   0.012204  -0.005844 
  0.000603   0.050343   0.158234  -0.092819   0.043430   0.089668  -0.000113  -0.109005   0.085369  -0.001891   0.009683   0.000974 
  0.000613   0.102041   0.096908  -0.076490   0.043430   0.090585   0.000010   0.051698  -0.061326   0.016329   0.000000   0.000917 
 -0.001515   0.150623   0.075033  -0.085714   0.043430   0.098377  -0.002128   0.048582  -0.021875  -0.009224   0.000000   0.007792 
  0.000728   0.046278   0.146092  -0.086574   0.049446   0.096314   0.002243  -0.104345   0.071059  -0.000860   0.006016  -0.002063 
  0.000614   0.094266   0.089135  -0.072708   0.039248   0.094538  -0.000114   0.047988  -0.056957   0.013866  -0.010198  -0.001776 
  0.000832   0.163338   0.060891  -0.062281   0.043430   0.111211   0.000218   0.069072  -0.028244   0.010427   0.004182   0.016673 
  0.000554   0.064166   0.159272  -0.055634   0.027273   0.101471  -0.000278  -0.099172   0.098381   0.006647  -0.016157  -0.009740 
  0.007774   0.087025   0.184127  -0.032200   0.025783   0.116139   0.007220   0.022859   0.024855   0.023434  -0.001490   0.014668 
 -0.002891   0.161088   0.099316  -0.043717   0.043430   0.115107  -0.010665   0.074063  -0.084811  -0.011517   0.017647  -0.001032 
 -0.007564   0.059039   0.229649  -0.046467   0.047154   0.101356  -0.004673  -0.102049   0.130333  -0.002750   0.003724  -0.013751 
  0.000719   0.051890   0.216718  -0.073339   0.039591   0.107773   0.008283  -0.007149  -0.012931  -0.026872  -0.007563   0.006417 
 -0.005330   0.180607   0.115331  -0.086918   0.029393   0.111956  -0.006049   0.128717  -0.101387  -0.013579  -0.010198   0.004183 
 -0.012017   0.106167   0.136076  -0.073224   0.017991   0.113560  -0.006687  -0.074440   0.020745   0.013694  -0.011402   0.001604 
 -0.010502   0.059840   0.189439  -0.079813   0.035294   0.104164   0.001515  -0.046327   0.053363  -0.006589   0.017303  -0.009396 
 -0.007663   0.118174   0.117593  -0.060161   0.017991   0.099465   0.002839   0.058334  -0.071846   0.019652  -0.017303  -0.004699 
 -0.009740   0.153032   0.090634  -0.062682   0.017991   0.097346  -0.002077   0.034858  -0.026959  -0.002521   0.000000  -0.002119 
 -0.011459   0.079621   0.142806  -0.063140   0.034950   0.096773  -0.001719  -0.073411   0.052172  -0.000458   0.016959  -0.000573 
 -0.008211   0.098940   0.107338  -0.068239   0.035810   0.108346   0.003248   0.019319  -0.035468  -0.005099   0.000860   0.011573 
 -0.016167   0.140095   0.089737  -0.066807   0.017991   0.093048  -0.007956   0.041155  -0.017601   0.001432  -0.017819  -0.015298 
 -0.016227   0.046419   0.177483  -0.066921   0.030367   0.097861  -0.000060  -0.093676   0.087746  -0.000114   0.012376   0.004813 
 -0.005546   0.063291   0.186088  -0.064400   0.037128   0.105080   0.010681   0.016872   0.008605   0.002521   0.006761   0.007219 
 -0.004313   0.143430   0.098836  -0.055520   0.028476   0.110695   0.001233   0.080139  -0.087252   0.008880  -0.008652   0.005615 
 -0.003939   0.082813   0.121063  -0.063713   0.037471   0.113446   0.000374  -0.060617   0.022227  -0.008193   0.008995   0.002751 
  0.000513   0.045934   0.191751  -0.077177   0.038503   0.114019   0.004452  -0.036879   0.070688  -0.013464   0.001032   0.000573 
 -0.005784   0.153186   0.102229  -0.067895   0.017991   0.111669  -0.006297   0.107252  -0.089522   0.009282  -0.020512  -0.002350 
 -0.017177   0.106095   0.082859  -0.042628   0.036497   0.103362  -0.011393  -0.047091  -0.019370   0.025267   0.018506  -0.008307 
 -0.006662   0.066104   0.160232  -0.053973   0.061135   0.103877   0.010515  -0.039991   0.077373  -0.011345   0.024638   0.000515 
 -0.007861   0.131747   0.091175  -0.042628   0.034950   0.102846  -0.001199   0.065643  -0.069057   0.011345  -0.026185  -0.001031 
 -0.000386   0.124760   0.094770  -0.070875   0.031455   0.101012   0.007475  -0.006987   0.003595  -0.028247  -0.003495  -0.001834 
 -0.000276   0.053222   0.152279  -0.056952   0.040795   0.096200   0.000110  -0.071538   0.057509   0.013923   0.009340  -0.004812 
 -0.006349   0.174003   0.064808  -0.058041   0.021371   0.096257  -0.006073   0.120781  -0.087471  -0.001089  -0.019424   0.000057 
 -0.007224   0.129109   0.075182  -0.059358   0.028476   0.093965  -0.000875  -0.044894   0.010374  -0.001317   0.007105  -0.002292 
 -0.005347   0.066541   0.127286  -0.062911   0.033919   0.105596   0.001877  -0.062568   0.052104  -0.003553   0.005443   0.011631 
 -0.009087   0.161059   0.060750  -0.070130   0.034206   0.109206  -0.003740   0.094518  -0.066536  -0.007219   0.000287   0.003610 
 -0.004602   0.102310   0.121496  -0.074255   0.031112   0.089897   0.004485  -0.058749   0.060746  -0.004125  -0.003094  -0.019309 
 -0.004590   0.073411   0.126462  -0.073969   0.017991   0.093278   0.000012  -0.028899   0.004966   0.000286  -0.013121   0.003381 
 -0.008082   0.165982   0.075861  -0.083193   0.031283   0.112128  -0.003492   0.092571  -0.050601  -0.009224   0.013292   0.018850 
 -0.000154   0.067493   0.153762  -0.083938   0.043659   0.103304   0.007928  -0.098489   0.077901  -0.000745   0.012376  -0.008824 
  0.001851   0.066172   0.134458  -0.080042   0.038847   0.110581   0.002005  -0.001321  -0.019304   0.003896  -0.004812   0.007277 
 -0.005435   0.178005   0.072033  -0.075459   0.034091   0.112414  -0.007286   0.111833  -0.062425   0.004583  -0.004756   0.001833 
 -0.003599   0.081071   0.090518  -0.070932   0.049045   0.107086   0.001836  -0.096934   0.018485   0.004527   0.014954  -0.005328 
 -0.002904   0.038367   0.174322  -0.061765   0.062567   0.112185   0.000695  -0.042704   0.083804   0.009167   0.013522   0.005099 
 -0.005080   0.132126   0.082390  -0.078495   0.045894   0.121410  -0.002176   0.093759  -0.091932  -0.016730  -0.016673   0.009225 
  0.003983   0.072380   0.132655  -0.085600   0.034721   0.096314   0.009063  -0.059746   0.050265  -0.007105  -0.011173  -0.025096 
 -0.003893   0.038753   0.163407  -0.060161   0.044576   0.095455  -0.007876  -0.033627   0.030752   0.025439   0.009855  -0.000859 
 -0.003565   0.133853   0.075838  -0.092934   0.058155   0.109206   0.000328   0.095100  -0.087569  -0.032773   0.013579   0.013751 
 -0.010553   0.092353   0.052170  -0.092934   0.069500   0.107659  -0.006988  -0.041500  -0.023668   0.000000   0.011345  -0.001547 
 -0.022571   0.075190   0.026358  -0.085256   0.058843   0.104679  -0.012018  -0.017163  -0.025812   0.007678  -0.010657  -0.002980 
 -0.025442   0.084627   0.076154  -0.078724   0.059358   0.106169  -0.002871   0.009437   0.049796   0.006532   0.000515   0.001490 
 -0.022462   0.089800   0.052921  -0.066864   0.053113   0.108977   0.002980   0.005173  -0.023233   0.011860  -0.006245   0.002808 
 -0.017570   0.146481   0.035491  -0.071849   0.049332   0.124790   0.004892   0.056681  -0.017430  -0.004985  -0.003781   0.015813 
 -0.013909   0.043463   0.143338  -0.067724   0.054374   0.109664   0.003661  -0.103018   0.107847   0.004125   0.005042  -0.015126 
 -0.007055   0.011260   0.218879  -0.052426   0.074599   0.119462   0.006854  -0.032203   0.075541   0.015298   0.020225   0.009798 
 -0.015268   0.128503   0.130531  -0.076604   0.040164   0.112701  -0.008213   0.117243  -0.088348  -0.024178  -0.034435  -0.006761 
 -0.019373   0.119374   0.049577  -0.066750   0.031112   0.108633  -0.004105  -0.009129  -0.080954   0.009854  -0.009052  -0.004068 
 -0.003763   0.049339   0.096598  -0.088522   0.053113   0.111841   0.015610  -0.070035   0.047021  -0.021772   0.022001   0.003208 
 -0.011804   0.016865   0.121846  -0.055462   0.055004   0.106398  -0.008041  -0.032474   0.025248   0.033060   0.001891  -0.005443 
 -0.011832   0.143282   0.077640  -0.093965   0.054889   0.114649  -0.000028   0.126417  -0.044206  -0.038503  -0.000115   0.008251 
 -0.002250   0.101201   0.075927  -0.108404   0.041539   0.124217   0.009582  -0.042081  -0.001713  -0.014439  -0.013350   0.009568 
 -0.012158   0.061933   0.100548  -0.092017   0.060390   0.104737  -0.009908  -0.039268   0.024621   0.016387   0.018851  -0.019480 
 -0.028691   0.112603   0.035909  -0.075057   0.049274   0.105367  -0.016533   0.050670  -0.064639   0.016960  -0.011116   0.000630 
 -0.020649   0.086545   0.070348  -0.081188   0.043373   0.104737   0.008042  -0.026058   0.034439  -0.006131  -0.005901  -0.000630 
 -0.021531   0.024167   0.120062  -0.078151   0.064916   0.113560  -0.000882  -0.062378   0.049714   0.003037   0.021543   0.008823 
 -0.021105   0.141432   0.026886  -0.080902   0.049618   0.114019   0.000426   0.117265  -0.093176  -0.002751  -0.015298   0.000459 
 -0.028870   0.089880   0.072529  -0.076318   0.044863   0.105482  -0.007765  -0.051552   0.045643   0.004584  -0.004755  -0.008537 
 -0.028800   0.008193   0.159640  -0.037357   0.052655   0.104393   0.000070  -0.081687   0.087111   0.038961   0.007792  -0.001089 
 -0.016662   0.022021   0.248243  -0.042513   0.044290   0.109607   0.012138   0.013828   0.088603  -0.005156  -0.008365   0.005214 
 -0.015847   0.107378   0.148844  -0.053858   0.039477   0.113216   0.000815   0.085357  -0.099399  -0.011345  -0.004813   0.003609 
 -0.015569   0.101222   0.088376  -0.060676   0.040737   0.095168   0.000278  -0.006156  -0.060468  -0.006818   0.001260  -0.018048 
 -0.010282   0.006611   0.191026  -0.041654   0.057468   0.097059   0.005287  -0.094611   0.102650   0.019022   0.016731   0.001891 
 -0.010261   0.071011   0.136422  -0.065489   0.049618   0.105424   0.000021   0.064400  -0.054604  -0.023835  -0.007850   0.008365 
 -0.016400   0.142628   0.070056  -0.073740   0.036956   0.109893  -0.006139   0.071617  -0.066366  -0.008251  -0.012662   0.004469 
 -0.020575   0.065135   0.115239  -0.073052   0.045321   0.107430  -0.004175  -0.077493   0.045183   0.000688   0.008365  -0.002463 
 -0.010252   0.049927   0.094327  -0.054717   0.049618   0.107086   0.010323  -0.015208  -0.020912   0.018335   0.004297  -0.000344 
 -0.015548   0.127688   0.067306  -0.078896   0.049618   0.114248  -0.005296   0.077761  -0.027021  -0.024179   0.000000   0.007162 
 -0.012612   0.061439   0.117899  -0.078954   0.049618   0.120207   0.002936  -0.066249   0.050593  -0.000058   0.000000   0.005959 
 -0.010327   0.019187   0.173118  -0.078954   0.056322   0.126223   0.002285  -0.042252   0.055219   0.000000   0.006704   0.006016 
 -0.017564   0.102763   0.088923  -0.089725   0.052999   0.123014  -0.007237   0.083576  -0.084195  -0.010771  -0.003323  -0.003209 
 -0.019740   0.066531   0.094376  -0.087892   0.055520   0.126165  -0.002176  -0.036232   0.005453   0.001833   0.002521   0.003151 
 -0.023094   0.017425   0.136984  -0.049102   0.049618   0.122326  -0.003354  -0.049106   0.042608   0.038790  -0.005902  -0.003839 
 -0.021476   0.084371   0.076174  -0.077980   0.049618   0.123873   0.001618   0.066946  -0.060810  -0.028878   0.000000   0.001547 
 -0.028782   0.114062   0.047824  -0.084110   0.049618   0.116883  -0.007306   0.029691  -0.028350  -0.006130   0.000000  -0.006990 
 -0.020674   0.059554   0.082496  -0.091272   0.059187   0.112357   0.008108  -0.054508   0.034672  -0.007162   0.009569  -0.004526 
 -0.018708   0.069519   0.068543  -0.091272   0.049618   0.108232   0.001966   0.009965  -0.013953   0.000000  -0.009569  -0.004125 
 -0.028741   0.123159   0.026880  -0.068870   0.049618   0.113388  -0.010033   0.053640  -0.041663   0.022402   0.000000   0.005156 
 -0.003677   0.083577   0.021177  -0.084626   0.052483   0.123931   0.025064  -0.039582  -0.005703  -0.015756   0.002865   0.010543 
 -0.023605   0.138890  -0.033774  -0.009798   0.046180   0.132812  -0.019928   0.055313  -0.054951   0.074828  -0.006303   0.008881 
 -0.020104   0.103434  -0.013513  -0.012204   0.041138   0.128171   0.003501  -0.035456   0.020261  -0.002406  -0.005042  -0.004641 
 -0.022089   0.116852  -0.033153  -0.035810   0.042628   0.134015  -0.001985   0.013418  -0.019640  -0.023606   0.001490   0.005844 
 -0.019838   0.058836   0.029319  -0.043201   0.048587   0.137739   0.002251  -0.058016   0.062472  -0.007391   0.005959   0.003724 
 -0.019721   0.097462   0.007804  -0.035810   0.065031   0.136937   0.000117   0.038626  -0.021515   0.007391   0.016444  -0.000802 
 -0.019717   0.188172  -0.031521  -0.037070   0.065031   0.125764   0.000004   0.090710  -0.039325  -0.001260   0.000000  -0.011173 
 -0.019841   0.097779   0.020339  -0.040394   0.061421   0.124618  -0.000124  -0.090393   0.051860  -0.003324  -0.003610  -0.001146 
 -0.017675   0.067009   0.067796  -0.052712   0.073912   0.121352   0.002166  -0.030770   0.047457  -0.012318   0.012491  -0.003266 
 -0.027061   0.175840  -0.000202  -0.036898   0.057525   0.132697  -0.009386   0.108831  -0.067998   0.015814  -0.016387   0.011345 
 -0.020120   0.108294   0.044553  -0.051795   0.046467   0.111956   0.006941  -0.067546   0.044755  -0.014897  -0.011058  -0.020741 
 -0.020182   0.020895   0.126585  -0.035008   0.037013   0.118029  -0.000062  -0.087399   0.082032   0.016787  -0.009454   0.006073 
 -0.020141   0.119026   0.014517  -0.029851   0.037013   0.123301   0.000041   0.098131  -0.112068   0.005157   0.000000   0.005272 
 -0.028999   0.154547   0.011745  -0.041138   0.064859   0.130176  -0.008858   0.035521  -0.002772  -0.011287   0.027846   0.006875 
 -0.032997   0.060492   0.081270  -0.061536   0.064572   0.121123  -0.003998  -0.094055   0.069525  -0.020398  -0.000287  -0.009053 
 -0.031230   0.062759   0.088160  -0.060504   0.064515   0.135218   0.001767   0.002267   0.006890   0.001032  -0.000057   0.014095 
 -0.024827   0.172709   0.016220  -0.053858   0.078724   0.155501   0.006403   0.109950  -0.071940   0.006646   0.014209   0.020283 
 -0.017981   0.059810   0.103010  -0.063598   0.089267   0.145818   0.006846  -0.112899   0.086790  -0.009740   0.010543  -0.009683 
 -0.018168   0.071367   0.096838  -0.051452   0.081990   0.151433  -0.000187   0.011557  -0.006172   0.012146  -0.007277   0.005615 
 -0.028283   0.179099   0.016365  -0.043487   0.064572   0.140203  -0.010115   0.107732  -0.080473   0.007965  -0.017418  -0.011230 
 -0.018162   0.098139   0.071200  -0.064057   0.071391   0.147193   0.010121  -0.080960   0.054835  -0.020570   0.006819   0.006990 
 -0.026212   0.057240   0.107068  -0.050420   0.088236   0.139744  -0.008050  -0.040899   0.035868   0.013637   0.016845  -0.007449 
 -0.031402   0.161854   0.022496  -0.041597   0.079412   0.153725  -0.005190   0.104614  -0.084572   0.008823  -0.008824   0.013981 
 -0.034296   0.114822   0.045069  -0.063255   0.082334   0.142495  -0.002894  -0.047032   0.022573  -0.021658   0.002922  -0.011230 
 -0.018960   0.051213   0.115435  -0.080157   0.087147   0.127770   0.015336  -0.063609   0.070366  -0.016902   0.004813  -0.014725 
 -0.029316   0.146602   0.032265  -0.072536   0.078323   0.142552  -0.010356   0.095389  -0.083170   0.007621  -0.008824   0.014782 
 -0.033442   0.136993   0.008951  -0.053342   0.078323   0.135218  -0.004126  -0.009609  -0.023314   0.019194   0.000000  -0.007334 
 -0.023827   0.060227   0.113787  -0.075917   0.085027   0.134416   0.009615  -0.076766   0.104836  -0.022575   0.006704  -0.000802 
 -0.024921   0.106796   0.043646  -0.064171   0.078381   0.143297  -0.001094   0.046569  -0.070141   0.011746  -0.006646   0.008881 
 -0.030586   0.153796   0.010589  -0.054145   0.078323   0.145016  -0.005665   0.047000  -0.033057   0.010026  -0.000058   0.001719 
 -0.019049   0.052991   0.120525  -0.075057   0.078381   0.127712   0.011537  -0.100805   0.109936  -0.020912   0.000058  -0.017304 
 -0.019149   0.093467   0.059033  -0.053056   0.078323   0.131666  -0.000100   0.040476  -0.061492   0.022001  -0.000058   0.003954 
 -0.036027   0.175098  -0.004260  -0.056436   0.078323   0.139286  -0.016878   0.081631  -0.063293  -0.003380   0.000000   0.007620 
 -0.031701   0.070072   0.108253  -0.072365   0.078381   0.127712   0.004326  -0.105026   0.112513  -0.015929   0.000058  -0.011574 
 -0.035962   0.058301   0.104077  -0.055462   0.078323   0.127770  -0.004261  -0.011771  -0.004176   0.016903  -0.000058   0.000058 
 -0.042524   0.171710   0.026583  -0.064687   0.074599   0.127770  -0.006562   0.113409  -0.077494  -0.009225  -0.003724   0.000000 
 -0.035955   0.062756   0.097366  -0.069041   0.087548   0.136421   0.006569  -0.108954   0.070783  -0.004354   0.012949   0.008651 
 -0.029043   0.079225   0.091583  -0.061822   0.091272   0.127712   0.006912   0.016469  -0.005783   0.007219   0.003724  -0.008709 
 -0.035951   0.185082   0.012869  -0.022976   0.087548   0.148740  -0.006908   0.105857  -0.078714   0.038846  -0.003724   0.021028 
 -0.053714   0.142678  -0.070226   0.058041   0.142838   0.162548  -0.017763  -0.042404  -0.083095   0.081017   0.055290   0.013808 
 -0.054041   0.062991  -0.051111   0.008251   0.125936   0.149771  -0.000327  -0.079687   0.019115  -0.049790  -0.016902  -0.012777 
 -0.045645   0.050113   0.033442   0.000057   0.108060   0.154641   0.008396  -0.012878   0.084553  -0.008194  -0.017876   0.004870 
 -0.036628   0.069766   0.020902  -0.009397   0.096200   0.155443   0.009017   0.019653  -0.012540  -0.009454  -0.011860   0.000802 
 -0.043020   0.152657  -0.048704  -0.015241   0.117284   0.147594  -0.006392   0.082891  -0.069606  -0.005844   0.021084  -0.007849 
 -0.036356   0.063165  -0.011833  -0.008881   0.117284   0.127770   0.006664  -0.089492   0.036871   0.006360   0.000000  -0.019824 
 -0.044700   0.026927  -0.002173   0.006417   0.117284   0.135734  -0.008344  -0.036238   0.009660   0.015298   0.000000   0.007964 
 -0.048998   0.128661  -0.012156  -0.010084   0.117227   0.158824  -0.004298   0.101734  -0.009983  -0.016501  -0.000057   0.023090 
 -0.051105   0.071806   0.024204  -0.017303   0.117284   0.149943  -0.002107  -0.056855   0.036360  -0.007219   0.000057  -0.008881 
 -0.053273   0.005609   0.141340  -0.013980   0.133327   0.160027  -0.002168  -0.066197   0.117136   0.003323   0.016043   0.010084 
 -0.060444   0.107865   0.030463  -0.022059   0.109206   0.156876  -0.007171   0.102256  -0.110877  -0.008079  -0.024121  -0.003151 
 -0.053427   0.116480   0.007034  -0.034779   0.120837   0.173434   0.007017   0.008615  -0.023429  -0.012720   0.011631   0.016558 
 -0.034338   0.034186   0.125126  -0.042972   0.141005   0.158652   0.019089  -0.082294   0.118092  -0.008193   0.020168  -0.014782 
 -0.036612   0.018153   0.113078  -0.039992   0.128056   0.154068  -0.002274  -0.016033  -0.012048   0.002980  -0.012949  -0.004584 
 -0.034972   0.167401  -0.007270  -0.031799   0.096543   0.136479   0.001640   0.149248  -0.120348   0.008193  -0.031513  -0.017589 
 -0.028892   0.109738  -0.015941  -0.050879   0.118602   0.122269   0.006080  -0.057663  -0.008671  -0.019080   0.022059  -0.014210 
