  0.000000   0.000000   0.000000   0.000000   0.000000   0.000000   0.000000   0.000000   0.000000   0.000000   0.000000   0.000000 
  0.006252   0.056195  -0.008377   0.000000   0.000000   0.000000   0.006252   0.056195  -0.008377   0.000000   0.000000   0.000000 
  0.009204   0.060414   0.058656  -0.017762  -0.014610   0.009683   0.002952   0.004219   0.067033  -0.017762  -0.014610   0.009683 
  0.013241   0.032646   0.147101  -0.047613  -0.042972   0.018277   0.004037  -0.027768   0.088445  -0.029851  -0.028362   0.008594 
  0.013537   0.069051   0.170948  -0.086058  -0.050707   0.022976   0.000296   0.036405   0.023847  -0.038445  -0.007735   0.004699 
 -0.001316   0.125335   0.236235  -0.027960  -0.117284   0.060447  -0.014853   0.056284   0.065287   0.058098  -0.066577   0.037471 
 -0.001352   0.095950   0.285284  -0.007334  -0.122785   0.068354  -0.000036  -0.029385   0.049049   0.020626  -0.005501   0.007907 
 -0.003777   0.072702   0.297432  -0.012949  -0.139057   0.068239  -0.002425  -0.023248   0.012148  -0.005615  -0.016272  -0.000115 
 -0.002159   0.065128   0.303895  -0.037185  -0.135218   0.060905   0.001618  -0.007574   0.006463  -0.024236   0.003839  -0.007334 
 -0.003531   0.164397   0.277068   0.032028  -0.142552   0.065317  -0.001372   0.099269  -0.026827   0.069213  -0.007334   0.004412 
 -0.000727   0.147959   0.302221   0.012490  -0.137968   0.063426   0.002804  -0.016438   0.025153  -0.019538   0.004584  -0.001891 
  0.000412   0.096954   0.297772   0.018621  -0.134588   0.060275   0.001139  -0.051005  -0.004449   0.006131   0.003380  -0.003151 
 -0.000571   0.096711   0.289652  -0.024408  -0.131895   0.057811  -0.000983  -0.000243  -0.008120  -0.043029   0.002693  -0.002464 
 -0.003958   0.151569   0.280206  -0.024809  -0.110867   0.062853  -0.003387   0.054858  -0.009446  -0.000401   0.021028   0.005042 
  0.000873   0.128823   0.259533  -0.003266  -0.097460   0.059874   0.004831  -0.022746  -0.020673   0.021543   0.013407  -0.002979 
  0.014748   0.091371   0.220646  -0.027846  -0.045550   0.035695   0.013875  -0.037452  -0.038887  -0.024580   0.051910  -0.024179 
  0.005880   0.062896   0.257316  -0.072135  -0.066005   0.035695  -0.008868  -0.028475   0.036670  -0.044289  -0.020455   0.000000 
  0.014075   0.149538   0.223255  -0.054087  -0.045264   0.035753   0.008195   0.086642  -0.034061   0.018048   0.020741   0.000058 
  0.019682   0.145052   0.197603  -0.025153  -0.030023   0.035695   0.005607  -0.004486  -0.025652   0.028934   0.015241  -0.000058 
  0.017229   0.106734   0.221506  -0.032773  -0.030882   0.035695  -0.002453  -0.038318   0.023903  -0.007620  -0.000859   0.000000 
  0.009094   0.071494   0.225664  -0.045550  -0.050592   0.035753  -0.008135  -0.035240   0.004158  -0.012777  -0.019710   0.000058 
  0.000497   0.133948   0.296769  -0.003323  -0.138885   0.090871  -0.008597   0.062454   0.071105   0.042227  -0.088293   0.055118 
  0.001835   0.142536   0.338868   0.025038  -0.174466   0.086173   0.001338   0.008588   0.042099   0.028361  -0.035581  -0.004698 
 -0.002191   0.119114   0.330208   0.016673  -0.185352   0.075573  -0.004026  -0.023422  -0.008660  -0.008365  -0.010886  -0.010600 
  0.000446   0.058432   0.307734  -0.004641  -0.188045   0.070474   0.002637  -0.060682  -0.022474  -0.021314  -0.002693  -0.005099 
 -0.003565   0.141933   0.272893  -0.008308  -0.176700   0.061192  -0.004011   0.083501  -0.034841  -0.003667   0.011345  -0.009282 
  0.007098   0.171034   0.253892   0.009397  -0.170799   0.061077   0.010663   0.029101  -0.019001   0.017705   0.005901  -0.000115 
  0.010707   0.147540   0.235266   0.019366  -0.157621   0.059588   0.003609  -0.023494  -0.018626   0.009969   0.013178  -0.001489 
  0.009482   0.075735   0.267423   0.001261  -0.156647   0.071562  -0.001225  -0.071805   0.032157  -0.018105   0.000974   0.011974 
  0.000395   0.088853   0.291989  -0.008308  -0.192800   0.075516  -0.009087   0.013118   0.024566  -0.009569  -0.036153   0.003954 
  0.001536   0.164199   0.291857   0.013808  -0.193201   0.082964   0.001141   0.075346  -0.000132   0.022116  -0.000401   0.007448 
  0.010994   0.107130   0.312318  -0.001948  -0.195837   0.084225   0.009458  -0.057069   0.020461  -0.015756  -0.002636   0.001261 
  0.041226  -0.001217   0.428632   0.039534  -0.178133   0.061249   0.030232  -0.108347   0.116314   0.041482   0.017704  -0.022976 
  0.055251   0.064723   0.449597   0.110753  -0.204832   0.054660   0.014025   0.065940   0.020965   0.071219  -0.026699  -0.006589 
  0.047538   0.227860   0.270043   0.105596  -0.175210   0.045321  -0.007713   0.163137  -0.179554  -0.005157   0.029622  -0.009339 
  0.037744   0.212045   0.007425   0.351452  -0.165413   0.023950  -0.009794  -0.015815  -0.262618   0.245856   0.009797  -0.021371 
  0.074594   0.223361  -0.496088   0.730006  -0.136536  -0.001891   0.036850   0.011316  -0.503513   0.378554   0.028877  -0.025841 
 -0.020180   0.131012  -0.288469   0.296105  -0.086574  -0.026643  -0.094774  -0.092349   0.207619  -0.433901   0.049962  -0.024752 
 -0.014748   0.075051  -0.173087   0.229126  -0.082964   0.013636   0.005432  -0.055961   0.115382  -0.066979   0.003610   0.040279 
 -0.014632  -0.002297   0.058693   0.110753  -0.080787   0.009683   0.000116  -0.077348   0.231780  -0.118373   0.002177  -0.003953 
  0.000424  -0.011695   0.500503   0.100325  -0.138026   0.024809   0.015056  -0.009398   0.441810  -0.010428  -0.057239   0.015126 
 -0.011274   0.164456   0.297809   0.107831  -0.105367   0.026471  -0.011698   0.176151  -0.202694   0.007506   0.032659   0.001662 
 -0.011638   0.093303   0.315397   0.087834  -0.111727   0.027559  -0.000364  -0.071153   0.017588  -0.019997  -0.006360   0.001088 
 -0.008476   0.078658   0.317138   0.079928  -0.132239   0.029049   0.003162  -0.014645   0.001741  -0.007906  -0.020512   0.001490 
 -0.010489   0.042060   0.310575   0.076375  -0.132353   0.025096  -0.002013  -0.036598  -0.006563  -0.003553  -0.000114  -0.003953 
 -0.007214   0.080348   0.292780   0.102101  -0.157048   0.030711   0.003275   0.038288  -0.017795   0.025726  -0.024695   0.005615 
 -0.008490   0.174286   0.295561   0.102101  -0.139458   0.032258  -0.001276   0.093938   0.002781   0.000000   0.017590   0.001547 
  0.027536   0.134424   0.261277   0.133213  -0.139687   0.032315   0.036026  -0.039862  -0.034284   0.031112  -0.000229   0.000057 
  0.055203   0.125805   0.075379   0.366979  -0.266311  -0.017819   0.027667  -0.008619  -0.185898   0.233766  -0.126624  -0.050134 
 -0.005255   0.063214   0.106990   0.222021  -0.220073  -0.055004  -0.060458  -0.062591   0.031611  -0.144958   0.046238  -0.037185 
  0.018159   0.128677   0.194329   0.179680  -0.168450  -0.009626   0.023414   0.065463   0.087339  -0.042341   0.051623   0.045378 
  0.035873   0.069485   0.281718   0.094595  -0.184321   0.001318   0.017714  -0.059192   0.087389  -0.085085  -0.015871   0.010944 
  0.065372   0.059902   0.247625   0.187243  -0.199848   0.003438   0.029499  -0.009583  -0.034093   0.092648  -0.015527   0.002120 
  0.003542   0.154551   0.160366   0.269405  -0.248492  -0.067265  -0.061830   0.094649  -0.087259   0.082162  -0.048644  -0.070703 
  0.048010   0.216619   0.159765   0.384627  -0.163923  -0.051165   0.044468   0.062068  -0.000601   0.115222   0.084569   0.016100 
  0.010519   0.111832   0.154314   0.330826  -0.123129  -0.052941  -0.037491  -0.104787  -0.005451  -0.053801   0.040794  -0.001776 
 -0.081346   0.097773   0.205250   0.263331  -0.104278  -0.088121  -0.091865  -0.014059   0.050936  -0.067495   0.018851  -0.035180 
 -0.013606   0.042959   0.349313   0.220188  -0.153610  -0.056322   0.067740  -0.054814   0.144063  -0.043143  -0.049332   0.031799 
 -0.021124   0.092699   0.274371   0.220360  -0.146620  -0.016673  -0.007518   0.049740  -0.074942   0.000172   0.006990   0.039649 
 -0.028886   0.190714   0.241016   0.222594  -0.136364   0.001146  -0.007762   0.098015  -0.033355   0.002234   0.010256   0.017819 
 -0.034225   0.120784   0.248771   0.237949  -0.142437   0.003094  -0.005339  -0.069930   0.007755   0.015355  -0.006073   0.001948 
 -0.022623   0.042078   0.249441   0.218641  -0.162262  -0.006303   0.011602  -0.078706   0.000670  -0.019308  -0.019825  -0.009397 
 -0.024178   0.152501   0.235620   0.221735  -0.158366  -0.008021  -0.001555   0.110423  -0.013821   0.003094   0.003896  -0.001718 
 -0.006032   0.066072   0.286475   0.207239  -0.150860  -0.016673   0.018146  -0.086429   0.050855  -0.014496   0.007506  -0.008652 
  0.008118   0.069444   0.274664   0.195665  -0.180768  -0.006188   0.014150   0.003372  -0.011811  -0.011574  -0.029908   0.010485 
 -0.009060   0.182344   0.237018   0.186670  -0.129890  -0.008365  -0.017178   0.112900  -0.037646  -0.008995   0.050878  -0.002177 
 -0.018728   0.072469   0.260540   0.163350  -0.140145  -0.000516  -0.009668  -0.109875   0.023522  -0.023320  -0.010255   0.007849 
 -0.016397   0.055740   0.229934   0.125993  -0.145703   0.012319   0.002331  -0.016729  -0.030606  -0.037357  -0.005558   0.012835 
 -0.012985   0.158673   0.226967   0.200593  -0.140203   0.003782   0.003412   0.102933  -0.002967   0.074600   0.005500  -0.008537 
 -0.006598   0.165242   0.223565   0.234340  -0.131322   0.006933   0.006387   0.006569  -0.003402   0.033747   0.008881   0.003151 
 -0.006220   0.147758   0.235682   0.191540  -0.129030   0.007735   0.000378  -0.017484   0.012117  -0.042800   0.002292   0.000802 
 -0.028801   0.120783   0.241828   0.186555  -0.123759   0.005730  -0.022581  -0.026975   0.006146  -0.004985   0.005271  -0.002005 
 -0.029957   0.057958   0.268182   0.138713  -0.129890   0.006360  -0.001156  -0.062825   0.026354  -0.047842  -0.006131   0.000630 
 -0.020696   0.123627   0.259526   0.135791  -0.135906   0.019595   0.009261   0.065669  -0.008656  -0.002922  -0.006016   0.013235 
 -0.017325   0.173496   0.283024   0.147938  -0.140661   0.029851   0.003371   0.049869   0.023498   0.012147  -0.004755   0.010256 
 -0.017820   0.125694   0.286484   0.067953  -0.163522   0.026070  -0.000495  -0.047802   0.003460  -0.079985  -0.022861  -0.003781 
 -0.017359   0.091488   0.279823   0.084798  -0.151146   0.009511   0.000461  -0.034206  -0.006661   0.016845   0.012376  -0.016559 
 -0.002604   0.067811   0.280435   0.063312  -0.167934   0.026070   0.014755  -0.023677   0.000612  -0.021486  -0.016788   0.016559 
 -0.007987   0.169414   0.274363   0.094252  -0.137510   0.021543  -0.005383   0.101603  -0.006072   0.030940   0.030424  -0.004527 
  0.005487   0.139136   0.276699   0.129087  -0.122040   0.009511   0.013474  -0.030278   0.002336   0.034835   0.015470  -0.012032 
  0.010781   0.106685   0.276762   0.093335  -0.144958   0.009511   0.005294  -0.032451   0.000063  -0.035752  -0.022918   0.000000 
  0.006260   0.048368   0.221289   0.126624  -0.140203   0.009568  -0.004521  -0.058317  -0.055473   0.033289   0.004755   0.000057 
  0.020617   0.145202   0.098276   0.224599  -0.150344   0.009568   0.014357   0.096834  -0.123013   0.097975  -0.010141   0.000000 
  0.103126   0.182867  -0.568803   0.889746  -0.261383  -0.010199   0.082509   0.037665  -0.667079   0.665147  -0.111039  -0.019767 
  0.102982   0.174465  -0.444593   0.325039  -0.186383  -0.010657  -0.000144  -0.008402   0.124210  -0.564707   0.075000  -0.000458 
  0.024504   0.004850   0.063700   0.011173  -0.137109  -0.018850  -0.078478  -0.169615   0.508293  -0.313866   0.049274  -0.008193 
 -0.009666  -0.055111   0.503001  -0.013235  -0.168335  -0.004526  -0.034170  -0.059961   0.439301  -0.024408  -0.031226   0.014324 
 -0.028618   0.061907   0.162329   0.099179  -0.086860  -0.004584  -0.018952   0.117018  -0.340672   0.112414   0.081475  -0.000058 
 -0.015253   0.105316   0.414865   0.202942  -0.115107  -0.004584   0.013365   0.043409   0.252536   0.103763  -0.028247   0.000000 
 -0.007101   0.112548   0.448793   0.226318  -0.151777   0.014725   0.008152   0.007232   0.033928   0.023376  -0.036670   0.019309 
 -0.008206   0.115503   0.402174   0.243564  -0.149485   0.021314  -0.001105   0.002955  -0.046619   0.017246   0.002292   0.006589 
 -0.004687   0.053842   0.420784   0.195207  -0.150516   0.021257   0.003519  -0.061661   0.018610  -0.048357  -0.001031  -0.000057 
 -0.003573   0.115546   0.406936   0.181284  -0.154240   0.021257   0.001114   0.061704  -0.013848  -0.013923  -0.003724   0.000000 
 -0.006074   0.155408   0.434940   0.190623  -0.152922   0.021257  -0.002501   0.039862   0.028004   0.009339   0.001318   0.000000 
 -0.003274   0.123655   0.454464   0.191540  -0.141979   0.018163   0.002800  -0.031753   0.019524   0.000917   0.010943  -0.003094 
 -0.005396   0.085260   0.455900   0.166731  -0.149084   0.021257  -0.002122  -0.038395   0.001436  -0.024809  -0.007105   0.003094 
 -0.008284   0.054122   0.450618   0.138026  -0.120321   0.021314  -0.002888  -0.031138  -0.005282  -0.028705   0.028763   0.000057 
 -0.013094   0.157754   0.434894   0.146333  -0.101414   0.013465  -0.004810   0.103632  -0.015724   0.008307   0.018907  -0.007849 
 -0.007880   0.133594   0.449197   0.132009  -0.113618   0.016558   0.005214  -0.024160   0.014303  -0.014324  -0.012204   0.003093 
 -0.021348   0.036214   0.430685   0.125306  -0.131551   0.012032  -0.013468  -0.097380  -0.018512  -0.006703  -0.017933  -0.004526 
 -0.008507   0.079827   0.374290   0.143297  -0.143641   0.013235   0.012841   0.043613  -0.056395   0.017991  -0.012090   0.001203 
  0.001590   0.142741   0.330581   0.248320  -0.129947   0.021257   0.010097   0.062914  -0.043709   0.105023   0.013694   0.008022 
  0.005291   0.008803   0.350417   0.214057  -0.180539  -0.008136   0.003701  -0.133938   0.019836  -0.034263  -0.050592  -0.029393 
  0.007164  -0.018911   0.322539   0.303152  -0.237319  -0.024007   0.001873  -0.027714  -0.027878   0.089095  -0.056780  -0.015871 
  0.007360   0.040398   0.270630   0.396945  -0.257487  -0.049446   0.000196   0.059309  -0.051909   0.093793  -0.020168  -0.025439 
  0.058248   0.183267  -0.137714   0.825632  -0.374313  -0.100554   0.050888   0.142869  -0.408344   0.428687  -0.116826  -0.051108 
  0.054221   0.321320   0.096758   0.352083  -0.208098  -0.004412  -0.004027   0.138053   0.234472  -0.473549   0.166215   0.096142 
  0.081083   0.194033  -0.009405   0.238637  -0.203629   0.034377   0.026862  -0.127287  -0.106163  -0.113446   0.004469   0.038789 
  0.052463   0.104085   0.133151   0.254451  -0.222823   0.012777  -0.028620  -0.089948   0.142556   0.015814  -0.019194  -0.021600 
 -0.041283   0.098313   0.184028   0.177445  -0.178648  -0.032143  -0.093746  -0.005772   0.050877  -0.077006   0.044175  -0.044920 
 -0.018683   0.086075   0.233844   0.173606  -0.181742  -0.021601   0.022600  -0.012238   0.049816  -0.003839  -0.003094   0.010542 
  0.002044   0.180156   0.270992   0.111154  -0.158881  -0.005500   0.020727   0.094081   0.037148  -0.062452   0.022861   0.016101 
  0.013640   0.165565   0.360241   0.108346  -0.155214   0.011402   0.011596  -0.014591   0.089249  -0.002808   0.003667   0.016902 
  0.017092   0.087130   0.390694   0.066119  -0.155443   0.015928   0.003452  -0.078435   0.030453  -0.042227  -0.000229   0.004526 
  0.029854   0.071814   0.406801   0.146219  -0.181112   0.007506   0.012762  -0.015316   0.016107   0.080100  -0.025669  -0.008422 
  0.022016   0.197834   0.374631   0.166215  -0.181971   0.021085  -0.007838   0.126020  -0.032170   0.019996  -0.000859   0.013579 
  0.017425   0.163812   0.385258   0.158709  -0.157506   0.023262  -0.004591  -0.034022   0.010627  -0.007506   0.024465   0.002177 
  0.018091   0.127253   0.374096   0.157277  -0.159798   0.027330   0.000666  -0.036559  -0.011162  -0.001432  -0.002292   0.004068 
  0.020393   0.085163   0.384118   0.152292  -0.184263   0.027330   0.002302  -0.042090   0.010022  -0.004985  -0.024465   0.000000 
  0.024894   0.150520   0.363398   0.160657  -0.190680   0.027330   0.004501   0.065357  -0.020720   0.008365  -0.006417   0.000000 
  0.018056   0.169200   0.379749   0.175325  -0.171429   0.031054  -0.006838   0.018680   0.016351   0.014668   0.019251   0.003724 
  0.015677   0.138915   0.382323   0.171085  -0.162262   0.027330  -0.002379  -0.030285   0.002574  -0.004240   0.009167  -0.003724 
  0.016196   0.133597   0.391937   0.153610  -0.162376   0.027330   0.000519  -0.005318   0.009614  -0.017475  -0.000114   0.000000 
  0.004692   0.077834   0.385859   0.091501  -0.192628   0.050707  -0.011504  -0.055763  -0.006078  -0.062109  -0.030252   0.023377 
 -0.003424   0.140163   0.369389   0.097059  -0.181685   0.042857  -0.008116   0.062329  -0.016470   0.005558   0.010943  -0.007850 
  0.013178   0.171524   0.383927   0.131952  -0.190795   0.044748   0.016602   0.031361   0.014538   0.034893  -0.009110   0.001891 
  0.067523   0.127817   0.232242   0.332659  -0.162147   0.037414   0.054345  -0.043707  -0.151685   0.200707   0.028648  -0.007334 
  0.084040   0.119486   0.242450   0.312033  -0.157621   0.050879   0.016517  -0.008331   0.010208  -0.020626   0.004526   0.013465 
  0.038603   0.127901   0.321462   0.200764  -0.156475   0.035237  -0.045437   0.008415   0.079012  -0.111269   0.001146  -0.015642 
  0.044118   0.077031   0.356258   0.165298  -0.185237   0.041711   0.005515  -0.050870   0.034796  -0.035466  -0.028762   0.006474 
  0.031434   0.159237   0.338962   0.157964  -0.155386   0.027387  -0.012684   0.082206  -0.017296  -0.007334   0.029851  -0.014324 
  0.031668   0.165830   0.376416   0.163751  -0.175841   0.027330   0.000234   0.006593   0.037454   0.005787  -0.020455  -0.000057 
  0.018104   0.112131   0.401923   0.178247  -0.166845   0.041138  -0.013564  -0.053699   0.025507   0.014496   0.008996   0.013808 
  0.011204   0.058836   0.409484   0.099752  -0.156475   0.040680  -0.006900  -0.053295   0.007561  -0.078495   0.010370  -0.000458 
  0.013425   0.150070   0.403720   0.093106  -0.143354   0.041368   0.002221   0.091234  -0.005764  -0.006646   0.013121   0.000688 
  0.004990   0.134343   0.415102   0.080271  -0.138369   0.052254  -0.008435  -0.015727   0.011382  -0.012835   0.004985   0.010886 
  0.003927   0.107160   0.401713   0.102846  -0.150344   0.052196  -0.001063  -0.027183  -0.013389   0.022575  -0.011975  -0.000058 
  0.003216   0.074309   0.405104   0.073510  -0.174065   0.052254  -0.000711  -0.032851   0.003391  -0.029336  -0.023721   0.000058 
  0.005317   0.071592   0.396359   0.064630  -0.196009   0.058843   0.002101  -0.002717  -0.008745  -0.008880  -0.021944   0.006589 
  0.006499   0.176987   0.375598   0.126165  -0.181169   0.052254   0.001182   0.105395  -0.020761   0.061535   0.014840  -0.006589 
  0.001395   0.100531   0.409413   0.087834  -0.180539   0.052254  -0.005104  -0.076456   0.033815  -0.038331   0.000630   0.000000 
  0.006902   0.064738   0.449273   0.011631  -0.208671   0.064400   0.005507  -0.035793   0.039860  -0.076203  -0.028132   0.012146 
  0.036212   0.029136   0.497846   0.045550  -0.297480   0.069958   0.029310  -0.035602   0.048573   0.033919  -0.088809   0.005558 
  0.036884   0.126348   0.461587  -0.021830  -0.243564   0.052254   0.000672   0.097212  -0.036259  -0.067380   0.053916  -0.017704 
  0.018593   0.106611   0.461084   0.028132  -0.212166   0.052254  -0.018291  -0.019737  -0.000503   0.049962   0.031398   0.000000 
  0.011799   0.066708   0.454909   0.055978  -0.214859   0.052196  -0.006794  -0.039903  -0.006175   0.027846  -0.002693  -0.000058 
  0.020605   0.088031   0.454046   0.081818  -0.215260   0.061249   0.008806   0.021323  -0.000863   0.025840  -0.000401   0.009053 
  0.005307   0.020038   0.462828   0.040336  -0.233996   0.052254  -0.015298  -0.067993   0.008782  -0.041482  -0.018736  -0.008995 
  0.022587   0.091165   0.488224  -0.041654  -0.224198   0.052254   0.017280   0.071127   0.025396  -0.081990   0.009798   0.000000 
  0.031119   0.116464   0.565791  -0.133098  -0.293584   0.075860   0.008532   0.025299   0.077567  -0.091444  -0.069386   0.023606 
  0.079855   0.057426   0.517786  -0.039305  -0.131379   0.080615   0.048736  -0.059038  -0.048005   0.093793   0.162205   0.004755 
  0.042224   0.061629   0.494896   0.002521  -0.200650   0.080558  -0.037631   0.004203  -0.022890   0.041826  -0.069271  -0.000057 
  0.065100   0.030903   0.445454  -0.005730  -0.160314   0.000458   0.022876  -0.030726  -0.049442  -0.008251   0.040336  -0.080100 
  0.132123   0.013903   0.304295   0.188446  -0.099695  -0.043659   0.067023  -0.017000  -0.141159   0.194176   0.060619  -0.044117 
  0.030845   0.063783   0.249165   0.393622  -0.382220  -0.077808  -0.101278   0.049880  -0.055130   0.205176  -0.282525  -0.034149 
  0.032554   0.095952   0.299945   0.290318  -0.283843  -0.118717   0.001709   0.032169   0.050780  -0.103304   0.098377  -0.040909 
  0.021079   0.085951   0.319546   0.410753  -0.258404  -0.076318  -0.011475  -0.010001   0.019601   0.120435   0.025439   0.042399 
  0.012327   0.071838   0.293647   0.330081  -0.217667  -0.053915  -0.008752  -0.014113  -0.025899  -0.080672   0.040737   0.022403 
  0.010812   0.177477   0.273620   0.363771  -0.252560  -0.068640  -0.001515   0.105639  -0.020027   0.033690  -0.034893  -0.014725 
  0.000363   0.164300   0.296101   0.514287  -0.271697  -0.056551  -0.010449  -0.013177   0.022481   0.150516  -0.019137   0.012089 
  0.021107   0.088441   0.257845   0.453725  -0.262128  -0.040050   0.020744  -0.075859  -0.038256  -0.060562   0.009569   0.016501 
  0.004788   0.105823   0.292834   0.364860  -0.210619  -0.015871  -0.016319   0.017382   0.034989  -0.088865   0.051509   0.024179 
 -0.002670   0.068857   0.334264   0.309053  -0.229011  -0.011631  -0.007458  -0.036966   0.041430  -0.055807  -0.018392   0.004240 
 -0.003555   0.030278   0.347976   0.304985  -0.266998  -0.021257  -0.000885  -0.038579   0.013712  -0.004068  -0.037987  -0.009626 
 -0.010931   0.129997   0.296990   0.315356  -0.251700  -0.020283  -0.007376   0.099719  -0.050986   0.010371   0.015298   0.000974 
 -0.007886   0.184126   0.284685   0.313408  -0.220302  -0.011574   0.003045   0.054129  -0.012305  -0.001948   0.031398   0.008709 
  0.006953   0.151997   0.337562   0.314840  -0.193316  -0.011631   0.014839  -0.032129   0.052877   0.001432   0.026986  -0.000057 
  0.002020   0.090248   0.333803   0.386059  -0.199790  -0.003724  -0.004933  -0.061749  -0.003759   0.071219  -0.006474   0.007907 
 -0.004011   0.101452   0.360144   0.369500  -0.231131  -0.004011  -0.006031   0.011204   0.026341  -0.016559  -0.031341  -0.000287 
 -0.002315   0.061529   0.377849   0.313465  -0.237205  -0.009511   0.001696  -0.039923   0.017705  -0.056035  -0.006074  -0.005500 
 -0.007078   0.061681   0.354813   0.284130  -0.240929  -0.025325  -0.004763   0.000152  -0.023036  -0.029335  -0.003724  -0.015814 
  0.033182   0.196691   0.377557   0.303152  -0.253190   0.017647   0.040260   0.135010   0.022744   0.019022  -0.012261   0.042972 
  0.081144   0.129533   0.357200   0.342113  -0.234626   0.017647   0.047962  -0.067158  -0.020357   0.038961   0.018564   0.000000 
  0.116029   0.102598   0.325188   0.311460  -0.214172   0.030023   0.034885  -0.026935  -0.032012  -0.030653   0.020454   0.012376 
  0.122360   0.020922   0.303795   0.292323  -0.279890   0.017590   0.006331  -0.081676  -0.021393  -0.019137  -0.065718  -0.012433 
  0.139635   0.050416   0.244497   0.317018  -0.327732  -0.028190   0.017275   0.029494  -0.059298   0.024695  -0.047842  -0.045780 
  0.120977   0.133357   0.158887   0.264248  -0.320112  -0.091329  -0.018658   0.082941  -0.085610  -0.052770   0.007620  -0.063139 
  0.009800   0.236377   0.278262   0.392820  -0.153782  -0.134187  -0.111177   0.103020   0.119375   0.128572   0.166330  -0.042858 
 -0.078007   0.200916   0.497275   0.765128  -0.084970  -0.239095  -0.087807  -0.035461   0.219013   0.372308   0.068812  -0.104908 
 -0.001700   0.200847   0.426964   0.616273  -0.066807  -0.177846   0.076307  -0.000069  -0.070311  -0.148855   0.018163   0.061249 
  0.065925   0.336327   0.466354   0.458825  -0.098090  -0.126337   0.067625   0.135480   0.039390  -0.157448  -0.031283   0.051509 
  0.065297   0.301054   0.558256   0.431323  -0.018277  -0.094194  -0.000628  -0.035273   0.091902  -0.027502   0.079813   0.032143 
  0.078200   0.173958   0.581437   0.307277  -0.197040  -0.111440   0.012903  -0.127096   0.023181  -0.124046  -0.178763  -0.017246 
  0.080371   0.186032   0.568940   0.210218  -0.300631  -0.056952   0.002171   0.012074  -0.012497  -0.097059  -0.103591   0.054488 
  0.064752   0.161008   0.583201   0.201165  -0.326872  -0.024694  -0.015619  -0.025024   0.014261  -0.009053  -0.026241   0.032258 
  0.065957   0.154170   0.605440   0.156933  -0.318794  -0.007964   0.001205  -0.006838   0.022239  -0.044232   0.008078   0.016730 
  0.059766   0.084111   0.602644   0.223454  -0.339764  -0.014782  -0.006191  -0.070059  -0.002796   0.066521  -0.020970  -0.006818 
  0.048764   0.161772   0.607185   0.195207  -0.316960  -0.024408  -0.011002   0.077661   0.004541  -0.028247   0.022804  -0.009626 
  0.042940   0.192883   0.632019   0.215604  -0.314095  -0.001031  -0.005824   0.031111   0.024834   0.020397   0.002865   0.023377 
  0.029352   0.156469   0.623650   0.210734  -0.290490   0.009740  -0.013588  -0.036414  -0.008369  -0.004870   0.023605   0.010771 
  0.031282   0.143143   0.588825   0.182888  -0.295417   0.014782   0.001930  -0.013326  -0.034825  -0.027846  -0.004927   0.005042 
  0.041202   0.099151   0.613569   0.133098  -0.344290   0.015527   0.009920  -0.043992   0.024744  -0.049790  -0.048873   0.000745 
  0.056314   0.104017   0.635998   0.128171  -0.373912   0.034721   0.015112   0.004866   0.022429  -0.004927  -0.029622   0.019194 
  0.048058   0.171581   0.636042   0.132582  -0.337644   0.034721  -0.008256   0.067564   0.000044   0.004411   0.036268   0.000000 
  0.045132   0.161764   0.582163   0.195264  -0.372709   0.034721  -0.002926  -0.009817  -0.053879   0.062682  -0.035065   0.000000 
  0.040492   0.110601   0.621033   0.137739  -0.361078   0.045550  -0.004640  -0.051163   0.038870  -0.057525   0.011631   0.010829 
  0.042092   0.083404   0.647350   0.083996  -0.386861   0.037815   0.001600  -0.027197   0.026317  -0.053743  -0.025783  -0.007735 
  0.040597   0.174579   0.622197   0.121066  -0.345895   0.034721  -0.001495   0.091175  -0.025153   0.037070   0.040966  -0.003094 
  0.037901   0.161362   0.591437   0.183633  -0.337873   0.045436  -0.002696  -0.013217  -0.030760   0.062567   0.008022   0.010715 
  0.039904   0.126505   0.615010   0.108117  -0.345952   0.044290   0.002003  -0.034857   0.023573  -0.075516  -0.008079  -0.001146 
  0.044590   0.046561   0.693224   0.035638  -0.379241   0.034721   0.004686  -0.079944   0.078214  -0.072479  -0.033289  -0.009569 
  0.041651   0.116972   0.669778   0.066807  -0.367667   0.034779  -0.002939   0.070411  -0.023446   0.031169   0.011574   0.000058 
  0.034936   0.138271   0.643892   0.084511  -0.339936   0.034721  -0.006715   0.021299  -0.025886   0.017704   0.027731  -0.000058 
  0.032049   0.101530   0.637822   0.075974  -0.345895   0.034721  -0.002887  -0.036741  -0.006070  -0.008537  -0.005959   0.000000 
  0.038893   0.060115   0.652716   0.044920  -0.340337   0.034721   0.006844  -0.041415   0.014894  -0.031054   0.005558   0.000000 
  0.037396   0.082252   0.667405   0.042055  -0.338274   0.034721  -0.001497   0.022137   0.014689  -0.002865   0.002063   0.000000 
  0.030821   0.159104   0.605370   0.052254  -0.303954   0.034721  -0.006575   0.076852  -0.062035   0.010199   0.034320   0.000000 
  0.023693   0.116417   0.599125   0.082105  -0.301433   0.051623  -0.007128  -0.042687  -0.006245   0.029851   0.002521   0.016902 
  0.020618   0.100745   0.617114   0.073167  -0.309512   0.041253  -0.003075  -0.015672   0.017989  -0.008938  -0.008079  -0.010370 
  0.026399   0.072606   0.665401   0.045607  -0.345895   0.061364   0.005781  -0.028139   0.048287  -0.027560  -0.036383   0.020111 
  0.023187   0.163627   0.627702   0.061249  -0.337186   0.051509  -0.003212   0.091021  -0.037699   0.015642   0.008709  -0.009855 
  0.033807   0.127681   0.630825   0.090928  -0.345952   0.055978   0.010620  -0.035946   0.003123   0.029679  -0.008766   0.004469 
  0.035534   0.092216   0.641901   0.063770  -0.359989   0.061364   0.001727  -0.035465   0.011076  -0.027158  -0.014037   0.005386 
  0.046273   0.072353   0.671661   0.011115  -0.367438   0.061364   0.010739  -0.019863   0.029760  -0.052655  -0.007449   0.000000 
  0.043461   0.157974   0.655939   0.039878  -0.341999   0.061364  -0.002812   0.085621  -0.015722   0.028763   0.025439   0.000000 
  0.037591   0.128831   0.646729   0.038675  -0.336555   0.061364  -0.005870  -0.029143  -0.009210  -0.001203   0.005444   0.000000 
  0.034203   0.103569   0.628881   0.039649  -0.340050   0.065776  -0.003388  -0.025262  -0.017848   0.000974  -0.003495   0.004412 
  0.041039   0.063584   0.668030  -0.013980  -0.370417   0.066119   0.006836  -0.039985   0.039149  -0.053629  -0.030367   0.000343 
  0.040594   0.144070   0.642415  -0.009110  -0.345895   0.074485  -0.000445   0.080486  -0.025615   0.004870   0.024522   0.008366 
  0.044543   0.140641   0.649921  -0.007792  -0.373683   0.077177   0.003949  -0.003429   0.007506   0.001318  -0.027788   0.002692 
  0.043874   0.094166   0.664081  -0.015642  -0.391731   0.091043  -0.000669  -0.046475   0.014160  -0.007850  -0.018048   0.013866 
  0.058505   0.063701   0.740543  -0.054832  -0.400612   0.073052   0.014631  -0.030465   0.076462  -0.039190  -0.008881  -0.017991 
  0.056939   0.080371   0.724724  -0.040451  -0.425077   0.086975  -0.001566   0.016670  -0.015819   0.014381  -0.024465   0.013923 
  0.049694   0.153003   0.692333  -0.037987  -0.406227   0.091329  -0.007245   0.072632  -0.032391   0.002464   0.018850   0.004354 
  0.050142   0.103283   0.689202  -0.036096  -0.400154   0.090184   0.000448  -0.049720  -0.003131   0.001891   0.006073  -0.001145 
  0.043061   0.079637   0.698556  -0.043373  -0.403362   0.085485  -0.007081  -0.023646   0.009354  -0.007277  -0.003208  -0.004699 
  0.055850   0.027482   0.796467  -0.063197  -0.439745   0.065833   0.012789  -0.052155   0.097911  -0.019824  -0.036383  -0.019652 
  0.048377   0.121436   0.718975  -0.062166  -0.412415   0.090184  -0.007473   0.093954  -0.077492   0.001031   0.027330   0.024351 
  0.049718   0.116104   0.700661  -0.030195  -0.432010   0.096142   0.001341  -0.005332  -0.018314   0.031971  -0.019595   0.005958 
  0.047964   0.084083   0.703811  -0.043029  -0.424676   0.090241  -0.001754  -0.032021   0.003150  -0.012834   0.007334  -0.005901 
  0.049089   0.038505   0.736365  -0.080730  -0.431437   0.094309   0.001125  -0.045578   0.032554  -0.037701  -0.006761   0.004068 
  0.050366   0.096322   0.708099  -0.079355  -0.408290   0.090184   0.001277   0.057817  -0.028266   0.001375   0.023147  -0.004125 
  0.051401   0.118582   0.701276  -0.073052  -0.408290   0.100554   0.001035   0.022260  -0.006823   0.006303   0.000000   0.010370 
  0.047702   0.083233   0.685562  -0.051967  -0.408290   0.104393  -0.003699  -0.035349  -0.015714   0.021085   0.000000   0.003839 
  0.050117   0.040209   0.707981  -0.083193  -0.432067   0.106914   0.002415  -0.043024   0.022419  -0.031226  -0.023777   0.002521 
  0.053775   0.083835   0.687456  -0.087548  -0.433328   0.109034   0.003658   0.043626  -0.020525  -0.004355  -0.001261   0.002120 
  0.053918   0.136377   0.678841  -0.078553  -0.408290   0.103935   0.000143   0.052542  -0.008615   0.008995   0.025038  -0.005099 
  0.052677   0.085007   0.682939  -0.062624  -0.395054   0.115967  -0.001241  -0.051370   0.004098   0.015929   0.013236   0.012032 
  0.051187   0.055434   0.693783  -0.062624  -0.408290   0.105080  -0.001490  -0.029573   0.010844   0.000000  -0.013236  -0.010887 
  0.048145   0.071207   0.704373  -0.084511  -0.425421   0.105424  -0.003042   0.015773   0.010590  -0.021887  -0.017131   0.000344 
  0.046504   0.144157   0.686199  -0.060390  -0.413561   0.112357  -0.001641   0.072950  -0.018174   0.024121   0.011860   0.006933 
  0.047265   0.097496   0.687576  -0.047670  -0.418259   0.115967   0.000761  -0.046661   0.001377   0.012720  -0.004698   0.003610 
  0.055181   0.044648   0.625238  -0.070703  -0.389726   0.092705   0.007916  -0.052848  -0.062338  -0.023033   0.028533  -0.023262 
  0.071682   0.015476   0.708108  -0.122842  -0.338274   0.089439   0.016501  -0.029172   0.082870  -0.052139   0.051452  -0.003266 
  0.093473   0.143267   1.017557  -0.056035  -0.373282   0.115967   0.021791   0.127791   0.309449   0.066807  -0.035008   0.026528 
  0.062807   0.149923   0.781415  -0.214286  -0.203056   0.080157  -0.030666   0.006656  -0.236142  -0.158251   0.170226  -0.035810 
  0.030341   0.132691   0.701372  -0.204775  -0.252732   0.070302  -0.032466  -0.017232  -0.080043   0.009511  -0.049676  -0.009855 
  0.047544   0.044959   0.811035  -0.188618  -0.346410   0.073510   0.017203  -0.087732   0.109663   0.016157  -0.093678   0.003208 
  0.065083  -0.001690   0.784213  -0.207812  -0.387663   0.089725   0.017539  -0.046649  -0.026822  -0.019194  -0.041253   0.016215 
  0.071549   0.110993   0.601305   0.004756  -0.363828   0.094939   0.006466   0.112683  -0.182908   0.212568   0.023835   0.005214 
  0.028046   0.086706   0.474021  -0.055634  -0.187758   0.083938  -0.043503  -0.024287  -0.127284  -0.060390   0.176070  -0.011001 
  0.051417   0.052747   0.590317  -0.042399  -0.334722   0.080157   0.023371  -0.033959   0.116296   0.013235  -0.146964  -0.003781 
  0.043574   0.029784   0.707725  -0.156532  -0.352025   0.080214  -0.007843  -0.022963   0.117408  -0.114133  -0.017303   0.000057 
  0.037939   0.026889   0.745217  -0.213026  -0.347785   0.090585  -0.005635  -0.002895   0.037492  -0.056494   0.004240   0.010371 
  0.046942  -0.011648   0.803704  -0.251013  -0.381074   0.100726   0.009003  -0.038537   0.058487  -0.037987  -0.033289   0.010141 
  0.052432   0.072210   0.803771  -0.243679  -0.373454   0.098721   0.005490   0.083858   0.000067   0.007334   0.007620  -0.002005 
  0.052493   0.059170   0.816922  -0.234913  -0.366578   0.099007   0.000061  -0.013040   0.013151   0.008766   0.006876   0.000286 
  0.050348   0.023003   0.803654  -0.233423  -0.375459   0.095512  -0.002145  -0.036167  -0.013268   0.001490  -0.008881  -0.003495 
  0.054423  -0.006601   0.782403  -0.198988  -0.397919   0.095397   0.004075  -0.029604  -0.021251   0.034435  -0.022460  -0.000115 
  0.057442   0.068536   0.766620  -0.210104  -0.408748   0.097747   0.003019   0.075137  -0.015783  -0.011116  -0.010829   0.002350 
  0.055736   0.122898   0.774076  -0.198473  -0.392132   0.100669  -0.001706   0.054362   0.007456   0.011631   0.016616   0.002922 
  0.056783   0.073964   0.782693  -0.233996  -0.381246   0.085600   0.001047  -0.048934   0.008617  -0.035523   0.010886  -0.015069 
  0.052412   0.020000   0.776969  -0.246658  -0.379699   0.086803  -0.004371  -0.053964  -0.005724  -0.012662   0.001547   0.001203 
  0.042977   0.038805   0.755381  -0.227980  -0.380100   0.088522  -0.009435   0.018805  -0.021588   0.018678  -0.000401   0.001719 
 -0.012206   0.143373   0.721121  -0.233824  -0.369157   0.065145  -0.055183   0.104568  -0.034260  -0.005844   0.010943  -0.023377 
  0.014757   0.065701   0.746724  -0.247690  -0.364974   0.078094   0.026963  -0.077672   0.025603  -0.013866   0.004183   0.012949 
  0.036470   0.039779   0.777320  -0.253820  -0.351681   0.078037   0.021713  -0.025922   0.030596  -0.006130   0.013293  -0.000057 
  0.056088   0.030818   0.876880  -0.174065  -0.383366   0.065546   0.019618  -0.008961   0.099560   0.079755  -0.031685  -0.012491 
  0.053496   0.126866   0.822457  -0.201223  -0.385028   0.078094  -0.002592   0.096048  -0.054423  -0.027158  -0.001662   0.012548 
  0.060180   0.088868   0.730183  -0.058499  -0.406227   0.096142   0.006684  -0.037998  -0.092274   0.142724  -0.021199   0.018048 
  0.059436   0.072894   0.619154   0.043373  -0.368756   0.116024  -0.000744  -0.015974  -0.111029   0.101872   0.037471   0.019882 
  0.061997   0.035365   0.710107  -0.132754  -0.400784   0.099122   0.002561  -0.037529   0.090953  -0.176127  -0.032028  -0.016902 
  0.064501  -0.007287   0.681385  -0.063140  -0.405826   0.103476   0.002504  -0.042652  -0.028722   0.069614  -0.005042   0.004354 
  0.074044   0.046039   0.676486  -0.065604  -0.389096   0.116081   0.009543   0.053326  -0.004899  -0.002464   0.016730   0.012605 
  0.063470   0.104208   0.652162  -0.015183  -0.346811   0.102101  -0.010574   0.058169  -0.024324   0.050421   0.042285  -0.013980 
  0.063984   0.068843   0.606372   0.033117  -0.372136   0.069901   0.000514  -0.035365  -0.045790   0.048300  -0.025325  -0.032200 
  0.115220   0.092114   0.680517  -0.129317  -0.370933   0.090069   0.051236   0.023271   0.074145  -0.162434   0.001203   0.020168 
  0.064412   0.062301   0.658292  -0.116769  -0.394653   0.077808  -0.050808  -0.029813  -0.022225   0.012548  -0.023720  -0.012261 
  0.046891   0.123033   0.676261  -0.119404  -0.373798   0.080443  -0.017521   0.060732   0.017969  -0.002635   0.020855   0.002635 
  0.042396   0.088733   0.653944  -0.047441  -0.355177   0.095799  -0.004495  -0.034300  -0.022317   0.071963   0.018621   0.015356 
  0.043647   0.040399   0.682262  -0.071849  -0.401013   0.095799   0.001251  -0.048334   0.028318  -0.024408  -0.045836   0.000000 
  0.044161   0.100016   0.665889  -0.062166  -0.386861   0.095799   0.000514   0.059617  -0.016373   0.009683   0.014152   0.000000 
  0.050388   0.131050   0.701881  -0.102101  -0.376376   0.100669   0.006227   0.031034   0.035992  -0.039935   0.010485   0.004870 
  0.048808   0.071403   0.714627  -0.097346  -0.370646   0.095799  -0.001580  -0.059647   0.012746   0.004755   0.005730  -0.004870 
  0.049961   0.013545   0.728509  -0.131322  -0.384397   0.095799   0.001153  -0.057858   0.013882  -0.033976  -0.013751   0.000000 
  0.054764   0.061210   0.720419  -0.125420  -0.396372   0.095799   0.004803   0.047665  -0.008090   0.005902  -0.011975   0.000000 
  0.047783   0.121163   0.716895  -0.150860  -0.351624   0.095799  -0.006981   0.059953  -0.003524  -0.025440   0.044748   0.000000 
  0.041350   0.075006   0.728072  -0.140547  -0.364344   0.095856  -0.006433  -0.046157   0.011177   0.010313  -0.012720   0.000057 
  0.043375   0.043832   0.730089  -0.157162  -0.364401   0.090298   0.002025  -0.031174   0.002017  -0.016615  -0.000057  -0.005558 
  0.049126   0.020041   0.665293  -0.186326  -0.329451   0.084168   0.005751  -0.023791  -0.064796  -0.029164   0.034950  -0.006130 
  0.038454   0.079165   0.574389  -0.211994  -0.316616   0.080672  -0.010672   0.059124  -0.090904  -0.025668   0.012835  -0.003496 
  0.061977   0.036265   0.735622  -0.157220  -0.349046   0.059989   0.023523  -0.042900   0.161233   0.054774  -0.032430  -0.020683 
  0.062748   0.101853   0.762354  -0.086173  -0.364344   0.043602   0.000771   0.065588   0.026732   0.071047  -0.015298  -0.016387 
  0.099990   0.109152   0.717493  -0.010600  -0.379069   0.092418   0.037242   0.007299  -0.044861   0.075573  -0.014725   0.048816 
  0.117346   0.025864   0.621672   0.120780  -0.418259   0.052598   0.017356  -0.083288  -0.095821   0.131380  -0.039190  -0.039820 
  0.084448   0.087779   0.481478   0.405941  -0.430979  -0.028190  -0.032898   0.061915  -0.140194   0.285161  -0.012720  -0.080788 
  0.018515   0.088270   0.533455   0.265509  -0.378611  -0.040909  -0.065933   0.000491   0.051977  -0.140432   0.052368  -0.012719 
  0.000441   0.091423   0.619260   0.170340  -0.339764  -0.024179  -0.018074   0.003153   0.085805  -0.095169   0.038847   0.016730 
  0.024540   0.043332   0.699860   0.059244  -0.350593   0.016673   0.024099  -0.048091   0.080600  -0.111096  -0.010829   0.040852 
  0.035839   0.043602   0.703237   0.037185  -0.375058   0.047555   0.011299   0.000270   0.003377  -0.022059  -0.024465   0.030882 
  0.044600   0.174045   0.690012   0.066463  -0.380788   0.047555   0.008761   0.130443  -0.013225   0.029278  -0.005730   0.000000 
  0.048204   0.113870   0.745785   0.020397  -0.370360   0.047555   0.003604  -0.060175   0.055773  -0.046066   0.010428   0.000000 
  0.047957   0.064256   0.764829  -0.002292  -0.381246   0.056666  -0.000247  -0.049614   0.019044  -0.022689  -0.010886   0.009111 
  0.046076  -0.005279   0.771478  -0.086058  -0.390643   0.058957  -0.001881  -0.069535   0.006649  -0.083766  -0.009397   0.002291 
  0.048095   0.073361   0.716332  -0.071677  -0.373167   0.061421   0.002019   0.078640  -0.055146   0.014381   0.017476   0.002464 
  0.046127   0.114615   0.723928  -0.039190  -0.350593   0.061364  -0.001968   0.041254   0.007596   0.032487   0.022574  -0.000057 
  0.047289   0.073028   0.725860  -0.000115  -0.365432   0.065604   0.001162  -0.041587   0.001932   0.039075  -0.014839   0.004240 
  0.046797   0.046690   0.748619  -0.036956  -0.375631   0.064630  -0.000492  -0.026338   0.022759  -0.036841  -0.010199  -0.000974 
  0.049941   0.080761   0.759567  -0.028190  -0.429776   0.077120   0.003144   0.034071   0.010948   0.008766  -0.054145   0.012490 
  0.063145   0.289954   0.691756   0.007620  -0.349905   0.127025   0.013204   0.209193  -0.067811   0.035810   0.079871   0.049905 
  0.059067   0.222466   0.705755  -0.019996  -0.314955   0.118087  -0.004078  -0.067488   0.013999  -0.027616   0.034950  -0.008938 
  0.044182   0.069194   0.724816  -0.061020  -0.321086   0.069786  -0.014885  -0.153272   0.019061  -0.041024  -0.006131  -0.048301 
  0.042881   0.094812   0.782522  -0.099637  -0.357927   0.068812  -0.001301   0.025618   0.057706  -0.038617  -0.036841  -0.000974 
  0.043014   0.045386   0.754157   0.020283  -0.364573   0.067781   0.000133  -0.049426  -0.028365   0.119920  -0.006646  -0.001031 
  0.046278   0.152153   0.712347  -0.021142  -0.333003   0.073396   0.003264   0.106767  -0.041810  -0.041425   0.031570   0.005615 
  0.045248   0.145073   0.687631  -0.023147  -0.322231   0.070703  -0.001030  -0.007080  -0.024716  -0.002005   0.010772  -0.002693 
  0.043062   0.129233   0.667673  -0.001089  -0.312090   0.070760  -0.002186  -0.015840  -0.019958   0.022058   0.010141   0.000057 
  0.042330   0.139927   0.665673   0.016902  -0.326758   0.071620  -0.000732   0.010694  -0.002000   0.017991  -0.014668   0.000860 
  0.044249   0.110477   0.723702   0.017590  -0.332316   0.069672   0.001919  -0.029450   0.058029   0.000688  -0.005558  -0.001948 
  0.047258   0.053536   0.723914  -0.038789  -0.355692   0.071448   0.003009  -0.056941   0.000212  -0.056379  -0.023376   0.001776 
  0.045644   0.168004   0.714644  -0.010084  -0.344004   0.073224  -0.001614   0.114468  -0.009270   0.028705   0.011688   0.001776 
  0.045656   0.135159   0.732679   0.014381  -0.336097   0.076261   0.000012  -0.032845   0.018035   0.024465   0.007907   0.003037 
  0.047979   0.101432   0.715047   0.014267  -0.342342   0.072651   0.002323  -0.033727  -0.017632  -0.000114  -0.006245  -0.003610 
  0.041165   0.058103   0.732410  -0.058098  -0.319596   0.073109  -0.006814  -0.043329   0.017363  -0.072365   0.022746   0.000458 
  0.038082   0.126905   0.713349  -0.061364  -0.305444   0.065661  -0.003083   0.068802  -0.019061  -0.003266   0.014152  -0.007448 
  0.035594   0.105350   0.727685  -0.029794  -0.302293   0.069844  -0.002488  -0.021555   0.014336   0.031570   0.003151   0.004183 
  0.040963   0.080407   0.735174  -0.024866  -0.322976   0.073969   0.005369  -0.024943   0.007489   0.004928  -0.020683   0.004125 
  0.045435   0.043660   0.743771  -0.038847  -0.326987   0.065661   0.004472  -0.036747   0.008597  -0.013981  -0.004011  -0.008308 
  0.049592   0.069074   0.778552  -0.092762  -0.326987   0.065661   0.004157   0.025414   0.034781  -0.053915   0.000000   0.000000 
  0.045402   0.110479   0.764917  -0.061249  -0.326987   0.068698  -0.004190   0.041405  -0.013635   0.031513   0.000000   0.003037 
  0.053578   0.069023   0.772061  -0.051681  -0.344806   0.079011   0.008176  -0.041456   0.007144   0.009568  -0.017819   0.010313 
  0.051448   0.017635   0.791355  -0.103304  -0.340681   0.079985  -0.002130  -0.051388   0.019294  -0.051623   0.004125   0.000974 
  0.055556   0.006149   0.786587  -0.128285  -0.362797   0.074427   0.004108  -0.011486  -0.004768  -0.024981  -0.022116  -0.005558 
  0.057509   0.096776   0.770263  -0.149084  -0.351911   0.073167   0.001953   0.090627  -0.016324  -0.020799   0.010886  -0.001260 
  0.058230   0.065644   0.764785  -0.146448  -0.336097   0.065661   0.000721  -0.031132  -0.005478   0.002636   0.015814  -0.007506 
  0.052904   0.070712   0.723895  -0.117800  -0.316101   0.073912  -0.005326   0.005068  -0.040890   0.028648   0.019996   0.008251 
  0.043756   0.089918   0.717284  -0.074427  -0.311345   0.077407  -0.009148   0.019206  -0.006611   0.043373   0.004756   0.003495 
  0.056388   0.138384   0.704938   0.000688  -0.362797   0.088637   0.012632   0.048466  -0.012346   0.075115  -0.051452   0.011230 
  0.040658   0.244964   0.696892  -0.049160  -0.293927   0.108919  -0.015730   0.106580  -0.008046  -0.049848   0.068870   0.020282 
  0.050868   0.210523   0.697121  -0.099007  -0.251242   0.121066   0.010210  -0.034441   0.000229  -0.049847   0.042685   0.012147 
  0.065983   0.137133   0.630614   0.000516  -0.302178   0.076719   0.015115  -0.073390  -0.066507   0.099523  -0.050936  -0.044347 
  0.067931   0.158907   0.459710   0.283270  -0.248836   0.091043   0.001948   0.021774  -0.170904   0.282754   0.053342   0.014324 
  0.059173   0.093290   0.493866   0.268431  -0.258404   0.082907  -0.008758  -0.065617   0.034156  -0.014839  -0.009568  -0.008136 
  0.065067   0.151142   0.560156   0.154011  -0.293698   0.084225   0.005894   0.057852   0.066290  -0.114420  -0.035294   0.001318 
  0.048252   0.079968   0.646097   0.056035  -0.330597   0.079068  -0.016815  -0.071174   0.085941  -0.097976  -0.036899  -0.005157 
  0.027849   0.087140   0.323813   0.184951  -0.222938   0.070588  -0.020403   0.007172  -0.322284   0.128916   0.107659  -0.008480 
  0.049015   0.153099   0.451212   0.123988  -0.203285   0.087147   0.021166   0.065959   0.127399  -0.060963   0.019653   0.016559 
  0.048631   0.170607   0.515486   0.063025  -0.209531   0.075057  -0.000384   0.017508   0.064274  -0.060963  -0.006246  -0.012090 
  0.050684   0.157938   0.599755   0.064400  -0.229240   0.083193   0.002053  -0.012669   0.084269   0.001375  -0.019709   0.008136 
  0.047245   0.123835   0.619520   0.057238  -0.253935   0.080271  -0.003439  -0.034103   0.019765  -0.007162  -0.024695  -0.002922 
  0.056107   0.115640   0.633826   0.056837  -0.288140   0.080214   0.008862  -0.008195   0.014306  -0.000401  -0.034205  -0.000057 
  0.058253   0.074379   0.716590   0.033060  -0.311861   0.080214   0.002146  -0.041261   0.082764  -0.023777  -0.023721   0.000000 
  0.062441   0.092577   0.721447   0.037242  -0.329164   0.080214   0.004188   0.018198   0.004857   0.004182  -0.017303   0.000000 
  0.053473   0.137717   0.711960   0.031283  -0.313064   0.070474  -0.008968   0.045140  -0.009487  -0.005959   0.016100  -0.009740 
  0.056060   0.101729   0.712967   0.045665  -0.309913   0.070474   0.002587  -0.035988   0.001007   0.014382   0.003151   0.000000 
  0.058777   0.097010   0.721453   0.040852  -0.308710   0.080214   0.002717  -0.004719   0.008486  -0.004813   0.001203   0.009740 
  0.054449   0.068992   0.758125  -0.004870  -0.334034   0.080214  -0.004328  -0.028018   0.036672  -0.045722  -0.025324   0.000000 
  0.061400   0.090166   0.776256   0.001089  -0.337358   0.076433   0.006951   0.021174   0.018131   0.005959  -0.003324  -0.003781 
  0.056492   0.138049   0.743852   0.008193  -0.326242   0.080214  -0.004908   0.047883  -0.032404   0.007104   0.011116   0.003781 
  0.052721   0.119138   0.728708   0.011115  -0.310715   0.076318  -0.003771  -0.018911  -0.015144   0.002922   0.015527  -0.003896 
  0.046878   0.081571   0.712912   0.006303  -0.307793   0.086345  -0.005843  -0.037567  -0.015796  -0.004812   0.002922   0.010027 
  0.057073   0.042410   0.716805  -0.006303  -0.328992   0.087491   0.010195  -0.039161   0.003893  -0.012606  -0.021199   0.001146 
  0.057443   0.136531   0.663931  -0.033518  -0.327445   0.098434   0.000370   0.094121  -0.052874  -0.027215   0.001547   0.010943 
  0.037995   0.147284   0.663587  -0.005042  -0.299313   0.080214  -0.019448   0.010753  -0.000344   0.028476   0.028132  -0.018220 
  0.042253   0.095927   0.674850   0.003953  -0.291234   0.096372   0.004258  -0.051357   0.011263   0.008995   0.008079   0.016158 
  0.050574   0.064295   0.704013  -0.044920  -0.336326   0.097632   0.008321  -0.031632   0.029163  -0.048873  -0.045092   0.001260 
  0.046546   0.062612   0.710997  -0.040737  -0.344978   0.093908  -0.004028  -0.001683   0.006984   0.004183  -0.008652  -0.003724 
  0.046900   0.130428   0.677242  -0.017533  -0.314611   0.098606   0.000354   0.067816  -0.033755   0.023204   0.030367   0.004698 
  0.050462   0.091975   0.692708  -0.002636  -0.317648   0.095569   0.003562  -0.038453   0.015466   0.014897  -0.003037  -0.003037 
  0.047500   0.062754   0.690123  -0.013293  -0.317648   0.094366  -0.002962  -0.029221  -0.002585  -0.010657   0.000000  -0.001203 
  0.048312   0.047447   0.728685  -0.058785  -0.337358   0.080214   0.000812  -0.015307   0.038562  -0.045492  -0.019710  -0.014152 
  0.050244   0.140030   0.677945  -0.020741  -0.321601   0.092361   0.001932   0.092583  -0.050740   0.038044   0.015757   0.012147 
  0.051438   0.121499   0.675943   0.008308  -0.324122   0.100382   0.001194  -0.018531  -0.002002   0.029049  -0.002521   0.008021 
  0.047347   0.081551   0.706559  -0.004354  -0.321945   0.092934  -0.004091  -0.039948   0.030616  -0.012662   0.002177  -0.007448 
  0.048453   0.052984   0.739151  -0.030596  -0.345379   0.089668   0.001106  -0.028567   0.032592  -0.026242  -0.023434  -0.003266 
  0.047806   0.138915   0.700164  -0.026299  -0.317648   0.086459  -0.000647   0.085931  -0.038987   0.004297   0.027731  -0.003209 
  0.049397   0.120936   0.702792   0.000688  -0.327846   0.093392   0.001591  -0.017979   0.002628   0.026987  -0.010198   0.006933 
  0.044519   0.102071   0.681072  -0.007277  -0.294042   0.087204  -0.004878  -0.018865  -0.021720  -0.007965   0.033804  -0.006188 
  0.037176   0.037621   0.687629  -0.024694  -0.315184   0.090814  -0.007343  -0.064450   0.006557  -0.017417  -0.021142   0.003610 
  0.040499   0.117453   0.654990  -0.034377  -0.301433   0.094366   0.003323   0.079832  -0.032639  -0.009683   0.013751   0.003552 
  0.045674   0.143683   0.663733   0.018564  -0.294157   0.092017   0.005175   0.026230   0.008743   0.052941   0.007276  -0.002349 
  0.044134   0.099208   0.681165  -0.008480  -0.294959   0.091272  -0.001540  -0.044475   0.017432  -0.027044  -0.000802  -0.000745 
  0.039704   0.068492   0.689300  -0.022460  -0.308939   0.099179  -0.004430  -0.030716   0.008135  -0.013980  -0.013980   0.007907 
