  0.000000   0.000000   0.000000   0.000000   0.000000   0.000000   0.000000   0.000000   0.000000   0.000000   0.000000   0.000000 
  0.000000   0.011881   0.000000   0.000000   0.000000   0.000000   0.000000   0.011881   0.000000   0.000000   0.000000   0.000000 
  0.015892   0.114349   0.000000   0.000000   0.000000   0.000000   0.015892   0.102468   0.000000   0.000000   0.000000   0.000000 
  0.038642   0.153176   0.102738  -0.024408   0.035581   0.016730   0.022750   0.038827   0.102738  -0.024408   0.035581   0.016730 
  0.044625   0.154146   0.087507  -0.074141   0.035581   0.022403   0.005983   0.000970  -0.015231  -0.049733   0.000000   0.005673 
  0.045095   0.161430   0.078175  -0.035695   0.034607   0.010428   0.000470   0.007284  -0.009332   0.038446  -0.000974  -0.011975 
  0.051530   0.138987   0.094415  -0.057525   0.029565   0.026127   0.006435  -0.022443   0.016240  -0.021830  -0.005042   0.015699 
  0.037042   0.102603   0.077955  -0.040909   0.019595   0.009798  -0.014488  -0.036384  -0.016460   0.016616  -0.009970  -0.016329 
  0.039310   0.200206   0.050761  -0.060963   0.023262   0.012433   0.002268   0.097603  -0.027194  -0.020054   0.003667   0.002635 
  0.047752   0.200550   0.086470  -0.051967   0.028132   0.012490   0.008442   0.000344   0.035709   0.008996   0.004870   0.000057 
  0.049839   0.150504   0.119035  -0.053915   0.025382   0.014209   0.002087  -0.050046   0.032565  -0.001948  -0.002750   0.001719 
  0.052888   0.109580   0.135902  -0.060504  -0.008021   0.004870   0.003049  -0.040924   0.016867  -0.006589  -0.033403  -0.009339 
  0.050563   0.196379   0.109089  -0.056952  -0.012147   0.011746  -0.002325   0.086799  -0.026813   0.003552  -0.004126   0.006876 
  0.057458   0.327538   0.107438  -0.081876   0.031455   0.018678   0.006895   0.131159  -0.001651  -0.024924   0.043602   0.006932 
  0.064467   0.139598   0.117504  -0.072823  -0.000573   0.023147   0.007009  -0.187940   0.010066   0.009053  -0.032028   0.004469 
  0.068457   0.106737   0.161515  -0.075229  -0.002636   0.021715   0.003990  -0.032861   0.044011  -0.002406  -0.002063  -0.001432 
  0.083762   0.120461   0.193275  -0.094366   0.007907   0.036784   0.015305   0.013724   0.031760  -0.019137   0.010543   0.015069 
  0.075374   0.183514   0.207265  -0.106857  -0.000802   0.030711  -0.008388   0.063053   0.013990  -0.012491  -0.008709  -0.006073 
  0.081610   0.169533   0.251777  -0.102846  -0.011746   0.025210   0.006236  -0.013981   0.044512   0.004011  -0.010944  -0.005501 
  0.077322   0.124502   0.242847  -0.109263  -0.013808   0.025210  -0.004288  -0.045031  -0.008930  -0.006417  -0.002062   0.000000 
  0.077129   0.108120   0.247739  -0.136307  -0.023606   0.014840  -0.000193  -0.016382   0.004892  -0.027044  -0.009798  -0.010370 
  0.078153   0.190606   0.246987  -0.152063  -0.031513   0.026528   0.001024   0.082486  -0.000752  -0.015756  -0.007907   0.011688 
  0.089395   0.165466   0.261706  -0.129030  -0.033633   0.027617   0.011242  -0.025140   0.014719   0.023033  -0.002120   0.001089 
  0.080791   0.142787   0.227500  -0.088866  -0.008308   0.041253  -0.008604  -0.022679  -0.034206   0.040164   0.025325   0.013636 
  0.084055   0.099816   0.239462  -0.112644  -0.023090   0.032659   0.003264  -0.042971   0.011962  -0.023778  -0.014782  -0.008594 
  0.079060   0.155606   0.207086  -0.122441  -0.040279   0.021944  -0.004995   0.055790  -0.032376  -0.009797  -0.017189  -0.010715 
  0.080699   0.196908   0.230269  -0.112586  -0.045550   0.028419   0.001639   0.041302   0.023183   0.009855  -0.005271   0.006475 
  0.084899   0.161656   0.227413  -0.110294  -0.033976   0.027502   0.004200  -0.035252  -0.002856   0.002292   0.011574  -0.000917 
  0.091362   0.136257   0.227516  -0.112987  -0.031226   0.033633   0.006463  -0.025399   0.000103  -0.002693   0.002750   0.006131 
  0.089922   0.083526   0.248049  -0.117113  -0.049504   0.029049  -0.001440  -0.052731   0.020533  -0.004126  -0.018278  -0.004584 
  0.082726   0.126379   0.220559  -0.137567  -0.049274   0.018965  -0.007196   0.042853  -0.027490  -0.020454   0.000230  -0.010084 
  0.083003   0.207911   0.212627  -0.131322  -0.041883   0.021486   0.000277   0.081532  -0.007932   0.006245   0.007391   0.002521 
  0.085005   0.158723   0.240099  -0.130462  -0.043316   0.017876   0.002002  -0.049188   0.027472   0.000860  -0.001433  -0.003610 
  0.092104   0.112984   0.265608  -0.138484  -0.046123   0.016157   0.007099  -0.045739   0.025509  -0.008022  -0.002807  -0.001719 
  0.101820   0.192021   0.224857  -0.095397  -0.066406   0.016902   0.009716   0.079037  -0.040751   0.043087  -0.020283   0.000745 
  0.090996   0.173112   0.247283  -0.153438  -0.050478   0.017189  -0.010824  -0.018909   0.022426  -0.058041   0.015928   0.000287 
  0.091368   0.133285   0.253656  -0.140547  -0.042112   0.016100   0.000372  -0.039827   0.006373   0.012891   0.008366  -0.001089 
  0.084242   0.080396   0.262611  -0.112472  -0.062109   0.013121  -0.007126  -0.052889   0.008955   0.028075  -0.019997  -0.002979 
  0.084978   0.116414   0.243141  -0.141578  -0.067036   0.015355   0.000736   0.036018  -0.019470  -0.029106  -0.004927   0.002234 
  0.092158   0.193808   0.273853  -0.159626  -0.049446   0.014037   0.007180   0.077394   0.030712  -0.018048   0.017590  -0.001318 
  0.093666   0.127333   0.291472  -0.148110  -0.008365   0.014725   0.001508  -0.066475   0.017619   0.011516   0.041081   0.000688 
  0.093925   0.078379   0.302142  -0.113618  -0.034034   0.008422   0.000259  -0.048954   0.010670   0.034492  -0.025669  -0.006303 
  0.101182   0.123735   0.344083  -0.159626  -0.066463   0.006646   0.007257   0.045356   0.041941  -0.046008  -0.032429  -0.001776 
  0.089257   0.169562   0.302371  -0.157334  -0.046238   0.024007  -0.011925   0.045827  -0.041712   0.002292   0.020225   0.017361 
  0.096294   0.176156   0.312055  -0.163751  -0.051967   0.024580   0.007037   0.006594   0.009684  -0.006417  -0.005729   0.000573 
  0.098022   0.097619   0.341088  -0.139000  -0.055061   0.017704   0.001728  -0.078537   0.029033   0.024751  -0.003094  -0.006876 
  0.097618   0.092418   0.337281  -0.138427  -0.070187   0.016788  -0.000404  -0.005201  -0.003807   0.000573  -0.015126  -0.000916 
  0.088771   0.159754   0.315887  -0.120149  -0.070073   0.030424  -0.008847   0.067336  -0.021394   0.018278   0.000114   0.013636 
  0.077406   0.180056   0.264200  -0.077750  -0.019710   0.038388  -0.011365   0.020302  -0.051687   0.042399   0.050363   0.007964 
  0.094381   0.117712   0.304362  -0.108232  -0.045321   0.046238   0.016975  -0.062344   0.040162  -0.030482  -0.025611   0.007850 
  0.089287   0.059589   0.337776  -0.099179  -0.052483   0.022746  -0.005094  -0.058123   0.033414   0.009053  -0.007162  -0.023492 
  0.084615   0.127761   0.301344  -0.132812  -0.050649   0.023434  -0.004672   0.068172  -0.036432  -0.033633   0.001834   0.000688 
  0.092782   0.196285   0.332200  -0.133155  -0.064687   0.028304   0.008167   0.068524   0.030856  -0.000343  -0.014038   0.004870 
  0.089653   0.130835   0.319828  -0.132754  -0.050764   0.029851  -0.003129  -0.065450  -0.012372   0.000401   0.013923   0.001547 
  0.091738   0.076542   0.340919  -0.115451  -0.070989   0.021257   0.002085  -0.054293   0.021091   0.017303  -0.020225  -0.008594 
  0.093527   0.131854   0.325046  -0.129832  -0.078209   0.029106   0.001789   0.055312  -0.015873  -0.014381  -0.007220   0.007849 
  0.093506   0.178238   0.344610  -0.146849  -0.069385   0.029106  -0.000021   0.046384   0.019564  -0.017017   0.008824   0.000000 
  0.114039   0.097505   0.392537  -0.109721  -0.051623   0.021486   0.020533  -0.080733   0.047927   0.037128   0.017762  -0.007620 
  0.149604   0.031398   0.529206  -0.035409  -0.046753   0.012834   0.035565  -0.066107   0.136669   0.074312   0.004870  -0.008652 
  0.154941   0.162853   0.494850  -0.157334  -0.052368   0.028190   0.005337   0.131455  -0.034356  -0.121925  -0.005615   0.015356 
  0.080709   0.141138   0.143861  -0.214229  -0.049733   0.081417  -0.074232  -0.021715  -0.350989  -0.056895   0.002635   0.053227 
  0.032026   0.132212   0.016160  -0.270207  -0.031169   0.069442  -0.048683  -0.008926  -0.127701  -0.055978   0.018564  -0.011975 
  0.113505  -0.012750   0.407734  -0.114821  -0.112242   0.016100   0.081479  -0.144962   0.391574   0.155386  -0.081073  -0.053342 
  0.119217   0.138232   0.418541  -0.179508  -0.114076   0.037300   0.005712   0.150982   0.010807  -0.064687  -0.001834   0.021200 
  0.130591   0.155955   0.500406  -0.193201  -0.120722   0.043889   0.011374   0.017723   0.081865  -0.013693  -0.006646   0.006589 
  0.133742   0.118018   0.529219  -0.183977  -0.110122   0.034950   0.003151  -0.037937   0.028813   0.009224   0.010600  -0.008939 
  0.136564   0.055025   0.562540  -0.259836  -0.110180   0.029622   0.002822  -0.062993   0.033321  -0.075859  -0.000058  -0.005328 
  0.127895   0.096888   0.476887  -0.250153  -0.106627   0.046180  -0.008669   0.041863  -0.085653   0.009683   0.003553   0.016558 
  0.139244   0.165894   0.423586  -0.177846  -0.105825   0.057468   0.011349   0.069006  -0.053301   0.072307   0.000802   0.011288 
  0.140840   0.161018   0.492966  -0.244366  -0.087491   0.058556   0.001596  -0.004876   0.069380  -0.066520   0.018334   0.001088 
  0.137001   0.107434   0.462834  -0.166444  -0.080501   0.045779  -0.003839  -0.053584  -0.030132   0.077922   0.006990  -0.012777 
  0.135422   0.096677   0.483451  -0.175325  -0.072594   0.048186  -0.001579  -0.010757   0.020617  -0.008881   0.007907   0.002407 
  0.133773   0.086119   0.480218  -0.185810  -0.098491   0.031054  -0.001649  -0.010558  -0.003233  -0.010485  -0.025897  -0.017132 
  0.133231   0.159674   0.475266  -0.195264  -0.102617   0.041138  -0.000542   0.073555  -0.004952  -0.009454  -0.004126   0.010084 
  0.136868   0.143494   0.465419  -0.195264  -0.088293   0.036211   0.003637  -0.016180  -0.009847   0.000000   0.014324  -0.004927 
  0.137441   0.121923   0.494017  -0.196410  -0.079813   0.034148   0.000573  -0.021571   0.028598  -0.001146   0.008480  -0.002063 
  0.138358   0.078450   0.528039  -0.201337  -0.100038   0.031226   0.000917  -0.043473   0.034022  -0.004927  -0.020225  -0.002922 
  0.129734   0.095036   0.465309  -0.178763  -0.100382   0.029679  -0.008624   0.016586  -0.062730   0.022574  -0.000344  -0.001547 
  0.135711   0.176817   0.481276  -0.199504  -0.086517   0.045837   0.005977   0.081781   0.015967  -0.020741   0.013865   0.016158 
  0.139828   0.129620   0.530712  -0.219500  -0.088178   0.046753   0.004117  -0.047197   0.049436  -0.019996  -0.001661   0.000916 
  0.144736   0.044483   0.584663  -0.238465  -0.108747   0.020054   0.004908  -0.085137   0.053951  -0.018965  -0.020569  -0.026699 
  0.138172   0.102221   0.523267  -0.212338  -0.110180   0.047384  -0.006564   0.057738  -0.061396   0.026127  -0.001433   0.027330 
  0.143440   0.165807   0.496109  -0.207984  -0.100210   0.055520   0.005268   0.063586  -0.027158   0.004354   0.009970   0.008136 
  0.143454   0.134928   0.508728  -0.200822  -0.086230   0.053915   0.000014  -0.030879   0.012619   0.007162   0.013980  -0.001605 
  0.134843   0.061553   0.493783  -0.219672  -0.099465   0.045206  -0.008611  -0.073375  -0.014945  -0.018850  -0.013235  -0.008709 
  0.131493   0.051392   0.479605  -0.282927  -0.062338   0.041998  -0.003350  -0.010161  -0.014178  -0.063255   0.037127  -0.003208 
  0.119778   0.144401   0.399623  -0.190910  -0.065374   0.061937  -0.011715   0.093009  -0.079982   0.092017  -0.003036   0.019939 
  0.132975   0.152250   0.448215  -0.186440  -0.071276   0.062682   0.013197   0.007849   0.048592   0.004470  -0.005902   0.000745 
  0.133951   0.128423   0.462472  -0.159626  -0.057640   0.044748   0.000976  -0.023827   0.014257   0.026814   0.013636  -0.017934 
  0.139852   0.073512   0.479501  -0.134530  -0.080099   0.055520   0.005901  -0.054911   0.017029   0.025096  -0.022459   0.010772 
  0.133948   0.107214   0.420024  -0.140833  -0.071620   0.048014  -0.005904   0.033702  -0.059477  -0.006303   0.008479  -0.007506 
  0.135768   0.161942   0.418058  -0.134702  -0.052999   0.062166   0.001820   0.054728  -0.001966   0.006131   0.018621   0.014152 
  0.134526   0.126616   0.451327  -0.149313  -0.045951   0.054717  -0.001242  -0.035326   0.033269  -0.014611   0.007048  -0.007449 
  0.135438   0.080009   0.490161  -0.141922  -0.052884   0.048014   0.000912  -0.046607   0.038834   0.007391  -0.006933  -0.006703 
  0.137298   0.073545   0.487098  -0.136650  -0.082449   0.041081   0.001860  -0.006464  -0.003063   0.005272  -0.029565  -0.006933 
  0.134137   0.140779   0.480184  -0.169252  -0.106341   0.059244  -0.003161   0.067234  -0.006914  -0.032602  -0.023892   0.018163 
  0.122668   0.146644   0.435418  -0.157678  -0.115795   0.075630  -0.011469   0.005865  -0.044766   0.011574  -0.009454   0.016386 
  0.135635   0.060658   0.514226  -0.137453  -0.105482   0.053514   0.012967  -0.085986   0.078808   0.020225   0.010313  -0.022116 
  0.136418   0.057764   0.496550  -0.125879  -0.141349   0.058327   0.000783  -0.002894  -0.017676   0.011574  -0.035867   0.004813 
  0.124292   0.161757   0.472384  -0.142953  -0.099981   0.052139  -0.012126   0.103993  -0.024166  -0.017074   0.041368  -0.006188 
  0.128471   0.149241   0.493133  -0.162434  -0.107487   0.042284   0.004179  -0.012516   0.020749  -0.019481  -0.007506  -0.009855 
  0.131450   0.090692   0.507166  -0.132468  -0.106341   0.031054   0.002979  -0.058549   0.014033   0.029966   0.001146  -0.011230 
  0.128659   0.068915   0.496730  -0.127884  -0.116139   0.032830  -0.002791  -0.021777  -0.010436   0.004584  -0.009798   0.001776 
  0.126192   0.141380   0.444161  -0.132812  -0.119118   0.049332  -0.002467   0.072465  -0.052569  -0.004928  -0.002979   0.016502 
  0.132448   0.171834   0.466926  -0.143297  -0.109320   0.030711   0.006256   0.030454   0.022765  -0.010485   0.009798  -0.018621 
  0.125856   0.106342   0.461978  -0.136937  -0.106054   0.036497  -0.006592  -0.065492  -0.004948   0.006360   0.003266   0.005786 
  0.132403   0.174836   0.352327   0.005500  -0.149599   0.015298   0.006547   0.068494  -0.109651   0.142437  -0.043545  -0.021199 
  0.124573   0.510324   0.303287  -0.277025  -0.083079   0.052483  -0.007830   0.335488  -0.049040  -0.282525   0.066520   0.037185 
  0.142795   0.373990   0.273897  -0.262644  -0.111154   0.037529   0.018222  -0.136334  -0.029390   0.014381  -0.028075  -0.014954 
  0.123543   0.080278   0.156602   0.169023  -0.130233  -0.062109  -0.019252  -0.293712  -0.117295   0.431667  -0.019079  -0.099638 
  0.156364   0.140019   0.391135  -0.081417  -0.142781   0.004985   0.032821   0.059741   0.234533  -0.250440  -0.012548   0.067094 
  0.174524   0.088030   0.476317  -0.117743  -0.208729   0.037758   0.018160  -0.051989   0.085182  -0.036326  -0.065948   0.032773 
  0.318427   0.127650   0.551348  -0.031742  -0.052827   0.426281   0.143903   0.039620   0.075031   0.086001   0.155902   0.388523 
  0.299344   0.193101   0.506319  -0.016845  -0.017704   0.409722  -0.019083   0.065451  -0.045029   0.014897   0.035123  -0.016559 
  0.349096   0.256223   0.426331  -0.020970  -0.103705   0.517094   0.049752   0.063122  -0.079988  -0.004125  -0.086001   0.107372 
  0.396132   0.036400   0.434819   0.043373  -0.073167   0.556457   0.047036  -0.219823   0.008488   0.064343   0.030538   0.039363 
  0.194423   0.057094   0.310534   0.092304  -0.166387   0.263675  -0.201709   0.020694  -0.124285   0.048931  -0.093220  -0.292782 
  0.413808   0.054969   0.369619   0.153209   0.024465   0.570150   0.219385  -0.002125   0.059085   0.060905   0.190852   0.306475 
  0.911067   0.061058   0.320598   0.251815   0.494291   1.247558   0.497259   0.006089  -0.049021   0.098606   0.469826   0.677408 
  0.730785   0.140611   0.355687   0.246945   0.485696   1.197023  -0.180282   0.079553   0.035089  -0.004870  -0.008595  -0.050535 
  0.067536   0.119733   0.441316   0.034263  -0.179336   0.084397  -0.663249  -0.020878   0.085629  -0.212682  -0.665032  -1.112626 
  0.291961   0.106975   0.421865   0.079698  -0.083308   0.385830   0.224425  -0.012758  -0.019451   0.045435   0.096028   0.301433 
  0.428505   0.222706   0.321408   0.043717   0.257258   0.877141   0.136544   0.115731  -0.100457  -0.035981   0.340566   0.491311 
  0.248357   0.149219   0.392853   0.003724   0.071562   0.385830  -0.180148  -0.073487   0.071445  -0.039993  -0.185696  -0.491311 
  0.282475  -0.024314   0.658150  -0.060046   0.095913   0.421525   0.034118  -0.173533   0.265297  -0.063770   0.024351   0.035695 
  0.306181   0.075773   0.624544  -0.022403   0.042227   0.432812   0.023706   0.100087  -0.033606   0.037643  -0.053686   0.011287 
  0.286489   0.184066   0.536546   0.028762   0.055749   0.389611  -0.019692   0.108293  -0.087998   0.051165   0.013522  -0.043201 
  0.258157   0.167101   0.547930   0.021429   0.082334   0.332316  -0.028332  -0.016965   0.011384  -0.007333   0.026585  -0.057295 
  0.249716   0.115249   0.488131   0.091845   0.059187   0.315299  -0.008441  -0.051852  -0.059799   0.070416  -0.023147  -0.017017 
  0.267631   0.103145   0.524599   0.119691   0.069271   0.333404   0.017915  -0.012104   0.036468   0.027846   0.010084   0.018105 
  0.252643   0.151619   0.542598   0.110982   0.087319   0.303668  -0.014988   0.048474   0.017999  -0.008709   0.018048  -0.029736 
  0.254384   0.178977   0.631904   0.175096   0.136937   0.313752   0.001741   0.027358   0.089306   0.064114   0.049618   0.010084 
  0.259407   0.094113   0.715783   0.253992   0.126681   0.309684   0.005023  -0.084864   0.083879   0.078896  -0.010256  -0.004068 
  0.264194   0.090482   0.731473   0.268889   0.135103   0.295646   0.004787  -0.003631   0.015690   0.014897   0.008422  -0.014038 
  0.204892   0.189768   0.328728   0.075057   0.042628   0.289344  -0.059302   0.099286  -0.402745  -0.193832  -0.092475  -0.006302 
  0.168213   0.323592   0.220608   0.088866   0.057410   0.235428  -0.036679   0.133824  -0.108120   0.013809   0.014782  -0.053916 
  0.181450   0.191671   0.405318   0.051795   0.069041   0.240642   0.013237  -0.131921   0.184710  -0.037071   0.011631   0.005214 
  0.196265   0.004990   0.509827   0.038617   0.096830   0.219156   0.014815  -0.186681   0.104509  -0.013178   0.027789  -0.021486 
  0.110542   0.253793   0.019673  -0.097976   0.026929   0.258748  -0.085723   0.248803  -0.490154  -0.136593  -0.069901   0.039592 
  0.168262   0.193565   0.260185  -0.053113   0.028190   0.299943   0.057720  -0.060228   0.240512   0.044863   0.001261   0.041195 
  0.232441   0.101190   0.668518  -0.050993   0.027502   0.296735   0.064179  -0.092375   0.408333   0.002120  -0.000688  -0.003208 
  0.050397   0.191744  -0.278158  -0.185065   0.056207   0.282697  -0.182044   0.090554  -0.946676  -0.134072   0.028705  -0.014038 
  0.236253  -0.082323   0.536069  -0.086173   0.016673   0.271697   0.185856  -0.274067   0.814227   0.098892  -0.039534  -0.011000 
  0.359400   0.014366   1.395472  -0.274103  -0.052540   0.408519   0.123147   0.096689   0.859403  -0.187930  -0.069213   0.136822 
  0.383956   0.251473   1.862721  -0.288599  -0.074828   0.412243   0.024556   0.237107   0.467249  -0.014496  -0.022288   0.003724 
  0.165512   0.663931   0.187646  -0.190394   0.002177   0.380730  -0.218444   0.412458  -1.675075   0.098205   0.077005  -0.031513 
  0.111382   0.273258   0.089832  -0.062968   0.073682   0.164668  -0.054130  -0.390673  -0.097814   0.127426   0.071505  -0.216062 
  0.128351   0.187885   0.191613  -0.083766   0.019710   0.178075   0.016969  -0.085373   0.101781  -0.020798  -0.053972   0.013407 
  0.137166   0.103761   0.283265  -0.070646   0.007907   0.174580   0.008815  -0.084124   0.091652   0.013120  -0.011803  -0.003495 
  0.141557   0.156295   0.318722  -0.086574  -0.006360   0.187357   0.004391   0.052534   0.035457  -0.015928  -0.014267   0.012777 
  0.141190   0.226868   0.298492  -0.073797   0.021830   0.177330  -0.000367   0.070573  -0.020230   0.012777   0.028190  -0.010027 
  0.131894   0.204129   0.290355  -0.062624   0.031341   0.151032  -0.009296  -0.022739  -0.008137   0.011173   0.009511  -0.026298 
  0.125999   0.147540   0.293652  -0.068468   0.021486   0.163293  -0.005895  -0.056589   0.003297  -0.005844  -0.009855   0.012261 
  0.104250   0.090960   0.137716  -0.051795   0.015355   0.173377  -0.021749  -0.056580  -0.155936   0.016673  -0.006131   0.010084 
  0.073773   0.153843  -0.033775  -0.088522   0.051394   0.182945  -0.030477   0.062883  -0.171491  -0.036727   0.036039   0.009568 
  0.092603   0.223864   0.083335  -0.015241   0.065947   0.163694   0.018830   0.070021   0.117110   0.073281   0.014553  -0.019251 
  0.121203   0.266606   0.290608  -0.017934   0.030539   0.163408   0.028600   0.042742   0.207273  -0.002693  -0.035408  -0.000286 
  0.138808   0.180677   0.355472  -0.013063   0.030940   0.152579   0.017605  -0.085929   0.064864   0.004871   0.000401  -0.010829 
  0.145006   0.195312   0.384178  -0.041253   0.052426   0.155443   0.006198   0.014635   0.028706  -0.028190   0.021486   0.002864 
  0.134766   0.127472   0.379696  -0.119576   0.055691   0.161746  -0.010240  -0.067840  -0.004482  -0.078323   0.003265   0.006303 
  0.145426   0.074211   0.332636  -0.076547   0.035237   0.155959   0.010660  -0.053261  -0.047060   0.043029  -0.020454  -0.005787 
  0.129466   0.068978   0.261823  -0.015642   0.014553   0.155272  -0.015960  -0.005233  -0.070813   0.060905  -0.020684  -0.000687 
  0.110987   0.202076   0.138980   0.026700  -0.007334   0.162434  -0.018479   0.133098  -0.122843   0.042342  -0.021887   0.007162 
  0.119414   0.144884   0.167323  -0.000688  -0.026757   0.196525   0.008427  -0.057192   0.028343  -0.027388  -0.019423   0.034091 
  0.106645   0.217318   0.149807  -0.113331  -0.003151   0.177388  -0.012769   0.072434  -0.017516  -0.112643   0.023606  -0.019137 
  0.113534   0.245591   0.180514  -0.053400   0.017074   0.156761   0.006889   0.028273   0.030707   0.059931   0.020225  -0.020627 
  0.125238   0.185898   0.231748  -0.057697   0.011631   0.166559   0.011704  -0.059693   0.051234  -0.004297  -0.005443   0.009798 
  0.132609   0.156042   0.257118  -0.074886   0.008938   0.173262   0.007371  -0.029856   0.025370  -0.017189  -0.002693   0.006703 
  0.141644   0.157833   0.306468  -0.122269   0.026872   0.182143   0.009035   0.001791   0.049350  -0.047383   0.017934   0.008881 
  0.137292   0.142269   0.275980  -0.069958   0.014897   0.161861  -0.004352  -0.015564  -0.030488   0.052311  -0.011975  -0.020282 
  0.122415   0.113444   0.294286  -0.085313   0.017819   0.161689  -0.014877  -0.028825   0.018306  -0.015355   0.002922  -0.000172 
  0.119123   0.104642   0.270193  -0.088350  -0.005500   0.154298  -0.003292  -0.008802  -0.024093  -0.003037  -0.023319  -0.007391 
  0.113362   0.203763   0.243967  -0.066864   0.000688   0.161116  -0.005761   0.099121  -0.026226   0.021486   0.006188   0.006818 
  0.124173   0.191924   0.273006  -0.069958   0.005214   0.144385   0.010811  -0.011839   0.029039  -0.003094   0.004526  -0.016731 
  0.133098   0.154258   0.303000  -0.060161   0.000802   0.169252   0.008925  -0.037666   0.029994   0.009797  -0.004412   0.024867 
  0.127524   0.147658   0.282911  -0.052196  -0.003266   0.137510  -0.005574  -0.006600  -0.020089   0.007965  -0.004068  -0.031742 
  0.122101   0.104095   0.300778  -0.075401   0.006245   0.151891  -0.005423  -0.043563   0.017867  -0.023205   0.009511   0.014381 
  0.118432   0.124831   0.253436  -0.040050   0.006360   0.173262  -0.003669   0.020736  -0.047342   0.035351   0.000115   0.021371 
  0.114891   0.243447   0.269260  -0.034836   0.021601   0.156589  -0.003541   0.118616   0.015824   0.005214   0.015241  -0.016673 
  0.116741   0.170556   0.286264  -0.038789   0.027559   0.145016   0.001850  -0.072891   0.017004  -0.003953   0.005958  -0.011573 
  0.119075   0.125950   0.286162  -0.033747   0.021944   0.165585   0.002334  -0.044606  -0.000102   0.005042  -0.005615   0.020569 
  0.123335   0.094983   0.325739  -0.032429   0.017647   0.159225   0.004260  -0.030967   0.039577   0.001318  -0.004297  -0.006360 
  0.119505   0.183743   0.267268  -0.038904   0.018392   0.163981  -0.003830   0.088760  -0.058471  -0.006475   0.000745   0.004756 
  0.123380   0.195747   0.263734  -0.025726   0.016501   0.166845   0.003875   0.012004  -0.003534   0.013178  -0.001891   0.002864 
  0.123112   0.140398   0.270848  -0.027273   0.004125   0.153667  -0.000268  -0.055349   0.007114  -0.001547  -0.012376  -0.013178 
  0.118937   0.103756   0.262961  -0.029278  -0.005558   0.153438  -0.004175  -0.036642  -0.007887  -0.002005  -0.009683  -0.000229 
  0.118498   0.166527   0.224054  -0.028877  -0.015011   0.153667  -0.000439   0.062771  -0.038907   0.000401  -0.009453   0.000229 
  0.122486   0.214520   0.227209  -0.035523  -0.004870   0.145188   0.003988   0.047993   0.003155  -0.006646   0.010141  -0.008479 
  0.119033   0.142489   0.252728  -0.038445  -0.001031   0.150401  -0.003453  -0.072031   0.025519  -0.002922   0.003839   0.005213 
  0.141685   0.100356   0.243765  -0.031799  -0.019767   0.158938   0.022652  -0.042133  -0.008963   0.006646  -0.018736   0.008537 
  0.337426   0.154063   0.102519   0.047326  -0.048988   0.279890   0.195741   0.053707  -0.141246   0.079125  -0.029221   0.120952 
  0.295848   0.202187   0.179524  -0.042227  -0.020225   0.274905  -0.041578   0.048124   0.077005  -0.089553   0.028763  -0.004985 
  0.167123   0.215505   0.198273  -0.003094  -0.100268   0.132296  -0.128725   0.013318   0.018749   0.039133  -0.080043  -0.142609 
  0.119551   0.133053   0.304459   0.013006  -0.157907   0.098606  -0.047572  -0.082452   0.106186   0.016100  -0.057639  -0.033690 
  0.170285   0.097390   0.375092  -0.094309   0.084855   0.257716   0.050734  -0.035663   0.070633  -0.107315   0.242762   0.159110 
  0.179556   0.240626   0.232515  -0.090413  -0.030138   0.209874   0.009271   0.143236  -0.142577   0.003896  -0.114993  -0.047842 
  0.173014   0.197289   0.259226  -0.065432  -0.012147   0.187071  -0.006542  -0.043337   0.026711   0.024981   0.017991  -0.022803 
  0.147688   0.163406   0.248373  -0.064859   0.002807   0.169023  -0.025326  -0.033883  -0.010853   0.000573   0.014954  -0.018048 
  0.153308   0.116850   0.263516  -0.074198  -0.003037   0.165126   0.005620  -0.046556   0.015143  -0.009339  -0.005844  -0.003897 
  0.121437   0.155181   0.222189  -0.080443  -0.005500   0.165126  -0.031871   0.038331  -0.041327  -0.006245  -0.002463   0.000000 
  0.128479   0.215808   0.242127  -0.076547   0.016960   0.165871   0.007042   0.060627   0.019938   0.003896   0.022460   0.000745 
  0.126180   0.208025   0.272526  -0.073682   0.019538   0.161918  -0.002299  -0.007783   0.030399   0.002865   0.002578  -0.003953 
  0.130096   0.170806   0.277977  -0.076031  -0.003552   0.155329   0.003916  -0.037219   0.005451  -0.002349  -0.023090  -0.006589 
  0.138820   0.124030   0.292237  -0.092762  -0.018965   0.161918   0.008724  -0.046776   0.014260  -0.016731  -0.015413   0.006589 
  0.133212   0.165565   0.254416  -0.098950  -0.014553   0.167132  -0.005608   0.041535  -0.037821  -0.006188   0.004412   0.005214 
  0.132278   0.229155   0.246507  -0.087204  -0.017647   0.163293  -0.000934   0.063590  -0.007909   0.011746  -0.003094  -0.003839 
  0.134857   0.193223   0.253536  -0.092418  -0.006761   0.167705   0.002579  -0.035932   0.007029  -0.005214   0.010886   0.004412 
  0.136873   0.124355   0.295955  -0.095569  -0.021085   0.157220   0.002016  -0.068868   0.042419  -0.003151  -0.014324  -0.010485 
  0.135065   0.164556   0.277588  -0.109435  -0.034607   0.157850  -0.001808   0.040201  -0.018367  -0.013866  -0.013522   0.000630 
  0.139356   0.203534   0.287506  -0.109951  -0.026528   0.157506   0.004291   0.038978   0.009918  -0.000516   0.008079  -0.000344 
  0.145064   0.191096   0.305977  -0.112414  -0.026528   0.161975   0.005708  -0.012438   0.018471  -0.002463   0.000000   0.004469 
  0.145451   0.124757   0.343446  -0.130233  -0.052827   0.144729   0.000387  -0.066339   0.037469  -0.017819  -0.026299  -0.017246 
  0.143701   0.140328   0.322538  -0.145818  -0.052311   0.153037  -0.001750   0.015571  -0.020908  -0.015585   0.000516   0.008308 
  0.147941   0.217062   0.335149  -0.164611  -0.050248   0.159282   0.004240   0.076734   0.012611  -0.018793   0.002063   0.006245 
  0.153281   0.174673   0.345722  -0.156360  -0.043774   0.149084   0.005340  -0.042389   0.010573   0.008251   0.006474  -0.010198 
  0.154487   0.112121   0.388559  -0.161001  -0.071276   0.139458   0.001206  -0.062552   0.042837  -0.004641  -0.027502  -0.009626 
  0.146791   0.159424   0.352214  -0.176872  -0.063942   0.144786  -0.007696   0.047303  -0.036345  -0.015871   0.007334   0.005328 
  0.181155   0.300775   0.310561   0.055176  -0.083537   0.147422   0.034364   0.141351  -0.041653   0.232048  -0.019595   0.002636 
  0.143054   0.334271   0.207935   0.255138  -0.095569   0.131780  -0.038101   0.033496  -0.102626   0.199962  -0.012032  -0.015642 
  0.136149   0.230288   0.270223   0.068010  -0.082105   0.144328  -0.006905  -0.103983   0.062288  -0.187128   0.013464   0.012548 
  0.129456   0.201739   0.241865   0.020168  -0.085485   0.135275  -0.006693  -0.028549  -0.028358  -0.047842  -0.003380  -0.009053 
  0.136454   0.289069   0.254964   0.007334  -0.079240   0.139687   0.006998   0.087330   0.013099  -0.012834   0.006245   0.004412 
  0.174117   0.234551   0.293336  -0.035351  -0.079527   0.151433   0.037663  -0.054518   0.038372  -0.042685  -0.000287   0.011746 
  0.316015   0.168244   0.339458  -0.086689  -0.092876   0.232735   0.141898  -0.066307   0.046122  -0.051338  -0.013349   0.081302 
  0.403313   0.131863   0.359248  -0.146448  -0.148683   0.228037   0.087298  -0.036381   0.019790  -0.059759  -0.055807  -0.004698 
  0.427540   0.242884   0.444484  -0.315872  -0.133385   0.211250   0.024227   0.111021   0.085236  -0.169424   0.015298  -0.016787 
  0.324589   0.144377   0.365449  -0.045722  -0.162147   0.127197  -0.102951  -0.098507  -0.079035   0.270150  -0.028762  -0.084053 
  0.214590   0.145998   0.427178  -0.086230  -0.102731   0.150860  -0.109999   0.001621   0.061729  -0.040508   0.059416   0.023663 
  0.187765   0.111429   0.398102  -0.060447  -0.135848   0.150860  -0.026825  -0.034569  -0.029076   0.025783  -0.033117   0.000000 
  0.168147   0.172884   0.325363  -0.048071  -0.123530   0.174236  -0.019618   0.061455  -0.072739   0.012376   0.012318   0.023376 
  0.071656   0.314562  -0.007405  -0.237548  -0.034549   0.205692  -0.096491   0.141678  -0.332768  -0.189477   0.088981   0.031456 
  0.062846   0.407832  -0.121018  -0.192514  -0.018048   0.205635  -0.008810   0.093270  -0.113613   0.045034   0.016501  -0.000057 
  0.012892   0.314555  -0.461183  -0.401128   0.018564   0.205692  -0.049954  -0.093277  -0.340165  -0.208614   0.036612   0.000057 
  0.077734   0.081516   0.005211  -0.155042   0.039591   0.160199   0.064842  -0.233039   0.466394   0.246086   0.021027  -0.045493 
  0.133316   0.219883   0.310774  -0.258633   0.037586   0.166215   0.055582   0.138367   0.305563  -0.103591  -0.002005   0.006016 
  0.155822   0.208582   0.408574  -0.199217   0.021142   0.141005   0.022506  -0.011301   0.097800   0.059416  -0.016444  -0.025210 
  0.096143   0.198699   0.125360  -0.165298   0.040852   0.121925  -0.059679  -0.009883  -0.283214   0.033919   0.019710  -0.019080 
  0.110706   0.099241   0.316861  -0.096601  -0.059989   0.159282   0.014563  -0.099458   0.191501   0.068697  -0.100841   0.037357 
  0.153322   0.190902   0.352315  -0.066005  -0.098893   0.203572   0.042616   0.091661   0.035454   0.030596  -0.038904   0.044290 
  0.302767   0.194291   0.279112  -0.030080  -0.065890   0.234225   0.149445   0.003389  -0.073203   0.035925   0.033003   0.030653 
  0.297777   0.243599   0.327995  -0.047555  -0.040394   0.210390  -0.004990   0.049308   0.048883  -0.017475   0.025496  -0.023835 
  0.163492   0.140609   0.348704  -0.075745  -0.047785   0.161803  -0.134285  -0.102990   0.020709  -0.028190  -0.007391  -0.048587 
  0.144035   0.128075   0.395743  -0.091673  -0.053686   0.160715  -0.019457  -0.012534   0.047039  -0.015928  -0.005901  -0.001088 
  0.151060   0.224362   0.396145  -0.095913  -0.061020   0.162720   0.007025   0.096287   0.000402  -0.004240  -0.007334   0.002005 
  0.148935   0.228356   0.405786  -0.070818  -0.053457   0.158709  -0.002125   0.003994   0.009641   0.025095   0.007563  -0.004011 
  0.182028   0.154382   0.549055  -0.103935  -0.007620   0.117227   0.033093  -0.073974   0.143269  -0.033117   0.045837  -0.041482 
  0.197953   0.047249   0.741507  -0.143010  -0.014725   0.120837   0.015925  -0.107133   0.192452  -0.039075  -0.007105   0.003610 
  0.233573   0.038243   0.802590  -0.173320  -0.000573   0.125707   0.035620  -0.009006   0.061083  -0.030310   0.014152   0.004870 
  0.255110   0.065526   1.075241  -0.055921   0.011516   0.086345   0.021537   0.027283   0.272651   0.117399   0.012089  -0.039362 
  0.287214  -0.005828   1.312859   0.057009  -0.006818   0.092533   0.032104  -0.071354   0.237618   0.112930  -0.018334   0.006188 
  0.246607   0.066011   1.028971  -0.034320  -0.006818   0.132067  -0.040607   0.071839  -0.283888  -0.091329   0.000000   0.039534 
  0.149900   0.252581   0.521151  -0.175153  -0.034263   0.118946  -0.096707   0.186570  -0.507820  -0.140833  -0.027445  -0.013121 
  0.157562   0.121163   0.536597  -0.111154  -0.063541   0.107601   0.007662  -0.131418   0.015446   0.063999  -0.029278  -0.011345 
  0.156812   0.078262   0.567469  -0.092361  -0.072823   0.104794  -0.000750  -0.042901   0.030872   0.018793  -0.009282  -0.002807 
  0.155639   0.133636   0.542820  -0.108060  -0.076261   0.126165  -0.001173   0.055374  -0.024649  -0.015699  -0.003438   0.021371 
  0.166909   0.172533   0.587472  -0.117227  -0.080443   0.120665   0.011270   0.038897   0.044652  -0.009167  -0.004182  -0.005500 
  0.174354   0.145054   0.604224  -0.135218  -0.110180   0.115680   0.007445  -0.027479   0.016752  -0.017991  -0.029737  -0.004985 
  0.172686   0.130733   0.604875  -0.132754  -0.104164   0.118602  -0.001668  -0.014321   0.000651   0.002464   0.006016   0.002922 
  0.163027   0.133894   0.530704  -0.126337  -0.081646   0.132181  -0.009659   0.003161  -0.074171   0.006417   0.022518   0.013579 
  0.094214   0.061132   0.348420   0.058155  -0.050363   0.123186  -0.068813  -0.072762  -0.182284   0.184492   0.031283  -0.008995 
  0.167256   0.122259   0.627441  -0.073224   0.004584   0.135791   0.073042   0.061127   0.279021  -0.131379   0.054947   0.012605 
  0.219503   0.202702   0.692174  -0.070531  -0.069614   0.177732   0.052247   0.080443   0.064733   0.002693  -0.074198   0.041941 
  0.150351   0.141795   0.648883  -0.047555   0.030080   0.196754  -0.069152  -0.060907  -0.043291   0.022976   0.099694   0.019022 
  0.120317   0.127156   0.588381  -0.051623   0.055978   0.182258  -0.030034  -0.014639  -0.060502  -0.004068   0.025898  -0.014496 
  0.124745   0.070970   0.653395  -0.100325   0.051051   0.159626   0.004428  -0.056186   0.065014  -0.048702  -0.004927  -0.022632 
  0.133273   0.201472   0.648163  -0.122899   0.007735   0.178476   0.008528   0.130502  -0.005232  -0.022574  -0.043316   0.018850 
  0.137192   0.156836   0.690140  -0.140776   0.004068   0.170111   0.003919  -0.044636   0.041977  -0.017877  -0.003667  -0.008365 
  0.142975   0.133804   0.732478  -0.166043   0.002349   0.161001   0.005783  -0.023032   0.042338  -0.025267  -0.001719  -0.009110 
  0.143258   0.088699   0.775237  -0.198874  -0.021028   0.154183   0.000283  -0.045105   0.042759  -0.032831  -0.023377  -0.006818 
  0.138394   0.065659   0.781230  -0.215146  -0.046639   0.149599  -0.004864  -0.023040   0.005993  -0.016272  -0.025611  -0.004584 
  0.140534   0.146616   0.698577  -0.196295  -0.039706   0.149370   0.002140   0.080957  -0.082653   0.018851   0.006933  -0.000229 
  0.145554   0.180803   0.747749  -0.205463  -0.019652   0.142781   0.005020   0.034187   0.049172  -0.009168   0.020054  -0.006589 
  0.153369   0.134000   0.703938  -0.173893  -0.050936   0.141005   0.007815  -0.046803  -0.043811   0.031570  -0.031284  -0.001776 
  0.151490   0.111169   0.735882  -0.193717  -0.050879   0.145417  -0.001879  -0.022831   0.031944  -0.019824   0.000057   0.004412 
  0.152844   0.095595   0.787449  -0.222823  -0.078381   0.143583   0.001354  -0.015574   0.051567  -0.029106  -0.027502  -0.001834 
  0.141712   0.149460   0.740574  -0.223797  -0.028361   0.151375  -0.011132   0.053865  -0.046875  -0.000974   0.050020   0.007792 
  0.143251   0.155872   0.745514  -0.210447  -0.042284   0.146047   0.001539   0.006412   0.004940   0.013350  -0.013923  -0.005328 
  0.143035   0.121829   0.738645  -0.193029  -0.040737   0.145474  -0.000216  -0.034043  -0.006869   0.017418   0.001547  -0.000573 
  0.146446   0.086596   0.724593  -0.186956  -0.058499   0.141120   0.003411  -0.035233  -0.014052   0.006073  -0.017762  -0.004354 
  0.144085   0.141242   0.692525  -0.196926  -0.057067   0.146162  -0.002361   0.054646  -0.032068  -0.009970   0.001432   0.005042 
  0.157967   0.174927   0.729846  -0.229756  -0.062853   0.162949   0.013882   0.033685   0.037321  -0.032830  -0.005786   0.016787 
  0.165943   0.141804   0.759780  -0.229813  -0.075688   0.158652   0.007976  -0.033123   0.029934  -0.000057  -0.012835  -0.004297 
  0.167568   0.100757   0.761703  -0.208213  -0.068125   0.147880   0.001625  -0.041047   0.001923   0.021600   0.007563  -0.010772 
  0.165996   0.094093   0.712063  -0.163751  -0.075516   0.142781  -0.001572  -0.006664  -0.049640   0.044462  -0.007391  -0.005099 
  0.167058   0.157986   0.712412  -0.216578  -0.064859   0.170226   0.001062   0.063893   0.000349  -0.052827   0.010657   0.027445 
  0.161495   0.164202   0.732621  -0.221448  -0.053400   0.170283  -0.005563   0.006216   0.020209  -0.004870   0.011459   0.000057 
  0.160197   0.138779   0.756227  -0.235314  -0.049389   0.155673  -0.001298  -0.025423   0.023606  -0.013866   0.004011  -0.014610 
  0.200871   0.120312   0.770212  -0.241788  -0.052999   0.167132   0.040674  -0.018467   0.013985  -0.006474  -0.003610   0.011459 
  0.212444   0.074439   0.780924  -0.316158  -0.060734   0.182544   0.011573  -0.045873   0.010712  -0.074370  -0.007735   0.015412 
  0.147379   0.189290   0.610012  -0.184263  -0.095799   0.142437  -0.065065   0.114851  -0.170912   0.131895  -0.035065  -0.040107 
  0.145374   0.192041   0.643786  -0.233939  -0.103132   0.125478  -0.002005   0.002751   0.033774  -0.049676  -0.007333  -0.016959 
  0.142881   0.158340   0.637289  -0.190394  -0.089381   0.125134  -0.002493  -0.033701  -0.006497   0.043545   0.013751  -0.000344 
  0.166798   0.152320   0.756020  -0.345780  -0.066864   0.137968   0.023917  -0.006020   0.118731  -0.155386   0.022517   0.012834 
  0.166592   0.125243   0.781798  -0.496984   0.031283   0.170226  -0.000206  -0.027077   0.025778  -0.151204   0.098147   0.032258 
  0.151279   0.170491   0.742837  -0.429145  -0.002005   0.148224  -0.015313   0.045248  -0.038961   0.067839  -0.033288  -0.022002 
  0.158843   0.081019   0.804039  -0.485639  -0.018449   0.149657   0.007564  -0.089472   0.061202  -0.056494  -0.016444   0.001433 
  0.158915   0.007181   0.949455  -0.741121   0.007219   0.185237   0.000072  -0.073838   0.145416  -0.255482   0.025668   0.035580 
  0.133091   0.071882   0.859019  -0.691388   0.007506   0.170111  -0.025824   0.064701  -0.090436   0.049733   0.000287  -0.015126 
  0.178086   0.105171   0.746920  -0.499791  -0.046009   0.122842   0.044995   0.033289  -0.112099   0.191597  -0.053515  -0.047269 
  0.406125   0.096631   0.623557  -0.379986  -0.086459   0.199618   0.228039  -0.008540  -0.123363   0.119805  -0.040450   0.076776 
  0.521548  -0.061243   0.720453  -0.335467  -0.222480   0.307564   0.115423  -0.157874   0.096896   0.044519  -0.136021   0.107946 
  0.733244  -0.769796   1.022249  -0.731724  -0.370818   0.630655   0.211696  -0.708553   0.301796  -0.396257  -0.148338   0.323091 
  0.655368  -0.596734   0.952022  -0.847405  -0.474753   0.571926  -0.077876   0.173062  -0.070227  -0.115681  -0.103935  -0.058729 
  0.325089   0.028999   0.783137  -0.479738  -0.154641   0.266024  -0.330279   0.625733  -0.168885   0.367667   0.320112  -0.305902 
  0.330161  -0.032694   0.781560  -0.472977  -0.038159   0.291807   0.005072  -0.061693  -0.001577   0.006761   0.116482   0.025783 
  0.288244  -0.112891   0.989077  -0.467362  -0.135218   0.271066  -0.041917  -0.080197   0.207517   0.005615  -0.097059  -0.020741 
  0.296720  -0.104405   1.190719  -0.439573  -0.113159   0.232506   0.008476   0.008486   0.201642   0.027789   0.022059  -0.038560 
  0.269276  -0.021133   1.164690  -0.467763  -0.146276   0.220130  -0.027444   0.083272  -0.026029  -0.028190  -0.033117  -0.012376 
  0.210722   0.140747   0.798862  -0.467362  -0.172288   0.258748  -0.058554   0.161880  -0.365828   0.000401  -0.026012   0.038618 
  0.207224   0.091993   0.825255  -0.422270  -0.141922   0.206208  -0.003498  -0.048754   0.026393   0.045092   0.030366  -0.052540 
  0.183927  -0.005455   0.667016  -0.250612  -0.157506   0.142781  -0.023297  -0.097448  -0.158239   0.171658  -0.015584  -0.063427 
  0.181399  -0.126845   0.367245  -0.086860  -0.103820   0.187013  -0.002528  -0.121390  -0.299771   0.163752   0.053686   0.044232 
  0.147559  -0.038145   0.382764  -0.012376  -0.084053   0.112071  -0.033840   0.088700   0.015519   0.074484   0.019767  -0.074942 
  0.148525   0.069309   0.368491  -0.074886  -0.059072   0.151433   0.000966   0.107454  -0.014273  -0.062510   0.024981   0.039362 
  0.151960   0.069439   0.425923  -0.058843  -0.058843   0.113159   0.003435   0.000130   0.057432   0.016043   0.000229  -0.038274 
  0.163528   0.072448   0.456466  -0.091215  -0.081245   0.111326   0.011568   0.003009   0.030543  -0.032372  -0.022402  -0.001833 
  0.165056   0.062263   0.482332  -0.085657  -0.074599   0.097632   0.001528  -0.010185   0.025866   0.005558   0.006646  -0.013694 
  0.180409   0.025519   0.676755  -0.366693  -0.080959   0.170168   0.015353  -0.036744   0.194423  -0.281036  -0.006360   0.072536 
  0.168278   0.068920   0.773031  -0.570265  -0.042112   0.199389  -0.012131   0.043401   0.096276  -0.203572   0.038847   0.029221 
  0.165253   0.034010   0.789785  -0.554623  -0.023606   0.180711  -0.003025  -0.034910   0.016754   0.015642   0.018506  -0.018678 
  0.142704   0.006400   0.628608  -0.324180  -0.042112   0.148683  -0.022549  -0.027610  -0.161177   0.230443  -0.018506  -0.032028 
  0.140724   0.053453   0.567691  -0.142609  -0.108576   0.119462  -0.001980   0.047053  -0.060917   0.181571  -0.066464  -0.029221 
  0.137851   0.043373   0.519723  -0.054030  -0.115165   0.113159  -0.002873  -0.010080  -0.047968   0.088579  -0.006589  -0.006303 
  0.208978   0.124494   0.461976  -0.085428  -0.135906   0.146677   0.071127   0.081121  -0.057747  -0.031398  -0.020741   0.033518 
  0.166609   0.135949   0.499556  -0.127712  -0.090642   0.125134  -0.042369   0.011455   0.037580  -0.042284   0.045264  -0.021543 
  0.183541   0.121437   0.579043  -0.228266  -0.078667   0.145875   0.016932  -0.014512   0.079487  -0.100554   0.011975   0.020741 
  0.192122  -0.011333   0.676614  -0.264134  -0.090699   0.158423   0.008581  -0.132770   0.097571  -0.035868  -0.012032   0.012548 
  0.191608   0.018084   0.743775  -0.299199  -0.145073   0.148740  -0.000514   0.029417   0.067161  -0.035065  -0.054374  -0.009683 
  0.166043   0.121405   0.655133  -0.187013  -0.131608   0.149084  -0.025565   0.103321  -0.088642   0.112186   0.013465   0.000344 
  0.184921   0.140238   0.598272  -0.159454  -0.080271   0.170913   0.018878   0.018833  -0.056861   0.027559   0.051337   0.021829 
  0.185765   0.095231   0.655869  -0.191311  -0.096543   0.158996   0.000844  -0.045007   0.057597  -0.031857  -0.016272  -0.011917 
  0.187057   0.025394   0.726586  -0.234626  -0.131035   0.152980   0.001292  -0.069837   0.070717  -0.043315  -0.034492  -0.006016 
  0.178260   0.125567   0.690101  -0.258576  -0.160772   0.160543  -0.008797   0.100173  -0.036485  -0.023950  -0.029737   0.007563 
  0.186374   0.126367   0.705386  -0.280807  -0.123873   0.155615   0.008114   0.000800   0.015285  -0.022231   0.036899  -0.004928 
  0.190106   0.080875   0.759305  -0.301834  -0.146849   0.146620   0.003732  -0.045492   0.053919  -0.021027  -0.022976  -0.008995 
  0.196280   0.003533   0.777734  -0.315299  -0.176872   0.139859   0.006174  -0.077342   0.018429  -0.013465  -0.030023  -0.006761 
  0.187964   0.092826   0.749752  -0.314783  -0.168965   0.157678  -0.008316   0.089293  -0.027982   0.000516   0.007907   0.017819 
  0.195303   0.133068   0.749865  -0.318622  -0.152808   0.159626   0.007339   0.040242   0.000113  -0.003839   0.016157   0.001948 
  0.256983   0.039245   0.759844  -0.287625  -0.141692   0.187701   0.061680  -0.093823   0.009979   0.030997   0.011116   0.028075 
  0.267557   0.013594   0.695105  -0.189133  -0.151891   0.216693   0.010574  -0.025651  -0.064739   0.098492  -0.010199   0.028992 
  0.224819   0.135195   0.707254  -0.242820  -0.114993   0.193774  -0.042738   0.121601   0.012149  -0.053687   0.036898  -0.022919 
  0.207534   0.110884   0.720026  -0.242418  -0.092991   0.172632  -0.017285  -0.024311   0.012772   0.000402   0.022002  -0.021142 
  0.194270   0.119424   0.685424  -0.241043  -0.104450   0.165012  -0.013264   0.008540  -0.034602   0.001375  -0.011459  -0.007620 
  0.184942   0.065905   0.715755  -0.255024  -0.117915   0.152178  -0.009328  -0.053519   0.030331  -0.013981  -0.013465  -0.012834 
  0.187515   0.072292   0.715991  -0.285849  -0.104106   0.154584   0.002573   0.006387   0.000236  -0.030825   0.013809   0.002406 
  0.191915   0.128833   0.723998  -0.303496  -0.075057   0.165642   0.004400   0.056541   0.008007  -0.017647   0.029049   0.011058 
  0.190247   0.108144   0.729722  -0.298225  -0.057124   0.153896  -0.001668  -0.020689   0.005724   0.005271   0.017933  -0.011746 
  0.196147   0.013234   0.797920  -0.305100  -0.062567   0.136249   0.005900  -0.094910   0.068198  -0.006875  -0.005443  -0.017647 
  0.234706   0.045028   0.766017  -0.342457   0.016558   0.082506   0.038559   0.031794  -0.031903  -0.037357   0.079125  -0.053743 
  0.248640   0.101032   0.788807  -0.313866  -0.009855   0.105768   0.013934   0.056004   0.022790   0.028591  -0.026413   0.023262 
  0.213988   0.122323   0.775115  -0.344004  -0.011058   0.152178  -0.034652   0.021291  -0.013692  -0.030138  -0.001203   0.046410 
  0.213973   0.044311   0.851110  -0.286995   0.018220   0.130233  -0.000015  -0.078012   0.075995   0.057009   0.029278  -0.021945 
  0.219979  -0.017250   0.883513  -0.326128   0.016960   0.116769   0.006006  -0.061561   0.032403  -0.039133  -0.001260  -0.013464 
  0.204826   0.090259   0.822702  -0.315757   0.048472   0.126394  -0.015153   0.107509  -0.060811   0.010371   0.031512   0.009625 
  0.202245   0.096035   0.822517  -0.315814   0.054546   0.113961  -0.002581   0.005776  -0.000185  -0.000057   0.006074  -0.012433 
  0.195831   0.071590   0.846706  -0.287281   0.087491   0.114534  -0.006414  -0.024445   0.024189   0.028533   0.032945   0.000573 
  0.194782   0.070610   0.838869  -0.253763   0.088006   0.106513  -0.001049  -0.000980  -0.007837   0.033518   0.000515  -0.008021 
  0.200025   0.026153   0.942754  -0.260639   0.070703   0.101585   0.005243  -0.044457   0.103885  -0.006876  -0.017303  -0.004928 
  0.200557   0.053491   0.928464  -0.268087   0.090184   0.098033   0.000532   0.027338  -0.014290  -0.007448   0.019481  -0.003552 
  0.196555   0.107714   0.911343  -0.236059   0.087892   0.116310  -0.004002   0.054223  -0.017121   0.032028  -0.002292   0.018277 
  0.193584   0.082681   0.919325  -0.234111   0.097747   0.109206  -0.002971  -0.025033   0.007982   0.001948   0.009855  -0.007104 
  0.197117   0.033604   0.996047  -0.253763   0.075000   0.115451   0.003533  -0.049077   0.076722  -0.019652  -0.022747   0.006245 
  0.270224   0.019410   0.974551  -0.271525   0.038732   0.138312   0.073107  -0.014194  -0.021496  -0.017762  -0.036268   0.022861 
  0.163970   0.208861   0.280968  -0.147365   0.048587   0.165871  -0.106254   0.189451  -0.693583   0.124160   0.009855   0.027559 
  0.118909   0.118673   0.267992  -0.179966   0.048816   0.145302  -0.045061  -0.090188  -0.012976  -0.032601   0.000229  -0.020569 
  0.191931  -0.077863   0.751127  -0.227693  -0.034664   0.158079   0.073022  -0.196536   0.483135  -0.047727  -0.083480   0.012777 
  0.177794   0.052254   0.861868  -0.242820   0.019767   0.177961  -0.014137   0.130117   0.110741  -0.015127   0.054431   0.019882 
  0.189282   0.133892   0.883805  -0.284359  -0.033002   0.174179   0.011488   0.081638   0.021937  -0.041539  -0.052769  -0.003782 
  0.208616   0.099092   0.851013  -0.264649  -0.020340   0.193660   0.019334  -0.034800  -0.032792   0.019710   0.012662   0.019481 
  0.189480   0.066538   0.932721  -0.307621  -0.011975   0.161288  -0.019136  -0.032554   0.081708  -0.042972   0.008365  -0.032372 
  0.194658   0.008114   1.080392  -0.193660  -0.012834   0.160256   0.005178  -0.058424   0.147671   0.113961  -0.000859  -0.001032 
  0.193263   0.107519   1.019904  -0.276796   0.005615   0.165356  -0.001395   0.099405  -0.060488  -0.083136   0.018449   0.005100 
  0.192841   0.121151   1.003888  -0.366292   0.055577   0.165929  -0.000422   0.013632  -0.016016  -0.089496   0.049962   0.000573 
  0.192837   0.012903   1.070690  -0.419921   0.031570   0.154240  -0.000004  -0.108248   0.066802  -0.053629  -0.024007  -0.011689 
  0.190728   0.022356   1.017761  -0.381991   0.000458   0.128916  -0.002109   0.009453  -0.052929   0.037930  -0.031112  -0.025324 
  0.191041   0.120685   0.969571  -0.372996  -0.016157   0.165757   0.000313   0.098329  -0.048190   0.008995  -0.016615   0.036841 
  0.187935   0.058226   0.981172  -0.374485   0.001948   0.154068  -0.003106  -0.062459   0.011601  -0.001489   0.018105  -0.011689 
  0.195202   0.012474   1.097548  -0.452522  -0.016043   0.152521   0.007267  -0.045752   0.116376  -0.078037  -0.017991  -0.001547 
  0.217095  -0.038495   1.173011  -0.421926  -0.010199   0.151375   0.021893  -0.050969   0.075463   0.030596   0.005844  -0.001146 
  0.224363   0.017970   1.224573  -0.392476  -0.009511   0.147479   0.007268   0.056465   0.051562   0.029450   0.000688  -0.003896 
  0.207463   0.069319   1.154714  -0.392476   0.006646   0.160428  -0.016900   0.051349  -0.069859   0.000000   0.016157   0.012949 
  0.243798   0.063471   1.115313  -0.449314   0.033346   0.187873   0.036335  -0.005848  -0.039401  -0.056838   0.026700   0.027445 
  0.378481   0.115474   0.889737  -0.366808   0.092189   0.343087   0.134683   0.052003  -0.225576   0.082506   0.058843   0.155214 
