  0.000000   0.000000   0.000000   0.000000   0.000000   0.000000   0.000000   0.000000   0.000000   0.000000   0.000000   0.000000 
  0.000000   0.012317  -0.013666   0.000000   0.000000   0.000000   0.000000   0.012317  -0.013666   0.000000   0.000000   0.000000 
  0.000000   0.128844   0.041544  -0.026184   0.000000   0.000000   0.000000   0.116527   0.055210  -0.026184   0.000000   0.000000 
 -0.010944   0.186345   0.095816  -0.046180  -0.008193   0.021314  -0.010944   0.057501   0.054272  -0.019996  -0.008193   0.021314 
 -0.018010   0.201052   0.177228  -0.067323  -0.018678   0.021142  -0.007066   0.014707   0.081412  -0.021143  -0.010485  -0.000172 
 -0.024615   0.221609   0.190461  -0.089095  -0.022918   0.024236  -0.006605   0.020557   0.013233  -0.021772  -0.004240   0.003094 
 -0.024642   0.306029   0.214584  -0.115451  -0.025497   0.019652  -0.000027   0.084420   0.024123  -0.026356  -0.002579  -0.004584 
 -0.031490   0.265826   0.235913  -0.137739  -0.030252   0.025611  -0.006848  -0.040203   0.021329  -0.022288  -0.004755   0.005959 
 -0.028618   0.243908   0.265455  -0.199905  -0.031054   0.011574   0.002872  -0.021918   0.029542  -0.062166  -0.000802  -0.014037 
 -0.038721   0.189968   0.270059  -0.166100  -0.047384   0.021429  -0.010103  -0.053940   0.004604   0.033805  -0.016330   0.009855 
 -0.038907   0.223072   0.285102  -0.160543  -0.056608   0.014553  -0.000186   0.033104   0.015043   0.005557  -0.009224  -0.006876 
 -0.038698   0.309613   0.327191  -0.169309  -0.050707   0.014324   0.000209   0.086541   0.042089  -0.008766   0.005901  -0.000229 
 -0.039862   0.264667   0.343475  -0.229470  -0.044748   0.016501  -0.001164  -0.044946   0.016284  -0.060161   0.005959   0.002177 
 -0.049605   0.253084   0.332996  -0.238637  -0.062968   0.028877  -0.009743  -0.011583  -0.010479  -0.009167  -0.018220   0.012376 
 -0.048162   0.216729   0.360139  -0.244252  -0.058556   0.028533   0.001443  -0.036355   0.027143  -0.005615   0.004412  -0.000344 
 -0.056827   0.232930   0.378468  -0.253247  -0.084569   0.036898  -0.008665   0.016201   0.018329  -0.008995  -0.026013   0.008365 
 -0.056764   0.278062   0.410330  -0.309913  -0.085657   0.035523   0.000063   0.045132   0.031862  -0.056666  -0.001088  -0.001375 
 -0.049026   0.257877   0.453701  -0.385830  -0.089324   0.034779   0.007738  -0.020185   0.043371  -0.075917  -0.003667  -0.000744 
 -0.056570   0.232774   0.460669  -0.411727  -0.083022   0.044232  -0.007544  -0.025103   0.006968  -0.025897   0.006302   0.009453 
 -0.045612   0.202824   0.497436  -0.433443  -0.094366   0.046467   0.010958  -0.029950   0.036767  -0.021716  -0.011344   0.002235 
 -0.056918   0.208489   0.500541  -0.437740  -0.126280   0.055233  -0.011306   0.005665   0.003105  -0.004297  -0.031914   0.008766 
 -0.056829   0.280618   0.500829  -0.470914  -0.112013   0.053572   0.000089   0.072129   0.000288  -0.033174   0.014267  -0.001661 
 -0.052120   0.254240   0.535594  -0.500364  -0.111268   0.048128   0.004709  -0.026378   0.034765  -0.029450   0.000745  -0.005444 
 -0.046303   0.222845   0.544795  -0.512625  -0.101986   0.042743   0.005817  -0.031395   0.009201  -0.012261   0.009282  -0.005385 
 -0.056724   0.221977   0.535504  -0.502885  -0.110581   0.053514  -0.010421  -0.000868  -0.009291   0.009740  -0.008595   0.010771 
 -0.050415   0.212202   0.535378  -0.481571  -0.116310   0.050707   0.006309  -0.009775  -0.000126   0.021314  -0.005729  -0.002807 
 -0.056916   0.180191   0.542367  -0.495952  -0.113789   0.047670  -0.006501  -0.032011   0.006989  -0.014381   0.002521  -0.003037 
 -0.056908   0.250163   0.562062  -0.549524  -0.122040   0.054947   0.000008   0.069972   0.019695  -0.053572  -0.008251   0.007277 
 -0.056940   0.228009   0.612082  -0.574619  -0.124045   0.048931  -0.000032  -0.022154   0.050020  -0.025095  -0.002005  -0.006016 
 -0.056869   0.194212   0.646335  -0.634436  -0.129660   0.058270   0.000071  -0.033797   0.034253  -0.059817  -0.005615   0.009339 
 -0.056896   0.175436   0.699121  -0.659875  -0.150917   0.059358  -0.000027  -0.018776   0.052786  -0.025439  -0.021257   0.001088 
 -0.057060   0.176790   0.678078  -0.647901  -0.167762   0.062051  -0.000164   0.001354  -0.021043   0.011974  -0.016845   0.002693 
 -0.044978   0.232948   0.685975  -0.668986  -0.138083   0.073453   0.012082   0.056158   0.007897  -0.021085   0.029679   0.011402 
 -0.040339   0.214781   0.699250  -0.656380  -0.137395   0.067494   0.004639  -0.018167   0.013275   0.012606   0.000688  -0.005959 
 -0.048573   0.189702   0.700513  -0.671965  -0.138197   0.069729  -0.008234  -0.025079   0.001263  -0.015585  -0.000802   0.002235 
 -0.037928   0.172502   0.716649  -0.675231  -0.135963   0.065088   0.010645  -0.017200   0.016136  -0.003266   0.002234  -0.004641 
 -0.034972   0.197906   0.704987  -0.683539  -0.153266   0.066750   0.002956   0.025404  -0.011662  -0.008308  -0.017303   0.001662 
 -0.037841   0.231298   0.618787  -0.748455  -0.140375   0.084282  -0.002869   0.033392  -0.086200  -0.064916   0.012891   0.017532 
 -0.032715   0.246035   0.442091  -0.655693  -0.123472   0.092017   0.005126   0.014737  -0.176696   0.092762   0.016903   0.007735 
 -0.031464   0.253548   0.375840  -0.070073  -0.013407   0.120207   0.001251   0.007513  -0.066251   0.585620   0.110065   0.028190 
 -0.023586   0.291492   0.492884   0.321544  -0.023434   0.085313   0.007878   0.037944   0.117044   0.391617  -0.010027  -0.034894 
 -0.003311   0.358855   0.297702   0.224256  -0.045034   0.082391   0.020275   0.067363  -0.195182  -0.097288  -0.021600  -0.002922 
  0.016844   0.346135   0.014256   0.021314  -0.040279   0.090585   0.020155  -0.012720  -0.283446  -0.202942   0.004755   0.008194 
  0.012043   0.257430   0.022973  -0.067666  -0.052941   0.066807  -0.004801  -0.088705   0.008717  -0.088980  -0.012662  -0.023778 
  0.022473   0.247138   0.023222  -0.108232  -0.057582   0.076834   0.010430  -0.010292   0.000249  -0.040566  -0.004641   0.010027 
  0.008770   0.268383   0.082835  -0.223797  -0.074771   0.076662  -0.013703   0.021245   0.059613  -0.115565  -0.017189  -0.000172 
  0.007823   0.252252   0.107765  -0.294271  -0.103190   0.075057  -0.000947  -0.016131   0.024930  -0.070474  -0.028419  -0.001605 
  0.001014   0.218817   0.160719  -0.285677  -0.088866   0.077177  -0.006809  -0.033435   0.052954   0.008594   0.014324   0.002120 
 -0.006933   0.219576   0.281373  -0.332086  -0.098090   0.085600  -0.007947   0.000759   0.120654  -0.046409  -0.009224   0.008423 
 -0.000235   0.233724   0.443963  -0.477274  -0.091158   0.082850   0.006698   0.014148   0.162590  -0.145188   0.006932  -0.002750 
 -0.007871   0.237352   0.473808  -0.529184  -0.104508   0.083193  -0.007636   0.003628   0.029845  -0.051910  -0.013350   0.000343 
 -0.018219   0.223399   0.526736  -0.573416  -0.126337   0.087548  -0.010348  -0.013953   0.052928  -0.044232  -0.021829   0.004355 
 -0.027795   0.191362   0.611804  -0.603840  -0.154641   0.091501  -0.009576  -0.032037   0.085068  -0.030424  -0.028304   0.003953 
 -0.034110   0.150190   0.751496  -0.676319  -0.170627   0.091158  -0.006315  -0.041172   0.139692  -0.072479  -0.015986  -0.000343 
 -0.016146   0.217583   0.893631  -0.757737  -0.133327   0.112414   0.017964   0.067393   0.142135  -0.081418   0.037300   0.021256 
 -0.012935   0.255740   0.935355  -0.769883  -0.136307   0.119691   0.003211   0.038157   0.041724  -0.012146  -0.002980   0.007277 
 -0.007216   0.207960   0.924556  -0.773780  -0.124561   0.100783   0.005719  -0.047780  -0.010799  -0.003897   0.011746  -0.018908 
 -0.014140   0.171463   0.905726  -0.805865  -0.125077   0.095799  -0.006924  -0.036497  -0.018830  -0.032085  -0.000516  -0.004984 
 -0.011670   0.144006   0.908403  -0.830846  -0.124848   0.091329   0.002470  -0.027457   0.002677  -0.024981   0.000229  -0.004470 
 -0.007552   0.130904   0.943943  -0.870495  -0.128171   0.084912   0.004118  -0.013102   0.035540  -0.039649  -0.003323  -0.006417 
 -0.016124   0.205224   0.953920  -0.871182  -0.119003   0.085084  -0.008572   0.074320   0.009977  -0.000687   0.009168   0.000172 
 -0.025680   0.149959   0.972664  -0.958157  -0.118545   0.070588  -0.009556  -0.055265   0.018744  -0.086975   0.000458  -0.014496 
 -0.018110   0.222390   0.872688  -0.867859  -0.108346   0.091158   0.007570   0.072431  -0.099976   0.090298   0.010199   0.020570 
  0.016915   0.315225   0.676358  -0.422384  -0.076203   0.207239   0.035025   0.092835  -0.196330   0.445475   0.032143   0.116081 
 -0.011427   0.170620   0.757166  -0.651568  -0.103419   0.148224  -0.028342  -0.144605   0.080808  -0.229184  -0.027216  -0.059015 
  0.007930   0.253106   0.567404  -0.616102  -0.108633   0.163121   0.019357   0.082486  -0.189762   0.035466  -0.005214   0.014897 
  0.017429   0.340166   0.365999  -0.659303  -0.096372   0.150631   0.009499   0.087060  -0.201405  -0.043201   0.012261  -0.012490 
  0.018606   0.212723   0.417164  -0.878516  -0.106054   0.138083   0.001177  -0.127443   0.051165  -0.219213  -0.009682  -0.012548 
  0.013719   0.155602   0.426978  -0.951282  -0.106398   0.142953  -0.004887  -0.057121   0.009814  -0.072766  -0.000344   0.004870 
 -0.004647   0.167752   0.492486  -1.020782  -0.144156   0.142953  -0.018366   0.012150   0.065508  -0.069500  -0.037758   0.000000 
 -0.004540   0.127162   0.527243  -1.044903  -0.137968   0.142953   0.000107  -0.040590   0.034757  -0.024121   0.006188   0.000000 
 -0.012665   0.069467   0.557180  -1.119961  -0.183289   0.142953  -0.008125  -0.057695   0.029937  -0.075058  -0.045321   0.000000 
 -0.012084   0.116372   0.656021  -1.135144  -0.195665   0.150860   0.000581   0.046905   0.098841  -0.015183  -0.012376   0.007907 
 -0.011324   0.175132   0.645581  -1.125518  -0.182201   0.142953   0.000760   0.058760  -0.010440   0.009626   0.013464  -0.007907 
 -0.006369   0.175556   0.560604  -1.111309  -0.186899   0.143010   0.004955   0.000424  -0.084977   0.014209  -0.004698   0.000057 
 -0.001456   0.187180   0.398338  -1.098074  -0.206551   0.132869   0.004913   0.011624  -0.162266   0.013235  -0.019652  -0.010141 
 -0.004579   0.141830   0.367744  -1.090281  -0.186784   0.131780  -0.003123  -0.045350  -0.030594   0.007793   0.019767  -0.001089 
 -0.016820   0.111652   0.478897  -1.112111  -0.191253   0.129374  -0.012241  -0.030178   0.111153  -0.021830  -0.004469  -0.002406 
 -0.018955   0.051801   0.623496  -1.168605  -0.221162   0.130806  -0.002135  -0.059851   0.144599  -0.056494  -0.029909   0.001432 
 -0.012593   0.134011   0.661076  -1.203842  -0.182086   0.135333   0.006362   0.082210   0.037580  -0.035237   0.039076   0.004527 
 -0.010720   0.120622   0.720257  -1.150614  -0.166272   0.139916   0.001873  -0.013389   0.059181   0.053228   0.015814   0.004583 
 -0.006847   0.077188   0.876505  -1.068509  -0.196295   0.107487   0.003873  -0.043434   0.156248   0.082105  -0.030023  -0.032429 
  0.008879   0.112713   0.835656  -0.815090  -0.100726   0.013063   0.015726   0.035525  -0.040849   0.253419   0.095569  -0.094424 
  0.040767   0.220569   0.588975  -0.488103   0.048587  -0.016616   0.031888   0.107856  -0.246681   0.326987   0.149313  -0.029679 
  0.036629   0.169013   0.747639  -0.826778   0.004297   0.013063  -0.004138  -0.051556   0.158664  -0.338675  -0.044290   0.029679 
  0.038169   0.132038   0.789937  -0.950881  -0.013923   0.056093   0.001540  -0.036975   0.042298  -0.124103  -0.018220   0.043030 
  0.035316   0.160659   0.807545  -1.007432  -0.002865   0.063197  -0.002853   0.028621   0.017608  -0.056551   0.011058   0.007104 
  0.026304   0.141625   0.899818  -1.031381  -0.021543   0.061077  -0.009012  -0.019034   0.092273  -0.023949  -0.018678  -0.002120 
  0.012130   0.129036   0.928759  -0.981362  -0.034148   0.056093  -0.014174  -0.012589   0.028941   0.050019  -0.012605  -0.004984 
 -0.029729   0.139465   0.941167  -0.996603  -0.103935   0.033518  -0.041859   0.010429   0.012408  -0.015241  -0.069787  -0.022575 
 -0.005268   0.187834   0.985944  -1.035163  -0.052769   0.056150   0.024461   0.048369   0.044777  -0.038560   0.051166   0.022632 
 -0.003791   0.152202   1.033127  -1.079854  -0.030080   0.056150   0.001477  -0.035632   0.047183  -0.044691   0.022689   0.000000 
 -0.001202   0.157756   1.036268  -1.077504  -0.068010   0.067437   0.002589   0.005554   0.003141   0.002350  -0.037930   0.011287 
 -0.001583   0.131334   1.079805  -1.133540  -0.074198   0.082105  -0.000381  -0.026422   0.043537  -0.056036  -0.006188   0.014668 
 -0.011748   0.093310   1.067398  -1.099850  -0.071505   0.066692  -0.010165  -0.038024  -0.012407   0.033690   0.002693  -0.015413 
  0.011832   0.281775   0.584935  -0.359187  -0.073912   0.104336   0.023580   0.188465  -0.482463   0.740663  -0.002407   0.037644 
  0.040997   0.375438   0.040118   0.235829   0.038560   0.087663   0.029165   0.093663  -0.544817   0.595016   0.112472  -0.016673 
  0.103847   0.285389  -1.189515  -0.200134  -0.080099   0.056150   0.062850  -0.090049  -1.229633  -0.435963  -0.118659  -0.031513 
  0.072593   0.179123  -1.670610  -0.679528  -0.069156   0.097346  -0.031254  -0.106266  -0.481095  -0.479394   0.010943   0.041196 
  0.076970   0.145301  -1.490005  -0.859838  -0.092762   0.110008   0.004377  -0.033822   0.180605  -0.180310  -0.023606   0.012662 
  0.062447   0.018328  -0.578467  -0.547232  -0.069099   0.113618  -0.014523  -0.126973   0.911538   0.312606   0.023663   0.003610 
  0.034826   0.140827   0.361738  -0.950709  -0.038503   0.129603  -0.027621   0.122499   0.940205  -0.403477   0.030596   0.015985 
  0.046532   0.152505   0.593756  -1.093776  -0.000745   0.136937   0.011706   0.011678   0.232018  -0.143067   0.037758   0.007334 
  0.041240   0.131044   0.673333  -1.128097  -0.011287   0.146391  -0.005292  -0.021461   0.079577  -0.034321  -0.010542   0.009454 
  0.030653   0.106873   0.748623  -1.168719  -0.037414   0.150000  -0.010587  -0.024171   0.075290  -0.040622  -0.026127   0.003609 
  0.014754   0.058992   0.878071  -1.195247  -0.077578   0.159397  -0.015899  -0.047881   0.129448  -0.026528  -0.040164   0.009397 
  0.013001   0.109297   1.028758  -1.182413  -0.063541   0.150115  -0.001753   0.050305   0.150687   0.012834   0.014037  -0.009282 
  0.008479   0.230721   1.112638  -1.181611  -0.023147   0.137624  -0.004522   0.121424   0.083880   0.000802   0.040394  -0.012491 
  0.013935   0.158872   1.138258  -1.194388  -0.020340   0.137796   0.005456  -0.071849   0.025620  -0.012777   0.002807   0.000172 
  0.010282   0.121671   1.140738  -1.213525  -0.040279   0.134359  -0.003653  -0.037201   0.002480  -0.019137  -0.019939  -0.003437 
  0.001561   0.072808   1.178245  -1.258903  -0.039992   0.135447  -0.008721  -0.048863   0.037507  -0.045378   0.000287   0.001088 
  0.002036   0.092340   1.218648  -1.282623  -0.048071   0.135963   0.000475   0.019532   0.040403  -0.023720  -0.008079   0.000516 
  0.003739   0.169998   1.199315  -1.278441  -0.028648   0.125249   0.001703   0.077658  -0.019333   0.004182   0.019423  -0.010714 
 -0.006132   0.086721   1.242507  -1.485107  -0.086402   0.145875  -0.009871  -0.083277   0.043192  -0.206666  -0.057754   0.020626 
  0.041512   0.103791   1.117589  -0.864822  -0.120550   0.129145   0.047644   0.017070  -0.124918   0.620285  -0.034148  -0.016730 
  0.055429   0.223227   1.133951  -0.107831  -0.119233   0.011975   0.013917   0.119436   0.016362   0.756991   0.001317  -0.117170 
  0.049550   0.220811   1.123322  -0.619768   0.003094   0.043373  -0.005879  -0.002416  -0.010629  -0.511937   0.122327   0.031398 
  0.050586   0.163667   1.177151  -0.708462   0.052941   0.053572   0.001036  -0.057144   0.053829  -0.088694   0.049847   0.010199 
  0.046069   0.188278   1.110348  -0.715452   0.010600   0.053858  -0.004517   0.024611  -0.066803  -0.006990  -0.042341   0.000286 
  0.054852   0.152478   1.180959  -0.899372   0.020741   0.066807   0.008783  -0.035800   0.070611  -0.183920   0.010141   0.012949 
  0.042670   0.153176   1.272494  -0.855541   0.059416   0.062853  -0.012182   0.000698   0.091535   0.043831   0.038675  -0.003954 
  0.037236   0.089441   1.451572  -0.813715   0.065546   0.035753  -0.005434  -0.063735   0.179078   0.041826   0.006130  -0.027100 
  0.037308   0.181544   1.352910  -0.927332   0.058671   0.053228   0.000072   0.092103  -0.098662  -0.113617  -0.006875   0.017475 
  0.051439   0.164309   1.159541  -1.087932   0.007047   0.094194   0.014131  -0.017235  -0.193369  -0.160600  -0.051624   0.040966 
  0.070131   0.176616   1.013462  -1.187226   0.036898   0.125134   0.018692   0.012307  -0.146079  -0.099294   0.029851   0.030940 
  0.074117   0.182194   0.862695  -1.228765   0.036956   0.140203   0.003986   0.005578  -0.150767  -0.041539   0.000058   0.015069 
  0.067544   0.130150   0.864580  -1.274258   0.003667   0.136364  -0.006573  -0.052044   0.001885  -0.045493  -0.033289  -0.003839 
  0.063964   0.126696   0.898494  -1.263028   0.012204   0.134187  -0.003580  -0.003454   0.033914   0.011230   0.008537  -0.002177 
  0.061644   0.132878   0.995764  -1.265950   0.001089   0.141521  -0.002320   0.006182   0.097270  -0.002922  -0.011115   0.007334 
  0.057454   0.086270   0.962839  -1.239422  -0.012662   0.134187  -0.004190  -0.046608  -0.032925   0.026528  -0.013751  -0.007334 
  0.032281   0.035011   0.870372  -1.471184  -0.001948   0.117399  -0.025173  -0.051259  -0.092467  -0.231762   0.010714  -0.016788 
  0.042307   0.031951   0.885829  -1.282738  -0.010943   0.125420   0.010026  -0.003060   0.015457   0.188446  -0.008995   0.008021 
  0.067721   0.159241   0.679515  -1.030579  -0.002005   0.134932   0.025414   0.127290  -0.206314   0.252159   0.008938   0.009512 
  0.071966   0.195071   0.558369  -0.950938  -0.036383   0.138312   0.004245   0.035830  -0.121146   0.079641  -0.034378   0.003380 
  0.091594   0.172529   0.495389  -0.499046   0.063083   0.088407   0.019628  -0.022542  -0.062980   0.451892   0.099466  -0.049905 
  0.109021   0.146202   0.593589  -0.717630   0.056093   0.122269   0.017427  -0.026327   0.098200  -0.218584  -0.006990   0.033862 
  0.103483   0.138024   0.694886  -0.897939   0.055462   0.133270  -0.005538  -0.008178   0.101297  -0.180309  -0.000631   0.011001 
  0.093781   0.122336   0.806049  -0.969559   0.062796   0.126967  -0.009702  -0.015688   0.111163  -0.071620   0.007334  -0.006303 
  0.071114   0.106731   0.809448  -0.692133  -0.184492   0.014439  -0.022667  -0.015605   0.003399   0.277426  -0.247288  -0.112528 
  0.062794   0.140932   1.005764  -0.816637  -0.155902  -0.008881  -0.008320   0.034201   0.196316  -0.124504   0.028590  -0.023320 
  0.068085   0.183527   1.083161  -0.960621  -0.032429   0.045779   0.005291   0.042595   0.077397  -0.143984   0.123473   0.054660 
  0.071985   0.150017   1.166864  -0.922118  -0.029450   0.066119   0.003900  -0.033510   0.083703   0.038503   0.002979   0.020340 
  0.079971   0.150991   1.108902  -0.957584  -0.008824   0.081303   0.007986   0.000974  -0.057962  -0.035466   0.020626   0.015184 
  0.072349   0.172319   1.007420  -0.957527   0.001031   0.088236  -0.007622   0.021328  -0.101482   0.000057   0.009855   0.006933 
  0.067591   0.151767   1.006744  -0.988295  -0.007620   0.085944  -0.004758  -0.020552  -0.000676  -0.030768  -0.008651  -0.002292 
  0.080741   0.167514   0.886785  -1.143452   0.020626   0.102158   0.013150   0.015747  -0.119959  -0.155157   0.028246   0.016214 
  0.089853   0.142221   0.888630  -1.188314   0.062109   0.117284   0.009112  -0.025293   0.001845  -0.044862   0.041483   0.015126 
  0.097294   0.168703   0.851633  -1.100996   0.069672   0.117113   0.007441   0.026482  -0.036997   0.087318   0.007563  -0.000171 
  0.081934   0.142508   0.953167  -1.282566   0.068640   0.110008  -0.015360  -0.026195   0.101534  -0.181570  -0.001032  -0.007105 
  0.075806   0.126520   0.890686  -1.233406   0.041368   0.103476  -0.006128  -0.015988  -0.062481   0.049160  -0.027272  -0.006532 
  0.075257   0.121386   0.875849  -1.258674   0.039477   0.105138  -0.000549  -0.005134  -0.014837  -0.025268  -0.001891   0.001662 
  0.080315   0.054136   0.832514  -1.289270   0.044060   0.117915   0.005058  -0.067250  -0.043335  -0.030596   0.004583   0.012777 
  0.080558   0.160749   0.840043  -1.308005   0.084397   0.090585   0.000243   0.106613   0.007529  -0.018735   0.040337  -0.027330 
  0.063151   0.116846   1.014399  -1.345706   0.075287   0.105940  -0.017407  -0.043903   0.174356  -0.037701  -0.009110   0.015355 
  0.053870   0.051285   1.085113  -1.366905   0.058327   0.110065  -0.009281  -0.065561   0.070714  -0.021199  -0.016960   0.004125 
  0.048241   0.019006   1.086236  -1.352352   0.036268   0.101700  -0.005629  -0.032279   0.001123   0.014553  -0.022059  -0.008365 
  0.047943   0.201266   1.008823  -1.336711   0.018048   0.113331  -0.000298   0.182260  -0.077413   0.015641  -0.018220   0.011631 
  0.046891   0.162142   1.045504  -1.361520   0.021658   0.116597  -0.001052  -0.039124   0.036681  -0.024809   0.003610   0.003266 
  0.037872   0.073878   1.070601  -1.392918   0.010141   0.120092  -0.009019  -0.088264   0.025097  -0.031398  -0.011517   0.003495 
  0.035074   0.068231   1.081802  -1.377448  -0.009339   0.124676  -0.002798  -0.005647   0.011201   0.015470  -0.019480   0.004584 
  0.044830   0.169883   1.109773  -1.369369   0.006704   0.121295   0.009756   0.101652   0.027971   0.008079   0.016043  -0.003381 
  0.042406   0.141159   1.115926  -1.383922   0.021486   0.126394  -0.002424  -0.028724   0.006153  -0.014553   0.014782   0.005099 
  0.047014   0.123255   1.130206  -1.410106  -0.000401   0.131952   0.004608  -0.017904   0.014280  -0.026184  -0.021887   0.005558 
  0.039265   0.030984   1.171534  -1.448036  -0.015069   0.111899  -0.007749  -0.092271   0.041328  -0.037930  -0.014668  -0.020053 
  0.037267   0.127165   1.178469  -1.422998  -0.007678   0.111326  -0.001998   0.096181   0.006935   0.025038   0.007391  -0.000573 
  0.040740   0.135069   1.204599  -1.436405  -0.006016   0.118201   0.003473   0.007904   0.026130  -0.013407   0.001662   0.006875 
  0.042322   0.104467   1.216549  -1.450844   0.001031   0.129259   0.001582  -0.030602   0.011950  -0.014439   0.007047   0.011058 
  0.039829   0.097124   1.227110  -1.432853  -0.019194   0.129259  -0.002493  -0.007343   0.010561   0.017991  -0.020225   0.000000 
  0.031508   0.049677   1.251853  -1.462131  -0.015183   0.131035  -0.008321  -0.047447   0.024743  -0.029278   0.004011   0.001776 
  0.033050   0.110788   1.235636  -1.434285  -0.024236   0.136192   0.001542   0.061111  -0.016217   0.027846  -0.009053   0.005157 
  0.034477   0.106268   1.239216  -1.435030  -0.017475   0.132812   0.001427  -0.004520   0.003580  -0.000745   0.006761  -0.003380 
  0.035690   0.108003   1.230020  -1.434973  -0.021715   0.133499   0.001213   0.001735  -0.009196   0.000057  -0.004240   0.000687 
  0.030044   0.051614   1.277164  -1.457318  -0.024809   0.123358  -0.005646  -0.056389   0.047144  -0.022345  -0.003094  -0.010141 
  0.029985   0.087220   1.255480  -1.452104  -0.036727   0.117915  -0.000059   0.035606  -0.021684   0.005214  -0.011918  -0.005443 
  0.030861   0.131284   1.236376  -1.427123  -0.034779   0.120780   0.000876   0.044064  -0.019104   0.024981   0.001948   0.002865 
  0.029789   0.087317   1.232892  -1.445458  -0.021715   0.137682  -0.001072  -0.043967  -0.003484  -0.018335   0.013064   0.016902 
  0.025658   0.023938   1.259058  -1.477257  -0.045665   0.131437  -0.004131  -0.063379   0.026166  -0.031799  -0.023950  -0.006245 
  0.029007   0.129946   1.211070  -1.439786  -0.027846   0.127941   0.003349   0.106008  -0.047988   0.037471   0.017819  -0.003496 
  0.037719   0.110669   1.164562  -1.455256  -0.030424   0.133270   0.008712  -0.019277  -0.046508  -0.015470  -0.002578   0.005329 
  0.024603   0.047842   1.215396  -1.487284  -0.044404   0.126223  -0.013116  -0.062827   0.050834  -0.032028  -0.013980  -0.007047 
  0.024780   0.100882   1.195443  -1.477200  -0.049733   0.124103   0.000177   0.053040  -0.019953   0.010084  -0.005329  -0.002120 
  0.035924   0.132947   1.084556  -1.425748  -0.054947   0.134588   0.011144   0.032065  -0.110887   0.051452  -0.005214   0.010485 
  0.011552   0.064889   1.018865  -1.505504  -0.103935   0.118946  -0.024372  -0.068058  -0.065691  -0.079756  -0.048988  -0.015642 
  0.009814   0.017904   1.309430  -1.273972  -0.108117   0.155214  -0.001738  -0.046985   0.290565   0.231532  -0.004182   0.036268 
  0.003063   0.128650   1.425836  -1.088849  -0.115165   0.132009  -0.006751   0.110746   0.116406   0.185123  -0.007048  -0.023205 
  0.021507   0.158840   1.339604  -1.186767  -0.082277   0.118602   0.018444   0.030190  -0.086232  -0.097918   0.032888  -0.013407 
  0.050442   0.128591   1.072562  -1.099678  -0.066005   0.140145   0.028935  -0.030249  -0.267042   0.087089   0.016272   0.021543 
  0.055915   0.102060   1.064188  -1.259419  -0.071677   0.156990   0.005473  -0.026531  -0.008374  -0.159741  -0.005672   0.016845 
  0.051265   0.052127   1.180243  -1.214155  -0.032773   0.142838  -0.004650  -0.049933   0.116055   0.045264   0.038904  -0.014152 
  0.046082  -0.040485   1.335349  -1.317287  -0.034148   0.138598  -0.005183  -0.092612   0.155106  -0.103132  -0.001375  -0.004240 
  0.054660   0.038275   0.867449  -1.381229  -0.152521   0.166559   0.008578   0.078760  -0.467900  -0.063942  -0.118373   0.027961 
  0.033660   0.086569   1.251794  -1.293853  -0.140088   0.170913  -0.021000   0.048294   0.384345   0.087376   0.012433   0.004354 
  0.022132   0.101143   1.409811  -1.302276  -0.128686   0.149313  -0.011528   0.014574   0.158017  -0.008423   0.011402  -0.021600 
  0.030141   0.086635   1.420262  -1.344388  -0.090699   0.146792   0.008009  -0.014508   0.010451  -0.042112   0.037987  -0.002521 
  0.034316   0.140333   1.237076  -1.426665  -0.098205   0.145932   0.004175   0.053698  -0.183186  -0.082277  -0.007506  -0.000860 
  0.028583   0.144429   1.093216  -1.522120  -0.123873   0.152693  -0.005733   0.004096  -0.143860  -0.095455  -0.025668   0.006761 
  0.028917   0.108393   1.099087  -1.523953  -0.124103   0.158595   0.000334  -0.036036   0.005871  -0.001833  -0.000230   0.005902 
  0.030946   0.094724   1.126823  -1.498227  -0.134645   0.154469   0.002029  -0.013669   0.027736   0.025726  -0.010542  -0.004126 
  0.027292   0.031500   1.308535  -1.475653  -0.153381   0.167819  -0.003654  -0.063224   0.181712   0.022574  -0.018736   0.013350 
  0.021500  -0.026067   1.498644  -1.481841  -0.168851   0.171142  -0.005792  -0.057567   0.190109  -0.006188  -0.015470   0.003323 
  0.032818   0.070978   1.535999  -1.465626  -0.059530   0.130291   0.011318   0.097045   0.037355   0.016215   0.109321  -0.040851 
  0.043325   0.153382   1.349560  -1.504473  -0.049332   0.157162   0.010507   0.082404  -0.186439  -0.038847   0.010198   0.026871 
  0.046183   0.139189   1.192159  -1.580905  -0.134244   0.179909   0.002858  -0.014193  -0.157401  -0.076432  -0.084912   0.022747 
  0.039313   0.096157   1.195779  -1.580504  -0.130749   0.169710  -0.006870  -0.043032   0.003620   0.000401   0.003495  -0.010199 
  0.037360   0.105114   1.199284  -1.597922  -0.141005   0.184149  -0.001953   0.008957   0.003505  -0.017418  -0.010256   0.014439 
  0.049662   0.115140   1.121265  -1.373208  -0.117170   0.166788   0.012302   0.010026  -0.078019   0.224714   0.023835  -0.017361 
  0.058794   0.134911   1.370855  -1.042439  -0.265795   0.115795   0.009132   0.019771   0.249590   0.330769  -0.148625  -0.050993 
  0.066566   0.146219   1.656360  -0.760487  -0.305387   0.044060   0.007772   0.011308   0.285505   0.281952  -0.039592  -0.071735 
  0.108923   0.149091   1.214331  -0.884017  -0.234569   0.121181   0.042357   0.002872  -0.442029  -0.123530   0.070818   0.077121 
  0.111854   0.209426   0.747604  -0.669616  -0.220875   0.108003   0.002931   0.060335  -0.466727   0.214401   0.013694  -0.013178 
  0.103769   0.188081   0.909466  -0.878631  -0.252961   0.080615  -0.008085  -0.021345   0.161862  -0.209015  -0.032086  -0.027388 
  0.111500   0.140712   0.928037  -0.969158  -0.154928   0.129832   0.007731  -0.047369   0.018571  -0.090527   0.098033   0.049217 
  0.108244   0.174032   0.809193  -1.080197  -0.133213   0.140489  -0.003256   0.033320  -0.118844  -0.111039   0.021715   0.010657 
  0.094382   0.135160   0.831169  -1.163448  -0.139744   0.144271  -0.013862  -0.038872   0.021976  -0.083251  -0.006531   0.003782 
  0.087325   0.057986   0.988357  -1.208368  -0.127540   0.156876  -0.007057  -0.077174   0.157188  -0.044920   0.012204   0.012605 
  0.064332   0.102926   1.009338  -1.203039  -0.127540   0.150401  -0.022993   0.044940   0.020981   0.005329   0.000000  -0.006475 
  0.060706   0.076300   1.085161  -1.238276  -0.112414   0.159913  -0.003626  -0.026626   0.075823  -0.035237   0.015126   0.009512 
  0.066729   0.182404   0.940474  -1.285202  -0.148339   0.166673   0.006023   0.106104  -0.144687  -0.046926  -0.035925   0.006760 
  0.064717   0.112459   1.034718  -1.269102  -0.124790   0.162663  -0.002012  -0.069945   0.094244   0.016100   0.023549  -0.004010 
  0.043982   0.024893   1.395635  -1.345133  -0.132009   0.157850  -0.020735  -0.087566   0.360917  -0.076031  -0.007219  -0.004813 
  0.047845   0.055105   1.379500  -1.310297  -0.106112   0.170913   0.003863   0.030212  -0.016135   0.034836   0.025897   0.013063 
  0.051392   0.091218   1.306805  -1.345076  -0.117284   0.158996   0.003547   0.036113  -0.072695  -0.034779  -0.011172  -0.011917 
  0.061735   0.156441   1.176412  -1.327543  -0.088293   0.161746   0.010343   0.065223  -0.130393   0.017533   0.028991   0.002750 
  0.065918   0.153949   1.121638  -1.321241  -0.090986   0.154584   0.004183  -0.002492  -0.054774   0.006302  -0.002693  -0.007162 
  0.066049   0.099928   1.195312  -1.294369  -0.086345   0.154240   0.000131  -0.054021   0.073674   0.026872   0.004641  -0.000344 
  0.066540   0.074855   1.354341  -1.324908  -0.069844   0.159397   0.000491  -0.025073   0.159029  -0.030539   0.016501   0.005157 
  0.069135   0.088034   1.227456  -1.345248  -0.065088   0.165012   0.002595   0.013179  -0.126885  -0.020340   0.004756   0.005615 
  0.053067   0.044562   1.363648  -1.379224  -0.090986   0.163866  -0.016068  -0.043472   0.136192  -0.033976  -0.025898  -0.001146 
  0.048039   0.119734   1.303380  -1.325710  -0.073453   0.153725  -0.005028   0.075172  -0.060268   0.053514   0.017533  -0.010141 
  0.057024   0.144746   1.164537  -1.393834  -0.077063   0.151662   0.008985   0.025012  -0.138843  -0.068124  -0.003610  -0.002063 
  0.051806  -0.005758   1.369582  -1.461443  -0.088923   0.168564  -0.005218  -0.150504   0.205045  -0.067609  -0.011860   0.016902 
  0.060624   0.028716   1.273733  -1.471126  -0.070932   0.161517   0.008818   0.034474  -0.095849  -0.009683   0.017991  -0.007047 
  0.063893   0.143566   1.243514  -1.489346  -0.079355   0.160314   0.003269   0.114850  -0.030219  -0.018220  -0.008423  -0.001203 
  0.060062   0.069600   1.286179  -1.462360  -0.063426   0.167189  -0.003831  -0.073966   0.042665   0.026986   0.015929   0.006875 
  0.061824   0.091226   1.263643  -1.486367  -0.062338   0.157506   0.001762   0.021626  -0.022536  -0.024007   0.001088  -0.009683 
  0.053915  -0.029035   1.386071  -1.568701  -0.090470   0.164897  -0.007909  -0.120261   0.122428  -0.082334  -0.028132   0.007391 
  0.046087   0.052221   1.380749  -1.575577  -0.110008   0.159168  -0.007828   0.081256  -0.005322  -0.006876  -0.019538  -0.005729 
  0.025410   0.090413   1.415019  -1.667193  -0.081074   0.148224  -0.020677   0.038192   0.034270  -0.091616   0.028934  -0.010944 
  0.050814   0.051338   1.393234  -1.591390  -0.066750   0.165929   0.025404  -0.039075  -0.021785   0.075803   0.014324   0.017705 
  0.051405   0.006139   1.448925  -1.723973  -0.044633   0.169424   0.000591  -0.045199   0.055691  -0.132583   0.022117   0.003495 
  0.042510   0.041581   1.310182  -1.644332  -0.108174   0.141635  -0.008895   0.035442  -0.138743   0.079641  -0.063541  -0.027789 
  0.049928   0.003748   1.323593  -1.556554  -0.091616   0.168049   0.007418  -0.037833   0.013411   0.087778   0.016558   0.026414 
  0.053541   0.030498   1.337717  -1.576952  -0.099179   0.177617   0.003613   0.026750   0.014124  -0.020398  -0.007563   0.009568 
  0.051529   0.120684   1.362545  -1.567154  -0.074886   0.186326  -0.002012   0.090186   0.024828   0.009798   0.024293   0.008709 
  0.058062   0.047349   1.378904  -1.582051  -0.101585   0.189363   0.006533  -0.073335   0.016359  -0.014897  -0.026699   0.003037 
  0.060220   0.044308   1.373301  -1.607891  -0.092132   0.172976   0.002158  -0.003041  -0.005603  -0.025840   0.009453  -0.016387 
  0.058095  -0.017549   1.385172  -1.547215  -0.088407   0.163465  -0.002125  -0.061857   0.011871   0.060676   0.003725  -0.009511 
  0.102941   0.169041   0.888375  -0.563389  -0.186555   0.096715   0.044846   0.186590  -0.496797   0.983826  -0.098148  -0.066750 
  0.070920   0.345980   0.826900   0.308652  -0.108117   0.027044  -0.032021   0.176939  -0.061475   0.872041   0.078438  -0.069671 
  0.098820   0.413485   0.685710   0.399409   0.030596   0.018048   0.027900   0.067505  -0.141190   0.090757   0.138713  -0.008996 
  0.126405   0.312613   0.617154  -0.220360   0.064916   0.069614   0.027585  -0.100872  -0.068556  -0.619769   0.034320   0.051566 
  0.119027   0.229289   0.581817  -0.277885   0.083824   0.091788  -0.007378  -0.083324  -0.035337  -0.057525   0.018908   0.022174 
  0.101692   0.256703   0.477901  -0.338847  -0.063999   0.063770  -0.017335   0.027414  -0.103916  -0.060962  -0.147823  -0.028018 
  0.087112   0.203520   0.436463  -0.480425  -0.249695   0.081188  -0.014580  -0.053183  -0.041438  -0.141578  -0.185696   0.017418 
  0.113059   0.190138   0.419342  -0.503859  -0.200879   0.105367   0.025947  -0.013382  -0.017121  -0.023434   0.048816   0.024179 
  0.106289   0.191261   0.420138  -0.494291  -0.174122   0.104794  -0.006770   0.001123   0.000796   0.009568   0.026757  -0.000573 
  0.109160   0.148489   0.508253  -0.546888  -0.097804   0.108289   0.002871  -0.042772   0.088115  -0.052597   0.076318   0.003495 
  0.091211   0.189656   0.569949  -0.460601  -0.088808   0.105138  -0.017949   0.041167   0.061696   0.086287   0.008996  -0.003151 
  0.079377   0.208868   0.617927  -0.551071  -0.113159   0.109378  -0.011834   0.019212   0.047978  -0.090470  -0.024351   0.004240 
  0.069185   0.157671   0.717927  -0.659245  -0.148511   0.068411  -0.010192  -0.051197   0.100000  -0.108174  -0.035352  -0.040967 
  0.069412   0.137520   0.858931  -0.490968  -0.142896   0.065374   0.000227  -0.020151   0.141004   0.168277   0.005615  -0.003037 
  0.089823   0.283934   0.643627  -0.455903  -0.079870   0.108747   0.020411   0.146414  -0.215304   0.035065   0.063026   0.043373 
  0.100123   0.218228   0.481790  -0.394310  -0.065489   0.102502   0.010300  -0.065706  -0.161837   0.061593   0.014381  -0.006245 
  0.118332   0.206713   0.490549  -0.614153  -0.080501   0.126796   0.018209  -0.011515   0.008759  -0.219843  -0.015012   0.024294 
  0.111304   0.195872   0.513824  -0.710926  -0.088293   0.128744  -0.007028  -0.010841   0.023275  -0.096773  -0.007792   0.001948 
  0.107151   0.180616   0.535385  -0.741407  -0.095455   0.129087  -0.004153  -0.015256   0.021561  -0.030481  -0.007162   0.000343 
  0.103341   0.142073   0.601584  -0.769310  -0.080501   0.137223  -0.003810  -0.038543   0.066199  -0.027903   0.014954   0.008136 
  0.104890   0.162272   0.650603  -0.780540  -0.062968   0.137166   0.001549   0.020199   0.049019  -0.011230   0.017533  -0.000057 
  0.095326   0.171488   0.728819  -0.870896  -0.064171   0.144500  -0.009564   0.009216   0.078216  -0.090356  -0.001203   0.007334 
  0.093676   0.141665   0.782092  -0.940224  -0.081990   0.146792  -0.001650  -0.029823   0.053273  -0.069328  -0.017819   0.002292 
  0.090087   0.161212   0.816642  -0.967038  -0.075459   0.149313  -0.003589   0.019547   0.034550  -0.026814   0.006531   0.002521 
  0.095017   0.107388   0.833803  -1.002504  -0.097804   0.151891   0.004930  -0.053824   0.017161  -0.035466  -0.022345   0.002578 
  0.090732   0.148728   0.855261  -1.045934  -0.112185   0.144901  -0.004285   0.041340   0.021458  -0.043430  -0.014381  -0.006990 
  0.080868   0.160599   0.901372  -1.104204  -0.092647   0.138656  -0.009864   0.011871   0.046111  -0.058270   0.019538  -0.006245 
  0.089126   0.111228   0.896471  -1.162245  -0.125936   0.150573   0.008258  -0.049371  -0.004901  -0.058041  -0.033289   0.011917 
  0.086232   0.100465   0.884034  -1.096297  -0.122441   0.142094  -0.002894  -0.010763  -0.012437   0.065948   0.003495  -0.008479 
  0.089312   0.107962   0.836312  -1.071316  -0.121868   0.140776   0.003080   0.007497  -0.047722   0.024981   0.000573  -0.001318 
  0.107394   0.199898   0.707716  -1.081572  -0.103935   0.157563   0.018082   0.091936  -0.128596  -0.010256   0.017933   0.016787 
  0.104372   0.306957   0.402515  -0.400784  -0.038388   0.211192  -0.003022   0.107059  -0.305201   0.680788   0.065547   0.053629 
  0.133168   0.291286   0.247097  -0.108518   0.022460   0.257315   0.028796  -0.015671  -0.155418   0.292266   0.060848   0.046123 
  0.121793   0.250237   0.340988  -0.421812   0.001089   0.224313  -0.011375  -0.041049   0.093891  -0.313294  -0.021371  -0.033002 
  0.122797   0.202428   0.461031  -0.681533  -0.056264   0.215547   0.001004  -0.047809   0.120043  -0.259721  -0.057353  -0.008766 
  0.111371   0.176623   0.492691  -0.756362  -0.088751   0.203629  -0.011426  -0.025805   0.031660  -0.074829  -0.032487  -0.011918 
  0.097876   0.135594   0.553582  -0.881496  -0.162204   0.215948  -0.013495  -0.041029   0.060891  -0.125134  -0.073453   0.012319 
  0.102425   0.203072   0.611232  -0.977982  -0.139000   0.208213   0.004549   0.067478   0.057650  -0.096486   0.023204  -0.007735 
  0.110036   0.205998   0.647419  -0.987665  -0.139974   0.208499   0.007611   0.002926   0.036187  -0.009683  -0.000974   0.000286 
  0.097014   0.137921   0.671171  -0.974659  -0.148797   0.205004  -0.013022  -0.068077   0.023752   0.013006  -0.008823  -0.003495 
  0.072056   0.092333   0.727170  -0.893356  -0.163236   0.181742  -0.024958  -0.045588   0.055999   0.081303  -0.014439  -0.023262 
  0.074715   0.148148   0.943150  -0.767649  -0.126796   0.173377   0.002659   0.055815   0.215980   0.125707   0.036440  -0.008365 
  0.108337   0.254891   0.326636  -0.235142  -0.140547   0.167819   0.033622   0.106743  -0.616514   0.532507  -0.013751  -0.005558 
  0.119168   0.287118   0.380768  -0.530903  -0.134015   0.193373   0.010831   0.032227   0.054132  -0.295761   0.006532   0.025554 
  0.130503   0.233343   0.437971  -0.638561  -0.164095   0.206952   0.011335  -0.053775   0.057203  -0.107658  -0.030080   0.013579 
  0.132014   0.222949   0.474352  -0.715853  -0.157392   0.205749   0.001511  -0.010394   0.036381  -0.077292   0.006703  -0.001203 
  0.118323   0.179728   0.536901  -0.918738  -0.143927   0.215088  -0.013691  -0.043221   0.062549  -0.202885   0.013465   0.009339 
  0.124503   0.174749   0.352121  -0.939307  -0.099236   0.215088   0.006180  -0.004979  -0.184780  -0.020569   0.044691   0.000000 
  0.145235   0.235491   0.075720  -0.305444  -0.063025   0.197499   0.020732   0.060742  -0.276401   0.633863   0.036211  -0.017589 
  0.083961   0.117390   0.662787  -0.453324  -0.088465   0.155042  -0.061274  -0.118101   0.587067  -0.147880  -0.025440  -0.042457 
 -0.002659   0.186488   2.122899  -0.015183  -0.021314   0.154298  -0.086620   0.069098   1.460112   0.438141   0.067151  -0.000744 
 -0.008521   0.162367   2.423634   0.285734  -0.130520   0.193373  -0.005862  -0.024121   0.300735   0.300917  -0.109206   0.039075 
  0.041313   0.403468   2.064812   0.085714  -0.142552   0.192170   0.049834   0.241101  -0.358822  -0.200020  -0.012032  -0.001203 
  0.032685   0.320303   1.936607   0.010542  -0.164382   0.190910  -0.008628  -0.083165  -0.128205  -0.075172  -0.021830  -0.001260 
  0.056921   0.316804   1.639341   0.352942  -0.121181   0.184893   0.024236  -0.003499  -0.297266   0.342400   0.043201  -0.006017 
  0.145653   0.311192   0.435425  -0.042342  -0.110810   0.208786   0.088732  -0.005612  -1.203916  -0.395284   0.010371   0.023893 
  0.166565   0.286961   0.340952  -0.501223  -0.093736   0.195035   0.020912  -0.024231  -0.094473  -0.458881   0.017074  -0.013751 
  0.174768   0.181430   0.454058  -0.715567  -0.079240   0.201509   0.008203  -0.105531   0.113106  -0.214344   0.014496   0.006474 
  0.146470   0.167684   0.686652  -0.821335  -0.102674   0.194061  -0.028298  -0.013746   0.232594  -0.105768  -0.023434  -0.007448 
  0.140406   0.132769   0.929001  -0.961022  -0.079068   0.185008  -0.006064  -0.034915   0.242349  -0.139687   0.023606  -0.009053 
  0.124819   0.178600   0.876153  -1.085125  -0.127483   0.203629  -0.015587   0.045831  -0.052848  -0.124103  -0.048415   0.018621 
  0.118858   0.151580   0.888691  -1.180350  -0.134187   0.207754  -0.005961  -0.027020   0.012538  -0.095225  -0.006704   0.004125 
  0.108972   0.147755   0.903385  -1.206191  -0.151375   0.217323  -0.009886  -0.003825   0.014694  -0.025841  -0.017188   0.009569 
  0.118973   0.129411   0.992901  -1.180350  -0.147250   0.211880   0.010001  -0.018344   0.089516   0.025841   0.004125  -0.005443 
  0.094805   0.066865   1.255722  -1.081171  -0.097575   0.193602  -0.024168  -0.062546   0.262821   0.099179   0.049675  -0.018278 
  0.085423   0.138480   1.452105  -1.012416  -0.115680   0.164324  -0.009382   0.071615   0.196383   0.068755  -0.018105  -0.029278 
  0.082446   0.194743   1.441264  -1.054070  -0.125936   0.175497  -0.002977   0.056263  -0.010841  -0.041654  -0.010256   0.011173 
  0.118840   0.181611   1.142889  -1.175366  -0.143812   0.203515   0.036394  -0.013132  -0.298375  -0.121296  -0.017876   0.028018 
  0.125131   0.196092   0.998417  -1.195419  -0.158308   0.213140   0.006291   0.014481  -0.144472  -0.020053  -0.014496   0.009625 
  0.137021   0.162791   0.911070  -0.997290  -0.188847   0.217036   0.011890  -0.033301  -0.087347   0.198129  -0.030539   0.003896 
  0.116815   0.099456   1.273528  -0.946469  -0.205176   0.208958  -0.020206  -0.063335   0.362458   0.050821  -0.016329  -0.008078 
  0.096089   0.159476   1.607592  -0.822596  -0.230214   0.171830  -0.020726   0.060020   0.334064   0.123873  -0.025038  -0.037128 
  0.075064   0.163153   1.924723  -0.796469  -0.071505   0.197097  -0.021025   0.003677   0.317131   0.026127   0.158709   0.025267 
  0.115769   0.163121   1.687181  -0.847806  -0.126452   0.204661   0.040705  -0.000032  -0.237542  -0.051337  -0.054947   0.007564 
  0.165206   0.238142   0.802129  -0.883673  -0.198644   0.203858   0.049437   0.075021  -0.885052  -0.035867  -0.072192  -0.000803 
  0.175555   0.256188   0.588969  -0.558920  -0.223568   0.187701   0.010349   0.018046  -0.213160   0.324753  -0.024924  -0.016157 
  0.195249   0.225687   0.548300  -0.552331  -0.180138   0.204431   0.019694  -0.030501  -0.040669   0.006589   0.043430   0.016730 
  0.189374   0.269246   0.576764  -0.634665  -0.198702   0.205176  -0.005875   0.043559   0.028464  -0.082334  -0.018564   0.000745 
  0.175589   0.231428   0.682450  -0.702504  -0.214916   0.180482  -0.013785  -0.037818   0.105686  -0.067839  -0.016214  -0.024694 
  0.149640   0.162080   0.984950  -0.778019  -0.213026   0.161116  -0.025949  -0.069348   0.302500  -0.075515   0.001890  -0.019366 
  0.135021   0.155867   1.181554  -0.789650  -0.064744   0.137796  -0.014619  -0.006213   0.196604  -0.011631   0.148282  -0.023320 
  0.135009   0.192090   1.168030  -0.929624  -0.102216   0.171028  -0.000012   0.036223  -0.013524  -0.139974  -0.037472   0.033232 
  0.137995   0.222420   1.036218  -1.091828  -0.172804   0.225001   0.002986   0.030330  -0.131812  -0.162204  -0.070588   0.053973 
  0.142078   0.206827   1.039084  -1.147864  -0.149141   0.245913   0.004083  -0.015593   0.002866  -0.056036   0.023663   0.020912 
  0.141472   0.175408   1.061078  -1.198742  -0.149542   0.231761  -0.000606  -0.031419   0.021994  -0.050878  -0.000401  -0.014152 
  0.136379   0.169078   1.109657  -1.209858  -0.158022   0.221334  -0.005093  -0.006330   0.048579  -0.011116  -0.008480  -0.010427 
  0.118636   0.130600   1.234009  -1.225499  -0.139974   0.227407  -0.017743  -0.038478   0.124352  -0.015641   0.018048   0.006073 
  0.116697   0.144793   1.313417  -1.249907  -0.146276   0.222881  -0.001939   0.014193   0.079408  -0.024408  -0.006302  -0.004526 
  0.121578   0.157295   1.349442  -1.324793  -0.173320   0.220875   0.004881   0.012502   0.036025  -0.074886  -0.027044  -0.002006 
  0.130824   0.161409   1.314669  -1.359457  -0.145073   0.227751   0.009246   0.004114  -0.034773  -0.034664   0.028247   0.006876 
  0.142073   0.163706   1.232087  -1.172501  -0.238981   0.200879   0.011249   0.002297  -0.082582   0.186956  -0.093908  -0.026872 
  0.133350   0.126678   1.383088  -1.056076  -0.299313   0.161460  -0.008723  -0.037028   0.151001   0.116425  -0.060332  -0.039419 
  0.127305   0.109620   1.674268  -0.855655  -0.263446   0.149943  -0.006045  -0.017058   0.291180   0.200421   0.035867  -0.011517 
  0.127826   0.161348   1.585972  -0.705082  -0.204259   0.146620   0.000521   0.051728  -0.088296   0.150573   0.059187  -0.003323 
  0.153800   0.274835   0.949088  -0.454241  -0.094653   0.165184   0.025974   0.113487  -0.636884   0.250841   0.109606   0.018564 
  0.162931   0.324798   0.568711  -0.699180  -0.146964   0.176757   0.009131   0.049963  -0.380377  -0.244939  -0.052311   0.011573 
  0.176487   0.217043   0.472190  -0.841446  -0.150000   0.190508   0.013556  -0.107755  -0.096521  -0.142266  -0.003036   0.013751 
  0.162449   0.179703   0.583958  -1.063524  -0.146219   0.206895  -0.014038  -0.037340   0.111768  -0.222078   0.003781   0.016387 
  0.148701   0.148994   0.792621  -1.178402  -0.164553   0.181628  -0.013748  -0.030709   0.208663  -0.114878  -0.018334  -0.025267 
  0.142547   0.112385   0.919259  -1.038944  -0.190910   0.189592  -0.006154  -0.036609   0.126638   0.139458  -0.026357   0.007964 
  0.147375   0.192991   0.604346  -0.770743  -0.296219   0.153152   0.004828   0.080606  -0.314913   0.268201  -0.105309  -0.036440 
  0.158896   0.261379   0.662082  -1.016370  -0.220531   0.209989   0.011521   0.068388   0.057736  -0.245627   0.075688   0.056837 
  0.148957   0.124859   0.950059  -1.127409  -0.179622   0.207067  -0.009939  -0.136520   0.287977  -0.111039   0.040909  -0.002922 
  0.146061   0.159786   1.032408  -1.180866  -0.182029   0.222021  -0.002896   0.034927   0.082349  -0.053457  -0.002407   0.014954 
  0.124073   0.177255   0.987899  -1.238792  -0.201624   0.202999  -0.021988   0.017469  -0.044509  -0.057926  -0.019595  -0.019022 
  0.151141   0.136089   1.015614  -1.090281  -0.226777   0.195149   0.027068  -0.041166   0.027715   0.148511  -0.025153  -0.007850 
  0.115434   0.118013   1.275667  -0.954662  -0.305959   0.122842  -0.035707  -0.018076   0.260053   0.135619  -0.079182  -0.072307 
  0.132563   0.139228   1.336435  -0.869578  -0.184091   0.145990   0.017129   0.021215   0.060768   0.085084   0.121868   0.023148 
  0.178320   0.206605   0.956201  -0.824257  -0.152178   0.142094   0.045757   0.067377  -0.380234   0.045321   0.031913  -0.003896 
  0.161595   0.218946   0.799359  -0.665490  -0.192342   0.095397  -0.016725   0.012341  -0.156842   0.158767  -0.040164  -0.046697 
  0.155269   0.173171   0.748319  -0.780426  -0.159741   0.088923  -0.006326  -0.045775  -0.051040  -0.114936   0.032601  -0.006474 
  0.148643   0.188214   0.777444  -0.725193  -0.258060   0.097689  -0.006626   0.015043   0.029125   0.055233  -0.098319   0.008766 
  0.141202   0.261046   0.791967  -0.791828  -0.213828   0.105195  -0.007441   0.072832   0.014523  -0.066635   0.044232   0.007506 
  0.132699   0.237654   0.873994  -0.964918  -0.207296   0.099408  -0.008503  -0.023392   0.082027  -0.173090   0.006532  -0.005787 
  0.114146   0.429209   0.827070  -0.927676  -0.134588   0.140375  -0.018553   0.191555  -0.046924   0.037242   0.072708   0.040967 
  0.123950   0.164558   0.959532  -1.141160  -0.153266   0.126051   0.009804  -0.264651   0.132462  -0.213484  -0.018678  -0.014324 
  0.145237   0.200152   0.874310  -1.252027  -0.134129   0.166903   0.021287   0.035594  -0.085222  -0.110867   0.019137   0.040852 
  0.133218   0.163383   0.879491  -1.256439  -0.135103   0.170570  -0.012019  -0.036769   0.005181  -0.004412  -0.000974   0.003667 
  0.129577   0.128119   0.912957  -1.212092  -0.124160   0.169939  -0.003641  -0.035264   0.033466   0.044347   0.010943  -0.000631 
  0.139306   0.116503   0.968808  -1.163162  -0.134760   0.143870   0.009729  -0.011616   0.055851   0.048930  -0.010600  -0.026069 
  0.132782   0.167559   1.110235  -1.108158  -0.068125   0.173950  -0.006524   0.051056   0.141427   0.055004   0.066635   0.030080 
  0.139858   0.211667   1.194616  -1.097443  -0.028361   0.138598   0.007076   0.044108   0.084381   0.010715   0.039764  -0.035352 
  0.155907   0.155431   1.145897  -1.050690  -0.033919   0.108977   0.016049  -0.056236  -0.048719   0.046753  -0.005558  -0.029621 
  0.158761   0.164459   1.074920  -1.169006  -0.017475   0.133843   0.002854   0.009028  -0.070977  -0.118316   0.016444   0.024866 
  0.149555   0.153222   1.111945  -1.243261  -0.013694   0.148912  -0.009206  -0.011237   0.037025  -0.074255   0.003781   0.015069 
  0.151029   0.149338   1.160458  -1.282394  -0.017475   0.150974   0.001474  -0.003884   0.048513  -0.039133  -0.003781   0.002062 
  0.147090   0.135297   1.155017  -1.329319  -0.018965   0.162892  -0.003939  -0.014041  -0.005441  -0.046925  -0.001490   0.011918 
  0.143219   0.177894   1.171116  -1.334018   0.005615   0.162777  -0.003871   0.042597   0.016099  -0.004699   0.024580  -0.000115 
  0.139962   0.145674   1.198950  -1.365874  -0.006875   0.172117  -0.003257  -0.032220   0.027834  -0.031856  -0.012490   0.009340 
  0.136640   0.134361   1.215711  -1.393777  -0.006875   0.174809  -0.003322  -0.011313   0.016761  -0.027903   0.000000   0.002692 
  0.132772   0.100264   1.221474  -1.444942  -0.023377   0.172059  -0.003868  -0.034097   0.005763  -0.051165  -0.016502  -0.002750 
  0.136773   0.194135   1.220278  -1.440129  -0.023606   0.175497   0.004001   0.093871  -0.001196   0.004813  -0.000229   0.003438 
  0.133501   0.168222   1.228557  -1.410221  -0.021830   0.170111  -0.003272  -0.025913   0.008279   0.029908   0.001776  -0.005386 
  0.124952   0.109611   1.256408  -1.449354  -0.029049   0.168392  -0.008549  -0.058611   0.027851  -0.039133  -0.007219  -0.001719 
  0.111428   0.000170   1.268522  -1.505160  -0.081933   0.138828  -0.013524  -0.109441   0.012114  -0.055806  -0.052884  -0.029564 
  0.167501   0.061788   0.756370  -0.730636  -0.187472   0.063942   0.056073   0.061618  -0.512152   0.774524  -0.105539  -0.074886 
