  0.000000   0.000000   0.000000   0.000000   0.000000   0.000000   0.000000   0.000000   0.000000   0.000000   0.000000   0.000000 
  0.000011   0.037770  -0.007407  -0.062510   0.000000   0.000000   0.000011   0.037770  -0.007407  -0.062510   0.000000   0.000000 
  0.000000   0.056205   0.138468  -0.071734   0.000000   0.000000  -0.000011   0.018435   0.145875  -0.009224   0.000000   0.000000 
  0.000003   0.114684   0.251762  -0.067265   0.000000   0.000000   0.000003   0.058479   0.113294   0.004469   0.000000   0.000000 
 -0.000106   0.270484   0.229968  -0.071677  -0.007047   0.000000  -0.000109   0.155800  -0.021794  -0.004412  -0.007047   0.000000 
  0.017273   0.211081   0.296904  -0.121352  -0.052598  -0.009110   0.017379  -0.059403   0.066936  -0.049675  -0.045551  -0.009110 
  0.031619   0.094044   0.401095  -0.099867  -0.072365  -0.016788   0.014346  -0.117037   0.104191   0.021485  -0.019767  -0.007678 
  0.036921   0.189115   0.401279  -0.104909  -0.069041  -0.005672   0.005302   0.095071   0.000184  -0.005042   0.003324   0.011116 
  0.029729   0.308422   0.385848  -0.075860  -0.093965  -0.015241  -0.007192   0.119307  -0.015431   0.029049  -0.024924  -0.009569 
  0.024148   0.263454   0.312742  -0.125592  -0.085371  -0.017189  -0.005581  -0.044968  -0.073106  -0.049732   0.008594  -0.001948 
  0.019347   0.231156   0.295188  -0.104278  -0.060562  -0.013923  -0.004801  -0.032298  -0.017554   0.021314   0.024809   0.003266 
  0.029730   0.146611   0.393758  -0.122613  -0.074083  -0.009053   0.010383  -0.084545   0.098570  -0.018335  -0.013521   0.004870 
  0.033236   0.143551   0.466656  -0.133843  -0.093736   0.001375   0.003506  -0.003060   0.072898  -0.011230  -0.019653   0.010428 
  0.039696   0.251616   0.478202  -0.136708  -0.088465   0.004011   0.006460   0.108065   0.011546  -0.002865   0.005271   0.002636 
  0.033138   0.308789   0.471329  -0.125019  -0.095283  -0.011803  -0.006558   0.057173  -0.006873   0.011689  -0.006818  -0.015814 
  0.030203   0.252374   0.466318  -0.126853  -0.106513  -0.013006  -0.002935  -0.056415  -0.005011  -0.001834  -0.011230  -0.001203 
  0.027623   0.230217   0.463448  -0.119061  -0.113331  -0.020340  -0.002580  -0.022157  -0.002870   0.007792  -0.006818  -0.007334 
  0.026027   0.225807   0.420140  -0.135505  -0.116253  -0.016788  -0.001596  -0.004410  -0.043308  -0.016444  -0.002922   0.003552 
  0.023876   0.210785   0.471574  -0.123358  -0.110294  -0.009798  -0.002151  -0.015022   0.051434   0.012147   0.005959   0.006990 
  0.030726   0.175154   0.570522  -0.264076  -0.181112  -0.011001   0.006850  -0.035631   0.098948  -0.140718  -0.070818  -0.001203 
  0.025023   0.213865   0.564349  -0.335123  -0.214745  -0.024809  -0.005703   0.038711  -0.006173  -0.071047  -0.033633  -0.013808 
  0.031785   0.207757   0.557307  -0.295302  -0.204775  -0.014095   0.006762  -0.006108  -0.007042   0.039821   0.009970   0.010714 
  0.044514   0.120100   0.752065  -0.230845  -0.203572  -0.010886   0.012729  -0.087657   0.194758   0.064457   0.001203   0.003209 
  0.056628   0.093017   1.033100  -0.167590  -0.181169  -0.015183   0.012114  -0.027083   0.281035   0.063255   0.022403  -0.004297 
  0.058264   0.218763   0.975617  -0.204317  -0.235199  -0.002750   0.001636   0.125746  -0.057483  -0.036727  -0.054030   0.012433 
  0.052543   0.238038   0.757815  -0.327388  -0.173950  -0.014840  -0.005721   0.019275  -0.217802  -0.123071   0.061249  -0.012090 
  0.049293   0.260171   0.569670  -0.387033  -0.130176  -0.015126  -0.003250   0.022133  -0.188145  -0.059645   0.043774  -0.000286 
  0.050465   0.178268   0.658613  -0.373798  -0.133900  -0.014668   0.001172  -0.081903   0.088943   0.013235  -0.003724   0.000458 
  0.049864   0.109681   0.788952  -0.285276  -0.138312  -0.019366  -0.000601  -0.068587   0.130339   0.088522  -0.004412  -0.004698 
  0.047233   0.226201   0.747710  -0.287854  -0.148339  -0.011115  -0.002631   0.116520  -0.041242  -0.002578  -0.010027   0.008251 
  0.039574   0.229386   0.723669  -0.279603  -0.154641  -0.014840  -0.007659   0.003185  -0.024041   0.008251  -0.006302  -0.003725 
  0.043655   0.202466   0.729760  -0.279603  -0.151089  -0.025096   0.004081  -0.026920   0.006091   0.000000   0.003552  -0.010256 
  0.044074   0.158774   0.762104  -0.288828  -0.158079  -0.033403   0.000419  -0.043692   0.032344  -0.009225  -0.006990  -0.008307 
  0.056705   0.095937   0.951897  -0.242877  -0.189420  -0.026814   0.012631  -0.062837   0.189793   0.045951  -0.031341   0.006589 
  0.056356   0.189422   0.985095  -0.214172  -0.189993  -0.030080  -0.000349   0.093485   0.033198   0.028705  -0.000573  -0.003266 
  0.041626   0.256517   0.823761  -0.264936  -0.196467  -0.024981  -0.014730   0.067095  -0.161334  -0.050764  -0.006474   0.005099 
  0.037558   0.237519   0.664794  -0.298225  -0.196467  -0.023319  -0.004068  -0.018998  -0.158967  -0.033289   0.000000   0.001662 
  0.042377   0.125914   0.767845  -0.303496  -0.229699  -0.006875   0.004819  -0.111605   0.103051  -0.005271  -0.033232   0.016444 
  0.054444   0.122132   0.863070  -0.246200  -0.228438  -0.013006   0.012067  -0.003782   0.095225   0.057296   0.001261  -0.006131 
  0.070467   0.191015   0.955669  -0.117342  -0.244481   0.007735   0.016023   0.068883   0.092599   0.128858  -0.016043   0.020741 
  0.085110   0.194741   0.677476   0.036841  -0.329909   0.043144   0.014643   0.003726  -0.278193   0.154183  -0.085428   0.035409 
  0.030508   0.247395   0.438074   0.324180  -0.184779  -0.048014  -0.054602   0.052654  -0.239402   0.287339   0.145130  -0.091158 
  0.035424   0.250493   0.440366   0.066177  -0.089324  -0.027158   0.004916   0.003098   0.002292  -0.258003   0.095455   0.020856 
  0.044943   0.208826   0.514826   0.024523  -0.101986  -0.020283   0.009519  -0.041667   0.074460  -0.041654  -0.012662   0.006875 
  0.049589   0.148790   0.696809   0.103132  -0.198301  -0.017533   0.004646  -0.060036   0.181983   0.078609  -0.096315   0.002750 
  0.049829   0.250274   0.751622   0.096200  -0.223511  -0.007047   0.000240   0.101484   0.054813  -0.006932  -0.025210   0.010486 
  0.049362   0.249950   0.768029  -0.088637  -0.237205  -0.008938  -0.000467  -0.000324   0.016407  -0.184837  -0.013694  -0.001891 
  0.049340   0.213141   0.738473  -0.191024  -0.210734  -0.002521  -0.000022  -0.036809  -0.029556  -0.102387   0.026471   0.006417 
  0.050403   0.196654   0.756072  -0.257315  -0.200020  -0.003552   0.001063  -0.016487   0.017599  -0.066291   0.010714  -0.001031 
  0.052197   0.190434   0.763333  -0.291349  -0.210734  -0.002865   0.001794  -0.006220   0.007261  -0.034034  -0.010714   0.000687 
  0.051820   0.191012   0.752185  -0.308480  -0.196467  -0.024293  -0.000377   0.000578  -0.011148  -0.017131   0.014267  -0.021428 
  0.052097   0.189352   0.760384  -0.335123  -0.200535  -0.032601   0.000277  -0.001660   0.008199  -0.026643  -0.004068  -0.008308 
  0.051490   0.191439   0.766056  -0.349676  -0.192571  -0.031570  -0.000607   0.002087   0.005672  -0.014553   0.007964   0.001031 
  0.054092   0.185586   0.770045  -0.369902  -0.176586  -0.026528   0.002602  -0.005853   0.003989  -0.020226   0.015985   0.005042 
  0.051427   0.102014   0.787222  -0.339764  -0.146505   0.000057  -0.002665  -0.083572   0.017177   0.030138   0.030081   0.026585 
  0.054210   0.156889   0.764256  -0.295245  -0.139573   0.000630   0.002783   0.054875  -0.022966   0.044519   0.006932   0.000573 
  0.046441   0.279644   0.725874  -0.180883  -0.138312  -0.013407  -0.007769   0.122755  -0.038382   0.114362   0.001261  -0.014037 
  0.042634   0.259049   0.671262  -0.242418  -0.147594  -0.025554  -0.003807  -0.020595  -0.054612  -0.061535  -0.009282  -0.012147 
  0.042019   0.240140   0.553722  -0.334378  -0.123472  -0.012720  -0.000615  -0.018909  -0.117540  -0.091960   0.024122   0.012834 
  0.041889   0.203981   0.647411  -0.383653  -0.123472  -0.019309  -0.000130  -0.036159   0.093689  -0.049275   0.000000  -0.006589 
  0.053501   0.081177   0.918560  -0.394596  -0.156933  -0.014324   0.011612  -0.122804   0.271149  -0.010943  -0.033461   0.004985 
  0.057681   0.122165   1.179678  -0.219901  -0.152980  -0.021028   0.004180   0.040988   0.261118   0.174695   0.003953  -0.006704 
  0.050828   0.280368   0.992609  -0.259378  -0.188503  -0.024637  -0.006853   0.158203  -0.187069  -0.039477  -0.035523  -0.003609 
  0.040889   0.286381   0.746563  -0.301891  -0.168049  -0.026986  -0.009939   0.006013  -0.246046  -0.042513   0.020454  -0.002349 
  0.042348   0.235535   0.777522  -0.294672  -0.153037  -0.029106   0.001459  -0.050846   0.030959   0.007219   0.015012  -0.002120 
  0.043931   0.108420   1.092817  -0.203744  -0.124962  -0.019022   0.001583  -0.127115   0.315295   0.090928   0.028075   0.010084 
  0.045743   0.150829   1.138804  -0.250211  -0.066119  -0.015413   0.001812   0.042409   0.045987  -0.046467   0.058843   0.003609 
  0.044392   0.263523   0.955851  -0.323205  -0.135390  -0.017590  -0.001351   0.112694  -0.182953  -0.072994  -0.069271  -0.002177 
  0.048005   0.210111   0.885676  -0.341254  -0.162663  -0.029049   0.003613  -0.053412  -0.070175  -0.018049  -0.027273  -0.011459 
  0.051508   0.174437   0.869867  -0.334378  -0.171887  -0.028705   0.003503  -0.035674  -0.015809   0.006876  -0.009224   0.000344 
  0.052645   0.106831   0.922296  -0.291406  -0.171887  -0.024007   0.001137  -0.067606   0.052429   0.042972   0.000000   0.004698 
  0.052303   0.103831   1.079268  -0.226605  -0.145990  -0.025898  -0.000342  -0.003000   0.156972   0.064801   0.025897  -0.001891 
  0.050477   0.207634   0.967430  -0.295933  -0.182716  -0.020455  -0.001826   0.103803  -0.111838  -0.069328  -0.036726   0.005443 
  0.042064   0.268996   0.664804  -0.386002  -0.153152  -0.019366  -0.008413   0.061362  -0.302626  -0.090069   0.029564   0.001089 
  0.046398   0.220667   0.672034  -0.405310  -0.139515  -0.000573   0.004334  -0.048329   0.007230  -0.019308   0.013637   0.018793 
  0.049866   0.102720   0.920952  -0.318221  -0.101872  -0.030080   0.003468  -0.117947   0.248918   0.087089   0.037643  -0.029507 
  0.054946   0.044528   1.524939  -0.211765  -0.078438  -0.072651   0.005080  -0.058192   0.603987   0.106456   0.023434  -0.042571 
  0.053863   0.064777   1.934890  -0.103992  -0.083652  -0.066807  -0.001083   0.020249   0.409951   0.107773  -0.005214   0.005844 
  0.060310   0.195042   1.906754  -0.077578  -0.108805  -0.065031   0.006447   0.130265  -0.028136   0.026414  -0.025153   0.001776 
  0.057385   0.195212   1.502562   0.003495  -0.339019  -0.013293  -0.002925   0.000170  -0.404192   0.081073  -0.230214   0.051738 
  0.021997   0.260415   0.640532   0.091902  -0.379183  -0.079412  -0.035388   0.065203  -0.862030   0.088407  -0.040164  -0.066119 
  0.005625   0.232842   0.320589   0.051795  -0.293698  -0.134760  -0.016372  -0.027573  -0.319943  -0.040107   0.085485  -0.055348 
  0.017755   0.199518   0.344496  -0.119805  -0.136249  -0.059645   0.012130  -0.033324   0.023907  -0.171600   0.157449   0.075115 
  0.026564   0.212159   0.468020  -0.144786  -0.087147  -0.025669   0.008809   0.012641   0.123524  -0.024981   0.049102   0.033976 
  0.041180   0.084718   0.818348  -0.233767  -0.128171  -0.033461   0.014616  -0.127441   0.350328  -0.088981  -0.041024  -0.007792 
  0.028334   0.201673   0.900468  -0.158022   0.078667   0.005787  -0.012846   0.116955   0.082120   0.075745   0.206838   0.039248 
  0.053567   0.189217   0.999592  -0.072823  -0.017991  -0.019710   0.025233  -0.012456   0.099124   0.085199  -0.096658  -0.025497 
  0.047796   0.189165   0.836145   0.262988  -0.066921   0.013980  -0.005771  -0.000052  -0.163447   0.335811  -0.048930   0.033690 
  0.063237   0.144950   1.072670   0.033862  -0.053170   0.018105   0.015441  -0.044215   0.236525  -0.229126   0.013751   0.004125 
  0.064612   0.280126   1.081665  -0.005844  -0.047212   0.003495   0.001375   0.135176   0.008995  -0.039706   0.005958  -0.014610 
  0.062762   0.300610   1.054528  -0.007105  -0.068239  -0.026127  -0.001850   0.020484  -0.027137  -0.001261  -0.021027  -0.029622 
  0.063781   0.239837   1.060628  -0.059473  -0.043144  -0.022288   0.001019  -0.060773   0.006100  -0.052368   0.025095   0.003839 
  0.064913   0.218347   1.068958  -0.090585  -0.055061  -0.022689   0.001132  -0.021490   0.008330  -0.031112  -0.011917  -0.000401 
  0.054955   0.218139   1.074592  -0.107601  -0.052483  -0.046811  -0.009958  -0.000208   0.005634  -0.017016   0.002578  -0.024122 
  0.052688   0.207124   1.065130  -0.105825  -0.065203  -0.041253  -0.002267  -0.011015  -0.009462   0.001776  -0.012720   0.005558 
  0.058237   0.131167   1.083973  -0.096429  -0.015011  -0.027502   0.005549  -0.075957   0.018843   0.009396   0.050192   0.013751 
  0.060282   0.147744   1.198634  -0.133041  -0.033805  -0.006474   0.002045   0.016577   0.114661  -0.036612  -0.018794   0.021028 
  0.064011   0.212647   1.194141  -0.127426  -0.042055   0.005672   0.003729   0.064903  -0.004493   0.005615  -0.008250   0.012146 
  0.052348   0.289939   1.140481  -0.109320  -0.052598  -0.026184  -0.011663   0.077292  -0.053660   0.018106  -0.010543  -0.031856 
  0.050470   0.248015   1.120558  -0.095684  -0.068698  -0.028820  -0.001878  -0.041924  -0.019923   0.013636  -0.016100  -0.002636 
  0.049697   0.196598   1.119260  -0.124103  -0.052598  -0.024064  -0.000773  -0.051417  -0.001298  -0.028419   0.016100   0.004756 
  0.044032   0.198001   1.091049  -0.088236  -0.002922  -0.029450  -0.005665   0.001403  -0.028211   0.035867   0.049676  -0.005386 
  0.042194   0.124386   1.153227  -0.093564  -0.022861  -0.023377  -0.001838  -0.073615   0.062178  -0.005328  -0.019939   0.006073 
  0.044249   0.176772   1.174052  -0.090355  -0.025611  -0.015298   0.002055   0.052386   0.020825   0.003209  -0.002750   0.008079 
  0.038535   0.301110   1.130364  -0.066979  -0.061478  -0.020684  -0.005714   0.124338  -0.043688   0.023376  -0.035867  -0.005386 
  0.044404   0.225547   1.134570  -0.055691  -0.070474  -0.036669   0.005869  -0.075563   0.004206   0.011288  -0.008996  -0.015985 
  0.050125   0.121558   1.207784  -0.078209  -0.070474  -0.028075   0.005721  -0.103989   0.073214  -0.022518   0.000000   0.008594 
  0.051495   0.197940   1.203221  -0.074026  -0.053342  -0.024924   0.001370   0.076382  -0.004563   0.004183   0.017132   0.003151 
  0.056153   0.253168   1.199652  -0.062395  -0.057353  -0.032716   0.004658   0.055228  -0.003569   0.011631  -0.004011  -0.007792 
  0.056903   0.195024   1.198781  -0.094538  -0.056093  -0.035294   0.000750  -0.058144  -0.000871  -0.032143   0.001260  -0.002578 
  0.055942   0.210823   1.140431  -0.117857  -0.079641  -0.028648  -0.000961   0.015799  -0.058350  -0.023319  -0.023548   0.006646 
  0.059982   0.168434   1.085395  -0.164955  -0.079068  -0.035638   0.004040  -0.042389  -0.055036  -0.047098   0.000573  -0.006990 
  0.056064   0.107951   0.987286  -0.325956  -0.096028  -0.012376  -0.003918  -0.060483  -0.098109  -0.161001  -0.016960   0.023262 
  0.056793   0.194823   0.977427  -0.294901  -0.090298  -0.022288   0.000729   0.086872  -0.009859   0.031055   0.005730  -0.009912 
  0.053265   0.252546   0.990053  -0.192227  -0.098778  -0.022918  -0.003528   0.057723   0.012626   0.102674  -0.008480  -0.000630 
  0.052705   0.165497   1.098829  -0.130119  -0.051280  -0.030825  -0.000560  -0.087049   0.108776   0.062108   0.047498  -0.007907 
  0.057147   0.120303   1.171139  -0.137854  -0.053228  -0.029278   0.004442  -0.045194   0.072310  -0.007735  -0.001948   0.001547 
  0.054448   0.191347   1.180947  -0.133900  -0.063827  -0.025840  -0.002699   0.071044   0.009808   0.003954  -0.010599   0.003438 
  0.054827   0.259736   1.153790  -0.138140  -0.089324  -0.028992   0.000379   0.068389  -0.027157  -0.004240  -0.025497  -0.003152 
  0.051646   0.208604   1.152375  -0.117686  -0.072536  -0.037070  -0.003181  -0.051132  -0.001415   0.020454   0.016788  -0.008078 
  0.058109   0.128567   1.207389  -0.130176  -0.062911  -0.017533   0.006463  -0.080037   0.055014  -0.012490   0.009625   0.019537 
  0.059111   0.150213   1.241569  -0.130233  -0.062911  -0.015699   0.001002   0.021646   0.034180  -0.000057   0.000000   0.001834 
  0.061903   0.174031   1.278862  -0.135619  -0.062911  -0.013694   0.002792   0.023818   0.037293  -0.005386   0.000000   0.002005 
  0.063653   0.149016   1.364287  -0.121123  -0.075057  -0.012319   0.001750  -0.025015   0.085425   0.014496  -0.012146   0.001375 
  0.068904   0.130415   1.448218  -0.136192  -0.136479  -0.006933   0.005251  -0.018601   0.083931  -0.015069  -0.061422   0.005386 
  0.068760   0.229421   1.410616  -0.098320  -0.104450  -0.005901  -0.000144   0.099006  -0.037602   0.037872   0.032029   0.001032 
  0.061368   0.174523   1.468784  -0.265108  -0.153667  -0.024351  -0.007392  -0.054898   0.058168  -0.166788  -0.049217  -0.018450 
  0.045677   0.147700   1.166743  -0.156188  -0.171257  -0.015928  -0.015691  -0.026823  -0.302041   0.108920  -0.017590   0.008423 
  0.052170   0.110540   0.743279  -0.201738  -0.172861  -0.014439   0.006493  -0.037160  -0.423464  -0.045550  -0.001604   0.001489 
  0.050718   0.064707   0.800659  -0.157277  -0.175210  -0.007907  -0.001452  -0.045833   0.057380   0.044461  -0.002349   0.006532 
  0.052979   0.038732   1.057440  -0.087376  -0.127254   0.009110   0.002261  -0.025975   0.256781   0.069901   0.047956   0.017017 
  0.054058   0.195504   1.044886  -0.079355  -0.125535   0.003151   0.001079   0.156772  -0.012554   0.008021   0.001719  -0.005959 
  0.054323   0.174547   1.066619  -0.109951  -0.152006  -0.006990   0.000265  -0.020957   0.021733  -0.030596  -0.026471  -0.010141 
  0.056322   0.125343   1.065916  -0.137739  -0.181971  -0.011516   0.001999  -0.049204  -0.000703  -0.027788  -0.029965  -0.004526 
  0.060102   0.073262   1.100845  -0.105138  -0.161173  -0.001146   0.003780  -0.052081   0.034929   0.032601   0.020798   0.010370 
  0.067353   0.091750   1.226136  -0.100268  -0.153553   0.006818   0.007251   0.018488   0.125291   0.004870   0.007620   0.007964 
  0.064152   0.166850   1.224707  -0.125478  -0.166215  -0.001318  -0.003201   0.075100  -0.001429  -0.025210  -0.012662  -0.008136 
  0.060737   0.249601   0.914839  -0.258232  -0.207869  -0.004240  -0.003415   0.082751  -0.309868  -0.132754  -0.041654  -0.002922 
  0.066023   0.223136   0.836146  -0.474810  -0.166215  -0.028304   0.005286  -0.026465  -0.078693  -0.216578   0.041654  -0.024064 
  0.060374   0.208655   0.830953  -0.530387  -0.166215  -0.025955  -0.005649  -0.014481  -0.005193  -0.055577   0.000000   0.002349 
  0.076562   0.061122   1.061286  -0.411670  -0.166215  -0.014610   0.016188  -0.147533   0.230333   0.118717   0.000000   0.011345 
  0.126607   0.033401   1.478551  -0.312319   0.010485  -0.018449   0.050045  -0.027721   0.417265   0.099351   0.176700  -0.003839 
  0.153224   0.200401   1.229556  -0.155329  -0.147995   0.006704   0.026617   0.167000  -0.248995   0.156990  -0.158480   0.025153 
  0.077776   0.137940   0.901517  -0.175039  -0.208958  -0.001833  -0.075448  -0.062461  -0.328039  -0.019710  -0.060963  -0.008537 
  0.047088   0.193248   0.651371  -0.087663  -0.190279  -0.003094  -0.030688   0.055308  -0.250146   0.087376   0.018679  -0.001261 
  0.059290   0.220375   0.614092  -0.298053  -0.164725  -0.015126   0.012202   0.027127  -0.037279  -0.210390   0.025554  -0.012032 
  0.059356   0.187705   0.609835  -0.354833  -0.159511  -0.008824   0.000066  -0.032670  -0.004257  -0.056780   0.005214   0.006302 
  0.067901   0.089360   0.863031  -0.245799  -0.214859  -0.008422   0.008545  -0.098345   0.253196   0.109034  -0.055348   0.000402 
  0.095564   0.070219   1.286390   0.010600  -0.182831   0.025210   0.027663  -0.019141   0.423359   0.256399   0.032028   0.033632 
  0.117226   0.159170   1.625133   0.092991  -0.316215   0.017189   0.021662   0.088951   0.338743   0.082391  -0.133384  -0.008021 
  0.101462   0.249810   1.471710   0.098778  -0.309168   0.011173  -0.015764   0.090640  -0.153423   0.005787   0.007047  -0.006016 
  0.102908   0.187330   1.434382   0.088637  -0.305673   0.006818   0.001446  -0.062480  -0.037328  -0.010141   0.003495  -0.004355 
  0.092375   0.117442   1.502944   0.038789  -0.335180   0.018965  -0.010533  -0.069888   0.068562  -0.049848  -0.029507   0.012147 
  0.078184   0.090377   1.357935   0.055405  -0.293011   0.026012  -0.014191  -0.027065  -0.145009   0.016616   0.042169   0.007047 
  0.092939   0.109278   1.613654   0.174809  -0.371277   0.023090   0.014755   0.018901   0.255719   0.119404  -0.078266  -0.002922 
  0.100315   0.215627   1.562584   0.179508  -0.355406   0.011746   0.007376   0.106349  -0.051070   0.004699   0.015871  -0.011344 
  0.101577   0.242676   2.023453   0.143526  -0.159053   0.018507   0.001262   0.027049   0.460869  -0.035982   0.196353   0.006761 
  0.110387   0.031108   2.083813   0.148969  -0.204030  -0.051108   0.008810  -0.211568   0.060360   0.005443  -0.044977  -0.069615 
  0.081479  -0.044052   1.657766   0.205864  -0.279489  -0.062968  -0.028908  -0.075160  -0.426047   0.056895  -0.075459  -0.011860 
  0.053828  -0.200247   2.192200   0.084110  -0.034664  -0.000458  -0.027651  -0.156195   0.534434  -0.121754   0.244825   0.062510 
  0.132270  -0.231709   2.179192   0.215776  -0.202541   0.177674   0.078442  -0.031462  -0.013008   0.131666  -0.167877   0.178132 
  0.128679  -0.105928   2.354728   0.223052   0.011459   0.200249  -0.003591   0.125781   0.175536   0.007276   0.214000   0.022575 
  0.067234   0.029384   2.518286   0.234741   0.028533   0.191712  -0.061445   0.135312   0.163558   0.011689   0.017074  -0.008537 
  0.080259   0.081108   2.305892   0.200764   0.059530   0.169309   0.013025   0.051724  -0.212394  -0.033977   0.030997  -0.022403 
  0.015604   0.165148   1.621748   0.064229   0.555597   0.160715  -0.064655   0.084040  -0.684144  -0.136535   0.496067  -0.008594 
  0.014632   0.106704   1.570802   0.081131   0.476987   0.149427  -0.000972  -0.058444  -0.050946   0.016902  -0.078610  -0.011288 
  0.032388   0.109692   1.451875   0.518871   0.221735   0.114477   0.017756   0.002988  -0.118927   0.437740  -0.255252  -0.034950 
  0.036062   0.126284   1.157254   0.834914   0.005959   0.114477   0.003674   0.016592  -0.294621   0.316043  -0.215776   0.000000 
  0.021898   0.375796   1.218655   0.776243   0.062452   0.114477  -0.014164   0.249512   0.061401  -0.058671   0.056493   0.000000 
  0.038528   0.338276   1.359420   0.655464   0.006131   0.077177   0.016630  -0.037520   0.140765  -0.120779  -0.056321  -0.037300 
  0.042011   0.242132   1.414544   0.530674  -0.060275   0.084053   0.003483  -0.096144   0.055124  -0.124790  -0.066406   0.006876 
  0.049002   0.210192   1.310177   0.241158  -0.137453   0.043602   0.006991  -0.031940  -0.104367  -0.289516  -0.077178  -0.040451 
  0.050846   0.159160   1.298539   0.109893  -0.108576   0.044060   0.001844  -0.051032  -0.011638  -0.131265   0.028877   0.000458 
  0.062427   0.060280   1.558824   0.181628  -0.204088   0.041482   0.011581  -0.098880   0.260285   0.071735  -0.095512  -0.002578 
  0.063686   0.080560   1.839835   0.297480  -0.107945   0.064286   0.001259   0.020280   0.281011   0.115852   0.096143   0.022804 
  0.064077   0.097861   2.034533   0.204775  -0.062452   0.068468   0.000391   0.017301   0.194698  -0.092705   0.045493   0.004182 
  0.064119   0.213667   1.857011   0.222594  -0.062166   0.063541   0.000042   0.115806  -0.177522   0.017819   0.000286  -0.004927 
  0.068329   0.257493   1.736098   0.278859  -0.119118   0.044175   0.004210   0.043826  -0.120913   0.056265  -0.056952  -0.019366 
  0.064484   0.191101   1.782272   0.244309  -0.122326   0.034779  -0.003845  -0.066392   0.046174  -0.034550  -0.003208  -0.009396 
  0.063129   0.133694   1.923862   0.033518  -0.059702  -0.004927  -0.001355  -0.057407   0.141590  -0.210791   0.062624  -0.039706 
  0.058684   0.069043   2.161706  -0.083709  -0.053686  -0.013350  -0.004445  -0.064651   0.237844  -0.117227   0.006016  -0.008423 
  0.071283   0.087379   2.276103  -0.076146  -0.065833  -0.017934   0.012599   0.018336   0.114397   0.007563  -0.012147  -0.004584 
  0.072940   0.199568   1.892327   0.394711  -0.078610  -0.024465   0.001657   0.112189  -0.383776   0.470857  -0.012777  -0.006531 
  0.066742   0.108149   2.198285   0.183175  -0.033289   0.008480  -0.006198  -0.091419   0.305958  -0.211536   0.045321   0.032945 
  0.072167   0.199420   2.177959  -0.080157  -0.021658   0.013178   0.005425   0.091271  -0.020326  -0.263332   0.011631   0.004698 
  0.042731   0.165906   2.105533  -0.135218   0.041196   0.008480  -0.029436  -0.033514  -0.072426  -0.055061   0.062854  -0.004698 
  0.015227   0.212256   1.657857   0.235944  -0.088121   0.088407  -0.027504   0.046350  -0.447676   0.371162  -0.129317   0.079927 
  0.016979   0.253984   1.391373   0.566884   0.017303   0.090355   0.001752   0.041728  -0.266484   0.330940   0.105424   0.001948 
  0.024025   0.349929   1.224095   0.562759   0.040394   0.091960   0.007046   0.095945  -0.167278  -0.004125   0.023091   0.001605 
  0.014049   0.282646   1.098558   0.420608  -0.009683   0.073281  -0.009976  -0.067283  -0.125537  -0.142151  -0.050077  -0.018679 
  0.018651   0.220755   1.077929   0.362682  -0.024179   0.057697   0.004602  -0.061891  -0.020629  -0.057926  -0.014496  -0.015584 
  0.024142   0.147932   1.161104   0.291922  -0.061879   0.053342   0.005491  -0.072823   0.083175  -0.070760  -0.037700  -0.004355 
  0.020982   0.081439   1.260672   0.207124  -0.063598   0.079527  -0.003160  -0.066493   0.099568  -0.084798  -0.001719   0.026185 
  0.030473   0.216722   1.262359   0.178992  -0.052655   0.061994   0.009491   0.135283   0.001687  -0.028132   0.010943  -0.017533 
  0.026828   0.292089   1.155690   0.170054  -0.063999   0.057410  -0.003645   0.075367  -0.106669  -0.008938  -0.011344  -0.004584 
  0.039028   0.218914   1.119840   0.120608  -0.100554   0.022288   0.012200  -0.073175  -0.035850  -0.049446  -0.036555  -0.035122 
  0.041552   0.180153   1.108744   0.067953  -0.102216   0.013006   0.002524  -0.038761  -0.011096  -0.052655  -0.001662  -0.009282 
  0.042123   0.116348   1.156294   0.060046  -0.108404   0.028934   0.000571  -0.063805   0.047550  -0.007907  -0.006188   0.015928 
  0.055612   0.141573   1.256125   0.056150  -0.088293   0.041253   0.013489   0.025225   0.099831  -0.003896   0.020111   0.012319 
  0.066440   0.150904   1.383305   0.070989  -0.071562   0.065145   0.010828   0.009331   0.127180   0.014839   0.016731   0.023892 
  0.060866   0.171010   1.413807   0.066578  -0.074599   0.058556  -0.005574   0.020106   0.030502  -0.004411  -0.003037  -0.006589 
  0.061000   0.261409   1.333355   0.057697  -0.100497   0.041196   0.000134   0.090399  -0.080452  -0.008881  -0.025898  -0.017360 
  0.056604   0.212266   1.238976   0.022231  -0.123186   0.015069  -0.004396  -0.049143  -0.094379  -0.035466  -0.022689  -0.026127 
  0.060591   0.197401   1.220464  -0.022632  -0.144500   0.003724   0.003987  -0.014865  -0.018512  -0.044863  -0.021314  -0.011345 
  0.056720   0.171733   1.183873  -0.006303  -0.154699   0.012319  -0.003871  -0.025668  -0.036591   0.016329  -0.010199   0.008595 
  0.058533   0.189359   1.177074  -0.014381  -0.182258   0.013694   0.001813   0.017626  -0.006799  -0.008078  -0.027559   0.001375 
  0.061879   0.158294   1.209957  -0.057697  -0.187243   0.006417   0.003346  -0.031065   0.032883  -0.043316  -0.004985  -0.007277 
  0.063712   0.095155   1.293311   0.003610  -0.172919   0.016845   0.001833  -0.063139   0.083354   0.061307   0.014324   0.010428 
  0.076188   0.073365   1.577252   0.173377  -0.278973   0.034721   0.012476  -0.021790   0.283941   0.169767  -0.106054   0.017876 
  0.085107   0.169078   1.719771   0.116941  -0.236345   0.030252   0.008919   0.095713   0.142519  -0.056436   0.042628  -0.004469 
  0.084977   0.225785   1.704806   0.089725  -0.260123   0.018335  -0.000130   0.056707  -0.014965  -0.027216  -0.023778  -0.011917 
  0.076083   0.198569   1.855791   0.074542  -0.140375   0.021314  -0.008894  -0.027216   0.150985  -0.015183   0.119748   0.002979 
  0.076130   0.139931   1.906608   0.036211  -0.146734   0.013465   0.000047  -0.058638   0.050817  -0.038331  -0.006359  -0.007849 
  0.076129   0.161805   1.914695   0.018220  -0.154298   0.013694  -0.000001   0.021874   0.008087  -0.017991  -0.007564   0.000229 
  0.073560   0.171067   1.846096   0.026929  -0.146677   0.019538  -0.002569   0.009262  -0.068599   0.008709   0.007621   0.005844 
  0.085488   0.169754   1.781692  -0.031398  -0.232392   0.005042   0.011928  -0.001313  -0.064404  -0.058327  -0.085715  -0.014496 
  0.093528   0.111377   1.786701  -0.105482  -0.281838   0.021199   0.008040  -0.058377   0.005009  -0.074084  -0.049446   0.016157 
  0.065172   0.231587   1.123334  -0.025038  -0.282640  -0.001833  -0.028356   0.120210  -0.663367   0.080444  -0.000802  -0.023032 
  0.065862   0.257061   0.859003  -0.012204  -0.344806  -0.000859   0.000690   0.025474  -0.264331   0.012834  -0.062166   0.000974 
  0.066362   0.133362   1.151248   0.085772  -0.225917  -0.012089   0.000500  -0.123699   0.292245   0.097976   0.118889  -0.011230 
  0.073528   0.149294   1.336986   0.185065  -0.310830   0.014897   0.007166   0.015932   0.185738   0.099293  -0.084913   0.026986 
  0.074098   0.241697   1.346945   0.105023  -0.279374   0.011803   0.000570   0.092403   0.009959  -0.080042   0.031456  -0.003094 
  0.065544   0.247452   1.216579   0.088121  -0.206780   0.008365  -0.008554   0.005755  -0.130366  -0.016902   0.072594  -0.003438 
  0.055258   0.233876   1.082515   0.111498  -0.194920  -0.005500  -0.010286  -0.013576  -0.134064   0.023377   0.011860  -0.013865 
  0.051880   0.220369   1.039802   0.125191  -0.223797   0.005558  -0.003378  -0.013507  -0.042713   0.013693  -0.028877   0.011058 
  0.051838   0.212968   1.081177   0.073167  -0.165528   0.010600  -0.000042  -0.007401   0.041375  -0.052024   0.058269   0.005042 
  0.064374   0.148762   1.174438   0.171372  -0.170741   0.003724   0.012536  -0.064206   0.093261   0.098205  -0.005213  -0.006876 
  0.048274   0.076854   1.411994   0.352484  -0.184607   0.009397  -0.016100  -0.071908   0.237556   0.181112  -0.013866   0.005673 
  0.058129   0.217600   1.370265   0.177502  -0.236689   0.031570   0.009855   0.140746  -0.041729  -0.174982  -0.052082   0.022173 
  0.058195   0.244035   1.368471   0.142036  -0.256399   0.022173   0.000066   0.026435  -0.001794  -0.035466  -0.019710  -0.009397 
  0.056660   0.178736   1.397017   0.154126  -0.272441   0.011574  -0.001535  -0.065299   0.028546   0.012090  -0.016042  -0.010599 
  0.063449   0.170719   1.391129   0.191196  -0.277655   0.014209   0.006789  -0.008017  -0.005888   0.037070  -0.005214   0.002635 
  0.060607   0.159106   1.392601   0.177388  -0.266139   0.008652  -0.002842  -0.011613   0.001472  -0.013808   0.011516  -0.005557 
  0.060652   0.159471   1.405183   0.177560  -0.273358   0.016788   0.000045   0.000365   0.012582   0.000172  -0.007219   0.008136 
  0.053025   0.109566   1.560540   0.230558  -0.347900   0.027387  -0.007627  -0.049905   0.155357   0.052998  -0.074542   0.010599 
  0.066090   0.100180   1.715876   0.266540  -0.252560   0.008079   0.013065  -0.009386   0.155336   0.035982   0.095340  -0.019308 
  0.070997   0.171264   1.526610   0.229527  -0.266884  -0.017704   0.004907   0.071084  -0.189266  -0.037013  -0.014324  -0.025783 
  0.063081   0.198223   1.270437   0.070875  -0.185581  -0.022288  -0.007916   0.026959  -0.256173  -0.158652   0.081303  -0.004584 
  0.069619   0.204514   1.340837   0.019595  -0.106341  -0.024293   0.006538   0.006291   0.070400  -0.051280   0.079240  -0.002005 
  0.129102   0.116034   1.568374   0.089381  -0.283213  -0.008422   0.059483  -0.088480   0.227537   0.069786  -0.176872   0.015871 
  0.116558   0.123461   1.818809   0.104336  -0.064515  -0.008594  -0.012544   0.007427   0.250435   0.014955   0.218698  -0.000172 
  0.099275   0.129436   1.925585   0.080271  -0.041998   0.002578  -0.017283   0.005975   0.106776  -0.024065   0.022517   0.011172 
  0.098111   0.267610   1.714985   0.206208  -0.130348  -0.014897  -0.001164   0.138174  -0.210600   0.125937  -0.088350  -0.017475 
  0.098010   0.223533   1.498864   0.209703  -0.137624  -0.021658  -0.000101  -0.044077  -0.216121   0.003495  -0.007276  -0.006761 
  0.090946   0.160536   1.394891   0.097346  -0.063197  -0.019022  -0.007064  -0.062997  -0.103973  -0.112357   0.074427   0.002636 
  0.097178   0.080543   1.612128   0.233366  -0.137796  -0.012376   0.006232  -0.079993   0.217237   0.136020  -0.074599   0.006646 
  0.090759   0.166539   1.549400   0.282812  -0.118373   0.001375  -0.006419   0.085996  -0.062728   0.049446   0.019423   0.013751 
  0.075418   0.248599   1.506873   0.358557  -0.141807  -0.001891  -0.015341   0.082060  -0.042527   0.075745  -0.023434  -0.003266 
  0.075770   0.164693   1.472627   0.253935  -0.192915  -0.004240   0.000352  -0.083906  -0.034246  -0.104622  -0.051108  -0.002349 
  0.085455   0.180187   1.598534   0.196181  -0.228438   0.004526   0.009685   0.015494   0.125907  -0.057754  -0.035523   0.008766 
  0.084127   0.071594   1.735207   0.213541  -0.171429   0.009110  -0.001328  -0.108593   0.136673   0.017360   0.057009   0.004584 
  0.093953   0.145797   1.866070   0.217953  -0.124332   0.018965   0.009826   0.074203   0.130863   0.004412   0.047097   0.009855 
  0.083818   0.202767   1.909812   0.140604  -0.072536   0.007620  -0.010135   0.056970   0.043742  -0.077349   0.051796  -0.011345 
  0.067442   0.217778   1.348281   0.055290  -0.139573  -0.000630  -0.016376   0.015011  -0.561531  -0.085314  -0.067037  -0.008250 
  0.059557   0.259826   1.012124  -0.063197  -0.100783   0.004469  -0.007885   0.042048  -0.336157  -0.118487   0.038790   0.005099 
  0.062232   0.147381   1.155619  -0.062510  -0.108461   0.009855   0.002675  -0.112445   0.143495   0.000687  -0.007678   0.005386 
  0.088423   0.057752   1.652477   0.174924  -0.266998   0.027445   0.026191  -0.089629   0.496858   0.237434  -0.158537   0.017590 
  0.086730   0.169582   1.599807   0.172288  -0.258805   0.042112  -0.001693   0.111830  -0.052670  -0.002636   0.008193   0.014667 
  0.066531   0.237188   1.203261   0.028132  -0.120608   0.053056  -0.020199   0.067606  -0.396546  -0.144156   0.138197   0.010944 
  0.023488   0.237908   0.816375   0.576739   0.018449   0.084970  -0.043043   0.000720  -0.386886   0.548607   0.139057   0.031914 
 -0.009068   0.131850   1.050986   1.130790   0.314783   0.174294  -0.032556  -0.106058   0.234611   0.554051   0.296334   0.089324 
  0.041872   0.069260   1.611145   0.873646   0.117743   0.118660   0.050940  -0.062590   0.560159  -0.257144  -0.197040  -0.055634 
  0.054042   0.112237   1.940569   0.668986   0.029164   0.115279   0.012170   0.042977   0.329424  -0.204660  -0.088579  -0.003381 
  0.046143   0.243206   1.819274   0.779681   0.096773   0.091731  -0.007899   0.130969  -0.121295   0.110695   0.067609  -0.023548 
  0.058443   0.257053   1.592566   0.814001   0.070818   0.082334   0.012300   0.013847  -0.226708   0.034320  -0.025955  -0.009397 
  0.007550   0.241819   1.080088   0.562816  -0.178706  -0.006532  -0.050893  -0.015234  -0.512478  -0.251185  -0.249524  -0.088866 
 -0.001915   0.275377   0.896426   0.558863  -0.059702   0.006417  -0.009465   0.033558  -0.183662  -0.003953   0.119004   0.012949 
  0.019145   0.145066   1.292696   0.665720  -0.158824  -0.006933   0.021060  -0.130311   0.396270   0.106857  -0.099122  -0.013350 
  0.058244   0.015020   1.926890   0.457679  -0.067036   0.030252   0.039099  -0.130046   0.634194  -0.208041   0.091788   0.037185 
  0.070084   0.041209   2.145688   0.262185  -0.025038   0.030252   0.011840   0.026189   0.218798  -0.195494   0.041998   0.000000 
  0.054639   0.159070   1.982563   0.184435  -0.106169   0.030252  -0.015445   0.117861  -0.163125  -0.077750  -0.081131   0.000000 
  0.020883   0.179552   1.109804  -0.070932  -0.131379   0.003552  -0.033756   0.020482  -0.872759  -0.255367  -0.025210  -0.026700 
 -0.050255   0.239901   0.663229  -0.200249   0.375517   0.010772  -0.071138   0.060349  -0.446575  -0.129317   0.506896   0.007220 
 -0.157425   0.330147   0.683604  -0.016272   0.986404   0.047040  -0.107170   0.090246   0.020375   0.183977   0.610887   0.036268 
 -0.197045   0.421607   0.853481  -0.067953   1.076072   0.047269  -0.039620   0.091460   0.169877  -0.051681   0.089668   0.000229 
 -0.146888   0.211106   1.123886  -0.011001   0.887855   0.151719   0.050157  -0.210501   0.270405   0.056952  -0.188217   0.104450 
 -0.075920   0.144631   2.016965   0.475383   0.529069   0.266024   0.070968  -0.066475   0.893079   0.486384  -0.358786   0.114305 
 -0.029419   0.172518   2.462384   0.560582   0.521392   0.276452   0.046501   0.027887   0.445419   0.085199  -0.007677   0.010428 
  0.014111   0.186892   2.830611   0.536403   0.373511   0.242533   0.043530   0.014374   0.368227  -0.024179  -0.147881  -0.033919 
 -0.001109   0.273824   2.457293   0.363313   0.218755   0.214057  -0.015220   0.086932  -0.373318  -0.173090  -0.154756  -0.028476 
 -0.008065   0.375021   1.456905   0.197327   0.331857   0.150573  -0.006956   0.101197  -1.000388  -0.165986   0.113102  -0.063484 
 -0.000121   0.315743   0.314022  -0.184091   0.036841   0.111039   0.007944  -0.059278  -1.142883  -0.381418  -0.295016  -0.039534 
 -0.001859   0.150171   0.124791  -0.067724  -0.139171  -0.005730  -0.001738  -0.165572  -0.189231   0.116367  -0.176012  -0.116769 
 -0.009436   0.142686   0.297049   0.100382  -0.084339   0.011918  -0.007577  -0.007485   0.172258   0.168106   0.054832   0.017648 
  0.015594   0.068534   1.002070   0.425135  -0.139171   0.039018   0.025030  -0.074152   0.705021   0.324753  -0.054832   0.027100 
  0.048089   0.133941   1.516080   0.504776  -0.192514   0.046123   0.032495   0.065407   0.514010   0.079641  -0.053343   0.007105 
  0.046638   0.222206   1.594349   0.475268  -0.155100   0.043258  -0.001451   0.088265   0.078269  -0.029508   0.037414  -0.002865 
  0.051006   0.191660   1.555599   0.427140  -0.206723   0.029221   0.004368  -0.030546  -0.038750  -0.048128  -0.051623  -0.014037 
  0.006616   0.286437   0.794581   0.256169  -0.140145   0.033461  -0.044390   0.094777  -0.761018  -0.170971   0.066578   0.004240 
 -0.015644   0.311428   0.415059  -0.052483   0.011001   0.046753  -0.022260   0.024991  -0.379522  -0.308652   0.151146   0.013292 
 -0.004345   0.223714   0.478323  -0.056952  -0.030309   0.036268   0.011299  -0.087714   0.063264  -0.004469  -0.041310  -0.010485 
  0.053286   0.172552   1.114018   0.111154  -0.070818   0.019481   0.057631  -0.051162   0.635695   0.168106  -0.040509  -0.016787 
  0.055136   0.198902   1.309801   0.115451   0.010829   0.097861   0.001850   0.026350   0.195783   0.004297   0.081647   0.078380 
  0.063169   0.248524   1.571505   0.350077   0.020512   0.078495   0.008033   0.049622   0.261704   0.234626   0.009683  -0.019366 
  0.076698   0.210640   1.652868   0.403763  -0.065718   0.043373   0.013529  -0.037884   0.081363   0.053686  -0.086230  -0.035122 
  0.062918   0.214055   1.562585   0.353801  -0.098320   0.025267  -0.013780   0.003415  -0.090283  -0.049962  -0.032602  -0.018106 
  0.072999   0.115004   1.644712   0.528210  -0.093278   0.020684   0.010081  -0.099051   0.082127   0.174409   0.005042  -0.004583 
  0.100529   0.090581   1.721816   0.750288  -0.184492   0.028877   0.027530  -0.024423   0.077104   0.222078  -0.091214   0.008193 
  0.087674   0.214913   2.103093   0.472461  -0.107430   0.098148  -0.012855   0.124332   0.381277  -0.277827   0.077062   0.069271 
  0.088748   0.075084   2.117193   0.289286   0.018507   0.050306   0.001074  -0.139829   0.014100  -0.183175   0.125937  -0.047842 
  0.099266   0.108046   2.214254   0.294672  -0.026528   0.035982   0.010518   0.032962   0.097061   0.005386  -0.045035  -0.014324 
  0.109646   0.070437   2.167013   0.345035  -0.054717   0.032315   0.010380  -0.037609  -0.047241   0.050363  -0.028189  -0.003667 
  0.121078   0.136750   2.019410   0.457048  -0.042972   0.045722   0.011432   0.066313  -0.147603   0.112013   0.011745   0.013407 
  0.108733   0.086232   2.091954   0.242418  -0.013121   0.041883  -0.012345  -0.050518   0.072544  -0.214630   0.029851  -0.003839 
  0.112950   0.086448   2.103304   0.182201  -0.040680   0.035008   0.004217   0.000216   0.011350  -0.060217  -0.027559  -0.006875 
  0.102874   0.091696   2.087022   0.141635  -0.046066   0.022632  -0.010076   0.005248  -0.016282  -0.040566  -0.005386  -0.012376 
  0.098897   0.124942   1.945740   0.027330  -0.068640   0.031971  -0.003977   0.033246  -0.141282  -0.114305  -0.022574   0.009339 
  0.092010   0.103521   1.621478  -0.190222  -0.248434   0.019538  -0.006887  -0.021421  -0.324262  -0.217552  -0.179794  -0.012433 
  0.105416   0.086844   1.484250  -0.146047  -0.246830   0.025038   0.013406  -0.016677  -0.137228   0.044175   0.001604   0.005500 
  0.152943  -0.000330   1.857129  -0.086918  -0.064973   0.025210   0.047527  -0.087174   0.372879   0.059129   0.181857   0.000172 
  0.215235  -0.299050   1.933732  -0.814230  -0.247575  -0.025955   0.062292  -0.298720   0.076603  -0.727312  -0.182602  -0.051165 
  0.138974  -0.289002   2.115907  -0.199561   0.014496  -0.045321  -0.076261   0.010048   0.182175   0.614669   0.262071  -0.019366 
  0.117479  -0.075005   1.380616   0.145932  -0.013465   0.045665  -0.021495   0.213997  -0.735291   0.345493  -0.027961   0.090986 
 -0.081360   0.131189   0.879052   0.183461   0.887340   0.174981  -0.198839   0.206194  -0.501564   0.037529   0.900805   0.129316 
 -0.047397   0.021844   1.237340   0.139687   0.843165   0.156417   0.033963  -0.109345   0.358288  -0.043774  -0.044175  -0.018564 
  0.035392  -0.161655   2.084809   0.159855   0.376949   0.131207   0.082789  -0.183499   0.847469   0.020168  -0.466216  -0.025210 
  0.056951  -0.073472   2.315882   0.197384   0.261613   0.111268   0.021559   0.088183   0.231073   0.037529  -0.115336  -0.019939 
  0.097601   0.057735   2.392559   0.225745   0.093335   0.133958   0.040650   0.131207   0.076677   0.028361  -0.168278   0.022690 
  0.099666   0.154380   2.138721   0.463294  -0.066520   0.077407   0.002065   0.096645  -0.253838   0.237549  -0.159855  -0.056551 
  0.086134   0.303355   1.632232   0.893871  -0.029679   0.030252  -0.013532   0.148975  -0.506489   0.430577   0.036841  -0.047155 
  0.118909   0.505184   1.233629   0.831133   0.000917   0.016788   0.032775   0.201829  -0.398603  -0.062738   0.030596  -0.013464 
  0.191551   0.632571   1.663406   0.664574  -0.031226  -0.183690   0.072642   0.127387   0.429777  -0.166559  -0.032143  -0.200478 
  0.210024   0.363309   1.909972   0.525001  -0.166100  -0.198530   0.018473  -0.269262   0.246566  -0.139573  -0.134874  -0.014840 
  0.148183   0.087361   1.956683   0.591063  -0.082391  -0.150745  -0.061841  -0.275948   0.046711   0.066062   0.083709   0.047785 
  0.075088   0.218501   2.214257   1.036022   0.277598   0.155902  -0.073095   0.131140   0.257574   0.444959   0.359989   0.306647 
  0.045708   0.137515   2.383484   0.764669   0.547347   0.196181  -0.029380  -0.080986   0.169227  -0.271353   0.269749   0.040279 
  0.051874   0.131375   1.818054   0.040451   0.298855   0.069099   0.006166  -0.006140  -0.565430  -0.724218  -0.248492  -0.127082 
  0.018245   0.119780   1.799328   0.065317   0.357125   0.079584  -0.033629  -0.011595  -0.018726   0.024866   0.058270   0.010485 
  0.022534  -0.000034   1.998376   0.140375   0.207984   0.076834   0.004289  -0.119814   0.199048   0.075058  -0.149141  -0.002750 
  0.041359   0.194412   1.905549   0.105653   0.155386   0.099408   0.018825   0.194446  -0.092827  -0.034722  -0.052598   0.022574 
  0.012632   0.217553   1.529441   0.173893   0.273186   0.096257  -0.028727   0.023141  -0.376108   0.068240   0.117800  -0.003151 
  0.006289   0.075648   1.188494   0.101356   0.150230   0.088522  -0.006343  -0.141905  -0.340947  -0.072537  -0.122956  -0.007735 
  0.088047   0.029799   1.611351   0.303267  -0.091559   0.037242   0.081758  -0.045849   0.422857   0.201911  -0.241789  -0.051280 
  0.001232  -0.069033   1.849529   1.334877   0.151318   0.174981  -0.086815  -0.098832   0.238178   1.031610   0.242877   0.137739 
  0.053256  -0.134099   2.864809   1.376932  -0.127082   0.177388   0.052024  -0.065066   1.015280   0.042055  -0.278400   0.002407 
  0.165124   0.012380   3.042344   0.319825  -0.328133   0.237949   0.111868   0.146479   0.177535  -1.057107  -0.201051   0.060561 
  0.211330   0.406386   2.013951  -1.244006  -0.357067   0.355005   0.046206   0.394006  -1.028393  -1.563831  -0.028934   0.117056 
  0.133965   0.422183   1.234541   0.032258  -0.230100   0.110753  -0.077365   0.015797  -0.779410   1.276264   0.126967  -0.244252 
  0.121539   0.450023   1.897255   1.671432  -0.066807  -0.006016  -0.012426   0.027840   0.662714   1.639174   0.163293  -0.116769 
  0.205290   0.041626   3.220510   0.968929  -0.337988   0.058041   0.083751  -0.408397   1.323255  -0.702503  -0.271181   0.064057 
  0.270039   0.036270   3.773102   0.290375  -0.550956   0.044347   0.064749  -0.005356   0.552592  -0.678554  -0.212968  -0.013694 
  0.232534   0.190669   3.584465   0.268030  -0.472690   0.041081  -0.037505   0.154399  -0.188637  -0.022345   0.078266  -0.003266 
  0.221599   0.203636   3.435362   0.194806  -0.409951   0.040508  -0.010935   0.012967  -0.149103  -0.073224   0.062739  -0.000573 
  0.206490   0.157135   3.329437   0.294672  -0.353057   0.034435  -0.015109  -0.046501  -0.105925   0.099866   0.056894  -0.006073 
  0.179195   0.238452   2.800116   0.366521  -0.220073   0.012376  -0.027295   0.081317  -0.529321   0.071849   0.132984  -0.022059 
  0.133484   0.256172   2.177157   0.604757  -0.079928   0.048358  -0.045711   0.017720  -0.622959   0.238236   0.140145   0.035982 
  0.099282   0.395532   1.615665   1.037741   0.372193   0.136593  -0.034202   0.139360  -0.561492   0.432984   0.452121   0.088235 
  0.330874   0.196417   1.736572   0.591121  -1.031611  -0.221448   0.231592  -0.199115   0.120907  -0.446620  -1.403804  -0.358041 
  0.257810   0.203895   1.764065   0.621373  -0.685487  -0.126624  -0.073064   0.007478   0.027493   0.030252   0.346124   0.094824 
  0.242726   0.212761   1.803801   1.334304  -0.571354  -0.199217  -0.015084   0.008866   0.039736   0.712931   0.114133  -0.072593 
  0.210088   0.351500   2.010037   1.240855  -0.327503  -0.156016  -0.032638   0.138739   0.206236  -0.093449   0.243851   0.043201 
  0.214535   0.101607   2.456579   0.908310  -0.125879  -0.049504   0.004447  -0.249893   0.446542  -0.332545   0.201624   0.106512 
  0.161772  -0.031224   2.532093   0.894903  -0.076662  -0.007735  -0.052763  -0.132831   0.075514  -0.013407   0.049217   0.041769 
  0.145616   0.021322   2.429149   0.937302  -0.048816  -0.002349  -0.016156   0.052546  -0.102944   0.042399   0.027846   0.005386 
  0.162221   0.060863   2.260851   0.891923  -0.099981   0.000115   0.016605   0.039541  -0.168298  -0.045379  -0.051165   0.002464 
  0.064457   0.269183   1.660070   0.958558  -0.249924  -0.054775  -0.097764   0.208320  -0.600781   0.066635  -0.149943  -0.054890 
  0.091487   0.344415   1.566826   0.914670  -0.359646  -0.087204   0.027030   0.075232  -0.093244  -0.043888  -0.109722  -0.032429 
  0.064392   0.050825   1.919706   0.905502  -0.307908  -0.006303  -0.027095  -0.293590   0.352880  -0.009168   0.051738   0.080901 
  0.101844  -0.109598   2.524513   1.024850  -0.263561   0.041482   0.037452  -0.160423   0.604807   0.119348   0.044347   0.047785 
  0.117574   0.080474   2.559460   0.814345  -0.260409   0.058327   0.015730   0.190072   0.034947  -0.210505   0.003152   0.016845 
  0.132621   0.107612   2.610848   0.665892  -0.255711   0.058270   0.015047   0.027138   0.051388  -0.148453   0.004698  -0.000057 
  0.131861   0.093989   2.677140   0.438886  -0.214000   0.058499  -0.000760  -0.013623   0.066292  -0.227006   0.041711   0.000229 
  0.122083   0.061689   2.636595   0.334894  -0.195493   0.055749  -0.009778  -0.032300  -0.040545  -0.103992   0.018507  -0.002750 
  0.126168   0.052641   2.601583   0.308767  -0.219844   0.041425   0.004085  -0.009048  -0.035012  -0.026127  -0.024351  -0.014324 
  0.092418   0.018638   2.593827   0.251528  -0.219214  -0.024924  -0.033750  -0.034003  -0.007756  -0.057239   0.000630  -0.066349 
  0.051622  -0.114433   2.363177   0.148797  -0.231991  -0.084970  -0.040796  -0.133071  -0.230650  -0.102731  -0.012777  -0.060046 
  0.070199   0.001911   1.999415   0.116883   0.097689   0.139000   0.018577   0.116344  -0.363762  -0.031914   0.329680   0.223970 
  0.203220   0.016163   2.006167   0.001261  -0.180310   0.127827   0.133021   0.014252   0.006752  -0.115622  -0.277999  -0.011173 
  0.215945   0.090007   2.168436   0.561785  -0.259607   0.171887   0.012725   0.073844   0.162269   0.560524  -0.079297   0.044060 
  0.166023   0.308615   1.709051   0.290031  -0.313580   0.141979  -0.049922   0.218608  -0.459385  -0.271754  -0.053973  -0.029908 
  0.136961   0.329244   1.280495  -0.080959  -0.199504   0.121066  -0.029062   0.020629  -0.428556  -0.370990   0.114076  -0.020913 
  0.143424   0.207767   1.424699  -0.327503  -0.265795   0.111841   0.006463  -0.121477   0.144204  -0.246544  -0.066291  -0.009225 
  0.137522   0.201140   1.263773  -0.429375  -0.324122   0.094022  -0.005902  -0.006627  -0.160926  -0.101872  -0.058327  -0.017819 
  0.129421   0.201265   1.266865  -0.430807  -0.346697   0.075573  -0.008101   0.000125   0.003092  -0.001432  -0.022575  -0.018449 
  0.140287   0.161622   1.469421  -0.309283  -0.234798   0.086001   0.010866  -0.039643   0.202556   0.121524   0.111899   0.010428 
  0.145787   0.166205   1.465872  -0.194748  -0.303553   0.071963   0.005500   0.004583  -0.003549   0.114535  -0.068755  -0.014038 
  0.143422   0.250489   1.812322   0.130061  -0.323664   0.084626  -0.002365   0.084284   0.346450   0.324809  -0.020111   0.012663 
  0.125565   0.045389   2.118320   0.085543  -0.108232   0.084626  -0.017857  -0.205100   0.305998  -0.044518   0.215432   0.000000 
  0.125961   0.127926   2.227914  -0.054030  -0.037414   0.051452   0.000396   0.082537   0.109594  -0.139573   0.070818  -0.033174 
  0.106180   0.072822   2.136788  -0.158022   0.019882   0.064859  -0.019781  -0.055104  -0.091126  -0.103992   0.057296   0.013407 
  0.106811  -0.101887   2.213038  -0.173664   0.002063   0.152120   0.000631  -0.174709   0.076250  -0.015642  -0.017819   0.087261 
  0.112125  -0.283716   2.500203  -0.711442  -0.043373   0.194347   0.005314  -0.181829   0.287165  -0.537778  -0.045436   0.042227 
  0.081743  -0.343355   2.362112  -0.216807  -0.016157   0.143411  -0.030382  -0.059639  -0.138091   0.494635   0.027216  -0.050936 
