  0.000000   0.000000   0.000000   0.000000   0.000000   0.000000   0.000000   0.000000   0.000000   0.000000   0.000000   0.000000 
 -0.000026   0.017081   0.000000   0.000000   0.000000   0.006646  -0.000026   0.017081   0.000000   0.000000   0.000000   0.006646 
 -0.000058  -0.060984  -0.022832  -0.018793   0.000000   0.005672  -0.000032  -0.078065  -0.022832  -0.018793   0.000000  -0.000974 
  0.003990   0.007155  -0.003850   0.008193   0.000000   0.019022   0.004048   0.068139   0.018982   0.026986   0.000000   0.013350 
  0.106764   0.030589   0.143326  -0.134932   0.266082   0.211192   0.102774   0.023434   0.147176  -0.143125   0.266082   0.192170 
  0.215434  -0.208129   0.110852   0.244195   0.413504   0.196811   0.108670  -0.238718  -0.032474   0.379127   0.147422  -0.014381 
  0.251444  -0.114630   0.334621   0.422843   0.491540   0.223855   0.036010   0.093499   0.223769   0.178648   0.078036   0.027044 
  0.211088  -0.131945   0.708082   0.689440   0.062223   0.146276  -0.040356  -0.017315   0.373461   0.266597  -0.429317  -0.077579 
  0.083818   0.231780   0.703865   0.673111  -0.146792   0.117170  -0.127270   0.363725  -0.004217  -0.016329  -0.209015  -0.029106 
  0.034727   0.221794   0.540663   0.449371  -0.253133   0.081016  -0.049091  -0.009986  -0.163202  -0.223740  -0.106341  -0.036154 
  0.026114   0.004814   0.595989   0.272728  -0.382163   0.059072  -0.008613  -0.216980   0.055326  -0.176643  -0.129030  -0.021944 
  0.026659   0.064237   0.496037   0.168220  -0.303152   0.088121   0.000545   0.059423  -0.099952  -0.104508   0.079011   0.029049 
  0.044147   0.125803   0.496071   0.174981  -0.294844   0.078724   0.017488   0.061566   0.000034   0.006761   0.008308  -0.009397 
  0.044816   0.115386   0.441991   0.133556  -0.227006   0.088121   0.000669  -0.010417  -0.054080  -0.041425   0.067838   0.009397 
  0.044728   0.056962   0.505905   0.145016  -0.232105   0.088121  -0.000088  -0.058424   0.063914   0.011460  -0.005099   0.000000 
  0.049789  -0.094718   0.594540   0.156475  -0.251872   0.088121   0.005061  -0.151680   0.088635   0.011459  -0.019767   0.000000 
  0.038228   0.137745   0.403071   0.100210  -0.163866   0.088121  -0.011561   0.232463  -0.191469  -0.056265   0.088006   0.000000 
  0.047959   0.194408   0.421052   0.132582  -0.169825   0.075917   0.009731   0.056663   0.017981   0.032372  -0.005959  -0.012204 
  0.057637   0.098971   0.447625   0.083766  -0.153610   0.083537   0.009678  -0.095437   0.026573  -0.048816   0.016215   0.007620 
  0.045322   0.026920   0.438123   0.046066  -0.161173   0.091673  -0.012315  -0.072051  -0.009502  -0.037700  -0.007563   0.008136 
  0.038454  -0.015307   0.582947  -0.365432  -0.166330   0.066463  -0.006868  -0.042227   0.144824  -0.411498  -0.005157  -0.025210 
  0.045257   0.037015   0.626491  -0.358385  -0.132582   0.089782   0.006803   0.052322   0.043544   0.007047   0.033748   0.023319 
  0.026578   0.032988   0.574489  -0.278343  -0.138255   0.060562  -0.018679  -0.004027  -0.052002   0.080042  -0.005673  -0.029220 
  0.019369   0.009587   0.468001  -0.143812  -0.124790   0.072365  -0.007209  -0.023401  -0.106488   0.134531   0.013465   0.011803 
  0.033445   0.044461   0.378845  -0.066177  -0.140031   0.050592   0.014076   0.034874  -0.089156   0.077635  -0.015241  -0.021773 
  0.055621   0.125079   0.438857   0.013579  -0.148740   0.094194   0.022176   0.080618   0.060012   0.079756  -0.008709   0.043602 
  0.053169   0.067803   0.451426  -0.004183  -0.169366   0.086345  -0.002452  -0.057276   0.012569  -0.017762  -0.020626  -0.007849 
  0.045890   0.009622   0.414078  -0.026471  -0.084225   0.101299  -0.007279  -0.058181  -0.037348  -0.022288   0.085141   0.014954 
  0.043907   0.166272   0.422530   0.008824  -0.052139   0.134932  -0.001983   0.156650   0.008452   0.035295   0.032086   0.033633 
  0.032289   0.099508   0.400563   0.025382  -0.004756   0.143239  -0.011618  -0.066764  -0.021967   0.016558   0.047383   0.008307 
  0.016778   0.039524   0.422715   0.020397   0.021314   0.195092  -0.015511  -0.059984   0.022152  -0.004985   0.026070   0.051853 
  0.016705  -0.073701   0.375682  -0.096372   0.049675   0.153037  -0.000073  -0.113225  -0.047033  -0.116769   0.028361  -0.042055 
  0.003567   0.080898   0.329632  -0.126280   0.091158   0.180654  -0.013138   0.154599  -0.046050  -0.029908   0.041483   0.027617 
 -0.015182  -0.025582   0.389555  -0.278228   0.103476   0.180596  -0.018749  -0.106480   0.059923  -0.151948   0.012318  -0.000058 
 -0.015039  -0.246781   0.186253  -0.307793   0.114763   0.199447   0.000143  -0.221199  -0.203302  -0.029565   0.011287   0.018851 
  0.000619  -0.245503   0.261256   0.414134   0.229011   0.205635   0.015658   0.001278   0.075003   0.721927   0.114248   0.006188 
 -0.027940   0.016681  -0.123640   1.933160   0.097804   0.191196  -0.028559   0.262184  -0.384896   1.519026  -0.131207  -0.014439 
 -0.058596   0.043919  -0.450447   3.208277   0.120780   0.139229  -0.030656   0.027238  -0.326807   1.275117   0.022976  -0.051967 
 -0.109936  -0.493460  -0.439337   3.946476   0.083308   0.122040  -0.051340  -0.537379   0.011110   0.738199  -0.037472  -0.017189 
 -0.159224  -0.483459  -0.572969   4.721230  -0.007563   0.018277  -0.049288   0.010001  -0.133632   0.774754  -0.090871  -0.103763 
 -0.186515  -0.578666  -0.590519   5.199993   0.019022   0.008193  -0.027291  -0.095207  -0.017550   0.478763   0.026585  -0.010084 
 -0.091400  -0.273822  -0.463861   4.494396   0.062395  -0.066234   0.095115   0.304844   0.126658  -0.705597   0.043373  -0.074427 
  0.065274   0.360029   0.910455   2.952108   0.148912   0.132926   0.156674   0.633851   1.374316  -1.542288   0.086517   0.199160 
  0.078582   0.009686   1.618140   1.582968   0.376319   0.216349   0.013308  -0.350343   0.707685  -1.369140   0.227407   0.083423 
  0.128090   0.030667   1.692924   1.247845   0.388408   0.189420   0.049508   0.020981   0.074784  -0.335123   0.012089  -0.026929 
  0.072634   0.010104   1.434930   0.820533   0.464210   0.175039  -0.055456  -0.020563  -0.257994  -0.427312   0.075802  -0.014381 
  0.078473  -0.050824   1.571483   0.881037   0.444386   0.136937   0.005839  -0.060928   0.136553   0.060504  -0.019824  -0.038102 
  0.077152  -0.097914   1.600710   0.827867   0.426395   0.118717  -0.001321  -0.047090   0.029227  -0.053170  -0.017991  -0.018220 
  0.084249  -0.005162   1.463031   0.888772   0.453783   0.115852   0.007097   0.092752  -0.137679   0.060905   0.027388  -0.002865 
  0.061017  -0.066094   1.417593   0.755961   0.485754   0.112987  -0.023232  -0.060932  -0.045438  -0.132811   0.031971  -0.002865 
  0.042218  -0.206588   1.679964   0.981649   0.380501   0.120951  -0.018799  -0.140494   0.262371   0.225688  -0.105253   0.007964 
  0.154708  -0.316107   2.530259   0.847290   0.259034   0.136135   0.112490  -0.109519   0.850295  -0.134359  -0.121467   0.015184 
  0.255174  -0.297517   2.928466   0.867401   0.187701   0.085371   0.100466   0.018590   0.398207   0.020111  -0.071333  -0.050764 
  0.289036  -0.351758   2.963504   0.849582   0.134129   0.050649   0.033862  -0.054241   0.035038  -0.017819  -0.053572  -0.034722 
  0.158418  -0.086793   2.276460   0.902695  -0.494806   0.147479  -0.130618   0.264965  -0.687044   0.053113  -0.628935   0.096830 
  0.151605   0.002685   2.056819   0.623779  -0.667496   0.214515  -0.006813   0.089478  -0.219641  -0.278916  -0.172690   0.067036 
  0.137788  -0.016521   2.097539   0.603325  -0.589402   0.177445  -0.013817  -0.019206   0.040720  -0.020454   0.078094  -0.037070 
  0.172889  -0.265644   2.439390   0.650135  -0.852733   0.229813   0.035101  -0.249123   0.341851   0.046810  -0.263331   0.052368 
  0.172079  -0.034039   2.241518   0.559150  -0.626243   0.199160  -0.000810   0.231605  -0.197872  -0.090985   0.226490  -0.030653 
  0.159945   0.007481   2.164977   0.636843  -0.494577   0.206036  -0.012134   0.041520  -0.076541   0.077693   0.131666   0.006876 
  0.153747  -0.061954   2.173483   0.767305  -0.438313   0.242304  -0.006198  -0.069435   0.008506   0.130462   0.056264   0.036268 
  0.156546  -0.054636   2.151636   0.707717  -0.419176   0.222594   0.002799   0.007318  -0.021847  -0.059588   0.019137  -0.019710 
  0.142080  -0.096917   2.117270   0.737397  -0.369672   0.232907  -0.014466  -0.042281  -0.034366   0.029680   0.049504   0.010313 
  0.139207  -0.230454   2.032507   0.732698  -0.361766   0.215890  -0.002873  -0.133537  -0.084763  -0.004699   0.007906  -0.017017 
  0.171181   0.169952   1.911836   0.684685  -0.368813   0.185638   0.031974   0.400406  -0.120671  -0.048013  -0.007047  -0.030252 
  0.177047   0.051543   1.967235   0.813944  -0.392648   0.177330   0.005866  -0.118409   0.055399   0.129259  -0.023835  -0.008308 
  0.181651  -0.108538   2.124574   0.816694  -0.326643   0.150917   0.004604  -0.160081   0.157339   0.002750   0.066005  -0.026413 
  0.189039  -0.093392   2.169522   0.895476  -0.307220   0.154240   0.007388   0.015146   0.044948   0.078782   0.019423   0.003323 
  0.206958   0.030828   2.307100   1.005713  -0.270207   0.153324   0.017919   0.124220   0.137578   0.110237   0.037013  -0.000916 
  0.225042  -0.042555   2.458959   1.013792  -0.207353   0.126738   0.018084  -0.073383   0.151859   0.008079   0.062854  -0.026586 
  0.227923  -0.064895   2.495196   0.995801  -0.220875   0.124676   0.002881  -0.022340   0.036237  -0.017991  -0.013522  -0.002062 
  0.215371  -0.036595   2.452663   0.985430  -0.219156   0.163981  -0.012552   0.028300  -0.042533  -0.010371   0.001719   0.039305 
  0.222639  -0.056471   2.517137   1.020438  -0.138770   0.186784   0.007268  -0.019876   0.064474   0.035008   0.080386   0.022803 
  0.207632  -0.203803   2.396487   0.732928  -0.171887   0.142552  -0.015007  -0.147332  -0.120650  -0.287510  -0.033117  -0.044232 
  0.229639   0.021236   2.468345   1.104204  -0.050019   0.181800   0.022007   0.225039   0.071858   0.371276   0.121868   0.039248 
  0.246474  -0.036282   2.514698   0.621659  -0.006016   0.114935   0.016835  -0.057518   0.046353  -0.482545   0.044003  -0.066865 
  0.270433   0.016670   2.332385   0.394711  -0.193201   0.066921   0.023959   0.052952  -0.182313  -0.226948  -0.187185  -0.048014 
  0.261183   0.035816   2.119355   0.555941  -0.299027   0.065489  -0.009250   0.019146  -0.213030   0.161230  -0.105826  -0.001432 
  0.210345  -0.274948   2.506488   0.406915  -0.230043   0.051566  -0.050838  -0.310764   0.387133  -0.149026   0.068984  -0.013923 
  0.208372  -0.138782   2.467284   0.439631  -0.248091   0.107544  -0.001973   0.136166  -0.039204   0.032716  -0.018048   0.055978 
  0.329842  -0.038097   3.422799   0.710067  -0.326357   0.072422   0.121470   0.100685   0.955515   0.270436  -0.078266  -0.035122 
  0.437018  -0.368477   4.056969   0.677179  -0.353801   0.091329   0.107176  -0.330380   0.634170  -0.032888  -0.027444   0.018907 
  0.439262  -0.332945   4.010292   0.482832  -0.168965   0.059015   0.002244   0.035532  -0.046677  -0.194347   0.184836  -0.032314 
  0.405771  -0.192398   3.449638   0.480597  -0.119519   0.003953  -0.033491   0.140547  -0.560654  -0.002235   0.049446  -0.055062 
  0.337511  -0.029750   3.103878   0.381647  -0.229813   0.064515  -0.068260   0.162648  -0.345760  -0.098950  -0.110294   0.060562 
  0.269225  -0.060910   2.467047   0.223912  -0.253362   0.096887  -0.068286  -0.031160  -0.636831  -0.157735  -0.023549   0.032372 
  0.247663  -0.060907   2.336368   0.219156  -0.264134   0.092189  -0.021562   0.000003  -0.130679  -0.004756  -0.010772  -0.004698 
  0.246956  -0.081356   2.306855   0.242934  -0.206551   0.086173  -0.000707  -0.020449  -0.029513   0.023778   0.057583  -0.006016 
  0.247175  -0.088931   2.297622   0.253419  -0.214344   0.081074   0.000219  -0.007575  -0.009233   0.010485  -0.007793  -0.005099 
  0.246386  -0.089134   2.300331   0.253477  -0.206208   0.086001  -0.000789  -0.000203   0.002709   0.000058   0.008136   0.004927 
  0.248098  -0.089162   2.291910   0.262415  -0.197728   0.086001   0.001712  -0.000028  -0.008421   0.008938   0.008480   0.000000 
  0.252380  -0.077066   2.281198   0.253477  -0.203572   0.072479   0.004282   0.012096  -0.010712  -0.008938  -0.005844  -0.013522 
  0.261026  -0.080047   2.277321   0.253419  -0.185409   0.076834   0.008646  -0.002981  -0.003877  -0.000058   0.018163   0.004355 
  0.261169  -0.093070   2.243879   0.243335  -0.194576   0.086058   0.000143  -0.013023  -0.033442  -0.010084  -0.009167   0.009224 
  0.235902  -0.251393   2.185261   0.163236  -0.190050   0.038675  -0.025267  -0.158323  -0.058618  -0.080099   0.004526  -0.047383 
  0.238416  -0.061573   2.098986   0.107258  -0.164840   0.046352   0.002514   0.189820  -0.086275  -0.055978   0.025210   0.007677 
  0.250232   0.030193   2.166363   0.161918  -0.162434   0.046352   0.011816   0.091766   0.067377   0.054660   0.002406   0.000000 
  0.241843  -0.144975   2.176308   0.163579  -0.162376   0.046352  -0.008389  -0.175168   0.009945   0.001661   0.000058   0.000000 
  0.223567  -0.303631   2.192678   0.285333  -0.182029  -0.023319  -0.018276  -0.158656   0.016370   0.121754  -0.019653  -0.069671 
  0.207201  -0.029511   1.934490   1.265377  -0.206322  -0.072365  -0.016366   0.274120  -0.258188   0.980044  -0.024293  -0.049046 
  0.199183   0.067158   1.467781   2.401954  -0.083709   0.076433  -0.008018   0.096669  -0.466709   1.136577   0.122613   0.148798 
  0.135900  -0.053025   1.130485   3.321494  -0.012720   0.185524  -0.063283  -0.120183  -0.337296   0.919540   0.070989   0.109091 
  0.070603  -0.076781   0.825603   4.113436  -0.000401   0.155902  -0.065297  -0.023756  -0.304882   0.791942   0.012319  -0.029622 
  0.049352  -0.353156   0.843904   4.423463  -0.140489  -0.031455  -0.021251  -0.276375   0.018301   0.310027  -0.140088  -0.187357 
  0.100202  -0.206513   0.653732   0.376720   0.240413   0.055921   0.050850   0.146643  -0.190172  -4.046743   0.380902   0.087376 
  0.182263   1.023271   2.451248  -2.060815   0.401758  -0.005042   0.082061   1.229784   1.797516  -2.437535   0.161345  -0.060963 
  0.248262   2.221080   2.025553  -0.623378   0.163866  -0.156417   0.065999   1.197809  -0.425695   1.437437  -0.237892  -0.151375 
  0.076287   0.888802   0.898243  -0.858463   0.297652  -0.111211  -0.171975  -1.332278  -1.127310  -0.235085   0.133786   0.045206 
  0.212585   0.341757   2.287738  -0.355749   0.210906  -0.047212   0.136298  -0.547045   1.389495   0.502714  -0.086746   0.063999 
  0.251915   0.114892   2.852982  -0.113102   0.185008  -0.047384   0.039330  -0.226865   0.565244   0.242647  -0.025898  -0.000172 
  0.237081   0.209789   2.796032  -0.106627   0.139916  -0.092418  -0.014834   0.094897  -0.056950   0.006475  -0.045092  -0.045034 
  0.234279   0.022841   3.693995   0.054488   0.007792  -0.193201  -0.002802  -0.186948   0.897963   0.161115  -0.132124  -0.100783 
  0.251142  -0.235520   4.128718   0.268259   0.064744  -0.189936   0.016863  -0.258361   0.434723   0.213771   0.056952   0.003265 
  0.300386  -0.074945   4.454576   0.447595   0.029794  -0.180424   0.049244   0.160575   0.325858   0.179336  -0.034950   0.009512 
  0.328924  -0.259047   4.956193   0.384512  -0.043316  -0.260524   0.028538  -0.184102   0.501617  -0.063083  -0.073110  -0.080100 
  0.538230  -0.585736   5.876605   0.988066  -0.439229  -0.463294   0.209306  -0.326689   0.920412   0.603554  -0.395913  -0.202770 
  0.761568  -0.687207   6.628431   0.894101  -0.750976  -0.544138   0.223338  -0.101471   0.751826  -0.093965  -0.311747  -0.080844 
  0.876103  -0.223044   6.519533   0.573416  -0.789479  -0.431437   0.114535   0.464163  -0.108898  -0.320685  -0.038503   0.112701 
  1.164058  -0.556391   6.830694   0.236517  -0.876339  -0.491311   0.287955  -0.333347   0.311161  -0.336899  -0.086860  -0.059874 
  1.183226  -0.908246   7.081466  -0.212052  -1.176626  -0.334149   0.019168  -0.351855   0.250772  -0.448569  -0.300287   0.157162 
  0.924084  -0.640554   6.420504   0.087376  -0.600231  -0.337759  -0.259142   0.267692  -0.660962   0.299428   0.576395  -0.003610 
  0.137519   0.168698   2.498061   0.213026  -0.182487  -0.217266  -0.786565   0.809252  -3.922443   0.125650   0.417744   0.120493 
 -0.049914  -0.073614   2.746953   0.106627  -0.353400  -0.024866  -0.187433  -0.242312   0.248892  -0.106399  -0.170913   0.192400 
  0.092684  -0.234082   3.631135   0.015298  -0.285849   0.001891   0.142598  -0.160468   0.884182  -0.091329   0.067551   0.026757 
  0.311321  -0.380692   4.900866   0.043487  -0.284244   0.072422   0.218637  -0.146610   1.269731   0.028189   0.001605   0.070531 
  0.293173  -0.224193   5.076443   0.021085  -0.284130   0.035180  -0.018148   0.156499   0.175577  -0.022402   0.000114  -0.037242 
  0.252661  -0.200753   4.728396   0.229928  -0.126910  -0.057754  -0.040512   0.023440  -0.348047   0.208843   0.157220  -0.092934 
  0.298224  -0.291621   4.936894   0.173492  -0.021486  -0.038732   0.045563  -0.090868   0.208498  -0.056436   0.105424   0.019022 
  0.357550  -0.467351   5.900253   0.041883   0.716999   0.177846   0.059326  -0.175730   0.963359  -0.131609   0.738485   0.216578 
  0.399344  -0.420489   5.905021  -0.431666   1.122539   0.065546   0.041794   0.046862   0.004768  -0.473549   0.405540  -0.112300 
  0.362208  -0.329964   5.272818  -0.574161   0.908596  -0.103362  -0.037136   0.090525  -0.632203  -0.142495  -0.213943  -0.168908 
  0.358845  -0.296612   4.934605  -0.218641   0.613294  -0.083365  -0.003363   0.033352  -0.338213   0.355520  -0.295302   0.019997 
  0.358861  -0.344313   5.210744  -0.037758   0.507812  -0.092074   0.000016  -0.047701   0.276139   0.180883  -0.105482  -0.008709 
  0.376842  -0.544407   5.817458  -0.022231   0.478019  -0.111612   0.017981  -0.200094   0.606714   0.015527  -0.029793  -0.019538 
  0.423013  -0.546019   6.140520  -0.245226   0.533882  -0.052769   0.046171  -0.001612   0.323062  -0.222995   0.055863   0.058843 
  0.380316  -0.467937   5.919578  -0.256800   0.460887  -0.079756  -0.042697   0.078082  -0.220942  -0.011574  -0.072995  -0.026987 
  0.387874  -0.479783   5.876680  -0.318622   0.355635  -0.077349   0.007558  -0.011846  -0.042898  -0.061822  -0.105252   0.002407 
  0.342370  -0.603423   5.928208  -0.507870   0.412816  -0.097174  -0.045504  -0.123640   0.051528  -0.189248   0.057181  -0.019825 
  0.331906  -0.710833   5.703891  -0.542591   0.471487  -0.115451  -0.010464  -0.107410  -0.224317  -0.034721   0.058671  -0.018277 
  0.310578  -0.227029   5.401707  -0.424504   0.445016  -0.106570  -0.021328   0.483804  -0.302184   0.118087  -0.026471   0.008881 
  0.312925  -0.395728   5.342193  -0.408404   0.433213  -0.141807   0.002347  -0.168699  -0.059514   0.016100  -0.011803  -0.035237 
  0.331790  -0.564234   5.258232  -0.374428   0.343087  -0.176528   0.018865  -0.168506  -0.083961   0.033976  -0.090126  -0.034721 
  0.365568  -0.267771   5.085341  -0.253992   0.264248  -0.130176   0.033778   0.296463  -0.172891   0.120436  -0.078839   0.046352 
  0.338987  -0.253509   5.073927  -0.205635   0.333060  -0.114592  -0.026581   0.014262  -0.011414   0.048357   0.068812   0.015584 
  0.326825  -0.312155   4.988683  -0.242247   0.289057  -0.145245  -0.012162  -0.058646  -0.085244  -0.036612  -0.044003  -0.030653 
  0.304851  -0.435163   4.937441  -0.378611   0.299428  -0.192170  -0.021974  -0.123008  -0.051242  -0.136364   0.010371  -0.046925 
  0.317739  -0.413867   4.639111  -0.155615   0.247518  -0.183346   0.012888   0.021296  -0.298330   0.222996  -0.051910   0.008824 
  0.288338  -0.214456   4.678210   0.128171   0.236288  -0.058041  -0.029401   0.199411   0.039099   0.283786  -0.011230   0.125305 
  0.221108  -0.110645   4.035811   0.375173   0.187472  -0.072135  -0.067230   0.103811  -0.642399   0.247002  -0.048816  -0.014094 
  0.278556  -0.539751   4.709770   0.106742   0.174809  -0.069786   0.057448  -0.429106   0.673959  -0.268431  -0.012663   0.002349 
  0.334122  -0.483890   5.053720  -0.078667  -0.055978  -0.055749   0.055566   0.055861   0.343950  -0.185409  -0.230787   0.014037 
  0.191061  -0.261951   3.855556  -0.551243   0.710067   0.097575  -0.143061   0.221939  -1.198164  -0.472576   0.766045   0.153324 
  0.132450  -0.249582   3.358557  -0.727370   0.723646   0.028934  -0.058611   0.012369  -0.496999  -0.176127   0.013579  -0.068641 
  0.076985  -0.115162   2.840347  -0.538981   0.467362  -0.058155  -0.055465   0.134420  -0.518210   0.188389  -0.256284  -0.087089 
  0.079176  -0.166651   2.796862  -0.501395   0.407201  -0.074427   0.002191  -0.051489  -0.043485   0.037586  -0.060161  -0.016272 
  0.017537  -0.190194   2.783139  -0.521048   0.255539  -0.079698  -0.061639  -0.023543  -0.013723  -0.019653  -0.151662  -0.005271 
  0.091270  -0.394856   3.160848  -0.082277   0.679012   0.064687   0.073733  -0.204662   0.377709   0.438771   0.423473   0.144385 
  0.080419  -0.032512   2.718573   1.930008   0.907794   0.162147  -0.010851   0.362344  -0.442275   2.012285   0.228782   0.097460 
  0.050601   0.185377   2.468893   2.616756   0.609856  -0.004125  -0.029818   0.217889  -0.249680   0.686748  -0.297938  -0.166272 
  0.027401   0.167721   2.368560   2.547084   0.746736  -0.007506  -0.023200  -0.017656  -0.100333  -0.069672   0.136880  -0.003381 
 -0.047950   0.288817   1.906482   2.604437   0.882470  -0.020684  -0.075351   0.121096  -0.462078   0.057353   0.135734  -0.013178 
  0.031921   0.324299   1.736847   2.684307   0.669845   0.121467   0.079871   0.035482  -0.169635   0.079870  -0.212625   0.142151 
  0.003965   0.115932   2.266386   2.154207   0.574218   0.051509  -0.027956  -0.208367   0.529539  -0.530100  -0.095627  -0.069958 
  0.044877   0.207063   2.408204   2.142805   0.440662   0.052368   0.040912   0.091131   0.141818  -0.011402  -0.133556   0.000859 
  0.159418   0.109323   3.010437   1.179835   0.429661   0.212224   0.114541  -0.097740   0.602233  -0.962970  -0.011001   0.159856 
  0.161017   0.124112   2.903279   0.915357   0.542190   0.164955   0.001599   0.014789  -0.107158  -0.264478   0.112529  -0.047269 
  0.102748   0.226112   2.576380   0.881610   0.459741   0.099465  -0.058269   0.102000  -0.326899  -0.033747  -0.082449  -0.065490 
  0.064277   0.227238   2.003275   0.904299   0.381934  -0.072823  -0.038471   0.001126  -0.573105   0.022689  -0.077807  -0.172288 
  0.023225  -0.043260   2.039125   1.286921   0.318335  -0.080787  -0.041052  -0.270498   0.035850   0.382622  -0.063599  -0.007964 
 -0.198468   0.232337   0.922158   1.402830   0.468851  -0.121066  -0.221693   0.275597  -1.116967   0.115909   0.150516  -0.040279 
 -0.216010  -0.197047   1.587671   0.752294   0.952199   0.009282  -0.017542  -0.429384   0.665513  -0.650536   0.483348   0.130348 
 -0.206865  -0.006470   1.699251   0.589287   0.996947   0.037414   0.009145   0.190577   0.111580  -0.163007   0.044748   0.028132 
 -0.183989   0.028648   1.776496   0.572786   0.912836   0.016329   0.022876   0.035118   0.077245  -0.016501  -0.084111  -0.021085 
 -0.173309  -0.076155   1.760176   0.593813   0.919826   0.013694   0.010680  -0.104803  -0.016320   0.021027   0.006990  -0.002635 
 -0.183495   0.108241   1.706489   0.719119   0.895189   0.006016  -0.010186   0.184396  -0.053687   0.125306  -0.024637  -0.007678 
 -0.270908   0.028767   1.459329   0.929681   0.544826  -0.021199  -0.087413  -0.079474  -0.247160   0.210562  -0.350363  -0.027215 
 -0.377139  -0.021984   0.628264   1.139269   0.178247  -0.010027  -0.106231  -0.050751  -0.831065   0.209588  -0.366579   0.011172 
 -0.237283  -0.221203   1.346088   1.590015   0.285047  -0.105596   0.139856  -0.199219   0.717824   0.450746   0.106800  -0.095569 
 -0.156380  -0.131481   2.187047   0.555540   0.556514   0.063083   0.080903   0.089722   0.840959  -1.034475   0.271467   0.168679 
 -0.160803  -0.074397   2.112235   0.475555   0.516120   0.105997  -0.004423   0.057084  -0.074812  -0.079985  -0.040394   0.042914 
 -0.148957   0.029814   2.141701   0.456189   0.534913   0.129947   0.011846   0.104211   0.029466  -0.019366   0.018793   0.023950 
 -0.139824  -0.041983   2.147115   0.474123   0.558978   0.129947   0.009133  -0.071797   0.005414   0.017934   0.024065   0.000000 
 -0.140332  -0.076539   2.109751   0.522939   0.590548   0.126738  -0.000508  -0.034556  -0.037364   0.048816   0.031570  -0.003209 
 -0.124926   0.073764   2.092675   0.514287   0.648989   0.145245   0.015406   0.150303  -0.017076  -0.008652   0.058441   0.018507 
 -0.141302  -0.093205   2.125906   0.470570   0.661995   0.152693  -0.016376  -0.166969   0.033231  -0.043717   0.013006   0.007448 
 -0.154924  -0.009542   2.029519   0.477618   0.669616   0.161058  -0.013622   0.083663  -0.096387   0.007048   0.007621   0.008365 
 -0.198795   0.144626   1.721505   0.613351   0.630655   0.164267  -0.043871   0.154168  -0.308014   0.135733  -0.038961   0.003209 
 -0.264891  -0.039884   1.628899   0.726224   0.910201   0.279088  -0.066096  -0.184510  -0.092606   0.112873   0.279546   0.114821 
 -0.305367  -0.197122   1.187733   1.393319   1.104433   0.296162  -0.040476  -0.157238  -0.441166   0.667095   0.194232   0.017074 
 -0.335925  -0.245899   2.176370   1.163219   1.366218   0.395169  -0.030558  -0.048777   0.988637  -0.230100   0.261785   0.099007 
 -0.446876   0.049880   2.303868   0.365834   1.017917   0.428687  -0.110951   0.295779   0.127498  -0.797385  -0.348301   0.033518 
  0.276954   0.399503  -0.300306  -0.972424   1.131305  -0.187816   0.723830   0.349623  -2.604174  -1.338258   0.113388  -0.616503 
  0.699569   0.067894  -0.976812  -1.252428   1.722311  -0.604814   0.422615  -0.331609  -0.676506  -0.280004   0.591006  -0.416998 
  0.634777  -0.102222  -0.366223  -1.178173   1.732338  -0.510391  -0.064792  -0.170116   0.610589   0.074255   0.010027   0.094423 
  0.375135  -0.139939  -0.596591  -1.283998   1.669198  -0.422671  -0.259642  -0.037717  -0.230368  -0.105825  -0.063140   0.087720 
  0.354366  -0.419842   0.557287  -1.115262   1.354358  -0.261441  -0.020769  -0.279903   1.153878   0.168736  -0.314840   0.161230 
  0.354149  -0.571588   1.722263  -0.846201   1.320267  -0.619367  -0.000217  -0.151746   1.164976   0.269061  -0.034091  -0.357926 
  0.385871  -0.243314   2.256140  -0.718260   1.159953  -0.669730   0.031722   0.328274   0.533877   0.127941  -0.160314  -0.050363 
  0.466168  -0.704708   2.206499  -0.017876   0.753153  -1.005713   0.080297  -0.461394  -0.049641   0.700384  -0.406800  -0.335983 
  0.114073  -0.290592   0.125598  -0.121754   0.769310  -0.673054  -0.352095   0.414116  -2.080901  -0.103878   0.016157   0.332659 
  0.046114  -0.018581   0.078092   0.100726   0.635238  -0.646010  -0.067959   0.272011  -0.047506   0.222480  -0.134072   0.027044 
  0.027226  -0.098955   0.189352   1.130790   0.764612  -0.546487  -0.018888  -0.080374   0.111260   1.030064   0.129374   0.099523 
 -0.049065  -0.401172   0.786813   2.666832   0.508156  -0.327846  -0.076291  -0.302217   0.597461   1.536042  -0.256456   0.218641 
 -0.021921  -0.304695   0.451521   3.853256   0.388179  -0.344520   0.027144   0.096477  -0.335292   1.186424  -0.119977  -0.016674 
  0.017472  -0.562652   0.161472   4.730511   0.421697  -0.450459   0.039393  -0.257957  -0.290049   0.877255   0.033518  -0.105939 
  0.123946  -0.457198  -0.327561   4.640271   1.008749  -0.173148   0.106474   0.105454  -0.489033  -0.090240   0.587052   0.277311 
  0.155621  -0.306382  -0.271617   3.609233   1.867728   0.181685   0.031675   0.150816   0.055944  -1.031038   0.858979   0.354833 
  0.096363   0.174713  -0.127009   2.413986   1.118013  -0.136020  -0.059258   0.481095   0.144608  -1.195247  -0.749715  -0.317705 
  0.115562  -0.048743   0.636782  -0.958558   1.096928   0.006188   0.019199  -0.223456   0.763791  -3.372544  -0.021085   0.142208 
  0.086735  -0.075372   1.964556   1.140644  -0.492113   0.127827  -0.028827  -0.026629   1.327774   2.099202  -1.589041   0.121639 
 -0.115280  -0.096922   3.302365   1.301474  -0.700727   0.000458  -0.202015  -0.021550   1.337809   0.160830  -0.208614  -0.127369 
 -0.045080   0.007292   3.374887   1.314652  -0.765586   0.050478   0.070200   0.104214   0.072522   0.013178  -0.064859   0.050020 
 -0.009314  -0.079485   3.705390   1.114518  -0.630884   0.083022   0.035766  -0.086777   0.330503  -0.200134   0.134702   0.032544 
  0.007684  -0.160195   3.818729   0.885907  -0.756648   0.072995   0.016998  -0.080710   0.113339  -0.228611  -0.125764  -0.010027 
  0.125984  -0.092768   4.134193   0.604986  -0.935869   0.147021   0.118300   0.067427   0.315464  -0.280921  -0.179221   0.074026 
  0.242588  -0.475240   4.788499   0.409264  -0.629451   0.146964   0.116604  -0.382472   0.654306  -0.195722   0.306418  -0.000057 
  0.260249  -0.372846   4.857762   0.310142  -0.359302   0.144557   0.017661   0.102394   0.069263  -0.099122   0.270149  -0.002407 
  0.270468  -0.235590   4.350841   0.118144  -0.226891   0.082277   0.010219   0.137256  -0.506921  -0.191998   0.132411  -0.062280 
  0.398381  -0.312846   3.824420   0.396831  -0.284416  -0.077063   0.127913  -0.077256  -0.526421   0.278687  -0.057525  -0.159340 
  0.236697  -0.155908   3.350955   0.540643  -0.370876  -0.091731  -0.161684   0.156938  -0.473465   0.143812  -0.086460  -0.014668 
  0.378965  -0.970594   5.451474   0.676205  -0.220360   0.143526   0.142268  -0.814686   2.100519   0.135562   0.150516   0.235257 
  0.607804  -1.375965   7.364840   0.650937  -0.883329   0.189363   0.228839  -0.405371   1.913366  -0.025268  -0.662969   0.045837 
  0.729634  -1.672809   8.605048   1.085640  -0.683138   0.079584   0.121830  -0.296844   1.240208   0.434703   0.200191  -0.109779 
  0.327161  -0.133349   6.059829   0.910487  -0.111268   0.123530  -0.402473   1.539460  -2.545219  -0.175153   0.571870   0.043946 
  0.038437   0.676297  -0.310373  -0.081245   0.057353  -0.267571  -0.288724   0.809646  -6.370202  -0.991732   0.168621  -0.391101 
  0.101982   0.058940  -1.621655  -1.133425   0.626071  -0.265165   0.063545  -0.617357  -1.311282  -1.052180   0.568718   0.002406 
  0.361916  -0.391138   1.523849   0.172231   0.792057  -0.042571   0.259934  -0.450078   3.145504   1.305656   0.165986   0.222594 
  0.619229  -0.047797   3.483569   0.141120   0.025038   0.257487   0.257313   0.343341   1.959720  -0.031111  -0.767019   0.300058 
  0.601380   0.119446   3.304409   0.369730   0.202140   0.252159  -0.017849   0.167243  -0.179160   0.228610   0.177102  -0.005328 
  0.526281   0.102287   3.241497   0.200707   0.365719   0.443870  -0.075099  -0.017159  -0.062912  -0.169023   0.163579   0.191711 
  0.552464  -0.099107   2.522328   0.026184   0.107888   0.293297   0.026183  -0.201394  -0.719169  -0.174523  -0.257831  -0.150573 
  0.478240  -0.125495   2.246487   0.375402   0.106857  -0.027215  -0.074224  -0.026388  -0.275841   0.349218  -0.001031  -0.320512 
  0.338555   0.349137   1.182542   3.033124  -0.149313  -0.327503  -0.139685   0.474632  -1.063945   2.657722  -0.256170  -0.300288 
  0.412793   0.359079   1.089400   3.041432  -0.039534  -0.150802   0.074238   0.009942  -0.093142   0.008308   0.109779   0.176701 
  0.355407   0.421210   0.896006   3.011581   0.114190  -0.027846  -0.057386   0.062131  -0.193394  -0.029851   0.153724   0.122956 
  0.370916   0.422296   1.289184   2.784403   0.101986   0.069557   0.015509   0.001086   0.393178  -0.227178  -0.012204   0.097403 
  0.378646   0.494056   1.186892   2.550235   0.534340   0.444673   0.007730   0.071760  -0.102292  -0.234168   0.432354   0.375116 
  0.321686   0.553412   1.365302   2.164405   0.480368   0.322747  -0.056960   0.059356   0.178410  -0.385830  -0.053972  -0.121926 
  0.374523   0.405107   1.576976   2.028844   0.343660   0.419978   0.052837  -0.148305   0.211674  -0.135561  -0.136708   0.097231 
  0.425931   0.490525   1.556463   1.741505   0.212109   0.551128   0.051408   0.085418  -0.020513  -0.287339  -0.131551   0.131150 
  0.313344   0.383258   1.014128   1.303823   0.275994   0.191712  -0.112587  -0.107267  -0.542335  -0.437682   0.063885  -0.359416 
  0.277618   0.250500   0.927243   1.165625   0.303668   0.121295  -0.035726  -0.132758  -0.086885  -0.138198   0.027674  -0.070417 
  0.319371   0.367299   1.013263   1.159266   0.335238   0.205004   0.041753   0.116799   0.086020  -0.006359   0.031570   0.083709 
  0.304630   0.193937   1.092907   0.796354   0.416025   0.247117  -0.014741  -0.173362   0.079644  -0.362912   0.080787   0.042113 
  0.309528  -0.068317   1.498428   0.755388   0.139515   0.172518   0.004898  -0.262254   0.405521  -0.040966  -0.276510  -0.074599 
  0.296526   1.882593   1.356491   1.614366  -0.100669   0.396143  -0.013002   1.950910  -0.141937   0.858978  -0.240184   0.223625 
  0.200240   4.222991  -2.660662   3.140611   0.247976   0.390070  -0.096286   2.340398  -4.017153   1.526245   0.348645  -0.006073 
  0.121828   1.797984  -1.749236   1.640149   0.276739   0.138828  -0.078412  -2.425007   0.911426  -1.500462   0.028763  -0.251242 
  0.157552   1.470346  -1.296796   1.473877   0.065890  -0.033747   0.035724  -0.327638   0.452440  -0.166272  -0.210849  -0.172575 
  0.179920   1.074747  -0.513068   1.460469   0.011230  -0.038789   0.022368  -0.395599   0.783728  -0.013408  -0.054660  -0.005042 
  0.193677   1.033312  -0.219254   1.002390  -0.072938  -0.027387   0.013757  -0.041435   0.293814  -0.458079  -0.084168   0.011402 
  0.159771   0.785454   0.131513   0.492343  -0.017590  -0.004011  -0.033906  -0.247858   0.350767  -0.510047   0.055348   0.023376 
  0.100168   0.353039   1.232879   0.700727  -0.098549   0.254164  -0.059603  -0.432415   1.101366   0.208384  -0.080959   0.258175 
  0.071596   0.399613   0.940136   0.311059   0.546888   0.080959  -0.028572   0.046574  -0.292743  -0.389668   0.645437  -0.173205 
  0.072930   0.306658   0.360911   0.401414   0.337988   0.027158   0.001334  -0.092955  -0.579225   0.090355  -0.208900  -0.053801 
  0.115982   0.250506   0.445479   1.395381   0.233996   0.010886   0.043052  -0.056152   0.084568   0.993967  -0.103992  -0.016272 
  0.122810   0.396029  -0.166345   2.862440  -0.067380  -0.316559   0.006828   0.145523  -0.611824   1.467059  -0.301376  -0.327445 
  0.147923   0.094650  -0.156861   4.472337  -0.138770  -0.438714   0.025113  -0.301379   0.009484   1.609897  -0.071390  -0.122155 
  0.123203   0.050927  -0.272982   5.335440  -0.140375  -0.700727  -0.024720  -0.043723  -0.116121   0.863103  -0.001605  -0.262013 
  0.061660   0.756278  -0.695706   3.206673   0.040050  -0.375058  -0.061543   0.705351  -0.422724  -2.128767   0.180425   0.325669 
  0.095554   0.580035  -0.321172   1.047825  -0.051280  -0.030138   0.033894  -0.176243   0.374534  -2.158848  -0.091330   0.344920 
  0.094568   0.614770  -0.205416   1.476455   0.002005  -0.030138  -0.000986   0.034735   0.115756   0.428630   0.053285   0.000000 
  0.047459   0.547713  -0.424064   1.619351   0.018507  -0.121066  -0.047109  -0.067057  -0.218648   0.142896   0.016502  -0.090928 
  0.092178   0.623959  -0.259686   1.545783   0.020913  -0.001662   0.044719   0.076246   0.164378  -0.073568   0.002406   0.119404 
  0.104664   0.615563  -0.065653   1.580791  -0.003724  -0.015699   0.012486  -0.008396   0.194033   0.035008  -0.024637  -0.014037 
  0.119693   0.642083  -0.039353   1.622445   0.026700  -0.031455   0.015029   0.026520   0.026300   0.041654   0.030424  -0.015756 
  0.113544   0.601727   0.029430   1.564862  -0.003782  -0.061822  -0.006149  -0.040356   0.068783  -0.057583  -0.030482  -0.030367 
  0.119526   0.601699   0.064807   1.567211   0.035409  -0.068411   0.005982  -0.000028   0.035377   0.002349   0.039191  -0.006589 
  0.119259   0.608665   0.070453   1.605485  -0.003782  -0.052082  -0.000267   0.006966   0.005646   0.038274  -0.039191   0.016329 
  0.118615   0.644550   0.057293   1.658713  -0.026241  -0.100955  -0.000644   0.035885  -0.013160   0.053228  -0.022459  -0.048873 
  0.095412   0.673030  -0.014794   1.692632  -0.014954  -0.152063  -0.023203   0.028480  -0.072087   0.033919   0.011287  -0.051108 
  0.104110   0.653055  -0.056427   1.698075  -0.018678  -0.147365   0.008698  -0.019975  -0.041633   0.005443  -0.003724   0.004698 
  0.100118   0.640185  -0.035465   1.750443  -0.024236  -0.146333  -0.003992  -0.012870   0.020962   0.052368  -0.005558   0.001032 
  0.079754   0.731589   0.036958   1.658083  -0.057525  -0.147250  -0.020364   0.091404   0.072423  -0.092360  -0.033289  -0.000917 
  0.068599   0.520065   0.058336   1.644733  -0.075000  -0.120436  -0.011155  -0.211524   0.021378  -0.013350  -0.017475   0.026814 
  0.074328   0.472487  -0.087950   1.607261  -0.082850  -0.107831   0.005729  -0.047578  -0.146286  -0.037472  -0.007850   0.012605 
  0.067861   0.827033  -0.098787   1.701169  -0.081646  -0.144901  -0.006467   0.354546  -0.010837   0.093908   0.001204  -0.037070 
  0.114507   0.747287  -0.159330   3.794642   0.083652  -0.137395   0.046646  -0.079746  -0.060543   2.093473   0.165298   0.007506 
  0.068215   1.134149  -0.323597   4.580798   0.229928  -0.153896  -0.046292   0.386862  -0.164267   0.786156   0.146276  -0.016501 
  0.037705   1.053223  -0.260844   3.869757   0.281437  -0.110294  -0.030510  -0.080926   0.062753  -0.711041   0.051509   0.043602 
  0.038077   0.995821  -0.209147   3.738320   0.246486  -0.070474   0.000372  -0.057402   0.051697  -0.131437  -0.034951   0.039820 
  0.036980   0.947193  -0.117575   3.716319   0.195665  -0.088293  -0.001097  -0.048628   0.091572  -0.022001  -0.050821  -0.017819 
  0.025698   0.861467  -0.155108   3.430986   0.155615  -0.063025  -0.011282  -0.085726  -0.037533  -0.285333  -0.040050   0.025268 
  0.037831   1.044482  -0.188586   3.264714   0.215948  -0.032143   0.012133   0.183015  -0.033478  -0.166272   0.060333   0.030882 
  0.056865   1.006555  -0.042030   3.037880   0.225344  -0.002807   0.019034  -0.037927   0.146556  -0.226834   0.009396   0.029336 
  0.010878   0.721767   0.000560   2.973078   0.218641  -0.016673  -0.045987  -0.284788   0.042590  -0.064802  -0.006703  -0.013866 
  0.028789   0.974927  -0.004792   2.889885   0.232334  -0.008480   0.017911   0.253160  -0.005352  -0.083193   0.013693   0.008193 
  0.045193   0.938619   0.057854   2.935664   0.267514  -0.013522   0.016404  -0.036308   0.062646   0.045779   0.035180  -0.005042 
  0.025597   0.772010   0.106670   2.777470   0.206322  -0.067494  -0.019596  -0.166609   0.048816  -0.158194  -0.061192  -0.053972 
  0.013953   0.836835   0.167316   2.549261   0.200994  -0.106226  -0.011644   0.064825   0.060646  -0.228209  -0.005328  -0.038732 
  0.029712   0.937697   0.120133   2.656290   0.194347  -0.112987   0.015759   0.100862  -0.047183   0.107029  -0.006647  -0.006761 
  0.021180   0.642116   0.160803   2.571263   0.144328  -0.119748  -0.008532  -0.295581   0.040670  -0.085027  -0.050019  -0.006761 
  0.031966   0.874121   0.201232   2.596587   0.199103  -0.101585   0.010786   0.232005   0.040429   0.025324   0.054775   0.018163 
  0.030373   0.954530   0.313593   2.643283   0.199046  -0.087491  -0.001593   0.080409   0.112361   0.046696  -0.000057   0.014094 
  0.042735   1.016135   0.694028   2.765324   0.200994  -0.014782   0.012362   0.061605   0.380435   0.122041   0.001948   0.072709 
  0.067621   1.596922   1.113401   2.688719   0.259435   0.012892   0.024886   0.580787   0.419373  -0.076605   0.058441   0.027674 
  0.106155   3.123880   0.610521   4.029097   0.132869  -0.193201   0.038534   1.526958  -0.502880   1.340378  -0.126566  -0.206093 
  0.205699   4.344741   0.154599   4.431485   0.286995  -0.076490   0.099544   1.220861  -0.455922   0.402388   0.154126   0.116711 
  0.485013   5.216566  -0.670170   4.566932   0.111555   0.002349   0.279314   0.871825  -0.824769   0.135447  -0.175440   0.078839 
  0.910498   5.523660  -1.590845   4.285037  -0.514402  -0.575880   0.425485   0.307094  -0.920675  -0.281895  -0.625957  -0.578229 
  0.481476   2.886502  -0.082041   2.740629  -0.740949  -0.635869  -0.429022  -2.637158   1.508804  -1.544408  -0.226547  -0.059989 
  0.350270   1.675707   0.742400   1.748553  -0.905732  -0.490968  -0.131206  -1.210795   0.824441  -0.992076  -0.164783   0.144901 
  0.355173   1.609489   0.953069   2.133065  -0.640624  -0.478821   0.004903  -0.066218   0.210669   0.384512   0.265108   0.012147 
  0.322019   1.597023   0.767237   2.623287  -0.592037  -0.536288  -0.033154  -0.012466  -0.185832   0.490222   0.048587  -0.057467 
  0.293749   1.275851   0.655098   3.115802  -0.588600  -0.514860  -0.028270  -0.321172  -0.112139   0.492515   0.003437   0.021428 
  0.219432   1.295879  -0.270316   3.915078  -0.485524  -0.442724  -0.074317   0.020028  -0.925414   0.799276   0.103076   0.072136 
  0.061028   0.945470  -1.108308   4.659178  -0.306418  -0.485983  -0.158404  -0.350409  -0.837992   0.744100   0.179106  -0.043259 
  0.058318   1.445173  -1.158220   3.364351  -0.298225  -0.421754  -0.002710   0.499703  -0.049912  -1.294827   0.008193   0.064229 
  0.057893   1.387270  -1.147825   3.378216  -0.311517  -0.424390  -0.000425  -0.057903   0.010395   0.013865  -0.013292  -0.002636 
  0.063167   1.274582  -1.099492   3.305852  -0.255482  -0.433443   0.005274  -0.112688   0.048333  -0.072364   0.056035  -0.009053 
  0.071860   1.271185  -1.100361   3.266948  -0.197269  -0.436193   0.008693  -0.003397  -0.000869  -0.038904   0.058213  -0.002750 
  0.075243   1.287309  -1.038437   3.220367  -0.222881  -0.441349   0.003383   0.016124   0.061924  -0.046581  -0.025612  -0.005156 
  0.084909   1.254669  -1.014279   3.140897  -0.190337  -0.447079   0.009666  -0.032640   0.024158  -0.079470   0.032544  -0.005730 
  0.093414   1.262199  -0.993221   3.134709  -0.161460  -0.450860   0.008505   0.007530   0.021058  -0.006188   0.028877  -0.003781 
  0.097996   1.261805  -0.958445   3.111046  -0.125650  -0.465013   0.004582  -0.000394   0.034776  -0.023663   0.035810  -0.014153 
  0.105178   1.254402  -0.951849   3.063147  -0.118660  -0.456304   0.007182  -0.007403   0.006596  -0.047899   0.006990   0.008709 
  0.111072   1.275856  -0.929627   3.043380  -0.086860  -0.482602   0.005894   0.021454   0.022222  -0.019767   0.031800  -0.026298 
  0.200671   1.067703   0.002188   2.349929   0.303381  -0.549180   0.089599  -0.208153   0.931815  -0.693451   0.390241  -0.066578 
  0.175410   0.984438   0.280023   2.085452  -0.122384  -0.554394  -0.025261  -0.083265   0.277835  -0.264477  -0.425765  -0.005214 
  0.121440   1.178658   0.054847   2.092385  -0.066864  -0.430922  -0.053970   0.194220  -0.225176   0.006933   0.055520   0.123472 
  0.134001   0.878209   0.246470   2.027354  -0.158537  -0.375287   0.012561  -0.300449   0.191623  -0.065031  -0.091673   0.055635 
  0.145653   0.862217   0.256478   1.723400  -0.093163  -0.338618   0.011652  -0.015992   0.010008  -0.303954   0.065374   0.036669 
  0.161092   1.103230   0.321752   1.656020  -0.099695  -0.321028   0.015439   0.241013   0.065274  -0.067380  -0.006532   0.017590 
  0.162345   1.115228   0.296888   1.591906  -0.132640  -0.335868   0.001253   0.011998  -0.024864  -0.064114  -0.032945  -0.014840 
  0.170683   0.728523   0.741161   1.537074  -0.103362  -0.306475   0.008338  -0.386705   0.444273  -0.054832   0.029278   0.029393 
  0.220670   0.611714   1.376161   1.674412  -0.165642  -0.325383   0.049987  -0.116809   0.635000   0.137338  -0.062280  -0.018908 
  0.250513   0.877527   2.131329   2.075540  -0.163751  -0.337931   0.029843   0.265813   0.755168   0.401128   0.001891  -0.012548 
  0.284923   0.245897   2.032355   2.242729   0.261498  -0.170111   0.034410  -0.631630  -0.098974   0.167189   0.425249   0.167820 
  0.155037   0.645591   0.616230   3.474932   0.200994  -0.310486  -0.129886   0.399694  -1.416125   1.232203  -0.060504  -0.140375 
  0.107835   0.847874  -0.038083   4.815997   0.098835  -0.435964  -0.047202   0.202283  -0.654313   1.341065  -0.102159  -0.125478 
  0.085925   0.312946   0.157955   5.608913   0.008824  -0.441636  -0.021910  -0.534928   0.196038   0.792916  -0.090011  -0.005672 
  0.093240   0.045055   0.540293   4.974019   0.092361  -0.461919   0.007315  -0.267891   0.382338  -0.634894   0.083537  -0.020283 
  0.237887   0.257714   0.814222   4.500698   0.209531  -0.565223   0.144647   0.212659   0.273929  -0.473321   0.117170  -0.103304 
  0.238320   0.998223   0.298960   3.182208   0.190337  -0.355635   0.000433   0.740509  -0.515262  -1.318490  -0.019194   0.209588 
  0.112214   1.347420  -1.430610   1.863201   0.281953  -0.278457  -0.126106   0.349197  -1.729570  -1.319007   0.091616   0.077178 
  0.003608   0.931653  -3.593916   1.233635   0.556972  -0.442209  -0.108606  -0.415767  -2.163306  -0.629566   0.275019  -0.163752 
  0.022176   0.560287  -2.624055   2.024317   0.306590  -0.496697   0.018568  -0.371366   0.969861   0.790682  -0.250382  -0.054488 
  0.461158   0.111184   1.449596   2.606614  -0.015241  -0.607106   0.438982  -0.449103   4.073651   0.582297  -0.321831  -0.110409 
  1.286113  -0.097095   3.696417   2.946321  -1.278326  -0.664287   0.824955  -0.208279   2.246821   0.339707  -1.263085  -0.057181 
  1.465712   0.058807   4.744671   2.145440  -1.527620  -0.572098   0.179599   0.155902   1.048254  -0.800881  -0.249294   0.092189 
  1.652975  -0.231891   5.312489   2.102125  -1.986846  -0.754986   0.187263  -0.290698   0.567818  -0.043315  -0.459226  -0.182888 
  1.883713  -0.119680   5.295648   1.796624  -2.156499  -0.960449   0.230738   0.112211  -0.016841  -0.305501  -0.169653  -0.205463 
  2.123432  -0.846548   6.485050   1.482987  -1.676188  -0.987894   0.239719  -0.726868   1.189402  -0.313637   0.480311  -0.027445 
  2.129351  -0.705133   6.765307   1.318261  -1.698820  -1.052466   0.005919   0.141415   0.280257  -0.164726  -0.022632  -0.064572 
  2.128990  -0.481060   7.060335   1.111538  -1.880218  -1.008234  -0.000361   0.224073   0.295028  -0.206723  -0.181398   0.044232 
  1.882101  -0.193329   6.624499   1.552888  -1.826991  -1.066733  -0.246889   0.287731  -0.435836   0.441350   0.053227  -0.058499 
  1.999477  -0.108580   6.238666   1.407012  -1.992919  -1.117440   0.117376   0.084749  -0.385833  -0.145876  -0.165928  -0.050707 
  1.802655  -0.211725   6.103001   1.192382  -1.936254  -1.254434  -0.196822  -0.103145  -0.135665  -0.214630   0.056665  -0.136994 
  1.297814   0.286624   4.176814   2.237629  -1.561425  -1.367249  -0.504841   0.498349  -1.926187   1.045247   0.374829  -0.112815 
  0.616452   0.732650   1.968324   2.116621  -0.870151  -0.865682  -0.681362   0.446026  -2.208490  -0.121008   0.691274   0.501567 
  0.498754   0.431797   2.040097   1.947197  -0.555483  -0.705254  -0.117698  -0.300853   0.071773  -0.169424   0.314668   0.160428 
  0.371527   0.325308   2.036859   2.121434  -0.142838  -0.549868  -0.127227  -0.106489  -0.003238   0.174237   0.412645   0.155386 
  0.299001   0.610204   1.833146   2.144982  -0.063999  -0.443813  -0.072526   0.284896  -0.203713   0.023548   0.078839   0.106055 
  0.289416   0.546656   1.733165   2.019046  -0.010141  -0.412931  -0.009585  -0.063548  -0.099981  -0.125936   0.053858   0.030882 
  0.279660   0.452522   1.884242   2.069638   0.031570  -0.379183  -0.009756  -0.094134   0.151077   0.050592   0.041711   0.033748 
  0.294338   0.448993   1.924945   2.025291  -0.027960  -0.354374   0.014678  -0.003529   0.040703  -0.044347  -0.059530   0.024809 
  0.294306   0.424665   2.050164   2.065627  -0.017131  -0.354203  -0.000032  -0.024328   0.125219   0.040336   0.010829   0.000171 
  0.373625   0.177205   2.507584   2.037037  -0.015986  -0.428744   0.079319  -0.247460   0.457420  -0.028590   0.001145  -0.074541 
  0.389013   0.402806   2.637516   1.992403   0.088236  -0.338618   0.015388   0.225601   0.129932  -0.044634   0.104222   0.090126 
  0.404938   0.397800   2.737155   1.973496   0.175268  -0.298396   0.015925  -0.005006   0.099639  -0.018907   0.087032   0.040222 
  0.437413   0.419065   2.883407   1.957396   0.207583  -0.294615   0.032475   0.021265   0.146252  -0.016100   0.032315   0.003781 
  0.434399   0.323757   3.026949   1.908866   0.190050  -0.240241  -0.003014  -0.095308   0.143542  -0.048530  -0.017533   0.054374 
  0.422235   0.425842   2.923401   1.902392   0.206379  -0.195894  -0.012164   0.102085  -0.103548  -0.006474   0.016329   0.044347 
  0.424505   0.461349   2.887059   1.893969   0.181169  -0.175841   0.002270   0.035507  -0.036342  -0.008423  -0.025210   0.020053 
  0.416522   0.417758   2.809020   1.952583   0.210161  -0.181971  -0.007983  -0.043591  -0.078039   0.058614   0.028992  -0.006130 
  0.413269   0.435764   2.763902   1.970918   0.195894  -0.194175  -0.003253   0.018006  -0.045118   0.018335  -0.014267  -0.012204 
  0.409382   0.422044   2.691191   1.966563   0.210161  -0.189076  -0.003887  -0.013720  -0.072711  -0.004355   0.014267   0.005099 
  0.412581   0.479727   2.386246   1.989080   0.140547  -0.176586   0.003199   0.057683  -0.304945   0.022517  -0.069614   0.012490 
  0.370589   0.578404   2.087635   1.935050   0.042800  -0.225917  -0.041992   0.098677  -0.298611  -0.054030  -0.097747  -0.049331 
  0.381076   0.302899   2.470296   1.713373  -0.059473  -0.217724   0.010487  -0.275505   0.382661  -0.221677  -0.102273   0.008193 
  0.409340   0.050678   2.746879   1.577811  -0.043258  -0.246830   0.028264  -0.252221   0.276583  -0.135562   0.016215  -0.029106 
  0.418687   0.292147   2.676885   1.697674  -0.043258  -0.221735   0.009347   0.241469  -0.069994   0.119863   0.000000   0.025095 
  0.369292   0.682540   2.302848   1.834611  -0.048701  -0.180940  -0.049395   0.390393  -0.374037   0.136937  -0.005443   0.040795 
  0.368787   0.485224   2.325410   1.828652  -0.013293  -0.180310  -0.000505  -0.197316   0.022562  -0.005959   0.035408   0.000630 
  0.360175   0.273907   2.272623   1.738010   0.013063  -0.175210  -0.008612  -0.211317  -0.052787  -0.090642   0.026356   0.005100 
  0.348170   0.488140   2.187264   1.724947   0.001547  -0.160772  -0.012005   0.214233  -0.085359  -0.013063  -0.011516   0.014438 
  0.331934   0.426915   2.334197   1.775367   0.074542  -0.098606  -0.016236  -0.061225   0.146933   0.050420   0.072995   0.062166 
  0.313240   0.145261   2.607606   1.557070   0.156990  -0.001375  -0.018694  -0.281654   0.273409  -0.218297   0.082448   0.097231 
  0.281288   0.250389   2.463555   1.048341   0.025038   0.055691  -0.031952   0.105128  -0.144051  -0.508729  -0.131952   0.057066 
  0.312746  -0.049838   2.397091   0.578286   0.064916   0.098320   0.031458  -0.300227  -0.066464  -0.470055   0.039878   0.042629 
  0.390138  -0.173349   2.514958   0.906878  -0.007563   0.149771   0.077392  -0.123511   0.117867   0.328592  -0.072479   0.051451 
  0.424530  -0.227216   2.570285   1.758751   0.064630   0.025497   0.034392  -0.053867   0.055327   0.851873   0.072193  -0.124274 
  0.305593   0.179990   1.661150   2.570804  -0.027731  -0.277598  -0.118937   0.407206  -0.909135   0.812053  -0.092361  -0.303095 
