  0.000000   0.003514   0.000000   0.000000   0.000000   0.000000   0.000000   0.000000   0.000000   0.000000   0.000000   0.000000 
  0.090634   0.067320  -0.000257   0.006646  -0.166559   0.081303   0.090634   0.063806  -0.000257   0.006646  -0.166559   0.081303 
  0.240432   0.144744   0.077601  -0.051967  -0.589688   0.165757   0.149798   0.077424   0.077858  -0.058613  -0.423129   0.084454 
  0.034988   0.084871   0.060737  -0.096773  -0.054488  -0.014152  -0.205444  -0.059873  -0.016864  -0.044806   0.535200  -0.179909 
  0.040850   0.025260   0.093529  -0.044175  -0.045550   0.020741   0.005862  -0.059611   0.032792   0.052598   0.008938   0.034893 
  0.032244   0.165319   0.076641  -0.039248  -0.030997   0.023205  -0.008606   0.140059  -0.016888   0.004927   0.014553   0.002464 
  0.038317   0.170308   0.093551  -0.065260  -0.045206   0.028591   0.006073   0.004989   0.016910  -0.026012  -0.014209   0.005386 
  0.054496   0.178443   0.045112  -0.106456  -0.027788   0.012834   0.016179   0.008135  -0.048439  -0.041196   0.017418  -0.015757 
  0.073653   0.193897   0.006879  -0.180711   0.000974   0.015069   0.019157   0.015454  -0.038233  -0.074255   0.028762   0.002235 
  0.072951   0.084138   0.038407  -0.167074   0.000344   0.034779  -0.000702  -0.109759   0.031528   0.013637  -0.000630   0.019710 
  0.073009   0.094103   0.039218  -0.177445  -0.005901   0.032601   0.000058   0.009965   0.000811  -0.010371  -0.006245  -0.002178 
  0.067063   0.185864   0.025045  -0.203801   0.000974   0.032544  -0.005946   0.091761  -0.014173  -0.026356   0.006875  -0.000057 
  0.067253   0.196296   0.018046  -0.218240   0.016730   0.042456   0.000190   0.010432  -0.006999  -0.014439   0.015756   0.009912 
  0.067173   0.156464   0.018068  -0.235658   0.010714   0.035122  -0.000080  -0.039832   0.000022  -0.017418  -0.006016  -0.007334 
  0.066796   0.080171   0.047879  -0.210333  -0.018220   0.037815  -0.000377  -0.076293   0.029811   0.025325  -0.028934   0.002693 
  0.057725   0.158255   0.043103  -0.225975  -0.000115   0.036898  -0.009071   0.078084  -0.004776  -0.015642   0.018105  -0.000917 
  0.073463   0.151177   0.119555  -0.201910   0.018335   0.048873   0.015738  -0.007078   0.076452   0.024065   0.018450   0.011975 
  0.060240   0.176533   0.028952  -0.158709   0.005500   0.063827  -0.013223   0.025356  -0.090603   0.043201  -0.012835   0.014954 
  0.050106   0.216976  -0.032321  -0.156246  -0.002865   0.083881  -0.010134   0.040443  -0.061273   0.002463  -0.008365   0.020054 
  0.070692   0.162054   0.205780  -0.225459  -0.382965   0.197441   0.020586  -0.054922   0.238101  -0.069213  -0.380100   0.113560 
  0.137690   0.102940   0.372427  -0.240814  -0.756476   0.301834   0.066998  -0.059114   0.166647  -0.015355  -0.373511   0.104393 
  0.081783   0.245274   0.265432  -0.060161  -0.595418   0.175039  -0.055907   0.142334  -0.106995   0.180653   0.161058  -0.126795 
 -0.036962   0.350221   0.231448   1.048398  -0.626529  -0.172174  -0.118745   0.104947  -0.033984   1.108559  -0.031111  -0.347213 
 -0.162404   0.339085   1.052291   2.060471  -1.114804   0.068698  -0.125442  -0.011136   0.820843   1.012073  -0.488275   0.240872 
 -0.018577   0.355939   0.795509   1.784993  -0.895017  -0.087433   0.143827   0.016854  -0.256782  -0.275478   0.219787  -0.156131 
 -0.111207   0.251100   0.343177   0.475383  -0.555425   0.036497  -0.092630  -0.104839  -0.452332  -1.309610   0.339592   0.123930 
 -0.061597   0.240069   0.412068   0.245913  -0.717171   0.018335   0.049610  -0.011031   0.068891  -0.229470  -0.161746  -0.018162 
  0.031847   0.366885   0.641275   0.380272  -0.737454  -0.138427   0.093444   0.126816   0.229207   0.134359  -0.020283  -0.156762 
  0.051463   0.246966   0.384391   0.109034  -0.492686  -0.117628   0.019616  -0.119919  -0.256884  -0.271238   0.244768   0.020799 
  0.064924   0.137664   0.283594  -0.066406  -0.357468  -0.131952   0.013461  -0.109302  -0.100797  -0.175440   0.135218  -0.014324 
  0.091304   0.208499   0.308861   0.013407  -0.456762  -0.111154   0.026380   0.070835   0.025267   0.079813  -0.099294   0.020798 
  0.095177   0.230092   0.331896   0.024351  -0.493489  -0.104794   0.003873   0.021593   0.023035   0.010944  -0.036727   0.006360 
  0.096079   0.251826   0.312388  -0.000688  -0.407545  -0.100382   0.000902   0.021734  -0.019508  -0.025039   0.085944   0.004412 
  0.092542   0.248820   0.307794  -0.006474  -0.414650  -0.103419  -0.003537  -0.003006  -0.004594  -0.005786  -0.007105  -0.003037 
  0.090570   0.249589   0.308988  -0.007219  -0.407488  -0.106971  -0.001972   0.000769   0.001194  -0.000745   0.007162  -0.003552 
  0.096018   0.238084   0.323109  -0.022116  -0.407545  -0.108117   0.005448  -0.011505   0.014121  -0.014897  -0.000057  -0.001146 
  0.090133   0.160412   0.378146  -0.088465  -0.443469  -0.107659  -0.005885  -0.077672   0.055037  -0.066349  -0.035924   0.000458 
  0.090948   0.180066   0.388264  -0.080329  -0.462320  -0.113503   0.000815   0.019654   0.010118   0.008136  -0.018851  -0.005844 
  0.093388   0.242104   0.405451  -0.088980  -0.483920  -0.125535   0.002440   0.062038   0.017187  -0.008651  -0.021600  -0.012032 
  0.089257   0.228887   0.413594  -0.099523  -0.501453  -0.136536  -0.004131  -0.013217   0.008143  -0.010543  -0.017533  -0.011001 
  0.094438   0.204220   0.386853  -0.127884  -0.507297  -0.136249   0.005181  -0.024667  -0.026741  -0.028361  -0.005844   0.000287 
  0.090950   0.201027   0.345596  -0.137968  -0.444902  -0.134989  -0.003488  -0.003193  -0.041257  -0.010084   0.062395   0.001260 
  0.091454   0.130524   0.384217  -0.166215  -0.478821  -0.118430   0.000504  -0.070503   0.038621  -0.028247  -0.033919   0.016559 
  0.084509   0.087968   0.349943  -0.169825  -0.450746  -0.106054  -0.006945  -0.042556  -0.034274  -0.003610   0.028075   0.012376 
  0.081737   0.166591   0.286025  -0.147766  -0.404909  -0.110065  -0.002772   0.078623  -0.063918   0.022059   0.045837  -0.004011 
  0.079335   0.162046   0.255121  -0.131322  -0.387262  -0.094595  -0.002402  -0.004545  -0.030904   0.016444   0.017647   0.015470 
  0.088384   0.150802   0.233738  -0.127197  -0.379241  -0.095512   0.009049  -0.011244  -0.021383   0.004125   0.008021  -0.000917 
  0.091227   0.197641   0.213050  -0.137453  -0.418030  -0.096028   0.002843   0.046839  -0.020688  -0.010256  -0.038789  -0.000516 
  0.092420   0.292783   0.189244  -0.123358  -0.394080  -0.094653   0.001193   0.095142  -0.023806   0.014095   0.023950   0.001375 
  0.088502   0.279580   0.268222  -0.123186  -0.361708  -0.097517  -0.003918  -0.013203   0.078978   0.000172   0.032372  -0.002864 
  0.088547   0.218067   0.339595  -0.143297  -0.363484  -0.088293   0.000045  -0.061513   0.071373  -0.020111  -0.001776   0.009224 
  0.087549   0.172214   0.354899  -0.157793  -0.361823  -0.084282  -0.000998  -0.045853   0.015304  -0.014496   0.001661   0.004011 
  0.088290   0.188044   0.345537  -0.141578  -0.391273  -0.094595   0.000741   0.015830  -0.009362   0.016215  -0.029450  -0.010313 
  0.085634   0.186174   0.334035  -0.127712  -0.371907  -0.094194  -0.002656  -0.001870  -0.011502   0.013866   0.019366   0.000401 
  0.095446   0.198771   0.304902  -0.149943  -0.337759  -0.087949   0.009812   0.012597  -0.029133  -0.022231   0.034148   0.006245 
  0.095803   0.156437   0.107999  -0.149542  -0.299829  -0.055176   0.000357  -0.042334  -0.196903   0.000401   0.037930   0.032773 
  0.068536   0.279306  -0.594279  -0.203400  -1.177314  -0.103935  -0.027267   0.122869  -0.702278  -0.053858  -0.877485  -0.048759 
  0.223282   0.227150  -0.005918   0.341024  -1.916716  -0.190394   0.154746  -0.052156   0.588361   0.544424  -0.739402  -0.086459 
  0.234377   0.315383  -0.012365   0.231819  -1.760585  -0.174351   0.011095   0.088233  -0.006447  -0.109205   0.156131   0.016043 
  0.084038   0.276799  -0.096292   0.111039  -0.724562  -0.047326  -0.150339  -0.038584  -0.083927  -0.120780   1.036023   0.127025 
  0.276500   0.290324  -0.010664   0.242991  -1.797598  -0.311001   0.192462   0.013525   0.085628   0.131952  -1.073036  -0.263675 
  0.134855   0.247488  -0.051477   0.132926  -0.712759  -0.148052  -0.141645  -0.042836  -0.040813  -0.110065   1.084839   0.162949 
  0.163548   0.210526  -0.096374   0.311804  -0.983425  -0.130749   0.028693  -0.036962  -0.044897   0.178878  -0.270666   0.017303 
  0.154355   0.318049  -0.229392   0.233251  -0.907794  -0.124733  -0.009193   0.107523  -0.133018  -0.078553   0.075631   0.006016 
  0.155229   0.264981  -0.200190   0.011746  -0.667668  -0.125936   0.000874  -0.053068   0.029202  -0.221505   0.240126  -0.001203 
  0.165967   0.234206  -0.224473  -0.087892  -0.617763  -0.142094   0.010738  -0.030775  -0.024283  -0.099638   0.049905  -0.016158 
  0.164900   0.212591  -0.255626  -0.075688  -0.622003  -0.151719  -0.001067  -0.021615  -0.031153   0.012204  -0.004240  -0.009625 
  0.136733   0.176110  -0.412879  -0.170226  -0.679585  -0.146333  -0.028167  -0.036481  -0.157253  -0.094538  -0.057582   0.005386 
  0.130220   0.123061  -0.264535  -0.218870  -0.569577  -0.117113  -0.006513  -0.053049   0.148344  -0.048644   0.110008   0.029220 
  0.135163   0.207917  -0.266958  -0.205978  -0.555311  -0.114592   0.004943   0.084856  -0.002423   0.012892   0.014266   0.002521 
  0.125377   0.202451  -0.200955  -0.197327  -0.502599  -0.096543  -0.009786  -0.005466   0.066003   0.008651   0.052712   0.018049 
  0.124825   0.128162  -0.243628  -0.451204  -0.588943  -0.145990  -0.000552  -0.074289  -0.042673  -0.253877  -0.086344  -0.049447 
  0.244700   0.223235  -0.195406   0.090126  -0.882355  -0.119118   0.119875   0.095073   0.048222   0.541330  -0.293412   0.026872 
  0.192802   0.142060  -0.033991   0.098606  -0.614325  -0.045837  -0.051898  -0.081175   0.161415   0.008480   0.268030   0.073281 
  0.177218   0.059428   0.001030   0.010141  -0.650422  -0.195264  -0.015584  -0.082632   0.035021  -0.088465  -0.036097  -0.149427 
  0.177467   0.246296  -0.251222  -0.041081  -0.348301  -0.218182   0.000249   0.186868  -0.252252  -0.051222   0.302121  -0.022918 
  0.158263   0.267873  -0.584513  -0.325612  -0.006532  -0.196811  -0.019204   0.021577  -0.333291  -0.284531   0.341769   0.021371 
  0.128957   0.132073  -0.177776  -0.177674  -0.084168  -0.125363  -0.029306  -0.135800   0.406737   0.147938  -0.077636   0.071448 
  0.109566  -0.021101   0.355522   0.063025  -0.395455   0.106513  -0.019391  -0.153174   0.533298   0.240699  -0.311287   0.231876 
  0.104820   0.200097   0.239074   0.005443  -0.336613   0.057181  -0.004746   0.221198  -0.116448  -0.057582   0.058842  -0.049332 
  0.127631   0.316199   0.052354  -0.068526  -0.292724  -0.080787   0.022811   0.116102  -0.186720  -0.073969   0.043889  -0.137968 
  0.126447   0.262979   0.088499  -0.065374  -0.304642  -0.040279  -0.001184  -0.053220   0.036145   0.003152  -0.011918   0.040508 
  0.119975   0.232984   0.098270  -0.078151  -0.313121  -0.032830  -0.006472  -0.029995   0.009771  -0.012777  -0.008479   0.007449 
  0.118006   0.251657   0.094432  -0.069901  -0.304642  -0.025726  -0.001969   0.018673  -0.003838   0.008250   0.008479   0.007104 
  0.114996   0.243694   0.099093  -0.098549  -0.304642  -0.025439  -0.003010  -0.007963   0.004661  -0.028648   0.000000   0.000287 
  0.117353   0.229987   0.107728  -0.116654  -0.298396  -0.009053   0.002357  -0.013707   0.008635  -0.018105   0.006246   0.016386 
  0.114989   0.174481   0.128614  -0.130634  -0.303954  -0.000745  -0.002364  -0.055506   0.020886  -0.013980  -0.005558   0.008308 
  0.104647   0.125914   0.112367  -0.141177  -0.310314   0.000917  -0.010342  -0.048567  -0.016247  -0.010543  -0.006360   0.001662 
  0.113163   0.159760   0.080467  -0.185295  -0.310429   0.000172   0.008516   0.033846  -0.031900  -0.044118  -0.000115  -0.000745 
  0.115183   0.231984   0.078370  -0.240700  -0.282640  -0.000516   0.002020   0.072224  -0.002097  -0.055405   0.027789  -0.000688 
  0.176037   0.342650   0.172195  -0.386345  -0.170168  -0.018678   0.060854   0.110666   0.093825  -0.145645   0.112472  -0.018162 
  0.178952   0.031028   0.542701  -0.611976  -0.282411  -0.080271   0.002915  -0.311622   0.370506  -0.225631  -0.112243  -0.061593 
  0.117857  -0.016625   0.206479  -0.203744  -0.192170  -0.063426  -0.061095  -0.047653  -0.336222   0.408232   0.090241   0.016845 
  0.090918   0.215087   0.029156  -0.058843  -0.012777  -0.070760  -0.026939   0.231712  -0.177323   0.144901   0.179393  -0.007334 
  0.144129   0.172569   0.019732  -0.299313  -0.225860  -0.210447   0.053211  -0.042518  -0.009424  -0.240470  -0.213083  -0.139687 
  0.121874   0.124155   0.026779  -0.393393  -0.156876  -0.168278  -0.022255  -0.048414   0.007047  -0.094080   0.068984   0.042169 
  0.111358   0.029672   0.035134  -0.475440  -0.135390  -0.158251  -0.010516  -0.094483   0.008355  -0.082047   0.021486   0.010027 
  0.101807   0.079604   0.052325  -0.536861  -0.106570  -0.145875  -0.009551   0.049932   0.017191  -0.061421   0.028820   0.012376 
  0.091027   0.111420   0.066538  -0.512797  -0.085371  -0.121639  -0.010780   0.031816   0.014213   0.024064   0.021199   0.024236 
  0.095582   0.147413   0.053829  -0.487415  -0.070302  -0.151204   0.004555   0.035993  -0.012709   0.025382   0.015069  -0.029565 
  0.106546   0.134138   0.053665  -0.489592  -0.077349  -0.149198   0.010964  -0.013275  -0.000164  -0.002177  -0.007047   0.002006 
  0.115475   0.193539   0.046028  -0.552618  -0.076662  -0.152808   0.008929   0.059401  -0.007637  -0.063026   0.000687  -0.003610 
  0.102384  -0.000465   0.208900  -0.599085  -0.088579  -0.143927  -0.013091  -0.194004   0.162872  -0.046467  -0.011917   0.008881 
  0.104807  -0.055953   0.210935  -0.627790  -0.108747  -0.147078   0.002423  -0.055488   0.002035  -0.028705  -0.020168  -0.003151 
  0.096859   0.089045   0.167528  -0.683596  -0.115680  -0.145932  -0.007948   0.144998  -0.043407  -0.055806  -0.006933   0.001146 
  0.097155   0.103212   0.178026  -0.699696  -0.100210  -0.148683   0.000296   0.014167   0.010498  -0.016100   0.015470  -0.002751 
  0.090519   0.079987   0.176957  -0.719692  -0.107659  -0.139744  -0.006636  -0.023225  -0.001069  -0.019996  -0.007449   0.008939 
  0.086165   0.097996   0.175958  -0.733902  -0.099981  -0.144786  -0.004354   0.018009  -0.000999  -0.014210   0.007678  -0.005042 
  0.085588   0.123100   0.163154  -0.747538  -0.097403  -0.145990  -0.000577   0.025104  -0.012804  -0.013636   0.002578  -0.001204 
  0.088544   0.137399   0.162779  -0.728974  -0.104508  -0.149026   0.002956   0.014299  -0.000375   0.018564  -0.007105  -0.003036 
  0.093386   0.132730   0.161769  -0.719005  -0.097174  -0.146448   0.004842  -0.004669  -0.001010   0.009969   0.007334   0.002578 
  0.099031   0.114110   0.178411  -0.756018  -0.097976  -0.136536   0.005645  -0.018620   0.016642  -0.037013  -0.000802   0.009912 
  0.092920  -0.004626   0.179425  -0.754585  -0.098778  -0.113961  -0.006111  -0.118736   0.001014   0.001433  -0.000802   0.022575 
  0.090747   0.078741   0.163151  -0.791828  -0.088637  -0.122556  -0.002173   0.083367  -0.016274  -0.037243   0.010141  -0.008595 
  0.090341   0.098313   0.152548  -0.881553  -0.079068  -0.118831  -0.000406   0.019572  -0.010603  -0.089725   0.009569   0.003725 
  0.095298   0.089777   0.139045  -0.917076  -0.070932  -0.120035   0.004957  -0.008536  -0.013503  -0.035523   0.008136  -0.001204 
  0.100235   0.108616   0.128015  -0.899544  -0.066520  -0.128113   0.004937   0.018839  -0.011030   0.017532   0.004412  -0.008078 
  0.099121   0.092484   0.137193  -0.897710  -0.077521  -0.121639  -0.001114  -0.016132   0.009178   0.001834  -0.011001   0.006474 
  0.100580   0.040639   0.125407  -1.027256  -0.067552  -0.126681   0.001459  -0.051845  -0.011786  -0.129546   0.009969  -0.005042 
  0.087682  -0.032355   0.144517  -1.022099  -0.069901  -0.124962  -0.012898  -0.072994   0.019110   0.005157  -0.002349   0.001719 
  0.093469   0.065850   0.136015  -0.998608  -0.085027  -0.132869   0.005787   0.098205  -0.008502   0.023491  -0.015126  -0.007907 
  0.093392   0.105051   0.109373  -1.014651  -0.078839  -0.136421  -0.000077   0.039201  -0.026642  -0.016043   0.006188  -0.003552 
  0.090322   0.118424   0.077070  -1.027027  -0.047613  -0.141922  -0.003070   0.013373  -0.032303  -0.012376   0.031226  -0.005501 
  0.089061   0.005181   0.110491  -1.031611  -0.058155  -0.130864  -0.001261  -0.113243   0.033421  -0.004584  -0.010542   0.011058 
  0.084079  -0.010306   0.093357  -0.992248  -0.048472  -0.118488  -0.004982  -0.015487  -0.017134   0.039363   0.009683   0.012376 
  0.081947   0.100881   0.074455  -0.988639  -0.064286  -0.125363  -0.002132   0.111187  -0.018902   0.003609  -0.015814  -0.006875 
  0.090682   0.122264   0.073042  -1.011271  -0.045436  -0.128744   0.008735   0.021383  -0.001413  -0.022632   0.018850  -0.003381 
  0.091698   0.114401   0.049943  -0.986805  -0.053801  -0.142896   0.001016  -0.007863  -0.023099   0.024466  -0.008365  -0.014152 
  0.082915  -0.013039   0.073251  -1.044216  -0.053801  -0.109206  -0.008783  -0.127440   0.023308  -0.057411   0.000000   0.033690 
  0.081670  -0.018004   0.057667  -1.064613  -0.026757  -0.103992  -0.001245  -0.004965  -0.015584  -0.020397   0.027044   0.005214 
  0.085721   0.099184   0.039370  -1.085927  -0.032315  -0.119576   0.004051   0.117188  -0.018297  -0.021314  -0.005558  -0.015584 
  0.086136   0.100446   0.061102  -1.108845  -0.049618  -0.103476   0.000415   0.001262   0.021732  -0.022918  -0.017303   0.016100 
  0.084454   0.063523   0.054895  -1.143968  -0.053801  -0.127025  -0.001682  -0.036923  -0.006207  -0.035123  -0.004183  -0.023549 
  0.081365  -0.055292   0.057462  -1.181038  -0.020054  -0.101986  -0.003089  -0.118815   0.002567  -0.037070   0.033747   0.025039 
  0.097131  -0.056455  -0.030265  -1.106095  -0.018736  -0.116941   0.015766  -0.001163  -0.087727   0.074943   0.001318  -0.014955 
  0.093653   0.124371  -0.034046  -1.062951  -0.046410  -0.089611  -0.003478   0.180826  -0.003781   0.043144  -0.027674   0.027330 
  0.081772  -0.055381   0.246139  -1.055446  -0.165413  -0.106971  -0.011881  -0.179752   0.280185   0.007505  -0.119003  -0.017360 
  0.074173  -0.018660   0.131890  -0.999181  -0.192170  -0.092819  -0.007599   0.036721  -0.114249   0.056265  -0.026757   0.014152 
  0.071713   0.078282   0.022459  -1.016083  -0.115737  -0.085944  -0.002460   0.096942  -0.109431  -0.016902   0.076433   0.006875 
  0.069601   0.107737  -0.016384  -1.046393  -0.105367  -0.094538  -0.002112   0.029455  -0.038843  -0.030310   0.010370  -0.008594 
  0.062801   0.088240  -0.041305  -1.055675  -0.101700  -0.089381  -0.006800  -0.019497  -0.024921  -0.009282   0.003667   0.005157 
  0.054612   0.065317  -0.040130  -1.069426  -0.118946  -0.096658  -0.008189  -0.022923   0.001175  -0.013751  -0.017246  -0.007277 
  0.050433  -0.036054  -0.038989  -1.087359  -0.135275  -0.095856  -0.004179  -0.101371   0.001141  -0.017933  -0.016329   0.000802 
  0.048706   0.129619  -0.122987  -1.147520  -0.135275  -0.105768  -0.001727   0.165673  -0.083998  -0.060161   0.000000  -0.009912 
  0.047791   0.088546  -0.077596  -1.127638  -0.139859  -0.125363  -0.000915  -0.041073   0.045391   0.019882  -0.004584  -0.019595 
  0.053717   0.063563  -0.042553  -1.122081  -0.135275  -0.116654   0.005926  -0.024983   0.035043   0.005557   0.004584   0.008709 
  0.052878   0.041215  -0.025737  -1.131133  -0.152636  -0.123014  -0.000839  -0.022348   0.016816  -0.009052  -0.017361  -0.006360 
  0.050889  -0.022899  -0.033437  -1.148551  -0.142838  -0.124045  -0.001989  -0.064114  -0.007700  -0.017418   0.009798  -0.001031 
  0.051340  -0.094480  -0.075689  -1.121049  -0.163579  -0.123186   0.000451  -0.071581  -0.042252   0.027502  -0.020741   0.000859 
  0.055929   0.044061  -0.082505  -1.132165  -0.099867  -0.130978   0.004589   0.138541  -0.006816  -0.011116   0.063712  -0.007792 
  0.060880   0.051588  -0.134380  -1.133139  -0.040107  -0.155730   0.004951   0.007527  -0.051875  -0.000974   0.059760  -0.024752 
  0.059440   0.096585  -0.326275  -1.407356  -0.054431  -0.118430  -0.001440   0.044997  -0.191895  -0.274217  -0.014324   0.037300 
  0.104001   0.028742  -0.285976  -1.438411   0.083193  -0.119175   0.044561  -0.067843   0.040299  -0.031055   0.137624  -0.000745 
  0.102605  -0.020935  -0.332535  -1.402257   0.084511  -0.125363  -0.001396  -0.049677  -0.046559   0.036154   0.001318  -0.006188 
  0.112123  -0.008762  -0.340475  -1.362723   0.097116  -0.156303   0.009518   0.012173  -0.007940   0.039534   0.012605  -0.030940 
  0.110723   0.001128  -0.340231  -1.367822   0.092189  -0.158251  -0.001400   0.009890   0.000244  -0.005099  -0.004927  -0.001948 
  0.105023   0.002565  -0.336750  -1.330637   0.075974  -0.166616  -0.005700   0.001437   0.003481   0.037185  -0.016215  -0.008365 
  0.110867  -0.004094  -0.322354  -1.337398   0.080157  -0.161116   0.005844  -0.006659   0.014396  -0.006761   0.004183   0.005500 
  0.101364  -0.087350  -0.289648  -1.323361   0.043774  -0.165356  -0.009503  -0.083256   0.032706   0.014037  -0.036383  -0.004240 
  0.093574  -0.122019  -0.323014  -1.223609   0.031513  -0.174408  -0.007790  -0.034669  -0.033366   0.099752  -0.012261  -0.009052 
  0.090253   0.056765  -0.466555  -1.352696   0.053915  -0.176815  -0.003321   0.178784  -0.143541  -0.129087   0.022402  -0.002407 
  0.066646   0.107490  -0.626441  -1.529912   0.067838  -0.181570  -0.023607   0.050725  -0.159886  -0.177216   0.013923  -0.004755 
  0.056574   0.122793  -0.418201  -1.050747  -0.137223  -0.249065  -0.010072   0.015303   0.208240   0.479165  -0.205061  -0.067495 
 -0.103232  -0.081715   0.617289  -0.353630  -0.767420  -0.564822  -0.159806  -0.204508   1.035490   0.697117  -0.630197  -0.315757 
  0.021587  -0.337201   1.664656  -0.474352  -0.289229  -0.323778   0.124819  -0.255486   1.047367  -0.120722   0.478191   0.241044 
  0.130339  -0.010872   1.352588  -0.709895  -0.133728  -0.305215   0.108752   0.326329  -0.312068  -0.235543   0.155501   0.018563 
  0.176287   0.353930   0.491047  -0.167189   0.063083  -0.394080   0.045948   0.364802  -0.861541   0.542706   0.196811  -0.088865 
  0.138703   0.034063   0.606518  -0.325898  -0.021658  -0.282927  -0.037584  -0.319867   0.115471  -0.158709  -0.084741   0.111153 
  0.115068   0.113489   0.298729  -0.763810   0.068870  -0.270780  -0.023635   0.079426  -0.307789  -0.437912   0.090528   0.012147 
  0.122948   0.190167  -0.279925  -1.281764   0.219271  -0.351109   0.007880   0.076678  -0.578654  -0.517954   0.150401  -0.080329 
  0.114587   0.199919  -0.717984  -1.572769   0.302178  -0.377694  -0.008361   0.009752  -0.438059  -0.291005   0.082907  -0.026585 
  0.076639  -0.008057  -0.728174  -1.877239   0.334951  -0.420265  -0.037948  -0.207976  -0.010190  -0.304470   0.032773  -0.042571 
  0.101285  -0.123828  -0.193425  -1.911674   0.302178  -0.678898   0.024646  -0.115771   0.534749  -0.034435  -0.032773  -0.258633 
  0.127785   0.072757  -0.063473  -1.821948   0.139630  -0.654547   0.026500   0.196585   0.129952   0.089726  -0.162548   0.024351 
  0.134092   0.172967  -0.295146  -1.770039   0.149828  -0.614211   0.006307   0.100210  -0.231673   0.051909   0.010198   0.040336 
  0.165779   0.048153  -0.139108  -1.623533  -0.003438  -0.473435   0.031687  -0.124814   0.156038   0.146506  -0.153266   0.140776 
  0.211243   0.055390   0.091372  -1.628575  -0.099809  -0.569119   0.045464   0.007237   0.230480  -0.005042  -0.096371  -0.095684 
  0.196854   0.100511  -0.064013  -1.357566  -0.034950  -0.592725  -0.014389   0.045121  -0.155385   0.271009   0.064859  -0.023606 
  0.173602   0.068471   0.007562  -1.630982   0.005672  -0.570322  -0.023252  -0.032040   0.071575  -0.273416   0.040622   0.022403 
  0.168936  -0.023006   0.083680  -1.621012   0.007105  -0.563790  -0.004666  -0.091477   0.076118   0.009970   0.001433   0.006532 
  0.162844  -0.017592   0.161234  -1.627659  -0.009568  -0.561900  -0.006092   0.005414   0.077554  -0.006647  -0.016673   0.001890 
  0.163960   0.062959   0.143414  -1.682204  -0.003896  -0.584474   0.001116   0.080551  -0.017820  -0.054545   0.005672  -0.022574 
  0.166487   0.104694   0.183908  -1.736062   0.009282  -0.575135   0.002527   0.041735   0.040494  -0.053858   0.013178   0.009339 
  0.167032   0.086036   0.217368  -1.787915   0.021199  -0.560353   0.000545  -0.018658   0.033460  -0.051853   0.011917   0.014782 
  0.167381   0.077838   0.199604  -1.842346   0.042743  -0.580464   0.000349  -0.008198  -0.017764  -0.054431   0.021544  -0.020111 
  0.169072   0.062091   0.190154  -1.907949   0.044977  -0.591121   0.001691  -0.015747  -0.009450  -0.065603   0.002234  -0.010657 
  0.159541  -0.000221   0.197236  -1.995612   0.057296  -0.561499  -0.009531  -0.062312   0.007082  -0.087663   0.012319   0.029622 
  0.148826  -0.009527   0.201231  -2.005696   0.066578  -0.527751  -0.010715  -0.009306   0.003995  -0.010084   0.009282   0.033748 
  0.108342  -0.190476   0.241930  -1.966964   0.023434  -0.521048  -0.040484  -0.180949   0.040699   0.038732  -0.043144   0.006703 
  0.093361  -0.160202   0.141140  -1.911846   0.017647  -0.534398  -0.014981   0.030274  -0.100790   0.055118  -0.005787  -0.013350 
  0.082345   0.042101   0.108535  -1.934363   0.009740  -0.527178  -0.011016   0.202303  -0.032605  -0.022517  -0.007907   0.007220 
  0.097289   0.006948   0.126750  -1.958943  -0.024809  -0.537778   0.014944  -0.035153   0.018215  -0.024580  -0.034549  -0.010600 
  0.181798   0.048848   0.178709  -1.813010  -0.318507  -0.420436   0.084509   0.041900   0.051959   0.145933  -0.293698   0.117342 
  0.236866   0.082093   0.189060  -1.423686  -0.481342  -0.783176   0.055068   0.033245   0.010351   0.389324  -0.162835  -0.362740 
  0.202838   0.144700  -0.043018  -1.409648  -0.485926  -0.779738  -0.034028   0.062607  -0.232078   0.014038  -0.004584   0.003438 
  0.192078   0.246039   0.199991  -1.676245  -0.232277  -0.948417  -0.010760   0.101339   0.243009  -0.266597   0.253649  -0.168679 
  0.524834   0.578371   0.999974  -1.768492  -0.455731  -1.502467   0.332756   0.332332   0.799983  -0.092247  -0.223454  -0.554050 
  0.129862   0.448365  -0.865660  -1.913736  -0.549581  -0.947844  -0.394972  -0.130006  -1.865634  -0.145244  -0.093850   0.554623 
 -0.194826   0.059647  -0.979609  -2.365628  -0.378381  -0.435964  -0.324688  -0.388718  -0.113949  -0.451892   0.171200   0.511880 
 -0.266504   0.175530  -1.373450  -2.124814  -0.319997  -0.732527  -0.071678   0.115883  -0.393841   0.240814   0.058384  -0.296563 
  0.025904  -0.154234  -0.616825  -2.266506  -0.416139  -0.745017   0.292408  -0.329764   0.756625  -0.141692  -0.096142  -0.012490 
  0.017210  -0.066983  -0.644183  -2.330563  -0.284130  -0.838295  -0.008694   0.087251  -0.027358  -0.064057   0.132009  -0.093278 
 -0.028515   0.104755  -0.886669  -2.488642  -0.333461  -0.734360  -0.045725   0.171738  -0.242486  -0.158079  -0.049331   0.103935 
 -0.024301  -0.031738  -0.814789  -2.514082  -0.333519  -0.776587   0.004214  -0.136493   0.071880  -0.025440  -0.000058  -0.042227 
 -0.053484   0.118171  -1.256051  -2.282377  -0.544424  -0.764039  -0.029183   0.149909  -0.441262   0.231705  -0.210905   0.012548 
 -0.009295  -0.059248  -1.164440  -2.255391  -0.562415  -0.818929   0.044189  -0.177419   0.091611   0.026986  -0.017991  -0.054890 
  0.001899  -0.262284  -0.761264  -2.533906  -0.384569  -0.744444   0.011194  -0.203036   0.403176  -0.278515   0.177846   0.074485 
  0.023944  -0.120043  -0.484974  -2.620824  -0.303267  -0.776759   0.022045   0.142241   0.276290  -0.086918   0.081302  -0.032315 
  0.027576  -0.060512  -0.439698  -2.672218  -0.296735  -0.769826   0.003632   0.059531   0.045276  -0.051394   0.006532   0.006933 
  0.020378  -0.068320  -0.413411  -2.707799  -0.273874  -0.742840  -0.007198  -0.007808   0.026287  -0.035581   0.022861   0.026986 
  0.018498  -0.085884  -0.381718  -2.728711  -0.264707  -0.680788  -0.001880  -0.017564   0.031693  -0.020912   0.009167   0.062052 
  0.013793  -0.161279  -0.348210  -2.790877  -0.260066  -0.640051  -0.004705  -0.075395   0.033508  -0.062166   0.004641   0.040737 
  0.012586  -0.150055  -0.339654  -2.820213  -0.256112  -0.659875  -0.001207   0.011224   0.008556  -0.029336   0.003954  -0.019824 
  0.015840  -0.056649  -0.324978  -2.822906  -0.268030  -0.636270   0.003254   0.093406   0.014676  -0.002693  -0.011918   0.023605 
  0.011070  -0.064763  -0.325789  -2.835511  -0.277541  -0.635467  -0.004770  -0.008114  -0.000811  -0.012605  -0.009511   0.000803 
  0.008581  -0.042059  -0.337727  -2.858601  -0.219042  -0.629280  -0.002489   0.022704  -0.011938  -0.023090   0.058499   0.006187 
  0.013462  -0.009982  -0.372286  -2.842272  -0.279603  -0.636728   0.004881   0.032077  -0.034559   0.016329  -0.060561  -0.007448 
  0.006751  -0.137484  -0.606203  -2.952509  -0.248263  -0.605559  -0.006711  -0.127502  -0.233917  -0.110237   0.031340   0.031169 
  0.065709  -0.108934   0.173409  -2.691641  -0.505406  -0.760945   0.058958   0.028550   0.779612   0.260868  -0.257143  -0.155386 
  0.034954   0.001716  -0.061952  -2.564616  -0.139000  -0.602866  -0.030755   0.110650  -0.235361   0.127025   0.366406   0.158079 
  0.061934   0.012545   0.223416  -2.629647  -0.015126  -0.594386   0.026980   0.010829   0.285368  -0.065031   0.123874   0.008480 
 -0.013676  -0.101547   0.569559  -2.567768   0.107315  -0.450517  -0.075610  -0.114092   0.346143   0.061879   0.122441   0.143869 
 -0.010262  -0.236657   0.290989  -2.696798   0.095397  -0.458939   0.003414  -0.135110  -0.278570  -0.129030  -0.011918  -0.008422 
 -0.007131  -0.016497   0.155580  -2.860836   0.092246  -0.467362   0.003131   0.220160  -0.135409  -0.164038  -0.003151  -0.008423 
  0.002160  -0.070568   0.102280  -2.931137   0.085199  -0.477732   0.009291  -0.054071  -0.053300  -0.070301  -0.007047  -0.010370 
  0.040502  -0.027585   0.050929  -2.630105  -0.116196  -0.617763   0.038342   0.042983  -0.051351   0.301032  -0.201395  -0.140031 
  0.269133   0.131776  -0.258924  -1.465626  -1.436978  -1.422597   0.228631   0.159361  -0.309853   1.164479  -1.320782  -0.804834 
  0.136334   0.069156  -0.201714  -2.037209  -0.521965  -0.992191  -0.132799  -0.062620   0.057210  -0.571583   0.915013   0.430406 
  0.201677   0.066681  -0.186556  -1.932759  -0.839440  -1.150155   0.065343  -0.002475   0.015158   0.104450  -0.317475  -0.157964 
  0.239737   0.107083  -0.185261  -1.810088  -0.992707  -1.237417   0.038060   0.040402   0.001295   0.122671  -0.153267  -0.087262 
  0.242646   0.117529  -0.149042  -1.812094  -0.998264  -1.235297   0.002909   0.010446   0.036219  -0.002006  -0.005557   0.002120 
  0.238323   0.107279  -0.127707  -1.826991  -0.998322  -1.248704  -0.004323  -0.010250   0.021335  -0.014897  -0.000058  -0.013407 
  0.240163   0.099724  -0.103581  -1.848935  -0.970018  -1.197883   0.001840  -0.007555   0.024126  -0.021944   0.028304   0.050821 
  0.119610   0.102663  -0.160264  -1.589098  -0.237835  -0.647786  -0.120553   0.002939  -0.056683   0.259837   0.732183   0.550097 
  0.168894   0.295870  -0.352824  -0.504604  -0.513026  -0.807240   0.049284   0.193207  -0.192560   1.084494  -0.275191  -0.159454 
  0.190148   0.365934  -0.503532  -0.442896  -0.849639  -0.931171   0.021254   0.070064  -0.150708   0.061708  -0.336613  -0.123931 
  0.072767   0.200858  -0.513467  -0.753210  -1.290301  -1.736807  -0.117381  -0.165076  -0.009935  -0.310314  -0.440662  -0.805636 
 -0.000656   0.118415  -0.669266  -0.748913  -1.491466  -2.347007  -0.073423  -0.082443  -0.155799   0.004297  -0.201165  -0.610200 
  0.162613   0.102948  -0.587749  -0.960163  -1.438926  -1.756173   0.163269  -0.015467   0.081517  -0.211250   0.052540   0.590834 
  0.128740   0.174009  -0.594967  -1.058941  -0.670074  -1.245668  -0.033873   0.071061  -0.007218  -0.098778   0.768852   0.510505 
  0.113105   0.121796  -0.525682  -1.001015  -1.285202  -1.839252  -0.015635  -0.052213   0.069285   0.057926  -0.615128  -0.593584 
 -0.122589   0.125837  -0.433867  -1.011385  -1.808369  -2.362362  -0.235694   0.004041   0.091815  -0.010370  -0.523167  -0.523110 
 -0.287432   0.236355  -0.455987  -1.314193  -1.929493  -2.279570  -0.164843   0.110518  -0.022120  -0.302808  -0.121124   0.082792 
 -0.390118   0.295258  -0.332155  -1.262513  -1.620840  -2.434039  -0.102686   0.058903   0.123832   0.051680   0.308653  -0.154469 
 -0.133402   0.120486   0.077645  -0.922577  -1.575061  -2.278997   0.256716  -0.174772   0.409800   0.339936   0.045779   0.155042 
  0.166676   0.042218   0.510956  -1.071603  -1.724546  -1.918148   0.300078  -0.078268   0.433311  -0.149026  -0.149485   0.360849 
  0.208623   0.310802   0.410738  -1.346451  -1.393548  -1.569389   0.041947   0.268584  -0.100218  -0.274848   0.330998   0.348759 
  0.221522   0.371770   0.331940  -1.478747  -1.326054  -1.527276   0.012899   0.060968  -0.078798  -0.132296   0.067494   0.042113 
  0.241028   0.318276   0.316444  -1.501149  -1.420420  -1.551570   0.019506  -0.053494  -0.015496  -0.022402  -0.094366  -0.024294 
  0.248514   0.244740   0.313744  -1.445458  -1.451875  -1.562570   0.007486  -0.073536  -0.002700   0.055691  -0.031455  -0.011000 
  0.249220   0.182575   0.316536  -1.438411  -1.456745  -1.561883   0.000706  -0.062165   0.002792   0.007047  -0.004870   0.000687 
  0.242564   0.140795   0.313628  -1.418300  -1.331439  -1.461787  -0.006656  -0.041780  -0.002908   0.020111   0.125306   0.100096 
  0.224805   0.265047   0.318385  -1.529224  -1.267726  -1.467861  -0.017759   0.124252   0.004757  -0.110924   0.063713  -0.006074 
  0.222559   0.237748   0.300700  -1.620497  -1.248704  -1.452734  -0.002246  -0.027299  -0.017685  -0.091273   0.019022   0.015127 
  0.225157   0.236371   0.279585  -1.664328  -1.242688  -1.468949   0.002598  -0.001377  -0.021115  -0.043831   0.006016  -0.016215 
  0.213022   0.204143   0.313749  -1.751990  -1.200060  -1.470955  -0.012135  -0.032228   0.034164  -0.087662   0.042628  -0.002006 
  0.189958   0.070444   0.018781  -1.863259  -1.018375  -1.423170  -0.023064  -0.133699  -0.294968  -0.111269   0.181685   0.047785 
  0.192097   0.116264  -0.078965  -1.883771  -0.998322  -1.433082   0.002139   0.045820  -0.097746  -0.020512   0.020053  -0.009912 
  0.185563   0.146521  -0.093172  -1.911445  -1.013505  -1.460641  -0.006534   0.030257  -0.014207  -0.027674  -0.015183  -0.027559 
  0.187462   0.125999  -0.185884  -1.869848  -0.988868  -1.458579   0.001899  -0.020522  -0.092712   0.041597   0.024637   0.002062 
  0.195197   0.115362  -0.153134  -1.993893  -0.901893  -1.414690   0.007735  -0.010637   0.032750  -0.124045   0.086975   0.043889 
  0.193644   0.062041  -0.126017  -2.020478  -0.893470  -1.408044  -0.001553  -0.053321   0.027117  -0.026585   0.008423   0.006646 
  0.220007   0.109931  -0.243090  -1.781383  -0.861499  -1.388563   0.026363   0.047890  -0.117073   0.239095   0.031971   0.019481 
  0.180819  -0.129531   0.581706  -1.882854  -0.607736  -1.174048  -0.039188  -0.239462   0.824796  -0.101471   0.253763   0.214515 
  0.199377   0.066048   0.326253  -2.138278  -0.477045  -1.213181   0.018558   0.195579  -0.255453  -0.255424   0.130691  -0.039133 
  0.154828   0.092807   0.245407  -2.273095  -0.508443  -1.164594  -0.044549   0.026759  -0.080846  -0.134817  -0.031398   0.048587 
  0.128701   0.114773  -0.095465  -2.305926  -0.446621  -1.151359  -0.026127   0.021966  -0.340872  -0.032831   0.061822   0.013235 
  0.109845  -0.012324  -0.245416  -2.346033  -0.439000  -1.116809  -0.018856  -0.127097  -0.149951  -0.040107   0.007621   0.034550 
  0.111820  -0.144037  -0.169472  -2.433925  -0.414936  -1.102772   0.001975  -0.131713   0.075944  -0.087892   0.024064   0.014037 
  0.101089  -0.083580  -0.095822  -2.457244  -0.405425  -1.063524  -0.010731   0.060457   0.073650  -0.023319   0.009511   0.039248 
  0.085043  -0.097235  -0.037581  -2.413241  -0.500880  -1.063811  -0.016046  -0.013655   0.058241   0.044003  -0.095455  -0.000287 
  0.087144  -0.073389  -0.101809  -2.385911  -0.609111  -1.072863   0.002101   0.023846  -0.064228   0.027330  -0.108231  -0.009052 
  0.090493  -0.013790  -0.126148  -2.414387  -0.630425  -1.049888   0.003349   0.059599  -0.024339  -0.028476  -0.021314   0.022975 
  0.100412  -0.083722  -0.126540  -2.468245  -0.628764  -1.012588   0.009919  -0.069932  -0.000392  -0.053858   0.001661   0.037300 
  0.107042  -0.087923  -0.067061  -2.509956  -0.604929  -0.967325   0.006630  -0.004201   0.059479  -0.041711   0.023835   0.045263 
  0.093010  -0.023884  -0.047045  -2.473688  -0.510162  -0.948875  -0.014032   0.064039   0.020016   0.036268   0.094767   0.018450 
  0.138952  -0.146604   0.380163  -2.510529  -0.552962  -0.932775   0.045942  -0.122720   0.427208  -0.036841  -0.042800   0.016100 
  0.074862  -0.359527   1.269226  -2.509784  -0.494864  -1.024391  -0.064090  -0.212923   0.889063   0.000745   0.058098  -0.091616 
  0.059781  -0.097419   0.755911  -2.134669  -0.058957  -0.932145  -0.015081   0.262108  -0.513315   0.375115   0.435907   0.092246 
  0.171768   0.060969   0.007042  -2.365342  -0.285390  -1.008348   0.111987   0.158388  -0.748869  -0.230673  -0.226433  -0.076203 
  0.113706  -0.251874   0.349959  -2.542844  -0.289229  -0.926759  -0.058062  -0.312843   0.342917  -0.177502  -0.003839   0.081589 
  0.075010  -0.326380   0.084864  -2.963452  -0.168793  -0.836117  -0.038696  -0.074506  -0.265095  -0.420608   0.120436   0.090642 
  0.078932  -0.120432  -0.591419  -3.202147  -0.027903  -0.789421   0.003922   0.205948  -0.676283  -0.238695   0.140890   0.046696 
  0.081957  -0.134122  -0.542183  -3.213778  -0.025210  -0.787416   0.003025  -0.013690   0.049236  -0.011631   0.002693   0.002005 
  0.089122  -0.153941  -0.524398  -3.237899  -0.000344  -0.816866   0.007165  -0.019819   0.017785  -0.024121   0.024866  -0.029450 
  0.100511  -0.076901  -0.549302  -3.298232   0.035753  -0.835888   0.011389   0.077040  -0.024904  -0.060333   0.036097  -0.019022 
  0.102020  -0.146292  -0.513211  -3.322009   0.053342  -0.829471   0.001509  -0.069391   0.036091  -0.023777   0.017589   0.006417 
  0.104014  -0.122786  -0.491803  -3.341547   0.053285  -0.839039   0.001994   0.023506   0.021408  -0.019538  -0.000057  -0.009568 
  0.110084  -0.108706  -0.475205  -3.304935   0.053342  -0.852733   0.006070   0.014080   0.016598   0.036612   0.000057  -0.013694 
  0.100506  -0.147111  -0.351700  -3.339656   0.053342  -0.842076  -0.009578  -0.038405   0.123505  -0.034721   0.000000   0.010657 
  0.099665  -0.199330  -0.175423  -3.378732   0.010886  -0.869406  -0.000841  -0.052219   0.176277  -0.039076  -0.042456  -0.027330 
  0.101117  -0.183591  -0.119179  -3.370424   0.024351  -0.856114   0.001452   0.015739   0.056244   0.008308   0.013465   0.013292 
  0.097719  -0.192520  -0.092227  -3.439466   0.051509  -0.811079  -0.003398  -0.008929   0.026952  -0.069042   0.027158   0.045035 
  0.101656  -0.211947  -0.085561  -3.444909   0.044060  -0.829471   0.003937  -0.019427   0.006666  -0.005443  -0.007449  -0.018392 
  0.099548  -0.206678  -0.076446  -3.456368   0.046868  -0.826950  -0.002108   0.005269   0.009115  -0.011459   0.002808   0.002521 
  0.082229  -0.371128  -0.013385  -3.558985   0.021142  -0.814288  -0.017319  -0.164450   0.063061  -0.102617  -0.025726   0.012662 
  0.082137  -0.304100  -0.003918  -3.559214   0.032372  -0.820361  -0.000092   0.067028   0.009467  -0.000229   0.011230  -0.006073 
  0.092054  -0.128191  -0.054495  -3.532629   0.025497  -0.827065   0.009917   0.175909  -0.050577   0.026585  -0.006875  -0.006704 
  0.093093  -0.109735  -0.063219  -3.540765   0.026070  -0.834055   0.001039   0.018456  -0.008724  -0.008136   0.000573  -0.006990 
  0.094371  -0.171255  -0.050572  -3.538358   0.017590  -0.820476   0.001278  -0.061520   0.012647   0.002407  -0.008480   0.013579 
  0.089014  -0.282831  -0.044138  -3.594737   0.036497  -0.796812  -0.005357  -0.111576   0.006434  -0.056379   0.018907   0.023664 
  0.087643  -0.321384  -0.031862  -3.629630   0.057296  -0.789249  -0.001371  -0.038553   0.012276  -0.034893   0.020799   0.007563 
  0.087946  -0.217861  -0.028095  -3.640918   0.057410  -0.784150   0.000303   0.103523   0.003767  -0.011288   0.000114   0.005099 
  0.086900  -0.177540  -0.048073  -3.640631   0.050649  -0.782603  -0.001046   0.040321  -0.019978   0.000287  -0.006761   0.001547 
  0.085744  -0.204921  -0.053486  -3.662690   0.054889  -0.777103  -0.001156  -0.027381  -0.005413  -0.022059   0.004240   0.005500 
  0.080533  -0.252901  -0.036725  -3.689103   0.045092  -0.765357  -0.005211  -0.047980   0.016761  -0.026413  -0.009797   0.011746 
  0.072910  -0.339250  -0.014630  -3.720960   0.033575  -0.763122  -0.007623  -0.086349   0.022095  -0.031857  -0.011517   0.002235 
  0.075900  -0.279534  -0.045279  -3.732476   0.048644  -0.753898   0.002990   0.059716  -0.030649  -0.011516   0.015069   0.009224 
  0.074140  -0.195027  -0.067998  -3.750926   0.033919  -0.744788  -0.001760   0.084507  -0.022719  -0.018450  -0.014725   0.009110 
  0.077894  -0.208292  -0.093860  -3.740326   0.023319  -0.759570   0.003754  -0.013265  -0.025862   0.010600  -0.010600  -0.014782 
  0.080593  -0.200979  -0.099201  -3.741529   0.017303  -0.743298   0.002699   0.007313  -0.005341  -0.001203  -0.006016   0.016272 
  0.082985  -0.273714  -0.095011  -3.777740   0.039706  -0.728115   0.002392  -0.072735   0.004190  -0.036211   0.022403   0.015183 
  0.073763  -0.341704  -0.090160  -3.839046   0.063255  -0.721354  -0.009222  -0.067990   0.004851  -0.061306   0.023549   0.006761 
  0.077841  -0.197859  -0.094933  -3.834692   0.088751  -0.732068   0.004078   0.143845  -0.004773   0.004354   0.025496  -0.010714 
  0.075953  -0.231617  -0.073794  -3.829478   0.077980  -0.713504  -0.001888  -0.033758   0.021139   0.005214  -0.010771   0.018564 
  0.075461  -0.243302  -0.069732  -3.827931   0.058728  -0.757393  -0.000492  -0.011685   0.004062   0.001547  -0.019252  -0.043889 
  0.071083  -0.311970  -0.074447  -3.824722   0.055405  -0.753096  -0.004378  -0.068668  -0.004715   0.003209  -0.003323   0.004297 
  0.069727  -0.326625  -0.110127  -3.843630   0.098148  -0.727313  -0.001356  -0.014655  -0.035680  -0.018908   0.042743   0.025783 
  0.077524  -0.226028  -0.123670  -3.840651   0.097861  -0.733443   0.007797   0.100597  -0.013543   0.002979  -0.000287  -0.006130 
  0.077934  -0.204455  -0.093494  -3.857725   0.102330  -0.694368   0.000410   0.021573   0.030176  -0.017074   0.004469   0.039075 
  0.074364  -0.260674  -0.066337  -3.880242   0.152693  -0.679929  -0.003570  -0.056219   0.027157  -0.022517   0.050363   0.014439 
  0.059990  -0.370892   0.006321  -3.962691   0.134359  -0.586308  -0.014374  -0.110218   0.072658  -0.082449  -0.018334   0.093621 
  0.031142  -0.517376   0.136357  -4.172737   0.100325  -0.538237  -0.028848  -0.146484   0.130036  -0.210046  -0.034034   0.048071 
  0.048145  -0.340377   0.153964  -4.066453   0.058957  -0.621888   0.017003   0.176999   0.017607   0.106284  -0.041368  -0.083651 
  0.047103  -0.371955   0.558514  -4.158012   0.008136  -0.770170  -0.001042  -0.031578   0.404550  -0.091559  -0.050821  -0.148282 
  0.012024  -0.659254   1.286739  -4.632421  -0.006761  -0.767935  -0.035079  -0.287299   0.728225  -0.474409  -0.014897   0.002235 
 -0.057894  -0.955737   2.634492  -5.277400  -0.094882  -0.606247  -0.069918  -0.296483   1.347753  -0.644979  -0.088121   0.161688 
 -0.063422  -1.101858   3.551568  -5.906794  -0.044920  -0.566827  -0.005528  -0.146121   0.917076  -0.629394   0.049962   0.039420 
 -0.114635  -1.056719   3.862909  -6.461933   0.005615  -0.587855  -0.051213   0.045139   0.311341  -0.555139   0.050535  -0.021028 
 -0.143323  -0.855453   3.639076  -6.338460   0.166215  -0.759799  -0.028688   0.201266  -0.223833   0.123473   0.160600  -0.171944 
 -0.193395  -0.451408   2.000517  -5.927821   0.510047  -0.725365  -0.050072   0.404045  -1.638559   0.410639   0.343832   0.034434 
 -0.257714  -0.931869   1.114572  -6.633476   0.884532  -0.589688  -0.064319  -0.480461  -0.885945  -0.705655   0.374485   0.135677 
 -0.437892  -1.262123   1.701206  -6.881567   0.828669  -0.991389  -0.180178  -0.330254   0.586634  -0.248091  -0.055863  -0.401701 
 -0.512111  -1.376986   2.722772  -7.142435   0.679986  -1.081343  -0.074219  -0.114863   1.021566  -0.260868  -0.148683  -0.089954 
 -0.537192  -1.219925   3.096539  -7.154066   0.610487  -1.016484  -0.025081   0.157061   0.373767  -0.011631  -0.069499   0.064859 
 -0.542750  -1.240871   2.987037  -7.253531   0.599543  -1.129357  -0.005558  -0.020946  -0.109502  -0.099465  -0.010944  -0.112873 
 -0.185348  -0.479608   1.212334  -5.212025   0.094252  -0.912607   0.357402   0.761263  -1.774703   2.041506  -0.505291   0.216750 
 -0.141608  -0.599480   1.142735  -5.321976   0.058384  -0.948474   0.043740  -0.119872  -0.069599  -0.109951  -0.035868  -0.035867 
 -0.167716  -0.588913   0.845850  -5.441323   0.163751  -0.957470  -0.026108   0.010567  -0.296885  -0.119347   0.105367  -0.008996 
 -0.201030  -0.511568   0.021986  -5.393137   0.358442  -1.018031  -0.033314   0.077345  -0.823864   0.048186   0.194691  -0.060561 
 -0.200584  -0.586417   0.247672  -5.074172   0.242590  -1.167344   0.000446  -0.074849   0.225686   0.318965  -0.115852  -0.149313 
 -0.140237  -0.677271   0.253512  -4.590538  -0.068698  -1.301703   0.060347  -0.090854   0.005840   0.483634  -0.311288  -0.134359 
 -0.142737  -0.384727   0.211921  -4.468383  -0.148740  -1.346394  -0.002500   0.292544  -0.041591   0.122155  -0.080042  -0.044691 
 -0.149214  -0.450645   0.245687  -4.482535  -0.147479  -1.358999  -0.006477  -0.065918   0.033766  -0.014152   0.001261  -0.012605 
 -0.158195  -0.457371   0.275426  -4.504193  -0.141234  -1.351436  -0.008981  -0.006726   0.029739  -0.021658   0.006245   0.007563 
 -0.153675  -0.464585   0.309196  -4.593403  -0.141234  -1.369827   0.004520  -0.007214   0.033770  -0.089210   0.000000  -0.018391 
 -0.151236  -0.466328   0.303130  -4.587501  -0.117284  -1.363697   0.002439  -0.001743  -0.006066   0.005902   0.023950   0.006130 
 -0.146973  -0.481672   0.308435  -4.591340  -0.112242  -1.346680   0.004263  -0.015344   0.005305  -0.003839   0.005042   0.017017 
 -0.150776  -0.495751   0.326307  -4.634025  -0.088637  -1.325595  -0.003803  -0.014079   0.017872  -0.042685   0.023605   0.021085 
 -0.148019  -0.741429   0.402843  -4.785515  -0.062853  -1.263429   0.002757  -0.245678   0.076536  -0.151490   0.025784   0.062166 
 -0.150506  -0.697363   0.484677  -4.829576  -0.036326  -1.261768  -0.002487   0.044066   0.081834  -0.044061   0.026527   0.001661 
 -0.176894  -0.478382   0.652164  -4.765806  -0.086975  -1.241943  -0.026388   0.218981   0.167487   0.063770  -0.050649   0.019825 
 -0.428332  -0.364605   1.294680  -4.012252  -0.212854  -0.960621  -0.251438   0.113777   0.642516   0.753554  -0.125879   0.281322 
 -0.476423  -0.691693   2.276011  -4.061870  -0.413733  -1.346966  -0.048091  -0.327088   0.981331  -0.049618  -0.200879  -0.386345 
 -0.617471  -0.580174   2.680697  -3.558125   0.258920  -1.660260  -0.141048   0.111519   0.404686   0.503745   0.672653  -0.313294 
 -0.616174  -0.667143   2.968090  -3.681483   0.344176  -1.681115   0.001297  -0.086969   0.287393  -0.123358   0.085256  -0.020855 
 -0.547464  -0.454441   2.926197  -3.779459   0.641025  -1.457719   0.068710   0.212702  -0.041893  -0.097976   0.296849   0.223396 
 -0.424151  -1.296706   5.443445  -2.091009   0.471831  -1.474851   0.123313  -0.842265   2.517248   1.688450  -0.169194  -0.017132 
 -0.387135  -1.148129   5.171540  -2.349643   0.448053  -1.597063   0.037016   0.148577  -0.271905  -0.258634  -0.023778  -0.122212 
 -0.366791  -0.635230   4.540467  -2.027927   0.431208  -1.736750   0.020344   0.512899  -0.631073   0.321716  -0.016845  -0.139687 
 -0.104616  -0.045512   1.598193  -2.302660   0.087663  -1.771242   0.262175   0.589718  -2.942274  -0.274733  -0.343545  -0.034492 
 -0.005295  -0.258980   0.749742  -2.409517  -0.126796  -1.888985   0.099321  -0.213468  -0.848451  -0.106857  -0.214459  -0.117743 
  0.001928  -0.134548   0.452728  -2.277393  -0.124962  -1.901131   0.007223   0.124432  -0.297014   0.132124   0.001834  -0.012146 
  0.044553  -0.292866   0.604849  -2.475063  -0.174523  -1.866696   0.042625  -0.158318   0.152121  -0.197670  -0.049561   0.034435 
  0.051965  -0.270061   0.615330  -2.602202  -0.176070  -1.842231   0.007412   0.022805   0.010481  -0.127139  -0.001547   0.024465 
  0.058651  -0.274496   0.672371  -2.711408  -0.276739  -1.879072   0.006686  -0.004435   0.057041  -0.109206  -0.100669  -0.036841 
  0.068001  -0.305268   0.742398  -2.737191  -0.346009  -1.952182   0.009350  -0.030772   0.070027  -0.025783  -0.069270  -0.073110 
  0.074260  -0.297671   0.785490  -2.745499  -0.378782  -1.950291   0.006259   0.007597   0.043092  -0.008308  -0.032773   0.001891 
  0.052241  -0.287907   0.858897  -2.797524  -0.442553  -1.916429  -0.022019   0.009764   0.073407  -0.052025  -0.063771   0.033862 
  0.054101  -0.312275   0.873336  -2.793341  -0.498760  -1.964099   0.001860  -0.024368   0.014439   0.004183  -0.056207  -0.047670 
  0.063530  -0.279589   0.823542  -2.759709  -0.430692  -1.912991   0.009429   0.032686  -0.049794   0.033632   0.068068   0.051108 
  0.053733  -0.247724   0.806857  -2.725847  -0.376376  -1.900730  -0.009797   0.031865  -0.016685   0.033862   0.054316   0.012261 
  0.051691  -0.294435   0.812981  -2.725904  -0.421697  -1.888526  -0.002042  -0.046711   0.006124  -0.000057  -0.045321   0.012204 
  0.051008  -0.304630   0.806890  -2.749338  -0.433844  -1.889844  -0.000683  -0.010195  -0.006091  -0.023434  -0.012147  -0.001318 
  0.043968  -0.302139   0.794204  -2.767615  -0.441063  -1.877411  -0.007040   0.002491  -0.012686  -0.018277  -0.007219   0.012433 
  0.040520  -0.315095   0.800055  -2.718398  -0.458825  -1.890360  -0.003448  -0.012956   0.005851   0.049217  -0.017762  -0.012949 
  0.075108  -0.439597   0.945457  -2.684995  -0.582297  -1.916487   0.034588  -0.124502   0.145402   0.033403  -0.123472  -0.026127 
  0.081628  -0.408296   0.987513  -2.697600  -0.579432  -1.918435   0.006520   0.031301   0.042056  -0.012605   0.002865  -0.001948 
  0.083158  -0.270607   0.956842  -2.744812  -0.547633  -1.918606   0.001530   0.137689  -0.030671  -0.047212   0.031799  -0.000171 
  0.080484  -0.217352   0.882496  -2.850064  -0.433328  -1.919638  -0.002674   0.053255  -0.074346  -0.105252   0.114305  -0.001032 
  0.068371  -0.264712   0.831363  -2.908219  -0.434646  -1.870020  -0.012113  -0.047360  -0.051133  -0.058155  -0.001318   0.049618 
  0.074994  -0.296344   0.789072  -2.930565  -0.434016  -1.871337   0.006623  -0.031632  -0.042291  -0.022346   0.000630  -0.001317 
  0.057771  -0.415596   0.818833  -2.977891  -0.403190  -1.840340  -0.017223  -0.119252   0.029761  -0.047326   0.030826   0.030997 
