  0.000000   0.000000   0.000000   0.000000   0.000000   0.000000   0.000000   0.000000   0.000000   0.000000   0.000000   0.000000 
  0.007208   0.008074   0.045891  -0.002865   0.000000   0.000000   0.007208   0.008074   0.045891  -0.002865   0.000000   0.000000 
  0.017781   0.018541   0.159709  -0.011173  -0.012720   0.009282   0.010573   0.010467   0.113818  -0.008308  -0.012720   0.009282 
  0.024325   0.163675   0.168712  -0.014381  -0.010428   0.019481   0.006544   0.145134   0.009003  -0.003208   0.002292   0.010199 
  0.030361   0.233020   0.176169   0.026070  -0.010027   0.028361   0.006036   0.069345   0.007457   0.040451   0.000401   0.008880 
  0.029453   0.215580   0.188039   0.069271  -0.016387   0.019767  -0.000908  -0.017440   0.011870   0.043201  -0.006360  -0.008594 
  0.032901   0.201783   0.192963   0.082334  -0.019996   0.025497   0.003448  -0.013797   0.004924   0.013063  -0.003609   0.005730 
  0.035140   0.207936   0.192422   0.090814  -0.025096   0.026299   0.002239   0.006153  -0.000541   0.008480  -0.005100   0.000802 
  0.035979   0.175400   0.216753   0.090814  -0.027788   0.028762   0.000839  -0.032536   0.024331   0.000000  -0.002692   0.002463 
  0.042418   0.144777   0.258641   0.093965  -0.035810   0.021486   0.006439  -0.030623   0.041888   0.003151  -0.008022  -0.007276 
  0.043640   0.242657   0.242050   0.121524  -0.027960   0.029622   0.001222   0.097880  -0.016591   0.027559   0.007850   0.008136 
  0.043318   0.206800   0.254078   0.095397  -0.037529   0.023491  -0.000322  -0.035857   0.012028  -0.026127  -0.009569  -0.006131 
  0.051502   0.135359   0.346928   0.043717  -0.057410   0.015298   0.008184  -0.071441   0.092850  -0.051680  -0.019881  -0.008193 
  0.078409   0.242051   0.230695   0.158251  -0.010772   0.047555   0.026907   0.106692  -0.116233   0.114534   0.046638   0.032257 
  0.107852   0.348294   0.090756   0.507182   0.009511   0.047727   0.029443   0.106243  -0.139939   0.348931   0.020283   0.000172 
  0.073322   0.238756   0.300232   0.225917   0.033862   0.026814  -0.034530  -0.109538   0.209476  -0.281265   0.024351  -0.020913 
  0.053636   0.205406   0.399854   0.044633   0.035122   0.040394  -0.019686  -0.033350   0.099622  -0.181284   0.001260   0.013580 
  0.048893   0.187213   0.372077   0.010772  -0.001146   0.040795  -0.004743  -0.018193  -0.027777  -0.033861  -0.036268   0.000401 
  0.044577   0.174995   0.392009   0.030596  -0.016272   0.029966  -0.004316  -0.012218   0.019932   0.019824  -0.015126  -0.010829 
  0.055171   0.279279   0.369199   0.077750  -0.011402   0.029565   0.010594   0.104284  -0.022810   0.047154   0.004870  -0.000401 
  0.050767   0.268700   0.345402   0.099981  -0.008308   0.026528  -0.004404  -0.010579  -0.023797   0.022231   0.003094  -0.003037 
  0.045560   0.208360   0.403065   0.101585  -0.018392   0.027674  -0.005207  -0.060340   0.057663   0.001604  -0.010084   0.001146 
  0.045484   0.168711   0.434953   0.106054  -0.030138   0.029335  -0.000076  -0.039649   0.031888   0.004469  -0.011746   0.001661 
  0.047556   0.271355   0.396641   0.141062  -0.023090   0.036096   0.002072   0.102644  -0.038312   0.035008   0.007048   0.006761 
  0.048306   0.262727   0.389083   0.163866  -0.018564   0.026070   0.000750  -0.008628  -0.007558   0.022804   0.004526  -0.010026 
  0.041770   0.186259   0.467989   0.135619  -0.037070   0.034721  -0.006536  -0.076468   0.078906  -0.028247  -0.018506   0.008651 
  0.052218   0.205958   0.455572   0.153495  -0.054889   0.035753   0.010448   0.019699  -0.012417   0.017876  -0.017819   0.001032 
  0.048133   0.288938   0.403127   0.180482  -0.029622   0.029278  -0.004085   0.082980  -0.052445   0.026987   0.025267  -0.006475 
  0.051816   0.248235   0.391674   0.181742  -0.024465   0.024465   0.003683  -0.040703  -0.011453   0.001260   0.005157  -0.004813 
  0.046422   0.212015   0.432361   0.173835  -0.035065   0.024236  -0.005394  -0.036220   0.040687  -0.007907  -0.010600  -0.000229 
  0.041627   0.100376   0.280607   0.168392  -0.022918   0.006131  -0.004795  -0.111639  -0.151754  -0.005443   0.012147  -0.018105 
  0.032262   0.105525   0.317128   0.253534  -0.029164  -0.054087  -0.009365   0.005149   0.036521   0.085142  -0.006246  -0.060218 
  0.041593   0.235810   0.448441   0.207640  -0.042628  -0.041941   0.009331   0.130285   0.131313  -0.045894  -0.013464   0.012146 
  0.052681   0.223708   0.437000   0.198587  -0.056150  -0.060504   0.011088  -0.012102  -0.011441  -0.009053  -0.013522  -0.018563 
  0.060300   0.254271   0.174980   0.304642  -0.014496   0.009225   0.007619   0.030563  -0.262020   0.106055   0.041654   0.069729 
  0.120136   0.290525  -0.105344   0.531762  -0.076146   0.043545   0.059836   0.036254  -0.280324   0.227120  -0.061650   0.034320 
  0.076985   0.147033   0.252024   0.166960  -0.004469   0.033289  -0.043151  -0.143492   0.357368  -0.364802   0.071677  -0.010256 
  0.064195   0.172948   0.271024   0.120665  -0.013808   0.038961  -0.012790   0.025915   0.019000  -0.046295  -0.009339   0.005672 
  0.068481   0.144886   0.365975   0.095569  -0.022861   0.040050   0.004286  -0.028062   0.094951  -0.025096  -0.009053   0.001089 
  0.064736   0.227616   0.358941   0.110466  -0.009282   0.045149  -0.003745   0.082730  -0.007034   0.014897   0.013579   0.005099 
  0.075862   0.273442   0.326383   0.123759  -0.003266   0.058556   0.011126   0.045826  -0.032558   0.013293   0.006016   0.013407 
  0.069341   0.234249   0.341754   0.140776  -0.009110   0.049733  -0.006521  -0.039193   0.015371   0.017017  -0.005844  -0.008823 
  0.079423   0.140210   0.403220   0.090986   0.011459   0.046295   0.010082  -0.094039   0.061466  -0.049790   0.020569  -0.003438 
  0.084687   0.263914   0.308355   0.175898   0.021257   0.044118   0.005264   0.123704  -0.094865   0.084912   0.009798  -0.002177 
  0.082761   0.279666   0.285406   0.111039  -0.011860   0.063885  -0.001926   0.015752  -0.022949  -0.064859  -0.033117   0.019767 
  0.072463   0.188408   0.463185   0.125707   0.001375   0.032659  -0.010298  -0.091258   0.177779   0.014668   0.013235  -0.031226 
  0.048641   0.243922   0.528031   0.172460   0.035867  -0.066119  -0.023822   0.055514   0.064846   0.046753   0.034492  -0.098778 
  0.040480   0.249980   0.582681   0.296334   0.045722  -0.065776  -0.008161   0.006058   0.054650   0.123874   0.009855   0.000343 
  0.057801   0.196247   0.546772   0.194634   0.019079  -0.011230   0.017321  -0.053733  -0.035909  -0.101700  -0.026643   0.054546 
  0.058636   0.221118   0.571415   0.256055   0.007964  -0.011975   0.000835   0.024871   0.024643   0.061421  -0.011115  -0.000745 
  0.057501   0.328546   0.533729   0.262128   0.021944  -0.010199  -0.001135   0.107428  -0.037686   0.006073   0.013980   0.001776 
  0.055687   0.316915   0.540777   0.308538   0.026643  -0.010027  -0.001814  -0.011631   0.007048   0.046410   0.004699   0.000172 
  0.052478   0.272908   0.587985   0.325096   0.026184  -0.013751  -0.003209  -0.044007   0.047208   0.016558  -0.000459  -0.003724 
  0.056886   0.189107   0.645258   0.308079   0.001547  -0.014324   0.004408  -0.083801   0.057273  -0.017017  -0.024637  -0.000573 
  0.059093   0.293144   0.625459   0.309913   0.004756  -0.005615   0.002207   0.104037  -0.019799   0.001834   0.003209   0.008709 
  0.058631   0.270609   0.563976   0.218870  -0.014725  -0.013866  -0.000462  -0.022535  -0.061483  -0.091043  -0.019481  -0.008251 
  0.040457   0.228160   0.479489   0.159053  -0.021486  -0.035237  -0.018174  -0.042449  -0.084487  -0.059817  -0.006761  -0.021371 
  0.064501   0.280412   0.323615   0.465242  -0.035008  -0.019939   0.024044   0.052252  -0.155874   0.306189  -0.013522   0.015298 
  0.063347   0.403974  -0.121880   0.622003  -0.045206  -0.051280  -0.001154   0.123562  -0.445495   0.156761  -0.010198  -0.031341 
  0.064927   0.330661  -0.189161   0.376662   0.027445   0.006589   0.001580  -0.073313  -0.067281  -0.245341   0.072651   0.057869 
  0.057970   0.181472  -0.003360   0.251185  -0.006245   0.012319  -0.006957  -0.149189   0.185801  -0.125477  -0.033690   0.005730 
  0.053892   0.157899   0.068428   0.241731  -0.017647   0.018105  -0.004078  -0.023573   0.071788  -0.009454  -0.011402   0.005786 
  0.057640   0.151246   0.166338   0.247747  -0.008824   0.016387   0.003748  -0.006653   0.097910   0.006016   0.008823  -0.001718 
  0.055811   0.286545   0.197808   0.278343  -0.011287   0.001146  -0.001829   0.135299   0.031470   0.030596  -0.002463  -0.015241 
  0.054154   0.279488   0.222199   0.289229  -0.014095   0.007162  -0.001657  -0.007057   0.024391   0.010886  -0.002808   0.006016 
  0.052701   0.189434   0.237089   0.294042  -0.025955   0.003839  -0.001453  -0.090054   0.014890   0.004813  -0.011860  -0.003323 
  0.050677   0.190597   0.248326   0.275822  -0.013407   0.004125  -0.002024   0.001163   0.011237  -0.018220   0.012548   0.000286 
  0.057614   0.285211   0.229331   0.252273  -0.006360   0.012605   0.006937   0.094614  -0.018995  -0.023549   0.007047   0.008480 
  0.056998   0.260370   0.233271   0.260066  -0.007391   0.005329  -0.000616  -0.024841   0.003940   0.007793  -0.001031  -0.007276 
  0.054337   0.225036   0.225721   0.257029  -0.005787   0.012376  -0.002661  -0.035334  -0.007550  -0.003037   0.001604   0.007047 
  0.050725   0.152753   0.249300   0.252273  -0.012319   0.010772  -0.003612  -0.072283   0.023579  -0.004756  -0.006532  -0.001604 
  0.050716   0.227086   0.225008   0.240929  -0.008251   0.007105  -0.000009   0.074333  -0.024292  -0.011344   0.004068  -0.003667 
  0.050807   0.279825   0.222600   0.240356  -0.009511   0.014324   0.000091   0.052739  -0.002408  -0.000573  -0.001260   0.007219 
  0.050788   0.245782   0.224440   0.232105  -0.011115   0.013923  -0.000019  -0.034043   0.001840  -0.008251  -0.001604  -0.000401 
  0.060348   0.177502   0.269406   0.211135   0.007277   0.030711   0.009560  -0.068280   0.044966  -0.020970   0.018392   0.016788 
  0.060679   0.194988   0.260348   0.200936  -0.000401   0.030596   0.000331   0.017486  -0.009058  -0.010199  -0.007678  -0.000115 
  0.056217   0.288146   0.244921   0.159110  -0.007334   0.010485  -0.004462   0.093158  -0.015427  -0.041826  -0.006933  -0.020111 
  0.062994   0.190370   0.228606   0.169825  -0.024694   0.018392   0.006777  -0.097776  -0.016315   0.010715  -0.017360   0.007907 
  0.059071   0.162520   0.275855   0.177216  -0.067895   0.011058  -0.003923  -0.027850   0.047249   0.007391  -0.043201  -0.007334 
  0.041506   0.184717   0.287262   0.164897  -0.118717  -0.010141  -0.017565   0.022197   0.011407  -0.012319  -0.050822  -0.021199 
  0.058609   0.256803   0.287126   0.218469  -0.031685   0.016329   0.017103   0.072086  -0.000136   0.053572   0.087032   0.026470 
  0.062918   0.270612   0.181086   0.376777  -0.006188   0.018850   0.004309   0.013809  -0.106040   0.158308   0.025497   0.002521 
  0.065057   0.251700   0.111414   0.350593   0.049561   0.066062   0.002139  -0.018912  -0.069672  -0.026184   0.055749   0.047212 
  0.069651   0.274647   0.131888   0.342228   0.020626   0.062510   0.004594   0.022947   0.020474  -0.008365  -0.028935  -0.003552 
  0.093117   0.271023   0.150330   0.292724  -0.021429   0.070015   0.023466  -0.003624   0.018442  -0.049504  -0.042055   0.007505 
  0.115323   0.190506   0.259038   0.029679  -0.046410   0.115967   0.022206  -0.080517   0.108708  -0.263045  -0.024981   0.045952 
  0.082647   0.138328   0.267194   0.066062  -0.020283   0.062739  -0.032676  -0.052178   0.008156   0.036383   0.026127  -0.053228 
  0.072435   0.104563   0.317642   0.024293  -0.013751   0.029679  -0.010212  -0.033765   0.050448  -0.041769   0.006532  -0.033060 
  0.062635   0.202433   0.344251   0.083423  -0.023033   0.049102  -0.009800   0.097870   0.026609   0.059130  -0.009282   0.019423 
  0.070453   0.266087   0.384197   0.137739  -0.016329   0.036612   0.007818   0.063654   0.039946   0.054316   0.006704  -0.012490 
  0.075128   0.268131   0.377089   0.158824   0.019079   0.031169   0.004675   0.002044  -0.007108   0.021085   0.035408  -0.005443 
  0.072539   0.250263   0.366732   0.198243   0.031226   0.036383  -0.002589  -0.017868  -0.010357   0.039419   0.012147   0.005214 
  0.067117   0.194145   0.409882   0.194863   0.007678   0.034206  -0.005422  -0.056118   0.043150  -0.003380  -0.023548  -0.002177 
  0.072203   0.210375   0.386695   0.214974   0.004927   0.037586   0.005086   0.016230  -0.023187   0.020111  -0.002751   0.003380 
  0.069377   0.276880   0.355490   0.225172   0.023606   0.035237  -0.002826   0.066505  -0.031205   0.010198   0.018679  -0.002349 
  0.070174   0.250706   0.343182   0.241960   0.018793   0.042399   0.000797  -0.026174  -0.012308   0.016788  -0.004813   0.007162 
  0.069492   0.224187   0.357972   0.197384   0.015986   0.046180  -0.000682  -0.026519   0.014790  -0.044576  -0.002807   0.003781 
  0.069128   0.163674   0.386266   0.182430  -0.000974   0.039190  -0.000364  -0.060513   0.028294  -0.014954  -0.016960  -0.006990 
  0.071335   0.283111   0.360614   0.184149   0.012605   0.037873   0.002207   0.119437  -0.025652   0.001719   0.013579  -0.001317 
  0.073047   0.269362   0.369409   0.185753   0.015183   0.041253   0.001712  -0.013749   0.008795   0.001604   0.002578   0.003380 
  0.071947   0.227747   0.362291   0.198186   0.012433   0.043659  -0.001100  -0.041615  -0.007118   0.012433  -0.002750   0.002406 
  0.072051   0.191204   0.403125   0.199905  -0.004297   0.037070   0.000104  -0.036543   0.040834   0.001719  -0.016730  -0.006589 
  0.069090   0.184733   0.404545   0.216062  -0.012089   0.050649  -0.002961  -0.006471   0.001420   0.016157  -0.007792   0.013579 
  0.079371   0.328624   0.363375   0.362568  -0.016902   0.041482   0.010281   0.143891  -0.041170   0.146506  -0.004813  -0.009167 
  0.099838   0.280884   0.402668   0.215489   0.006818   0.045149   0.020467  -0.047740   0.039293  -0.147079   0.023720   0.003667 
  0.092680   0.240213   0.558827   0.068010  -0.001203   0.046009  -0.007158  -0.040671   0.156159  -0.147479  -0.008021   0.000860 
  0.084502   0.227178   0.605237   0.031169   0.001375   0.044290  -0.008178  -0.013035   0.046410  -0.036841   0.002578  -0.001719 
  0.079283   0.202641   0.628509   0.005672  -0.002922   0.037357  -0.005219  -0.024537   0.023272  -0.025497  -0.004297  -0.006933 
  0.079026   0.257774   0.659609   0.170799   0.014897   0.037357  -0.000257   0.055133   0.031100   0.165127   0.017819   0.000000 
  0.081262   0.370186   0.585038   0.152579   0.056436   0.039190   0.002236   0.112412  -0.074571  -0.018220   0.041539   0.001833 
  0.095292   0.375891   0.732325   0.281322   0.164897   0.077120   0.014030   0.005705   0.147287   0.128743   0.108461   0.037930 
  0.100120   0.243075   1.054454   0.047842   0.106971   0.085256   0.004828  -0.132816   0.322129  -0.233480  -0.057926   0.008136 
  0.093302   0.260264   1.016902   0.090184   0.033174   0.085313  -0.006818   0.017189  -0.037552   0.042342  -0.073797   0.000057 
  0.092943   0.286945   0.929708   0.175096   0.004641   0.058614  -0.000359   0.026681  -0.087194   0.084912  -0.028533  -0.026699 
  0.093399   0.185820   0.998227   0.059301  -0.003552   0.106570   0.000456  -0.101125   0.068519  -0.115795  -0.008193   0.047956 
  0.106646   0.264323   0.825753   0.238580  -0.005558   0.085371   0.013247   0.078503  -0.172474   0.179279  -0.002006  -0.021199 
  0.091653   0.308453   0.789562   0.296907   0.029622   0.056780  -0.014993   0.044130  -0.036191   0.058327   0.035180  -0.028591 
  0.092727   0.332796   0.818638   0.279718   0.030252   0.056551   0.001074   0.024343   0.029076  -0.017189   0.000630  -0.000229 
  0.084535   0.315387   0.811097   0.299199   0.036096   0.069099  -0.008192  -0.017409  -0.007541   0.019481   0.005844   0.012548 
  0.087902   0.249915   0.849338   0.275936   0.035065   0.068812   0.003367  -0.065472   0.038241  -0.023263  -0.001031  -0.000287 
  0.082548   0.269746   0.745096   0.412243   0.012032   0.035695  -0.005354   0.019831  -0.104242   0.136307  -0.023033  -0.033117 
  0.088036   0.361336   0.657733   0.361250   0.014439   0.029966   0.005488   0.091590  -0.087363  -0.050993   0.002407  -0.005729 
  0.095229   0.346629   0.619225   0.306819   0.037013   0.029450   0.007193  -0.014707  -0.038508  -0.054431   0.022574  -0.000516 
  0.114085   0.339582   0.466717   0.213942  -0.005672   0.064802   0.018856  -0.007047  -0.152508  -0.092877  -0.042685   0.035352 
  0.099457   0.242339   0.783860   0.192227   0.046009   0.067838  -0.014628  -0.097243   0.317143  -0.021715   0.051681   0.003036 
  0.098078   0.277853   0.725816   0.206952   0.050191   0.066005  -0.001379   0.035514  -0.058044   0.014725   0.004182  -0.001833 
  0.094448   0.299253   0.669438   0.210333   0.054087   0.060619  -0.003630   0.021400  -0.056378   0.003381   0.003896  -0.005386 
  0.093730   0.215596   0.742605   0.215719   0.039821   0.063197  -0.000718  -0.083657   0.073167   0.005386  -0.014266   0.002578 
  0.092249   0.282447   0.722214   0.247575   0.040795   0.054087  -0.001481   0.066851  -0.020391   0.031856   0.000974  -0.009110 
  0.084811   0.348346   0.656461   0.317476   0.041196   0.078724  -0.007438   0.065899  -0.065753   0.069901   0.000401   0.024637 
  0.087766   0.305465   0.614617   0.329565   0.016673   0.052769   0.002955  -0.042881  -0.041844   0.012089  -0.024523  -0.025955 
  0.083347   0.212486   0.667129   0.315757   0.007620   0.033232  -0.004419  -0.092979   0.052512  -0.013808  -0.009053  -0.019537 
  0.086166   0.219586   0.671332   0.293412   0.004068   0.045779   0.002819   0.007100   0.004203  -0.022345  -0.003552   0.012547 
  0.087391   0.347566   0.625215   0.307163   0.008652   0.043545   0.001225   0.127980  -0.046117   0.013751   0.004584  -0.002234 
  0.087169   0.337335   0.595117   0.323205   0.013407   0.050649  -0.000222  -0.010231  -0.030098   0.016042   0.004755   0.007104 
  0.085235   0.282642   0.546188   0.290833   0.006131   0.049446  -0.001934  -0.054693  -0.048929  -0.032372  -0.007276  -0.001203 
  0.083897   0.242439   0.620883   0.325383  -0.007563   0.047384  -0.001338  -0.040203   0.074695   0.034550  -0.013694  -0.002062 
  0.087720   0.277213   0.561503   0.308538  -0.001662   0.047326   0.003823   0.034774  -0.059380  -0.016845   0.005901  -0.000058 
  0.085456   0.331991   0.513525   0.309626   0.005500   0.060332  -0.002264   0.054778  -0.047978   0.001088   0.007162   0.013006 
  0.084088   0.287178   0.513870   0.319137  -0.000630   0.060963  -0.001368  -0.044813   0.000345   0.009511  -0.006130   0.000631 
  0.083973   0.219255   0.619405   0.300574  -0.015928   0.056035  -0.000115  -0.067923   0.105535  -0.018563  -0.015298  -0.004928 
  0.086494   0.222872   0.560896   0.273817  -0.009454   0.054145   0.002521   0.003617  -0.058509  -0.026757   0.006474  -0.001890 
  0.088174   0.353290   0.536181   0.285505  -0.006417   0.054889   0.001680   0.130418  -0.024715   0.011688   0.003037   0.000744 
  0.084932   0.327310   0.527381   0.304527  -0.004870   0.053113  -0.003242  -0.025980  -0.008800   0.019022   0.001547  -0.001776 
  0.085204   0.292134   0.528240   0.290089  -0.011402   0.058213   0.000272  -0.035176   0.000859  -0.014438  -0.006532   0.005100 
  0.084006   0.229700   0.646042   0.310830  -0.031112   0.061306  -0.001198  -0.062434   0.117802   0.020741  -0.019710   0.003093 
  0.086261   0.242017   0.585819   0.270379  -0.026356   0.059931   0.002255   0.012317  -0.060223  -0.040451   0.004756  -0.001375 
  0.089802   0.297025   0.535811   0.459741  -0.007792   0.065432   0.003541   0.055008  -0.050008   0.189362   0.018564   0.005501 
  0.063817   0.560260   0.472605   1.443338   0.041539   0.023606  -0.025985   0.263235  -0.063206   0.983597   0.049331  -0.041826 
  0.063645   0.511573   0.677654   1.087016  -0.019309   0.036669  -0.000172  -0.048687   0.205049  -0.356322  -0.060848   0.013063 
  0.075490   0.429709   0.681492   0.896736  -0.039133   0.056436   0.011845  -0.081864   0.003838  -0.190280  -0.019824   0.019767 
  0.070456   0.444036   0.676400   0.965033  -0.045493   0.063255  -0.005034   0.014327  -0.005092   0.068297  -0.006360   0.006819 
  0.081850   0.486698   0.681714   1.051836  -0.068125   0.085027   0.011394   0.042662   0.005314   0.086803  -0.022632   0.021772 
  0.099036   0.559535   0.706598   0.800021  -0.064687   0.066921   0.017186   0.072837   0.024884  -0.251815   0.003438  -0.018106 
  0.102756   0.349175   0.765463   0.483576  -0.077521   0.057410   0.003720  -0.210360   0.058865  -0.316445  -0.012834  -0.009511 
  0.100464   0.377813   0.725472   0.494405  -0.056035   0.061593  -0.002292   0.028638  -0.039991   0.010829   0.021486   0.004183 
  0.103865   0.490747   0.687805   0.511422  -0.068125   0.069099   0.003401   0.112934  -0.037667   0.017017  -0.012090   0.007506 
  0.101482   0.435591   0.673987   0.521850  -0.055176   0.067380  -0.002383  -0.055156  -0.013818   0.010428   0.012949  -0.001719 
  0.094377   0.315926   0.741042   0.497958  -0.013178   0.044633  -0.007105  -0.119665   0.067055  -0.023892   0.041998  -0.022747 
  0.102185   0.329101   0.688933   0.387033  -0.040565   0.062853   0.007808   0.013175  -0.052109  -0.110925  -0.027387   0.018220 
  0.163613   0.427219   0.415958   0.308882  -0.099809   0.115165   0.061428   0.098118  -0.272975  -0.078151  -0.059244   0.052312 
  0.139045   0.366235   0.405600   0.304298  -0.064572   0.094022  -0.024568  -0.060984  -0.010358  -0.004584   0.035237  -0.021143 
  0.116493   0.254098   0.690354   0.279432  -0.052139   0.072594  -0.022552  -0.112137   0.284754  -0.024866   0.012433  -0.021428 
  0.110639   0.297578   0.686463   0.320455  -0.046868   0.059530  -0.005854   0.043480  -0.003891   0.041023   0.005271  -0.013064 
  0.104523   0.261284   0.680258   0.342571  -0.044748   0.057124  -0.006116  -0.036294  -0.006205   0.022116   0.002120  -0.002406 
  0.107560   0.366878   0.636084   0.356666  -0.031856   0.067494   0.003037   0.105594  -0.044174   0.014095   0.012892   0.010370 
  0.112411   0.346373   0.648808   0.330998  -0.036497   0.069500   0.004851  -0.020505   0.012724  -0.025668  -0.004641   0.002006 
  0.111251   0.214979   0.775677   0.298167  -0.086860   0.054087  -0.001160  -0.131394   0.126869  -0.032831  -0.050363  -0.015413 
  0.117276   0.289372   0.743991   0.436651  -0.031799   0.065489   0.006025   0.074393  -0.031686   0.138484   0.055061   0.011402 
  0.168803   0.484473   0.549730   0.465070  -0.075974   0.032086   0.051527   0.195101  -0.194261   0.028419  -0.044175  -0.033403 
  0.115205   0.219708   1.026596  -0.024866   0.004297   0.036727  -0.053598  -0.264765   0.476866  -0.489936   0.080271   0.004641 
  0.110413   0.262192   0.969269   0.174809   0.092762   0.075344  -0.004792   0.042484  -0.057327   0.199675   0.088465   0.038617 
  0.108836   0.304302   0.855136   0.170971   0.142380   0.073109  -0.001577   0.042110  -0.114133  -0.003838   0.049618  -0.002235 
  0.097007   0.223279   0.997099  -0.032659   0.089152   0.063541  -0.011829  -0.081023   0.141963  -0.203630  -0.053228  -0.009568 
  0.091117   0.368857   0.749923   0.224141   0.129145   0.041482  -0.005890   0.145578  -0.247176   0.256800   0.039993  -0.022059 
  0.159384   0.602200   0.337597   1.288639   0.079297   0.034664   0.068267   0.233343  -0.412326   1.064498  -0.049848  -0.006818 
  0.135258   0.460406   0.350914   1.076187   0.139573   0.040279  -0.024126  -0.141794   0.013317  -0.212452   0.060276   0.005615 
  0.120111   0.345506   0.425762   0.755846   0.134473   0.027330  -0.015147  -0.114900   0.074848  -0.320341  -0.005100  -0.012949 
  0.114939   0.377300   0.431339   0.735391   0.136077   0.024465  -0.005172   0.031794   0.005577  -0.020455   0.001604  -0.002865 
  0.114756   0.389523   0.423165   0.730177   0.119404   0.019538  -0.000183   0.012223  -0.008174  -0.005214  -0.016673  -0.004927 
  0.111368   0.355066   0.547895   0.655979   0.138942   0.026299  -0.003388  -0.034457   0.124730  -0.074198   0.019538   0.006761 
  0.104601   0.271169   0.620256   0.591522   0.143698   0.042571  -0.006767  -0.083897   0.072361  -0.064457   0.004756   0.016272 
  0.097790   0.378601   0.613688   0.524142   0.120035   0.035351  -0.006811   0.107432  -0.006568  -0.067380  -0.023663  -0.007220 
  0.097582   0.359643   0.619971   0.522538   0.095569   0.031627  -0.000208  -0.018958   0.006283  -0.001604  -0.024466  -0.003724 
  0.091009   0.358601   0.591453   0.517725   0.076834   0.027903  -0.006573  -0.001042  -0.028518  -0.004813  -0.018735  -0.003724 
  0.097454   0.303604   0.648829   0.517152   0.065718   0.019996   0.006445  -0.054997   0.057376  -0.000573  -0.011116  -0.007907 
  0.088876   0.266811   0.674833   0.511995   0.061708   0.014324  -0.008578  -0.036793   0.026004  -0.005157  -0.004010  -0.005672 
  0.083450   0.367293   0.465884   0.378840   0.066578   0.002578  -0.005426   0.100482  -0.208949  -0.133155   0.004870  -0.011746 
  0.073770   0.338159   0.436610   0.344520   0.041883  -0.001432  -0.009680  -0.029134  -0.029274  -0.034320  -0.024695  -0.004010 
  0.080828   0.305975   0.351964   0.266826   0.015298   0.009855   0.007058  -0.032184  -0.084646  -0.077694  -0.026585   0.011287 
  0.082796   0.248490   0.443813   0.296849   0.029679   0.007907   0.001968  -0.057485   0.091849   0.030023   0.014381  -0.001948 
  0.083017   0.294839   0.394879   0.275879   0.032258   0.008881   0.000221   0.046349  -0.048934  -0.020970   0.002579   0.000974 
  0.073214   0.352579   0.407209   0.225573  -0.004240  -0.000172  -0.009803   0.057740   0.012330  -0.050306  -0.036498  -0.009053 
  0.066180   0.264963   0.456231   0.242533  -0.023377  -0.009683  -0.007034  -0.087616   0.049022   0.016960  -0.019137  -0.009511 
  0.076450   0.203631   0.549533   0.361651  -0.002693  -0.008021   0.010270  -0.061332   0.093302   0.119118   0.020684   0.001662 
  0.079535   0.336262   0.504508   0.347098   0.023892  -0.003896   0.003085   0.132631  -0.045025  -0.014553   0.026585   0.004125 
  0.087596   0.354745   0.452542   0.329795   0.012834   0.010714   0.008061   0.018483  -0.051966  -0.017303  -0.011058   0.014610 
  0.086991   0.290153   0.430487   0.371792   0.043946   0.015814  -0.000605  -0.064592  -0.022055   0.041997   0.031112   0.005100 
  0.077612   0.405156  -0.114305   0.902179   0.109206   0.016558  -0.009379   0.115003  -0.544792   0.530387   0.065260   0.000744 
  0.077973   0.187641   0.059351   0.447881   0.084626   0.036039   0.000361  -0.217515   0.173656  -0.454298  -0.024580   0.019481 
  0.074580   0.163027   0.337583   0.279947   0.045837   0.007334  -0.003393  -0.024614   0.278232  -0.167934  -0.038789  -0.028705 
  0.073218   0.342573   0.391688   0.356838   0.036268   0.010371  -0.001362   0.179546   0.054105   0.076891  -0.009569   0.003037 
  0.070830   0.329189   0.408844   0.408920   0.036154   0.006646  -0.002388  -0.013384   0.017156   0.052082  -0.000114  -0.003725 
  0.070003   0.242912   0.465769   0.436422   0.024924   0.004469  -0.000827  -0.086277   0.056925   0.027502  -0.011230  -0.002177 
  0.072710   0.232747   0.532493   0.447881   0.018621  -0.004297   0.002707  -0.010165   0.066724   0.011459  -0.006303  -0.008766 
  0.070953   0.363638   0.497204   0.455501   0.023778   0.014668  -0.001757   0.130891  -0.035289   0.007620   0.005157   0.018965 
  0.077999   0.363540   0.501589   0.474524  -0.002177   0.014725   0.007046  -0.000098   0.004385   0.019023  -0.025955   0.000057 
  0.080491   0.346487   0.477921   0.475956  -0.001031   0.013694   0.002492  -0.017053  -0.023668   0.001432   0.001146  -0.001031 
  0.080397   0.305664   0.504762   0.484722  -0.006474   0.016845  -0.000094  -0.040823   0.026841   0.008766  -0.005443   0.003151 
  0.080560   0.264409   0.557931   0.485868   0.001547   0.021658   0.000163  -0.041255   0.053169   0.001146   0.008021   0.004813 
  0.080583   0.346226   0.521910   0.488217   0.006360   0.026012   0.000023   0.081817  -0.036021   0.002349   0.004813   0.004354 
  0.077943   0.314805   0.548260   0.503974  -0.006360   0.034263  -0.002640  -0.031421   0.026350   0.015757  -0.012720   0.008251 
  0.082493   0.242283   0.681714   0.467877   0.005901   0.026643   0.004550  -0.072522   0.133454  -0.036097   0.012261  -0.007620 
  0.111225   0.345984   0.541230   0.389898  -0.021257   0.041998   0.028732   0.103701  -0.140484  -0.077979  -0.027158   0.015355 
  0.125396   0.398847   0.364731   0.167705  -0.034549   0.055176   0.014171   0.052863  -0.176499  -0.222193  -0.013292   0.013178 
  0.115956   0.259237   0.538416   0.162835   0.035466   0.059015  -0.009440  -0.139610   0.173685  -0.004870   0.070015   0.003839 
  0.111781   0.305848   0.599114   0.295990   0.047957   0.057468  -0.004175   0.046611   0.060698   0.133155   0.012491  -0.001547 
  0.110041   0.253113   0.740000   0.351166   0.005500   0.052941  -0.001740  -0.052735   0.140886   0.055176  -0.042457  -0.004527 
  0.100294   0.254617   0.735303   0.382679  -0.008824   0.055691  -0.009747   0.001504  -0.004697   0.031513  -0.014324   0.002750 
  0.105861   0.363491   0.671000   0.410180   0.000286   0.058213   0.005567   0.108874  -0.064303   0.027501   0.009110   0.002522 
  0.106098   0.341850   0.644223   0.426281  -0.030539   0.054374   0.000237  -0.021641  -0.026777   0.016101  -0.030825  -0.003839 
  0.101348   0.313396   0.637821   0.429833  -0.021772   0.048988  -0.004750  -0.028454  -0.006402   0.003552   0.008767  -0.005386 
  0.107254   0.240513   0.747753   0.365031  -0.012147   0.060447   0.005906  -0.072883   0.109932  -0.064802   0.009625   0.011459 
  0.102808   0.313078   0.628267   0.355005   0.010657   0.053457  -0.004446   0.072565  -0.119486  -0.010026   0.022804  -0.006990 
  0.128580   0.329103   0.381447   0.219787   0.001662   0.073224   0.025772   0.016025  -0.246820  -0.135218  -0.008995   0.019767 
  0.120785   0.167142   0.191622   0.005615   0.059759   0.109492  -0.007795  -0.161961  -0.189825  -0.214172   0.058097   0.036268 
  0.131675   0.094066   0.416572   0.041826   0.082850   0.140776   0.010890  -0.073076   0.224950   0.036211   0.023091   0.031284 
  0.117282   0.197285   0.416742   0.109034   0.068698   0.113732  -0.014393   0.103219   0.000170   0.067208  -0.014152  -0.027044 
  0.113713   0.124272   0.504467   0.094996   0.050363   0.106169  -0.003569  -0.073013   0.087725  -0.014038  -0.018335  -0.007563 
  0.115585   0.187029   0.498849   0.131035   0.037529   0.089954   0.001872   0.062757  -0.005618   0.036039  -0.012834  -0.016215 
  0.111517   0.283984   0.483453   0.150459   0.029393   0.084970  -0.004068   0.096955  -0.015396   0.019424  -0.008136  -0.004984 
  0.109590   0.280518   0.520255   0.235658   0.013694   0.076719  -0.001927  -0.003466   0.036802   0.085199  -0.015699  -0.008251 
  0.106442   0.210948   0.647680   0.325669   0.028877   0.070646  -0.003148  -0.069570   0.127425   0.090011   0.015183  -0.006073 
  0.109074   0.231908   0.640030   0.324867   0.032659   0.064515   0.002632   0.020960  -0.007650  -0.000802   0.003782  -0.006131 
  0.104095   0.309456   0.627589   0.312720   0.039477   0.059072  -0.004979   0.077548  -0.012441  -0.012147   0.006818  -0.005443 
  0.106128   0.295191   0.599199   0.315700   0.022689   0.065260   0.002033  -0.014265  -0.028390   0.002980  -0.016788   0.006188 
  0.105557   0.247031   0.416157   0.198415   0.013178   0.048701  -0.000571  -0.048160  -0.183042  -0.117285  -0.009511  -0.016559 
  0.096711   0.195543   0.444630   0.196926   0.026929   0.035294  -0.008846  -0.051488   0.028473  -0.001489   0.013751  -0.013407 
  0.109909   0.268340   0.445410   0.189248   0.012376   0.066979   0.013198   0.072797   0.000780  -0.007678  -0.014553   0.031685 
  0.104105   0.297218   0.448571   0.226032   0.012032   0.062624  -0.005804   0.028878   0.003161   0.036784  -0.000344  -0.004355 
  0.104885   0.290364   0.363880   0.242017   0.005500   0.061879   0.000780  -0.006854  -0.084691   0.015985  -0.006532  -0.000745 
  0.077267   0.274725   0.039081   0.423244   0.024408   0.012605  -0.027618  -0.015639  -0.324799   0.181227   0.018908  -0.049274 
  0.077377   0.140442   0.199315   0.416941   0.027903   0.011173   0.000110  -0.134283   0.160234  -0.006303   0.003495  -0.001432 
  0.085195   0.227740   0.367494   0.359359   0.022976   0.026070   0.007818   0.087298   0.168179  -0.057582  -0.004927   0.014897 
  0.087615   0.300842   0.435963   0.381246   0.023720   0.030252   0.002420   0.073102   0.068469   0.021887   0.000744   0.004182 
  0.090179   0.327803   0.428117   0.403591   0.037815   0.036727   0.002564   0.026961  -0.007846   0.022345   0.014095   0.006475 
  0.103267   0.320119   0.302443   0.513256   0.007334   0.054947   0.013088  -0.007684  -0.125674   0.109665  -0.030481   0.018220 
  0.126902   0.418943   0.190346   0.709322   0.037643   0.090012   0.023635   0.098824  -0.112097   0.196066   0.030309   0.035065 
  0.122547   0.277277   0.239448   0.411785   0.086459   0.105768  -0.004355  -0.141666   0.049102  -0.297537   0.048816   0.015756 
  0.093137   0.133605   0.446656   0.370245   0.060103   0.056494  -0.029410  -0.143672   0.207208  -0.041540  -0.026356  -0.049274 
  0.095568   0.245964   0.530787   0.369558   0.036383   0.058327   0.002431   0.112359   0.084131  -0.000687  -0.023720   0.001833 
  0.091553   0.326084   0.523751   0.419692   0.022460   0.054145  -0.004015   0.080120  -0.007036   0.050134  -0.013923  -0.004182 
  0.088211   0.314821   0.496219   0.428859  -0.010886   0.048931  -0.003342  -0.011263  -0.027532   0.009167  -0.033346  -0.005214 
  0.084565   0.297466   0.560260   0.454757  -0.020054   0.063426  -0.003646  -0.017355   0.064041   0.025898  -0.009168   0.014495 
  0.100191   0.202882   0.694786   0.451032  -0.039763   0.062281   0.015626  -0.094584   0.134526  -0.003725  -0.019709  -0.001145 
  0.098274   0.275916   0.676578   0.452064  -0.030080   0.061879  -0.001917   0.073034  -0.018208   0.001032   0.009683  -0.000402 
  0.104528   0.377153   0.521910   0.561155  -0.044805   0.074828   0.006254   0.101237  -0.154668   0.109091  -0.014725   0.012949 
  0.113948   0.351666   0.339668   0.452579  -0.022288   0.093736   0.009420  -0.025487  -0.182242  -0.108576   0.022517   0.018908 
  0.119714   0.278990   0.324732   0.255883  -0.023778   0.081933   0.005766  -0.072676  -0.014936  -0.196696  -0.001490  -0.011803 
  0.110999   0.244560   0.448402   0.277541  -0.056093   0.077407  -0.008715  -0.034430   0.123670   0.021658  -0.032315  -0.004526 
  0.108591   0.215031   0.597424   0.351166  -0.064229   0.068927  -0.002408  -0.029529   0.149022   0.073625  -0.008136  -0.008480 
  0.105302   0.215933   0.655692   0.393851  -0.069500   0.062109  -0.003289   0.000902   0.058268   0.042685  -0.005271  -0.006818 
  0.106766   0.379699   0.619846   0.420379  -0.045550   0.064973   0.001464   0.163766  -0.035846   0.026528   0.023950   0.002864 
  0.102663   0.376353   0.583694   0.462033  -0.054947   0.059129  -0.004103  -0.003346  -0.036152   0.041654  -0.009397  -0.005844 
  0.096072   0.329053   0.588986   0.478649  -0.048759   0.069786  -0.006591  -0.047300   0.005292   0.016616   0.006188   0.010657 
  0.099486   0.240109   0.682529   0.467935  -0.071333   0.060332   0.003414  -0.088944   0.093543  -0.010714  -0.022574  -0.009454 
  0.100668   0.306093   0.660987   0.467476  -0.061249   0.059530   0.001182   0.065984  -0.021542  -0.000459   0.010084  -0.000802 
  0.104844   0.362735   0.644110   0.488848  -0.058213   0.052769   0.004176   0.056642  -0.016877   0.021372   0.003036  -0.006761 
  0.103403   0.342309   0.649889   0.465414  -0.056551   0.057009  -0.001441  -0.020426   0.005779  -0.023434   0.001662   0.004240 
  0.109648   0.310844   0.639748   0.463236  -0.063885   0.063999   0.006245  -0.031465  -0.010141  -0.002178  -0.007334   0.006990 
  0.117355   0.219639   0.777310   0.415452  -0.087892   0.062739   0.007707  -0.091205   0.137562  -0.047784  -0.024007  -0.001260 
  0.114031   0.270802   0.690176   0.438141  -0.083251   0.057582  -0.003324   0.051163  -0.087134   0.022689   0.004641  -0.005157 
  0.123528   0.391163   0.342303   0.384970  -0.051108   0.098320   0.009497   0.120361  -0.347873  -0.053171   0.032143   0.040738 
  0.106570   0.295503   0.429195   0.224714   0.035695   0.094882  -0.016958  -0.095660   0.086892  -0.160256   0.086803  -0.003438 
  0.103254   0.245436   0.485973   0.193201  -0.048415   0.077808  -0.003316  -0.050067   0.056778  -0.031513  -0.084110  -0.017074 
  0.098871   0.321132   0.535947   0.325440  -0.061077   0.072766  -0.004383   0.075696   0.049974   0.132239  -0.012662  -0.005042 
  0.088292   0.301667   0.568635   0.344921  -0.010485   0.063942  -0.010579  -0.019465   0.032688   0.019481   0.050592  -0.008824 
  0.090343   0.235358   0.458616   0.214229   0.026184   0.071734   0.002051  -0.066309  -0.110019  -0.130692   0.036669   0.007792 
  0.087854   0.261249   0.460783   0.164210  -0.035982   0.087319  -0.002489   0.025891   0.002167  -0.050019  -0.062166   0.015585 
  0.089898   0.254801   0.473804   0.312262  -0.038159   0.083251   0.002044  -0.006448   0.013021   0.148052  -0.002177  -0.004068 
  0.096493   0.355472   0.491383   0.559780  -0.061937   0.039534   0.006595   0.100671   0.017579   0.247518  -0.023778  -0.043717 
  0.074462   0.584778   0.249207   1.165683   0.090184   0.121009  -0.022031   0.229306  -0.242176   0.605903   0.152121   0.081475 
  0.037852   0.330111   0.766815   0.341082   0.237835   0.000344  -0.036610  -0.254667   0.517608  -0.824601   0.147651  -0.120665 
  0.048830   0.349102   1.018171   0.679070   0.112644  -0.006016   0.010978   0.018991   0.251356   0.337988  -0.125191  -0.006360 
  0.065541   0.292567   0.988025   0.616560   0.091387  -0.017074   0.016711  -0.056535  -0.030146  -0.062510  -0.021257  -0.011058 
  0.051342   0.387880   0.756045   0.587568   0.070359  -0.057296  -0.014199   0.095313  -0.231980  -0.028992  -0.021028  -0.040222 
  0.065306   0.413244   0.737097   0.611747   0.052941  -0.028075   0.013964   0.025364  -0.018948   0.024179  -0.017418   0.029221 
  0.068248   0.348064   0.708491   0.586594   0.027387  -0.002750   0.002942  -0.065180  -0.028606  -0.025153  -0.025554   0.025325 
  0.065375   0.277489   0.769392   0.581037   0.010886  -0.004412  -0.002873  -0.070575   0.060901  -0.005557  -0.016501  -0.001662 
  0.068056   0.360858   0.741537   0.583615   0.007448   0.001318   0.002681   0.083369  -0.027855   0.002578  -0.003438   0.005730 
  0.065388   0.433000   0.708437   0.608137   0.021715   0.004584  -0.002668   0.072142  -0.033100   0.024522   0.014267   0.003266 
  0.067419   0.391999   0.684272   0.601147   0.009339   0.007907   0.002031  -0.041001  -0.024165  -0.006990  -0.012376   0.003323 
  0.065335   0.335694   0.715982   0.586823  -0.003839   0.004297  -0.002084  -0.056305   0.031710  -0.014324  -0.013178  -0.003610 
  0.067858   0.275547   0.718934   0.567228  -0.011287   0.014152   0.002523  -0.060147   0.002952  -0.019595  -0.007448   0.009855 
  0.065368   0.400597   0.667389   0.577828   0.002063   0.018163  -0.002490   0.125050  -0.051545   0.010600   0.013350   0.004011 
  0.064967   0.406990   0.526732   0.660391  -0.023377   0.006073  -0.000401   0.006393  -0.140657   0.082563  -0.025440  -0.012090 
  0.092923   0.358397  -0.110945   0.354031   0.009225   0.060848   0.027956  -0.048593  -0.637677  -0.306360   0.032602   0.054775 
  0.076007   0.307411  -0.242049   0.322575   0.034721   0.084454  -0.016916  -0.050986  -0.131104  -0.031456   0.025496   0.023606 
  0.082228   0.185023  -0.016220   0.213083   0.031112   0.082506   0.006221  -0.122388   0.225829  -0.109492  -0.003609  -0.001948 
  0.080874   0.128287   0.066501   0.217495   0.003552   0.069385  -0.001354  -0.056736   0.082721   0.004412  -0.027560  -0.013121 
  0.080821   0.239063   0.086087   0.206093   0.013751   0.071333  -0.000053   0.110776   0.019586  -0.011402   0.010199   0.001948 
  0.076215   0.319693   0.087898   0.196754   0.011803   0.071333  -0.004606   0.080630   0.001811  -0.009339  -0.001948   0.000000 
  0.074553   0.273829   0.089624   0.212338   0.006704   0.069156  -0.001662  -0.045864   0.001726   0.015584  -0.005099  -0.002177 
  0.075220   0.210238   0.134483   0.205520   0.015642   0.074943   0.000667  -0.063591   0.044859  -0.006818   0.008938   0.005787 
  0.081809   0.202418   0.131287   0.215719  -0.014782   0.068411   0.006589  -0.007820  -0.003196   0.010199  -0.030424  -0.006532 
  0.080164   0.302738   0.117873   0.214859  -0.001490   0.054889  -0.001645   0.100320  -0.013414  -0.000860   0.013292  -0.013522 
  0.078906   0.291900   0.120793   0.225402   0.003896   0.049790  -0.001258  -0.010838   0.002920   0.010543   0.005386  -0.005099 
  0.076972   0.238803   0.164908   0.210218  -0.017590   0.051853  -0.001934  -0.053097   0.044115  -0.015184  -0.021486   0.002063 
  0.085850   0.191172   0.188838   0.221792  -0.013293   0.054030   0.008878  -0.047631   0.023930   0.011574   0.004297   0.002177 
  0.081809   0.297463   0.111224   0.246601  -0.016730   0.038044  -0.004041   0.106291  -0.077614   0.024809  -0.003437  -0.015986 
  0.084236   0.305808   0.111719   0.243278  -0.010371   0.061994   0.002427   0.008345   0.000495  -0.003323   0.006359   0.023950 
  0.085141   0.224555   0.171476   0.216750  -0.019595   0.063312   0.000905  -0.081253   0.059757  -0.026528  -0.009224   0.001318 
  0.083717   0.183709   0.234478   0.212968  -0.031226   0.054202  -0.001424  -0.040846   0.063002  -0.003782  -0.011631  -0.009110 
  0.087193   0.306431   0.170562   0.226146  -0.030653   0.048300   0.003476   0.122722  -0.063916   0.013178   0.000573  -0.005902 
  0.087466   0.306414   0.147185   0.232277  -0.019423   0.048530   0.000273  -0.000017  -0.023377   0.006131   0.011230   0.000230 
  0.083801   0.254100   0.183816   0.223454  -0.015986   0.055634  -0.003665  -0.052314   0.036631  -0.008823   0.003437   0.007104 
  0.077348   0.181593   0.256074   0.233595  -0.036956   0.072708  -0.006453  -0.072507   0.072258   0.010141  -0.020970   0.017074 
  0.078991   0.298209   0.196885   0.243392  -0.033060   0.052196   0.001643   0.116616  -0.059189   0.009797   0.003896  -0.020512 
  0.124869   0.398610  -0.048092   0.851415   0.013694   0.076662   0.045878   0.100401  -0.244977   0.608023   0.046754   0.024466 
  0.137604   0.352105  -0.020296   0.944349   0.028190   0.041024   0.012735  -0.046505   0.027796   0.092934   0.014496  -0.035638 
  0.111293   0.176081   0.264348   0.229527  -0.004354   0.082678  -0.026311  -0.176024   0.284644  -0.714822  -0.032544   0.041654 
  0.108875   0.158061   0.634175   0.369099  -0.036268   0.053285  -0.002418  -0.018020   0.369827   0.139572  -0.031914  -0.029393 
  0.102688   0.163803   0.810280   0.457736  -0.042800   0.007678  -0.006187   0.005742   0.176105   0.088637  -0.006532  -0.045607 
  0.116703   0.412638   0.725496   0.412816  -0.038847   0.055462   0.014015   0.248835  -0.084784  -0.044920   0.003953   0.047784 
  0.114800   0.396509   0.617927   0.370188   0.015183   0.054202  -0.001903  -0.016129  -0.107569  -0.042628   0.054030  -0.001260 
  0.106937   0.325955   0.375404   0.313694   0.056666   0.057238  -0.007863  -0.070554  -0.242523  -0.056494   0.041483   0.003036 
  0.146947   0.270291  -0.056146   0.447423   0.069844   0.048644   0.040010  -0.055664  -0.431550   0.133729   0.013178  -0.008594 
  0.093126   0.436584  -0.349623   1.143280   0.167132  -0.020626  -0.053821   0.166293  -0.293477   0.695857   0.097288  -0.069270 
  0.087872   0.220037  -0.123580   0.540528   0.123014   0.027273  -0.005254  -0.216547   0.226043  -0.602752  -0.044118   0.047899 
  0.087835   0.168466  -0.010905   0.414650   0.099351   0.038789  -0.000037  -0.051571   0.112675  -0.125878  -0.023663   0.011516 
  0.082394   0.235626   0.052303   0.353515   0.076719   0.037242  -0.005441   0.067160   0.063208  -0.061135  -0.022632  -0.001547 
  0.082512   0.315228   0.058982   0.361766   0.071792   0.039935   0.000118   0.079602   0.006679   0.008251  -0.004927   0.002693 
  0.082382   0.280908   0.066073   0.364057   0.075630   0.031914  -0.000130  -0.034320   0.007091   0.002291   0.003838  -0.008021 
  0.082020   0.194269   0.156913   0.338905   0.046524   0.028877  -0.000362  -0.086639   0.090840  -0.025152  -0.029106  -0.003037 
  0.077893   0.031676   0.716619   0.429317   0.149026   0.010542  -0.004127  -0.162593   0.559706   0.090412   0.102502  -0.018335 
  0.082635   0.252524   0.801809   0.416082   0.075688   0.001432   0.004742   0.220848   0.085190  -0.013235  -0.073338  -0.009110 
  0.090403   0.510678   0.449431   0.400326   0.123358   0.054087   0.007768   0.258154  -0.352378  -0.015756   0.047670   0.052655 
  0.094504   0.397113   0.247829   0.307908   0.042513  -0.026127   0.004101  -0.113565  -0.201602  -0.092418  -0.080845  -0.080214 
  0.071799   0.258298   0.381420   0.197384   0.072594  -0.014324  -0.022705  -0.138815   0.133591  -0.110524   0.030081   0.011803 
  0.069544   0.286334   0.429611   0.209015   0.073052  -0.013579  -0.002255   0.028036   0.048191   0.011631   0.000458   0.000745 
  0.073925   0.285922   0.381269   0.189133   0.073854  -0.015527   0.004381  -0.000412  -0.048342  -0.019882   0.000802  -0.001948 
  0.071456   0.283286   0.427309   0.187472   0.068411   0.003839  -0.002469  -0.002636   0.046040  -0.001661  -0.005443   0.019366 
  0.071889   0.252518   0.465996   0.239153   0.065833   0.006646   0.000433  -0.030768   0.038687   0.051681  -0.002578   0.002807 
  0.068067   0.270086   0.377400   0.141922   0.108518   0.016100  -0.003822   0.017568  -0.088596  -0.097231   0.042685   0.009454 
  0.067931   0.301624   0.343656   0.131379   0.072307   0.018163  -0.000136   0.031538  -0.033744  -0.010543  -0.036211   0.002063 
  0.072733   0.348883   0.278949   0.163465   0.131035   0.024580   0.004802   0.047259  -0.064707   0.032086   0.058728   0.006417 
  0.090571   0.245098   0.327289   0.034206   0.123702   0.052368   0.017838  -0.103785   0.048340  -0.129259  -0.007333   0.027788 
  0.071919   0.247212   0.368482  -0.005214   0.067552   0.031856  -0.018652   0.002114   0.041193  -0.039420  -0.056150  -0.020512 
  0.070650   0.282433   0.337377   0.043487   0.056723   0.036326  -0.001269   0.035221  -0.031105   0.048701  -0.010829   0.004470 
  0.081845   0.291119   0.365830   0.075802   0.054145   0.031742   0.011195   0.008686   0.028453   0.032315  -0.002578  -0.004584 
  0.083652   0.261157   0.380413   0.112815   0.062567   0.035237   0.001807  -0.029962   0.014583   0.037013   0.008422   0.003495 
  0.074666   0.253984   0.396900   0.119977   0.071620   0.050478  -0.008986  -0.007173   0.016487   0.007162   0.009053   0.015241 
  0.081862   0.290401   0.399747   0.144844   0.064973   0.046295   0.007196   0.036417   0.002847   0.024867  -0.006647  -0.004183 
  0.081260   0.258726   0.406103   0.147537   0.068125   0.036727  -0.000602  -0.031675   0.006356   0.002693   0.003152  -0.009568 
  0.086018   0.179301   0.420676   0.100497   0.049274   0.031341   0.004758  -0.079425   0.014573  -0.047040  -0.018851  -0.005386 
  0.084092   0.242267   0.438729   0.149542   0.041138   0.028877  -0.001926   0.062966   0.018053   0.049045  -0.008136  -0.002464 
  0.081956   0.317530   0.260309   0.160314   0.053629   0.019309  -0.002136   0.075263  -0.178420   0.010772   0.012491  -0.009568 
  0.089624   0.350667  -0.099525   0.197499   0.052426   0.022288   0.007668   0.033137  -0.359834   0.037185  -0.001203   0.002979 
  0.095987   0.506567  -0.404625   0.816121   0.022689  -0.036096   0.006363   0.155900  -0.305100   0.618622  -0.029737  -0.058384 
  0.109394   0.296054  -0.080926   0.614898   0.045779   0.020168   0.013407  -0.210513   0.323699  -0.201223   0.023090   0.056264 
  0.087374   0.263429   0.547937   0.547862   0.099981   0.016100  -0.022020  -0.032625   0.628863  -0.067036   0.054202  -0.004068 
  0.029943   0.285218   0.522122   0.694539   0.077349  -0.127254  -0.057431   0.021789  -0.025815   0.146677  -0.022632  -0.143354 
  0.061353   0.340966   0.507504   0.716312   0.085485  -0.014439   0.031410   0.055748  -0.014618   0.021773   0.008136   0.112815 
  0.106237   0.309642   0.494700   0.853134  -0.090642   0.116998   0.044884  -0.031324  -0.012804   0.136822  -0.176127   0.131437 
  0.082855   0.351272   0.504501   0.989956  -0.035867  -0.007563  -0.023382   0.041630   0.009801   0.136822   0.054775  -0.124561 
  0.088359   0.399656   0.461917   0.948532  -0.044977  -0.003953   0.005504   0.048384  -0.042584  -0.041424  -0.009110   0.003610 
  0.043056   0.398247   0.032263   0.852332  -0.014840  -0.088579  -0.045303  -0.001409  -0.429654  -0.096200   0.030137  -0.084626 
  0.018107   0.411580  -0.512799   0.678840   0.013121  -0.095168  -0.024949   0.013333  -0.545062  -0.173492   0.027961  -0.006589 
  0.029035   0.200624  -0.090095   0.380501   0.002177  -0.061020   0.010928  -0.210956   0.422704  -0.298339  -0.010944   0.034148 
  0.051388   0.203197   0.241561   0.154584  -0.033690   0.009969   0.022353   0.002573   0.331656  -0.225917  -0.035867   0.070989 
  0.044354   0.301949   0.161144   0.197097  -0.051509  -0.008422  -0.007034   0.098752  -0.080417   0.042513  -0.017819  -0.018391 
  0.039098   0.277886   0.075638   0.164267  -0.048243  -0.022460  -0.005256  -0.024063  -0.085506  -0.032830   0.003266  -0.014038 
  0.038568   0.204353   0.210138   0.153896   0.002578  -0.037414  -0.000530  -0.073533   0.134500  -0.010371   0.050821  -0.014954 
  0.044447   0.236096   0.307810   0.278171  -0.035008  -0.039763   0.005879   0.031743   0.097672   0.124275  -0.037586  -0.002349 
  0.040410   0.321593   0.322694   0.427942  -0.071047  -0.046238  -0.004037   0.085497   0.014884   0.149771  -0.036039  -0.006475 
  0.042679   0.355321   0.240720   0.393966  -0.103075  -0.037242   0.002269   0.033728  -0.081974  -0.033976  -0.032028   0.008996 
  0.053699   0.370007   0.180696   0.631399  -0.125879  -0.073969   0.011020   0.014686  -0.060024   0.237433  -0.022804  -0.036727 
  0.067496   0.344921  -0.092513   0.442152  -0.129947  -0.078151   0.013797  -0.025086  -0.273209  -0.189247  -0.004068  -0.004182 
  0.067494   0.177798   0.021052   0.184550  -0.014037   0.017819  -0.000002  -0.167123   0.113565  -0.257602   0.115910   0.095970 
  0.067741   0.240767   0.046009   0.192227  -0.025783   0.022976   0.000247   0.062969   0.024957   0.007677  -0.011746   0.005157 
  0.069260   0.179184   0.174290   0.194576  -0.020684   0.012204   0.001519  -0.061583   0.128281   0.002349   0.005099  -0.010772 
  0.068503   0.253209   0.282871   0.345207  -0.017074   0.003438  -0.000757   0.074025   0.108581   0.150631   0.003610  -0.008766 
  0.067714   0.326162   0.302363   0.492973   0.036669   0.005558  -0.000789   0.072953   0.019492   0.147766   0.053743   0.002120 
