  0.000000   0.000000   0.000000   0.000000   0.000000   0.000000   0.000000   0.000000   0.000000   0.000000   0.000000   0.000000 
  0.016873   0.024302   0.053462  -0.063598  -0.024580   0.014037   0.016873   0.024302   0.053462  -0.063598  -0.024580   0.014037 
  0.023277   0.087504   0.211405  -0.123644   0.000000   0.000000   0.006404   0.063202   0.157943  -0.060046   0.024580  -0.014037 
  0.023102   0.250677   0.247669  -0.096200   0.025497   0.000000  -0.000175   0.163173   0.036264   0.027444   0.025497   0.000000 
  0.026572   0.208026   0.310662  -0.107487   0.049504   0.022059   0.003470  -0.042651   0.062993  -0.011287   0.024007   0.022059 
  0.011991   0.115821   0.390759  -0.032028   0.067953   0.012433  -0.014581  -0.092205   0.080097   0.075459   0.018449  -0.009626 
  0.037125   0.297157   0.387128  -0.039706  -0.023663   0.008021   0.025134   0.181336  -0.003631  -0.007678  -0.091616  -0.004412 
  0.098049   0.273515   0.314235  -0.031799  -0.339477  -0.032601   0.060924  -0.023642  -0.072893   0.007907  -0.315814  -0.040622 
  0.049831   0.165699   0.252811   0.066979   0.208156  -0.118488  -0.048218  -0.107816  -0.061424   0.098778   0.547633  -0.085887 
  0.153900   0.256009   0.305284  -0.161975  -0.567515  -0.077349   0.104069   0.090310   0.052473  -0.228954  -0.775671   0.041139 
  0.100582   0.290087   0.277475  -0.090757  -0.251815  -0.087663  -0.053318   0.034078  -0.027809   0.071218   0.315700  -0.010314 
  0.110505   0.183215   0.283436  -0.117113  -0.274160  -0.089840   0.009923  -0.106872   0.005961  -0.026356  -0.022345  -0.002177 
  0.117407   0.261201   0.365302  -0.222480  -0.304584  -0.077349   0.006902   0.077986   0.081866  -0.105367  -0.030424   0.012491 
  0.124434   0.298285   0.444054  -0.253247  -0.301490  -0.088579   0.007027   0.037084   0.078752  -0.030767   0.003094  -0.011230 
  0.107766   0.141183   0.310707  -0.117456  -0.288026  -0.077349  -0.016668  -0.157102  -0.133347   0.135791   0.013464   0.011230 
  0.098442   0.271626   0.226789  -0.156360  -0.296162  -0.077349  -0.009324   0.130443  -0.083918  -0.038904  -0.008136   0.000000 
  0.098460   0.327348   0.278929  -0.136307  -0.312720  -0.077349   0.000018   0.055722   0.052140   0.020053  -0.016558   0.000000 
  0.101365   0.178314   0.315281  -0.135676  -0.276853  -0.077349   0.002905  -0.149034   0.036352   0.000631   0.035867   0.000000 
  0.105213   0.188402   0.334326  -0.163522  -0.275707  -0.070474   0.003848   0.010088   0.019045  -0.027846   0.001146   0.006875 
  0.092188   0.308204   0.354563  -0.167017  -0.281666  -0.055691  -0.013025   0.119802   0.020237  -0.003495  -0.005959   0.014783 
  0.096996   0.226721   0.407108  -0.189019  -0.271238  -0.069500   0.004808  -0.081483   0.052545  -0.022002   0.010428  -0.013809 
  0.091460   0.141876   0.406950  -0.168679  -0.247403  -0.079125  -0.005536  -0.084845  -0.000158   0.020340   0.023835  -0.009625 
  0.101082   0.276510   0.389755  -0.206551  -0.270952  -0.085256   0.009622   0.134634  -0.017195  -0.037872  -0.023549  -0.006131 
  0.102723   0.278660   0.423223  -0.208270  -0.275077  -0.075000   0.001641   0.002150   0.033468  -0.001719  -0.004125   0.010256 
  0.100981   0.196074   0.438726  -0.186154  -0.243736  -0.077636  -0.001742  -0.082586   0.015503   0.022116   0.031341  -0.002636 
  0.087017   0.196304   0.451775  -0.208385  -0.264764  -0.092132  -0.013964   0.000230   0.013049  -0.022231  -0.021028  -0.014496 
  0.072309   0.318347   0.402149  -0.155730  -0.270379  -0.091215  -0.014708   0.122043  -0.049626   0.052655  -0.005615   0.000917 
  0.086497   0.298671   0.361328  -0.067494  -0.319424  -0.096085   0.014188  -0.019676  -0.040821   0.088236  -0.049045  -0.004870 
  0.093273   0.214663   0.358574  -0.070187  -0.298396  -0.091215   0.006776  -0.084008  -0.002754  -0.002693   0.021028   0.004870 
  0.082908   0.298800   0.002875   0.291005  -0.326987  -0.118545  -0.010365   0.084137  -0.355699   0.361192  -0.028591  -0.027330 
  0.076165   0.320696  -0.199325   0.432182  -0.382220  -0.125879  -0.006743   0.021896  -0.202200   0.141177  -0.055233  -0.007334 
  0.082868   0.293451  -0.010477   0.223282  -0.425593  -0.121410   0.006703  -0.027245   0.188848  -0.208900  -0.043373   0.004469 
  0.092978   0.184688   0.067534   0.159626  -0.481342  -0.121066   0.010110  -0.108763   0.078011  -0.063656  -0.055749   0.000344 
  0.096731   0.268931   0.079383   0.105997  -0.471258  -0.120722   0.003753   0.084243   0.011849  -0.053629   0.010084   0.000344 
  0.091898   0.361170   0.086771   0.091215  -0.473435  -0.117857  -0.004833   0.092239   0.007388  -0.014782  -0.002177   0.002865 
  0.091875   0.236717   0.107582   0.108003  -0.468049  -0.117055  -0.000023  -0.124453   0.020811   0.016788   0.005386   0.000802 
  0.102567   0.221412   0.137739   0.080042  -0.444386  -0.113274   0.010692  -0.015305   0.030157  -0.027961   0.023663   0.003781 
  0.099482   0.337595   0.118884   0.075459  -0.446334  -0.118545  -0.003085   0.116183  -0.018855  -0.004583  -0.001948  -0.005271 
  0.097442   0.268503   0.151231   0.069901  -0.448110  -0.112185  -0.002040  -0.069092   0.032347  -0.005558  -0.001776   0.006360 
  0.100438   0.183736   0.193508   0.058957  -0.440605  -0.116654   0.002996  -0.084767   0.042277  -0.010944   0.007505  -0.004469 
  0.102508   0.328204   0.179387   0.049446  -0.440375  -0.119404   0.002070   0.144468  -0.014121  -0.009511   0.000230  -0.002750 
  0.099489   0.320525   0.187811   0.060275  -0.441120  -0.110982  -0.003019  -0.007679   0.008424   0.010829  -0.000745   0.008422 
  0.102863   0.200678   0.209409   0.042284  -0.421640  -0.115508   0.003374  -0.119847   0.021598  -0.017991   0.019480  -0.004526 
  0.104826   0.274481   0.190003   0.015699  -0.440433  -0.112758   0.001963   0.073803  -0.019406  -0.026585  -0.018793   0.002750 
  0.100070   0.331973   0.209412   0.008021  -0.445188  -0.113102  -0.004756   0.057492   0.019409  -0.007678  -0.004755  -0.000344 
  0.102297   0.249558   0.259702  -0.017819  -0.469424  -0.109034   0.002227  -0.082415   0.050290  -0.025840  -0.024236   0.004068 
  0.109047   0.208104   0.302524  -0.064916  -0.482602  -0.103132   0.006750  -0.041454   0.042822  -0.047097  -0.013178   0.005902 
  0.108356   0.342174   0.286127  -0.082678  -0.469825  -0.112987  -0.000691   0.134070  -0.016397  -0.017762   0.012777  -0.009855 
  0.100451   0.321832   0.262954  -0.064515  -0.426452  -0.091215  -0.007905  -0.020342  -0.023173   0.018163   0.043373   0.021772 
  0.100108   0.227807   0.247833   0.012548  -0.395284  -0.083709  -0.000343  -0.094025  -0.015121   0.077063   0.031168   0.007506 
  0.103179   0.247249   0.255675  -0.024293  -0.413446  -0.091215   0.003071   0.019442   0.007842  -0.036841  -0.018162  -0.007506 
  0.101019   0.341023   0.288917  -0.045493  -0.409206  -0.109836  -0.002160   0.093774   0.033242  -0.021200   0.004240  -0.018621 
  0.100284   0.251021   0.282592  -0.032258  -0.416197  -0.097288  -0.000735  -0.090002  -0.006325   0.013235  -0.006991   0.012548 
  0.102949   0.216861   0.236410  -0.025096  -0.429604  -0.091215   0.002665  -0.034160  -0.046182   0.007162  -0.013407   0.006073 
  0.102846   0.360178   0.231966   0.001089  -0.432010  -0.091215  -0.000103   0.143317  -0.004444   0.026185  -0.002406   0.000000 
  0.097867   0.311312   0.234097   0.001948  -0.450860  -0.091215  -0.004979  -0.048866   0.002131   0.000859  -0.018850   0.000000 
  0.090675   0.188755   0.201727   0.043659  -0.457851  -0.095970  -0.007192  -0.122557  -0.032370   0.041711  -0.006991  -0.004755 
  0.091035   0.250364   0.189543   0.016673  -0.458022  -0.091215   0.000360   0.061609  -0.012184  -0.026986  -0.000171   0.004755 
  0.095889   0.373833   0.174795   0.033346  -0.459569  -0.116540   0.004854   0.123469  -0.014748   0.016673  -0.001547  -0.025325 
  0.090765   0.329872   0.127213   0.082449  -0.478248  -0.116482  -0.005124  -0.043961  -0.047582   0.049103  -0.018679   0.000058 
  0.091350   0.307427   0.179848  -0.177044  -0.511422  -0.121123   0.000585  -0.022445   0.052635  -0.259493  -0.033174  -0.004641 
  0.101578   0.182102   0.196839  -0.123071  -0.498072  -0.115279   0.010228  -0.125325   0.016991   0.053973   0.013350   0.005844 
  0.102212   0.251828   0.157561  -0.124618  -0.460429  -0.121123   0.000634   0.069726  -0.039278  -0.001547   0.037643  -0.005844 
  0.102265   0.382647   0.211561  -0.147995  -0.457621  -0.121123   0.000053   0.130819   0.054000  -0.023377   0.002808   0.000000 
  0.102855   0.280081   0.196549  -0.099867  -0.430234  -0.096773   0.000590  -0.102566  -0.015012   0.048128   0.027387   0.024350 
  0.103272   0.208550   0.162840  -0.044805  -0.403591  -0.098033   0.000417  -0.071531  -0.033709   0.055062   0.026643  -0.001260 
  0.113553   0.336939   0.130140  -0.173434  -0.442266  -0.121123   0.010281   0.128389  -0.032700  -0.128629  -0.038675  -0.023090 
  0.102554   0.313656   0.163638  -0.072823  -0.437625  -0.110867  -0.010999  -0.023283   0.033498   0.100611   0.004641   0.010256 
  0.100349   0.252573   0.198610  -0.121410  -0.430005  -0.114305  -0.002205  -0.061083   0.034972  -0.048587   0.007620  -0.003438 
  0.102382   0.247154   0.163674  -0.080329  -0.450975  -0.101356   0.002033  -0.005419  -0.034936   0.041081  -0.020970   0.012949 
  0.098156   0.363230   0.075683   0.057926  -0.469768  -0.121123  -0.004226   0.116076  -0.087991   0.138255  -0.018793  -0.019767 
  0.098691   0.334401  -0.334013   0.088866  -0.472346  -0.143698   0.000535  -0.028829  -0.409696   0.030940  -0.002578  -0.022575 
  0.102819   0.259189  -0.678607  -0.057640  -0.555597  -0.162376   0.004128  -0.075212  -0.344594  -0.146506  -0.083251  -0.018678 
  0.099829   0.125692  -0.390271  -0.002693  -0.511709  -0.166845  -0.002990  -0.133497   0.288336   0.054947   0.043888  -0.004469 
  0.106507   0.163308  -0.195253   0.012605  -0.457679  -0.162376   0.006678   0.037616   0.195018   0.015298   0.054030   0.004469 
  0.130231   0.331251   0.093171   0.108576  -0.446220  -0.148052   0.023724   0.167943   0.288424   0.095971   0.011459   0.014324 
  0.181206   0.358734   0.421827   0.284474  -0.644234  -0.171544   0.050975   0.027483   0.328656   0.175898  -0.198014  -0.023492 
  0.213189   0.400903   0.420282   0.366808  -0.790166  -0.198874   0.031983   0.042169  -0.001545   0.082334  -0.145932  -0.027330 
  0.140043   0.395129  -0.042758   0.486441  -0.737511  -0.131093  -0.073146  -0.005774  -0.463040   0.119633   0.052655   0.067781 
  0.130139   0.310241  -0.094384   0.458767  -0.630597  -0.111383  -0.009904  -0.084888  -0.051626  -0.027674   0.106914   0.019710 
  0.130442   0.355373  -0.025620   0.343545  -0.598569  -0.118774   0.000303   0.045132   0.068764  -0.115222   0.032028  -0.007391 
  0.131979   0.369094  -0.031352   0.363427  -0.641312  -0.134817   0.001537   0.013721  -0.005732   0.019882  -0.042743  -0.016043 
  0.132223   0.327446   0.000811   0.342170  -0.633004  -0.124160   0.000244  -0.041648   0.032163  -0.021257   0.008308   0.010657 
  0.134966   0.296170   0.029727   0.327904  -0.647328  -0.140604   0.002743  -0.031276   0.028916  -0.014266  -0.014324  -0.016444 
  0.144309   0.388755   0.017492   0.360849  -0.670017  -0.138197   0.009343   0.092585  -0.012235   0.032945  -0.022689   0.002407 
  0.144816   0.356074  -0.016991   0.439802  -0.716942  -0.150058   0.000507  -0.032681  -0.034483   0.078953  -0.046925  -0.011861 
  0.130419   0.324092   0.021372   0.355291  -0.671793  -0.134015  -0.014397  -0.031982   0.038363  -0.084511   0.045149   0.016043 
  0.144191   0.407725   0.065197   0.319653  -0.671105  -0.142437   0.013772   0.083633   0.043825  -0.035638   0.000688  -0.008422 
  0.140349   0.366259   0.104713   0.251185  -0.693737  -0.135046  -0.003842  -0.041466   0.039516  -0.068468  -0.022632   0.007391 
  0.104690   0.330267   0.132150   0.053572  -0.643546  -0.127941  -0.035659  -0.035992   0.027437  -0.197613   0.050191   0.007105 
  0.095558   0.342460   0.167106  -0.025325  -0.815262  -0.149886  -0.009132   0.012193   0.034956  -0.078897  -0.171716  -0.021945 
  0.096114   0.309885   0.159180   0.000917  -0.839269  -0.156188   0.000556  -0.032575  -0.007926   0.026242  -0.024007  -0.006302 
  0.104349   0.366674   0.152374  -0.006417  -0.825346  -0.156188   0.008235   0.056789  -0.006806  -0.007334   0.013923   0.000000 
  0.100729   0.322183   0.147917   0.020283  -0.844311  -0.156188  -0.003620  -0.044491  -0.004457   0.026700  -0.018965   0.000000 
  0.112465   0.263111   0.134749   0.037300  -0.796870  -0.159626   0.011736  -0.059072  -0.013168   0.017017   0.047441  -0.003438 
  0.128071   0.352419   0.089622   0.133958  -0.721067  -0.156819   0.015606   0.089308  -0.045127   0.096658   0.075803   0.002807 
  0.126735   0.341448   0.119424   0.135505  -0.742038  -0.156819  -0.001336  -0.010971   0.029802   0.001547  -0.020971   0.000000 
  0.124442   0.241508   0.140497   0.128686  -0.715624  -0.160371  -0.002293  -0.099940   0.021073  -0.006819   0.026414  -0.003552 
  0.134392   0.304838   0.128479   0.131265  -0.705254  -0.162835   0.009950   0.063330  -0.012018   0.002579   0.010370  -0.002464 
  0.125541   0.375789   0.147392   0.080558  -0.691847  -0.155272  -0.008851   0.070951   0.018913  -0.050707   0.013407   0.007563 
  0.131048   0.268841   0.159058   0.069786  -0.712759  -0.161173   0.005507  -0.106948   0.011666  -0.010772  -0.020912  -0.005901 
  0.125185   0.238787   0.153610   0.067609  -0.677293  -0.155272  -0.005863  -0.030054  -0.005448  -0.002177   0.035466   0.005901 
  0.128192   0.376206   0.148189   0.063656  -0.686633  -0.165585   0.003007   0.137419  -0.005421  -0.003953  -0.009340  -0.010313 
  0.131045   0.326786   0.155160   0.059187  -0.710468  -0.158595   0.002853  -0.049420   0.006971  -0.004469  -0.023835   0.006990 
  0.130271   0.228736   0.157165   0.073167  -0.712702  -0.165986  -0.000774  -0.098050   0.002005   0.013980  -0.002234  -0.007391 
  0.124154   0.321980   0.116874   0.049790  -0.680330  -0.160944  -0.006117   0.093244  -0.040291  -0.023377   0.032372   0.005042 
  0.132126   0.355549   0.105707   0.098549  -0.776358  -0.166215   0.007972   0.033569  -0.011167   0.048759  -0.096028  -0.005271 
  0.153357   0.322955   0.116277   0.208843  -0.863104  -0.183175   0.021231  -0.032594   0.010570   0.110294  -0.086746  -0.016960 
  0.156472   0.248690   0.157657   0.197155  -0.763695  -0.145474   0.003115  -0.074265   0.041380  -0.011688   0.099409   0.037701 
  0.112717   0.309462   0.092264   0.149485  -0.537320  -0.132181  -0.043755   0.060772  -0.065393  -0.047670   0.226375   0.013293 
  0.112358   0.344425   0.011532   0.250153  -0.568145  -0.117514  -0.000359   0.034963  -0.080732   0.100668  -0.030825   0.014667 
  0.099756   0.277819   0.008845   0.258633  -0.547232  -0.141750  -0.012602  -0.066606  -0.002687   0.008480   0.020913  -0.024236 
  0.111465   0.260055   0.077554   0.180711  -0.444329  -0.127025   0.011709  -0.017764   0.068709  -0.077922   0.102903   0.014725 
  0.115552   0.350926   0.049694   0.093220  -0.416311  -0.117514   0.004087   0.090871  -0.027860  -0.087491   0.028018   0.009511 
  0.124949   0.309397   0.044839   0.127311  -0.614612  -0.141750   0.009397  -0.041529  -0.004855   0.034091  -0.198301  -0.024236 
  0.110515   0.220401   0.049693   0.180424  -0.436823  -0.128629  -0.014434  -0.088996   0.004854   0.053113   0.177789   0.013121 
  0.068098   0.319310   0.066699   0.124446  -0.208213  -0.128686  -0.042417   0.098909   0.017006  -0.055978   0.228610  -0.000057 
  0.140244   0.355239   0.165429   0.028591  -0.884246  -0.151089   0.072146   0.035929   0.098730  -0.095855  -0.676033  -0.022403 
  0.123332   0.250634   0.172837   0.023720  -0.653859  -0.151777  -0.016912  -0.104605   0.007408  -0.004871   0.230387  -0.000688 
  0.120585   0.255782   0.182751   0.000859  -0.612205  -0.145073  -0.002747   0.005148   0.009914  -0.022861   0.041654   0.006704 
  0.116009   0.371260   0.190597  -0.001891  -0.604757  -0.145073  -0.004576   0.115478   0.007846  -0.002750   0.007448   0.000000 
  0.118157   0.283545   0.224886  -0.010943  -0.607851  -0.145073   0.002148  -0.087715   0.034289  -0.009052  -0.003094   0.000000 
  0.121319   0.230935   0.214266  -0.010141  -0.612034  -0.145073   0.003162  -0.052610  -0.010620   0.000802  -0.004183   0.000000 
  0.121676   0.364928   0.247803  -0.000172  -0.643145  -0.153954   0.000357   0.133993   0.033537   0.009969  -0.031111  -0.008881 
  0.120976   0.330679   0.236643   0.007506  -0.613523  -0.150000  -0.000700  -0.034249  -0.011160   0.007678   0.029622   0.003954 
  0.119190   0.240924   0.253535   0.002578  -0.616732  -0.144615  -0.001786  -0.089755   0.016892  -0.004928  -0.003209   0.005385 
  0.118316   0.328850   0.225762   0.002521  -0.603267  -0.148339  -0.000874   0.087926  -0.027773  -0.000057   0.013465  -0.003724 
  0.112878   0.382487   0.213542   0.010084  -0.605846  -0.149771  -0.005438   0.053637  -0.012220   0.007563  -0.002579  -0.001432 
  0.130740   0.263956   0.242984   0.020626  -0.633405  -0.156532   0.017862  -0.118531   0.029442   0.010542  -0.027559  -0.006761 
  0.135835   0.290032   0.226580   0.001604  -0.631686  -0.168278   0.005095   0.026076  -0.016404  -0.019022   0.001719  -0.011746 
  0.122640   0.378278   0.237674  -0.015298  -0.603325  -0.153954  -0.013195   0.088246   0.011094  -0.016902   0.028361   0.014324 
  0.125119   0.308109   0.261510  -0.007563  -0.637874  -0.154011   0.002479  -0.070169   0.023836   0.007735  -0.034549  -0.000057 
  0.131436   0.230199   0.266544  -0.004183  -0.644234  -0.141578   0.006317  -0.077910   0.005034   0.003380  -0.006360   0.012433 
  0.135810   0.353141   0.266565  -0.007850  -0.631514  -0.168278   0.004374   0.122942   0.000021  -0.003667   0.012720  -0.026700 
  0.131806   0.347118   0.266859  -0.023720  -0.639478  -0.151948  -0.004004  -0.006023   0.000294  -0.015870  -0.007964   0.016330 
  0.127108   0.250799   0.292112  -0.013235  -0.631801  -0.150459  -0.004698  -0.096319   0.025253   0.010485   0.007677   0.001489 
  0.120848   0.293190   0.246168  -0.007219  -0.598855  -0.149313  -0.006260   0.042391  -0.045944   0.006016   0.032946   0.001146 
  0.124411   0.377817   0.264587  -0.017819  -0.629222  -0.168335   0.003563   0.084627   0.018419  -0.010600  -0.030367  -0.019022 
  0.122369   0.286191   0.279519  -0.001089  -0.664688  -0.149657  -0.002042  -0.091626   0.014932   0.016730  -0.035466   0.018678 
  0.135367   0.247086   0.285235  -0.001089  -0.675002  -0.149084   0.012998  -0.039105   0.005716   0.000000  -0.010314   0.000573 
  0.135235   0.352991   0.215891   0.038560  -0.677351  -0.168278  -0.000132   0.105905  -0.069344   0.039649  -0.002349  -0.019194 
  0.130115   0.333944   0.239528   0.013636  -0.700154  -0.147136  -0.005120  -0.019047   0.023637  -0.024924  -0.022803   0.021142 
  0.135061   0.238449   0.277706   0.019538  -0.691789  -0.145417   0.004946  -0.095495   0.038178   0.005902   0.008365   0.001719 
  0.132529   0.297552   0.266496  -0.006474  -0.668241  -0.151032  -0.002532   0.059103  -0.011210  -0.026012   0.023548  -0.005615 
  0.132522   0.359850   0.252335   0.011860  -0.694597  -0.152808  -0.000007   0.062298  -0.014161   0.018334  -0.026356  -0.001776 
  0.135517   0.260825   0.272905  -0.003438  -0.668241  -0.147250   0.002995  -0.099025   0.020570  -0.015298   0.026356   0.005558 
  0.132160   0.260875   0.256659  -0.009339  -0.668298  -0.144500  -0.003357   0.000050  -0.016246  -0.005901  -0.000057   0.002750 
  0.130569   0.376540   0.245870  -0.007735  -0.668298  -0.151146  -0.001591   0.115665  -0.010789   0.001604   0.000000  -0.006646 
  0.119842   0.282115   0.245821   0.004985  -0.668298  -0.142495  -0.010727  -0.094425  -0.000049   0.012720   0.000000   0.008651 
  0.123026   0.232467   0.245835   0.013407  -0.642114  -0.139515   0.003184  -0.049648   0.000014   0.008422   0.026184   0.002980 
  0.118964   0.371007   0.232273  -0.000115  -0.642114  -0.151605  -0.004062   0.138540  -0.013562  -0.013522   0.000000  -0.012090 
  0.120715   0.329601   0.241005  -0.007391  -0.647843  -0.143927   0.001751  -0.041406   0.008732  -0.007276  -0.005729   0.007678 
  0.123462   0.228764   0.261582  -0.006704  -0.651281  -0.137739   0.002747  -0.100837   0.020577   0.000687  -0.003438   0.006188 
  0.129048   0.360518   0.243061  -0.002636  -0.640452  -0.147823   0.005586   0.131754  -0.018521   0.004068   0.010829  -0.010084 
  0.118639   0.341300   0.234375  -0.012261  -0.635009  -0.148339  -0.010409  -0.019218  -0.008686  -0.009625   0.005443  -0.000516 
  0.118156   0.252344   0.263246   0.000974  -0.627102  -0.146734  -0.000483  -0.088956   0.028871   0.013235   0.007907   0.001605 
  0.119731   0.249835   0.289792  -0.008365  -0.635353  -0.145818   0.001575  -0.002509   0.026546  -0.009339  -0.008251   0.000916 
  0.116915   0.361535   0.256962  -0.024408  -0.600288  -0.139000  -0.002816   0.111700  -0.032830  -0.016043   0.035065   0.006818 
  0.113108   0.310897   0.270585  -0.016501  -0.615586  -0.134588  -0.003807  -0.050638   0.013623   0.007907  -0.015298   0.004412 
  0.123270   0.227403   0.286550   0.006532  -0.631858  -0.139171   0.010162  -0.083494   0.015965   0.023033  -0.016272  -0.004583 
  0.121369   0.346521   0.242911  -0.012433  -0.600288  -0.146849  -0.001901   0.119118  -0.043639  -0.018965   0.031570  -0.007678 
  0.115725   0.340698   0.240618  -0.017704  -0.600288  -0.134588  -0.005644  -0.005823  -0.002293  -0.005271   0.000000   0.012261 
  0.120733   0.242224   0.272589  -0.028361  -0.616503  -0.141979   0.005008  -0.098474   0.031971  -0.010657  -0.016215  -0.007391 
  0.119912   0.321427   0.198567   0.012662  -0.567056  -0.144213  -0.000821   0.079203  -0.074022   0.041023   0.049447  -0.002234 
  0.117007   0.372928   0.207844   0.003380  -0.572328  -0.150860  -0.002905   0.051501   0.009277  -0.009282  -0.005272  -0.006647 
  0.119536   0.254772   0.222015   0.002636  -0.560181  -0.150974   0.002529  -0.118156   0.014171  -0.000744   0.012147  -0.000114 
  0.115515   0.254947   0.244184  -0.011230  -0.555884  -0.151318  -0.004021   0.000175   0.022169  -0.013866   0.004297  -0.000344 
  0.114377   0.337229   0.217224  -0.008709  -0.559379  -0.149542  -0.001138   0.082282  -0.026960   0.002521  -0.003495   0.001776 
  0.107582   0.310804   0.201910   0.021199  -0.543909  -0.147078  -0.006795  -0.026425  -0.015314   0.029908   0.015470   0.002464 
  0.113121   0.224408   0.222337   0.022288  -0.543909  -0.143411   0.005539  -0.086396   0.020427   0.001089   0.000000   0.003667 
  0.121075   0.315435   0.206377   0.011746  -0.544424  -0.150688   0.007954   0.091027  -0.015960  -0.010542  -0.000515  -0.007277 
  0.115963   0.324285   0.208155  -0.006188  -0.550154  -0.165012  -0.005112   0.008850   0.001778  -0.017934  -0.005730  -0.014324 
  0.116819   0.279110   0.230499   0.010600  -0.560639  -0.165012   0.000856  -0.045175   0.022344   0.016788  -0.010485   0.000000 
  0.119662   0.201634   0.244633   0.000630  -0.560009  -0.165012   0.002843  -0.077476   0.014134  -0.009970   0.000630   0.000000 
  0.119666   0.336963   0.225538   0.008136  -0.557660  -0.165012   0.000004   0.135329  -0.019095   0.007506   0.002349   0.000000 
  0.118018   0.328076   0.219870   0.016043  -0.551816  -0.162147  -0.001648  -0.008887  -0.005668   0.007907   0.005844   0.002865 
  0.115879   0.233719   0.233095   0.009053  -0.550441  -0.156246  -0.002139  -0.094357   0.013225  -0.006990   0.001375   0.005901 
  0.120980   0.240611   0.214339   0.005500  -0.539726  -0.165012   0.005101   0.006892  -0.018756  -0.003553   0.010715  -0.008766 
  0.120147   0.354509   0.221799  -0.008766  -0.527694  -0.165012  -0.000833   0.113898   0.007460  -0.014266   0.012032   0.000000 
  0.114325   0.287743   0.232641   0.002292  -0.549696  -0.165012  -0.005822  -0.066766   0.010842   0.011058  -0.022002   0.000000 
  0.118825   0.209393   0.251439   0.016272  -0.556170  -0.165012   0.004500  -0.078350   0.018798   0.013980  -0.006474   0.000000 
  0.120128   0.331731   0.222855   0.009454  -0.547289  -0.162032   0.001303   0.122338  -0.028584  -0.006818   0.008881   0.002980 
  0.115182   0.334802   0.209630   0.006990  -0.527350  -0.165012  -0.004946   0.003071  -0.013225  -0.002464   0.019939  -0.002980 
  0.115952   0.255844   0.242634   0.016730  -0.544138  -0.165012   0.000770  -0.078958   0.033004   0.009740  -0.016788   0.000000 
  0.115758   0.249764   0.235921   0.003610  -0.540758  -0.165012  -0.000194  -0.006080  -0.006713  -0.013120   0.003380   0.000000 
  0.120584   0.352236   0.223087  -0.001833  -0.537263  -0.165012   0.004826   0.102472  -0.012834  -0.005443   0.003495   0.000000 
  0.112655   0.325259   0.222911   0.007850  -0.545742  -0.159511  -0.007929  -0.026977  -0.000176   0.009683  -0.008479   0.005501 
  0.116077   0.227045   0.222917   0.011173  -0.540929  -0.165012   0.003422  -0.098214   0.000006   0.003323   0.004813  -0.005501 
  0.118003   0.302495   0.208630  -0.002636  -0.521563  -0.165069   0.001926   0.075450  -0.014287  -0.013809   0.019366  -0.000057 
  0.118842   0.360344   0.216293  -0.002292  -0.532679  -0.168335   0.000839   0.057849   0.007663   0.000344  -0.011116  -0.003266 
  0.117751   0.276576   0.240632  -0.001490  -0.539612  -0.165012  -0.001091  -0.083768   0.024339   0.000802  -0.006933   0.003323 
  0.117588   0.228719   0.240555   0.002292  -0.540987  -0.159340  -0.000163  -0.047857  -0.000077   0.003782  -0.001375   0.005672 
  0.118955   0.340319   0.236338  -0.013636  -0.515891  -0.165012   0.001367   0.111600  -0.004217  -0.015928   0.025096  -0.005672 
  0.115808   0.317440   0.233401  -0.022002  -0.527350  -0.165012  -0.003147  -0.022879  -0.002937  -0.008366  -0.011459   0.000000 
  0.116024   0.223855   0.266079  -0.019595  -0.541903  -0.165012   0.000216  -0.093585   0.032678   0.002407  -0.014553   0.000000 
  0.119201   0.288371   0.243709  -0.020741  -0.529528  -0.171486   0.003177   0.064516  -0.022370  -0.001146   0.012375  -0.006474 
  0.116399   0.332899   0.240687  -0.016215  -0.541273  -0.165012  -0.002802   0.044528  -0.003022   0.004526  -0.011745   0.006474 
  0.111827   0.277204   0.240697  -0.003151  -0.515834  -0.165069  -0.004572  -0.055695   0.000010   0.013064   0.025439  -0.000057 
  0.118711   0.216735   0.261857  -0.019137  -0.537664  -0.165012   0.006884  -0.060469   0.021160  -0.015986  -0.021830   0.000057 
  0.119887   0.317008   0.243817  -0.032372  -0.521162  -0.165012   0.001176   0.100273  -0.018040  -0.013235   0.016502   0.000000 
  0.119737   0.348022   0.239234  -0.011860  -0.543049  -0.165012  -0.000150   0.031014  -0.004583   0.020512  -0.021887   0.000000 
  0.123633   0.235529   0.306144  -0.055577  -0.547977  -0.165012   0.003896  -0.112493   0.066910  -0.043717  -0.004928   0.000000 
  0.122296   0.258787   0.244026  -0.010313  -0.525631  -0.165012  -0.001337   0.023258  -0.062118   0.045264   0.022346   0.000000 
  0.118586   0.366428   0.202894  -0.000917  -0.479795  -0.161116  -0.003710   0.107641  -0.041132   0.009396   0.045836   0.003896 
  0.122529   0.289785   0.201471   0.026184  -0.590777  -0.150688   0.003943  -0.076643  -0.001423   0.027101  -0.110982   0.010428 
  0.113378   0.234475   0.186422   0.001375  -0.499734  -0.168335  -0.009151  -0.055310  -0.015049  -0.024809   0.091043  -0.017647 
  0.104338   0.340390   0.170567  -0.035065  -0.481514  -0.162090  -0.009040   0.105915  -0.015855  -0.036440   0.018220   0.006245 
  0.110813   0.332545   0.182620  -0.017017  -0.534856  -0.165012   0.006475  -0.007845   0.012053   0.018048  -0.053342  -0.002922 
  0.112507   0.225065   0.209642   0.000000  -0.516865  -0.150688   0.001694  -0.107480   0.027022   0.017017   0.017991   0.014324 
  0.116043   0.287534   0.220735  -0.015756  -0.516865  -0.159626   0.003536   0.062469   0.011093  -0.015756   0.000000  -0.008938 
  0.114107   0.344176   0.221514  -0.025783  -0.516865  -0.165012  -0.001936   0.056642   0.000779  -0.010027   0.000000  -0.005386 
  0.111965   0.266382   0.223481  -0.008480  -0.522251  -0.157048  -0.002142  -0.077794   0.001967   0.017303  -0.005386   0.007964 
  0.116625   0.227204   0.221590  -0.026413  -0.516865  -0.165012   0.004660  -0.039178  -0.001891  -0.017933   0.005386  -0.007964 
  0.119782   0.355421   0.283756  -0.037987  -0.557660  -0.165069   0.003157   0.128217   0.062166  -0.011574  -0.040795  -0.000057 
  0.116997   0.294085   0.254109  -0.038388  -0.529184  -0.165012  -0.002785  -0.061336  -0.029647  -0.000401   0.028476   0.000057 
  0.121093   0.215292   0.261327  -0.035466  -0.516865  -0.150688   0.004096  -0.078793   0.007218   0.002922   0.012319   0.014324 
  0.119195   0.330276   0.230118  -0.029335  -0.512683  -0.165012  -0.001898   0.114984  -0.031209   0.006131   0.004182  -0.014324 
  0.115436   0.338737   0.229940  -0.025439  -0.518584  -0.159397  -0.003759   0.008461  -0.000178   0.003896  -0.005901   0.005615 
  0.117265   0.255419   0.256756  -0.027903  -0.520819  -0.165069   0.001829  -0.083318   0.026816  -0.002464  -0.002235  -0.005672 
  0.119717   0.250235   0.235136  -0.037987  -0.498359  -0.165012   0.002452  -0.005184  -0.021620  -0.010084   0.022460   0.000057 
  0.118487   0.355571   0.242614  -0.029908  -0.511250  -0.165012  -0.001230   0.105336   0.007478   0.008079  -0.012891   0.000000 
  0.114023   0.302731   0.256749  -0.027387  -0.513542  -0.165012  -0.004464  -0.052840   0.014135   0.002521  -0.002292   0.000000 
  0.115142   0.221019   0.254653  -0.023377  -0.526204  -0.165012   0.001119  -0.081712  -0.002096   0.004010  -0.012662   0.000000 
  0.113455   0.285414   0.227556  -0.043831  -0.515204  -0.156188  -0.001687   0.064395  -0.027097  -0.020454   0.011000   0.008824 
  0.109394   0.353091   0.241192  -0.034664  -0.528496  -0.150688  -0.004061   0.067677   0.013636   0.009167  -0.013292   0.005500 
  0.117399   0.250225   0.273917  -0.048587  -0.512740  -0.150688   0.008005  -0.102866   0.032725  -0.013923   0.015756   0.000000 
  0.117105   0.245687   0.236614  -0.067494  -0.484608  -0.165012  -0.000294  -0.004538  -0.037303  -0.018907   0.028132  -0.014324 
  0.111532   0.379287   0.213437  -0.078151  -0.484550  -0.177674  -0.005573   0.133600  -0.023177  -0.010657   0.000058  -0.012662 
  0.061925   0.331235   0.220101  -0.018048  -0.522366  -0.179909  -0.049607  -0.048052   0.006664   0.060103  -0.037816  -0.002235 
  0.097468   0.229040   0.277328  -0.053457  -0.528496  -0.171372   0.035543  -0.102195   0.057227  -0.035409  -0.006130   0.008537 
  0.154633   0.332825  -0.132451   0.369443  -0.460372  -0.141807   0.057165   0.103785  -0.409779   0.422900   0.068124   0.029565 
  0.176918   0.420724  -0.057422   0.342457  -0.366521  -0.245398   0.022285   0.087899   0.075029  -0.026986   0.093851  -0.103591 
  0.174532   0.290263   0.223763   0.146104  -0.345665  -0.260295  -0.002386  -0.130461   0.281185  -0.196353   0.020856  -0.014897 
  0.157426   0.366033   0.510385  -0.000745  -0.183748  -0.367438  -0.017106   0.075770   0.286622  -0.146849   0.161917  -0.107143 
  0.150397   0.409246   0.551763  -0.036211  -0.134760  -0.373626  -0.007029   0.043213   0.041378  -0.035466   0.048988  -0.006188 
  0.140470   0.366920   0.679756  -0.222881  -0.156819  -0.367381  -0.009927  -0.042326   0.127993  -0.186670  -0.022059   0.006245 
  0.161609   0.358119   0.438827   0.098606  -0.179221  -0.316445   0.021139  -0.008801  -0.240929   0.321487  -0.022402   0.050936 
  0.140768   0.307029   0.265278   0.148740  -0.258175  -0.321716  -0.020841  -0.051090  -0.173549   0.050134  -0.078954  -0.005271 
  0.134775   0.369756   0.390899  -0.022403  -0.242247  -0.317992  -0.005993   0.062727   0.125621  -0.171143   0.015928   0.003724 
  0.135188   0.357994   0.354637  -0.009282  -0.191826  -0.321429   0.000413  -0.011762  -0.036262   0.013121   0.050421  -0.003437 
  0.247975   0.234549   0.719024  -0.016043  -0.595532  -0.372079   0.112787  -0.123445   0.364387  -0.006761  -0.403706  -0.050650 
  0.209181   0.371077   0.620904   0.133728  -0.938619  -0.260237  -0.038794   0.136528  -0.098120   0.149771  -0.343087   0.111842 
  0.442454   0.330719   2.978959  -0.146333  -1.129873  -0.266540   0.233273  -0.040358   2.358055  -0.280061  -0.191254  -0.006303 
  0.352942   0.490623   2.267747  -0.010886  -1.041351  -0.309340  -0.089512   0.159904  -0.711212   0.135447   0.088522  -0.042800 
  0.212134   0.535651   0.415916   0.447136  -0.861385  -0.272499  -0.140808   0.045028  -1.851831   0.458022   0.179966   0.036841 
  0.197590   0.454217   0.370367   0.302522  -0.892439  -0.220188  -0.014544  -0.081434  -0.045549  -0.144614  -0.031054   0.052311 
  0.202320   0.334271   0.475731   0.248950  -0.912894  -0.197269   0.004730  -0.119946   0.105364  -0.053572  -0.020455   0.022919 
  0.194849   0.311214   0.517257   0.164324  -0.874104  -0.195837  -0.007471  -0.023057   0.041526  -0.084626   0.038790   0.001432 
  0.194529   0.397365   0.575305   0.128228  -0.908998  -0.187013  -0.000320   0.086151   0.058048  -0.036096  -0.034894   0.008824 
  0.204019   0.353595   0.626735   0.126967  -0.953402  -0.187013   0.009490  -0.043770   0.051430  -0.001261  -0.044404   0.000000 
  0.197566   0.306499   0.602652   0.117857  -0.913753  -0.192285  -0.006453  -0.047096  -0.024083  -0.009110   0.039649  -0.005272 
  0.198304   0.406954   0.633616   0.073224  -0.927103  -0.187013   0.000738   0.100455   0.030964  -0.044633  -0.013350   0.005272 
  0.203486   0.395414   0.680345   0.084397  -0.955293  -0.202598   0.005182  -0.011540   0.046729   0.011173  -0.028190  -0.015585 
  0.205152   0.314078   0.670370   0.082907  -0.937015  -0.206609   0.001666  -0.081336  -0.009975  -0.001490   0.018278  -0.004011 
  0.203928   0.330350   0.672014   0.052941  -0.915071  -0.187013  -0.001224   0.016272   0.001644  -0.029966   0.021944   0.019596 
  0.203935   0.416868   0.687145   0.051051  -0.952428  -0.203114   0.000007   0.086518   0.015131  -0.001890  -0.037357  -0.016101 
  0.197812   0.361847   0.700692   0.064572  -0.932145  -0.195952  -0.006123  -0.055021   0.013547   0.013521   0.020283   0.007162 
  0.205407   0.285151   0.723077   0.046123  -0.936614  -0.187013   0.007595  -0.076696   0.022385  -0.018449  -0.004469   0.008939 
  0.199201   0.389218   0.675837   0.042513  -0.903211  -0.210619  -0.006206   0.104067  -0.047240  -0.003610   0.033403  -0.023606 
  0.194222   0.405687   0.688483   0.047613  -0.922405  -0.186956  -0.004979   0.016469   0.012646   0.005100  -0.019194   0.023663 
  0.208708   0.288047   0.711244   0.049847  -0.930770  -0.187013   0.014486  -0.117640   0.022761   0.002234  -0.008365  -0.000057 
  0.206956   0.382715   0.685744   0.040050  -0.923150  -0.186956  -0.001752   0.094668  -0.025500  -0.009797   0.007620   0.000057 
  0.196783   0.411396   0.661221   0.021543  -0.917134  -0.187013  -0.010173   0.028681  -0.024523  -0.018507   0.006016  -0.000057 
  0.197494   0.356241   0.665284   0.042857  -0.918050  -0.194405   0.000711  -0.055155   0.004063   0.021314  -0.000916  -0.007392 
  0.205672   0.293924   0.707730   0.026356  -0.926702  -0.186956   0.008178  -0.062317   0.042446  -0.016501  -0.008652   0.007449 
  0.202819   0.373686   0.654085   0.016558  -0.926072  -0.187013  -0.002853   0.079762  -0.053645  -0.009798   0.000630  -0.000057 
  0.193976   0.404061   0.666415   0.030596  -0.930655  -0.187013  -0.008843   0.030375   0.012330   0.014038  -0.004583   0.000000 
  0.205845   0.292428   0.692236   0.035180  -0.930942  -0.187013   0.011869  -0.111633   0.025821   0.004584  -0.000287   0.000000 
  0.208213   0.287911   0.689351   0.004068  -0.903612  -0.187013   0.002368  -0.004517  -0.002885  -0.031112   0.027330   0.000000 
  0.199238   0.417108   0.659286   0.028419  -0.936270  -0.187013  -0.008975   0.129197  -0.030065   0.024351  -0.032658   0.000000 
  0.208687   0.365081   0.686470   0.010886  -1.002275  -0.204489   0.009449  -0.052027   0.027184  -0.017533  -0.066005  -0.017476 
  0.307793   0.264182   0.734388   0.004354  -1.403918  -0.244825   0.099106  -0.100899   0.047918  -0.006532  -0.401643  -0.040336 
  0.223514   0.366747   0.680195  -0.058442  -1.067650  -0.217036  -0.084279   0.102565  -0.054193  -0.062796   0.336268   0.027789 
  0.279453   0.385682   0.623687   0.036898  -1.277925  -0.208156   0.055939   0.018935  -0.056508   0.095340  -0.210275   0.008880 
  0.110107   0.296747   0.372251   0.218927  -0.318794  -0.177846  -0.169346  -0.088935  -0.251436   0.182029   0.959131   0.030310 
  0.261538   0.344238   0.615654   0.029622  -1.320782  -0.203457   0.151431   0.047491   0.243403  -0.189305  -1.001988  -0.025611 
  0.144753   0.416185   0.553952   0.051509  -0.693852  -0.221505  -0.116785   0.071947  -0.061702   0.021887   0.626930  -0.018048 
  0.178212   0.325695   0.617575  -0.005042  -0.857259  -0.214916   0.033459  -0.090490   0.063623  -0.056551  -0.163407   0.006589 
  0.176214   0.299711   0.625260  -0.017647  -0.764154  -0.211078  -0.001998  -0.025984   0.007685  -0.012605   0.093105   0.003838 
  0.169184   0.417042   0.608348  -0.020856  -0.772118  -0.212224  -0.007030   0.117331  -0.016912  -0.003209  -0.007964  -0.001146 
  0.178918   0.363190   0.663258  -0.055462  -0.794463  -0.198587   0.009734  -0.053852   0.054910  -0.034606  -0.022345   0.013637 
  0.184065   0.277641   0.690065  -0.070531  -0.844597  -0.198530   0.005147  -0.085549   0.026807  -0.015069  -0.050134   0.000057 
  0.178441   0.392250   0.660427  -0.061708  -0.838237  -0.216578  -0.005624   0.114609  -0.029638   0.008823   0.006360  -0.018048 
  0.178348   0.396803   0.686177  -0.054546  -0.845285  -0.215260  -0.000093   0.004553   0.025750   0.007162  -0.007048   0.001318 
  0.178829   0.287123   0.704318  -0.070187  -0.815319  -0.198587   0.000481  -0.109680   0.018141  -0.015641   0.029966   0.016673 
  0.178639   0.352252   0.663487  -0.072422  -0.824945  -0.203973  -0.000190   0.065129  -0.040831  -0.002235  -0.009626  -0.005386 
  0.173254   0.407015   0.669098  -0.062739  -0.831648  -0.198530  -0.005385   0.054763   0.005611   0.009683  -0.006703   0.005443 
  0.176269   0.292365   0.695525  -0.064916  -0.838237  -0.205233   0.003015  -0.114650   0.026427  -0.002177  -0.006589  -0.006703 
  0.178535   0.317916   0.664842  -0.059072  -0.826377  -0.207239   0.002266   0.025551  -0.030683   0.005844   0.011860  -0.002006 
  0.178763   0.429859   0.675759  -0.069958  -0.822424  -0.198530   0.000228   0.111943   0.010917  -0.010886   0.003953   0.008709 
  0.178529   0.311487   0.686604  -0.057009  -0.855254  -0.198530  -0.000234  -0.118372   0.010845   0.012949  -0.032830   0.000000 
  0.187843   0.303001   0.726369  -0.097575  -0.854452  -0.207754   0.009314  -0.008486   0.039765  -0.040566   0.000802  -0.009224 
  0.184364   0.410784   0.716613  -0.103362  -0.885506  -0.198530  -0.003479   0.107783  -0.009756  -0.005787  -0.031054   0.009224 
  0.178366   0.337446   0.715719  -0.068010  -0.866656  -0.208327  -0.005998  -0.073338  -0.000894   0.035352   0.018850  -0.009797 
  0.178382   0.293594   0.716799  -0.084569  -0.854910  -0.207984   0.000016  -0.043852   0.001080  -0.016559   0.011746   0.000343 
  0.171492   0.406091   0.695465  -0.089840  -0.856686  -0.212109  -0.006890   0.112497  -0.021334  -0.005271  -0.001776  -0.004125 
  0.175633   0.369414   0.732898  -0.094882  -0.874620  -0.207926   0.004141  -0.036677   0.037433  -0.005042  -0.017934   0.004183 
  0.178381   0.276856   0.753203  -0.120493  -0.857775  -0.209244   0.002748  -0.092558   0.020305  -0.025611   0.016845  -0.001318 
  0.178346   0.367804   0.731507  -0.119175  -0.855197  -0.207926  -0.000035   0.090948  -0.021696   0.001318   0.002578   0.001318 
  0.178393   0.398660   0.737721  -0.109206  -0.864250  -0.209703   0.000047   0.030856   0.006214   0.009969  -0.009053  -0.001777 
  0.186713   0.266571   0.752421  -0.103304  -0.856343  -0.215031   0.008320  -0.132089   0.014700   0.005902   0.007907  -0.005328 
  0.183031   0.345997   0.732484  -0.134187  -0.869292  -0.224714  -0.003682   0.079426  -0.019937  -0.030883  -0.012949  -0.009683 
  0.182700   0.398449   0.709539  -0.119519  -0.901893  -0.223625  -0.000331   0.052452  -0.022945   0.014668  -0.032601   0.001089 
  0.218486   0.291501   0.768947  -0.136077  -1.106382  -0.272957   0.035786  -0.106948   0.059408  -0.016558  -0.204489  -0.049332 
  0.248623   0.325999   0.750759  -0.176929  -1.389308  -0.315069   0.030137   0.034498  -0.018188  -0.040852  -0.282926  -0.042112 
  0.237527   0.357861   0.776345  -0.145932  -1.223781  -0.243794  -0.011096   0.031862   0.025586   0.030997   0.165527   0.071275 
  0.215117   0.301181   0.809045  -0.161058  -1.127753  -0.244882  -0.022410  -0.056680   0.032700  -0.015126   0.096028  -0.001088 
  0.233897   0.247787   0.838831  -0.161116  -1.145056  -0.240241   0.018780  -0.053394   0.029786  -0.000058  -0.017303   0.004641 
  0.222367   0.364700   0.808580  -0.159110  -1.109991  -0.242762  -0.011530   0.116913  -0.030251   0.002006   0.035065  -0.002521 
  0.219330   0.374583   0.840226  -0.174695  -1.107241  -0.237777  -0.003037   0.009883   0.031646  -0.015585   0.002750   0.004985 
  0.221202   0.263970   0.858495  -0.171945  -1.115721  -0.240757   0.001872  -0.110613   0.018269   0.002750  -0.008480  -0.002980 
  0.232540   0.314318   0.839056  -0.186326  -1.107241  -0.242132   0.011338   0.050348  -0.019439  -0.014381   0.008480  -0.001375 
  0.222155   0.385466   0.807231  -0.175039  -1.100365  -0.232793  -0.010385   0.071148  -0.031825   0.011287   0.006876   0.009339 
  0.223211   0.345448   0.815656  -0.157162  -1.088391  -0.228553   0.001056  -0.040018   0.008425   0.017877   0.011974   0.004240 
  0.230999   0.259762   0.838854  -0.172861  -1.088333  -0.229183   0.007788  -0.085686   0.023198  -0.015699   0.000058  -0.000630 
  0.224497   0.336886   0.815999  -0.175153  -1.078364  -0.235085  -0.006502   0.077124  -0.022855  -0.002292   0.009969  -0.005902 
  0.220935   0.384195   0.792701  -0.158595  -1.083578  -0.223454  -0.003562   0.047309  -0.023298   0.016558  -0.005214   0.011631 
  0.231414   0.326361   0.831125  -0.166387  -1.093605  -0.227865   0.010479  -0.057834   0.038424  -0.007792  -0.010027  -0.004411 
  0.236960   0.279429   0.822993  -0.170856  -1.107241  -0.233079   0.005546  -0.046932  -0.008132  -0.004469  -0.013636  -0.005214 
  0.225159   0.407826   0.793112  -0.170570  -1.080140  -0.230100  -0.011801   0.128397  -0.029881   0.000286   0.027101   0.002979 
  0.219159   0.347642   0.810166  -0.161803  -1.075614  -0.224198  -0.006000  -0.060184   0.017054   0.008767   0.004526   0.005902 
  0.229012   0.259068   0.836599  -0.170799  -1.074983  -0.226605   0.009853  -0.088574   0.026433  -0.008996   0.000631  -0.002407 
  0.258336   0.366218   0.806837  -0.188159  -1.268586  -0.224542   0.029324   0.107150  -0.029762  -0.017360  -0.193603   0.002063 
  0.182774   0.364111   0.706921  -0.093564  -0.798703  -0.188675  -0.075562  -0.002107  -0.099916   0.094595   0.469883   0.035867 
  0.196919   0.303756   0.742599  -0.106341  -0.954605  -0.184321   0.014145  -0.060355   0.035678  -0.012777  -0.155902   0.004354 
  0.199845   0.282824   0.728687  -0.075459  -0.901836  -0.216005   0.002926  -0.020932  -0.013912   0.030882   0.052769  -0.031684 
  0.235064   0.406292   0.781340  -0.133499  -1.222405  -0.232850   0.035219   0.123468   0.052653  -0.058040  -0.320569  -0.016845 
  0.232819   0.342072   0.792384  -0.134874  -1.142994  -0.211536  -0.002245  -0.064220   0.011044  -0.001375   0.079411   0.021314 
  0.233294   0.245667   0.811237  -0.159626  -1.113028  -0.226719   0.000475  -0.096405   0.018853  -0.024752   0.029966  -0.015183 
  0.234064   0.303617   0.849949  -0.212854  -1.104548  -0.227292   0.000770   0.057950   0.038712  -0.053228   0.008480  -0.000573 
  0.221764   0.397943   0.816192  -0.199217  -1.089651  -0.220474  -0.012300   0.094326  -0.033757   0.013637   0.014897   0.006818 
  0.218119   0.327971   0.816714  -0.205405  -1.059342  -0.225573  -0.003645  -0.069972   0.000522  -0.006188   0.030309  -0.005099 
  0.220245   0.270128   0.819732  -0.207697  -1.059399  -0.230043   0.002126  -0.057843   0.003018  -0.002292  -0.000057  -0.004470 
  0.215313   0.376465   0.789335  -0.201681  -1.055904  -0.219557  -0.004932   0.106337  -0.030397   0.006016   0.003495   0.010486 
  0.213482   0.379960   0.786528  -0.172403  -1.059342  -0.212166  -0.001831   0.003495  -0.002807   0.029278  -0.003438   0.007391 
  0.218550   0.283051   0.806043  -0.184836  -1.059399  -0.225001   0.005068  -0.096909   0.019515  -0.012433  -0.000057  -0.012835 
  0.224445   0.274275   0.808321  -0.186956  -1.059342  -0.229240   0.005895  -0.008776   0.002278  -0.002120   0.000057  -0.004239 
  0.210745   0.409556   0.787128  -0.172632  -1.059399  -0.224198  -0.013700   0.135281  -0.021193   0.014324  -0.000057   0.005042 
  0.219072   0.355777   0.796178  -0.168851  -1.059399  -0.223282   0.008327  -0.053779   0.009050   0.003781   0.000000   0.000916 
  0.224387   0.263652   0.811553  -0.176757  -1.066045  -0.226548   0.005315  -0.092125   0.015375  -0.007906  -0.006646  -0.003266 
  0.224370   0.331494   0.797238  -0.180367  -1.055159  -0.236402  -0.000017   0.067842  -0.014315  -0.003610   0.010886  -0.009854 
  0.220642   0.392073   0.785770  -0.168335  -1.059342  -0.216349  -0.003728   0.060579  -0.011468   0.012032  -0.004183   0.020053 
  0.214887   0.335205   0.768791  -0.175669  -1.054300  -0.192571  -0.005755  -0.056868  -0.016979  -0.007334   0.005042   0.023778 
  0.219328   0.266472   0.787358  -0.185753  -1.059399  -0.199848   0.004441  -0.068733   0.018567  -0.010084  -0.005099  -0.007277 
  0.224682   0.307626   0.795855  -0.173835  -1.059399  -0.214000   0.005354   0.041154   0.008497   0.011918   0.000000  -0.014152 
  0.209189   0.396252   0.794324  -0.168793  -1.064155  -0.220933  -0.015493   0.088626  -0.001531   0.005042  -0.004756  -0.006933 
  0.221899   0.322891   0.823754  -0.171429  -1.079510  -0.215776   0.012710  -0.073361   0.029430  -0.002636  -0.015355   0.005157 
  0.224663   0.259448   0.828981  -0.182774  -1.062951  -0.215719   0.002764  -0.063443   0.005227  -0.011345   0.016559   0.000057 
  0.224256   0.374760   0.832225  -0.177101  -1.070171  -0.232850  -0.000407   0.115312   0.003244   0.005673  -0.007220  -0.017131 
  0.224502   0.377603   0.822796  -0.155959  -1.085640  -0.211651   0.000246   0.002843  -0.009429   0.021142  -0.015469   0.021199 
  0.221887   0.297542   0.846396  -0.168220  -1.069598  -0.229355  -0.002615  -0.080061   0.023600  -0.012261   0.016042  -0.017704 
  0.224521   0.262564   0.843658  -0.174122  -1.059399  -0.223052   0.002634  -0.034978  -0.002738  -0.005902   0.010199   0.006303 
  0.220717   0.397288   0.804010  -0.159683  -1.049258  -0.222594  -0.003804   0.134724  -0.039648   0.014439   0.010141   0.000458 
  0.218069   0.382434   0.811135  -0.157334  -1.065873  -0.209301  -0.002648  -0.014854   0.007125   0.002349  -0.016615   0.013293 
  0.222316   0.285839   0.847163  -0.161631  -1.084781  -0.227751   0.004247  -0.096595   0.036028  -0.004297  -0.018908  -0.018450 
  0.224686   0.285956   0.837301  -0.194004  -1.059399  -0.212166   0.002370   0.000117  -0.009862  -0.032373   0.025382   0.015585 
  0.219091   0.412877   0.800672  -0.170340  -1.059399  -0.220130  -0.005595   0.126921  -0.036629   0.023664   0.000000  -0.007964 
  0.212747   0.368159   0.813684  -0.156990  -1.063123  -0.214802  -0.006344  -0.044718   0.013012   0.013350  -0.003724   0.005328 
  0.224457   0.278648   0.855574  -0.167017  -1.084437  -0.222308   0.011710  -0.089511   0.041890  -0.010027  -0.021314  -0.007506 
  0.221860   0.350064   0.832025  -0.160142  -1.067535  -0.218927  -0.002597   0.071416  -0.023549   0.006875   0.016902   0.003381 
  0.219541   0.402073   0.828754  -0.160027  -1.084953  -0.219901  -0.002319   0.052009  -0.003271   0.000115  -0.017418  -0.000974 
  0.224539   0.297663   0.858196  -0.167762  -1.088964  -0.222651   0.004998  -0.104410   0.029442  -0.007735  -0.004011  -0.002750 
  0.228262   0.293612   0.875424  -0.162605  -1.085583  -0.219156   0.003723  -0.004051   0.017228   0.005157   0.003381   0.003495 
  0.224504   0.397861   0.844746  -0.172346  -1.059399  -0.225001  -0.003758   0.104249  -0.030678  -0.009741   0.026184  -0.005845 
  0.213929   0.374972   0.846867  -0.176414  -1.087073  -0.220130  -0.010575  -0.022889   0.002121  -0.004068  -0.027674   0.004871 
  0.221714   0.271275   0.860905  -0.175783  -1.083635  -0.221964   0.007785  -0.103697   0.014038   0.000631   0.003438  -0.001834 
  0.221798   0.305684   0.831763  -0.178763  -1.066217  -0.222193   0.000084   0.034409  -0.029142  -0.002980   0.017418  -0.000229 
  0.219269   0.402471   0.817336  -0.176299  -1.064842  -0.226261  -0.002529   0.096787  -0.014427   0.002464   0.001375  -0.004068 
  0.220507   0.338165   0.834930  -0.174294  -1.059399  -0.222250   0.001238  -0.064306   0.017594   0.002005   0.005443   0.004011 
  0.224469   0.260117   0.872220  -0.167246  -1.072577  -0.231761   0.003962  -0.078048   0.037290   0.007048  -0.013178  -0.009511 
  0.224443   0.345991   0.851924  -0.164725  -1.084093  -0.221104  -0.000026   0.085874  -0.020296   0.002521  -0.011516   0.010657 
  0.224606   0.412383   0.778966  -0.093392  -1.053669  -0.208499   0.000163   0.066392  -0.072958   0.071333   0.030424   0.012605 
  0.289124   0.375322   0.766574  -0.014668  -1.416008  -0.247231   0.064518  -0.037061  -0.012392   0.078724  -0.362339  -0.038732 
  0.171756   0.320002   0.720574  -0.038274  -0.756877  -0.202770  -0.117368  -0.055320  -0.046000  -0.023606   0.659131   0.044461 
  0.181915   0.361167   0.758014  -0.117456  -0.873990  -0.233423   0.010159   0.041165   0.037440  -0.079182  -0.117113  -0.030653 
  0.179916   0.394940   0.767166  -0.073969  -0.824085  -0.201280  -0.001999   0.033773   0.009152   0.043487   0.049905   0.032143 
  0.228271   0.308510   0.825620  -0.108576  -1.198513  -0.240184   0.048355  -0.086430   0.058454  -0.034607  -0.374428  -0.038904 
  0.180074   0.300244   0.816984  -0.081646  -0.815491  -0.195550  -0.048197  -0.008266  -0.008636   0.026930   0.383022   0.044634 
  0.217774   0.402716   0.798295  -0.103476  -1.077447  -0.239783   0.037700   0.102472  -0.018689  -0.021830  -0.261956  -0.044233 
  0.180486   0.381002   0.788430  -0.090585  -0.804719  -0.200650  -0.037288  -0.021714  -0.009865   0.012891   0.272728   0.039133 
  0.221039   0.321405   0.807321  -0.086574  -1.114575  -0.200650   0.040553  -0.059597   0.018891   0.004011  -0.309856   0.000000 
  0.187498   0.305904   0.776660  -0.057754  -0.797042  -0.187243  -0.033541  -0.015501  -0.030661   0.028820   0.317533   0.013407 
  0.229948   0.403338   0.776224  -0.077980  -1.078880  -0.226834   0.042450   0.097434  -0.000436  -0.020226  -0.281838  -0.039591 
