  0.000000   0.000035  -0.000041  -0.003037   0.000000   0.000000   0.000000   0.000000   0.000000   0.000000   0.000000   0.000000 
  0.000040   0.013444   0.000000   0.000000   0.000000   0.003667   0.000040   0.013409   0.000041   0.003037   0.000000   0.003667 
  0.000000   0.056021   0.010317   0.000000   0.000000   0.000000  -0.000040   0.042577   0.010317   0.000000   0.000000  -0.003667 
  0.000000   0.112228   0.026629   0.000000   0.000000   0.000000   0.000000   0.056207   0.016312   0.000000   0.000000   0.000000 
 -0.003840   0.173141  -0.005823   0.013465  -0.005901   0.024007  -0.003840   0.060913  -0.032452   0.013465  -0.005901   0.024007 
 -0.005948   0.150503   0.022328  -0.122842   0.000000   0.018621  -0.002108  -0.022638   0.028151  -0.136307   0.005901  -0.005386 
 -0.000009   0.108593   0.070245  -0.115680   0.000000   0.000000   0.005939  -0.041910   0.047917   0.007162   0.000000  -0.018621 
  0.000000   0.131237   0.044717  -0.052712   0.000000   0.000000   0.000009   0.022644  -0.025528   0.062968   0.000000   0.000000 
  0.000000   0.190706   0.005065  -0.002406   0.000000   0.000000   0.000000   0.059469  -0.039652   0.050306   0.000000   0.000000 
  0.000000   0.204862   0.005064   0.002349   0.000000   0.000000   0.000000   0.014156  -0.000001   0.004755   0.000000   0.000000 
  0.000109   0.177858   0.005076  -0.005271   0.000000   0.010256   0.000109  -0.027004   0.000012  -0.007620   0.000000   0.010256 
  0.000088   0.174783   0.031111  -0.013751   0.000000   0.011173  -0.000021  -0.003075   0.026035  -0.008480   0.000000   0.000917 
  0.010287   0.121205   0.053638   0.023147  -0.008652   0.006474   0.010199  -0.053578   0.022527   0.036898  -0.008652  -0.004699 
 -0.020294   0.213751  -0.105869  -0.175726  -0.033002   0.000000  -0.030581   0.092546  -0.159507  -0.198873  -0.024350  -0.006474 
 -0.036925   0.222815  -0.502594  -0.450975  -0.111784  -0.013980  -0.016631   0.009064  -0.396725  -0.275249  -0.078782  -0.013980 
 -0.022321   0.115907  -0.019936  -0.233137  -0.048701   0.006188   0.014604  -0.106908   0.482658   0.217838   0.063083   0.020168 
 -0.019233   0.111479   0.013834  -0.291807  -0.030596   0.004870   0.003088  -0.004428   0.033770  -0.058670   0.018105  -0.001318 
 -0.017675   0.184326  -0.023994  -0.282354  -0.014553   0.001891   0.001558   0.072847  -0.037828   0.009453   0.016043  -0.002979 
 -0.003153   0.164345   0.016350  -0.310658   0.017876   0.052139   0.014522  -0.019981   0.040344  -0.028304   0.032429   0.050248 
  0.003932   0.153517  -0.008523  -0.264535   0.000573   0.035409   0.007085  -0.010828  -0.024873   0.046123  -0.017303  -0.016730 
 -0.011468   0.141040  -0.024341  -0.244768  -0.028992   0.000974  -0.015400  -0.012477  -0.015818   0.019767  -0.029565  -0.034435 
  0.000445   0.155733  -0.027004  -0.160772  -0.051222   0.000000   0.011913   0.014693  -0.002663   0.083996  -0.022230  -0.000974 
  0.001978   0.160783  -0.026879  -0.165585  -0.037586   0.002979   0.001533   0.005050   0.000125  -0.004813   0.013636   0.002979 
  0.005390   0.209993  -0.041858  -0.150287  -0.026184   0.013121   0.003412   0.049210  -0.014979   0.015298   0.011402   0.010142 
  0.007615   0.196498  -0.039822  -0.130405  -0.030481   0.011459   0.002225  -0.013495   0.002036   0.019882  -0.004297  -0.001662 
  0.011664   0.168393  -0.018363  -0.126624  -0.026184   0.003495   0.004049  -0.028105   0.021459   0.003781   0.004297  -0.007964 
  0.017122   0.142125   0.000240  -0.181742  -0.016501  -0.000745   0.005458  -0.026268   0.018603  -0.055118   0.009683  -0.004240 
  0.014689   0.155968   0.012765  -0.189305  -0.005615   0.008709  -0.002433   0.013843   0.012525  -0.007563   0.010886   0.009454 
  0.010482   0.205206   0.000799  -0.188102  -0.026184  -0.004698  -0.004207   0.049238  -0.011966   0.001203  -0.020569  -0.013407 
 -0.010515   0.209262  -0.058519  -0.167132   0.006245   0.014439  -0.020997   0.004056  -0.059318   0.020970   0.032429   0.019137 
 -0.003510   0.172515  -0.099702  -0.131150  -0.003380   0.020569   0.007005  -0.036747  -0.041183   0.035982  -0.009625   0.006130 
  0.004240   0.114315  -0.010216  -0.227350  -0.014668   0.004183   0.007750  -0.058200   0.089486  -0.096200  -0.011288  -0.016386 
  0.006638   0.146578  -0.019065  -0.237033   0.001146   0.006131   0.002398   0.032263  -0.008849  -0.009683   0.015814   0.001948 
 -0.002668   0.186808  -0.079580  -0.161001   0.005787   0.020913  -0.009306   0.040230  -0.060515   0.076032   0.004641   0.014782 
 -0.004378   0.187087  -0.091839  -0.156990   0.003953   0.018163  -0.001710   0.000279  -0.012259   0.004011  -0.001834  -0.002750 
 -0.002363   0.152391  -0.082647  -0.155100   0.008365   0.020684   0.002015  -0.034696   0.009192   0.001890   0.004412   0.002521 
  0.007072   0.103094  -0.003063  -0.112300  -0.026241   0.010600   0.009435  -0.049297   0.079584   0.042800  -0.034606  -0.010084 
  0.003198   0.078758   0.037528  -0.075115  -0.011918   0.016788  -0.003874  -0.024336   0.040591   0.037185   0.014323   0.006188 
  0.000909   0.087636   0.194426  -0.054603  -0.004125   0.018163  -0.002289   0.008878   0.156898   0.020512   0.007793   0.001375 
  0.018808   0.146293   0.266975  -0.004813   0.032544   0.003495   0.017899   0.058657   0.072549   0.049790   0.036669  -0.014668 
  0.036549   0.236379   0.233741  -0.057124   0.085199   0.005329   0.017741   0.090086  -0.033234  -0.052311   0.052655   0.001834 
  0.013912   0.172720   0.204317  -0.039649   0.023549   0.009626  -0.022637  -0.063659  -0.029424   0.017475  -0.061650   0.004297 
  0.003106   0.210641   0.061788  -0.014209   0.041368   0.019767  -0.010806   0.037921  -0.142529   0.025440   0.017819   0.010141 
 -0.001371   0.175390   0.078877  -0.149370   0.077750   0.041482  -0.004477  -0.035251   0.017089  -0.135161   0.036382   0.021715 
 -0.001445   0.151118   0.067907  -0.166100   0.071849   0.041482  -0.000074  -0.024272  -0.010970  -0.016730  -0.005901   0.000000 
 -0.001636   0.135828   0.054655  -0.188503   0.054259   0.027674  -0.000191  -0.015290  -0.013252  -0.022403  -0.017590  -0.013808 
 -0.001946   0.151337   0.048368  -0.202082   0.072823   0.037242  -0.000310   0.015509  -0.006287  -0.013579   0.018564   0.009568 
 -0.002422   0.149682  -0.000175  -0.116597   0.023090   0.046180  -0.000476  -0.001655  -0.048543   0.085485  -0.049733   0.008938 
 -0.004889   0.143643   0.030819  -0.187930   0.036497   0.042743  -0.002467  -0.006039   0.030994  -0.071333   0.013407  -0.003437 
 -0.010663   0.135977   0.044737  -0.154527   0.046696   0.035638  -0.005774  -0.007666   0.013918   0.033403   0.010199  -0.007105 
 -0.010694   0.129677   0.051507  -0.154813   0.042972   0.037185  -0.000031  -0.006300   0.006770  -0.000286  -0.003724   0.001547 
 -0.004688   0.142652   0.114665  -0.171314   0.070875   0.051910   0.006006   0.012975   0.063158  -0.016501   0.027903   0.014725 
 -0.008534   0.096323   0.150803  -0.226204   0.066750   0.053686  -0.003846  -0.046329   0.036138  -0.054890  -0.004125   0.001776 
 -0.011726   0.158567   0.120563  -0.215375   0.081818   0.058098  -0.003192   0.062244  -0.030240   0.010829   0.015068   0.004412 
 -0.006951   0.123816   0.142863  -0.219099   0.084282   0.056379   0.004775  -0.034751   0.022300  -0.003724   0.002464  -0.001719 
 -0.006979   0.135948   0.122863  -0.205291   0.068297   0.056322  -0.000028   0.012132  -0.020000   0.013808  -0.015985  -0.000057 
 -0.004437   0.117500   0.162819  -0.215088   0.073339   0.050191   0.002542  -0.018448   0.039956  -0.009797   0.005042  -0.006131 
 -0.003090   0.085821   0.214949  -0.240642   0.055004   0.042456   0.001347  -0.031679   0.052130  -0.025554  -0.018335  -0.007735 
  0.014327   0.149098   0.159274  -0.244825   0.007162   0.032659   0.017417   0.063277  -0.055675  -0.004183  -0.047842  -0.009797 
  0.038089   0.153486   0.095254  -0.274962  -0.090413  -0.019079   0.023762   0.004388  -0.064020  -0.030137  -0.097575  -0.051738 
  0.023780   0.140292  -0.313894  -0.466617  -0.091215  -0.024351  -0.014309  -0.013194  -0.409148  -0.191655  -0.000802  -0.005272 
  0.013610   0.138621  -0.524973  -0.862645  -0.120608  -0.035753  -0.010170  -0.001671  -0.211079  -0.396028  -0.029393  -0.011402 
  0.019620   0.009414  -0.067271  -0.640280  -0.063426  -0.031971   0.006010  -0.129207   0.457702   0.222365   0.057182   0.003782 
  0.007130   0.081429  -0.011075  -0.542648  -0.029049  -0.014152  -0.012490   0.072015   0.056196   0.097632   0.034377   0.017819 
  0.018149   0.132685  -0.010659  -0.459111  -0.027330  -0.006073   0.011019   0.051256   0.000416   0.083537   0.001719   0.008079 
  0.016051   0.164856  -0.064947  -0.347270  -0.033575  -0.000172  -0.002098   0.032171  -0.054288   0.111841  -0.006245   0.005901 
  0.023895   0.153378  -0.006324  -0.336555  -0.029335  -0.004240   0.007844  -0.011478   0.058623   0.010715   0.004240  -0.004068 
  0.018645   0.116611   0.008360  -0.269806  -0.025955   0.004068  -0.005250  -0.036767   0.014684   0.066749   0.003380   0.008308 
  0.014708   0.189388   0.003393  -0.337873  -0.004584   0.001031  -0.003937   0.072777  -0.004967  -0.068067   0.021371  -0.003037 
  0.013196   0.167613   0.003170  -0.375517  -0.017762   0.021314  -0.001512  -0.021775  -0.000223  -0.037644  -0.013178   0.020283 
  0.002216   0.156845  -0.029615  -0.403649  -0.019309  -0.007391  -0.010980  -0.010768  -0.032785  -0.028132  -0.001547  -0.028705 
  0.009363   0.106202   0.028171  -0.400784  -0.025096  -0.004641   0.007147  -0.050643   0.057786   0.002865  -0.005787   0.002750 
  0.023479   0.116015   0.028279  -0.397404   0.000917   0.029106   0.014116   0.009813   0.000108   0.003380   0.026013   0.033747 
 -0.001699   0.187706  -0.018286  -0.369042  -0.009339  -0.002177  -0.025178   0.071691  -0.046565   0.028362  -0.010256  -0.031283 
 -0.003269   0.159032  -0.048825  -0.393908  -0.008136  -0.002807  -0.001570  -0.028674  -0.030539  -0.024866   0.001203  -0.000630 
  0.007228   0.126646  -0.015144  -0.381876  -0.003610   0.007448   0.010497  -0.032386   0.033681   0.012032   0.004526   0.010255 
  0.015303   0.090761   0.026564  -0.386689  -0.005901   0.005787   0.008075  -0.035885   0.041708  -0.004813  -0.002291  -0.001661 
  0.005303   0.159827  -0.010709  -0.358901   0.025497   0.034148  -0.010000   0.069066  -0.037273   0.027788   0.031398   0.028361 
 -0.013608   0.146443  -0.007936  -0.367839   0.004354   0.001719  -0.018911  -0.013384   0.002773  -0.008938  -0.021143  -0.032429 
  0.008409   0.144238  -0.039549  -0.381132  -0.009855   0.003495   0.022017  -0.002205  -0.031613  -0.013293  -0.014209   0.001776 
  0.005617   0.128042  -0.010025  -0.384512   0.010199   0.004698  -0.002792  -0.016196   0.029524  -0.003380   0.020054   0.001203 
 -0.011273   0.089616   0.072220  -0.426223   0.045493   0.022976  -0.016890  -0.038426   0.082245  -0.041711   0.035294   0.018278 
 -0.021366   0.170110  -0.013388  -0.246085   0.041769   0.031054  -0.010093   0.080494  -0.085608   0.180138  -0.003724   0.008078 
 -0.005440   0.168647  -0.018415  -0.247862   0.046238   0.032601   0.015926  -0.001463  -0.005027  -0.001777   0.004469   0.001547 
 -0.011782   0.176398  -0.012038  -0.225631   0.058614   0.022976  -0.006342   0.007751   0.006377   0.022231   0.012376  -0.009625 
 -0.006575   0.146894   0.065633  -0.261899   0.065432   0.022976   0.005207  -0.029504   0.077671  -0.036268   0.006818   0.000000 
  0.023940   0.147820   0.118118  -0.256857   0.047727   0.004698   0.030515   0.000926   0.052485   0.005042  -0.017705  -0.018278 
  0.042157   0.183323   0.088197  -0.265795  -0.052884   0.003266   0.018217   0.035503  -0.029921  -0.008938  -0.100611  -0.001432 
  0.038505   0.186929   0.072535  -0.258519  -0.052082   0.018736  -0.003652   0.003606  -0.015662   0.007276   0.000802   0.015470 
  0.046014   0.151281   0.115738  -0.255998  -0.037529   0.003380   0.007509  -0.035648   0.043203   0.002521   0.014553  -0.015356 
  0.046936   0.130130   0.119251  -0.265852  -0.044805  -0.001375   0.000922  -0.021151   0.003513  -0.009854  -0.007276  -0.004755 
  0.046102   0.200182   0.087904  -0.257086  -0.044003   0.000057  -0.000834   0.070052  -0.031347   0.008766   0.000802   0.001432 
  0.030501   0.178464   0.072509  -0.251872  -0.030539   0.017762  -0.015601  -0.021718  -0.015395   0.005214   0.013464   0.017705 
  0.037268   0.183962   0.063026  -0.250956  -0.034034   0.003380   0.006767   0.005498  -0.009483   0.000916  -0.003495  -0.014382 
  0.049447   0.136614   0.124714  -0.259607  -0.041368  -0.010256   0.012179  -0.047348   0.061688  -0.008651  -0.007334  -0.013636 
  0.059861   0.149121   0.091378  -0.351051  -0.038503  -0.010256   0.010414   0.012507  -0.033336  -0.091444   0.002865   0.000000 
  0.067029   0.143574   0.129423  -0.429890   0.046868   0.020111   0.007168  -0.005547   0.038045  -0.078839   0.085371   0.030367 
  0.052855   0.129557   0.111218  -0.442954   0.063656   0.013636  -0.014174  -0.014017  -0.018205  -0.013064   0.016788  -0.006475 
  0.055492   0.104071   0.146698  -0.471143   0.062911   0.030711   0.002637  -0.025486   0.035480  -0.028189  -0.000745   0.017075 
  0.040153   0.038102   0.142329  -0.351280   0.028705   0.007907  -0.015339  -0.065969  -0.004369   0.119863  -0.034206  -0.022804 
  0.037825   0.125013   0.123466  -0.373511   0.017704   0.003151  -0.002328   0.086911  -0.018863  -0.022231  -0.011001  -0.004756 
  0.031089   0.133382   0.105257  -0.301891   0.005443  -0.010313  -0.006736   0.008369  -0.018209   0.071620  -0.012261  -0.013464 
  0.031173   0.134433   0.042466  -0.246372   0.009110  -0.010256   0.000084   0.001051  -0.062791   0.055519   0.003667   0.000057 
  0.073955   0.125512   0.150825  -0.440662  -0.045837  -0.010256   0.042782  -0.008921   0.108359  -0.194290  -0.054947   0.000000 
  0.044680   0.081367   0.212088  -0.527866   0.016501   0.013407  -0.029275  -0.044145   0.061263  -0.087204   0.062338   0.023663 
  0.036014   0.054197   0.177944  -0.413446   0.022460   0.005386  -0.008666  -0.027170  -0.034144   0.114420   0.005959  -0.008021 
  0.043421   0.042302   0.358587  -0.531533   0.008594   0.010428   0.007407  -0.011895   0.180643  -0.118087  -0.013866   0.005042 
  0.055679   0.042399   0.619488  -0.568088   0.024924   0.014610   0.012258   0.000097   0.260901  -0.036555   0.016330   0.004182 
  0.031303   0.042372   0.671508  -0.538122   0.049618   0.001948  -0.024376  -0.000027   0.052020   0.029966   0.024694  -0.012662 
  0.012806   0.080290   0.458379  -0.436135  -0.011746   0.012147  -0.018497   0.037918  -0.213129   0.101987  -0.061364   0.010199 
 -0.000945  -0.004842   0.608788  -0.449428   0.025497   0.029851  -0.013751  -0.085132   0.150409  -0.013293   0.037243   0.017704 
  0.005708  -0.085062   1.123042  -0.525861  -0.115279   0.043889   0.006653  -0.080220   0.514254  -0.076433  -0.140776   0.014038 
 -0.049266   0.047998   1.371818  -0.624352   0.000458  -0.010256  -0.054974   0.133060   0.248776  -0.098491   0.115737  -0.054145 
 -0.083412   0.073542   1.145637  -1.074582   0.127712  -0.063426  -0.034146   0.025544  -0.226181  -0.450230   0.127254  -0.053170 
 -0.024175  -0.057435   0.897186  -2.249260  -0.101127  -0.064114   0.059237  -0.130977  -0.248451  -1.174678  -0.228839  -0.000688 
 -0.008419   0.043782   1.670440  -2.788528  -0.097288  -0.078266   0.015756   0.101217   0.773254  -0.539268   0.003839  -0.014152 
  0.034493   0.270579   2.579875  -2.666832  -0.252101  -0.067208   0.042912   0.226797   0.909435   0.121696  -0.154813   0.011058 
  0.072211   0.368279   3.358620  -2.719372  -0.442782   0.050649   0.037718   0.097700   0.778745  -0.052540  -0.190681   0.117857 
  0.075875   0.496421   3.564071  -2.859117  -0.511537   0.086116   0.003664   0.128142   0.205451  -0.139745  -0.068755   0.035467 
  0.102954   0.566419   3.006015  -2.657894  -0.489191   0.088866   0.027079   0.069998  -0.558056   0.201223   0.022346   0.002750 
  0.086583   0.350469   1.766753  -2.289539  -0.475841   0.067093  -0.016371  -0.215950  -1.239262   0.368355   0.013350  -0.021773 
  0.044061   0.125154   1.009174  -2.088374  -0.611117   0.132181  -0.042522  -0.225315  -0.757579   0.201165  -0.135276   0.065088 
  0.037448   0.026051   1.198197  -2.168244  -0.569978   0.126452  -0.006613  -0.099103   0.189023  -0.079870   0.041139  -0.005729 
  0.036025  -0.083879   1.321401  -2.192709  -0.523569   0.125535  -0.001423  -0.109930   0.123204  -0.024465   0.046409  -0.000917 
  0.032954  -0.018637   1.285680  -2.246224  -0.493202   0.099580  -0.003071   0.065242  -0.035721  -0.053515   0.030367  -0.025955 
  0.044264  -0.064913   1.319402  -2.100463  -0.405310   0.057238   0.011310  -0.046276   0.033722   0.145761   0.087892  -0.042342 
  0.033555  -0.020513   1.209304  -1.954932  -0.331399   0.029450  -0.010709   0.044400  -0.110098   0.145531   0.073911  -0.027788 
  0.015824  -0.008289   1.195474  -1.908522  -0.331399   0.010485  -0.017731   0.012224  -0.013830   0.046410   0.000000  -0.018965 
  0.018778  -0.045749   1.262124  -1.914309  -0.331341   0.010141   0.002954  -0.037460   0.066650  -0.005787   0.000058  -0.000344 
 -0.010934  -0.122669   1.110343  -1.934764  -0.237205  -0.005500  -0.029712  -0.076920  -0.151781  -0.020455   0.094136  -0.015641 
 -0.027717  -0.044424   1.113223  -1.879187  -0.260925  -0.025898  -0.016783   0.078245   0.002880   0.055577  -0.023720  -0.020398 
 -0.046034  -0.002487   0.947874  -1.833408  -0.309455   0.008136  -0.018317   0.041937  -0.165349   0.045779  -0.048530   0.034034 
  0.022199   0.031455   0.047027  -1.959401  -0.213427  -0.019882   0.068233   0.033942  -0.900847  -0.125993   0.096028  -0.028018 
  0.013962   0.034512   0.186822  -1.561768  -0.213599   0.002693  -0.008237   0.003057   0.139795   0.397633  -0.000172   0.022575 
  0.011833  -0.058169   0.652149  -1.177256  -0.193832   0.028992  -0.002129  -0.092681   0.465327   0.384512   0.019767   0.026299 
  0.011522  -0.074153   1.077669  -1.000843  -0.258805   0.078553  -0.000311  -0.015984   0.425520   0.176413  -0.064973   0.049561 
  0.012525  -0.174289   1.415448  -0.791083   0.068182  -0.016845   0.001003  -0.100136   0.337779   0.209760   0.326987  -0.095398 
  0.113779  -0.370696   1.544545  -0.954891  -0.276223  -0.217094   0.101254  -0.196407   0.129097  -0.163808  -0.344405  -0.200249 
  0.125599  -0.077948   1.553466  -0.680502  -0.261383  -0.139286   0.011820   0.292748   0.008921   0.274389   0.014840   0.077808 
  0.096312   0.081915   1.338371  -0.339592  -0.140375  -0.100382  -0.029287   0.159863  -0.215095   0.340910   0.121008   0.038904 
  0.052237   0.049804   1.395422  -0.313351  -0.061650  -0.043430  -0.044075  -0.032111   0.057051   0.026241   0.078725   0.056952 
  0.026266   0.039833   1.179553  -0.550269  -0.077808  -0.028992  -0.025971  -0.009971  -0.215869  -0.236918  -0.016158   0.014438 
  0.039595   0.034314   1.177525  -0.748627  -0.118774  -0.008079   0.013329  -0.005519  -0.002028  -0.198358  -0.040966   0.020913 
  0.040496  -0.030893   1.295574  -0.997004  -0.112930   0.021314   0.000901  -0.065207   0.118049  -0.248377   0.005844   0.029393 
  0.039796  -0.041608   1.311181  -0.882813  -0.142208  -0.018335  -0.000700  -0.010715   0.015607   0.114191  -0.029278  -0.039649 
  0.041691  -0.040329   1.354573  -0.894043  -0.197269  -0.028992   0.001895   0.001279   0.043392  -0.011230  -0.055061  -0.010657 
  0.035006   0.189849   0.419690  -1.105866  -0.116139  -0.078553  -0.006685   0.230178  -0.934883  -0.211823   0.081130  -0.049561 
  0.036852   0.163912  -0.072713  -1.444312  -0.072078  -0.111841   0.001846  -0.025937  -0.492403  -0.338446   0.044061  -0.033288 
  0.037772   0.073925  -0.036053  -1.429931  -0.089954  -0.109320   0.000920  -0.089987   0.036660   0.014381  -0.017876   0.002521 
  0.031765   0.012119   0.360142  -1.139040  -0.049160  -0.051280  -0.006007  -0.061806   0.396195   0.290891   0.040794   0.058040 
  0.024005   0.043655   0.558752  -0.978154  -0.069385  -0.039362  -0.007760   0.031536   0.198610   0.160886  -0.020225   0.011918 
  0.022955   0.067012   0.597123  -0.977581  -0.074427  -0.026012  -0.001050   0.023357   0.038371   0.000573  -0.005042   0.013350 
  0.028763   0.010465   0.689398  -1.011328  -0.084110  -0.040680   0.005808  -0.056547   0.092275  -0.033747  -0.009683  -0.014668 
  0.008556   0.036715   0.683319  -1.014021  -0.100497  -0.034492  -0.020207   0.026250  -0.006079  -0.002693  -0.016387   0.006188 
  0.002007   0.100796   0.502839  -1.034533  -0.098950  -0.045264  -0.006549   0.064081  -0.180480  -0.020512   0.001547  -0.010772 
  0.006182   0.094939   0.534828  -1.038887  -0.091444  -0.052655   0.004175  -0.005857   0.031989  -0.004354   0.007506  -0.007391 
  0.017193   0.030201   0.632462  -1.066847  -0.035581  -0.050134   0.011011  -0.064738   0.097634  -0.027960   0.055863   0.002521 
  0.017112   0.039667   0.688432  -1.100423  -0.019022  -0.043430  -0.000081   0.009466   0.055970  -0.033576   0.016559   0.006704 
  0.015547  -0.013965   0.759893  -1.121909  -0.051967  -0.020455  -0.001565  -0.053632   0.071461  -0.021486  -0.032945   0.022975 
  0.023838   0.009243   0.781671  -1.131821  -0.037414  -0.027387   0.008291   0.023208   0.021778  -0.009912   0.014553  -0.006932 
  0.024627   0.057334   0.766758  -1.072462  -0.019079  -0.032601   0.000789   0.048091  -0.014913   0.059359   0.018335  -0.005214 
  0.021794   0.018067   0.781423  -1.102314  -0.014610  -0.030080  -0.002833  -0.039267   0.014665  -0.029852   0.004469   0.002521 
  0.017037   0.035866   0.726111  -1.093318  -0.022632  -0.029565  -0.004757   0.017799  -0.055312   0.008996  -0.008022   0.000515 
  0.013957   0.057482   0.657347  -1.078880  -0.015756  -0.029966  -0.003080   0.021616  -0.068764   0.014438   0.006876  -0.000401 
  0.020339   0.029906   0.666102  -1.121221  -0.025955  -0.036211   0.006382  -0.027576   0.008755  -0.042341  -0.010199  -0.006245 
  0.013814   0.000982   0.717619  -1.123513  -0.022517  -0.035581  -0.006525  -0.028924   0.051517  -0.002292   0.003438   0.000630 
  0.034253   0.124425   0.082398  -1.506306  -0.051623  -0.105940   0.020439   0.123443  -0.635221  -0.382793  -0.029106  -0.070359 
  0.034210   0.063539   0.011375  -1.692059  -0.046868  -0.112987  -0.000043  -0.060886  -0.071023  -0.185753   0.004755  -0.007047 
  0.038781  -0.019884   0.393348  -1.456802  -0.016043  -0.088808   0.004571  -0.083423   0.381973   0.235257   0.030825   0.024179 
  0.044089   0.053736   0.078153  -1.634190  -0.043316  -0.112414   0.005308   0.073620  -0.315195  -0.177388  -0.027273  -0.023606 
  0.048899   0.104682  -0.104064  -1.685814  -0.045837  -0.126738   0.004810   0.050946  -0.182217  -0.051624  -0.002521  -0.014324 
  0.057568   0.066542  -0.169839  -1.605199  -0.066062  -0.112414   0.008669  -0.038140  -0.065775   0.080615  -0.020225   0.014324 
  0.041476   0.010118   0.353714  -1.431764   0.000000  -0.093106  -0.016092  -0.056424   0.523553   0.173435   0.066062   0.019308 
  0.025334   0.011907   0.294194  -1.350003   0.007964  -0.098549  -0.016142   0.001789  -0.059520   0.081761   0.007964  -0.005443 
  0.036816   0.128499  -0.183626  -1.489977  -0.099007  -0.114649   0.011482   0.116592  -0.477820  -0.139974  -0.106971  -0.016100 
  0.031485   0.104664  -0.157297  -1.322673  -0.216463  -0.068698  -0.005331  -0.023835   0.026329   0.167304  -0.117456   0.045951 
  0.020972   0.054174   0.503450  -0.949792  -0.185524   0.026241  -0.010513  -0.050490   0.660747   0.372881   0.030939   0.094939 
  0.007531   0.084942   0.352805  -1.159380  -0.290203   0.001490  -0.013441   0.030768  -0.150645  -0.209588  -0.104679  -0.024751 
  0.009945   0.086856   0.385194  -1.271909  -0.309168   0.019538   0.002414   0.001914   0.032389  -0.112529  -0.018965   0.018048 
  0.053830   0.021414   0.585489  -1.278212  -0.254565   0.042456   0.043885  -0.065442   0.200295  -0.006303   0.054603   0.022918 
  0.056672  -0.014704   0.663554  -1.293452  -0.253591   0.055577   0.002842  -0.036118   0.078065  -0.015240   0.000974   0.013121 
  0.029350   0.044478   0.663816  -1.268815  -0.145188   0.086574  -0.027322   0.059182   0.000262   0.024637   0.108403   0.030997 
  0.049632   0.099537   0.682063  -1.152619  -0.016215   0.036497   0.020282   0.055059   0.018247   0.116196   0.128973  -0.050077 
  0.033186  -0.008415   0.771903  -0.772977   0.018564  -0.007792  -0.016446  -0.107952   0.089840   0.379642   0.034779  -0.044289 
  0.030340   0.150258   0.708282  -0.834227   0.027903   0.002406  -0.002846   0.158673  -0.063621  -0.061250   0.009339   0.010198 
  0.033122   0.092710   0.810962  -0.915415   0.011058   0.002406   0.002782  -0.057548   0.102680  -0.081188  -0.016845   0.000000 
  0.035635   0.118081   0.775163  -0.915243   0.031341   0.005386   0.002513   0.025371  -0.035799   0.000172   0.020283   0.002980 
  0.033111   0.136137   0.774429  -0.986920   0.013121  -0.000458  -0.002524   0.018056  -0.000734  -0.071677  -0.018220  -0.005844 
  0.028182   0.067487   0.817115  -1.008692   0.047212   0.011230  -0.004929  -0.068650   0.042686  -0.021772   0.034091   0.011688 
  0.033379   0.022332   0.987789  -1.122883   0.055405   0.003610   0.005197  -0.045155   0.170674  -0.114191   0.008193  -0.007620 
  0.040440  -0.007896   1.150181  -1.165625   0.058155   0.016272   0.007061  -0.030228   0.162392  -0.042742   0.002750   0.012662 
  0.035795  -0.008286   1.218171  -1.221775   0.058155   0.020455  -0.004645  -0.000390   0.067990  -0.056150   0.000000   0.004183 
  0.050956   0.071684   1.141636  -1.151760   0.041482  -0.003495   0.015161   0.079970  -0.076535   0.070015  -0.016673  -0.023950 
  0.053227   0.071423   1.223346  -1.278842  -0.001776  -0.029966   0.002271  -0.000261   0.081710  -0.127082  -0.043258  -0.026471 
  0.045866   0.032561   1.300325  -1.275977  -0.015298  -0.003495  -0.007361  -0.038862   0.076979   0.002865  -0.013522   0.026471 
  0.045399   0.040742   1.442292  -1.437494   0.034492   0.014267  -0.000467   0.008181   0.141967  -0.161517   0.049790   0.017762 
  0.062368   0.064708   1.469597  -1.376359   0.013293  -0.016501   0.016969   0.023966   0.027305   0.061135  -0.021199  -0.030768 
  0.067155   0.007213   1.782233  -1.492154   0.015183  -0.022116   0.004787  -0.057495   0.312636  -0.115795   0.001890  -0.005615 
  0.113798  -0.201347   2.399099  -1.549736  -0.099752   0.070646   0.046643  -0.208560   0.616866  -0.057582  -0.114935   0.092762 
  0.096045  -0.100308   2.338227  -1.089708  -0.039248   0.046352  -0.017753   0.101039  -0.060872   0.460028   0.060504  -0.024294 
  0.055883   0.019066   1.342733  -1.067248  -0.078438   0.006646  -0.040162   0.119374  -0.995494   0.022460  -0.039190  -0.039706 
  0.060213   0.043175   1.135294  -1.125747  -0.035008   0.006131   0.004330   0.024109  -0.207439  -0.058499   0.043430  -0.000515 
  0.069822   0.031326   1.108313  -1.188028   0.025726  -0.018736   0.009609  -0.011849  -0.026981  -0.062281   0.060734  -0.024867 
  0.046647  -0.044892   1.169610  -1.177314   0.062624  -0.008136  -0.023175  -0.076218   0.061297   0.010714   0.036898   0.010600 
  0.051484   0.009775   1.040661  -1.165625   0.032372  -0.027674   0.004837   0.054667  -0.128949   0.011689  -0.030252  -0.019538 
  0.027958   0.190539   0.187260  -0.890205   0.000229  -0.067093  -0.023526   0.180764  -0.853401   0.275420  -0.032143  -0.039419 
  0.049993   0.170775  -0.594420  -1.276378  -0.129546  -0.084282   0.022035  -0.019764  -0.781680  -0.386173  -0.129775  -0.017189 
  0.055396   0.180203  -0.528777  -1.432280  -0.087147  -0.084282   0.005403   0.009428   0.065643  -0.155902   0.042399   0.000000 
 -0.047299   0.135953  -0.376606  -1.330064  -0.191998  -0.069958  -0.102695  -0.044250   0.152171   0.102216  -0.104851   0.014324 
 -0.245686   0.058847   0.073487  -1.080656  -0.253591   0.000745  -0.198387  -0.077106   0.450093   0.249408  -0.061593   0.070703 
 -0.072060   0.075035   0.328796  -1.271909  -0.073854   0.010027   0.173626   0.016188   0.255309  -0.191253   0.179737   0.009282 
 -0.049742   0.101746   0.338356  -1.099391  -0.143870   0.006073   0.022318   0.026711   0.009560   0.172518  -0.070016  -0.003954 
 -0.044000   0.105086   0.366311  -1.128440  -0.120550   0.006589   0.005742   0.003340   0.027955  -0.029049   0.023320   0.000516 
 -0.041851   0.090194   0.408647  -1.169865  -0.120550   0.013293   0.002149  -0.014892   0.042336  -0.041425   0.000000   0.006704 
 -0.043286   0.079445   0.442941  -1.162245  -0.120550   0.010886  -0.001435  -0.010749   0.034294   0.007620   0.000000  -0.002407 
 -0.045304   0.061292   0.423987  -1.153880  -0.120550   0.013522  -0.002018  -0.018153  -0.018954   0.008365   0.000000   0.002636 
 -0.045856   0.055563   0.341482  -1.340721  -0.120550   0.006073  -0.000552  -0.005729  -0.082505  -0.186841   0.000000  -0.007449 
 -0.063529   0.056475   0.319485  -1.178116  -0.101528   0.010886  -0.017673   0.000912  -0.021997   0.162605   0.019022   0.004813 
 -0.076169  -0.001282   0.377788  -1.317860  -0.074083   0.011345  -0.012640  -0.057757   0.058303  -0.139744   0.027445   0.000459 
 -0.044478  -0.136396   0.698351  -1.460527  -0.074255   0.022575   0.031691  -0.135114   0.320563  -0.142667  -0.000172   0.011230 
 -0.019010  -0.046389   0.653815  -1.438296  -0.090012  -0.005214   0.025468   0.090007  -0.044536   0.022231  -0.015757  -0.027789 
 -0.019895   0.009610   0.755534  -1.415378  -0.063827   0.001948  -0.000885   0.055999   0.101719   0.022918   0.026185   0.007162 
 -0.022227   0.047317   0.750188  -1.415721  -0.056608   0.001432  -0.002332   0.037707  -0.005346  -0.000343   0.007219  -0.000516 
 -0.017741   0.046891   0.689756  -1.452964  -0.064400   0.000057   0.004486  -0.000426  -0.060432  -0.037243  -0.007792  -0.001375 
  0.004249  -0.041005   0.776067  -1.443911  -0.065718  -0.009397   0.021990  -0.087896   0.086311   0.009053  -0.001318  -0.009454 
 -0.010541   0.049602   0.746148  -1.432223  -0.049905  -0.002693  -0.014790   0.090607  -0.029919   0.011688   0.015813   0.006704 
 -0.015498   0.060017   0.726399  -1.435660  -0.056551  -0.001490  -0.004957   0.010415  -0.019749  -0.003437  -0.006646   0.001203 
 -0.020873   0.009411   0.698262  -1.377620  -0.043889   0.012949  -0.005375  -0.050606  -0.028137   0.058040   0.012662   0.014439 
 -0.012904  -0.038791   0.708938  -1.333502  -0.026299   0.051795   0.007969  -0.048202   0.010676   0.044118   0.017590   0.038846 
 -0.014347  -0.006010   0.736867  -1.359973  -0.046868   0.009568  -0.001443   0.032781   0.027929  -0.026471  -0.020569  -0.042227 
 -0.025193   0.051731   0.565419  -1.263716  -0.099695   0.005443  -0.010846   0.057741  -0.171448   0.096257  -0.052827  -0.004125 
 -0.031139   0.051454   0.401061  -1.539022  -0.126967  -0.002750  -0.005946  -0.000277  -0.164358  -0.275306  -0.027272  -0.008193 
 -0.014489   0.020837   0.547032  -1.737896  -0.111154  -0.020168   0.016650  -0.030617   0.145971  -0.198874   0.015813  -0.017418 
  0.003564   0.061415   0.577227  -1.624736  -0.060046  -0.032086   0.018053   0.040578   0.030195   0.113160   0.051108  -0.011918 
  0.010815   0.133855   0.464679  -1.598896  -0.024809  -0.027273   0.007251   0.072440  -0.112548   0.025840   0.035237   0.004813 
 -0.007000   0.015069   0.641770  -1.773591   0.004985   0.015814  -0.017815  -0.118786   0.177091  -0.174695   0.029794   0.043087 
  0.007149  -0.082393   0.924915  -2.005925  -0.017475  -0.043717   0.014149  -0.097462   0.283145  -0.232334  -0.022460  -0.059531 
  0.006681  -0.120781   0.887690  -2.053710  -0.037873  -0.055462  -0.000468  -0.038388  -0.037225  -0.047785  -0.020398  -0.011745 
 -0.006922  -0.072806   0.799682  -2.197522  -0.068010  -0.032028  -0.013603   0.047975  -0.088008  -0.143812  -0.030137   0.023434 
 -0.016308  -0.071457   0.750640  -2.310452  -0.101643  -0.066750  -0.009386   0.001349  -0.049042  -0.112930  -0.033633  -0.034722 
  0.002883  -0.058863   0.722043  -2.433409  -0.107716  -0.076948   0.019191   0.012594  -0.028597  -0.122957  -0.006073  -0.010198 
  0.050811  -0.040492   0.520042  -2.699433  -0.156417  -0.138713   0.047928   0.018371  -0.202001  -0.266024  -0.048701  -0.061765 
  0.038550  -0.103198   0.708363  -1.761616   0.052196  -0.069385  -0.012261  -0.062706   0.188321   0.937817   0.208613   0.069328 
  0.039895  -0.036682   0.756293  -2.039501   0.050306  -0.064916   0.001345   0.066516   0.047930  -0.277885  -0.001890   0.004469 
  0.033924  -0.010647   0.667357  -2.007988  -0.003610  -0.063025  -0.005971   0.026035  -0.088936   0.031513  -0.053916   0.001891 
 -0.159169  -0.062477   0.585036  -1.865321  -0.125134  -0.032544  -0.193093  -0.051830  -0.082321   0.142667  -0.121524   0.030481 
 -0.966188  -0.125010   0.685660  -1.797827   0.209416  -0.281265  -0.807019  -0.062533   0.100624   0.067494   0.334550  -0.248721 
 -1.214800  -0.187406   0.618676  -2.146586   0.472060  -0.300688  -0.248612  -0.062396  -0.066984  -0.348759   0.262644  -0.019423 
 -0.920053  -0.170149   0.563575  -2.119428   0.556113  -0.234282   0.294747   0.017257  -0.055101   0.027158   0.084053   0.066406 
 -0.362340  -0.156693   0.607717  -2.124470   0.216234  -0.020913   0.557713   0.013456   0.044142  -0.005042  -0.339879   0.213369 
 -0.252246  -0.182995   0.764691  -2.212992   0.185868  -0.039305   0.110094  -0.026302   0.156974  -0.088522  -0.030366  -0.018392 
 -0.230486  -0.249789   0.928343  -2.304665   0.162720  -0.037586   0.021760  -0.066794   0.163652  -0.091673  -0.023148   0.001719 
 -0.219124  -0.179498   0.920631  -2.281575   0.144672  -0.032888   0.011362   0.070291  -0.007712   0.023090  -0.018048   0.004698 
 -0.227242  -0.189035   0.908239  -2.262553   0.125650  -0.032888  -0.008118  -0.009537  -0.012392   0.019022  -0.019022   0.000000 
 -0.209952  -0.383603   1.010422  -2.488298   0.241444  -0.074198   0.017290  -0.194568   0.102183  -0.225745   0.115794  -0.041310 
 -0.202443  -0.409973   1.066563  -2.541011   0.206093  -0.057181   0.007509  -0.026370   0.056141  -0.052713  -0.035351   0.017017 
 -0.177443  -0.390560   1.075156  -2.533390   0.172346  -0.057181   0.025000   0.019413   0.008593   0.007621  -0.033747   0.000000 
 -0.181618  -0.315271   1.091305  -2.568283   0.177388  -0.057181  -0.004175   0.075289   0.016149  -0.034893   0.005042   0.000000 
 -0.181443  -0.273580   1.046097  -2.452890   0.135791  -0.041597   0.000175   0.041691  -0.045208   0.115393  -0.041597   0.015584 
 -0.174614  -0.259905   1.077209  -2.422924   0.117972  -0.057181   0.006829   0.013675   0.031112   0.029966  -0.017819  -0.015584 
 -0.182117  -0.264545   1.053727  -2.288508   0.126796  -0.142953  -0.007503  -0.004640  -0.023482   0.134416   0.008824  -0.085772 
 -0.181908  -0.126165   0.954491  -2.164520   0.147709  -0.099064   0.000209   0.138380  -0.099236   0.123988   0.020913   0.043889 
 -0.167113  -0.106920   0.970956  -2.154149   0.120264  -0.028361   0.014795   0.019245   0.016465   0.010371  -0.027445   0.070703 
 -0.169221  -0.190519   1.062763  -2.242213   0.081761  -0.058900  -0.002108  -0.083599   0.091807  -0.088064  -0.038503  -0.030539 
 -0.150661  -0.192193   1.033723  -2.179589   0.055691  -0.072938   0.018560  -0.001674  -0.029040   0.062624  -0.026070  -0.014038 
 -0.181722  -0.085964   0.970618  -2.171224   0.105539  -0.105539  -0.031061   0.106229  -0.063105   0.008365   0.049848  -0.032601 
 -0.148289  -0.152315   1.018771  -2.260319   0.112357  -0.051394   0.033433  -0.066351   0.048153  -0.089095   0.006818   0.054145 
 -0.153120  -0.270470   1.146278  -2.447561   0.141177  -0.050478  -0.004831  -0.118155   0.127507  -0.187242   0.028820   0.000916 
 -0.148200  -0.262906   1.105285  -2.328500   0.112357  -0.047326   0.004920   0.007564  -0.040993   0.119061  -0.028820   0.003152 
 -0.137273  -0.172190   1.083398  -2.316125   0.161631  -0.092590   0.010927   0.090716  -0.021887   0.012375   0.049274  -0.045264 
 -0.133007  -0.114347   0.974350  -2.150081   0.081876  -0.047384   0.004266   0.057843  -0.109048   0.166044  -0.079755   0.045206 
 -0.129192  -0.119646   0.985201  -2.160452   0.079183  -0.047384   0.003815  -0.005299   0.010851  -0.010371  -0.002693   0.000000 
 -0.129217  -0.188267   1.064884  -2.154149   0.071276  -0.047384  -0.000025  -0.068621   0.079683   0.006303  -0.007907   0.000000 
 -0.129080  -0.204292   1.099795  -2.311083   0.071219  -0.030997   0.000137  -0.016025   0.034911  -0.156934  -0.000057   0.016387 
 -0.129076  -0.170429   1.054857  -2.274814   0.062682  -0.032716   0.000004   0.033863  -0.044938   0.036269  -0.008537  -0.001719 
 -0.125793  -0.183035   0.991627  -2.226399   0.052082  -0.035753   0.003283  -0.012606  -0.063230   0.048415  -0.010600  -0.003037 
 -0.115757  -0.114433   0.594619  -2.051303   0.041941  -0.030711   0.010036   0.068602  -0.397008   0.175096  -0.010141   0.005042 
 -0.100292  -0.155939   0.531581  -2.037896   0.040508  -0.038503   0.015465  -0.041506  -0.063038   0.013407  -0.001433  -0.007792 
 -0.098657  -0.112706   0.837135  -2.111178   0.051623  -0.025611   0.001635   0.043233   0.305554  -0.073282   0.011115   0.012892 
 -0.085206  -0.107148   0.474406  -2.309879   0.052655  -0.064171   0.013451   0.005558  -0.362729  -0.198701   0.001032  -0.038560 
 -0.075691  -0.096814   0.394146  -2.440342   0.052655  -0.090814   0.009515   0.010334  -0.080260  -0.130463   0.000000  -0.026643 
 -0.057985  -0.204841   0.472515  -2.583810   0.065203  -0.093679   0.017706  -0.108027   0.078369  -0.143468   0.012548  -0.002865 
 -0.068060  -0.154444   0.358537  -2.437534   0.035409  -0.105138  -0.010075   0.050397  -0.113978   0.146276  -0.029794  -0.011459 
 -0.070366  -0.030965  -0.180564  -2.039959   0.049045  -0.084798  -0.002306   0.123479  -0.539101   0.397575   0.013636   0.020340 
 -0.054879  -0.169045  -0.072410  -1.948687   0.061879  -0.077808   0.015487  -0.138080   0.108154   0.091272   0.012834   0.006990 
 -0.037137  -0.079259   0.109662  -1.584973   0.014553  -0.064057   0.017742   0.089786   0.182072   0.363714  -0.047326   0.013751 
 -0.031967  -0.055640   0.156053  -1.802353   0.029106  -0.063541   0.005170   0.023619   0.046391  -0.217380   0.014553   0.000516 
 -0.029785  -0.011913   0.152545  -1.647827   0.032258  -0.056035   0.002182   0.043727  -0.003508   0.154526   0.003152   0.007506 
 -0.034425   0.014400   0.159506  -1.597177   0.039992  -0.056035  -0.004640   0.026313   0.006961   0.050650   0.007734   0.000000 
 -0.038035   0.007759   0.164395  -1.642326   0.002865  -0.027960  -0.003610  -0.006641   0.004889  -0.045149  -0.037127   0.028075 
 -0.025594  -0.078022   0.315223  -1.762877   0.019309  -0.073854   0.012441  -0.085781   0.150828  -0.120551   0.016444  -0.045894 
 -0.033789  -0.111540   0.381424  -1.744198   0.016329  -0.074370  -0.008195  -0.033518   0.066201   0.018679  -0.002980  -0.000516 
 -0.033399   0.004959   0.363868  -1.720535   0.049790  -0.070359   0.000390   0.116499  -0.017556   0.023663   0.033461   0.004011 
 -0.033009  -0.050581   0.359845  -1.681574   0.029851  -0.060275   0.000390  -0.055540  -0.004023   0.038961  -0.019939   0.010084 
 -0.020473  -0.024236   0.344098  -1.654358   0.002807  -0.043373   0.012536   0.026345  -0.015747   0.027216  -0.027044   0.016902 
 -0.020625  -0.073273   0.405101  -1.680944   0.007563  -0.054717  -0.000152  -0.049037   0.061003  -0.026586   0.004756  -0.011344 
 -0.020453  -0.067118   0.399041  -1.566753   0.010772  -0.053801   0.000172   0.006155  -0.006060   0.114191   0.003209   0.000916 
 -0.020170  -0.009241   0.378611  -1.599584   0.025497  -0.037414   0.000283   0.057877  -0.020430  -0.032831   0.014725   0.016387 
 -0.020200   0.019356   0.356304  -1.611959   0.019538  -0.028361  -0.000030   0.028597  -0.022307  -0.012375  -0.005959   0.009053 
 -0.037332  -0.055494   0.425618  -1.732624   0.001547   0.008422  -0.017132  -0.074850   0.069314  -0.120665  -0.017991   0.036783 
 -0.037225  -0.037682   0.411709  -1.598495   0.016673   0.000344   0.000107   0.017812  -0.013909   0.134129   0.015126  -0.008078 
 -0.015075  -0.111724   0.540892  -1.654931   0.000401  -0.046410   0.022150  -0.074042   0.129183  -0.056436  -0.016272  -0.046754 
 -0.008697  -0.049337   0.509124  -1.666104   0.023835  -0.039649   0.006378   0.062387  -0.031768  -0.011173   0.023434   0.006761 
 -0.005095   0.041030   0.396997  -1.470267   0.012376  -0.026872   0.003602   0.090367  -0.112127   0.195837  -0.011459   0.012777 
 -0.017124   0.018811   0.384707  -1.585718   0.048071  -0.013980  -0.012029  -0.022219  -0.012290  -0.115451   0.035695   0.012892 
 -0.012725  -0.011419   0.435638  -1.557930   0.035122  -0.038847   0.004399  -0.030230   0.050931   0.027788  -0.012949  -0.024867 
 -0.000933  -0.040283   0.484402  -1.560852   0.010829  -0.038847   0.011792  -0.028864   0.048764  -0.002922  -0.024293   0.000000 
 -0.000870   0.043980   0.460135  -1.547845   0.014209  -0.034893   0.000063   0.084263  -0.024267   0.013007   0.003380   0.003954 
 -0.003793   0.022046   0.449852  -1.517421   0.023720  -0.038847  -0.002923  -0.021934  -0.010283   0.030424   0.009511  -0.003954 
 -0.014363   0.001720   0.449497  -1.473762   0.037758  -0.030138  -0.010570  -0.020326  -0.000355   0.043659   0.014038   0.008709 
  0.000438  -0.002628   0.450054  -1.544923   0.003953  -0.053342   0.014801  -0.004348   0.000557  -0.071161  -0.033805  -0.023204 
 -0.004914   0.038664   0.432281  -1.503842   0.017131  -0.032945  -0.005352   0.041292  -0.017773   0.041081   0.013178   0.020397 
  0.037725   0.043208   0.473546  -1.534897   0.013006  -0.048300   0.042639   0.004544   0.041265  -0.031055  -0.004125  -0.015355 
 -0.004539   0.021817   0.487949  -1.563831   0.046066  -0.038847  -0.042264  -0.021391   0.014403  -0.028934   0.033060   0.009453 
  0.006954   0.030251   0.494623  -1.532318   0.025898  -0.034091   0.011493   0.008434   0.006674   0.031513  -0.020168   0.004756 
 -0.001392  -0.013150   0.535157  -1.539079   0.009225  -0.038847  -0.008346  -0.043401   0.040534  -0.006761  -0.016673  -0.004756 
 -0.001624   0.027542   0.510482  -1.540512   0.007850  -0.038847  -0.000232   0.040692  -0.024675  -0.001433  -0.001375   0.000000 
 -0.000095   0.065645   0.472436  -1.526531   0.018105  -0.038847   0.001529   0.038103  -0.038046   0.013981   0.010255   0.000000 
 -0.002097   0.039000   0.466113  -1.508541   0.045894  -0.019423  -0.002002  -0.026645  -0.006323   0.017990   0.027789   0.019424 
  0.003320   0.013429   0.512511  -1.510489   0.023090  -0.044519   0.005417  -0.025571   0.046398  -0.001948  -0.022804  -0.025096 
 -0.005002  -0.051144   0.587130  -1.602448   0.005959  -0.050936  -0.008322  -0.064573   0.074619  -0.091959  -0.017131  -0.006417 
 -0.016782  -0.000705   0.540067  -1.611444   0.033232  -0.025210  -0.011780   0.050439  -0.047063  -0.008996   0.027273   0.025726 
 -0.021759   0.018562   0.466126  -1.543147   0.050420  -0.028648  -0.004977   0.019267  -0.073941   0.068297   0.017188  -0.003438 
 -0.019348  -0.002521   0.476308  -1.566409   0.036211  -0.028591   0.002411  -0.021083   0.010182  -0.023262  -0.014209   0.000057 
 -0.009558  -0.043263   0.507301  -1.502066   0.015699  -0.054259   0.009790  -0.040742   0.030993   0.064343  -0.020512  -0.025668 
 -0.005341   0.005355   0.513436  -1.663125   0.022976  -0.060848   0.004217   0.048618   0.006135  -0.161059   0.007277  -0.006589 
  0.001383   0.058186   0.388415  -1.550997   0.015928  -0.037414   0.006724   0.052831  -0.125021   0.112128  -0.007048   0.023434 
 -0.001400   0.034077   0.388642  -1.581994  -0.007678  -0.035695  -0.002783  -0.024109   0.000227  -0.030997  -0.023606   0.001719 
 -0.001356  -0.010330   0.403545  -1.535126   0.009397  -0.057296   0.000044  -0.044407   0.014903   0.046868   0.017075  -0.021601 
  0.018771   0.045888   0.341234  -1.518911  -0.013923  -0.058155   0.020127   0.056218  -0.062311   0.016215  -0.023320  -0.000859 
  0.030262   0.057961   0.473311  -1.469923  -0.022345  -0.048071   0.011491   0.012073   0.132077   0.048988  -0.008422   0.010084 
  0.050659   0.094415   0.378890  -1.340263  -0.107315  -0.050248   0.020397   0.036454  -0.094421   0.129660  -0.084970  -0.002177 
  0.025677   0.082751   0.354876  -1.241141  -0.034549  -0.033060  -0.024982  -0.011664  -0.024014   0.099122   0.072766   0.017188 
  0.024292   0.050693   0.490044  -1.405064   0.009225  -0.030023  -0.001385  -0.032058   0.135168  -0.163923   0.043774   0.003037 
  0.032085  -0.001531   0.641372  -1.396413   0.018621  -0.042685   0.007793  -0.052224   0.151328   0.008651   0.009396  -0.012662 
  0.028389  -0.042731   0.721538  -1.425462  -0.020512  -0.039878  -0.003696  -0.041200   0.080166  -0.029049  -0.039133   0.002807 
  0.030722   0.051601   0.685215  -1.400481  -0.003380  -0.039763   0.002333   0.094332  -0.036323   0.024981   0.017132   0.000115 
  0.014986   0.078202   0.691354  -1.395611   0.026643  -0.026413  -0.015736   0.026601   0.006139   0.004870   0.030023   0.013350 
  0.014835   0.048582   0.697619  -1.460870   0.002865  -0.023491  -0.000151  -0.029620   0.006265  -0.065259  -0.023778   0.002922 
  0.017608  -0.015504   0.797656  -1.468491  -0.035409  -0.032200   0.002773  -0.064086   0.100037  -0.007621  -0.038274  -0.008709 
  0.014776   0.061248   0.750389  -1.435775  -0.035237  -0.024293  -0.002832   0.076752  -0.047267   0.032716   0.000172   0.007907 
  0.014862   0.061217   0.711950  -1.436806  -0.017017  -0.019824   0.000086  -0.000031  -0.038439  -0.001031   0.018220   0.004469 
  0.014851   0.061397   0.668322  -1.450557  -0.006073  -0.016157  -0.000011   0.000180  -0.043628  -0.013751   0.010944   0.003667 
  0.014822   0.061326   0.689233  -1.459667  -0.014668  -0.020340  -0.000029  -0.000071   0.020911  -0.009110  -0.008595  -0.004183 
  0.023545  -0.012355   0.761399  -1.444083  -0.021715  -0.035409   0.008723  -0.073681   0.072166   0.015584  -0.007047  -0.015069 
  0.026073   0.077860   0.669830  -1.421222  -0.009740  -0.033862   0.002528   0.090215  -0.091569   0.022861   0.011975   0.001547 
  0.012892   0.088512   0.528165  -1.412685   0.012662  -0.020111  -0.013181   0.010652  -0.141665   0.008537   0.022402   0.013751 
 -0.001527   0.007905   0.584850  -1.601302   0.003552  -0.029106  -0.014419  -0.080607   0.056685  -0.188617  -0.009110  -0.008995 
  0.014744  -0.008727   0.594889  -1.484247   0.026700  -0.011402   0.016271  -0.016632   0.010039   0.117055   0.023148   0.017704 
  0.022339  -0.002264   0.572014  -1.463735   0.002865  -0.045034   0.007595   0.006463  -0.022875   0.020512  -0.023835  -0.033632 
  0.019500   0.079932   0.598689  -1.438869   0.014496  -0.028419  -0.002839   0.082196   0.026675   0.024866   0.011631   0.016615 
  0.019395   0.049227   0.618538  -1.470553   0.016788  -0.025497  -0.000105  -0.030705   0.019849  -0.031684   0.002292   0.002922 
  0.016186   0.035267   0.653295  -1.471986   0.019079  -0.022345  -0.003209  -0.013960   0.034757  -0.001433   0.002291   0.003152 
  0.023971  -0.032789   0.708069  -1.449068   0.005042  -0.046352   0.007785  -0.068056   0.054774   0.022918  -0.014037  -0.024007 
  0.017749  -0.002659   0.717125  -1.427868   0.006303  -0.030023  -0.006222   0.030130   0.009056   0.021200   0.001261   0.016329 
 -0.010088  -0.106760   1.102615  -1.182929  -0.036898  -0.002636  -0.027837  -0.104101   0.385490   0.244939  -0.043201   0.027387 
 -0.019297  -0.019303   1.272584  -1.048341  -0.115222   0.028419  -0.009209   0.087457   0.169969   0.134588  -0.078324   0.031055 
 -0.034156   0.078461   1.480295  -0.542362   0.063885   0.026643  -0.014859   0.097764   0.207711   0.505979   0.179107  -0.001776 
 -0.029737   0.077696   1.347948  -0.519673   0.088407   0.020283   0.004419  -0.000765  -0.132347   0.022689   0.024522  -0.006360 
 -0.032651   0.097082   1.186177  -0.527694   0.147995   0.014954  -0.002914   0.019386  -0.161771  -0.008021   0.059588  -0.005329 
 -0.041564   0.100381   1.019661  -0.561040   0.140317   0.009110  -0.008913   0.003299  -0.166516  -0.033346  -0.007678  -0.005844 
 -0.041767   0.116965   0.933635  -0.599658   0.123873   0.001203  -0.000203   0.016584  -0.086026  -0.038618  -0.016444  -0.007907 
 -0.023721   0.090353   0.984457  -0.889173   0.086345  -0.011230   0.018046  -0.026612   0.050822  -0.289515  -0.037528  -0.012433 
 -0.023399   0.090198   0.945897  -0.892955   0.048300   0.024408   0.000322  -0.000155  -0.038560  -0.003782  -0.038045   0.035638 
 -0.004886   0.060870   1.000146  -1.050805   0.139458   0.059416   0.018513  -0.029328   0.054249  -0.157850   0.091158   0.035008 
 -0.031867  -0.012659   0.936113  -0.938619   0.077865   0.062624  -0.026981  -0.073529  -0.064033   0.112186  -0.061593   0.003208 
 -0.032324  -0.016186   0.979944  -0.981534   0.044290   0.048472  -0.000457  -0.003527   0.043831  -0.042915  -0.033575  -0.014152 
 -0.032087  -0.007903   1.024067  -1.007775   0.071677   0.054603   0.000237   0.008283   0.044123  -0.026241   0.027387   0.006131 
 -0.014029   0.034849   0.952071  -1.039976   0.165356   0.068640   0.018058   0.042752  -0.071996  -0.032201   0.093679   0.014037 
 -0.007562   0.000669   0.973293  -1.002160   0.199962   0.051280   0.006467  -0.034180   0.021222   0.037816   0.034606  -0.017360 
 -0.036602   0.011962   1.194053  -0.818126   0.120436   0.069614  -0.029040   0.011293   0.220760   0.184034  -0.079526   0.018334 
 -0.055099  -0.013994   1.558581  -0.679299   0.098950   0.134416  -0.018497  -0.025956   0.364528   0.138827  -0.021486   0.064802 
 -0.053181   0.067242   1.496853  -0.552904   0.112987   0.093163   0.001918   0.081236  -0.061728   0.126395   0.014037  -0.041253 
 -0.061075   0.069636   1.477902  -0.496697   0.114878   0.077693  -0.007894   0.002394  -0.018951   0.056207   0.001891  -0.015470 
 -0.065124   0.107607   1.439303  -0.241674   0.122670   0.073339  -0.004049   0.037971  -0.038599   0.255023   0.007792  -0.004354 
 -0.056264   0.102314   1.488775  -0.290260   0.165012   0.086860   0.008860  -0.005293   0.049472  -0.048586   0.042342   0.013521 
 -0.058519   0.082124   1.534589  -0.468107   0.217208   0.115852  -0.002255  -0.020190   0.045814  -0.177847   0.052196   0.028992 
 -0.051593   0.058502   1.582203  -0.622576   0.210734   0.118660   0.006926  -0.023622   0.047614  -0.154469  -0.006474   0.002808 
 -0.055850   0.059941   1.610362  -0.625613   0.163293   0.097747  -0.004257   0.001439   0.028159  -0.003037  -0.047441  -0.020913 
 -0.060644   0.053678   1.446120  -0.628821   0.169366   0.098148  -0.004794  -0.006263  -0.164242  -0.003208   0.006073   0.000401 
 -0.060932   0.087498   1.250752  -0.525517   0.181971   0.094767  -0.000288   0.033820  -0.195368   0.103304   0.012605  -0.003381 
 -0.084962   0.070604   1.159355  -0.708004   0.263274   0.114878  -0.024030  -0.016894  -0.091397  -0.182487   0.081303   0.020111 
 -0.064347   0.025643   1.168655  -0.754986   0.176987   0.071792   0.020615  -0.044961   0.009300  -0.046982  -0.086287  -0.043086 
