  0.000000  -0.000014   0.000017  -0.003782   0.000000   0.000000   0.000000   0.000000   0.000000   0.000000   0.000000   0.000000 
  0.000000  -0.042631   0.197994  -0.033289   0.000000   0.000000   0.000000  -0.042617   0.197977  -0.029507   0.000000   0.000000 
  0.009987   0.152896   0.188617  -0.001318  -0.010141   0.008594   0.009987   0.195527  -0.009377   0.031971  -0.010141   0.008594 
  0.029757   0.168416  -0.028242   0.114935   0.004870  -0.010714   0.019770   0.015520  -0.216859   0.116253   0.015011  -0.019308 
  0.027010   0.191973   0.204386   0.015470  -0.023090   0.000000  -0.002747   0.023557   0.232628  -0.099465  -0.027960   0.010714 
  0.027239   0.212963   0.297484   0.011631  -0.035867   0.024179   0.000229   0.020990   0.093098  -0.003839  -0.012777   0.024179 
  0.019281   0.167040   0.387728   0.042513  -0.050535   0.024408  -0.007958  -0.045923   0.090244   0.030882  -0.014668   0.000229 
  0.021884   0.261227   0.389425  -0.013293  -0.056494   0.022403   0.002603   0.094187   0.001697  -0.055806  -0.005959  -0.002005 
  0.025293   0.298332   0.361978  -0.050420  -0.046696   0.023720   0.003409   0.037105  -0.027447  -0.037127   0.009798   0.001317 
  0.046880   0.248184   0.392652  -0.082391  -0.046696   0.012892   0.021587  -0.050148   0.030674  -0.031971   0.000000  -0.010828 
  0.039990   0.183268   0.448693  -0.066463  -0.060332   0.010428  -0.006890  -0.064916   0.056041   0.015928  -0.013636  -0.002464 
  0.037120   0.249228   0.421983  -0.116941  -0.061364   0.026241  -0.002870   0.065960  -0.026710  -0.050478  -0.001032   0.015813 
  0.038903   0.277640   0.389368  -0.113159  -0.063999   0.023720   0.001783   0.028412  -0.032615   0.003782  -0.002635  -0.002521 
  0.036561   0.235439   0.400565  -0.113216  -0.067208   0.026643  -0.002342  -0.042201   0.011197  -0.000057  -0.003209   0.002923 
  0.035791   0.161994   0.403512  -0.092361  -0.073912   0.029565  -0.000770  -0.073445   0.002947   0.020855  -0.006704   0.002922 
  0.040540   0.209467   0.390565  -0.175898  -0.108060   0.034435   0.004749   0.047473  -0.012947  -0.083537  -0.034148   0.004870 
  0.043913   0.273374   0.396233  -0.202999  -0.092418   0.026757   0.003373   0.063907   0.005668  -0.027101   0.015642  -0.007678 
  0.044390   0.255977   0.400471  -0.192686  -0.106456   0.023434   0.000477  -0.017397   0.004238   0.010313  -0.014038  -0.003323 
  0.041986   0.157281   0.450584  -0.172632  -0.102273   0.027044  -0.002404  -0.098696   0.050113   0.020054   0.004183   0.003610 
  0.041841   0.204124   0.443641  -0.188847  -0.126967   0.043889  -0.000145   0.046843  -0.006943  -0.016215  -0.024694   0.016845 
  0.046771   0.263189   0.428543  -0.220130  -0.087949   0.020970   0.004930   0.059065  -0.015098  -0.031283   0.039018  -0.022919 
  0.032045   0.215531   0.474985  -0.193946  -0.065604   0.030424  -0.014726  -0.047658   0.046442   0.026184   0.022345   0.009454 
  0.028655   0.146565   0.488185  -0.138369  -0.068297   0.000000  -0.003390  -0.068966   0.013200   0.055577  -0.002693  -0.030424 
  0.033258   0.251318   0.384810  -0.207697  -0.060447   0.011516   0.004603   0.104753  -0.103375  -0.069328   0.007850   0.011516 
  0.034073   0.276445   0.402478  -0.175497  -0.037529   0.021830   0.000815   0.025127   0.017668   0.032200   0.022918   0.010314 
  0.026955   0.223371   0.434997  -0.206609  -0.027559   0.022116  -0.007118  -0.053074   0.032519  -0.031112   0.009970   0.000286 
  0.039299   0.141464   0.477008  -0.179622  -0.056780   0.010829   0.012344  -0.081907   0.042011   0.026987  -0.029221  -0.011287 
  0.034046   0.180445   0.472593  -0.159053  -0.072651   0.027846  -0.005253   0.038981  -0.004415   0.020569  -0.015871   0.017017 
  0.039297   0.260370   0.445286  -0.189305  -0.068354   0.025726   0.005251   0.079925  -0.027307  -0.030252   0.004297  -0.002120 
  0.042679   0.276662   0.429580  -0.229011  -0.077750   0.024351   0.003382   0.016292  -0.015706  -0.039706  -0.009396  -0.001375 
  0.041686   0.228452   0.455546  -0.232162  -0.083595   0.026986  -0.000993  -0.048210   0.025966  -0.003151  -0.005845   0.002635 
  0.040529   0.162617   0.484173  -0.178877  -0.089210   0.027101  -0.001157  -0.065835   0.028627   0.053285  -0.005615   0.000115 
  0.039804   0.233779   0.445561  -0.219615  -0.083595   0.037013  -0.000725   0.071162  -0.038612  -0.040738   0.005615   0.009912 
  0.041424   0.263968   0.430647  -0.201509  -0.084168   0.044863   0.001620   0.030189  -0.014914   0.018106  -0.000573   0.007850 
  0.032910   0.245570   0.444376  -0.187128  -0.092132   0.035753  -0.008514  -0.018398   0.013729   0.014381  -0.007964  -0.009110 
  0.035649   0.164996   0.495455  -0.193545  -0.072135   0.019309   0.002739  -0.080574   0.051079  -0.006417   0.019997  -0.016444 
  0.037490   0.172120   0.526575  -0.216807  -0.092132   0.041826   0.001841   0.007124   0.031120  -0.023262  -0.019997   0.022517 
  0.036800   0.235506   0.523436  -0.260868  -0.092132   0.045436  -0.000690   0.063386  -0.003139  -0.044061   0.000000   0.003610 
  0.037271   0.246840   0.517133  -0.258519  -0.082334   0.030768   0.000471   0.011334  -0.006303   0.002349   0.009798  -0.014668 
  0.037095   0.184976   0.549180  -0.229470  -0.092132   0.030138  -0.000176  -0.061864   0.032047   0.029049  -0.009798  -0.000630 
  0.034484   0.147455   0.570801  -0.244481  -0.097861   0.054259  -0.002611  -0.037521   0.021621  -0.015011  -0.005729   0.024121 
  0.030707   0.222676   0.544778  -0.236689  -0.088751   0.040279  -0.003777   0.075221  -0.026023   0.007792   0.009110  -0.013980 
  0.035100   0.252919   0.544961  -0.272671  -0.092132   0.039534   0.004393   0.030243   0.000183  -0.035982  -0.003381  -0.000745 
  0.036575   0.209849   0.579702  -0.272728  -0.069213   0.040852   0.001475  -0.043070   0.034741  -0.000057   0.022919   0.001318 
  0.031413   0.114089   0.616042  -0.266196  -0.072594   0.055061  -0.005162  -0.095760   0.036340   0.006532  -0.003381   0.014209 
  0.031421   0.166645   0.590956  -0.262185  -0.081990   0.046753   0.000008   0.052556  -0.025086   0.004011  -0.009396  -0.008308 
  0.033192   0.235119   0.545450  -0.226662  -0.081303   0.050019   0.001771   0.068474  -0.045506   0.035523   0.000687   0.003266 
  0.032695   0.216389   0.550410  -0.244023  -0.094194   0.060619  -0.000497  -0.018730   0.004960  -0.017361  -0.012891   0.010600 
  0.028407   0.123075   0.653170  -0.289745  -0.098549   0.057009  -0.004288  -0.093314   0.102760  -0.045722  -0.004355  -0.003610 
  0.028000   0.168860   0.712311  -0.280176  -0.121524   0.052025  -0.000407   0.045785   0.059141   0.009569  -0.022975  -0.004984 
  0.030483   0.221800   0.608926  -0.292495  -0.099981   0.061994   0.002483   0.052940  -0.103385  -0.012319   0.021543   0.009969 
  0.028431   0.240192   0.617416  -0.263561  -0.080214   0.036211  -0.002052   0.018392   0.008490   0.028934   0.019767  -0.025783 
  0.022829   0.107095   0.651923  -0.290547  -0.070875   0.075000  -0.005602  -0.133097   0.034507  -0.026986   0.009339   0.038789 
  0.020446   0.132446   0.639735  -0.289687  -0.085485   0.070875  -0.002383   0.025351  -0.012188   0.000860  -0.014610  -0.004125 
  0.028933   0.237897   0.617296  -0.285218  -0.083193   0.069844   0.008487   0.105451  -0.022439   0.004469   0.002292  -0.001031 
  0.026692   0.230994   0.631551  -0.305272  -0.067666   0.059473  -0.002241  -0.006903   0.014255  -0.020054   0.015527  -0.010371 
  0.033265   0.207169   0.634372  -0.265394  -0.081990   0.059072   0.006573  -0.023825   0.002821   0.039878  -0.014324  -0.000401 
  0.030416   0.148389   0.658007  -0.285047  -0.080042   0.057009  -0.002849  -0.058780   0.023635  -0.019653   0.001948  -0.002063 
  0.034065   0.161721   0.671710  -0.331628  -0.126681   0.055577   0.003649   0.013332   0.013703  -0.046581  -0.046639  -0.001432 
  0.038701   0.216161   0.644602  -0.318679  -0.078667   0.056035   0.004636   0.054440  -0.027108   0.012949   0.048014   0.000458 
  0.039626   0.199070   0.674437  -0.336212  -0.090012   0.051910   0.000925  -0.017091   0.029835  -0.017533  -0.011345  -0.004125 
  0.033884   0.140215   0.681329  -0.322804  -0.094022   0.050420  -0.005742  -0.058855   0.006892   0.013408  -0.004010  -0.001490 
  0.032645   0.125414   0.648611  -0.336212  -0.118488   0.066921  -0.001239  -0.014801  -0.032718  -0.013408  -0.024466   0.016501 
  0.032373   0.170363   0.661243  -0.345035  -0.122899   0.064687  -0.000272   0.044949   0.012632  -0.008823  -0.004411  -0.002234 
  0.032355   0.228984   0.625938  -0.311116  -0.088350   0.051738  -0.000018   0.058621  -0.035305   0.033919   0.034549  -0.012949 
  0.034518   0.238318   0.644614  -0.304756  -0.078037   0.059588   0.002163   0.009334   0.018676   0.006360   0.010313   0.007850 
  0.035133   0.163174   0.638158  -0.315929  -0.084168   0.046524   0.000615  -0.075144  -0.006456  -0.011173  -0.006131  -0.013064 
  0.032384   0.115115   0.624401  -0.337816  -0.081704   0.058098  -0.002749  -0.048059  -0.013757  -0.021887   0.002464   0.011574 
  0.036991   0.210193   0.610543  -0.331227  -0.096142   0.059588   0.004607   0.095078  -0.013858   0.006589  -0.014438   0.001490 
  0.038335   0.227329   0.618278  -0.302464  -0.087892   0.053686   0.001344   0.017136   0.007735   0.028763   0.008250  -0.005902 
  0.037452   0.203916   0.644879  -0.325898  -0.092017   0.053743  -0.000883  -0.023413   0.026601  -0.023434  -0.004125   0.000057 
  0.035679   0.135489   0.647199  -0.320398  -0.087090   0.051853  -0.001773  -0.068427   0.002320   0.005500   0.004927  -0.001890 
  0.026252   0.144722   0.627753  -0.293068  -0.092762   0.054316  -0.009427   0.009233  -0.019446   0.027330  -0.005672   0.002463 
  0.029749   0.209893   0.629074  -0.315012  -0.092418   0.059645   0.003497   0.065171   0.001321  -0.021944   0.000344   0.005329 
  0.029871   0.188661   0.644662  -0.313293  -0.099637   0.053342   0.000122  -0.021232   0.015588   0.001719  -0.007219  -0.006303 
  0.030252   0.117311   0.679606  -0.343775  -0.121181   0.036727   0.000381  -0.071350   0.034944  -0.030482  -0.021544  -0.016615 
  0.029649   0.183164   0.639938  -0.322804  -0.097747   0.050707  -0.000603   0.065853  -0.039668   0.020971   0.023434   0.013980 
  0.032378   0.213777   0.641500  -0.324638  -0.088579   0.052941   0.002729   0.030613   0.001562  -0.001834   0.009168   0.002234 
  0.030914   0.169200   0.647670  -0.303954  -0.070760   0.048587  -0.001464  -0.044577   0.006170   0.020684   0.017819  -0.004354 
  0.029496   0.115890   0.694623  -0.320799  -0.097747   0.058213  -0.001418  -0.053310   0.046953  -0.016845  -0.026987   0.009626 
  0.031630   0.203340   0.644032  -0.329565  -0.087204   0.050363   0.002134   0.087450  -0.050591  -0.008766   0.010543  -0.007850 
  0.035694   0.203167   0.637404  -0.313465  -0.068640   0.056436   0.004064  -0.000173  -0.006628   0.016100   0.018564   0.006073 
  0.034059   0.131249   0.678829  -0.329279  -0.081074   0.032200  -0.001635  -0.071918   0.041425  -0.015814  -0.012434  -0.024236 
  0.034965   0.153449   0.686145  -0.327789  -0.088064   0.047154   0.000906   0.022200   0.007316   0.001490  -0.006990   0.014954 
  0.043013   0.201661   0.670424  -0.336326  -0.088121   0.043430   0.008048   0.048212  -0.015721  -0.008537  -0.000057  -0.003724 
  0.030034   0.178309   0.669084  -0.308423  -0.068468   0.043430  -0.012979  -0.023352  -0.001340   0.027903   0.019653   0.000000 
  0.022098   0.096435   0.731741  -0.312377  -0.118316   0.062166  -0.007936  -0.081874   0.062657  -0.003954  -0.049848   0.018736 
  0.028020   0.193394   0.690416  -0.341884  -0.086173   0.041138   0.005922   0.096959  -0.041325  -0.029507   0.032143  -0.021028 
  0.029887   0.208088   0.653478  -0.324409  -0.070474   0.029679   0.001867   0.014694  -0.036938   0.017475   0.015699  -0.011459 
  0.025806   0.166748   0.672152  -0.291693  -0.036497   0.043717  -0.004081  -0.041340   0.018674   0.032716   0.033977   0.014038 
  0.030727   0.124814   0.679807  -0.196353  -0.045951   0.028992   0.004921  -0.041934   0.007655   0.095340  -0.009454  -0.014725 
  0.031334   0.216192   0.634745  -0.290031  -0.061937   0.041196   0.000607   0.091378  -0.045062  -0.093678  -0.015986   0.012204 
  0.035193   0.250220   0.607762  -0.257487  -0.061879   0.019022   0.003859   0.034028  -0.026983   0.032544   0.000058  -0.022174 
  0.027641   0.169398   0.645992  -0.296735  -0.061994   0.042972  -0.007552  -0.080822   0.038230  -0.039248  -0.000115   0.023950 
  0.032494   0.139221   0.648751  -0.304470  -0.084110   0.039821   0.004853  -0.030177   0.002759  -0.007735  -0.022116  -0.003151 
  0.035033   0.205192   0.606645  -0.312606  -0.095512   0.039591   0.002539   0.065971  -0.042106  -0.008136  -0.011402  -0.000230 
  0.039642   0.232146   0.448941  -0.135963  -0.094423   0.033117   0.004609   0.026954  -0.157704   0.176643   0.001089  -0.006474 
  0.049329   0.217312   0.122305   0.032601  -0.092074   0.024408   0.009687  -0.014834  -0.326636   0.168564   0.002349  -0.008709 
  0.051243   0.145006   0.333597  -0.143641  -0.092074   0.044003   0.001914  -0.072306   0.211292  -0.176242   0.000000   0.019595 
  0.043944   0.143344   0.377515  -0.178877  -0.092074   0.052827  -0.007299  -0.001662   0.043918  -0.035236   0.000000   0.008824 
  0.056460   0.258244   0.106509  -0.188560  -0.065947   0.019366   0.012516   0.114900  -0.271006  -0.009683   0.026127  -0.033461 
  0.065794   0.221393   0.212297  -0.385200  -0.053572   0.001375   0.009334  -0.036851   0.105788  -0.196640   0.012375  -0.017991 
  0.059865   0.215985   0.337682  -0.273988  -0.084397   0.004870  -0.005929  -0.005408   0.125385   0.111212  -0.030825   0.003495 
  0.054709   0.169746   0.446927  -0.341196  -0.073281   0.006818  -0.005156  -0.046239   0.109245  -0.067208   0.011116   0.001948 
  0.051043   0.096955   0.577113  -0.340967  -0.085428   0.028361  -0.003666  -0.072791   0.130186   0.000229  -0.012147   0.021543 
  0.045581   0.183053   0.571793  -0.354088  -0.073281   0.024694  -0.005462   0.086098  -0.005320  -0.013121   0.012147  -0.003667 
  0.046972   0.235922   0.571928  -0.381361  -0.073339   0.029679   0.001391   0.052869   0.000135  -0.027273  -0.000058   0.004985 
  0.046079   0.176608   0.565746  -0.354489  -0.080787   0.015584  -0.000893  -0.059314  -0.006182   0.026872  -0.007448  -0.014095 
  0.043943   0.125363   0.554260  -0.364057  -0.073281   0.017991  -0.002136  -0.051245  -0.011486  -0.009568   0.007506   0.002407 
  0.043042   0.206124   0.553634  -0.386689  -0.073281   0.025267  -0.000901   0.080761  -0.000626  -0.022632   0.000000   0.007276 
  0.042155   0.184127   0.560038  -0.373912  -0.085657   0.017934  -0.000887  -0.021997   0.006404   0.012777  -0.012376  -0.007333 
  0.046322   0.116639   0.567240  -0.347270  -0.073339   0.014209   0.004167  -0.067488   0.007202   0.026642   0.012318  -0.003725 
  0.043145   0.095613   0.576937  -0.391846  -0.073281   0.009339  -0.003177  -0.021026   0.009697  -0.044576   0.000058  -0.004870 
  0.043374   0.206744   0.547281  -0.383137  -0.089897   0.019309   0.000229   0.111131  -0.029656   0.008709  -0.016616   0.009970 
  0.046518   0.210644   0.572159  -0.397633  -0.093679   0.019251   0.003144   0.003900   0.024878  -0.014496  -0.003782  -0.000058 
  0.046990   0.165783   0.493119  -0.296047  -0.073339   0.016673   0.000472  -0.044861  -0.079040   0.101586   0.020340  -0.002578 
  0.050657   0.144042   0.219647  -0.051337  -0.086116  -0.011001   0.003667  -0.021741  -0.273472   0.244710  -0.012777  -0.027674 
  0.042688   0.066927   0.361438  -0.103018  -0.077063   0.005787  -0.007969  -0.077115   0.141791  -0.051681   0.009053   0.016788 
  0.038778   0.234375   0.349538  -0.141750  -0.075287   0.008308  -0.003910   0.167448  -0.011900  -0.038732   0.001776   0.002521 
  0.044453   0.230656   0.465070  -0.248434  -0.095397   0.002922   0.005675  -0.003719   0.115532  -0.106684  -0.020110  -0.005386 
  0.048481   0.172478   0.401955  -0.243679  -0.092934  -0.011230   0.004028  -0.058178  -0.063115   0.004755   0.002463  -0.014152 
  0.066320   0.159280   0.078914  -0.087261  -0.084282  -0.018449   0.017839  -0.013198  -0.323041   0.156418   0.008652  -0.007219 
  0.056994   0.068275   0.301186  -0.223454  -0.096543   0.014209  -0.009326  -0.091005   0.222272  -0.136193  -0.012261   0.032658 
  0.058153   0.210692   0.380384  -0.384970  -0.100096   0.023090   0.001159   0.142417   0.079198  -0.161516  -0.003553   0.008881 
  0.057670   0.256834   0.392754  -0.383538  -0.100096   0.021028  -0.000483   0.046142   0.012370   0.001432   0.000000  -0.002062 
  0.056712   0.203427   0.424087  -0.427427  -0.093278   0.025267  -0.000958  -0.053407   0.031333  -0.043889   0.006818   0.004239 
  0.056217   0.115646   0.445097  -0.397919  -0.089095   0.013522  -0.000495  -0.087781   0.021010   0.029508   0.004183  -0.011745 
  0.058329   0.181280   0.456550  -0.427770  -0.109263   0.019652   0.002112   0.065634   0.011453  -0.029851  -0.020168   0.006130 
  0.052953   0.207108   0.458953  -0.364172  -0.099867   0.014610  -0.005376   0.025828   0.002403   0.063598   0.009396  -0.005042 
  0.055256   0.113321   0.445581  -0.305329  -0.077063   0.018105   0.002303  -0.093787  -0.013372   0.058843   0.022804   0.003495 
  0.045627   0.118774   0.425423  -0.375058  -0.063197   0.029106  -0.009629   0.005453  -0.020158  -0.069729   0.013866   0.011001 
  0.051013   0.225073   0.432907  -0.390242  -0.073740   0.022632   0.005386   0.106299   0.007484  -0.015184  -0.010543  -0.006474 
  0.055932   0.226902   0.460119  -0.399352  -0.076375   0.015928   0.004919   0.001829   0.027212  -0.009110  -0.002635  -0.006704 
  0.047833   0.108022   0.478731  -0.398378  -0.079698   0.016730  -0.008099  -0.118880   0.018612   0.000974  -0.003323   0.000802 
  0.050476   0.141014   0.474703  -0.416598  -0.097403   0.027559   0.002643   0.032992  -0.004028  -0.018220  -0.017705   0.010829 
  0.051400   0.229849   0.460121  -0.404107  -0.097747   0.025439   0.000924   0.088835  -0.014582   0.012491  -0.000344  -0.002120 
  0.055408   0.183987   0.475743  -0.406628  -0.099580   0.019939   0.004008  -0.045862   0.015622  -0.002521  -0.001833  -0.005500 
  0.053160   0.066660   0.483727  -0.414764  -0.098320   0.015527  -0.002248  -0.117327   0.007984  -0.008136   0.001260  -0.004412 
  0.051221   0.116243   0.458762  -0.411384  -0.103591   0.032028  -0.001939   0.049583  -0.024965   0.003380  -0.005271   0.016501 
  0.051157   0.228993   0.475962  -0.448225  -0.106456   0.040737  -0.000064   0.112750   0.017200  -0.036841  -0.002865   0.008709 
  0.053375   0.204120   0.504129  -0.436537  -0.109206   0.026127   0.002218  -0.024873   0.028167   0.011688  -0.002750  -0.014610 
  0.052476   0.098413   0.527598  -0.419577  -0.090757   0.020569  -0.000899  -0.105707   0.023469   0.016960   0.018449  -0.005558 
  0.051419   0.090851   0.482600  -0.452350  -0.067437   0.016730  -0.001057  -0.007562  -0.044998  -0.032773   0.023320  -0.003839 
  0.050982   0.227254   0.469965  -0.463179  -0.092533   0.022403  -0.000437   0.136403  -0.012635  -0.010829  -0.025096   0.005673 
  0.054124   0.239145   0.473298  -0.447709  -0.096028   0.016215   0.003142   0.011891   0.003333   0.015470  -0.003495  -0.006188 
  0.059890   0.149996   0.472578  -0.410639  -0.067437   0.010199   0.005766  -0.089149  -0.000720   0.037070   0.028591  -0.006016 
  0.058488   0.105318   0.488000  -0.374600  -0.075401   0.013465  -0.001402  -0.044678   0.015422   0.036039  -0.007964   0.003266 
  0.052554   0.211016   0.466864  -0.379413  -0.088579   0.013063  -0.005934   0.105698  -0.021136  -0.004813  -0.013178  -0.000402 
  0.058359   0.227266   0.474657  -0.407946  -0.104393   0.016845   0.005805   0.016250   0.007793  -0.028533  -0.015814   0.003782 
  0.059100   0.127719   0.474364  -0.335066  -0.075459   0.005157   0.000741  -0.099547  -0.000293   0.072880   0.028934  -0.011688 
  0.056402   0.092170   0.460203  -0.331055  -0.087663   0.018621  -0.002698  -0.035549  -0.014161   0.004011  -0.012204   0.013464 
  0.054195   0.187508   0.433214  -0.325268  -0.104221   0.020741  -0.002207   0.095338  -0.026989   0.005787  -0.016558   0.002120 
  0.060339   0.216247   0.483723  -0.377636  -0.090585   0.030367   0.006144   0.028739   0.050509  -0.052368   0.013636   0.009626 
  0.060834   0.151565   0.488990  -0.377064  -0.087376   0.017189   0.000495  -0.064682   0.005267   0.000572   0.003209  -0.013178 
  0.057718   0.086737   0.472412  -0.379012  -0.093335   0.023319  -0.003116  -0.064828  -0.016578  -0.001948  -0.005959   0.006130 
  0.057146   0.153386   0.487226  -0.409722  -0.087777   0.020455  -0.000572   0.066649   0.014814  -0.030710   0.005558  -0.002864 
  0.059768   0.210283   0.482003  -0.392419  -0.089038   0.011688   0.002622   0.056897  -0.005223   0.017303  -0.001261  -0.008767 
  0.061771   0.167711   0.486990  -0.358156  -0.083824   0.008537   0.002003  -0.042572   0.004987   0.034263   0.005214  -0.003151 
  0.055843   0.063374   0.489942  -0.388293  -0.067437   0.010084  -0.005928  -0.104337   0.002952  -0.030137   0.016387   0.001547 
  0.052289   0.127428   0.492062  -0.383996  -0.096200   0.026356  -0.003554   0.064054   0.002120   0.004297  -0.028763   0.016272 
  0.057670   0.219448   0.495821  -0.357411  -0.104049   0.027903   0.005381   0.092020   0.003759   0.026585  -0.007849   0.001547 
  0.052711   0.158523   0.528539  -0.386002  -0.102330   0.032315  -0.004959  -0.060925   0.032718  -0.028591   0.001719   0.004412 
  0.048721   0.050858   0.504175  -0.416139  -0.102273   0.027215  -0.003990  -0.107665  -0.024364  -0.030137   0.000057  -0.005100 
  0.052327   0.159634   0.499859  -0.417973  -0.112701   0.032601   0.003606   0.108776  -0.004316  -0.001834  -0.010428   0.005386 
  0.059715   0.228491   0.511593  -0.412873  -0.087261   0.018621   0.007388   0.068857   0.011734   0.005100   0.025440  -0.013980 
  0.054351   0.176183   0.534083  -0.398034  -0.090928   0.022689  -0.005364  -0.052308   0.022490   0.014839  -0.003667   0.004068 
  0.053284   0.070139   0.511179  -0.394940  -0.087491   0.014668  -0.001067  -0.106044  -0.022904   0.003094   0.003437  -0.008021 
  0.051810   0.149248   0.505449  -0.417457  -0.099695   0.025267  -0.001474   0.079109  -0.005730  -0.022517  -0.012204   0.010599 
  0.062701   0.212979   0.552113  -0.432125  -0.105310   0.022116   0.010891   0.063731   0.046664  -0.014668  -0.005615  -0.003151 
  0.067099   0.196194   0.478728  -0.292438  -0.126165   0.022746   0.004398  -0.016785  -0.073385   0.139687  -0.020855   0.000630 
  0.049718   0.097909   0.524333  -0.469252  -0.136421   0.008193  -0.017381  -0.098285   0.045605  -0.176814  -0.010256  -0.014553 
  0.047818   0.068994   0.454934  -0.431495  -0.135390   0.031455  -0.001900  -0.028915  -0.069399   0.037757   0.001031   0.023262 
  0.053614   0.248364   0.419300  -0.425077  -0.120436   0.033289   0.005796   0.179370  -0.035634   0.006418   0.014954   0.001834 
  0.033943   0.201834   0.466026  -0.407545  -0.129030   0.006360  -0.019671  -0.046530   0.046726   0.017532  -0.008594  -0.026929 
  0.000664   0.186790   0.428900  -0.224829  -0.052426  -0.038445  -0.033279  -0.015044  -0.037126   0.182716   0.076604  -0.044805 
  0.010502   0.090965   0.471048  -0.037242  -0.078151   0.030023   0.009838  -0.095825   0.042148   0.187587  -0.025725   0.068468 
  0.022079   0.147170   0.475385  -0.448626  -0.085371   0.034664   0.011577   0.056205   0.004337  -0.411384  -0.007220   0.004641 
  0.031145   0.279162   0.512717  -0.547060  -0.091329   0.015241   0.009066   0.131992   0.037332  -0.098434  -0.005958  -0.019423 
  0.031717   0.221394   0.516873  -0.523168  -0.106971  -0.018048   0.000572  -0.057768   0.004156   0.023892  -0.015642  -0.033289 
  0.031393   0.089233   0.498122  -0.531132  -0.126108   0.010886  -0.000324  -0.132161  -0.018751  -0.007964  -0.019137   0.028934 
  0.029048   0.155031   0.485471  -0.562530  -0.132353   0.018678  -0.002345   0.065798  -0.012651  -0.031398  -0.006245   0.007792 
  0.030346   0.249182   0.499584  -0.566140  -0.134989   0.021601   0.001298   0.094151   0.014113  -0.003610  -0.002636   0.002923 
  0.035413   0.234962   0.558400  -0.585391  -0.138598   0.015871   0.005067  -0.014220   0.058816  -0.019251  -0.003609  -0.005730 
  0.038869   0.137721   0.577674  -0.538924  -0.145531   0.019251   0.003456  -0.097241   0.019274   0.046467  -0.006933   0.003380 
  0.039372   0.097050   0.597201  -0.552618  -0.143354   0.007850   0.000503  -0.040671   0.019527  -0.013694   0.002177  -0.011401 
  0.041039   0.203683   0.586288  -0.577541  -0.139286   0.016558   0.001667   0.106633  -0.010913  -0.024923   0.004068   0.008708 
  0.041286   0.203266   0.595561  -0.581953  -0.137166   0.003323   0.000247  -0.000417   0.009273  -0.004412   0.002120  -0.013235 
  0.042670   0.141880   0.589540  -0.569291  -0.161803   0.020283   0.001384  -0.061386  -0.006021   0.012662  -0.024637   0.016960 
  0.041964   0.129007   0.565781  -0.599944  -0.140718   0.019079  -0.000706  -0.012873  -0.023759  -0.030653   0.021085  -0.001204 
  0.040084   0.220607   0.577917  -0.610888  -0.134473   0.044404  -0.001880   0.091600   0.012136  -0.010944   0.006245   0.025325 
  0.049044   0.237705   0.588047  -0.613982  -0.136822   0.033862   0.008960   0.017098   0.010130  -0.003094  -0.002349  -0.010542 
  0.040946   0.105774   0.572226  -0.583156  -0.134989   0.019595  -0.008098  -0.131931  -0.015821   0.030826   0.001833  -0.014267 
  0.029924   0.154468   0.544488  -0.589402  -0.107773   0.022804  -0.011022   0.048694  -0.027738  -0.006246   0.027216   0.003209 
  0.030749   0.193079   0.561680  -0.626357  -0.107773   0.051910   0.000825   0.038611   0.017192  -0.036955   0.000000   0.029106 
  0.039785   0.234374   0.555466  -0.613351  -0.121066   0.031685   0.009036   0.041295  -0.006214   0.013006  -0.013293  -0.020225 
  0.039835   0.195701   0.615687  -0.573989  -0.114878   0.034263   0.000050  -0.038673   0.060221   0.039362   0.006188   0.002578 
  0.040557   0.083520   0.585818  -0.566254  -0.092132   0.030195   0.000722  -0.112181  -0.029869   0.007735   0.022746  -0.004068 
  0.041439   0.138957   0.578090  -0.575135  -0.104221   0.027617   0.000882   0.055437  -0.007728  -0.008881  -0.012089  -0.002578 
  0.038572   0.211824   0.561514  -0.563676  -0.094653   0.030195  -0.002867   0.072867  -0.016576   0.011459   0.009568   0.002578 
  0.044031   0.237318   0.595991  -0.597710  -0.092189   0.027674   0.005459   0.025494   0.034477  -0.034034   0.002464  -0.002521 
  0.041773   0.188679   0.615963  -0.584360  -0.114420   0.013465  -0.002258  -0.048639   0.019972   0.013350  -0.022231  -0.014209 
  0.038187   0.069337   0.685262  -0.550899  -0.149370   0.021715  -0.003586  -0.119342   0.069299   0.033461  -0.034950   0.008250 
  0.030692   0.098697   0.618780  -0.604528  -0.096429   0.038789  -0.007495   0.029360  -0.066482  -0.053629   0.052941   0.017074 
  0.035373   0.199009   0.521109  -0.533023  -0.084569   0.063312   0.004681   0.100312  -0.097671   0.071505   0.011860   0.024523 
  0.042486   0.275293   0.494330  -0.530444  -0.119863   0.045321   0.007113   0.076284  -0.026779   0.002579  -0.035294  -0.017991 
  0.042719   0.195825   0.602456  -0.574963  -0.126223   0.025210   0.000233  -0.079468   0.108126  -0.044519  -0.006360  -0.020111 
  0.040695   0.094668   0.516487  -0.536976  -0.121754   0.026814  -0.002024  -0.101157  -0.085969   0.037987   0.004469   0.001604 
  0.039687   0.110631   0.499166  -0.564764  -0.121295   0.031112  -0.001008   0.015963  -0.017321  -0.027788   0.000459   0.004298 
  0.037899   0.198094   0.528154  -0.627561  -0.144385   0.033919  -0.001788   0.087463   0.028988  -0.062797  -0.023090   0.002807 
  0.027167   0.239275   0.535180  -0.604012  -0.176242   0.016100  -0.010732   0.041181   0.007026   0.023549  -0.031857  -0.017819 
  0.028356   0.205966   0.437972  -0.517610  -0.164955   0.017819   0.001189  -0.033309  -0.097208   0.086402   0.011287   0.001719 
  0.070830   0.152982   0.094732  -0.268431  -0.189706   0.035351   0.042474  -0.052984  -0.343240   0.249179  -0.024751   0.017532 
  0.058679   0.071261   0.296946  -0.442152  -0.163981   0.032372  -0.012151  -0.081721   0.202214  -0.173721   0.025725  -0.002979 
  0.067993   0.176218   0.211640  -0.304069  -0.142094   0.037185   0.009314   0.104957  -0.085306   0.138083   0.021887   0.004813 
  0.071250   0.138775   0.375567  -0.534799  -0.146620   0.046352   0.003257  -0.037443   0.163927  -0.230730  -0.004526   0.009167 
  0.065671   0.015481   0.436403  -0.503573  -0.128228   0.047555  -0.005579  -0.123294   0.060836   0.031226   0.018392   0.001203 
  0.060384   0.055276   0.337774  -0.513084  -0.137854   0.043487  -0.005287   0.039795  -0.098629  -0.009511  -0.009626  -0.004068 
  0.046400   0.198721   0.445755  -0.528210  -0.122040   0.058098  -0.013984   0.143445   0.107981  -0.015126   0.015814   0.014611 
  0.051139   0.222626   0.622250  -0.555253  -0.148453   0.047040   0.004739   0.023905   0.176495  -0.027043  -0.026413  -0.011058 
  0.055392   0.234118   0.787924  -0.566483  -0.151032   0.047613   0.004253   0.011492   0.165674  -0.011230  -0.002579   0.000573 
  0.081772   0.142457   1.076032  -0.499218  -0.189592   0.032258   0.026380  -0.091661   0.288108   0.067265  -0.038560  -0.015355 
  0.088283   0.044081   0.991147  -0.588714  -0.193832   0.020283   0.006511  -0.098376  -0.084885  -0.089496  -0.004240  -0.011975 
  0.066365   0.236322   0.526023  -0.604872  -0.161345   0.037987  -0.021918   0.192241  -0.465124  -0.016158   0.032487   0.017704 
  0.073420   0.179116   0.505802  -0.671965  -0.176299   0.026872   0.007055  -0.057206  -0.020221  -0.067093  -0.014954  -0.011115 
  0.069060   0.071186   0.452508  -0.669788  -0.188847   0.043373  -0.004360  -0.107930  -0.053294   0.002177  -0.012548   0.016501 
  0.066184   0.121529   0.365369  -0.677293  -0.194118   0.050649  -0.002876   0.050343  -0.087139  -0.007505  -0.005271   0.007276 
  0.070967   0.226788   0.427372  -0.700555  -0.201509   0.071562   0.004783   0.105259   0.062003  -0.023262  -0.007391   0.020913 
  0.075535   0.210978   0.497491  -0.673798  -0.203572   0.057468   0.004568  -0.015810   0.070119   0.026757  -0.002063  -0.014094 
  0.076451   0.096735   0.552649  -0.638160  -0.196467   0.048931   0.000916  -0.114243   0.055158   0.035638   0.007105  -0.008537 
  0.065331   0.049416   0.528428  -0.602007  -0.198702   0.071276  -0.011120  -0.047319  -0.024221   0.036153  -0.002235   0.022345 
  0.065404   0.165966   0.579541  -0.601606  -0.216234   0.074943   0.000073   0.116550   0.051113   0.000401  -0.017532   0.003667 
  0.065827   0.188497   0.639413  -0.615299  -0.219672   0.059129   0.000423   0.022531   0.059872  -0.013693  -0.003438  -0.015814 
  0.063131   0.129820   0.673762  -0.586938  -0.207869   0.042915  -0.002696  -0.058677   0.034349   0.028361   0.011803  -0.016214 
  0.059844   0.040298   0.699639  -0.581438  -0.186211   0.066177  -0.003287  -0.089522   0.025877   0.005500   0.021658   0.023262 
  0.054333   0.097118   0.646247  -0.619768  -0.180023   0.096372  -0.005511   0.056820  -0.053392  -0.038330   0.006188   0.030195 
  0.056663   0.201312   0.658804  -0.634665  -0.180023   0.088178   0.002330   0.104194   0.012557  -0.014897   0.000000  -0.008194 
  0.054827   0.186075   0.716843  -0.602064  -0.194405   0.068812  -0.001836  -0.015237   0.058039   0.032601  -0.014382  -0.019366 
  0.060895   0.087045   0.711546  -0.580807  -0.222193   0.068468   0.006068  -0.099030  -0.005297   0.021257  -0.027788  -0.000344 
  0.058351   0.064161   0.666524  -0.604069  -0.180023   0.069844  -0.002544  -0.022884  -0.045022  -0.023262   0.042170   0.001376 
  0.056464   0.145029   0.599512  -0.620628  -0.180023   0.064286  -0.001887   0.080868  -0.067012  -0.016559   0.000000  -0.005558 
  0.066585   0.187948   0.551301  -0.602637  -0.180023   0.071677   0.010121   0.042919  -0.048211   0.017991   0.000000   0.007391 
  0.071645   0.177195   0.450253  -0.558691  -0.180023   0.052598   0.005060  -0.010753  -0.101048   0.043946   0.000000  -0.019079 
  0.068305   0.092645   0.242006  -0.409779  -0.200535   0.075229  -0.003340  -0.084550  -0.208247   0.148912  -0.020512   0.022631 
  0.060764   0.047704   0.354070  -0.456533  -0.180023   0.073052  -0.007541  -0.044941   0.112064  -0.046754   0.020512  -0.002177 
  0.057687   0.162428   0.450888  -0.523569  -0.187300   0.072422  -0.003077   0.114724   0.096818  -0.067036  -0.007277  -0.000630 
  0.063960   0.181700   0.320227  -0.288599  -0.174408   0.052426   0.006273   0.019272  -0.130661   0.234970   0.012892  -0.019996 
  0.077692   0.132766   0.112849   0.015470  -0.162892   0.049102   0.013732  -0.048934  -0.207378   0.304069   0.011516  -0.003324 
  0.065608   0.083339   0.247899  -0.085829  -0.167762   0.069901  -0.012084  -0.049427   0.135050  -0.101299  -0.004870   0.020799 
  0.062457   0.147867   0.193750  -0.172861  -0.163809   0.057067  -0.003151   0.064528  -0.054149  -0.087032   0.003953  -0.012834 
  0.084149   0.120825   0.162889  -0.198014  -0.170684   0.055348   0.021692  -0.027042  -0.030861  -0.025153  -0.006875  -0.001719 
  0.078149   0.134365   0.250878  -0.178419  -0.154756   0.020913  -0.006000   0.013540   0.087989   0.019595   0.015928  -0.034435 
  0.067821   0.061354   0.293373  -0.138713  -0.165298   0.025955  -0.010328  -0.073011   0.042495   0.039706  -0.010542   0.005042 
  0.065788   0.131309   0.331636  -0.244710  -0.179909   0.046639  -0.002033   0.069955   0.038263  -0.105997  -0.014611   0.020684 
  0.073054   0.212032   0.364279  -0.345092  -0.179909   0.051051   0.007266   0.080723   0.032643  -0.100382   0.000000   0.004412 
  0.073401   0.171535   0.392089  -0.352656  -0.165929   0.044060   0.000347  -0.040497   0.027810  -0.007564   0.013980  -0.006991 
  0.069843   0.102023   0.396494  -0.356093  -0.168163   0.048873  -0.003558  -0.069512   0.004405  -0.003437  -0.002234   0.004813 
  0.069229   0.091021   0.392136  -0.357239  -0.179851   0.052540  -0.000614  -0.011002  -0.004358  -0.001146  -0.011688   0.003667 
  0.068444   0.177569   0.418842  -0.388809  -0.179909   0.054546  -0.000785   0.086548   0.026706  -0.031570  -0.000058   0.002006 
  0.062276   0.189117   0.467895  -0.389382  -0.179909   0.061536  -0.006168   0.011548   0.049053  -0.000573   0.000000   0.006990 
  0.062029   0.112479   0.454882  -0.381991  -0.193087   0.062395  -0.000247  -0.076638  -0.013013   0.007391  -0.013178   0.000859 
  0.060386   0.088036   0.427545  -0.344290  -0.185237   0.059759  -0.001643  -0.024443  -0.027337   0.037701   0.007850  -0.002636 
  0.066213   0.159590   0.416964  -0.394195  -0.179909   0.062223   0.005827   0.071554  -0.010581  -0.049905   0.005328   0.002464 
  0.061771   0.202315   0.392953  -0.428401  -0.179909   0.060218  -0.004442   0.042725  -0.024011  -0.034206   0.000000  -0.002005 
  0.063777   0.107189   0.434494  -0.423588  -0.172460   0.049045   0.002006  -0.095126   0.041541   0.004813   0.007449  -0.011173 
  0.065184   0.074374   0.425869  -0.398148  -0.170627   0.063770   0.001407  -0.032815  -0.008625   0.025440   0.001833   0.014725 
  0.056512   0.122452   0.441955  -0.435677  -0.176471   0.075172  -0.008672   0.048078   0.016086  -0.037529  -0.005844   0.011402 
  0.064719   0.163228   0.509644  -0.477102  -0.189649   0.069614   0.008207   0.040776   0.067689  -0.041425  -0.013178  -0.005558 
  0.064785   0.163258   0.535715  -0.477732  -0.173492   0.048071   0.000066   0.000030   0.026071  -0.000630   0.016157  -0.021543 
  0.058903   0.097419   0.499636  -0.434990  -0.181112   0.065145  -0.005882  -0.065839  -0.036079   0.042742  -0.007620   0.017074 
  0.059683   0.080959   0.531465  -0.421468  -0.198530   0.075573   0.000780  -0.016460   0.031829   0.013522  -0.017418   0.010428 
  0.060918   0.139156   0.567082  -0.426109  -0.204718   0.075974   0.001235   0.058197   0.035617  -0.004641  -0.006188   0.000401 
  0.057675   0.165059   0.555469  -0.413274  -0.182544   0.060905  -0.003243   0.025903  -0.011613   0.012835   0.022174  -0.015069 
  0.062824   0.157347   0.553423  -0.416197  -0.196295   0.061822   0.005149  -0.007712  -0.002046  -0.002923  -0.013751   0.000917 
  0.059689   0.125128   0.540056  -0.385200  -0.186154   0.052941  -0.003135  -0.032219  -0.013367   0.030997   0.010141  -0.008881 
  0.061625   0.048336   0.535707  -0.403362  -0.182716   0.044003   0.001936  -0.076792  -0.004349  -0.018162   0.003438  -0.008938 
  0.064093   0.072922   0.496819  -0.421468  -0.187930   0.050363   0.002468   0.024586  -0.038888  -0.018106  -0.005214   0.006360 
  0.059698   0.119821   0.500311  -0.451548  -0.188446   0.069041  -0.004395   0.046899   0.003492  -0.030080  -0.000516   0.018678 
  0.060113   0.188991   0.477498  -0.430807  -0.191311   0.061650   0.000415   0.069170  -0.022813   0.020741  -0.002865  -0.007391 
  0.064144   0.161408   0.227171  -0.236574  -0.161173   0.042342   0.004031  -0.027583  -0.250327   0.194233   0.030138  -0.019308 
  0.060497   0.123919   0.332516  -0.402216  -0.136650   0.056264  -0.003647  -0.037489   0.105345  -0.165642   0.024523   0.013922 
  0.058679   0.123939   0.417335  -0.462205  -0.165642   0.056150  -0.001818   0.000020   0.084819  -0.059989  -0.028992  -0.000114 
  0.062169   0.090895   0.452806  -0.443183  -0.163064   0.049274   0.003490  -0.033044   0.035471   0.019022   0.002578  -0.006876 
  0.062571   0.014117   0.452822  -0.428171  -0.161173   0.058614   0.000402  -0.076778   0.000016   0.015012   0.001891   0.009340 
  0.063379   0.105696   0.467478  -0.441464  -0.155845   0.046639   0.000808   0.091579   0.014656  -0.013293   0.005328  -0.011975 
  0.065522   0.176530   0.483140  -0.466789  -0.165356   0.056780   0.002143   0.070834   0.015662  -0.025325  -0.009511   0.010141 
  0.059294   0.158292   0.517721  -0.460543  -0.172002   0.052254  -0.006228  -0.018238   0.034581   0.006246  -0.006646  -0.004526 
  0.064980   0.105178   0.553552  -0.467648  -0.162204   0.056436   0.005686  -0.053114   0.035831  -0.007105   0.009798   0.004182 
  0.061863   0.052749   0.547030  -0.473664  -0.177044   0.052311  -0.003117  -0.052429  -0.006522  -0.006016  -0.014840  -0.004125 
  0.060845   0.094781   0.553488  -0.469482  -0.177101   0.060963  -0.001018   0.042032   0.006458   0.004182  -0.000057   0.008652 
  0.061920   0.065373   0.584040  -0.485582  -0.191769   0.065088   0.001075  -0.029408   0.030552  -0.016100  -0.014668   0.004125 
  0.063084   0.142759   0.564954  -0.490051  -0.196983   0.062796   0.001164   0.077386  -0.019086  -0.004469  -0.005214  -0.002292 
  0.059459   0.218925   0.499587  -0.488217  -0.174924   0.069213  -0.003625   0.076166  -0.065367   0.001834   0.022059   0.006417 
  0.059871   0.165102   0.488603  -0.428916  -0.171372   0.056952   0.000412  -0.053823  -0.010984   0.059301   0.003552  -0.012261 
  0.042815   0.111517   0.409996  -0.387262  -0.172689   0.020741  -0.017056  -0.053585  -0.078607   0.041654  -0.001317  -0.036211 
  0.057985   0.096469   0.090728  -0.272556  -0.178935   0.028705   0.015170  -0.015048  -0.319268   0.114706  -0.006246   0.007964 
  0.062174  -0.034164   0.209330  -0.257315  -0.196181   0.043258   0.004189  -0.130633   0.118602   0.015241  -0.017246   0.014553 
  0.064010   0.137495   0.273445  -0.268259  -0.184435   0.043602   0.001836   0.171659   0.064115  -0.010944   0.011746   0.000344 
  0.067120   0.121462   0.245657  -0.316788  -0.173950   0.050019   0.003110  -0.016033  -0.027788  -0.048529   0.010485   0.006417 
  0.054413   0.161238   0.179990  -0.329451  -0.175669   0.036841  -0.012707   0.039776  -0.065667  -0.012663  -0.001719  -0.013178 
  0.048722   0.154504   0.296806  -0.413504  -0.189649   0.035065  -0.005691  -0.006734   0.116816  -0.084053  -0.013980  -0.001776 
  0.048513   0.054847   0.294075  -0.384168  -0.183919   0.055691  -0.000209  -0.099657  -0.002731   0.029336   0.005730   0.020626 
  0.047404   0.098770   0.490677  -0.412988  -0.194004   0.035581  -0.001109   0.043923   0.196602  -0.028820  -0.010085  -0.020110 
  0.053207   0.148388   0.414518  -0.397232  -0.196582   0.031455   0.005803   0.049618  -0.076159   0.015756  -0.002578  -0.004126 
  0.051962   0.183872   0.394432  -0.411040  -0.197097   0.032544  -0.001245   0.035484  -0.020086  -0.013808  -0.000515   0.001089 
  0.034525   0.157334   0.365857  -0.355348  -0.212166   0.003438  -0.017437  -0.026538  -0.028575   0.055692  -0.015069  -0.029106 
  0.055995   0.127384   0.044236  -0.222308  -0.192457   0.000745   0.021470  -0.029950  -0.321621   0.133040   0.019709  -0.002693 
  0.063052   0.013314   0.189898  -0.263102  -0.196582   0.035008   0.007057  -0.114070   0.145662  -0.040794  -0.004125   0.034263 
  0.058188   0.108712   0.324403  -0.316387  -0.183862   0.058900  -0.004864   0.095398   0.134505  -0.053285   0.012720   0.023892 
  0.058142   0.201452   0.382145  -0.422556  -0.225230   0.063827  -0.000046   0.092740   0.057742  -0.106169  -0.041368   0.004927 
  0.052950   0.149396   0.418652  -0.465700  -0.231360   0.024465  -0.005192  -0.052056   0.036507  -0.043144  -0.006130  -0.039362 
  0.057240   0.100961   0.415329  -0.441808  -0.217724   0.044175   0.004290  -0.048435  -0.003323   0.023892   0.013636   0.019710 
  0.054773   0.044282   0.415848  -0.443985  -0.222480   0.040508  -0.002467  -0.056679   0.000519  -0.002177  -0.004756  -0.003667 
  0.060623   0.138434   0.444406  -0.481686  -0.240298   0.043831   0.005850   0.094152   0.028558  -0.037701  -0.017818   0.003323 
  0.062287   0.168422   0.484191  -0.489764  -0.243450   0.029164   0.001664   0.029988   0.039785  -0.008078  -0.003152  -0.014667 
  0.062587   0.145102   0.504806  -0.461575  -0.244481   0.026127   0.000300  -0.023320   0.020615   0.028189  -0.001031  -0.003037 
  0.064602   0.054558   0.483964  -0.419348  -0.218010   0.037586   0.002015  -0.090544  -0.020842   0.042227   0.026471   0.011459 
  0.062671   0.106252   0.484065  -0.431036  -0.209760   0.035581  -0.001931   0.051694   0.000101  -0.011688   0.008250  -0.002005 
  0.060943   0.186460   0.495466  -0.443699  -0.192915   0.050993  -0.001728   0.080208   0.011401  -0.012663   0.016845   0.015412 
  0.050768   0.167489   0.461957  -0.391903  -0.204947   0.042112  -0.010175  -0.018971  -0.033509   0.051796  -0.012032  -0.008881 
  0.048077   0.173784   0.087455  -0.311517  -0.160944   0.039649  -0.002691   0.006295  -0.374502   0.080386   0.044003  -0.002463 
  0.059513   0.037066   0.144838  -0.279833  -0.149599   0.006474   0.011436  -0.136718   0.057383   0.031684   0.011345  -0.033175 
  0.060005   0.095437   0.301916  -0.344405  -0.173721   0.043889   0.000492   0.058371   0.157078  -0.064572  -0.024122   0.037415 
  0.058054   0.183079   0.410336  -0.453553  -0.185696   0.042571  -0.001951   0.087642   0.108420  -0.109148  -0.011975  -0.001318 
  0.056840   0.167480   0.436707  -0.424390  -0.189821   0.044977  -0.001214  -0.015599   0.026371   0.029163  -0.004125   0.002406 
  0.054803   0.082478   0.439087  -0.426395  -0.180424   0.030539  -0.002037  -0.085002   0.002380  -0.002005   0.009397  -0.014438 
  0.052146   0.061360   0.473490  -0.450746  -0.206208   0.036497  -0.002657  -0.021118   0.034403  -0.024351  -0.025784   0.005958 
  0.035581   0.126481   0.090252  -0.211250  -0.152579  -0.017074  -0.016565   0.065121  -0.383238   0.239496   0.053629  -0.053571 
  0.043511   0.093508  -0.096200  -0.181284  -0.155042  -0.001490   0.007930  -0.032973  -0.186452   0.029966  -0.002463   0.015584 
  0.053480   0.102754   0.117689  -0.297537  -0.137911   0.008365   0.009969   0.009246   0.213889  -0.116253   0.017131   0.009855 
  0.047023   0.033323   0.191320  -0.221276  -0.158194   0.011631  -0.006457  -0.069431   0.073631   0.076261  -0.020283   0.003266 
  0.048375   0.063711   0.329187  -0.181055  -0.165699   0.021601   0.001352   0.030388   0.137867   0.040221  -0.007505   0.009970 
  0.046557   0.136719   0.321454  -0.262701  -0.178419   0.038044  -0.001818   0.073008  -0.007733  -0.081646  -0.012720   0.016443 
  0.038141   0.161925   0.218276  -0.210562  -0.167705   0.050420  -0.008416   0.025206  -0.103178   0.052139   0.010714   0.012376 
  0.049148   0.111519   0.004605  -0.057582  -0.141521   0.041024   0.011007  -0.050406  -0.213671   0.152980   0.026184  -0.009396 
  0.052218   0.025853   0.229417  -0.152636  -0.157678   0.049504   0.003070  -0.085666   0.224812  -0.095054  -0.016157   0.008480 
  0.046355   0.117770   0.405589  -0.269519  -0.181513   0.054603  -0.005863   0.091917   0.176172  -0.116883  -0.023835   0.005099 
  0.052891   0.155325   0.405850  -0.321487  -0.192457   0.053629   0.006536   0.037555   0.000261  -0.051968  -0.010944  -0.000974 
  0.051943   0.172210   0.393777  -0.326185  -0.184091   0.038331  -0.000948   0.016885  -0.012073  -0.004698   0.008366  -0.015298 
  0.060422   0.128453   0.405797  -0.293068  -0.188560   0.038847   0.008479  -0.043757   0.012020   0.033117  -0.004469   0.000516 
  0.055395   0.057254   0.439328  -0.316158  -0.197212   0.052196  -0.005027  -0.071199   0.033531  -0.023090  -0.008652   0.013349 
  0.055228   0.126285   0.449014  -0.334665  -0.211708   0.040451  -0.000167   0.069031   0.009686  -0.018507  -0.014496  -0.011745 
  0.060247   0.193647   0.389053  -0.359073  -0.201051   0.052655   0.005019   0.067362  -0.059961  -0.024408   0.010657   0.012204 
  0.062558   0.133950   0.375893  -0.343202  -0.211708   0.056666   0.002311  -0.059697  -0.013160   0.015871  -0.010657   0.004011 
  0.056711   0.038293   0.390620  -0.331914  -0.211708   0.058843  -0.005847  -0.095657   0.014727   0.011288   0.000000   0.002177 
  0.059561   0.106644   0.431107  -0.368584  -0.211708   0.063942   0.002850   0.068351   0.040487  -0.036670   0.000000   0.005099 
  0.061983   0.171838   0.443197  -0.402904  -0.184263   0.056436   0.002422   0.065194   0.012090  -0.034320   0.027445  -0.007506 
  0.056378   0.132513   0.454930  -0.366521  -0.197556   0.058384  -0.005605  -0.039325   0.011733   0.036383  -0.013293   0.001948 
  0.055829   0.045696   0.475621  -0.394653  -0.190967   0.057410  -0.000549  -0.086817   0.020691  -0.028132   0.006589  -0.000974 
  0.057259   0.139881   0.436695  -0.402503  -0.200478   0.054546   0.001430   0.094185  -0.038926  -0.007850  -0.009511  -0.002864 
  0.067174   0.184231   0.208128  -0.313408  -0.144844   0.067552   0.009915   0.044350  -0.228567   0.089095   0.055634   0.013006 
  0.071320   0.093499   0.243800  -0.314439  -0.138770   0.056608   0.004146  -0.090732   0.035672  -0.001031   0.006074  -0.010944 
  0.063812   0.034599   0.352994  -0.349791  -0.172575   0.055233  -0.007508  -0.058900   0.109194  -0.035352  -0.033805  -0.001375 
  0.063102   0.127444   0.376647  -0.373568  -0.183518   0.065317  -0.000710   0.092845   0.023653  -0.023777  -0.010943   0.010084 
  0.066482   0.201562   0.420589  -0.393679  -0.169882   0.058556   0.003380   0.074118   0.043942  -0.020111   0.013636  -0.006761 
  0.066222   0.142892   0.450630  -0.407430  -0.176414   0.052941  -0.000260  -0.058670   0.030041  -0.013751  -0.006532  -0.005615 
  0.063821   0.054310   0.411122  -0.410467  -0.185409   0.061478  -0.002401  -0.088582  -0.039508  -0.003037  -0.008995   0.008537 
  0.059204   0.121126   0.360202  -0.402044  -0.199504   0.069901  -0.004617   0.066816  -0.050920   0.008423  -0.014095   0.008423 
  0.064274   0.212361   0.384329  -0.419233  -0.187071   0.066234   0.005070   0.091235   0.024127  -0.017189   0.012433  -0.003667 
  0.062408   0.167158   0.414182  -0.408462  -0.183919   0.067494  -0.001866  -0.045203   0.029853   0.010771   0.003152   0.001260 
  0.065078   0.096066   0.418840  -0.390184  -0.178018   0.058155   0.002670  -0.071092   0.004658   0.018278   0.005901  -0.009339 
  0.064059   0.079632   0.402027  -0.396258  -0.178018   0.047899  -0.001019  -0.016434  -0.016813  -0.006074   0.000000  -0.010256 
  0.063046   0.146346   0.433465  -0.439917  -0.188446   0.058327  -0.001013   0.066714   0.031438  -0.043659  -0.010428   0.010428 
  0.064983   0.177859   0.442375  -0.432755  -0.203916   0.065374   0.001937   0.031513   0.008910   0.007162  -0.015470   0.007047 
  0.064850   0.116690   0.442247  -0.404680  -0.178018   0.055348  -0.000133  -0.061169  -0.000128   0.028075   0.025898  -0.010026 
  0.062969   0.075942   0.457727  -0.377866  -0.184091   0.060734  -0.001881  -0.040748   0.015480   0.026814  -0.006073   0.005386 
  0.061950   0.185266   0.442044  -0.381017  -0.195264   0.056436  -0.001019   0.109324  -0.015683  -0.003151  -0.011173  -0.004298 
  0.092513   0.105382   0.163340  -0.190451  -0.170799   0.018621   0.030563  -0.079884  -0.278704   0.190566   0.024465  -0.037815 
  0.114528   0.006264   0.234104  -0.129488  -0.165184  -0.015871   0.022015  -0.099118   0.070764   0.060963   0.005615  -0.034492 
  0.083079   0.066741   0.315105  -0.129374  -0.103476  -0.009568  -0.031449   0.060477   0.081001   0.000114   0.061708   0.006303 
  0.073296   0.170916   0.082368  -0.056608  -0.133327   0.008537  -0.009783   0.104175  -0.232737   0.072766  -0.029851   0.018105 
  0.078377   0.102281  -0.112781  -0.027502  -0.146677   0.019194   0.005081  -0.068635  -0.195149   0.029106  -0.013350   0.010657 
  0.073806   0.063562   0.001574  -0.080042  -0.111612   0.019251  -0.004571  -0.038719   0.114355  -0.052540   0.035065   0.000057 
  0.065732   0.051693   0.109399  -0.139401  -0.119977   0.019251  -0.008074  -0.011869   0.107825  -0.059359  -0.008365   0.000000 
  0.064055   0.131688   0.147649  -0.148052  -0.114133   0.033002  -0.001677   0.079995   0.038250  -0.008651   0.005844   0.013751 
  0.061263   0.163959   0.200935  -0.182774  -0.127254   0.037357  -0.002792   0.032271   0.053286  -0.034722  -0.013121   0.004355 
  0.064109   0.133267   0.228055  -0.218641  -0.120493   0.019251   0.002846  -0.030692   0.027120  -0.035867   0.006761  -0.018106 
  0.060996   0.032262   0.279512  -0.146391  -0.098320   0.011803  -0.003113  -0.101005   0.051457   0.072250   0.022173  -0.007448 
  0.057029   0.063814   0.400710  -0.105367  -0.105768   0.015527  -0.003967   0.031552   0.121198   0.041024  -0.007448   0.003724 
  0.059748   0.149562   0.359500  -0.128457  -0.134645   0.027158   0.002719   0.085748  -0.041210  -0.023090  -0.028877   0.011631 
  0.059177   0.205230   0.284180  -0.160944  -0.129947   0.024981  -0.000571   0.055668  -0.075320  -0.032487   0.004698  -0.002177 
  0.057077   0.110331   0.291578  -0.124446  -0.129947   0.013694  -0.002100  -0.094899   0.007398   0.036498   0.000000  -0.011287 
  0.052363   0.040033   0.287523  -0.047326  -0.090184  -0.006875  -0.004714  -0.070298  -0.004055   0.077120   0.039763  -0.020569 
  0.056258   0.112445   0.320917  -0.060562  -0.094080  -0.000401   0.003895   0.072412   0.033394  -0.013236  -0.003896   0.006474 
