  0.000000   0.000000   0.000000   0.000000   0.000000   0.000000   0.000000   0.000000   0.000000   0.000000   0.000000   0.000000 
 -1.780276   0.602724  -0.301446  -0.021429   0.036898  -0.679241  -1.780276   0.602724  -0.301446  -0.021429   0.036898  -0.679241 
 -4.002624   0.757265   0.467766  -0.329451   0.565968  -0.985373  -2.222348   0.154541   0.769212  -0.308022   0.529070  -0.306132 
 -4.248252   1.982991  -0.082865  -0.099924   0.493890  -0.793948  -0.245628   1.225726  -0.550631   0.229527  -0.072078   0.191425 
 -4.651133   1.958074  -0.220551  -0.438141   0.723932  -0.835945  -0.402881  -0.024917  -0.137686  -0.338217   0.230042  -0.041997 
 -4.900767   2.036065  -0.382609  -0.349676   0.814460  -0.747137  -0.249634   0.077991  -0.162058   0.088465   0.090528   0.088808 
 -5.154872   2.194245  -0.570735  -0.268717   1.025365  -0.886881  -0.254105   0.158180  -0.188126   0.080959   0.210905  -0.139744 
 -5.210293   2.358402  -0.909199  -0.189363   1.312073  -1.127352  -0.055421   0.164157  -0.338464   0.079354   0.286708  -0.240471 
 -5.227700   2.371543  -0.885468  -0.039763   1.447234  -1.167172  -0.017407   0.013141   0.023731   0.149600   0.135161  -0.039820 
 -5.302817   2.472644  -0.918347  -0.103992   1.473418  -1.287551  -0.075117   0.101101  -0.032879  -0.064229   0.026184  -0.120379 
 -5.222490   2.484691  -0.705402  -0.348072   1.226760  -1.174162   0.080327   0.012047   0.212945  -0.244080  -0.246658   0.113389 
 -5.332033   2.553496  -0.927166   0.056379   1.417039  -1.215358  -0.109543   0.068805  -0.221764   0.404451   0.190279  -0.041196 
 -5.393617   2.770064  -1.060003   0.290547   1.388219  -1.146317  -0.061584   0.216568  -0.132837   0.234168  -0.028820   0.069041 
 -5.463061   2.866450  -1.210195   0.259435   1.414289  -1.053497  -0.069444   0.096386  -0.150192  -0.031112   0.026070   0.092820 
 -5.410601   2.827725  -1.219143   0.183003   1.447692  -1.047424   0.052460  -0.038725  -0.008948  -0.076432   0.033403   0.006073 
 -5.521231   2.832709  -1.231835   0.252331   1.469751  -1.138868  -0.110630   0.004984  -0.012692   0.069328   0.022059  -0.091444 
 -5.589340   2.834116  -1.247615   0.209703   1.564920  -1.126607  -0.068109   0.001407  -0.015780  -0.042628   0.095169   0.012261 
 -5.633154   2.864922  -1.280371   0.280577   1.488774  -1.158979  -0.043814   0.030806  -0.032756   0.070874  -0.076146  -0.032372 
 -5.556861   2.781824  -1.290816   0.295761   1.461558  -1.237073   0.076293  -0.083098  -0.010445   0.015184  -0.027216  -0.078094 
 -5.577740   2.874420  -1.416667   0.424504   1.384724  -1.237990  -0.020879   0.092596  -0.125851   0.128743  -0.076834  -0.000917 
 -5.686823   2.949214  -1.442557   0.338675   1.393777  -1.230083  -0.109083   0.074794  -0.025890  -0.085829   0.009053   0.007907 
 -5.683192   3.084947  -1.451193   0.412988   1.409935  -1.213124   0.003631   0.135733  -0.008636   0.074313   0.016158   0.016959 
 -5.683433   3.181902  -1.589334   0.517037   1.366390  -1.205274  -0.000241   0.096955  -0.138141   0.104049  -0.043545   0.007850 
 -5.693330   3.265751  -1.677719   0.659818   1.304797  -1.196221  -0.009897   0.083849  -0.088385   0.142781  -0.061593   0.009053 
 -5.658222   3.213585  -1.634438   0.611002   1.318376  -1.194789   0.035108  -0.052166   0.043281  -0.048816   0.013579   0.001432 
 -5.557797   3.221405  -1.562872   0.631801   1.360717  -1.142077   0.100425   0.007820   0.071566   0.020799   0.042341   0.052712 
 -5.506241   3.300345  -1.553735   0.686289   1.334190  -1.123628   0.051556   0.078940   0.009137   0.054488  -0.026527   0.018449 
 -5.565228   3.293413  -1.621369   0.758367   1.299583  -1.034246  -0.058987  -0.006932  -0.067634   0.072078  -0.034607   0.089382 
 -5.730216   3.396932  -1.704748   1.045247   1.293051  -0.962970  -0.164988   0.103519  -0.083379   0.286880  -0.006532   0.071276 
 -5.882608   3.751103  -1.624308   1.197711   1.141848  -0.906992  -0.152392   0.354171   0.080440   0.152464  -0.151203   0.055978 
 -5.997954   4.026443  -1.758413   1.391886   1.055732  -0.878344  -0.115346   0.275340  -0.134105   0.194175  -0.086116   0.028648 
 -6.147521   3.955211  -1.953777   1.480924   1.118127  -0.897252  -0.149567  -0.071232  -0.195364   0.089038   0.062395  -0.018908 
 -6.322280   2.828383  -1.082771   0.324466   1.029662  -0.984628  -0.174759  -1.126828   0.871006  -1.156458  -0.088465  -0.087376 
 -6.341605   3.095987  -1.357229   0.568947   1.048799  -0.909742  -0.019325   0.267604  -0.274458   0.244481   0.019137   0.074886 
 -6.369595   3.443881  -1.672907   0.915472   1.095152  -0.839498  -0.027990   0.347894  -0.315678   0.346525   0.046353   0.070244 
 -6.175759   3.625279  -1.917174   0.983024   0.969215  -0.820533   0.193836   0.181398  -0.244267   0.067552  -0.125937   0.018965 
 -5.989250   3.807989  -2.119411   0.939765   1.046966  -0.841389   0.186509   0.182710  -0.202237  -0.043259   0.077751  -0.020856 
 -6.023962   3.852832  -2.419924   0.878860   1.045533  -0.843337  -0.034712   0.044843  -0.300513  -0.060905  -0.001433  -0.001948 
 -6.085096   3.549201  -2.403691   0.584130   1.027313  -0.796870  -0.061134  -0.303631   0.016233  -0.294730  -0.018220   0.046467 
 -6.118655   3.405814  -2.209070   0.121295   0.960220  -0.696316  -0.033559  -0.143387   0.194621  -0.462835  -0.067093   0.100554 
 -6.055205   3.086061  -1.742865  -1.028345   0.556399  -0.696430   0.063450  -0.319753   0.466205  -1.149640  -0.403821  -0.000114 
 -6.355877   3.016100  -1.229721  -1.122825   0.690013  -0.695685  -0.300672  -0.069961   0.513144  -0.094480   0.133614   0.000745 
 -5.947862   4.198486  -2.352595  -0.770342   0.670819  -0.609914   0.408015   1.182386  -1.122874   0.352483  -0.019194   0.085771 
 -6.224521   4.224947  -1.647585  -1.261596  -0.051165  -0.870552  -0.276659   0.026461   0.705010  -0.491254  -0.721984  -0.260638 
 -6.210524   3.916874  -1.408811  -2.193798  -0.098262  -0.884991   0.013997  -0.308073   0.238774  -0.932202  -0.047097  -0.014439 
 -6.228810   3.915865  -1.466307  -2.450082  -0.168965  -0.968471  -0.018286  -0.001009  -0.057496  -0.256284  -0.070703  -0.083480 
 -6.301236   3.980034  -1.703729  -2.203768  -0.195837  -0.965205  -0.072426   0.064169  -0.237422   0.246314  -0.026872   0.003266 
 -6.375208   4.122382  -1.933677  -2.048095  -0.097517  -0.951225  -0.073972   0.142348  -0.229948   0.155673   0.098320   0.013980 
 -6.380803   4.038731  -2.144200  -1.969428   0.118373  -1.040319  -0.005595  -0.083651  -0.210523   0.078667   0.215890  -0.089094 
 -6.399363   3.926107  -2.268256  -2.039787   0.049733  -1.100022  -0.018560  -0.112624  -0.124056  -0.070359  -0.068640  -0.059703 
 -6.458122   4.105189  -2.381520  -1.862686   0.054030  -1.109475  -0.058759   0.179082  -0.113264   0.177101   0.004297  -0.009453 
 -6.576962   4.395313  -2.489608  -1.692517   0.108289  -1.102142  -0.118840   0.290124  -0.108088   0.170169   0.054259   0.007333 
 -6.636662   4.307766  -2.903540  -1.536558  -0.033805  -1.098475  -0.059700  -0.087547  -0.413932   0.155959  -0.142094   0.003667 
 -7.046640   2.275871  -1.648991  -2.548172  -0.308480  -0.966809  -0.409978  -2.031895   1.254549  -1.011614  -0.274675   0.131666 
 -6.904292   1.980885  -1.326991  -2.706767   0.129890  -0.745246   0.142348  -0.294986   0.322000  -0.158595   0.438370   0.221563 
 -6.941488   2.165782  -1.391305  -2.239234  -0.016902  -0.731381  -0.037196   0.184897  -0.064314   0.467533  -0.146792   0.013865 
 -6.857310   2.489710  -1.545537  -1.653957  -0.017475  -0.888428   0.084178   0.323928  -0.154232   0.585277  -0.000573  -0.157047 
 -6.839124   2.618379  -1.801709  -1.610584  -0.240814  -1.083864   0.018186   0.128669  -0.256172   0.043373  -0.223339  -0.195436 
 -6.966955   3.089624  -2.418775  -1.073093  -0.094939  -0.953287  -0.127831   0.471245  -0.617066   0.537491   0.145875   0.130577 
 -6.979081   4.236369  -3.770148  -0.126108   0.148453  -0.679070  -0.012126   1.146745  -1.351373   0.946985   0.243392   0.274217 
 -6.554800   4.780705  -4.449715  -0.286135   0.310371  -0.676950   0.424281   0.544336  -0.679567  -0.160027   0.161918   0.002120 
 -6.973440   5.859417  -6.887142   1.431936   0.151261  -0.397289  -0.418640   1.078712  -2.437427   1.718071  -0.159110   0.279661 
 -7.224028   6.162636  -8.670039   2.474777   0.196926  -0.176127  -0.250588   0.303219  -1.782897   1.042841   0.045665   0.221162 
 -7.286301   5.959585  -8.500059   2.090952  -0.314840  -0.143984  -0.062273  -0.203051   0.169980  -0.383825  -0.511766   0.032143 
 -7.242766   5.360932  -6.883660   1.370687  -0.109721  -0.267972   0.043535  -0.598653   1.616399  -0.720265   0.205119  -0.123988 
 -7.344047   3.287312  -2.415562  -2.987517   0.909914  -0.250898  -0.101281  -2.073620   4.468098  -4.358204   1.019635   0.017074 
 -7.154177   4.211197  -2.925385  -2.327355   0.855598  -0.222594   0.189870   0.923885  -0.509823   0.660162  -0.054316   0.028304 
 -7.105619   4.310410  -3.101331  -2.115360   0.914040  -0.279432   0.048558   0.099213  -0.175946   0.211995   0.058442  -0.056838 
 -7.221591   4.419993  -3.158021  -1.876208   0.985602  -0.365662  -0.115972   0.109583  -0.056690   0.239152   0.071562  -0.086230 
 -7.569172   4.197885  -2.517858  -2.086598   1.035048  -0.568202  -0.347581  -0.222108   0.640163  -0.210390   0.049446  -0.202540 
 -7.547007   4.335656  -2.511611  -1.734057   1.554377  -0.428401   0.022165   0.137771   0.006247   0.352541   0.519329   0.139801 
 -7.915467   3.971838  -2.046666  -1.035335   2.605927  -0.739631  -0.368460  -0.363818   0.464945   0.698722   1.051550  -0.311230 
 -8.235486   3.655597  -1.809115  -1.619752   2.012342  -1.070572  -0.320019  -0.316241   0.237551  -0.584417  -0.593585  -0.330941 
 -8.603177   4.462268  -2.536269  -1.477601   1.209858  -1.262742  -0.367691   0.806671  -0.727154   0.142151  -0.802484  -0.192170 
 -8.828946   4.402961  -2.770249  -1.487857   1.759267  -1.042096  -0.225769  -0.059307  -0.233980  -0.010256   0.549409   0.220646 
 -8.862515   4.482559  -2.931002  -1.200805   1.935738  -0.998952  -0.033569   0.079598  -0.160753   0.287052   0.176471   0.043144 
 -8.812085   4.368145  -2.401502  -1.482242   1.928691  -1.034303   0.050430  -0.114414   0.529500  -0.281437  -0.007047  -0.035351 
 -8.840410   4.314179  -2.045738  -1.502066   2.080410  -1.056534  -0.028325  -0.053966   0.355764  -0.019824   0.151719  -0.022231 
 -8.627879   4.225966  -1.615945  -1.677105   1.830657  -1.191466   0.212531  -0.088213   0.429793  -0.175039  -0.249753  -0.134932 
 -8.048116   4.250444   0.192238  -1.464996   2.050043  -1.449870   0.579763   0.024478   1.808183   0.212109   0.219386  -0.258404 
 -8.254490   4.838028   0.031004  -0.653802   2.792310  -1.023475  -0.206374   0.587584  -0.161234   0.811194   0.742267   0.426395 
 -8.884480   4.659751   2.020804   0.012949   2.029588  -1.025996  -0.629990  -0.178277   1.989800   0.666751  -0.762722  -0.002521 
 -8.732591   5.114564   1.406451   0.846431   1.937228  -0.394596   0.151889   0.454813  -0.614353   0.833482  -0.092360   0.631400 
 -8.845905   4.757077   1.967384   1.179491   1.952640  -0.335295  -0.113314  -0.357487   0.560933   0.333060   0.015412   0.059301 
 -8.871523   4.997613   1.937270   1.660031   1.925883   0.059416  -0.025618   0.240536  -0.030114   0.480540  -0.026757   0.394711 
 -8.792558   5.245081   2.100180   1.738354   1.823266   0.072078   0.078965   0.247468   0.162910   0.078323  -0.102617   0.012662 
 -9.193384   5.461825   1.787799   1.774508   1.813870  -0.145302  -0.400826   0.216744  -0.312381   0.036154  -0.009396  -0.217380 
 -9.129624   5.076676   1.282888   1.897865   1.725863  -0.037185   0.063760  -0.385149  -0.504911   0.123357  -0.088007   0.108117 
 -9.064609   4.774965   0.885129   1.745344   1.680886  -0.243392   0.065015  -0.301711  -0.397759  -0.152521  -0.044977  -0.206207 
 -8.962315   4.873797   0.390136   1.562972   1.651723  -0.236402   0.102294   0.098832  -0.494993  -0.182372  -0.029163   0.006990 
 -9.082961   4.893947   0.165839   1.753251   1.604683  -0.343030  -0.120646   0.020150  -0.224297   0.190279  -0.047040  -0.106628 
 -9.149188   4.566364   0.682057   1.242115   1.389251  -0.318335  -0.066227  -0.327583   0.516218  -0.511136  -0.215432   0.024695 
 -8.992931   4.546501   2.004617   1.389881   1.483330  -0.256628   0.156257  -0.019863   1.322560   0.147766   0.094079   0.061707 
 -7.923660   4.739893   1.059755   1.776570   0.644635  -0.573703   1.069271   0.193392  -0.944862   0.386689  -0.838695  -0.317075 
 -8.082607   4.855272   0.255783   1.858560   0.572557  -0.645265  -0.158947   0.115379  -0.803972   0.081990  -0.072078  -0.071562 
 -8.495816   4.282459   2.193085   1.288926   0.790281  -0.371162  -0.413209  -0.572813   1.937302  -0.569634   0.217724   0.274103 
 -7.611548   4.973353   0.462789   0.791770   0.354775  -0.157506   0.884268   0.690894  -1.730296  -0.497156  -0.435506   0.213656 
 -8.804832   4.982148   1.970639   1.423227   1.169120  -0.379642  -1.193284   0.008795   1.507850   0.631457   0.814345  -0.222136 
 -9.261458   5.433312   2.016819   1.562399   1.067248  -0.260868  -0.456626   0.451164   0.046180   0.139172  -0.101872   0.118774 
 -8.903265   5.911936  -0.245766   1.516619   1.343414   0.652828   0.358193   0.478624  -2.262585  -0.045780   0.276166   0.913696 
 -8.984414   4.892984   0.462647   0.278801   1.370400   0.314840  -0.081149  -1.018952   0.708413  -1.237818   0.026986  -0.337988 
 -9.095426   4.938739   0.749377   0.352885   1.204701   0.238465  -0.111012   0.045755   0.286730   0.074084  -0.165699  -0.076375 
 -9.394663   4.989174   2.205575   0.574276   1.042439  -0.095226  -0.299237   0.050435   1.456198   0.221391  -0.162262  -0.333691 
 -9.326470   5.353100   0.134967   0.084683   1.476684  -0.054889   0.068193   0.363926  -2.070608  -0.489593   0.434245   0.040337 
 -9.231995   4.992576  -0.118357  -0.043201   1.210030  -0.210677   0.094475  -0.360524  -0.253324  -0.127884  -0.266654  -0.155788 
 -9.522973   4.383932   2.426923   0.730521   1.032241  -0.677694  -0.290978  -0.608644   2.545280   0.773722  -0.177789  -0.467017 
 -9.648607   5.037880   2.388154   0.937244   0.807298  -0.285218  -0.125634   0.653948  -0.038769   0.206723  -0.224943   0.392476 
 -9.115135   4.904238   1.081663   1.155140   1.147233  -0.487186   0.533472  -0.133642  -1.306491   0.217896   0.339935  -0.201968 
 -9.123322   4.507459   0.819197   0.078151   0.961939  -0.297995  -0.008187  -0.396779  -0.262466  -1.076989  -0.185294   0.189191 
 -8.880475   5.019107   0.045813   0.011574   0.532220  -0.265795   0.242847   0.511648  -0.773384  -0.066577  -0.429719   0.032200 
 -8.853195   5.031165  -0.153859   0.083996   0.352369  -0.165814   0.027280   0.012058  -0.199672   0.072422  -0.179851   0.099981 
 -8.901040   4.968216  -0.331550   0.073453   0.383882  -0.177388  -0.047845  -0.062949  -0.177691  -0.010543   0.031513  -0.011574 
 -8.725771   5.050518  -0.307406   0.105997   0.292610   0.153839   0.175269   0.082302   0.024144   0.032544  -0.091272   0.331227 
 -8.778592   5.044065  -0.359542   0.169596   0.256456   0.153553  -0.052821  -0.006453  -0.052136   0.063599  -0.036154  -0.000286 
 -8.942222   4.886903  -0.333486   0.164382   0.200535  -0.184836  -0.163630  -0.157162   0.026056  -0.005214  -0.055921  -0.338389 
 -9.079446   5.124684  -0.510088   0.352999   0.143411  -0.056551  -0.137224   0.237781  -0.176602   0.188617  -0.057124   0.128285 
 -9.015328   5.244177  -0.762662   0.605960   0.200306   0.036039   0.064118   0.119493  -0.252574   0.252961   0.056895   0.092590 
 -8.764730   5.197763  -0.303151   0.426739   0.115107   0.339592   0.250598  -0.046414   0.459511  -0.179221  -0.085199   0.303553 
 -8.854647   5.454377  -0.682525   0.645895   0.176185   0.351109  -0.089917   0.256614  -0.379374   0.219156   0.061078   0.011517 
 -8.943716   5.480838  -0.967529   0.800880   0.170168   0.302751  -0.089069   0.026461  -0.285004   0.154985  -0.006017  -0.048358 
 -8.923178   5.573497  -1.043461   0.867000   0.249351   0.307048   0.020538   0.092659  -0.075932   0.066120   0.079183   0.004297 
 -8.961536   5.469329  -1.088911   0.838581   0.208729   0.288198  -0.038358  -0.104168  -0.045450  -0.028419  -0.040622  -0.018850 
 -8.915921   5.369782  -1.058226   0.773378   0.150917   0.306131   0.045615  -0.099547   0.030685  -0.065203  -0.057812   0.017933 
 -8.899492   5.194409  -0.702746   0.448397   0.004469   0.289859   0.016429  -0.175373   0.355480  -0.324981  -0.146448  -0.016272 
 -8.943074   5.475852  -1.177128   0.829356   0.137166   0.306303  -0.043582   0.281443  -0.474382   0.380959   0.132697   0.016444 
 -8.977741   5.464419  -1.314554   0.908826   0.102617   0.295990  -0.034667  -0.011433  -0.137426   0.079470  -0.034549  -0.010313 
 -9.360824   5.295176  -0.548889   0.612205   0.300803   0.218412  -0.383083  -0.169243   0.765665  -0.296621   0.198186  -0.077578 
 -9.855839   5.303773   0.844968   0.633176   0.036326   0.131780  -0.495015   0.008597   1.393857   0.020971  -0.264477  -0.086632 
-10.077868   5.012318   0.100947   0.109836   0.669788  -0.293068  -0.222029  -0.291455  -0.744021  -0.523340   0.633462  -0.424848 
 -9.973035   4.459991   0.116774   0.049905   0.682737  -0.355807   0.104833  -0.552327   0.015827  -0.059931   0.012949  -0.062739 
 -9.941483   4.792971   0.550577   0.218755   0.976377  -0.325669   0.031552   0.332980   0.433803   0.168850   0.293640   0.030138 
-10.283541   5.625179   2.076000   1.346565   0.511823  -0.123816  -0.342058   0.832208   1.525423   1.127810  -0.464554   0.201853 
 -9.677805   4.730848   1.107012   1.321699   0.016100   0.197269   0.605736  -0.894331  -0.968988  -0.024866  -0.495723   0.321085 
 -9.622448   4.011856   0.118030   0.332545  -0.013579   0.034320   0.055357  -0.718992  -0.988982  -0.989154  -0.029679  -0.162949 
 -9.592050   4.716350  -0.780351   1.243147   0.494405   0.108117   0.030398   0.704494  -0.898381   0.910602   0.507984   0.073797 
 -9.491850   4.698936  -0.926693   1.213295   0.509302   0.241502   0.100200  -0.017414  -0.146342  -0.029852   0.014897   0.133385 
 -9.568515   4.207238  -0.812926   0.594616   0.415223   0.250096  -0.076665  -0.491698   0.113767  -0.618679  -0.094079   0.008594 
 -9.616534   3.739956  -0.414757   0.171028   0.587396   0.111899  -0.048019  -0.467282   0.398169  -0.423588   0.172173  -0.138197 
 -9.604301   3.844317  -0.363518   0.198587   0.401185   0.139171   0.012233   0.104361   0.051239   0.027559  -0.186211   0.027272 
 -9.675691   4.373159   0.390680   0.231418   0.574104   0.097517  -0.071390   0.528842   0.754198   0.032831   0.172919  -0.041654 
 -9.785922   4.897206   1.290714   1.130217   0.221505   0.180081  -0.110231   0.524047   0.900034   0.898799  -0.352599   0.082564 
-10.101551   5.269131   1.850079   1.835241   0.325383   0.049332  -0.315629   0.371925   0.559365   0.705024   0.103878  -0.130749 
 -9.873253   5.445875   2.298126   2.163890   0.067151   0.257086   0.228298   0.176744   0.448047   0.328649  -0.258232   0.207754 
 -9.290797   5.742538   0.368901   1.522922  -0.267342   0.587167   0.582456   0.296663  -1.929225  -0.640968  -0.334493   0.330081 
 -8.402001   7.120694  -5.502457   2.418512   0.770170   0.638275   0.888796   1.378156  -5.871358   0.895590   1.037512   0.051108 
 -8.047587   7.221431  -7.598966   3.348365  -0.327273   0.954261   0.354414   0.100737  -2.096509   0.929853  -1.097443   0.315986 
 -7.868587   6.501456  -5.876704   2.434268  -0.647557   0.994483   0.179000  -0.719975   1.722262  -0.914097  -0.320284   0.040222 
 -8.002884   4.582128  -1.490426  -1.962953  -0.796698   0.728401  -0.134297  -1.919328   4.386278  -4.397221  -0.149141  -0.266082 
 -8.109958   5.401930  -2.276881  -1.216962  -0.569176   0.800709  -0.107074   0.819802  -0.786455   0.745991   0.227522   0.072308 
 -7.845185   6.106598  -4.783678   0.326013   0.336269   0.401873   0.264773   0.704668  -2.506797   1.542975   0.905445  -0.398836 
 -7.632698   6.234998  -5.070211   0.515376   0.095168   0.444730   0.212487   0.128400  -0.286533   0.189363  -0.241101   0.042857 
 -7.549458   6.271358  -5.341501   0.877714  -0.028992   0.462148   0.083240   0.036360  -0.271290   0.362338  -0.124160   0.017418 
 -7.657165   6.278067  -5.411369   1.029892   0.228839   0.580464  -0.107707   0.006709  -0.069868   0.152178   0.257831   0.118316 
 -7.586645   6.356520  -5.391780   0.990816   0.152808   0.603439   0.070520   0.078453   0.019589  -0.039076  -0.076031   0.022975 
 -7.398801   6.410384  -5.483573   1.103631   0.243106   0.596449   0.187844   0.053864  -0.091793   0.112815   0.090298  -0.006990 
 -7.281758   6.431759  -5.406698   1.053612   0.192227   0.699581   0.117043   0.021375   0.076875  -0.050019  -0.050879   0.103132 
 -7.691493   6.098325  -4.470731   0.096715   0.650937   0.574619  -0.409735  -0.333434   0.935967  -0.956897   0.458710  -0.124962 
 -7.666979   6.076386  -4.470232   0.245856   0.389096   0.629795   0.024514  -0.021939   0.000499   0.149141  -0.261841   0.055176 
 -7.259430   6.087657  -4.111951   0.330196   1.216790   1.362207   0.407549   0.011271   0.358281   0.084340   0.827694   0.732412 
 -6.754575   6.018875  -3.379150  -0.051967   1.693549   1.858732   0.504855  -0.068782   0.732801  -0.382163   0.476759   0.496525 
 -6.918471   6.451734  -3.798614   0.579318   1.458636   1.657166  -0.163896   0.432859  -0.419464   0.631285  -0.234913  -0.201566 
 -6.666118   6.620486  -4.438150   1.101912   1.054701   1.633388   0.252353   0.168752  -0.639536   0.522594  -0.403935  -0.023778 
 -7.002252   6.604752  -4.557239   1.177772   1.108330   1.522062  -0.336134  -0.015734  -0.119089   0.075860   0.053629  -0.111326 
 -7.464692   6.494623  -4.490285   0.650536   0.142781   1.130503  -0.462440  -0.110129   0.066954  -0.527236  -0.965549  -0.391559 
 -7.741792   6.343111  -4.387097   0.545112  -0.310429   0.708348  -0.277100  -0.151512   0.103188  -0.105424  -0.453210  -0.422155 
 -7.812601   6.205647  -4.317815   0.257545  -0.334665   0.659188  -0.070809  -0.137464   0.069282  -0.287567  -0.024236  -0.049160 
 -7.894677   6.187344  -4.554385   0.181398  -0.117170   0.726912  -0.082076  -0.018303  -0.236570  -0.076147   0.217495   0.067724 
 -7.877948   6.136752  -4.649496   0.117800  -0.093278   0.734761   0.016729  -0.050592  -0.095111  -0.063598   0.023892   0.007849 
 -7.912993   6.146107  -4.733788   0.080099  -0.258289   0.755445  -0.035045   0.009355  -0.084292  -0.037701  -0.165011   0.020684 
 -7.884822   6.276424  -4.886486   0.129317  -0.337186   0.778650   0.028171   0.130317  -0.152698   0.049218  -0.078897   0.023205 
 -7.847776   6.223131  -4.927384   0.286708  -0.296506   0.766388   0.037046  -0.053293  -0.040898   0.157391   0.040680  -0.012262 
 -7.857384   6.243267  -4.971092   0.276280  -0.349160   0.759054  -0.009608   0.020136  -0.043708  -0.010428  -0.052654  -0.007334 
 -7.890181   6.244006  -5.062411   0.387549  -0.394367   0.704910  -0.032797   0.000739  -0.091319   0.111269  -0.045207  -0.054144 
 -7.937189   6.206356  -5.069608   0.375230  -0.430349   0.771946  -0.047008  -0.037650  -0.007197  -0.012319  -0.035982   0.067036 
 -7.971944   6.265745  -4.985804   0.327044  -0.488504   0.722385  -0.034755   0.059389   0.083804  -0.048186  -0.058155  -0.049561 
 -8.013890   6.263144  -5.073588   0.362625  -0.553821   0.715109  -0.041946  -0.002601  -0.087784   0.035581  -0.065317  -0.007276 
 -8.017162   6.218896  -4.911982   0.292094  -0.470971   0.744329  -0.003272  -0.044248   0.161606  -0.070531   0.082850   0.029220 
 -7.958533   5.782288  -3.358561  -0.881897  -0.811194   0.773837   0.058629  -0.436608   1.553421  -1.173991  -0.340223   0.029508 
 -8.062621   5.694401  -3.087118  -1.205790  -0.735277   0.780540  -0.104088  -0.087887   0.271443  -0.323893   0.075917   0.006703 
 -8.008857   5.965124  -3.392321  -0.837378  -0.948073   0.775097   0.053764   0.270723  -0.305203   0.368412  -0.212796  -0.005443 
 -7.935231   6.093670  -3.922053  -0.449371  -1.307318   0.761117   0.073626   0.128546  -0.529732   0.388007  -0.359245  -0.013980 
 -8.052480   6.130399  -4.367134  -0.183518  -1.052810   0.753038  -0.117249   0.036729  -0.445081   0.265853   0.254508  -0.008079 
 -8.009399   6.160708  -4.993884   0.245398  -0.868203   0.728000   0.043081   0.030309  -0.626750   0.428916   0.184607  -0.025038 
 -7.390097   6.222331  -5.645779   0.358156  -0.668355   0.464382   0.619302   0.061623  -0.651895   0.112758   0.199848  -0.263618 
 -7.162281   6.375563  -5.846137   0.533481  -0.866656   0.759513   0.227816   0.153232  -0.200358   0.175325  -0.198301   0.295131 
 -7.170466   6.492668  -6.185673   0.770284  -0.974888   0.820819  -0.008185   0.117105  -0.339536   0.236803  -0.108232   0.061306 
 -7.321158   6.250281  -5.457116   0.177846  -1.001072   0.862817  -0.150692  -0.242387   0.728557  -0.592438  -0.026184   0.041998 
 -7.508784   6.117882  -5.062514  -0.303840  -0.966408   0.700785  -0.187626  -0.132399   0.394602  -0.481686   0.034664  -0.162032 
 -7.555494   6.268504  -5.421585   0.029679  -1.084380   0.670819  -0.046710   0.150622  -0.359071   0.333519  -0.117972  -0.029966 
 -7.577958   6.246633  -5.521679   0.156074  -1.191924   0.698493  -0.022464  -0.021871  -0.100094   0.126395  -0.107544   0.027674 
 -7.647676   6.128663  -5.260540  -0.182831  -0.989956   0.694826  -0.069718  -0.117970   0.261139  -0.338905   0.201968  -0.003667 
 -7.904812   5.888004  -4.894054  -0.714421  -0.575708   0.687950  -0.257136  -0.240659   0.366486  -0.531590   0.414248  -0.006876 
 -7.924171   5.946018  -5.057859  -0.520991  -0.641025   0.681705  -0.019359   0.058014  -0.163805   0.193430  -0.065317  -0.006245 
 -7.952767   6.036474  -5.249651  -0.314325  -0.755961   0.671621  -0.028596   0.090456  -0.191792   0.206666  -0.114936  -0.010084 
 -7.977662   6.136029  -5.588493   0.151089  -1.010640   0.700613  -0.024895   0.099555  -0.338842   0.465414  -0.254679   0.028992 
 -7.983301   6.185137  -5.725039   0.310142  -1.061290   0.695857  -0.005639   0.049108  -0.136546   0.159053  -0.050650  -0.004756 
 -7.950871   6.351523  -5.934364   0.560525  -1.077848   0.681591   0.032430   0.166386  -0.209325   0.250383  -0.016558  -0.014266 
 -7.914105   6.348876  -6.101681   0.709895  -1.120362   0.669730   0.036766  -0.002647  -0.167317   0.149370  -0.042514  -0.011861 
 -7.921134   6.337208  -6.173907   0.744387  -1.178288   0.676090  -0.007029  -0.011668  -0.072226   0.034492  -0.057926   0.006360 
 -7.987877   6.307063  -6.113380   0.747252  -1.213525   0.710009  -0.066743  -0.030145   0.060527   0.002865  -0.035237   0.033919 
 -8.046247   6.356676  -6.210239   0.826148  -1.299125   0.686633  -0.058370   0.049613  -0.096859   0.078896  -0.085600  -0.023376 
 -8.017086   6.424393  -6.280254   0.860296  -1.289327   0.682221   0.029161   0.067717  -0.070015   0.034148   0.009798  -0.004412 
 -7.969739   6.402713  -6.479284   0.944521  -1.322673   0.671449   0.047347  -0.021680  -0.199030   0.084225  -0.033346  -0.010772 
 -7.999168   6.354617  -6.363576   0.892439  -1.415836   0.671105  -0.029429  -0.048096   0.115708  -0.052082  -0.093163  -0.000344 
 -8.048493   6.393689  -6.388656   0.916790  -1.406210   0.687664  -0.049325   0.039072  -0.025080   0.024351   0.009626   0.016559 
 -8.082403   6.424217  -6.488662   0.966752  -1.432796   0.661766  -0.033910   0.030528  -0.100006   0.049962  -0.026586  -0.025898 
 -8.124043   6.388432  -6.584171   1.003822  -1.453766   0.625670  -0.041640  -0.035785  -0.095509   0.037070  -0.020970  -0.036096 
 -8.157770   6.403358  -6.582983   0.964059  -1.423628   0.649448  -0.033727   0.014926   0.001188  -0.039763   0.030138   0.023778 
 -8.149185   6.320260  -6.421274   0.851473  -1.377906   0.664001   0.008585  -0.083098   0.161709  -0.112586   0.045722   0.014553 
 -8.037683   5.867166  -5.163336  -0.220302  -0.920399   0.765300   0.111502  -0.453094   1.257938  -1.071775   0.457507   0.101299 
 -7.996429   4.859714  -3.241592  -2.021281  -1.315912   0.574046   0.041254  -1.007452   1.921744  -1.800979  -0.395513  -0.191254 
 -7.957352   5.006309  -3.480878  -1.779779  -1.606688   0.552790   0.039077   0.146595  -0.239286   0.241502  -0.290776  -0.021256 
 -7.978528   5.209191  -3.951935  -1.222176  -1.496795   0.560410  -0.021176   0.202882  -0.471057   0.557603   0.109893   0.007620 
 -7.977974   5.435009  -4.275954  -0.875995  -1.616715   0.650364   0.000554   0.225818  -0.324019   0.346181  -0.119920   0.089954 
 -8.015466   5.704292  -4.422972  -0.625441  -1.576092   0.641197  -0.037492   0.269283  -0.147018   0.250554   0.040623  -0.009167 
 -8.024707   5.718490  -4.506676  -0.496926  -1.565206   0.642228  -0.009241   0.014198  -0.083704   0.128515   0.010886   0.001031 
 -8.047048   5.776566  -4.763610  -0.147078  -1.442822   0.610945  -0.022341   0.058076  -0.256934   0.349848   0.122384  -0.031283 
 -8.197473   5.359875  -4.435928  -0.426739  -1.169407   0.627790  -0.150425  -0.416691   0.327682  -0.279661   0.273415   0.016845 
 -9.119826   2.960195  -2.129148  -1.455886  -0.388752   0.114477  -0.922353  -2.399680   2.306780  -1.029147   0.780655  -0.513313 
 -9.282015   2.396148  -1.497704  -2.349471  -0.222480   0.088522  -0.162189  -0.564047   0.631444  -0.893585   0.166272  -0.025955 
 -9.386615   2.311274  -1.467532  -2.644888  -0.047154   0.221964  -0.104600  -0.084874   0.030172  -0.295417   0.175326   0.133442 
 -9.379605   1.657313  -1.883274  -2.579685  -0.218583   0.211880   0.007010  -0.653961  -0.415742   0.065203  -0.171429  -0.010084 
 -9.077325   0.967626  -2.467464  -3.133850  -0.747309   0.484665   0.302280  -0.689687  -0.584190  -0.554165  -0.528726   0.272785 
 -8.729970   2.473087  -3.962952  -2.342595  -0.935755   0.684685   0.347355   1.505461  -1.495488   0.791255  -0.188446   0.200020 
 -9.171143   4.534451  -6.283972  -2.758047   0.445417  -0.028190  -0.441173   2.061364  -2.321020  -0.415452   1.381172  -0.712875 
 -8.698509   4.726273  -5.806841  -3.298232   0.301720   0.365490   0.472634   0.191822   0.477131  -0.540185  -0.143697   0.393680 
 -8.561774   4.784847  -6.472685  -2.409574   0.162605   0.421239   0.136735   0.058574  -0.665844   0.888658  -0.139115   0.055749 
 -8.611687   5.339976  -6.658231  -2.681844  -0.308710   0.513485  -0.049913   0.555129  -0.185546  -0.272270  -0.471315   0.092246 
 -8.320507   4.825471  -7.752455  -3.186447  -1.313792   1.078994   0.291180  -0.514505  -1.094224  -0.504603  -1.005082   0.565509 
 -8.193041   3.806183  -7.215259  -3.195271  -1.211920   1.312245   0.127466  -1.019288   0.537196  -0.008824   0.101872   0.233251 
 -8.685565   5.118731  -8.001680  -1.335737  -1.049200   1.035163  -0.492524   1.312548  -0.786421   1.859534   0.162720  -0.277082 
 -7.718165   4.640419  -6.033261  -4.085246  -1.395782   1.649087   0.967400  -0.478312   1.968419  -2.749509  -0.346582   0.613924 
 -7.466093   4.679336  -5.729996  -3.789084  -1.470725   1.793874   0.252072   0.038917   0.303265   0.296162  -0.074943   0.144787 
 -7.809299   5.473409  -7.159877  -2.955660  -1.390339   1.564748  -0.343206   0.794073  -1.429881   0.833424   0.080386  -0.229126 
 -7.913563   5.227193  -7.092049  -2.900312  -1.178861   1.352066  -0.104264  -0.246216   0.067828   0.055348   0.211478  -0.212682 
 -7.902738   5.795190  -7.754235  -2.409288  -1.394522   1.292421   0.010825   0.567997  -0.662186   0.491024  -0.215661  -0.059645 
 -8.076857   5.245567  -7.031798  -1.865035  -0.919082   1.000671  -0.174119  -0.549623   0.722437   0.544253   0.475440  -0.291750 
 -8.210313   5.526323  -7.178814  -2.455812  -0.838581   0.994597  -0.133456   0.280756  -0.147016  -0.590777   0.080501  -0.006074 
 -7.047439   5.261662  -6.714550  -1.804989  -0.084110   0.999582   1.162874  -0.264661   0.464264   0.650823   0.754471   0.004985 
 -7.134628   4.478825  -4.766301  -2.832818   0.614497   0.340165  -0.087189  -0.782837   1.948249  -1.027829   0.698607  -0.659417 
 -7.578407   3.805839  -4.036965  -3.703313   0.253419   0.083022  -0.443779  -0.672986   0.729336  -0.870495  -0.361078  -0.257143 
 -7.433099   4.533827  -4.147343  -3.109557   0.074771   0.363083   0.145308   0.727988  -0.110378   0.593756  -0.178648   0.280061 
 -7.526574   4.857473  -4.293970  -2.962077   0.021028   0.624639  -0.093475   0.323646  -0.146627   0.147480  -0.053743   0.261556 
 -7.675201   5.618254  -6.207705  -2.643169  -0.670819   1.125518  -0.148627   0.760781  -1.913735   0.318908  -0.691847   0.500879 
 -7.788873   5.853002  -7.715835  -2.028385  -1.092000   1.308235  -0.113672   0.234748  -1.508130   0.614784  -0.421181   0.182717 
 -7.456471   6.098102  -8.971858   0.076089   1.118242   1.182069   0.332402   0.245100  -1.256023   2.104474   2.210242  -0.126166 
 -7.567224   6.133986  -8.850854  -0.055004   0.923551   1.104204  -0.110753   0.035884   0.121004  -0.131093  -0.194691  -0.077865 
 -8.409072   5.207198  -6.386242  -2.588165   0.401529   0.849467  -0.841848  -0.926788   2.464612  -2.533161  -0.522022  -0.254737 
 -9.190093   3.446152  -4.043973  -3.482552   0.174408  -0.014954  -0.781021  -1.761046   2.342269  -0.894387  -0.227121  -0.864421 
 -6.400706   3.329165  -3.161637  -2.199069  -0.834341  -0.492686   2.789387  -0.116987   0.882336   1.283483  -1.008749  -0.477732 
 -6.022806   3.820031  -3.316288  -1.369656  -0.122899  -1.042669   0.377900   0.490866  -0.154651   0.829413   0.711442  -0.549983 
 -6.526835   4.169392  -3.767287  -0.896794   0.093679  -1.014536  -0.504029   0.349361  -0.450999   0.472862   0.216578   0.028133 
 -6.760350   4.396761  -4.166368  -0.348473   0.208958  -0.914211  -0.233515   0.227369  -0.399081   0.548321   0.115279   0.100325 
 -7.182048   4.523830  -3.817807  -0.619883   0.140260  -0.432640  -0.421698   0.127069   0.348561  -0.271410  -0.068698   0.481571 
 -7.409798   4.549917  -3.841507  -0.317018   0.064400  -0.379585  -0.227750   0.026087  -0.023700   0.302865  -0.075860   0.053055 
 -6.335817   6.660456  -9.048652  -0.007792   0.001776   0.440948   1.073981   2.110539  -5.207145   0.309226  -0.062624   0.820533 
 -3.397871   7.901706 -18.326732   8.134225   0.850040   2.753062   2.937946   1.241250  -9.278080   8.142017   0.848264   2.312114 
 -3.498137   7.025413 -19.749718  10.555544   0.520704   3.306024  -0.100266  -0.876293  -1.422986   2.421319  -0.329336   0.552962 
 -3.673099   7.334454 -19.268565  10.506155  -0.104106   3.721017  -0.174962   0.309041   0.481153  -0.049389  -0.624810   0.414993 
 -3.626027   7.357769 -19.158997  10.293588  -0.032888   3.638626   0.047072   0.023315   0.109568  -0.212567   0.071218  -0.082391 
 -3.836107   7.300001 -19.641969  10.369906   0.087663   3.567579  -0.210080  -0.057768  -0.482972   0.076318   0.120551  -0.071047 
 -4.096159   7.495562 -19.899848  10.437171  -0.061478   3.562823  -0.260052   0.195561  -0.257879   0.067265  -0.149141  -0.004756 
 -4.371528   7.208751 -20.063783  10.757569  -0.017704   3.304248  -0.275369  -0.286811  -0.163935   0.320398   0.043774  -0.258575 
 -4.333674   7.151452 -20.155793  10.819219  -0.128973   3.250733   0.037854  -0.057299  -0.092010   0.061650  -0.111269  -0.053515 
 -4.288730   7.325284 -19.649056  10.770518   0.292094   3.328025   0.044944   0.173832   0.506737  -0.048701   0.421067   0.077292 
 -5.878685   3.095959  -7.673227   1.219942  -0.595475   1.774622  -1.589955  -4.229325  11.975829  -9.550576  -0.887569  -1.553403 
 -5.923147  -3.207918  -2.920374  -3.150810  -1.919179   1.149124  -0.044462  -6.303877   4.752853  -4.370752  -1.323704  -0.625498 
 -5.593589  -1.638227  -3.181898  -3.500199  -2.058924   1.431764   0.329558   1.569691  -0.261524  -0.349389  -0.139745   0.282640 
 -6.357002   0.847349  -3.890076  -3.562021  -1.527849   1.382031  -0.763413   2.485576  -0.708178  -0.061822   0.531075  -0.049733 
 -6.417589   4.276186  -5.132957  -3.180947  -1.075957   1.182929  -0.060587   3.428837  -1.242881   0.381074   0.451892  -0.199102 
 -6.524979   4.839923  -5.834993  -2.566049  -0.843394   1.039288  -0.107390   0.563737  -0.702036   0.614898   0.232563  -0.143641 
 -6.509490   5.097937  -6.494383  -1.839195  -0.803573   0.985086   0.015489   0.258014  -0.659390   0.726854   0.039821  -0.054202 
 -6.307525   5.190275  -6.492556  -1.302734  -0.761919   1.101970   0.201965   0.092338   0.001827   0.536461   0.041654   0.116884 
 -6.268573   5.313795  -6.470206  -1.036022  -0.797213   1.151760   0.038952   0.123520   0.022350   0.266712  -0.035294   0.049790 
 -6.243009   5.437264  -6.594671  -0.777446  -0.780770   1.187054   0.025564   0.123469  -0.124465   0.258576   0.016443   0.035294 
 -6.210867   5.314254  -6.236144  -1.037798  -0.622920   1.159552   0.032142  -0.123010   0.358527  -0.260352   0.157850  -0.027502 
 -6.293412   5.137867  -5.838181  -1.545897  -0.187529   1.046507  -0.082545  -0.176387   0.397963  -0.508099   0.435391  -0.113045 
 -7.140984   3.001150  -3.828737  -4.418479   0.326529   0.258232  -0.847572  -2.136717   2.009444  -2.872582   0.514058  -0.788275 
 -7.451666   2.867720  -3.831626  -4.594377   0.306647   0.307850  -0.310682  -0.133430  -0.002889  -0.175898  -0.019882   0.049618 
 -7.390274   2.845754  -4.040589  -4.464430   0.041539   0.269233   0.061392  -0.021966  -0.208963   0.129947  -0.265108  -0.038617 
 -7.337968   3.036326  -4.500678  -3.940804  -0.067895   0.225058   0.052306   0.190572  -0.460089   0.523626  -0.109434  -0.044175 
 -7.049707   3.349294  -4.667306  -3.459061  -0.227923   0.348874   0.288261   0.312968  -0.166628   0.481743  -0.160028   0.123816 
 -7.003006   3.563735  -4.935608  -2.693074  -0.294328   0.378038   0.046701   0.214441  -0.268302   0.765987  -0.066405   0.029164 
 -6.902918   3.621595  -4.766490  -3.345443  -0.656896   0.758653   0.100088   0.057860   0.169118  -0.652369  -0.362568   0.380615 
 -6.905358   3.491735  -4.669380  -3.310034  -0.703879   0.714994  -0.002440  -0.129860   0.097110   0.035409  -0.046983  -0.043659 
 -6.918192   3.498123  -4.875838  -3.003846  -0.645895   0.663313  -0.012834   0.006388  -0.206458   0.306188   0.057984  -0.051681 
 -7.099493   3.635089  -5.111217  -2.565304  -0.555654   0.445360  -0.181301   0.136966  -0.235379   0.438542   0.090241  -0.217953 
 -7.159417   3.746734  -5.292915  -2.727623  -0.405253   0.486384  -0.059924   0.111645  -0.181698  -0.162319   0.150401   0.041024 
 -7.012297   3.949959  -5.458424  -2.631710  -0.345895   0.790682   0.147120   0.203225  -0.165509   0.095913   0.059358   0.304298 
 -7.186295   3.449869  -4.947350  -3.607457  -0.395570   0.688180  -0.173998  -0.500090   0.511074  -0.975747  -0.049675  -0.102502 
 -7.257096   3.412522  -5.111556  -3.198136  -0.338790   0.460773  -0.070801  -0.037347  -0.164206   0.409321   0.056780  -0.227407 
 -7.346323   3.665048  -5.374303  -2.739197  -0.324122   0.430578  -0.089227   0.252526  -0.262747   0.458939   0.014668  -0.030195 
 -7.318271   3.785147  -5.557352  -2.431862  -0.378095   0.533538   0.028052   0.120099  -0.183049   0.307335  -0.053973   0.102960 
 -7.335214   3.764150  -5.701006  -2.321453  -0.403305   0.602465  -0.016943  -0.020997  -0.143654   0.110409  -0.025210   0.068927 
 -7.231341   3.766157  -5.775531  -2.390838  -0.367381   0.847175   0.103873   0.002007  -0.074525  -0.069385   0.035924   0.244710 
 -7.155855   3.344983  -5.412095  -3.412422  -0.230959   1.043413   0.075486  -0.421174   0.363436  -1.021584   0.136422   0.196238 
 -7.573424   1.215961  -4.036104  -6.952041  -0.416082   0.716770  -0.417569  -2.129022   1.375991  -3.539619  -0.185123  -0.326643 
 -7.640300   1.229076  -4.349290  -6.883400  -0.305387   0.674486  -0.066876   0.013115  -0.313186   0.068641   0.110695  -0.042284 
 -7.552781   1.741456  -4.675333  -5.988383  -0.422556   0.574562   0.087519   0.512380  -0.326043   0.895017  -0.117169  -0.099924 
 -7.631848   1.840386  -4.839534  -5.641228  -0.474696   0.512453  -0.079067   0.098930  -0.164201   0.347155  -0.052140  -0.062109 
 -7.614160   1.987578  -5.041496  -5.202858  -0.497098   0.512683   0.017688   0.147192  -0.201962   0.438370  -0.022402   0.000230 
 -7.600568   2.199263  -5.198256  -4.802017  -0.488447   0.563848   0.013592   0.211685  -0.156760   0.400841   0.008651   0.051165 
 -7.594623   2.405463  -5.381761  -4.335915  -0.461861   0.609398   0.005945   0.206200  -0.183505   0.466102   0.026586   0.045550 
 -7.610593   2.269843  -5.171323  -4.505626  -0.381017   0.622633  -0.015970  -0.135620   0.210438  -0.169711   0.080844   0.013235 
 -7.611551   2.406031  -5.034229  -4.246935  -0.330253   0.646869  -0.000958   0.136188   0.137094   0.258691   0.050764   0.024236 
 -7.624443   2.485133  -5.021894  -4.208203  -0.314840   0.631686  -0.012892   0.079102   0.012335   0.038732   0.015413  -0.015183 
 -7.650787   2.615777  -5.234689  -3.876919  -0.328018   0.632316  -0.026344   0.130644  -0.212795   0.331284  -0.013178   0.000630 
 -7.637455   2.584835  -5.138348  -3.852053  -0.381132   0.635181   0.013332  -0.030942   0.096341   0.024866  -0.053114   0.002865 
 -7.623132   2.652093  -4.447214  -3.949971  -0.257831   0.718604   0.014323   0.067258   0.691134  -0.097918   0.123301   0.083423 
 -7.823198   3.184673  -3.958298  -4.009158   0.122040   1.083635  -0.200066   0.532580   0.488916  -0.059187   0.379871   0.365031 
 -7.887000   3.435475  -3.514414  -4.556905   0.270150   1.219369  -0.063802   0.250802   0.443884  -0.547747   0.148110   0.135734 
 -7.710707   3.427842  -3.744991  -4.175201   0.084970   1.177600   0.176293  -0.007633  -0.230577   0.381704  -0.185180  -0.041769 
 -7.555727   3.522428  -3.881727  -3.850563  -0.109034   1.233120   0.154980   0.094586  -0.136736   0.324638  -0.194004   0.055520 
 -7.638839   3.314721  -3.770499  -4.200067  -0.142896   1.220916  -0.083112  -0.207707   0.111228  -0.349504  -0.033862  -0.012204 
 -7.665488   3.394222  -4.064106  -3.862137  -0.138083   1.131133  -0.026649   0.079501  -0.293607   0.337930   0.004813  -0.089783 
 -7.752200   3.516610  -4.355286  -3.531769  -0.137281   1.073035  -0.086712   0.122388  -0.291180   0.330368   0.000802  -0.058098 
 -7.634449   3.638071  -4.679976  -3.686983  -0.344405   1.214441   0.117751   0.121461  -0.324690  -0.155214  -0.207124   0.141406 
 -7.748125   4.049309  -5.028878  -3.323957   0.130864   1.168204  -0.113676   0.411238  -0.348902   0.363026   0.475269  -0.046237 
 -7.760744   4.115010  -4.827651  -3.482552  -0.127827   1.025766  -0.012619   0.065701   0.201227  -0.158595  -0.258691  -0.142438 
 -7.822967   3.984059  -4.603612  -3.947450  -0.221162   0.953688  -0.062223  -0.130951   0.224039  -0.464898  -0.093335  -0.072078 
 -7.661903   3.976722  -4.861445  -3.756770  -0.263561   1.195018   0.161064  -0.007337  -0.257833   0.190680  -0.042399   0.241330 
 -7.610835   3.580470  -4.214551  -3.883966  -0.482029   0.844998   0.051068  -0.396252   0.646894  -0.127196  -0.218468  -0.350020 
 -7.511349   3.096033  -3.594577  -4.572203  -0.529757   0.598741   0.099486  -0.484437   0.619974  -0.688237  -0.047728  -0.246257 
 -7.576668   3.384820  -3.969471  -4.222183  -0.418374   0.611059  -0.065319   0.288787  -0.374894   0.350020   0.111383   0.012318 
 -7.664165   3.622632  -4.287911  -3.870788  -0.322804   0.606075  -0.087497   0.237812  -0.318440   0.351395   0.095570  -0.004984 
 -7.721777   3.634087  -4.347874  -3.560360   0.055520   0.532450  -0.057612   0.011455  -0.059963   0.310428   0.378324  -0.073625 
 -7.754404   3.089260  -3.920060  -2.653539   0.601377   1.047310  -0.032627  -0.544827   0.427814   0.906821   0.545857   0.514860 
 -7.471538   1.295228  -2.387046  -2.401037   0.044805   1.250022   0.282866  -1.794032   1.533014   0.252502  -0.556572   0.202712 
 -7.542251   2.142233  -2.950685  -2.114386  -0.004183   1.425634  -0.070713   0.847005  -0.563639   0.286651  -0.048988   0.175612 
 -7.492529   2.312406  -3.046010  -2.021223  -0.094022   1.535470   0.049722   0.170173  -0.095325   0.093163  -0.089839   0.109836 
 -7.688458   2.487962  -3.207214  -1.604568  -0.123358   1.343701  -0.195929   0.175556  -0.161204   0.416655  -0.029336  -0.191769 
 -7.702804   2.700103  -3.306174  -1.185736  -0.064802   1.367994  -0.014346   0.212141  -0.098960   0.418832   0.058556   0.024293 
 -7.639353   2.932826  -3.519439  -0.940682  -0.026757   1.502410   0.063451   0.232723  -0.213265   0.245054   0.038045   0.134416 
 -7.074685   2.487284  -2.659282  -2.412267  -0.237376   1.762533   0.564668  -0.445542   0.860157  -1.471585  -0.210619   0.260123 
 -7.206336   2.506577  -2.965515  -2.181823  -0.292037   1.576379  -0.131651   0.019293  -0.306233   0.230444  -0.054661  -0.186154 
 -7.319737   2.649863  -3.011372  -2.165322  -0.256513   1.451302  -0.113401   0.143286  -0.045857   0.016501   0.035524  -0.125077 
 -7.521606   3.149389  -3.435694  -1.597406   0.085084   1.536100  -0.201869   0.499526  -0.424322   0.567916   0.341597   0.084798 
 -7.395921   5.398549  -6.045944   0.591464   2.404876   1.903881   0.125685   2.249160  -2.610250   2.188870   2.319792   0.367781 
 -7.422863   5.314979  -6.154213   0.259722   2.278137   1.501608  -0.026942  -0.083570  -0.108269  -0.331742  -0.126739  -0.402273 
 -7.445891   5.089829  -5.505650  -0.439287   2.599681   1.489576  -0.023028  -0.225150   0.648563  -0.699009   0.321544  -0.012032 
 -7.247884   5.107468  -4.991019  -0.583443   2.480793   1.713373   0.198007   0.017639   0.514631  -0.144156  -0.118888   0.223797 
 -7.280256   4.776461  -4.723002  -1.161385   2.636580   1.499602  -0.032372  -0.331007   0.268017  -0.577942   0.155787  -0.213771 
 -7.172611   2.966186  -3.043441  -4.374705   0.876110   0.602752   0.107645  -1.810275   1.679561  -3.213320  -1.760470  -0.896850 
 -7.251648   2.800311  -3.417717  -4.185457   0.893413   0.578859  -0.079037  -0.165875  -0.374276   0.189248   0.017303  -0.023893 
 -7.431878   3.268325  -3.503708  -3.390191   0.816751   0.546544  -0.180230   0.468014  -0.085991   0.795266  -0.076662  -0.032315 
 -7.461432   3.613481  -3.905367  -2.985970   0.679986   0.628707  -0.029554   0.345156  -0.401659   0.404221  -0.136765   0.082163 
 -7.263468   3.643308  -3.494470  -3.070939   0.145359   1.048799   0.197964   0.029827   0.410897  -0.084969  -0.534627   0.420092 
 -7.715544   4.009437  -2.512495  -2.670843   0.345264   0.632832  -0.452076   0.366129   0.981975   0.400096   0.199905  -0.415967 
 -7.831328   4.345523  -1.249614  -2.194658   0.285619   0.628592  -0.115784   0.336086   1.262881   0.476185  -0.059645  -0.004240 
 -7.748121   5.171908  -2.734182  -2.257167   0.475039   0.613695   0.083207   0.826385  -1.484568  -0.062509   0.189420  -0.014897 
 -8.028698   4.526130  -3.786233  -4.024971   0.973169   0.459569  -0.280577  -0.645778  -1.052051  -1.767804   0.498130  -0.154126 
 -7.822724   4.352531  -3.579893  -3.563912   1.031840   0.368985   0.205974  -0.173599   0.206340   0.461059   0.058671  -0.090584 
 -7.645034   4.632030  -4.154680  -3.049854   1.114174   0.445876   0.177690   0.279499  -0.574787   0.514058   0.082334   0.076891 
 -7.763021   4.344437  -3.810494  -3.835208   1.165797   0.405998  -0.117987  -0.287593   0.344186  -0.785354   0.051623  -0.039878 
 -7.872178   4.381641  -3.977580  -3.679592   1.208311   0.358786  -0.109157   0.037204  -0.167086   0.155616   0.042514  -0.047212 
 -8.026935   4.402409  -3.967665  -3.414313   1.175251   0.396086  -0.154757   0.020768   0.009915   0.265279  -0.033060   0.037300 
 -7.955859   4.770856  -4.453632  -2.905641   0.997863   0.316044   0.071076   0.368447  -0.485967   0.508672  -0.177388  -0.080042 
 -7.721647   5.004426  -4.986976  -2.453291   0.682851   0.313866   0.234212   0.233570  -0.533344   0.452350  -0.315012  -0.002178 
 -7.650891   4.598122  -4.628741  -3.552568   0.353400   0.469940   0.070756  -0.406304   0.358235  -1.099277  -0.329451   0.156074 
 -7.661149   3.166622  -3.742198  -6.391573   0.109836   0.581896  -0.010258  -1.431500   0.886543  -2.839005  -0.243564   0.111956 
 -7.510496   2.605074  -3.378681  -8.618718  -0.350135   0.571812   0.150653  -0.561548   0.363517  -2.227145  -0.459971  -0.010084 
 -7.005515   2.876651  -3.960134 -10.474127  -0.997978   1.023073   0.504981   0.271577  -0.581453  -1.855409  -0.647843   0.451261 
 -7.543117   2.492259  -4.204946 -10.636790  -0.656151   0.733558  -0.537602  -0.384392  -0.244812  -0.162663   0.341827  -0.289515 
 -7.630087   2.425714  -4.121400 -10.408179  -0.885449   0.850842  -0.086970  -0.066545   0.083546   0.228611  -0.229298   0.117284 
 -7.457538   2.342360  -3.933785 -10.280696  -0.894788   1.202180   0.172549  -0.083354   0.187615   0.127483  -0.009339   0.351338 
 -7.380180   1.718160  -3.446334 -10.417691  -0.880407   1.597063   0.077358  -0.624200   0.487451  -0.136995   0.014381   0.394883 
 -7.331419   1.974642  -3.490819 -10.262247  -0.834857   1.683636   0.048761   0.256482  -0.044485   0.155444   0.045550   0.086573 
 -7.241445   2.146939  -3.564238 -10.169600  -0.933291   1.780294   0.089974   0.172297  -0.073419   0.092647  -0.098434   0.096658 
 -7.245360   2.996908  -4.556526  -8.304966  -0.506724   1.548132  -0.003915   0.849969  -0.992288   1.864634   0.426567  -0.232162 
 -7.438588   3.356365  -4.616853  -5.167907  -0.042513   0.812798  -0.193228   0.359457  -0.060327   3.137059   0.464211  -0.735334 
 -7.868437   3.630051  -3.724525  -5.730724   0.534111   0.891522  -0.429849   0.273686   0.892328  -0.562817   0.576624   0.078724 
 -9.465037   0.649132  -1.799707  -8.427464   0.378840   1.145400  -1.596600  -2.980919   1.924818  -2.696740  -0.155271   0.253878 
 -9.285104  -0.621089  -1.726714  -9.806574   0.202655   1.289384   0.179933  -1.270221   0.072993  -1.379110  -0.176185   0.143984 
 -9.445193  -0.439169  -2.758781 -10.672542   0.327216   1.553919  -0.160089   0.181920  -1.032067  -0.865968   0.124561   0.264535 
 -9.496243   0.057321  -3.175442 -10.514463   0.444100   1.993091  -0.051050   0.496490  -0.416661   0.158079   0.116884   0.439172 
 -9.396289   0.544166  -2.430600 -10.331518  -0.125420   1.617632   0.099954   0.486845   0.744842   0.182945  -0.569520  -0.375459 
 -9.429142   1.669067  -2.895909 -10.986809  -1.461214   0.151834  -0.032853   1.124901  -0.465309  -0.655291  -1.335794  -1.465798 
 -9.127586   2.234243  -3.705868 -10.584364  -1.658885   0.473893   0.301556   0.565176  -0.809959   0.402445  -0.197671   0.322059 
 -8.834047   3.782473  -6.791977  -7.815545  -1.155140   0.537033   0.293539   1.548230  -3.086109   2.768819   0.503745   0.063140 
 -8.867015   4.084676  -6.879841  -7.763120  -1.101053   0.670418  -0.032968   0.302203  -0.087864   0.052425   0.054087   0.133385 
 -9.128815   3.407151  -8.664822  -8.261937  -1.314136   0.958272  -0.261800  -0.677525  -1.784981  -0.498817  -0.213083   0.287854 
 -9.542229   1.561746  -8.278456  -7.466843  -1.728499   0.597423  -0.413414  -1.845405   0.386366   0.795094  -0.414363  -0.360849 
 -9.277967   0.058844  -5.850110  -7.624750  -1.464308   0.591522   0.264262  -1.502902   2.428346  -0.157907   0.264191  -0.005901 
