  0.000000   0.000000   0.000000   0.000000   0.000000   0.000000   0.000000   0.000000   0.000000   0.000000   0.000000   0.000000 
  0.000000   0.000000   0.036960   0.000000   0.000000   0.000000   0.000000   0.000000   0.036960   0.000000   0.000000   0.000000 
 -0.000071   0.079659   0.062286   0.010027  -0.005443   0.000000  -0.000071   0.079659   0.025326   0.010027  -0.005443   0.000000 
 -0.000123   0.213159   0.008653  -0.002578  -0.004756   0.000000  -0.000052   0.133500  -0.053633  -0.012605   0.000687   0.000000 
 -0.000156   0.140260   0.171047   0.010943  -0.011115   0.000000  -0.000033  -0.072899   0.162394   0.013521  -0.006359   0.000000 
 -0.004203   0.148785   0.248787   0.012147  -0.006818   0.000000  -0.004047   0.008525   0.077740   0.001204   0.004297   0.000000 
 -0.018905   0.201000   0.296349   0.025267  -0.033403   0.000000  -0.014702   0.052215   0.047562   0.013120  -0.026585   0.000000 
 -0.076383   0.258992   0.193965   0.247862   0.002750   0.107945  -0.057478   0.057992  -0.102384   0.222595   0.036153   0.107945 
 -0.112368   0.309837   0.192153   0.348588   0.123816   0.111555  -0.035985   0.050845  -0.001812   0.100726   0.121066   0.003610 
 -0.092634   0.336629   0.176229   0.317361   0.088407   0.093850   0.019734   0.026792  -0.015924  -0.031227  -0.035409  -0.017705 
 -0.085408   0.294548   0.216693   0.256685   0.086631   0.090355   0.007226  -0.042081   0.040464  -0.060676  -0.001776  -0.003495 
 -0.085505   0.340460   0.204724   0.241330   0.087491   0.082277  -0.000097   0.045912  -0.011969  -0.015355   0.000860  -0.008078 
 -0.085914   0.339039   0.233108   0.236689   0.074313   0.073396  -0.000409  -0.001421   0.028384  -0.004641  -0.013178  -0.008881 
 -0.085485   0.337400   0.178241   0.218010   0.097861   0.072422   0.000429  -0.001639  -0.054867  -0.018679   0.023548  -0.000974 
 -0.085121   0.354730   0.170522   0.222078   0.113560   0.077980   0.000364   0.017330  -0.007719   0.004068   0.015699   0.005558 
 -0.107450   0.304849   0.249301   0.211307   0.079068   0.092189  -0.022329  -0.049881   0.078779  -0.010771  -0.034492   0.014209 
 -0.124480   0.282036   0.240942   0.225001   0.057926   0.097861  -0.017030  -0.022813  -0.008359   0.013694  -0.021142   0.005672 
 -0.112035   0.375655   0.236309   0.219386   0.105195   0.102731   0.012445   0.093619  -0.004633  -0.005615   0.047269   0.004870 
 -0.112286   0.330596   0.204069   0.239554   0.115852   0.100038  -0.000251  -0.045059  -0.032240   0.020168   0.010657  -0.002693 
 -0.102202   0.307074   0.234089   0.218698   0.101585   0.097460   0.010084  -0.023522   0.030020  -0.020856  -0.014267  -0.002578 
 -0.091676   0.299783   0.243542   0.234684   0.067323   0.083996   0.010526  -0.007291   0.009453   0.015986  -0.034262  -0.013464 
 -0.083355   0.380548   0.226652   0.248721   0.100153   0.082621   0.008321   0.080765  -0.016890   0.014037   0.032830  -0.001375 
 -0.077558   0.334714   0.193033   0.233709   0.092132   0.080329   0.005797  -0.045834  -0.033619  -0.015012  -0.008021  -0.002292 
 -0.062054   0.303265   0.153127   0.202082   0.092705   0.072479   0.015504  -0.031449  -0.039906  -0.031627   0.000573  -0.007850 
 -0.057359   0.346967   0.123774   0.225573   0.055061   0.052139   0.004695   0.043702  -0.029353   0.023491  -0.037644  -0.020340 
 -0.086506   0.255902   0.170244   0.213942   0.005558   0.069442  -0.029147  -0.091065   0.046470  -0.011631  -0.049503   0.017303 
 -0.114132   0.303754   0.159188   0.220417  -0.041883   0.061708  -0.027626   0.047852  -0.011056   0.006475  -0.047441  -0.007734 
 -0.095670   0.330889   0.128759   0.197785   0.001719   0.071677   0.018462   0.027135  -0.030429  -0.022632   0.043602   0.009969 
 -0.071233   0.311340   0.095507   0.165470   0.070703   0.077636   0.024437  -0.019549  -0.033252  -0.032315   0.068984   0.005959 
 -0.088716   0.280818   0.255722   0.195436   0.015355   0.067838  -0.017483  -0.030522   0.160215   0.029966  -0.055348  -0.009798 
 -0.071923   0.315947   0.169779   0.172288   0.075344   0.070302   0.016793   0.035129  -0.085943  -0.023148   0.059989   0.002464 
 -0.061247   0.314706   0.132145   0.160772   0.057869   0.071734   0.010676  -0.001241  -0.037634  -0.011516  -0.017475   0.001432 
 -0.053431   0.291403   0.164577   0.167304   0.050420   0.056551   0.007816  -0.023303   0.032432   0.006532  -0.007449  -0.015183 
 -0.066719   0.331462   0.100428   0.157563   0.071620   0.060963  -0.013288   0.040059  -0.064149  -0.009741   0.021200   0.004412 
 -0.070778   0.307992   0.140899   0.164553   0.043487   0.064802  -0.004059  -0.023470   0.040471   0.006990  -0.028133   0.003839 
 -0.084672   0.294048   0.107534   0.165126   0.060103   0.076490  -0.013894  -0.013944  -0.033365   0.000573   0.016616   0.011688 
 -0.090908   0.293856   0.153079   0.167132   0.048988   0.070417  -0.006236  -0.000192   0.045545   0.002006  -0.011115  -0.006073 
 -0.112152   0.318483   0.119871   0.139744   0.050707   0.076604  -0.021244   0.024627  -0.033208  -0.027388   0.001719   0.006187 
 -0.109551   0.286802   0.205102   0.175726   0.008365   0.077407   0.002601  -0.031681   0.085231   0.035982  -0.042342   0.000803 
 -0.087096   0.339115   0.174417   0.160371   0.062911   0.076604   0.022455   0.052313  -0.030685  -0.015355   0.054546  -0.000803 
 -0.080905   0.340132   0.144671   0.155787   0.035409   0.077292   0.006191   0.001017  -0.029746  -0.004584  -0.027502   0.000688 
 -0.062457   0.294787   0.237503   0.169710   0.032143   0.061077   0.018448  -0.045345   0.092832   0.013923  -0.003266  -0.016215 
 -0.070771   0.335188   0.217329   0.177674   0.030539   0.065088  -0.008314   0.040401  -0.020174   0.007964  -0.001604   0.004011 
 -0.079035   0.339900   0.196671   0.176929   0.030424   0.070703  -0.008264   0.004712  -0.020658  -0.000745  -0.000115   0.005615 
 -0.079198   0.325504   0.231276   0.186154   0.029737   0.068182  -0.000163  -0.014396   0.034605   0.009225  -0.000687  -0.002521 
 -0.070033   0.303471   0.220539   0.182659   0.030882   0.061994   0.009165  -0.022033  -0.010737  -0.003495   0.001145  -0.006188 
 -0.090604   0.314236   0.242141   0.184550   0.031226   0.070646  -0.020571   0.010765   0.021602   0.001891   0.000344   0.008652 
 -0.084425   0.322234   0.140618   0.153495   0.022403   0.071391   0.006179   0.007998  -0.101523  -0.031055  -0.008823   0.000745 
 -0.079196   0.275613   0.215722   0.168965   0.004698   0.062796   0.005229  -0.046621   0.075104   0.015470  -0.017705  -0.008595 
 -0.084333   0.317893   0.136369   0.150516   0.030596   0.068354  -0.005137   0.042280  -0.079353  -0.018449   0.025898   0.005558 
 -0.081947   0.309754   0.121099   0.143984   0.035810   0.065776   0.002386  -0.008139  -0.015270  -0.006532   0.005214  -0.002578 
 -0.088615   0.276210   0.250165   0.186326   0.014725   0.062223  -0.006668  -0.033544   0.129066   0.042342  -0.021085  -0.003553 
 -0.074663   0.337925   0.170233   0.175497   0.014725   0.059931   0.013952   0.061715  -0.079932  -0.010829   0.000000  -0.002292 
 -0.084639   0.310043   0.217822   0.186956   0.013178   0.066864  -0.009976  -0.027882   0.047589   0.011459  -0.001547   0.006933 
 -0.097147   0.317588   0.209434   0.181742   0.014095   0.076031  -0.012508   0.007545  -0.008388  -0.005214   0.000917   0.009167 
 -0.101155   0.285951   0.209595   0.156589   0.000802   0.076948  -0.004008  -0.031637   0.000161  -0.025153  -0.013293   0.000917 
 -0.101566   0.326816   0.171350   0.150344   0.010313   0.077750  -0.000411   0.040865  -0.038245  -0.006245   0.009511   0.000802 
 -0.101542   0.301409   0.222074   0.168335   0.023606   0.081475   0.000024  -0.025407   0.050724   0.017991   0.013293   0.003725 
 -0.101615   0.326835   0.135756   0.151662   0.024122   0.087777  -0.000073   0.025426  -0.086318  -0.016673   0.000516   0.006302 
 -0.084902   0.313735   0.117953   0.159855   0.027158   0.077349   0.016713  -0.013100  -0.017803   0.008193   0.003036  -0.010428 
 -0.099307   0.275635   0.233428   0.179336   0.003782   0.079469  -0.014405  -0.038100   0.115475   0.019481  -0.023376   0.002120 
 -0.095559   0.307650   0.161363   0.166845   0.023835   0.087605   0.003748   0.032015  -0.072065  -0.012491   0.020053   0.008136 
 -0.081875   0.353999   0.031265   0.166731   0.079011   0.089668   0.013684   0.046349  -0.130098  -0.000114   0.055176   0.002063 
 -0.082247   0.316788   0.131346   0.169710   0.054145   0.074542  -0.000372  -0.037211   0.100081   0.002979  -0.024866  -0.015126 
 -0.084980   0.282298   0.131257   0.167189   0.067552   0.086402  -0.002733  -0.034490  -0.000089  -0.002521   0.013407   0.011860 
 -0.088829   0.344903   0.077306   0.159053   0.070989   0.086860  -0.003849   0.062605  -0.053951  -0.008136   0.003437   0.000458 
 -0.094962   0.318613   0.179843   0.177330   0.035237   0.088980  -0.006133  -0.026290   0.102537   0.018277  -0.035752   0.002120 
 -0.096534   0.282070   0.199456   0.175898   0.027674   0.089725  -0.001572  -0.036543   0.019613  -0.001432  -0.007563   0.000745 
 -0.099669   0.355123   0.186189   0.174065   0.037815   0.082850  -0.003135   0.073053  -0.013267  -0.001833   0.010141  -0.006875 
 -0.085657   0.295616   0.203903   0.177044   0.023835   0.074943   0.014012  -0.059507   0.017714   0.002979  -0.013980  -0.007907 
 -0.080172   0.345985   0.118324   0.153667   0.041826   0.075974   0.005485   0.050369  -0.085579  -0.023377   0.017991   0.001031 
 -0.085368   0.286319   0.232020   0.176299   0.022345   0.068067  -0.005196  -0.059666   0.113696   0.022632  -0.019481  -0.007907 
 -0.098926   0.309669   0.164639   0.169023   0.028877   0.078151  -0.013558   0.023350  -0.067381  -0.007276   0.006532   0.010084 
 -0.087558   0.337415   0.080449   0.161918   0.049847   0.073510   0.011368   0.027746  -0.084190  -0.007105   0.020970  -0.004641 
 -0.097501   0.302461   0.172221   0.172403   0.026184   0.077120  -0.009943  -0.034954   0.091772   0.010485  -0.023663   0.003610 
 -0.096294   0.291158   0.181862   0.176299   0.032945   0.079412   0.001207  -0.011303   0.009641   0.003896   0.006761   0.002292 
 -0.089433   0.369591   0.082497   0.185696   0.075401   0.102044   0.006861   0.078433  -0.099365   0.009397   0.042456   0.022632 
 -0.091765   0.336666   0.116316   0.204661   0.024064   0.094481  -0.002332  -0.032925   0.033819   0.018965  -0.051337  -0.007563 
 -0.090969   0.302680   0.198930   0.274848   0.008594   0.096257   0.000796  -0.033986   0.082614   0.070187  -0.015470   0.001776 
 -0.079398   0.336333   0.181574   0.224084   0.014095   0.074828   0.011571   0.033653  -0.017356  -0.050764   0.005501  -0.021429 
 -0.096012   0.336338   0.245292   0.221505   0.007735   0.076089  -0.016614   0.000005   0.063718  -0.002579  -0.006360   0.001261 
 -0.109497   0.302733   0.258037   0.181800   0.040164   0.092647  -0.013485  -0.033605   0.012745  -0.039705   0.032429   0.016558 
 -0.121493   0.310344   0.325863   0.163579   0.113503   0.107659  -0.011996   0.007611   0.067826  -0.018221   0.073339   0.015012 
 -0.098487   0.305067   0.234695   0.167877   0.079183   0.116253   0.023006  -0.005277  -0.091168   0.004298  -0.034320   0.008594 
 -0.100426   0.320892   0.232567   0.170799   0.060562   0.100038  -0.001939   0.015825  -0.002128   0.002922  -0.018621  -0.016215 
 -0.082634   0.282774   0.309814   0.169481   0.056666   0.094595   0.017792  -0.038118   0.077247  -0.001318  -0.003896  -0.005443 
 -0.085677   0.384893   0.236289   0.172747   0.072651   0.099637  -0.003043   0.102119  -0.073525   0.003266   0.015985   0.005042 
 -0.081470   0.369700   0.181994   0.199676   0.094080   0.105252   0.004207  -0.015193  -0.054295   0.026929   0.021429   0.005615 
 -0.089821   0.344248   0.255087   0.180654   0.061708   0.107888  -0.008351  -0.025452   0.073093  -0.019022  -0.032372   0.002636 
 -0.089720   0.297941   0.281405   0.187701   0.058384   0.108346   0.000101  -0.046307   0.026318   0.007047  -0.003324   0.000458 
 -0.100575   0.357159   0.177850   0.179622   0.062796   0.099351  -0.010855   0.059218  -0.103555  -0.008079   0.004412  -0.008995 
 -0.074190   0.330218   0.088895   0.133385   0.071161   0.070417   0.026385  -0.026941  -0.088955  -0.046237   0.008365  -0.028934 
 -0.059469   0.296587  -0.076545   0.086918   0.069328   0.059072   0.014721  -0.033631  -0.165440  -0.046467  -0.001833  -0.011345 
 -0.074373   0.247699   0.012253   0.056666   0.044920   0.069385  -0.014904  -0.048888   0.088798  -0.030252  -0.024408   0.010313 
 -0.073085   0.248313   0.076581   0.074656   0.039534   0.060676   0.001288   0.000614   0.064328   0.017990  -0.005386  -0.008709 
 -0.076793   0.324649   0.035078   0.094194   0.070245   0.071104  -0.003708   0.076336  -0.041503   0.019538   0.030711   0.010428 
 -0.073326   0.309330  -0.000099   0.110409   0.057525   0.072422   0.003467  -0.015319  -0.035177   0.016215  -0.012720   0.001318 
 -0.072268   0.294492   0.113797   0.119404   0.045149   0.064572   0.001058  -0.014838   0.113896   0.008995  -0.012376  -0.007850 
 -0.089623   0.264639   0.143564   0.146047   0.038216   0.077865  -0.017355  -0.029853   0.029767   0.026643  -0.006933   0.013293 
 -0.088751   0.345747   0.089877   0.141406   0.082162   0.089210   0.000872   0.081108  -0.053687  -0.004641   0.043946   0.011345 
 -0.084804   0.328445   0.062224   0.139343   0.057124   0.083480   0.003947  -0.017302  -0.027653  -0.002063  -0.025038  -0.005730 
 -0.078941   0.283025   0.127458   0.138026   0.042227   0.075401   0.005863  -0.045420   0.065234  -0.001317  -0.014897  -0.008079 
 -0.073536   0.291820   0.116366   0.138083   0.045837   0.074313   0.005405   0.008795  -0.011092   0.000057   0.003610  -0.001088 
 -0.071523   0.353872   0.055708   0.138083   0.069729   0.069271   0.002013   0.062052  -0.060658   0.000000   0.023892  -0.005042 
 -0.071628   0.309754   0.091801   0.140489   0.058041   0.074026  -0.000105  -0.044118   0.036093   0.002406  -0.011688   0.004755 
 -0.062044   0.280186   0.165140   0.154870   0.038961   0.053113   0.009584  -0.029568   0.073339   0.014381  -0.019080  -0.020913 
 -0.064570   0.324094   0.054063   0.127311   0.082048   0.044060  -0.002526   0.043908  -0.111077  -0.027559   0.043087  -0.009053 
 -0.055008   0.327397   0.041863   0.148110   0.062682   0.049217   0.009562   0.003303  -0.012200   0.020799  -0.019366   0.005157 
 -0.062087   0.283033   0.150622   0.150688   0.047842   0.057353  -0.007079  -0.044364   0.108759   0.002578  -0.014840   0.008136 
 -0.069071   0.303232   0.164147   0.170340   0.050363   0.060791  -0.006984   0.020199   0.013525   0.019652   0.002521   0.003438 
 -0.073801   0.358990   0.123153   0.164095   0.066979   0.069156  -0.004730   0.055758  -0.040994  -0.006245   0.016616   0.008365 
 -0.097610   0.347596   0.108100   0.202541   0.116712   0.054374  -0.023809  -0.011394  -0.015053   0.038446   0.049733  -0.014782 
 -0.079309   0.282408   0.189319   0.183690   0.083480   0.045951   0.018301  -0.065188   0.081219  -0.018851  -0.033232  -0.008423 
 -0.079961   0.323683   0.179343   0.177617   0.049905   0.043717  -0.000652   0.041275  -0.009976  -0.006073  -0.033575  -0.002234 
 -0.097413   0.351079   0.123728   0.239210  -0.000802   0.060390  -0.017452   0.027396  -0.055615   0.061593  -0.050707   0.016673 
 -0.097251   0.335220   0.090319   0.216406   0.010313   0.067208   0.000162  -0.015859  -0.033409  -0.022804   0.011115   0.006818 
 -0.086669   0.286587   0.196737   0.200822   0.044118   0.074026   0.010582  -0.048633   0.106418  -0.015584   0.033805   0.006818 
 -0.082474   0.308810   0.151679   0.126910   0.056494   0.072135   0.004195   0.022223  -0.045058  -0.073912   0.012376  -0.001891 
 -0.074782   0.333834   0.144111   0.146792   0.063713   0.065374   0.007692   0.025024  -0.007568   0.019882   0.007219  -0.006761 
 -0.087603   0.327794   0.109188   0.157621   0.046410   0.061192  -0.012821  -0.006040  -0.034923   0.010829  -0.017303  -0.004182 
 -0.077373   0.301456   0.202597   0.162376   0.041597   0.052598   0.010230  -0.026338   0.093409   0.004755  -0.004813  -0.008594 
 -0.078573   0.352816   0.171698   0.177159   0.043545   0.064916  -0.001200   0.051360  -0.030899   0.014783   0.001948   0.012318 
 -0.073419   0.361046   0.126641   0.167304   0.057067   0.055462   0.005154   0.008230  -0.045057  -0.009855   0.013522  -0.009454 
 -0.076938   0.302387   0.195109   0.182029   0.034607   0.055806  -0.003519  -0.058659   0.068468   0.014725  -0.022460   0.000344 
 -0.085507   0.318544   0.199988   0.190967   0.041196   0.051967  -0.008569   0.016157   0.004879   0.008938   0.006589  -0.003839 
 -0.083103   0.365357   0.194797   0.171773   0.036669   0.048873   0.002404   0.046813  -0.005191  -0.019194  -0.004527  -0.003094 
 -0.093237   0.356140   0.102742   0.187701   0.049102   0.055691  -0.010134  -0.009217  -0.092055   0.015928   0.012433   0.006818 
 -0.085249   0.318218   0.031990   0.145245   0.056780   0.068182   0.007988  -0.037922  -0.070752  -0.042456   0.007678   0.012491 
 -0.097497   0.295163   0.132132   0.146677   0.030882   0.067781  -0.012248  -0.023055   0.100142   0.001432  -0.025898  -0.000401 
 -0.102525   0.352805   0.129677   0.124389   0.030138   0.076834  -0.005028   0.057642  -0.002455  -0.022288  -0.000744   0.009053 
 -0.106862   0.344890   0.129415   0.155042   0.042342   0.088407  -0.004337  -0.007915  -0.000262   0.030653   0.012204   0.011573 
 -0.103181   0.347598   0.137065   0.150860   0.042227   0.085772   0.003681   0.002708   0.007650  -0.004182  -0.000115  -0.002635 
 -0.087521   0.285513   0.084409   0.101757   0.016788   0.050592   0.015660  -0.062085  -0.052656  -0.049103  -0.025439  -0.035180 
 -0.080375   0.266333   0.077509   0.092934   0.017819   0.054488   0.007146  -0.019180  -0.006900  -0.008823   0.001031   0.003896 
 -0.082964   0.309281   0.087971   0.101471   0.028705   0.060963  -0.002589   0.042948   0.010462   0.008537   0.010886   0.006475 
 -0.084500   0.268803   0.143740   0.147193   0.026241   0.059129  -0.001536  -0.040478   0.055769   0.045722  -0.002464  -0.001834 
 -0.074548   0.269231   0.147576   0.131322   0.039935   0.046983   0.009952   0.000428   0.003836  -0.015871   0.013694  -0.012146 
 -0.075459   0.350796   0.124315   0.135103   0.035237   0.047269  -0.000911   0.081565  -0.023261   0.003781  -0.004698   0.000286 
 -0.074442   0.322488   0.150467   0.147193   0.034263   0.052254   0.001017  -0.028308   0.026152   0.012090  -0.000974   0.004985 
 -0.091101   0.359482   0.119202   0.148912   0.039935   0.050134  -0.016659   0.036994  -0.031265   0.001719   0.005672  -0.002120 
 -0.113343   0.325416   0.094059   0.141463   0.039935   0.061536  -0.022242  -0.034066  -0.025143  -0.007449   0.000000   0.011402 
 -0.079529   0.258067   0.186344   0.147651   0.051795   0.056093   0.033814  -0.067349   0.092285   0.006188   0.011860  -0.005443 
 -0.083866   0.319617   0.125211   0.136192   0.035294   0.065203  -0.004337   0.061550  -0.061133  -0.011459  -0.016501   0.009110 
 -0.084312   0.326100   0.071212   0.155157   0.063656   0.074943  -0.000446   0.006483  -0.053999   0.018965   0.028362   0.009740 
 -0.082528   0.311087   0.088914   0.169194   0.061765   0.079183   0.001784  -0.015013   0.017702   0.014037  -0.001891   0.004240 
 -0.079096   0.276445   0.152324   0.164955   0.046983   0.084798   0.003432  -0.034642   0.063410  -0.004239  -0.014782   0.005615 
 -0.094993   0.322038   0.101998   0.159913   0.090413   0.086058  -0.015897   0.045593  -0.050326  -0.005042   0.043430   0.001260 
 -0.084941   0.299167   0.103834   0.141291   0.049389   0.073281   0.010052  -0.022871   0.001836  -0.018622  -0.041024  -0.012777 
 -0.090219   0.282986   0.111698   0.134874   0.043889   0.073740  -0.005278  -0.016181   0.007864  -0.006417  -0.005500   0.000459 
 -0.094134   0.263207   0.149001   0.111899   0.045034   0.073224  -0.003915  -0.019779   0.037303  -0.022975   0.001145  -0.000516 
 -0.094652   0.296184   0.125696   0.137395   0.029049   0.070302  -0.000518   0.032977  -0.023305   0.025496  -0.015985  -0.002922 
 -0.093720   0.311308   0.105485   0.146391   0.082735   0.089840   0.000932   0.015124  -0.020211   0.008996   0.053686   0.019538 
 -0.091378   0.311598   0.096902   0.136307   0.066807   0.087834   0.002342   0.000290  -0.008583  -0.010084  -0.015928  -0.002006 
 -0.071559   0.284133   0.193709   0.163579   0.059301   0.097174   0.019819  -0.027465   0.096807   0.027272  -0.007506   0.009340 
 -0.025482   0.292844   0.260785   0.136192   0.112701   0.125134   0.046077   0.008711   0.067076  -0.027387   0.053400   0.027960 
 -0.006026   0.311898   0.197362   0.113560   0.106914   0.108117   0.019456   0.019054  -0.063423  -0.022632  -0.005787  -0.017017 
  0.021173   0.312458   0.142397   0.098205   0.201968   0.112529   0.027199   0.000560  -0.054965  -0.015355   0.095054   0.004412 
  0.027703   0.304724   0.110702   0.104106   0.168507   0.104450   0.006530  -0.007734  -0.031695   0.005901  -0.033461  -0.008079 
  0.001339   0.275538   0.201133   0.141635   0.146276   0.091845  -0.026364  -0.029186   0.090431   0.037529  -0.022231  -0.012605 
 -0.024298   0.343302   0.157609   0.152006   0.125191   0.076261  -0.025637   0.067764  -0.043524   0.010371  -0.021085  -0.015584 
 -0.033133   0.318982   0.149993   0.166903   0.140203   0.081131  -0.008835  -0.024320  -0.007616   0.014897   0.015012   0.004870 
 -0.039040   0.290690   0.163729   0.151777   0.151433   0.086689  -0.005907  -0.028292   0.013736  -0.015126   0.011230   0.005558 
 -0.042306   0.297577   0.203595   0.209989   0.093335   0.063426  -0.003266   0.006887   0.039866   0.058212  -0.058098  -0.023263 
 -0.050614   0.329745   0.242631   0.156016   0.128514   0.047384  -0.008308   0.032168   0.039036  -0.053973   0.035179  -0.016042 
 -0.056163   0.396290   0.191775   0.205062   0.101528   0.048644  -0.005549   0.066545  -0.050856   0.049046  -0.026986   0.001260 
 -0.059958   0.369872   0.207220   0.143698   0.128457   0.040737  -0.003795  -0.026418   0.015445  -0.061364   0.026929  -0.007907 
 -0.051479   0.346510   0.195856   0.263331   0.080099   0.040737   0.008479  -0.023362  -0.011364   0.119633  -0.048358   0.000000 
 -0.059340   0.261151   0.314870   0.119404   0.093850   0.054488  -0.007861  -0.085359   0.119014  -0.143927   0.013751   0.013751 
 -0.067427   0.386345   0.218201   0.152120   0.117113   0.063999  -0.008087   0.125194  -0.096669   0.032716   0.023263   0.009511 
 -0.067289   0.355236   0.156909   0.172403   0.117113   0.061994   0.000138  -0.031109  -0.061292   0.020283   0.000000  -0.002005 
 -0.067721   0.331546   0.173094   0.175783   0.126280   0.059473  -0.000432  -0.023690   0.016185   0.003380   0.009167  -0.002521 
 -0.067368   0.272139   0.245342   0.161689   0.136077   0.060905   0.000353  -0.059407   0.072248  -0.014094   0.009797   0.001432 
 -0.074945   0.352146   0.187689   0.158537   0.127827   0.065374  -0.007577   0.080007  -0.057653  -0.003152  -0.008250   0.004469 
 -0.063030   0.351598   0.133189   0.155042   0.108003   0.071620   0.011915  -0.000548  -0.054500  -0.003495  -0.019824   0.006246 
 -0.064666   0.303396   0.171874   0.147594   0.093220   0.059015  -0.001636  -0.048202   0.038685  -0.007448  -0.014783  -0.012605 
 -0.063000   0.269097   0.194355   0.138770   0.097632   0.064515   0.001666  -0.034299   0.022481  -0.008824   0.004412   0.005500 
 -0.063079   0.339311   0.148890   0.133556   0.100210   0.064515  -0.000079   0.070214  -0.045465  -0.005214   0.002578   0.000000 
 -0.063248   0.335890   0.104223   0.146620   0.096142   0.063827  -0.000169  -0.003421  -0.044667   0.013064  -0.004068  -0.000688 
 -0.069432   0.295992   0.168055   0.147193   0.094423   0.068182  -0.006184  -0.039898   0.063832   0.000573  -0.001719   0.004355 
 -0.069893   0.277955   0.173905   0.139974   0.095970   0.065374  -0.000461  -0.018037   0.005850  -0.007219   0.001547  -0.002808 
 -0.068598   0.343207   0.111543   0.144844   0.096715   0.065260   0.001295   0.065252  -0.062362   0.004870   0.000745  -0.000114 
 -0.069159   0.329591   0.101962   0.142265   0.114706   0.075057  -0.000561  -0.013616  -0.009581  -0.002579   0.017991   0.009797 
 -0.075884   0.292081   0.207179   0.150115   0.106914   0.093048  -0.006725  -0.037510   0.105217   0.007850  -0.007792   0.017991 
 -0.090726   0.295926   0.225563   0.171085   0.120264   0.081417  -0.014842   0.003845   0.018384   0.020970   0.013350  -0.011631 
 -0.088727   0.318700   0.154938   0.176700   0.072880   0.073854   0.001999   0.022774  -0.070625   0.005615  -0.047384  -0.007563 
 -0.082331   0.296649   0.136507   0.134588   0.069786   0.079641   0.006396  -0.022051  -0.018431  -0.042112  -0.003094   0.005787 
 -0.082302   0.299777   0.132119   0.140375   0.063025   0.092590   0.000029   0.003128  -0.004388   0.005787  -0.006761   0.012949 
 -0.100379   0.277309   0.164199   0.133786   0.036039   0.093850  -0.018077  -0.022468   0.032080  -0.006589  -0.026986   0.001260 
 -0.082498   0.303893   0.087776   0.121925   0.059015   0.093965   0.017881   0.026584  -0.076423  -0.011861   0.022976   0.000115 
 -0.078719   0.335583   0.048309   0.120378   0.071963   0.084225   0.003779   0.031690  -0.039467  -0.001547   0.012948  -0.009740 
 -0.081239   0.286102   0.140865   0.116826   0.067093   0.075344  -0.002520  -0.049481   0.092556  -0.003552  -0.004870  -0.008881 
 -0.075601   0.281407   0.164377   0.128113   0.045951   0.078610   0.005638  -0.004695   0.023512   0.011287  -0.021142   0.003266 
 -0.080150   0.322349   0.138527   0.121295   0.043717   0.068182  -0.004549   0.040942  -0.025850  -0.006818  -0.002234  -0.010428 
 -0.089573   0.314785   0.110615   0.133327   0.061306   0.084225  -0.009423  -0.007564  -0.027912   0.012032   0.017589   0.016043 
 -0.094056   0.294436   0.206954   0.152751   0.060390   0.076662  -0.004483  -0.020349   0.096339   0.019424  -0.000916  -0.007563 
 -0.103995   0.266489   0.231899   0.148625   0.068354   0.079813  -0.009939  -0.027947   0.024945  -0.004126   0.007964   0.003151 
 -0.096553   0.339436   0.135521   0.139114   0.068870   0.074198   0.007442   0.072947  -0.096378  -0.009511   0.000516  -0.005615 
 -0.093421   0.320455   0.064813   0.134874   0.088064   0.080443   0.003132  -0.018981  -0.070708  -0.004240   0.019194   0.006245 
 -0.110123   0.310690   0.095328   0.131895   0.073969   0.088293  -0.016702  -0.009765   0.030515  -0.002979  -0.014095   0.007850 
 -0.093854   0.277403   0.179923   0.152865   0.056723   0.078553   0.016269  -0.033287   0.084595   0.020970  -0.017246  -0.009740 
 -0.094075   0.347038   0.104882   0.140890   0.065432   0.086001  -0.000221   0.069635  -0.075041  -0.011975   0.008709   0.007448 
 -0.092932   0.328989   0.099117   0.148339   0.114649   0.097403   0.001143  -0.018049  -0.005765   0.007449   0.049217   0.011402 
 -0.102025   0.318771   0.149014   0.164267   0.091215   0.097174  -0.009093  -0.010218   0.049897   0.015928  -0.023434  -0.000229 
 -0.104669   0.290496   0.184931   0.171085   0.083709   0.095741  -0.002644  -0.028275   0.035917   0.006818  -0.007506  -0.001433 
 -0.096945   0.268709   0.235809   0.135619   0.086001   0.078839   0.007724  -0.021787   0.050878  -0.035466   0.002292  -0.016902 
 -0.096777   0.310045   0.232114   0.126280   0.101929   0.081360   0.000168   0.041336  -0.003695  -0.009339   0.015928   0.002521 
 -0.097009   0.296438   0.205453   0.185696   0.084282   0.099695  -0.000232  -0.013607  -0.026661   0.059416  -0.017647   0.018335 
 -0.096896   0.297279   0.171284   0.182143   0.132582   0.091444   0.000113   0.000841  -0.034169  -0.003553   0.048300  -0.008251 
 -0.118838   0.335984   0.131152   0.289458   0.139515   0.096944  -0.021942   0.038705  -0.040132   0.107315   0.006933   0.005500 
 -0.126224   0.277726   0.195360   0.262758   0.119634   0.090814  -0.007386  -0.058258   0.064208  -0.026700  -0.019881  -0.006130 
 -0.110987   0.340528   0.100562   0.261269   0.130978   0.086975   0.015237   0.062802  -0.094798  -0.001489   0.011344  -0.003839 
 -0.107359   0.341678   0.075283   0.273129   0.140260   0.088121   0.003628   0.001150  -0.025279   0.011860   0.009282   0.001146 
 -0.103482   0.302064   0.122554   0.247059   0.122498   0.087319   0.003877  -0.039614   0.047271  -0.026070  -0.017762  -0.000802 
 -0.098981   0.353727   0.080678   0.254279   0.121123   0.082678   0.004501   0.051663  -0.041876   0.007220  -0.001375  -0.004641 
 -0.098525   0.335665   0.098568   0.248263   0.128343   0.090470   0.000456  -0.018062   0.017890  -0.006016   0.007220   0.007792 
 -0.099263   0.318307   0.124714   0.251700   0.119347   0.093449  -0.000738  -0.017358   0.026146   0.003437  -0.008996   0.002979 
 -0.107748   0.377813   0.067125   0.263446   0.125420   0.097804  -0.008485   0.059506  -0.057589   0.011746   0.006073   0.004355 
 -0.105243   0.336468   0.057958   0.274275   0.107601   0.101070   0.002505  -0.041345  -0.009167   0.010829  -0.017819   0.003266 
 -0.099130   0.314966   0.116508   0.297881   0.117113   0.106284   0.006113  -0.021502   0.058550   0.023606   0.009512   0.005214 
 -0.083631   0.329554   0.142959   0.279489   0.147938   0.115107   0.015499   0.014588   0.026451  -0.018392   0.030825   0.008823 
 -0.092439   0.379438   0.099716   0.273645   0.149026   0.100153  -0.008808   0.049884  -0.043243  -0.005844   0.001088  -0.014954 
 -0.090672   0.375085   0.094889   0.304298   0.155100   0.091215   0.001767  -0.004353  -0.004827   0.030653   0.006074  -0.008938 
 -0.091003   0.302170   0.184298   0.269577   0.103591   0.097804  -0.000331  -0.072915   0.089409  -0.034721  -0.051509   0.006589 
 -0.085066   0.355630   0.161030   0.276911   0.121123   0.083251   0.005937   0.053460  -0.023268   0.007334   0.017532  -0.014553 
 -0.087651   0.362740   0.134946   0.297594   0.099752   0.097689  -0.002585   0.007110  -0.026084   0.020683  -0.021371   0.014438 
 -0.087450   0.344996   0.132988   0.270150   0.143354   0.101528   0.000201  -0.017744  -0.001958  -0.027444   0.043602   0.003839 
 -0.084733   0.322208   0.190983   0.252101   0.123873   0.098663   0.002717  -0.022788   0.057995  -0.018049  -0.019481  -0.002865 
 -0.073798   0.326733   0.122585   0.246830   0.142781   0.091960   0.010935   0.004525  -0.068398  -0.005271   0.018908  -0.006703 
 -0.076079   0.356672   0.122924   0.248950   0.143411   0.091158  -0.002281   0.029939   0.000339   0.002120   0.000630  -0.000802 
 -0.070611   0.334728   0.128754   0.259779   0.139859   0.083595   0.005468  -0.021944   0.005830   0.010829  -0.003552  -0.007563 
 -0.068305   0.329103   0.178027   0.259378   0.136135   0.085829   0.002306  -0.005625   0.049273  -0.000401  -0.003724   0.002234 
 -0.077247   0.295359   0.208150   0.256112   0.108346   0.091158  -0.008942  -0.033744   0.030123  -0.003266  -0.027789   0.005329 
 -0.067852   0.378488   0.151583   0.252904   0.149370   0.108633   0.009395   0.083129  -0.056567  -0.003208   0.041024   0.017475 
 -0.070121   0.357465   0.118057   0.268431   0.132009   0.112128  -0.002269  -0.021023  -0.033526   0.015527  -0.017361   0.003495 
 -0.080101   0.317278   0.219374   0.273645   0.114763   0.104679  -0.009980  -0.040187   0.101317   0.005214  -0.017246  -0.007449 
 -0.078120   0.304912   0.208571   0.269519   0.105883   0.095627   0.001981  -0.012366  -0.010803  -0.004126  -0.008880  -0.009052 
 -0.072733   0.363019   0.146433   0.267972   0.111612   0.099408   0.005387   0.058107  -0.062138  -0.001547   0.005729   0.003781 
 -0.066897   0.340724   0.086784   0.264649   0.110352   0.101184   0.005836  -0.022295  -0.059649  -0.003323  -0.001260   0.001776 
 -0.073989   0.304706   0.193298   0.256284   0.105883   0.083824  -0.007092  -0.036018   0.106514  -0.008365  -0.004469  -0.017360 
 -0.071519   0.300915   0.158973   0.261956   0.097403   0.092647   0.002470  -0.003791  -0.034325   0.005672  -0.008480   0.008823 
 -0.068916   0.368646   0.105551   0.261899   0.115508   0.093220   0.002603   0.067731  -0.053422  -0.000057   0.018105   0.000573 
 -0.061328   0.342295   0.078133   0.281322   0.140375   0.089038   0.007588  -0.026351  -0.027418   0.019423   0.024867  -0.004182 
 -0.061639   0.307211   0.125027   0.273072   0.116826   0.088465  -0.000311  -0.035084   0.046894  -0.008250  -0.023549  -0.000573 
 -0.056136   0.301430   0.144777   0.244997   0.123873   0.075344   0.005503  -0.005781   0.019750  -0.028075   0.007047  -0.013121 
 -0.050500   0.378953   0.124116   0.286995   0.112357   0.074828   0.005636   0.077523  -0.020661   0.041998  -0.011516  -0.000516 
 -0.046429   0.346286   0.102843   0.283614   0.129145   0.075115   0.004071  -0.032667  -0.021273  -0.003381   0.016788   0.000287 
 -0.049360   0.317977   0.117441   0.249466   0.110524   0.078495  -0.002931  -0.028309   0.014598  -0.034148  -0.018621   0.003380 
 -0.051053   0.296570   0.218572   0.232735   0.105138   0.068583  -0.001693  -0.021407   0.101131  -0.016731  -0.005386  -0.009912 
 -0.060566   0.335146   0.195951   0.247059   0.130921   0.080959  -0.009513   0.038576  -0.022621   0.014324   0.025783   0.012376 
 -0.049903   0.373531   0.154967   0.249810   0.138197   0.085485   0.010663   0.038385  -0.040984   0.002751   0.007276   0.004526 
 -0.052371   0.343771   0.132191   0.268775   0.117514   0.094022  -0.002468  -0.029760  -0.022776   0.018965  -0.020683   0.008537 
 -0.050414   0.330943   0.143726   0.255482   0.132181   0.084225   0.001957  -0.012828   0.011535  -0.013293   0.014667  -0.009797 
 -0.042970   0.305775   0.144820   0.223454   0.152063   0.104966   0.007444  -0.025168   0.001094  -0.032028   0.019882   0.020741 
 -0.037605   0.359499   0.092319   0.186842   0.169882   0.105310   0.005365   0.053724  -0.052501  -0.036612   0.017819   0.000344 
 -0.046210   0.318303   0.104726   0.224771   0.081876   0.102617  -0.008605  -0.041196   0.012407   0.037929  -0.088006  -0.002693 
 -0.010022   0.299898   0.124773   0.218755   0.139515   0.118889   0.036188  -0.018405   0.020047  -0.006016   0.057639   0.016272 
 -0.034725   0.269883   0.137533   0.237033   0.019767   0.095054  -0.024703  -0.030015   0.012760   0.018278  -0.119748  -0.023835 
 -0.064067   0.371776   0.105495   0.183805   0.048243   0.117284  -0.029342   0.101893  -0.032038  -0.053228   0.028476   0.022230 
 -0.034650   0.313457   0.037666   0.163981   0.144557   0.112701   0.029417  -0.058319  -0.067829  -0.019824   0.096314  -0.004583 
  0.035225   0.291084  -0.075678   0.123243   0.173205   0.078266   0.069875  -0.022373  -0.113344  -0.040738   0.028648  -0.034435 
 -0.017039   0.246219   0.039070   0.163408   0.134702   0.095340  -0.052264  -0.044865   0.114748   0.040165  -0.038503   0.017074 
 -0.006006   0.334559  -0.025551   0.139401   0.167017   0.112586   0.011033   0.088340  -0.064621  -0.024007   0.032315   0.017246 
 -0.030319   0.290943  -0.012862   0.183805   0.099408   0.104278  -0.024313  -0.043616   0.012689   0.044404  -0.067609  -0.008308 
 -0.045707   0.243011  -0.041484   0.194806   0.162835   0.137166  -0.015388  -0.047932  -0.028622   0.011001   0.063427   0.032888 
 -0.032610   0.268255   0.062262   0.215719   0.140890   0.111899   0.013097   0.025244   0.103746   0.020913  -0.021945  -0.025267 
 -0.043572   0.302612  -0.051302   0.196811   0.156933   0.150745  -0.010962   0.034357  -0.113564  -0.018908   0.016043   0.038846 
 -0.056223   0.277482   0.047462   0.215604   0.089038   0.102445  -0.012651  -0.025130   0.098764   0.018793  -0.067895  -0.048300 
 -0.081168   0.259676   0.140699   0.196123   0.088465   0.096715  -0.024945  -0.017806   0.093237  -0.019481  -0.000573  -0.005730 
 -0.065992   0.311051   0.062314   0.215088   0.144099   0.098606   0.015176   0.051375  -0.078385   0.018965   0.055634   0.001891 
 -0.057965   0.346615   0.018348   0.224886   0.131093   0.094481   0.008027   0.035564  -0.043966   0.009798  -0.013006  -0.004125 
 -0.064838   0.290392   0.074376   0.244653   0.154813   0.108919  -0.006873  -0.056223   0.056028   0.019767   0.023720   0.014438 
 -0.064551   0.321127   0.037676   0.212281   0.162835   0.096773   0.000287   0.030735  -0.036700  -0.032372   0.008022  -0.012146 
 -0.049862   0.339011   0.001832   0.227923   0.134702   0.089496   0.014689   0.017884  -0.035844   0.015642  -0.028133  -0.007277 
 -0.066948   0.295635   0.093405   0.235371   0.148453   0.102903  -0.017086  -0.043376   0.091573   0.007448   0.013751   0.013407 
 -0.131929   0.297464   0.308400   0.335467   0.142666   0.138140  -0.064981   0.001829   0.214995   0.100096  -0.005787   0.035237 
 -0.166370   0.317635   0.624899   0.492285   0.260810   0.129890  -0.034441   0.020171   0.316499   0.156818   0.118144  -0.008250 
 -0.189270   0.363384   0.808873   0.559379   0.336956   0.145531  -0.022900   0.045749   0.183974   0.067094   0.076146   0.015641 
 -0.168725   0.525224   0.656711   0.550842   0.347270   0.133499   0.020545   0.161840  -0.152162  -0.008537   0.010314  -0.012032 
 -0.123640   0.462123   0.293450   0.428744   0.283098   0.128973   0.045085  -0.063101  -0.363261  -0.122098  -0.064172  -0.004526 
 -0.110425   0.394508   0.001160   0.264305   0.192514   0.105080   0.013215  -0.067615  -0.292290  -0.164439  -0.090584  -0.023893 
 -0.123674   0.310948   0.046266   0.284645   0.209130   0.099007  -0.013249  -0.083560   0.045106   0.020340   0.016616  -0.006073 
 -0.156915   0.352707   0.231221   0.324867   0.213713   0.113675  -0.033241   0.041759   0.184955   0.040222   0.004583   0.014668 
 -0.190468   0.391372   0.683174   0.559264   0.309283   0.161803  -0.033553   0.038665   0.451953   0.234397   0.095570   0.048128 
 -0.178732   0.463870   0.620530   0.599543   0.264248   0.156417   0.011736   0.072498  -0.062644   0.040279  -0.045035  -0.005386 
 -0.149503   0.526845   0.458685   0.770972   0.225631   0.202770   0.029229   0.062975  -0.161845   0.171429  -0.038617   0.046353 
 -0.175929   0.443389   0.508777   0.548779   0.275478   0.220360  -0.026426  -0.083456   0.050092  -0.222193   0.049847   0.017590 
 -0.194887   0.399564   0.311430   0.472003   0.156074   0.197670  -0.018958  -0.043825  -0.197347  -0.076776  -0.119404  -0.022690 
 -0.202581   0.360911   0.159287   0.407946   0.190795   0.233022  -0.007694  -0.038653  -0.152143  -0.064057   0.034721   0.035352 
 -0.194681   0.350174   0.089722   0.422098   0.240585   0.255768   0.007900  -0.010737  -0.069565   0.014152   0.049790   0.022746 
 -0.222473   0.332769   0.154084   0.313408   0.188618   0.219615  -0.027792  -0.017405   0.064362  -0.108690  -0.051967  -0.036153 
 -0.218617   0.329385   0.117829   0.327732   0.135848   0.195952   0.003856  -0.003384  -0.036255   0.014324  -0.052770  -0.023663 
 -0.183862   0.340717  -0.085905   0.339191   0.337931   0.252159   0.034755   0.011332  -0.203734   0.011459   0.202083   0.056207 
 -0.161824   0.292026  -0.184322   0.282927   0.164668   0.176127   0.022038  -0.048691  -0.098417  -0.056264  -0.173263  -0.076032 
 -0.281691   0.212237  -0.102206   0.331170   0.150459   0.166845  -0.119867  -0.079789   0.082116   0.048243  -0.014209  -0.009282 
 -0.268029   0.183703   0.001870   0.330654   0.212625   0.166043   0.013662  -0.028534   0.104076  -0.000516   0.062166  -0.000802 
 -0.183574   0.247882   0.306308   0.509073   0.316616   0.195379   0.084455   0.064179   0.304438   0.178419   0.103991   0.029336 
 -0.142032   0.370328   0.280342   0.448741   0.269863   0.175440   0.041542   0.122446  -0.025966  -0.060332  -0.046753  -0.019939 
 -0.107093   0.316179   0.179797   0.370131   0.201395   0.116883   0.034939  -0.054149  -0.100545  -0.078610  -0.068468  -0.058557 
 -0.055237   0.266207   0.168022   0.307506   0.195149   0.075287   0.051856  -0.049972  -0.011775  -0.062625  -0.006246  -0.041596 
 -0.149398   0.345845   0.269578   0.280864   0.244309   0.158194  -0.094161   0.079638   0.101556  -0.026642   0.049160   0.082907 
 -0.081706   0.344762   0.049704   0.239267   0.271639   0.129259   0.067692  -0.001083  -0.219874  -0.041597   0.027330  -0.028935 
 -0.116403   0.287592   0.126452   0.228266   0.266826   0.165929  -0.034697  -0.057170   0.076748  -0.011001  -0.004813   0.036670 
 -0.123160   0.275255   0.156503   0.231991   0.260008   0.161975  -0.006757  -0.012337   0.030051   0.003725  -0.006818  -0.003954 
 -0.130333   0.352205   0.144193   0.169882   0.240528   0.145474  -0.007173   0.076950  -0.012310  -0.062109  -0.019480  -0.016501 
 -0.303433   0.351145   0.518141   0.244366   0.131207   0.262587  -0.173100  -0.001060   0.373948   0.074484  -0.109321   0.117113 
 -0.264837   0.311403   0.497709   0.197155   0.196639   0.229584   0.038596  -0.039742  -0.020432  -0.047211   0.065432  -0.033003 
 -0.183464   0.335278   0.344529   0.214401   0.209015   0.193602   0.081373   0.023875  -0.153180   0.017246   0.012376  -0.035982 
 -0.187959   0.356684   0.296922   0.204202   0.209874   0.174580  -0.004495   0.021406  -0.047607  -0.010199   0.000859  -0.019022 
 -0.221872   0.343340   0.376452   0.210505   0.109721   0.222193  -0.033913  -0.013344   0.079530   0.006303  -0.100153   0.047613 
 -0.133935   0.275924   0.212640   0.216750   0.109378   0.216177   0.087937  -0.067416  -0.163812   0.006245  -0.000343  -0.006016 
 -0.113519   0.369916   0.229094   0.185753  -0.002349   0.160314   0.020416   0.093992   0.016454  -0.030997  -0.111727  -0.055863 
 -0.210590   0.333510   0.771950   0.269634   0.035867   0.216521  -0.097071  -0.036406   0.542856   0.083881   0.038216   0.056207 
 -0.088807   0.323891   0.226250   0.218813   0.099294   0.197212   0.121783  -0.009619  -0.545700  -0.050821   0.063427  -0.019309 
 -0.076470   0.377900   0.059596   0.201452   0.172632   0.154298   0.012337   0.054009  -0.166654  -0.017361   0.073338  -0.042914 
 -0.127324   0.336524   0.195089   0.232850   0.160887   0.160314  -0.050854  -0.041376   0.135493   0.031398  -0.011745   0.006016 
 -0.126228   0.313932   0.241824   0.213656   0.168163   0.162491   0.001096  -0.022592   0.046735  -0.019194   0.007276   0.002177 
 -0.104861   0.380159   0.148121   0.209531   0.161517   0.141177   0.021367   0.066227  -0.093703  -0.004125  -0.006646  -0.021314 
 -0.107400   0.363482   0.174094   0.191196   0.136708   0.139573  -0.002539  -0.016677   0.025973  -0.018335  -0.024809  -0.001604 
 -0.096413   0.324351   0.263558   0.211364   0.177961   0.142495   0.010987  -0.039131   0.089464   0.020168   0.041253   0.002922 
 -0.105476   0.338500   0.317068   0.193373   0.203343   0.147250  -0.009063   0.014149   0.053510  -0.017991   0.025382   0.004755 
 -0.111123   0.409286   0.224663   0.193660   0.206265   0.138026  -0.005647   0.070786  -0.092405   0.000287   0.002922  -0.009224 
 -0.107913   0.386023   0.210156   0.218354   0.200593   0.138541   0.003210  -0.023263  -0.014507   0.024694  -0.005672   0.000515 
 -0.113088   0.372425   0.216228   0.228209   0.185466   0.141177  -0.005175  -0.013598   0.006072   0.009855  -0.015127   0.002636 
 -0.127619   0.318868   0.323676   0.230329   0.196811   0.166215  -0.014531  -0.053557   0.107448   0.002120   0.011345   0.025038 
 -0.121667   0.342996   0.340272   0.231819   0.202426   0.168392   0.005952   0.024128   0.016596   0.001490   0.005615   0.002177 
 -0.116830   0.374839   0.265835   0.204947   0.215890   0.158824   0.004837   0.031843  -0.074437  -0.026872   0.013464  -0.009568 
 -0.124247   0.368226   0.239596   0.211937   0.216979   0.173377  -0.007417  -0.006613  -0.026239   0.006990   0.001089   0.014553 
 -0.121840   0.323328   0.340147   0.229871   0.219787   0.177159   0.002407  -0.044898   0.100551   0.017934   0.002808   0.003782 
 -0.126707   0.372550   0.263151   0.228381   0.207984   0.177273  -0.004867   0.049222  -0.076996  -0.001490  -0.011803   0.000114 
 -0.125667   0.383290   0.280885   0.253648   0.216463   0.184722   0.001040   0.010740   0.017734   0.025267   0.008479   0.007449 
 -0.116562   0.365491   0.262924   0.253648   0.223912   0.173606   0.009105  -0.017799  -0.017961   0.000000   0.007449  -0.011116 
 -0.092217   0.414707   0.215668   0.253648   0.237090   0.164668   0.024345   0.049216  -0.047256   0.000000   0.013178  -0.008938 
 -0.093900   0.352604   0.238443   0.266884   0.200650   0.160772  -0.001683  -0.062103   0.022775   0.013236  -0.036440  -0.003896 
 -0.076701   0.340089   0.291899   0.258347   0.081360   0.155443   0.017199  -0.012515   0.053456  -0.008537  -0.119290  -0.005329 
 -0.063889   0.383943   0.178620   0.227235   0.119233   0.154527   0.012812   0.043854  -0.113279  -0.031112   0.037873  -0.000916 
 -0.059842   0.370802   0.089453   0.218240   0.165184   0.138598   0.004047  -0.013141  -0.089167  -0.008995   0.045951  -0.015929 
 -0.076626   0.356171   0.119546   0.230100   0.170340   0.149313  -0.016784  -0.014631   0.030093   0.011860   0.005156   0.010715 
 -0.077879   0.310942   0.201760   0.242533   0.125650   0.137223  -0.001253  -0.045229   0.082214   0.012433  -0.044690  -0.012090 
 -0.075592   0.357812   0.071307   0.202999   0.137624   0.141750   0.002287   0.046870  -0.130453  -0.039534   0.011974   0.004527 
 -0.073812   0.359459   0.054193   0.230501   0.150230   0.142036   0.001780   0.001647  -0.017114   0.027502   0.012606   0.000286 
 -0.077459   0.324513   0.099070   0.194061   0.141406   0.133843  -0.003647  -0.034946   0.044877  -0.036440  -0.008824  -0.008193 
 -0.080661   0.290133   0.104931   0.214057   0.142495   0.137166  -0.003202  -0.034380   0.005861   0.019996   0.001089   0.003323 
 -0.102921   0.283857   0.269588   0.292839   0.134301   0.134473  -0.022260  -0.006276   0.164657   0.078782  -0.008194  -0.002693 
 -0.106512   0.342839   0.200545   0.269233   0.165356   0.156303  -0.003591   0.058982  -0.069043  -0.023606   0.031055   0.021830 
 -0.102696   0.378892   0.163953   0.254164   0.167877   0.138083   0.003816   0.036053  -0.036592  -0.015069   0.002521  -0.018220 
 -0.101420   0.362506   0.133827   0.254737   0.184779   0.134072   0.001276  -0.016386  -0.030126   0.000573   0.016902  -0.004011 
 -0.105161   0.358555   0.066508   0.262071   0.186269   0.137854  -0.003741  -0.003951  -0.067319   0.007334   0.001490   0.003782 
 -0.111174   0.340439   0.184598   0.283614   0.170913   0.149313  -0.006013  -0.018116   0.118090   0.021543  -0.015356   0.011459 
 -0.117905   0.343662   0.213004   0.329852   0.179221   0.141234  -0.006731   0.003223   0.028406   0.046238   0.008308  -0.008079 
 -0.122735   0.384729   0.146156   0.279260   0.165413   0.140432  -0.004830   0.041067  -0.066848  -0.050592  -0.013808  -0.000802 
 -0.105055   0.366828   0.111209   0.290089   0.180711   0.147709   0.017680  -0.017901  -0.034947   0.010829   0.015298   0.007277 
 -0.107539   0.342827   0.112592   0.257086   0.191482   0.153152  -0.002484  -0.024001   0.001383  -0.033003   0.010771   0.005443 
 -0.102542   0.337778   0.172087   0.233079   0.238350   0.177674   0.004997  -0.005049   0.059495  -0.024007   0.046868   0.024522 
 -0.166570   0.390052   0.097430   0.234913   0.201395   0.194576  -0.064028   0.052274  -0.074657   0.001834  -0.036955   0.016902 
 -0.133057   0.293967  -0.083472   0.350593   0.183977   0.222078   0.033513  -0.096085  -0.180902   0.115680  -0.017418   0.027502 
 -0.017150   0.196471  -0.186596   0.434016   0.106857   0.170283   0.115907  -0.097496  -0.103124   0.083423  -0.077120  -0.051795 
 -0.044879   0.159446  -0.215685   0.193946   0.138083   0.175841  -0.027729  -0.037025  -0.029089  -0.240070   0.031226   0.005558 
 -0.070219   0.256813  -0.149468   0.053858   0.144213   0.137453  -0.025340   0.097367   0.066217  -0.140088   0.006130  -0.038388 
 -0.049794   0.241112  -0.175984  -0.029335   0.179680   0.148912   0.020425  -0.015701  -0.026516  -0.083193   0.035467   0.011459 
 -0.067715   0.231360  -0.140281   0.151032   0.168450   0.143812  -0.017921  -0.009752   0.035703   0.180367  -0.011230  -0.005100 
 -0.061753   0.321656  -0.246022   0.129660   0.178877   0.115451   0.005962   0.090296  -0.105741  -0.021372   0.010427  -0.028361 
 -0.080488   0.299719  -0.254027   0.130291   0.183862   0.122957  -0.018735  -0.021937  -0.008005   0.000631   0.004985   0.007506 
 -0.084144   0.268530  -0.165717   0.163694   0.144099   0.127254  -0.003656  -0.031189   0.088310   0.033403  -0.039763   0.004297 
 -0.076578   0.266536  -0.128396   0.126853   0.135390   0.149599   0.007566  -0.001994   0.037321  -0.036841  -0.008709   0.022345 
 -0.080285   0.334225  -0.173572   0.122155   0.125249   0.139114  -0.003707   0.067689  -0.045176  -0.004698  -0.010141  -0.010485 
 -0.083775   0.313243  -0.223055   0.175955   0.139974   0.129718  -0.003490  -0.020982  -0.049483   0.053800   0.014725  -0.009396 
 -0.084576   0.267357  -0.165175   0.161345   0.107029   0.145016  -0.000801  -0.045886   0.057880  -0.014610  -0.032945   0.015298 
 -0.070146   0.222022  -0.166268   0.121181   0.121123   0.125764   0.014430  -0.045335  -0.001093  -0.040164   0.014094  -0.019252 
 -0.052702   0.289518  -0.219671   0.122556   0.112987   0.122155   0.017444   0.067496  -0.053403   0.001375  -0.008136  -0.003609 
 -0.076839   0.268272  -0.237277   0.153896   0.110352   0.123358  -0.024137  -0.021246  -0.017606   0.031340  -0.002635   0.001203 
 -0.081059   0.231453  -0.170534   0.131551   0.104450   0.122269  -0.004220  -0.036819   0.066743  -0.022345  -0.005902  -0.001089 
 -0.093694   0.229930  -0.127919   0.127770   0.100611   0.121295  -0.012635  -0.001523   0.042615  -0.003781  -0.003839  -0.000974 
 -0.090016   0.297364  -0.200004   0.153438   0.123129   0.120550   0.003678   0.067434  -0.072085   0.025668   0.022518  -0.000745 
 -0.104371   0.270613  -0.192921   0.153152   0.127483   0.140604  -0.014355  -0.026751   0.007083  -0.000286   0.004354   0.020054 
 -0.113513   0.236740  -0.136978   0.164783   0.123014   0.129030  -0.009142  -0.033873   0.055943   0.011631  -0.004469  -0.011574 
 -0.149717   0.314175  -0.133467   0.151204   0.117686   0.152006  -0.036204   0.077435   0.003511  -0.013579  -0.005328   0.022976 
 -0.132517   0.313732  -0.210201   0.174695   0.135046   0.135734   0.017200  -0.000443  -0.076734   0.023491   0.017360  -0.016272 
 -0.125049   0.284599  -0.183006   0.180138   0.116024   0.130520   0.007468  -0.029133   0.027195   0.005443  -0.019022  -0.005214 
 -0.123630   0.267980  -0.128436   0.154756   0.102044   0.126509   0.001419  -0.016619   0.054570  -0.025382  -0.013980  -0.004011 
 -0.127340   0.328666  -0.191294   0.171142   0.119977   0.128686  -0.003710   0.060686  -0.062858   0.016386   0.017933   0.002177 
 -0.116822   0.318828  -0.248617   0.168049   0.128973   0.126280   0.010518  -0.009838  -0.057323  -0.003093   0.008996  -0.002406 
 -0.126208   0.273909  -0.189106   0.118889   0.116654   0.116654  -0.009386  -0.044919   0.059511  -0.049160  -0.012319  -0.009626 
 -0.132504   0.228906  -0.135122   0.111841   0.118373   0.118889  -0.006296  -0.045003   0.053984  -0.007048   0.001719   0.002235 
