  0.000000   0.000000   0.000000   0.000000   0.000000   0.000000   0.000000   0.000000   0.000000   0.000000   0.000000   0.000000 
  0.000000   0.025038   0.031340  -0.010714   0.000000   0.000000   0.000000   0.025038   0.031340  -0.010714   0.000000   0.000000 
  0.000000   0.099744   0.112835  -0.004240   0.000000   0.000000   0.000000   0.074706   0.081495   0.006474   0.000000   0.000000 
 -0.000005   0.238665   0.084516   0.035638   0.000000   0.000000  -0.000005   0.138921  -0.028319   0.039878   0.000000   0.000000 
  0.000013   0.249239   0.169400   0.028361   0.000000   0.000000   0.000018   0.010574   0.084884  -0.007277   0.000000   0.000000 
  0.000000   0.141907   0.260014   0.009511   0.000000   0.000000  -0.000013  -0.107332   0.090614  -0.018850   0.000000   0.000000 
  0.002508   0.255252   0.250450   0.015699   0.000401   0.000000   0.002508   0.113345  -0.009564   0.006188   0.000401   0.000000 
  0.003151   0.299054   0.253675  -0.010714   0.001432   0.000000   0.000643   0.043802   0.003225  -0.026413   0.001031   0.000000 
  0.010229   0.218908   0.322414  -0.028132  -0.002979   0.000000   0.007078  -0.080146   0.068739  -0.017418  -0.004411   0.000000 
  0.008721   0.208978   0.344368  -0.028361   0.001662   0.000000  -0.001508  -0.009930   0.021954  -0.000229   0.004641   0.000000 
  0.002429   0.285637   0.295962   0.017017  -0.001547   0.000000  -0.006292   0.076659  -0.048406   0.045378  -0.003209   0.000000 
  0.004645   0.233800   0.386410  -0.035810  -0.000802   0.000000   0.002216  -0.051837   0.090448  -0.052827   0.000745   0.000000 
  0.004804   0.198246   0.427272  -0.020913  -0.002464   0.000000   0.000159  -0.035554   0.040862   0.014897  -0.001662   0.000000 
  0.000068   0.305846   0.361035   0.014496  -0.002464   0.000000  -0.004736   0.107600  -0.066237   0.035409   0.000000   0.000000 
  0.003533   0.235110   0.419862  -0.023491  -0.002464   0.000000   0.003465  -0.070736   0.058827  -0.037987   0.000000   0.000000 
  0.004597   0.162314   0.504393  -0.027788  -0.002464   0.000000   0.001064  -0.072796   0.084531  -0.004297   0.000000   0.000000 
  0.000073   0.247894   0.485748  -0.020970  -0.013694   0.000000  -0.004524   0.085580  -0.018645   0.006818  -0.011230   0.000000 
  0.009567   0.309914   0.419805  -0.018678  -0.002464   0.000000   0.009494   0.062020  -0.065943   0.002292   0.011230   0.000000 
  0.012319   0.272795   0.417528  -0.046581  -0.002464   0.000000   0.002752  -0.037119  -0.002277  -0.027903   0.000000   0.000000 
  0.013074   0.177438   0.458662  -0.049561  -0.002464   0.000000   0.000755  -0.095357   0.041134  -0.002980   0.000000   0.000000 
  0.010984   0.238841   0.402167  -0.101643  -0.032716  -0.006761  -0.002090   0.061403  -0.056495  -0.052082  -0.030252  -0.006761 
  0.046080   0.325292   0.338206  -0.134530  -0.023606  -0.038159   0.035096   0.086451  -0.063961  -0.032887   0.009110  -0.031398 
  0.020870   0.243288   0.337371  -0.223282  -0.014324   0.000000  -0.025210  -0.082004  -0.000835  -0.088752   0.009282   0.038159 
  0.013881   0.208295   0.377975  -0.219386  -0.046868  -0.010886  -0.006989  -0.034993   0.040604   0.003896  -0.032544  -0.010886 
  0.011445   0.152925   0.532863  -0.248950  -0.027044  -0.004068  -0.002436  -0.055370   0.154888  -0.029564   0.019824   0.006818 
  0.006788   0.163312   0.565959  -0.199046  -0.004412   0.000000  -0.004657   0.010387   0.033096   0.049904   0.022632   0.004068 
  0.008213   0.258504   0.436923  -0.157793  -0.008308   0.000000   0.001425   0.095192  -0.129036   0.041253  -0.003896   0.000000 
  0.012194   0.247158   0.344405  -0.189420  -0.023262   0.000000   0.003981  -0.011346  -0.092518  -0.031627  -0.014954   0.000000 
  0.000035   0.178387   0.348879  -0.176757  -0.015011   0.000000  -0.012159  -0.068771   0.004474   0.012663   0.008251   0.000000 
 -0.000055   0.178419   0.506657  -0.179107  -0.014725   0.000000  -0.000090   0.000032   0.157778  -0.002350   0.000286   0.000000 
  0.004172   0.223562   0.514313  -0.179909  -0.043545   0.000000   0.004227   0.045143   0.007656  -0.000802  -0.028820   0.000000 
  0.007461   0.215945   0.512105  -0.241101  -0.052254   0.000000   0.003289  -0.007617  -0.002208  -0.061192  -0.008709   0.000000 
 -0.000068   0.154522   0.614110  -0.304355  -0.049217   0.000000  -0.007529  -0.061423   0.102005  -0.063254   0.003037   0.000000 
  0.008633   0.164606   0.591239  -0.293068  -0.050019  -0.006016   0.008701   0.010084  -0.022871   0.011287  -0.000802  -0.006016 
  0.009387   0.235224   0.591434  -0.321601  -0.064744  -0.007964   0.000754   0.070618   0.000195  -0.028533  -0.014725  -0.001948 
  0.006946   0.167818   0.649746  -0.348244  -0.063255  -0.014324  -0.002441  -0.067406   0.058312  -0.026643   0.001489  -0.006360 
  0.006608   0.134137   0.674284  -0.328820  -0.062624   0.000000  -0.000338  -0.033681   0.024538   0.019424   0.000631   0.014324 
  0.011655   0.177754   0.656405  -0.338389  -0.056150  -0.010886   0.005047   0.043617  -0.017879  -0.009569   0.006474  -0.010886 
  0.014193   0.224654   0.598344  -0.342170  -0.071276  -0.014324   0.002538   0.046900  -0.058061  -0.003781  -0.015126  -0.003438 
  0.013162   0.174578   0.626682  -0.368641  -0.071792  -0.010943  -0.001031  -0.050076   0.028338  -0.026471  -0.000516   0.003381 
  0.014063   0.123724   0.664993  -0.364688  -0.073740  -0.011402   0.000901  -0.050854   0.038311   0.003953  -0.001948  -0.000459 
  0.010352   0.170277   0.635857  -0.373397  -0.083079  -0.014324  -0.003711   0.046553  -0.029136  -0.008709  -0.009339  -0.002922 
  0.016709   0.206661   0.567879  -0.360047  -0.083079  -0.014324   0.006357   0.036384  -0.067978   0.013350   0.000000   0.000000 
  0.017780   0.155011   0.675747  -0.396773  -0.083079  -0.014324   0.001071  -0.051650   0.107868  -0.036726   0.000000   0.000000 
  0.014101   0.101949   0.829929  -0.415337  -0.062338   0.000000  -0.003679  -0.053062   0.154182  -0.018564   0.020741   0.014324 
  0.022099   0.159544   0.898493  -0.405941  -0.069557  -0.011230   0.007998   0.057595   0.068564   0.009396  -0.007219  -0.011230 
  0.018377   0.189398   0.696589  -0.390757  -0.095111  -0.010829  -0.003722   0.029854  -0.201904   0.015184  -0.025554   0.000401 
  0.021407   0.182095   0.656346  -0.404795  -0.084110  -0.013808   0.003030  -0.007303  -0.040243  -0.014038   0.011001  -0.002979 
  0.014258   0.092582   0.790528  -0.443870  -0.050535  -0.003094  -0.007149  -0.089513   0.134182  -0.039075   0.033575   0.010714 
  0.026305   0.189577   0.727968  -0.414879  -0.069614  -0.008365   0.012047   0.096995  -0.062560   0.028991  -0.019079  -0.005271 
  0.023828   0.210687   0.657651  -0.412701  -0.044748   0.000000  -0.002477   0.021110  -0.070317   0.002178   0.024866   0.008365 
  0.021517   0.124100   0.762789  -0.450631  -0.057983  -0.009053  -0.002311  -0.086587   0.105138  -0.037930  -0.013235  -0.009053 
  0.027038   0.118133   0.807390  -0.429317  -0.057983  -0.009568   0.005521  -0.005967   0.044601   0.021314   0.000000  -0.000515 
  0.027078   0.180490   0.772778  -0.438714  -0.052483  -0.008365   0.000040   0.062357  -0.034612  -0.009397   0.005500   0.001203 
  0.023093   0.204678   0.701801  -0.439573  -0.069385  -0.014324  -0.003985   0.024188  -0.070977  -0.000859  -0.016902  -0.005959 
  0.028372   0.139129   0.780525  -0.453210  -0.067781  -0.010657   0.005279  -0.065549   0.078724  -0.013637   0.001604   0.003667 
  0.030437   0.118477   0.792824  -0.410925  -0.060161  -0.007735   0.002065  -0.020652   0.012299   0.042285   0.007620   0.002922 
  0.025780   0.205000   0.715878  -0.404795  -0.060161   0.000000  -0.004657   0.086523  -0.076946   0.006130   0.000000   0.007735 
  0.029127   0.169181   0.758784  -0.433443  -0.059358   0.000000   0.003347  -0.035819   0.042906  -0.028648   0.000803   0.000000 
  0.032115   0.066851   0.809844  -0.436651  -0.063484  -0.007792   0.002988  -0.102330   0.051060  -0.003208  -0.004126  -0.007792 
  0.037031   0.133239   0.856063  -0.426452  -0.068182  -0.010141   0.004916   0.066388   0.046219   0.010199  -0.004698  -0.002349 
  0.033128   0.182534   0.768340  -0.414420  -0.091387  -0.014324  -0.003903   0.049295  -0.087723   0.012032  -0.023205  -0.004183 
  0.034089   0.167471   0.797892  -0.449485  -0.075573   0.000000   0.000961  -0.015063   0.029552  -0.035065   0.015814   0.014324 
  0.033274   0.085819   0.869832  -0.458538  -0.054947   0.000000  -0.000815  -0.081652   0.071940  -0.009053   0.020626   0.000000 
  0.022872   0.158081   0.862967  -0.503401  -0.020626  -0.003552  -0.010402   0.072262  -0.006865  -0.044863   0.034321  -0.003552 
  0.009239   0.088801   0.978706  -0.575020  -0.032143  -0.008824  -0.013633  -0.069280   0.115739  -0.071619  -0.011517  -0.005272 
  0.019717   0.092191   0.883591  -0.441349  -0.048701  -0.005500   0.010478   0.003390  -0.095115   0.133671  -0.016558   0.003324 
  0.018374   0.162046   0.665431  -0.298454  -0.053572   0.000000  -0.001343   0.069855  -0.218160   0.142895  -0.004871   0.005500 
  0.022491   0.174057   0.728617  -0.365719  -0.073969   0.000000   0.004117   0.012011   0.063186  -0.067265  -0.020397   0.000000 
  0.026706   0.115941   0.815106  -0.360792  -0.080959  -0.009454   0.004215  -0.058116   0.086489   0.004927  -0.006990  -0.009454 
  0.030139   0.148745   0.829691  -0.374199  -0.067724   0.000000   0.003433   0.032804   0.014585  -0.013407   0.013235   0.009454 
  0.032101   0.188335   0.771323  -0.410467  -0.057640   0.000000   0.001962   0.039590  -0.058368  -0.036268   0.010084   0.000000 
  0.036949   0.128554   0.869022  -0.436021  -0.053572   0.000000   0.004848  -0.059781   0.097699  -0.025554   0.004068   0.000000 
  0.038016   0.082019   0.892001  -0.401987  -0.061020  -0.007964   0.001067  -0.046535   0.022979   0.034034  -0.007448  -0.007964 
  0.038925   0.169358   0.882888  -0.394997  -0.043831   0.000000   0.000909   0.087339  -0.009113   0.006990   0.017189   0.007964 
  0.031180   0.188584   0.830726  -0.414650  -0.049790  -0.006933  -0.007745   0.019226  -0.052162  -0.019653  -0.005959  -0.006933 
  0.031946   0.126108   0.878951  -0.459398  -0.053686   0.000000   0.000766  -0.062476   0.048225  -0.044748  -0.003896   0.006933 
  0.033172   0.073738   0.909540  -0.469883  -0.035523   0.000000   0.001226  -0.052370   0.030589  -0.010485   0.018163   0.000000 
  0.032355   0.150241   0.841546  -0.440490  -0.049675   0.000000  -0.000817   0.076503  -0.067994   0.029393  -0.014152   0.000000 
  0.036589   0.160386   0.839478  -0.449543  -0.022460   0.000000   0.004234   0.010145  -0.002068  -0.009053   0.027215   0.000000 
  0.035005   0.079850   0.930781  -0.468164  -0.019652   0.000000  -0.001584  -0.080536   0.091303  -0.018621   0.002808   0.000000 
  0.033663   0.129767   0.883923  -0.458595  -0.025325   0.000000  -0.001342   0.049917  -0.046858   0.009569  -0.005673   0.000000 
  0.037687   0.176285   0.818095  -0.442610  -0.009454   0.000000   0.004024   0.046518  -0.065828   0.015985   0.015871   0.000000 
  0.035488   0.097376   0.935817  -0.481800  -0.009454   0.000000  -0.002199  -0.078909   0.117722  -0.039190   0.000000   0.000000 
  0.032456   0.063496   1.024678  -0.523225  -0.009454   0.000000  -0.003032  -0.033880   0.088861  -0.041425   0.000000   0.000000 
  0.034533   0.140268   0.958977  -0.550612  -0.009454   0.000000   0.002077   0.076772  -0.065701  -0.027387   0.000000   0.000000 
  0.039181   0.133544   0.918324  -0.461460  -0.014324   0.000000   0.004648  -0.006724  -0.040653   0.089152  -0.004870   0.000000 
  0.034517  -0.001622   1.087916  -0.700212  -0.010256   0.000000  -0.004664  -0.135166   0.169592  -0.238752   0.004068   0.000000 
  0.048654   0.051520   1.040697  -0.694482  -0.024007  -0.039419   0.014137   0.053142  -0.047219   0.005730  -0.013751  -0.039419 
  0.040435   0.080326   1.010402  -0.712874  -0.008995  -0.031112  -0.008219   0.028806  -0.030295  -0.018392   0.015012   0.008307 
  0.040169   0.022846   1.013769  -0.630597  -0.008938   0.004183  -0.000266  -0.057480   0.003367   0.082277   0.000057   0.035295 
  0.043331   0.029606   0.998954  -0.573187  -0.019309  -0.033346   0.003162   0.006760  -0.014815   0.057410  -0.010371  -0.037529 
  0.052585   0.148194   0.922211  -0.547404  -0.025955  -0.038216   0.009254   0.118588  -0.076743   0.025783  -0.006646  -0.004870 
  0.047805   0.133044   0.950274  -0.641827   0.012605  -0.034091  -0.004780  -0.015150   0.028063  -0.094423   0.038560   0.004125 
  0.037925   0.005332   1.088269  -0.709322  -0.000401   0.002521  -0.009880  -0.127712   0.137995  -0.067495  -0.013006   0.036612 
  0.040482   0.000014   1.151271  -0.774238   0.006360  -0.028304   0.002557  -0.005318   0.063002  -0.064916   0.006761  -0.030825 
  0.053311  -0.099694   1.197116  -1.209800  -0.027617  -0.045837   0.012829  -0.099708   0.045845  -0.435562  -0.033977  -0.017533 
  0.069856  -0.478724   1.472300  -2.175807  -0.075401  -0.042112   0.016545  -0.379030   0.275184  -0.966007  -0.047784   0.003725 
  0.055087  -0.385869   1.334704  -1.561310  -0.074026  -0.045894  -0.014769   0.092855  -0.137596   0.614497   0.001375  -0.003782 
  0.051585  -0.172033   1.290532  -1.109017  -0.089038  -0.042571  -0.003502   0.213836  -0.044172   0.452293  -0.015012   0.003323 
  0.045046  -0.109423   1.298336  -1.063753  -0.090871  -0.043487  -0.006539   0.062610   0.007804   0.045264  -0.001833  -0.000916 
  0.044983  -0.127039   1.308576  -0.926129  -0.098663  -0.046009  -0.000063  -0.017616   0.010240   0.137624  -0.007792  -0.002522 
  0.057006  -0.060175   1.168804  -0.707603  -0.114133  -0.049675   0.012023   0.066864  -0.139772   0.218526  -0.015470  -0.003666 
  0.052863  -0.024657   1.145260  -0.800193  -0.113732  -0.056436  -0.004143   0.035518  -0.023544  -0.092590   0.000401  -0.006761 
  0.056763  -0.053957   1.192820  -0.845170  -0.085485  -0.052368   0.003900  -0.029300   0.047560  -0.044977   0.028247   0.004068 
  0.050034  -0.126357   1.269373  -0.874448  -0.094825  -0.050535  -0.006729  -0.072400   0.076553  -0.029278  -0.009340   0.001833 
  0.057463  -0.061026   1.245766  -0.802657  -0.100268  -0.054488   0.007429   0.065331  -0.023607   0.071791  -0.005443  -0.003953 
  0.043636   0.002728   1.127917  -0.749887  -0.138656  -0.064229  -0.013827   0.063754  -0.117849   0.052770  -0.038388  -0.009741 
  0.070101   0.029544   0.861570  -0.797385  -0.089897  -0.046066   0.026465   0.026816  -0.266347  -0.047498   0.048759   0.018163 
  0.076205  -0.067988   1.016036  -0.904643  -0.120894  -0.068640   0.006104  -0.097532   0.154466  -0.107258  -0.030997  -0.022574 
  0.064470  -0.079538   1.064607  -0.935182  -0.120894  -0.045607  -0.011735  -0.011550   0.048571  -0.030539   0.000000   0.023033 
  0.053160  -0.098330   1.126629  -0.921202  -0.127082  -0.047899  -0.011310  -0.018792   0.062022   0.013980  -0.006188  -0.002292 
  0.055984  -0.111989   1.150203  -0.864822  -0.114649  -0.045837   0.002824  -0.013659   0.023574   0.056380   0.012433   0.002062 
  0.058206  -0.004404   1.128953  -0.867286  -0.112586  -0.050019   0.002222   0.107585  -0.021250  -0.002464   0.002063  -0.004182 
  0.061846  -0.031481   1.150109  -0.895132  -0.125535  -0.053113   0.003640  -0.027077   0.021156  -0.027846  -0.012949  -0.003094 
  0.053807  -0.091302   1.222058  -0.904815  -0.097976  -0.045951  -0.008039  -0.059821   0.071949  -0.009683   0.027559   0.007162 
  0.054259  -0.150042   1.258565  -0.875365  -0.116941  -0.042112   0.000452  -0.058740   0.036507   0.029450  -0.018965   0.003839 
  0.055059  -0.033741   1.262085  -0.878230  -0.108461  -0.042743   0.000800   0.116301   0.003520  -0.002865   0.008480  -0.000631 
  0.053501  -0.051343   1.200478  -0.900632  -0.093392  -0.036211  -0.001558  -0.017602  -0.061607  -0.022402   0.015069   0.006532 
  0.054625  -0.093380   1.189967  -0.876224  -0.102502  -0.034893   0.001124  -0.042037  -0.010511   0.024408  -0.009110   0.001318 
  0.063920  -0.105952   1.225617  -0.756190  -0.132869  -0.044232   0.009295  -0.012572   0.035650   0.120034  -0.030367  -0.009339 
  0.051972  -0.045476   1.136693  -0.752064  -0.140031  -0.043774  -0.011948   0.060476  -0.088924   0.004126  -0.007162   0.000458 
  0.077975   0.048302   0.963754  -0.638447  -0.144729  -0.053228   0.026003   0.093778  -0.172939   0.113617  -0.004698  -0.009454 
  0.070783   0.094340   0.898731  -0.522595  -0.102044  -0.014725  -0.007192   0.046038  -0.065023   0.115852   0.042685   0.038503 
  0.037919  -0.146977   1.070381  -1.020896  -0.010657  -0.024866  -0.032864  -0.241317   0.171650  -0.498301   0.091387  -0.010141 
  0.031164  -0.083941   1.105759  -0.934666   0.033060  -0.011345  -0.006755   0.063036   0.035378   0.086230   0.043717   0.013521 
  0.033788  -0.135505   1.153006  -0.920800   0.031914  -0.013694   0.002624  -0.051564   0.047247   0.013866  -0.001146  -0.002349 
  0.045955  -0.084774   1.088759  -0.784952  -0.043602  -0.024637   0.012167   0.050731  -0.064247   0.135848  -0.075516  -0.010943 
  0.051171   0.057737   0.957978  -0.673856  -0.078610  -0.031341   0.005216   0.142511  -0.130781   0.111096  -0.035008  -0.006704 
  0.058414   0.036295   0.967840  -0.740261  -0.063484  -0.023720   0.007243  -0.021442   0.009862  -0.066405   0.015126   0.007621 
  0.053209  -0.063727   1.102565  -0.807126  -0.068927  -0.028361  -0.005205  -0.100022   0.134725  -0.066865  -0.005443  -0.004641 
  0.059650  -0.033357   1.059281  -0.743470  -0.083136  -0.016788   0.006441   0.030370  -0.043284   0.063656  -0.014209   0.011573 
  0.060281   0.062092   0.956341  -0.764956  -0.094252  -0.030309   0.000631   0.095449  -0.102940  -0.021486  -0.011116  -0.013521 
  0.051226  -0.013639   1.041782  -0.829987  -0.078209  -0.028247  -0.009055  -0.075731   0.085441  -0.065031   0.016043   0.002062 
  0.050284  -0.169121   1.225951  -0.898341  -0.084110  -0.029679  -0.000942  -0.155482   0.184169  -0.068354  -0.005901  -0.001432 
  0.059439  -0.027949   1.100321  -0.829643  -0.090298  -0.036211   0.009155   0.141172  -0.125630   0.068698  -0.006188  -0.006532 
  0.068869   0.070766   0.953761  -0.721812  -0.107258  -0.050535   0.009430   0.098715  -0.146560   0.107831  -0.016960  -0.014324 
  0.068145  -0.054231   1.122124  -0.789708  -0.107258  -0.054431  -0.000724  -0.124997   0.168363  -0.067896   0.000000  -0.003896 
  0.066623  -0.077643   1.175418  -0.778592  -0.097002  -0.036669  -0.001522  -0.023412   0.053294   0.011116   0.010256   0.017762 
  0.070257   0.042798   1.056008  -0.743355  -0.107430  -0.044748   0.003634   0.120441  -0.119410   0.035237  -0.010428  -0.008079 
  0.076159   0.040617   0.815029  -0.782832  -0.090642  -0.040737   0.005902  -0.002181  -0.240979  -0.039477   0.016788   0.004011 
  0.084506  -0.017339   0.845390  -0.680674  -0.057640  -0.029221   0.008347  -0.057956   0.030361   0.102158   0.033002   0.011516 
  0.083263   0.060131   0.907083  -0.650307  -0.071562  -0.023491  -0.001243   0.077470   0.061693   0.030367  -0.013922   0.005730 
  0.080650   0.062774   0.972256  -0.674028  -0.066177  -0.036956  -0.002613   0.002643   0.065173  -0.023721   0.005385  -0.013465 
  0.079867  -0.022792   1.127886  -0.715796  -0.036898  -0.038274  -0.000783  -0.085566   0.155630  -0.041768   0.029279  -0.001318 
  0.065108  -0.077946   1.164338  -0.726339  -0.064286  -0.039133  -0.014759  -0.055154   0.036452  -0.010543  -0.027388  -0.000859 
  0.069321   0.010710   1.083914  -0.723302  -0.067494  -0.034263   0.004213   0.088656  -0.080424   0.003037  -0.003208   0.004870 
  0.071185   0.034908   1.055372  -0.757164  -0.065489  -0.042399   0.001864   0.024198  -0.028542  -0.033862   0.002005  -0.008136 
  0.070545  -0.071136   1.218710  -0.815605  -0.056723  -0.050134  -0.000640  -0.106044   0.163338  -0.058441   0.008766  -0.007735 
  0.065872  -0.106940   1.255202  -0.817840  -0.045493  -0.048014  -0.004673  -0.035804   0.036492  -0.002235   0.011230   0.002120 
  0.068766   0.040283   1.110534  -0.745991  -0.049847  -0.052483   0.002894   0.147223  -0.144668   0.071849  -0.004354  -0.004469 
  0.072076  -0.001122   1.119498  -0.722672  -0.045550  -0.051738   0.003310  -0.041405   0.008964   0.023319   0.004297   0.000745 
  0.072323  -0.083344   1.254046  -0.789421  -0.048873  -0.042055   0.000247  -0.082222   0.134548  -0.066749  -0.003323   0.009683 
  0.071918  -0.047752   1.199216  -0.758711  -0.068583  -0.040680  -0.000405   0.035592  -0.054830   0.030710  -0.019710   0.001375 
  0.074330   0.034877   1.126586  -0.765758  -0.060848  -0.034263   0.002412   0.082629  -0.072630  -0.007047   0.007735   0.006417 
  0.071192  -0.037133   1.213797  -0.797729  -0.054431  -0.048014  -0.003138  -0.072010   0.087211  -0.031971   0.006417  -0.013751 
  0.070563  -0.101278   1.289949  -0.780884  -0.028762  -0.043316  -0.000629  -0.064145   0.076152   0.016845   0.025669   0.004698 
  0.064120   0.006525   1.322396  -0.771717  -0.022403  -0.048587  -0.006443   0.107803   0.032447   0.009167   0.006359  -0.005271 
  0.060265  -0.028767   1.272452  -0.862932  -0.029794  -0.020913  -0.003855  -0.035292  -0.049944  -0.091215  -0.007391   0.027674 
  0.059778  -0.025545   1.168051  -0.792057  -0.029794  -0.015298  -0.000487   0.003222  -0.104401   0.070875   0.000000   0.005615 
  0.057517  -0.068353   1.243280  -0.785239   0.003667  -0.016215  -0.002261  -0.042808   0.075229   0.006818   0.033461  -0.000917 
  0.056099  -0.020405   1.249658  -0.808386   0.022689  -0.012204  -0.001418   0.047948   0.006378  -0.023147   0.019022   0.004011 
  0.056408  -0.002231   1.187962  -0.824257   0.003380  -0.019022   0.000309   0.018174  -0.061696  -0.015871  -0.019309  -0.006818 
  0.054943  -0.019300   1.165042  -0.810735   0.001891  -0.013522  -0.001465  -0.017069  -0.022920   0.013522  -0.001489   0.005500 
  0.049976  -0.121974   1.356292  -0.878230   0.020283  -0.010199  -0.004967  -0.102674   0.191250  -0.067495   0.018392   0.003323 
  0.056609  -0.009047   1.205537  -0.821679  -0.000458  -0.015470   0.006633   0.112927  -0.150755   0.056551  -0.020741  -0.005271 
  0.061519   0.000448   1.116636  -0.787588  -0.018105  -0.024580   0.004910   0.009495  -0.088901   0.034091  -0.017647  -0.009110 
  0.055440  -0.055882   1.160303  -0.801797  -0.030997  -0.024523  -0.006079  -0.056330   0.043667  -0.014209  -0.012892   0.000057 
  0.059824  -0.048998   1.120763  -0.761977  -0.009855  -0.016329   0.004384   0.006884  -0.039540   0.039820   0.021142   0.008194 
  0.067149   0.075040   0.991151  -0.731553  -0.049217  -0.035810   0.007325   0.124038  -0.129612   0.030424  -0.039362  -0.019481 
  0.073435   0.042277   1.000643  -0.679986  -0.038388  -0.032945   0.006286  -0.032763   0.009492   0.051567   0.010829   0.002865 
  0.065617  -0.012822   0.886166  -0.678038  -0.040164  -0.010256  -0.007818  -0.055099  -0.114477   0.001948  -0.001776   0.022689 
  0.072771   0.054754   0.868629  -0.598397  -0.032028  -0.009110   0.007154   0.067576  -0.017537   0.079641   0.008136   0.001146 
  0.067498   0.071529   0.883606  -0.641885  -0.007907  -0.016387  -0.005273   0.016775   0.014977  -0.043488   0.024121  -0.007277 
  0.062512   0.055772   0.900970  -0.653000   0.008938  -0.012204  -0.004986  -0.015757   0.017364  -0.011115   0.016845   0.004183 
  0.053379  -0.035788   1.068973  -0.685143   0.022804  -0.004870  -0.009133  -0.091560   0.168003  -0.032143   0.013866   0.007334 
  0.048776  -0.011560   1.041356  -0.695112   0.019939  -0.011918  -0.004603   0.024228  -0.027617  -0.009969  -0.002865  -0.007048 
  0.054588   0.093287   0.910930  -0.660678   0.014668  -0.010829   0.005812   0.104847  -0.130426   0.034434  -0.005271   0.001089 
  0.047229   0.026957   0.981258  -0.697748   0.018277  -0.013293  -0.007359  -0.066330   0.070328  -0.037070   0.003609  -0.002464 
  0.049118  -0.058695   1.034359  -0.667095   0.014668  -0.015527   0.001889  -0.085652   0.053101   0.030653  -0.003609  -0.002234 
  0.062037   0.068768   0.936993  -0.671678   0.034148  -0.004698   0.012919   0.127463  -0.097366  -0.004583   0.019480   0.010829 
  0.063618   0.019662   0.967664  -0.734704  -0.010657  -0.033747   0.001581  -0.049106   0.030671  -0.063026  -0.044805  -0.029049 
  0.051271  -0.058463   1.069882  -0.792229   0.016215  -0.012204  -0.012347  -0.078125   0.102218  -0.057525   0.026872   0.021543 
  0.056486  -0.052574   1.050257  -0.719119   0.000458  -0.016215   0.005215   0.005889  -0.019625   0.073110  -0.015757  -0.004011 
  0.055768   0.060245   0.943258  -0.669157  -0.008021  -0.017876  -0.000718   0.112819  -0.106999   0.049962  -0.008479  -0.001661 
  0.052761   0.033736   0.967146  -0.684341   0.004813  -0.018392  -0.003007  -0.026509   0.023888  -0.015184   0.012834  -0.000516 
  0.050944  -0.051547   1.069634  -0.696029   0.016215  -0.015183  -0.001817  -0.085283   0.102488  -0.011688   0.011402   0.003209 
  0.048081   0.036727   1.004515  -0.692477   0.016215  -0.010428  -0.002863   0.088274  -0.065119   0.003552   0.000000   0.004755 
  0.057884   0.055253   0.938204  -0.700899   0.016215  -0.013808   0.009803   0.018526  -0.066311  -0.008422   0.000000  -0.003380 
  0.065357   0.036750   0.943365  -0.714536  -0.021314  -0.026643   0.007473  -0.018503   0.005161  -0.013637  -0.037529  -0.012835 
  0.059600  -0.010574   0.943073  -0.672194  -0.007735  -0.018621  -0.005757  -0.047324  -0.000292   0.042342   0.013579   0.008022 
  0.058654   0.003686   1.092451  -0.725021  -0.012949  -0.017418  -0.000946   0.014260   0.149378  -0.052827  -0.005214   0.001203 
  0.051151  -0.051461   1.128961  -0.761747  -0.002406  -0.019538  -0.007503  -0.055147   0.036510  -0.036726   0.010543  -0.002120 
  0.035341  -0.088571   1.173808  -0.822710   0.014954  -0.008766  -0.015810  -0.037110   0.044847  -0.060963   0.017360   0.010772 
  0.037118  -0.117075   1.190882  -0.829185   0.023835  -0.017934   0.001777  -0.028504   0.017074  -0.006475   0.008881  -0.009168 
  0.036524  -0.018745   1.102517  -0.792515   0.025267  -0.005214  -0.000594   0.098330  -0.088365   0.036670   0.001432   0.012720 
  0.045264  -0.024313   1.098729  -0.800078   0.009454  -0.019538   0.008740  -0.005568  -0.003788  -0.007563  -0.015813  -0.014324 
  0.040229  -0.083874   1.204040  -0.766159   0.007277  -0.019595  -0.005035  -0.059561   0.105311   0.033919  -0.002177  -0.000057 
  0.036126  -0.071409   1.322946  -0.823054  -0.038445  -0.037471  -0.004103   0.012465   0.118906  -0.056895  -0.045722  -0.017876 
  0.020587  -0.040177   1.351062  -0.904643  -0.175955  -0.108977  -0.015539   0.031232   0.028116  -0.081589  -0.137510  -0.071506 
  0.035571  -0.036985   1.348932  -0.886366  -0.050592  -0.064916   0.014984   0.003192  -0.002130   0.018277   0.125363   0.044061 
  0.042267  -0.156858   1.432794  -0.938677  -0.045837  -0.064916   0.006696  -0.119873   0.083862  -0.052311   0.004755   0.000000 
  0.014374  -0.089203   1.412010  -0.927447  -0.051795  -0.006704  -0.027893   0.067655  -0.020784   0.011230  -0.005958   0.058212 
  0.012695  -0.082638   1.375494  -0.951396  -0.065661  -0.014610  -0.001679   0.006565  -0.036516  -0.023949  -0.013866  -0.007906 
  0.009834  -0.097613   1.412261  -0.958788  -0.060905  -0.011975  -0.002861  -0.014975   0.036767  -0.007392   0.004756   0.002635 
  0.010166  -0.197909   1.513459  -1.007145  -0.061135  -0.002464   0.000332  -0.100296   0.101198  -0.048357  -0.000230   0.009511 
  0.030322  -0.125594   1.524576  -0.979299  -0.037529  -0.033117   0.020156   0.072315   0.011117   0.027846   0.023606  -0.030653 
  0.032782  -0.097750   1.525066  -1.045934  -0.034549  -0.033117   0.002460   0.027844   0.000490  -0.066635   0.002980   0.000000 
  0.010514  -0.166430   1.485261  -1.084724  -0.072193  -0.015986  -0.022268  -0.068680  -0.039805  -0.038790  -0.037644   0.017131 
  0.018824  -0.222946   1.493094  -1.099792  -0.062281  -0.007105   0.008310  -0.056516   0.007833  -0.015068   0.009912   0.008881 
  0.040419  -0.214090   1.423748  -1.024162  -0.067380  -0.044347   0.021595   0.008856  -0.069346   0.075630  -0.005099  -0.037242 
  0.043437  -0.076597   1.310543  -0.954490  -0.103648  -0.057754   0.003018   0.137493  -0.113205   0.069672  -0.036268  -0.013407 
  0.081018  -0.181852   0.888076  -1.459438  -0.045894  -0.066921   0.037581  -0.105255  -0.422467  -0.504948   0.057754  -0.009167 
  0.097636  -0.170698   0.634352  -1.267096  -0.156188  -0.090928   0.016618   0.011154  -0.253724   0.192342  -0.110294  -0.024007 
  0.098777  -0.121784   0.641293  -1.238334  -0.116024  -0.085829   0.001141   0.048914   0.006941   0.028762   0.040164   0.005099 
  0.090357  -0.177039   0.805583  -1.145056  -0.088980  -0.085772  -0.008420  -0.055255   0.164290   0.093278   0.027044   0.000057 
  0.080004  -0.143676   0.897104  -1.087646  -0.080787  -0.061364  -0.010353   0.033363   0.091521   0.057410   0.008193   0.024408 
  0.080674  -0.061130   0.874557  -1.099334  -0.110180  -0.068640   0.000670   0.082546  -0.022547  -0.011688  -0.029393  -0.007276 
  0.075964  -0.146872   0.952625  -1.160812  -0.112758  -0.065374  -0.004710  -0.085742   0.078068  -0.061478  -0.002578   0.003266 
  0.075093  -0.264482   1.079713  -1.176741  -0.125936  -0.062968  -0.000871  -0.117610   0.127088  -0.015929  -0.013178   0.002406 
  0.070545  -0.130375   1.055764  -1.150155  -0.133843  -0.071734  -0.004548   0.134107  -0.023949   0.026586  -0.007907  -0.008766 
  0.072118  -0.095947   0.985377  -1.120820  -0.127941  -0.070875   0.001573   0.034428  -0.070387   0.029335   0.005902   0.000859 
  0.077147  -0.152053   1.044989  -1.125576  -0.119061  -0.080959   0.005029  -0.056106   0.059612  -0.004756   0.008880  -0.010084 
  0.070224  -0.204576   1.106978  -1.103689  -0.096773  -0.055290  -0.006923  -0.052523   0.061989   0.021887   0.022288   0.025669 
  0.074575  -0.101730   1.051156  -1.091141  -0.105825  -0.066062   0.004351   0.102846  -0.055822   0.012548  -0.009052  -0.010772 
  0.071253  -0.100290   1.030312  -1.100423  -0.100382  -0.058957  -0.003322   0.001440  -0.020844  -0.009282   0.005443   0.007105 
  0.063298  -0.200311   1.116152  -1.111309  -0.093507  -0.053514  -0.007955  -0.100021   0.085840  -0.010886   0.006875   0.005443 
  0.065477  -0.143300   1.065171  -1.089365  -0.094194  -0.057296   0.002179   0.057011  -0.050981   0.021944  -0.000687  -0.003782 
  0.068731  -0.043647   0.971978  -1.081744  -0.103075  -0.059530   0.003254   0.099653  -0.093193   0.007621  -0.008881  -0.002234 
  0.064607  -0.136528   1.022923  -1.152275  -0.088006  -0.058499  -0.004124  -0.092881   0.050945  -0.070531   0.015069   0.001031 
  0.065228  -0.250836   1.147020  -1.204930  -0.082449  -0.060390   0.000621  -0.114308   0.124097  -0.052655   0.005557  -0.001891 
  0.069760  -0.173976   1.095389  -1.183215  -0.085199  -0.068927   0.004532   0.076860  -0.051631   0.021715  -0.002750  -0.008537 
  0.070760  -0.124490   1.044854  -1.156916  -0.094080  -0.072078   0.001000   0.049486  -0.050535   0.026299  -0.008881  -0.003151 
  0.062036  -0.232574   1.138284  -1.169178  -0.081818  -0.062567  -0.008724  -0.108084   0.093430  -0.012262   0.012262   0.009511 
  0.065115  -0.179144   1.097396  -1.087703  -0.082219  -0.073912   0.003079   0.053430  -0.040888   0.081475  -0.000401  -0.011345 
  0.070395  -0.091773   0.990261  -1.089365  -0.106513  -0.075229   0.005280   0.087371  -0.107135  -0.001662  -0.024294  -0.001317 
  0.062924  -0.159811   1.089653  -1.144770  -0.101929  -0.063656  -0.007471  -0.068038   0.099392  -0.055405   0.004584   0.011573 
  0.062878  -0.248481   1.174552  -1.175366  -0.103419  -0.060275  -0.000046  -0.088670   0.084899  -0.030596  -0.001490   0.003381 
  0.064918  -0.120727   1.123997  -1.121622  -0.090184  -0.064171   0.002040   0.127754  -0.050555   0.053744   0.013235  -0.003896 
  0.059888  -0.161851   1.096400  -1.249220  -0.087720  -0.081704  -0.005030  -0.041124  -0.027597  -0.127598   0.002464  -0.017533 
  0.059716  -0.286826   1.179585  -1.316886  -0.082391  -0.088121  -0.000172  -0.124975   0.083185  -0.067666   0.005329  -0.006417 
  0.061112  -0.203662   1.104298  -1.218223  -0.081417  -0.071391   0.001396   0.083164  -0.075287   0.098663   0.000974   0.016730 
  0.069847  -0.136908   1.063707  -1.155369  -0.112414  -0.082277   0.008735   0.066754  -0.040591   0.062854  -0.030997  -0.010886 
  0.071945  -0.281090   1.105387  -1.327085  -0.118373  -0.072250   0.002098  -0.144182   0.041680  -0.171716  -0.005959   0.010027 
  0.072975  -0.322893   0.655851  -1.745401  -0.198415  -0.095455   0.001030  -0.041803  -0.449536  -0.418316  -0.080042  -0.023205 
  0.098027  -0.220092   0.643977  -1.513468  -0.246830  -0.114821   0.025052   0.102801  -0.011874   0.231933  -0.048415  -0.019366 
  0.125976  -0.165823   0.553910  -1.489862  -0.196983  -0.123702   0.027949   0.054269  -0.090067   0.023606   0.049847  -0.008881 
  0.120591  -0.197456   0.669935  -1.357623  -0.200764  -0.126051  -0.005385  -0.031633   0.116025   0.132239  -0.003781  -0.002349 
  0.073065  -0.242364   0.834625  -1.326798  -0.217896  -0.106112  -0.047526  -0.044908   0.164690   0.030825  -0.017132   0.019939 
  0.078691  -0.320794   1.061770  -1.298895  -0.171142  -0.078553   0.005626  -0.078430   0.227145   0.027903   0.046754   0.027559 
  0.080387  -0.193559   1.006018  -1.236672  -0.187816  -0.082792   0.001696   0.127235  -0.055752   0.062223  -0.016674  -0.004239 
  0.085098  -0.142177   0.915263  -1.216389  -0.179164  -0.085485   0.004711   0.051382  -0.090755   0.020283   0.008652  -0.002693 
  0.081486  -0.225773   0.963306  -1.233292  -0.167705  -0.079355  -0.003612  -0.083596   0.048043  -0.016903   0.011459   0.006130 
  0.086672  -0.216787   0.925979  -1.186137  -0.183748  -0.099465   0.005186   0.008986  -0.037327   0.047155  -0.016043  -0.020110 
  0.098278  -0.146580   0.916414  -1.189002  -0.194634  -0.114821   0.011606   0.070207  -0.009565  -0.002865  -0.010886  -0.015356 
  0.093236  -0.219260   1.041897  -1.288009  -0.223511  -0.114821  -0.005042  -0.072680   0.125483  -0.099007  -0.028877   0.000000 
  0.087047  -0.320370   1.177638  -1.298036  -0.171314  -0.096314  -0.006189  -0.101110   0.135741  -0.010027   0.052197   0.018507 
  0.093784  -0.164925   1.122718  -1.213009  -0.178190  -0.114821   0.006737   0.155445  -0.054920   0.085027  -0.006876  -0.018507 
  0.090217  -0.150006   1.099792  -1.223551  -0.159798  -0.097517  -0.003567   0.014919  -0.022926  -0.010542   0.018392   0.017304 
  0.095744  -0.227812   1.182549  -1.233349  -0.130520  -0.098835   0.005527  -0.077806   0.082757  -0.009798   0.029278  -0.001318 
  0.091698  -0.273645   1.197944  -1.234208  -0.115050  -0.100898  -0.004046  -0.045833   0.015395  -0.000859   0.015470  -0.002063 
  0.090919  -0.153737   1.084013  -1.206191  -0.126566  -0.105825  -0.000779   0.119908  -0.113931   0.028017  -0.011516  -0.004927 
  0.094180  -0.203439   1.109350  -1.214499  -0.136020  -0.098262   0.003261  -0.049702   0.025337  -0.008308  -0.009454   0.007563 
  0.091904  -0.279810   1.193838  -1.214040  -0.128457  -0.087204  -0.002276  -0.076371   0.084488   0.000459   0.007563   0.011058 
  0.094942  -0.180361   1.093706  -1.205159  -0.123988  -0.097747   0.003038   0.099449  -0.100132   0.008881   0.004469  -0.010543 
  0.092328  -0.168266   1.089044  -1.176855  -0.130692  -0.092991  -0.002614   0.012095  -0.004662   0.028304  -0.006704   0.004756 
  0.088453  -0.264093   1.211047  -1.217764  -0.110524  -0.081417  -0.003875  -0.095827   0.122003  -0.040909   0.020168   0.011574 
  0.083784  -0.161077   1.062040  -1.198399  -0.121009  -0.090928  -0.004669   0.103016  -0.149007   0.019365  -0.010485  -0.009511 
  0.079870  -0.162365   1.087401  -1.174965  -0.107888  -0.085829  -0.003914  -0.001288   0.025361   0.023434   0.013121   0.005099 
  0.075060  -0.269400   1.197709  -1.204300  -0.108117  -0.079698  -0.004810  -0.107035   0.110308  -0.029335  -0.000229   0.006131 
  0.084023  -0.188437   1.160131  -1.192726  -0.109550  -0.084798   0.008963   0.080963  -0.037578   0.011574  -0.001433  -0.005100 
  0.081487  -0.191607   1.114379  -1.182012  -0.107029  -0.087261  -0.002536  -0.003170  -0.045752   0.010714   0.002521  -0.002463 
  0.084117  -0.256775   1.198956  -1.185908  -0.103419  -0.083595   0.002630  -0.065168   0.084577  -0.003896   0.003610   0.003666 
  0.086254  -0.251079   1.227004  -1.168777  -0.090699  -0.077006   0.002137   0.005696   0.028048   0.017131   0.012720   0.006589 
  0.087280  -0.157804   1.165509  -1.151416  -0.081761  -0.080787   0.001026   0.093275  -0.061495   0.017361   0.008938  -0.003781 
  0.086685  -0.176547   1.125984  -1.135602  -0.107601  -0.081303  -0.000595  -0.018743  -0.039525   0.015814  -0.025840  -0.000516 
  0.081375  -0.230149   1.212684  -1.185278  -0.081646  -0.072938  -0.005310  -0.053602   0.086700  -0.049676   0.025955   0.008365 
  0.083847  -0.301026   1.262495  -1.172787  -0.081990  -0.085829   0.002472  -0.070877   0.049811   0.012491  -0.000344  -0.012891 
  0.087592  -0.169653   1.205077  -1.174735  -0.100210  -0.088522   0.003745   0.131373  -0.057418  -0.001948  -0.018220  -0.002693 
  0.082665  -0.174800   1.090496  -1.081515  -0.081876  -0.082506  -0.004927  -0.005147  -0.114581   0.093220   0.018334   0.006016 
  0.088998  -0.165565   1.069557  -1.133654  -0.079641  -0.085543   0.006333   0.009235  -0.020939  -0.052139   0.002235  -0.003037 
  0.078034  -0.095627   1.019699  -1.152505  -0.048415  -0.076261  -0.010964   0.069938  -0.049858  -0.018851   0.031226   0.009282 
  0.066061  -0.034564   0.675150  -0.904700   0.007907  -0.047097  -0.011973   0.061063  -0.344549   0.247805   0.056322   0.029164 
  0.075707  -0.153260   1.020948  -0.781457  -0.039477  -0.060791   0.009646  -0.118696   0.345798   0.123243  -0.047384  -0.013694 
  0.102106  -0.042990   1.024285  -0.823455  -0.072422  -0.070531   0.026399   0.110270   0.003337  -0.041998  -0.032945  -0.009740 
  0.064786  -0.033579   1.023535  -1.014479  -0.171314  -0.057983  -0.037320   0.009411  -0.000750  -0.191024  -0.098892   0.012548 
  0.057988  -0.115450   1.077558  -0.955980  -0.114248  -0.045321  -0.006798  -0.081871   0.054023   0.058499   0.057066   0.012662 
  0.062510  -0.157169   1.172925  -0.897481  -0.080329  -0.043487   0.004522  -0.041719   0.095367   0.058499   0.033919   0.001834 
  0.062780  -0.060873   1.084960  -0.973742  -0.140088  -0.059759   0.000270   0.096296  -0.087965  -0.076261  -0.059759  -0.016272 
  0.060586  -0.113710   0.998883  -1.133081  -0.212338  -0.070073  -0.002194  -0.052837  -0.086077  -0.159339  -0.072250  -0.010314 
  0.057026  -0.219061   1.141008  -1.224984  -0.194634  -0.075630  -0.003560  -0.105351   0.142125  -0.091903   0.017704  -0.005557 
  0.060854  -0.254719   1.218333  -1.217994  -0.175612  -0.077235   0.003828  -0.035658   0.077325   0.006990   0.019022  -0.001605 
  0.065966  -0.155212   1.155623  -1.228593  -0.178820  -0.083079   0.005112   0.099507  -0.062710  -0.010599  -0.003208  -0.005844 
  0.070826  -0.176692   1.163410  -1.201321  -0.195436  -0.086116   0.004860  -0.021480   0.007787   0.027272  -0.016616  -0.003037 
  0.069764  -0.248462   1.242712  -1.195878  -0.195780  -0.069958  -0.001062  -0.071770   0.079302   0.005443  -0.000344   0.016158 
  0.076399  -0.149156   1.199192  -1.186538  -0.168392  -0.081818   0.006635   0.099306  -0.043520   0.009340   0.027388  -0.011860 
  0.077667  -0.124999   1.099236  -1.089078  -0.185466  -0.081131   0.001268   0.024157  -0.099956   0.097460  -0.017074   0.000687 
  0.076854  -0.189318   1.225127  -1.110106  -0.169767  -0.079469  -0.000813  -0.064319   0.125891  -0.021028   0.015699   0.001662 
  0.076959  -0.172316   1.233743  -1.100767  -0.178075  -0.078896   0.000105   0.017002   0.008616   0.009339  -0.008308   0.000573 
  0.057476  -0.126910   1.192891  -1.131935  -0.149370  -0.081016  -0.019483   0.045406  -0.040852  -0.031168   0.028705  -0.002120 
  0.052957  -0.188455   1.265297  -1.170324  -0.121639  -0.090241  -0.004519  -0.061545   0.072406  -0.038389   0.027731  -0.009225 
  0.055316  -0.308294   1.430321  -1.336138  -0.121524  -0.093163   0.002359  -0.119839   0.165024  -0.165814   0.000115  -0.002922 
  0.056839  -0.252797   1.435830  -1.363525  -0.133728  -0.118316   0.001523   0.055497   0.005509  -0.027387  -0.012204  -0.025153 
  0.058535  -0.243992   1.436708  -1.394923  -0.128858  -0.107773   0.001696   0.008805   0.000878  -0.031398   0.004870   0.010543 
  0.046539  -0.334746   1.538448  -1.469121  -0.128400  -0.095111  -0.011996  -0.090754   0.101740  -0.074198   0.000458   0.012662 
  0.044882  -0.389706   1.553963  -1.498743  -0.122155  -0.093621  -0.001657  -0.054960   0.015515  -0.029622   0.006245   0.001490 
  0.047829  -0.247615   1.405187  -1.451188  -0.129202  -0.093220   0.002947   0.142091  -0.148776   0.047555  -0.007047   0.000401 
  0.053485  -0.218318   1.290799  -1.396527  -0.120207  -0.103992   0.005656   0.029297  -0.114388   0.054661   0.008995  -0.010772 
  0.059862  -0.284764   1.406684  -1.398361  -0.135161  -0.118316   0.006377  -0.066446   0.115885  -0.001834  -0.014954  -0.014324 
  0.065015  -0.299814   1.434193  -1.414174  -0.142666  -0.118316   0.005153  -0.015050   0.027509  -0.015813  -0.007505   0.000000 
  0.066808  -0.222072   1.388333  -1.478117  -0.135619  -0.118316   0.001793   0.077742  -0.045860  -0.063943   0.007047   0.000000 
  0.054777  -0.275698   1.408320  -1.533923  -0.131494  -0.085199  -0.012031  -0.053626   0.019987  -0.055806   0.004125   0.033117 
  0.052975  -0.362515   1.518833  -1.570878  -0.115508  -0.082964  -0.001802  -0.086817   0.110513  -0.036955   0.015986   0.002235 
  0.054305  -0.397287   1.501356  -1.573629  -0.133614  -0.088694   0.001330  -0.034772  -0.017477  -0.002751  -0.018106  -0.005730 
  0.056381  -0.276924   1.395479  -1.547559  -0.141005  -0.088522   0.002076   0.120363  -0.105877   0.026070  -0.007391   0.000172 
  0.051352  -0.317656   1.412611  -1.599813  -0.101070  -0.097804  -0.005029  -0.040732   0.017132  -0.052254   0.039935  -0.009282 
  0.053140  -0.405185   1.539550  -1.649832  -0.111612  -0.092934   0.001788  -0.087529   0.126939  -0.050019  -0.010542   0.004870 
  0.057786  -0.322607   1.501694  -1.636597  -0.112873  -0.092934   0.004646   0.082578  -0.037856   0.013235  -0.001261   0.000000 
  0.059521  -0.276127   1.427966  -1.647540  -0.109435  -0.098491   0.001735   0.046480  -0.073728  -0.010943   0.003438  -0.005557 
  0.059786  -0.368039   1.523619  -1.664557  -0.084225  -0.094939   0.000265  -0.091912   0.095653  -0.017017   0.025210   0.003552 
  0.055900  -0.357290   1.494977  -1.610470  -0.107601  -0.096429  -0.003886   0.010749  -0.028642   0.054087  -0.023376  -0.001490 
  0.066185  -0.233127   1.362099  -1.558273  -0.098663  -0.115165   0.010285   0.124163  -0.132878   0.052197   0.008938  -0.018736 
  0.062088  -0.308185   1.479421  -1.595573  -0.096830  -0.105023  -0.004097  -0.075058   0.117322  -0.037300   0.001833   0.010142 
  0.055411  -0.359919   1.492090  -1.565263  -0.097747  -0.073625  -0.006677  -0.051734   0.012669   0.030310  -0.000917   0.031398 
  0.059100  -0.250120   1.356206  -1.528938  -0.106513  -0.090986   0.003689   0.109799  -0.135884   0.036325  -0.008766  -0.017361 
  0.058239  -0.298393   1.431205  -1.554492  -0.124103  -0.080157  -0.000861  -0.048273   0.074999  -0.025554  -0.017590   0.010829 
  0.057331  -0.326317   1.353514  -1.450901  -0.120149  -0.078094  -0.000908  -0.027924  -0.077691   0.103591   0.003954   0.002063 
  0.055418  -0.186664   0.937908  -1.444770  -0.207296  -0.126509  -0.001913   0.139653  -0.415606   0.006131  -0.087147  -0.048415 
  0.091210  -0.185368   0.972644  -1.480809  -0.113274  -0.124676   0.035792   0.001296   0.034736  -0.036039   0.094022   0.001833 
  0.075993  -0.206683   0.991898  -1.283884  -0.046868  -0.079355  -0.015217  -0.021315   0.019254   0.196925   0.066406   0.045321 
  0.057936  -0.202608   1.113666  -1.253632  -0.043201  -0.067380  -0.018057   0.004075   0.121768   0.030252   0.003667   0.011975 
  0.047992  -0.284260   1.228419  -1.420763  -0.046753  -0.063999  -0.009944  -0.081652   0.114753  -0.167131  -0.003552   0.003381 
  0.055248  -0.307248   1.284182  -1.402085  -0.072651  -0.074542   0.007256  -0.022988   0.055763   0.018678  -0.025898  -0.010543 
  0.054805  -0.187534   1.241165  -1.359915  -0.042685  -0.070989  -0.000443   0.119714  -0.043017   0.042170   0.029966   0.003553 
  0.052401  -0.242991   1.262408  -1.434801  -0.073797  -0.075974  -0.002404  -0.055457   0.021243  -0.074886  -0.031112  -0.004985 
  0.059730  -0.346584   1.416782  -1.479606  -0.096142  -0.084683   0.007329  -0.103593   0.154374  -0.044805  -0.022345  -0.008709 
  0.060036  -0.422444   1.558366  -1.682319  -0.051853  -0.091215   0.000306  -0.075860   0.141584  -0.202713   0.044289  -0.006532 
  0.057258  -0.319713   1.505297  -1.652238  -0.097002  -0.096773  -0.002778   0.102731  -0.053069   0.030081  -0.045149  -0.005558 
  0.055475  -0.347670   1.485385  -1.647769  -0.100153  -0.087433  -0.001783  -0.027957  -0.019912   0.004469  -0.003151   0.009340 
  0.057502  -0.356896   1.503795  -1.559305  -0.092074  -0.086803   0.002027  -0.009226   0.018410   0.088464   0.008079   0.000630 
  0.051861  -0.425582   1.562450  -1.591906  -0.126280  -0.095168  -0.005641  -0.068686   0.058655  -0.032601  -0.034206  -0.008365 
  0.049316  -0.283091   1.515510  -1.565206  -0.125420  -0.087663  -0.002545   0.142491  -0.046940   0.026700   0.000860   0.007505 
  0.048999  -0.273500   1.461605  -1.576952  -0.116998  -0.079527  -0.000317   0.009591  -0.053905  -0.011746   0.008422   0.008136 
  0.041316  -0.352542   1.589374  -1.662322  -0.081074  -0.069614  -0.007683  -0.079042   0.127769  -0.085370   0.035924   0.009913 
  0.047073  -0.416076   1.548018  -1.660661  -0.100783  -0.095283   0.005757  -0.063534  -0.041356   0.001661  -0.019709  -0.025669 
  0.043753  -0.271033   1.401794  -1.614423  -0.140948  -0.096773  -0.003320   0.145043  -0.146224   0.046238  -0.040165  -0.001490 
  0.043218  -0.296454   1.382663  -1.556211  -0.130004  -0.091215  -0.000535  -0.025421  -0.019131   0.058212   0.010944   0.005558 
  0.049665  -0.370250   1.422937  -1.470783  -0.135218  -0.083824   0.006447  -0.073796   0.040274   0.085428  -0.005214   0.007391 
  0.049691  -0.287130   1.426962  -1.502123  -0.141979  -0.089267   0.000026   0.083120   0.004025  -0.031340  -0.006761  -0.005443 
  0.049659  -0.274113   1.375891  -1.499545  -0.133442  -0.090814  -0.000032   0.013017  -0.051071   0.002578   0.008537  -0.001547 
  0.047898  -0.323024   1.415538  -1.463907  -0.114477  -0.086459  -0.001761  -0.048911   0.039647   0.035638   0.018965   0.004355 
  0.050029  -0.341281   1.456621  -1.451589  -0.141177  -0.071734   0.002131  -0.018257   0.041083   0.012318  -0.026700   0.014725 
  0.055446  -0.213320   1.318214  -1.386558  -0.130520  -0.088866   0.005417   0.127961  -0.138407   0.065031   0.010657  -0.017132 
  0.054183  -0.235846   1.307809  -1.438181  -0.129546  -0.074542  -0.001263  -0.022526  -0.010405  -0.051623   0.000974   0.014324 
  0.055731  -0.275761   1.368444  -1.432967  -0.126509  -0.084397   0.001548  -0.039915   0.060635   0.005214   0.003037  -0.009855 
  0.054196  -0.325851   1.402567  -1.436577  -0.117915  -0.069213  -0.001535  -0.050090   0.034123  -0.003610   0.008594   0.015184 
  0.056214  -0.230582   1.323928  -1.407815  -0.133385  -0.083996   0.002018   0.095269  -0.078639   0.028762  -0.015470  -0.014783 
  0.055335  -0.231011   1.252621  -1.346107  -0.109492  -0.071219  -0.000879  -0.000429  -0.071307   0.061708   0.023893   0.012777 
  0.068484  -0.240044   1.250214  -1.235011  -0.129890  -0.092189   0.013149  -0.009033  -0.002407   0.111096  -0.020398  -0.020970 
  0.069082  -0.188368   1.228165  -1.229166  -0.115508  -0.096486   0.000598   0.051676  -0.022049   0.005845   0.014382  -0.004297 
  0.067592  -0.178393   1.155380  -1.239136  -0.151891  -0.097861  -0.001490   0.009975  -0.072785  -0.009970  -0.036383  -0.001375 
  0.051010  -0.223850   1.115941  -1.223036  -0.164382  -0.080558  -0.016582  -0.045457  -0.039439   0.016100  -0.012491   0.017303 
  0.080817  -0.193295   0.940041  -1.005885  -0.120550  -0.064114   0.029807   0.030555  -0.175900   0.217151   0.043832   0.016444 
  0.113369  -0.114662   0.995821  -1.077906  -0.131780  -0.106513   0.032552   0.078633   0.055780  -0.072021  -0.011230  -0.042399 
  0.129901  -0.174912   1.025582  -1.269674  -0.164382  -0.115909   0.016532  -0.060250   0.029761  -0.191768  -0.032602  -0.009396 
  0.086994  -0.196815   1.051610  -1.245839  -0.188102  -0.111498  -0.042907  -0.021903   0.026028   0.023835  -0.023720   0.004411 
  0.058367  -0.249794   1.156220  -1.262341  -0.174065  -0.079641  -0.028627  -0.052979   0.104610  -0.016502   0.014037   0.031857 
  0.059869  -0.263248   1.210595  -1.232661  -0.188102  -0.092074   0.001502  -0.013454   0.054375   0.029680  -0.014037  -0.012433 
  0.058711  -0.171894   1.181488  -1.220056  -0.181800  -0.095054  -0.001158   0.091354  -0.029107   0.012605   0.006302  -0.002980 
  0.051450  -0.174260   1.165235  -1.256095  -0.173778  -0.095111  -0.007261  -0.002366  -0.016253  -0.036039   0.008022  -0.000057 
  0.051363  -0.245866   1.233852  -1.264059  -0.172518  -0.096085  -0.000087  -0.071606   0.068617  -0.007964   0.001260  -0.000974 
  0.056353  -0.287755   1.272999  -1.200003  -0.167304  -0.087548   0.004990  -0.041889   0.039147   0.064056   0.005214   0.008537 
  0.051896  -0.206480   1.364250  -1.221603  -0.153495  -0.088923  -0.004457   0.081275   0.091251  -0.021600   0.013809  -0.001375 
  0.047692  -0.201032   1.307127  -1.274602  -0.148912  -0.084225  -0.004204   0.005448  -0.057123  -0.052999   0.004583   0.004698 
  0.048614  -0.196424   1.220422  -1.234667  -0.155501  -0.093564   0.000922   0.004608  -0.086705   0.039935  -0.006589  -0.009339 
  0.066864  -0.248148   1.309879  -1.154796  -0.070989  -0.041368   0.018250  -0.051724   0.089457   0.079871   0.084512   0.052196 
  0.066805  -0.246076   1.338439  -1.156515  -0.102216  -0.053342  -0.000059   0.002072   0.028560  -0.001719  -0.031227  -0.011974 
  0.058523  -0.150579   1.289763  -1.209227  -0.126967  -0.068468  -0.008282   0.095497  -0.048676  -0.052712  -0.024751  -0.015126 
  0.057920  -0.186187   1.290245  -1.268471  -0.129488  -0.083824  -0.000603  -0.035608   0.000482  -0.059244  -0.002521  -0.015356 
  0.055505  -0.257495   1.290554  -1.299067  -0.127082  -0.083824  -0.002415  -0.071308   0.000309  -0.030596   0.002406   0.000000 
  0.048125  -0.305008   1.399081  -1.361806  -0.135103  -0.083824  -0.007380  -0.047513   0.108527  -0.062739  -0.008021   0.000000 
  0.050277  -0.253603   1.336920  -1.351436  -0.158480  -0.084912   0.002152   0.051405  -0.062161   0.010370  -0.023377  -0.001088 
  0.047119  -0.230286   1.284651  -1.354759  -0.118717  -0.083996  -0.003158   0.023317  -0.052269  -0.003323   0.039763   0.000916 
