  0.000000   0.000009  -0.000011  -0.003266   0.000000   0.000000   0.000000   0.000000   0.000000   0.000000   0.000000   0.000000 
 -0.000115   0.102477  -0.060321   0.000000  -0.009225   0.000000  -0.000115   0.102468  -0.060310   0.003266  -0.009225   0.000000 
  0.004734   0.138938  -0.023769   0.005329   0.002521   0.000000   0.004849   0.036461   0.036552   0.005329   0.011746   0.000000 
  0.010804  -0.014743   0.033062   0.007964  -0.012147   0.000000   0.006070  -0.153681   0.056831   0.002635  -0.014668   0.000000 
  0.025760   0.163004   0.068052  -0.028304  -0.004068   0.000000   0.014956   0.177747   0.034990  -0.036268   0.008079   0.000000 
  0.014364   0.174198   0.077799  -0.064630  -0.010886   0.000000  -0.011396   0.011194   0.009747  -0.036326  -0.006818   0.000000 
  0.006145   0.064719   0.146081  -0.037987  -0.015069   0.000000  -0.008219  -0.109479   0.068282   0.026643  -0.004183   0.000000 
  0.020561   0.069877   0.116366  -0.020225  -0.033232  -0.009626   0.014416   0.005158  -0.029715   0.017762  -0.018163  -0.009626 
  0.019095   0.239367   0.092116  -0.027158  -0.034091  -0.012490  -0.001466   0.169490  -0.024250  -0.006933  -0.000859  -0.002864 
  0.013235   0.138810   0.106330  -0.017762  -0.027731  -0.014668  -0.005860  -0.100557   0.014214   0.009396   0.006360  -0.002178 
  0.020028   0.000491   0.192197  -0.010428  -0.023147  -0.013866   0.006793  -0.138319   0.085867   0.007334   0.004584   0.000802 
  0.011819   0.155227   0.155334  -0.021314  -0.015183  -0.008537  -0.008209   0.154736  -0.036863  -0.010886   0.007964   0.005329 
  0.008076   0.187327   0.110100  -0.010428  -0.005615  -0.006589  -0.003743   0.032100  -0.045234   0.010886   0.009568   0.001948 
  0.013502   0.024612   0.191601  -0.010428  -0.006761  -0.007448   0.005426  -0.162715   0.081501   0.000000  -0.001146  -0.000859 
  0.015893   0.072447   0.140916  -0.010428  -0.007563  -0.012147   0.002391   0.047835  -0.050685   0.000000  -0.000802  -0.004699 
  0.015225   0.215361   0.077447  -0.017704  -0.008136  -0.010199  -0.000668   0.142914  -0.063469  -0.007276  -0.000573   0.001948 
  0.012142   0.067809   0.132142  -0.010428  -0.007792  -0.003610  -0.003083  -0.147552   0.054695   0.007276   0.000344   0.006589 
  0.023490  -0.002431   0.153100   0.010428   0.006073   0.000000   0.011348  -0.070240   0.020958   0.020856   0.013865   0.003610 
  0.014111   0.215018   0.090313   0.004641  -0.002807   0.000000  -0.009379   0.217449  -0.062787  -0.005787  -0.008880   0.000000 
  0.015238   0.154158   0.104630  -0.017590   0.019366   0.000000   0.001127  -0.060860   0.014317  -0.022231   0.022173   0.000000 
  0.022242  -0.001974   0.189714   0.009339   0.006532  -0.004813   0.007004  -0.156132   0.085084   0.026929  -0.012834  -0.004813 
  0.015911   0.140732   0.103592  -0.005214   0.002922   0.000000  -0.006331   0.142706  -0.086122  -0.014553  -0.003610   0.004813 
  0.017800   0.206012   0.076086   0.011230   0.002005   0.000000   0.001889   0.065280  -0.027506   0.016444  -0.000917   0.000000 
  0.029264   0.046662   0.119442   0.007506   0.006303   0.000000   0.011464  -0.159350   0.043356  -0.003724   0.004298   0.000000 
  0.027065   0.004019   0.164921   0.011918   0.006933   0.000000  -0.002199  -0.042643   0.045479   0.004412   0.000630   0.000000 
  0.016962   0.204986   0.125189   0.001031   0.003266   0.000000  -0.010103   0.200967  -0.039732  -0.010887  -0.003667   0.000000 
  0.010641   0.130128   0.115920   0.012834   0.001375   0.000000  -0.006321  -0.074858  -0.009269   0.011803  -0.001891   0.000000 
  0.022920   0.001943   0.168730   0.017991   0.008193  -0.011803   0.012279  -0.128185   0.052810   0.005157   0.006818  -0.011803 
  0.013591   0.128262   0.162530   0.029221   0.000401   0.000000  -0.009329   0.126319  -0.006200   0.011230  -0.007792   0.011803 
  0.015513   0.172475   0.138088   0.026471   0.003037  -0.004526   0.001922   0.044213  -0.024442  -0.002750   0.002636  -0.004526 
  0.015351   0.078799   0.163034   0.007162   0.004240  -0.003953  -0.000162  -0.093676   0.024946  -0.019309   0.001203   0.000573 
  0.020622   0.016052   0.168281   0.007162   0.006360   0.000000   0.005271  -0.062747   0.005247   0.000000   0.002120   0.003953 
  0.012946   0.202841   0.128654   0.017131   0.005443   0.000000  -0.007676   0.186789  -0.039627   0.009969  -0.000917   0.000000 
  0.009209   0.148043   0.106007   0.012433  -0.002693   0.000000  -0.003737  -0.054798  -0.022647  -0.004698  -0.008136   0.000000 
  0.014501   0.007025   0.179994   0.014496   0.006532   0.000000   0.005292  -0.141018   0.073987   0.002063   0.009225   0.000000 
  0.019113   0.152637   0.134512   0.023663   0.013465   0.000000   0.004612   0.145612  -0.045482   0.009167   0.006933   0.000000 
  0.013060   0.171412   0.126330   0.012834  -0.007162  -0.010428  -0.006053   0.018775  -0.008182  -0.010829  -0.020627  -0.010428 
  0.025112   0.005936   0.186554   0.015756   0.004125  -0.003037   0.012052  -0.165476   0.060224   0.002922   0.011287   0.007391 
  0.019832   0.111336   0.151026   0.006417  -0.002865   0.000000  -0.005280   0.105400  -0.035528  -0.009339  -0.006990   0.003037 
  0.024551   0.209161   0.114192   0.021028   0.002464   0.000000   0.004719   0.097825  -0.036834   0.014611   0.005329   0.000000 
  0.027256   0.097420   0.155048   0.006417   0.002807  -0.003323   0.002705  -0.111741   0.040856  -0.014611   0.000343  -0.003323 
  0.032471   0.003602   0.214391   0.006417   0.009282   0.000000   0.005215  -0.093818   0.059343   0.000000   0.006475   0.003323 
  0.033536   0.180465   0.157240   0.006417   0.007047   0.000000   0.001065   0.176863  -0.057151   0.000000  -0.002235   0.000000 
  0.028647   0.189210   0.136622   0.020741   0.009339   0.000000  -0.004889   0.008745  -0.020618   0.014324   0.002292   0.000000 
  0.026763   0.037411   0.210780   0.006417   0.008824   0.000000  -0.001884  -0.151799   0.074158  -0.014324  -0.000515   0.000000 
  0.029320   0.049936   0.222284   0.006417   0.003266   0.000000   0.002557   0.012525   0.011504   0.000000  -0.005558   0.000000 
  0.027153   0.177173   0.184361   0.006417   0.012089   0.000000  -0.002167   0.127237  -0.037923   0.000000   0.008823   0.000000 
  0.024834   0.127016   0.169767   0.006417   0.009454   0.000000  -0.002319  -0.050157  -0.014594   0.000000  -0.002635   0.000000 
  0.041202   0.003852   0.209297   0.006417   0.036326  -0.021944   0.016368  -0.123164   0.039530   0.000000   0.026872  -0.021944 
  0.037825   0.187653   0.204232  -0.001948   0.034950  -0.009855  -0.003377   0.183801  -0.005065  -0.008365  -0.001376   0.012089 
  0.029510   0.172483   0.169251   0.017647   0.021772  -0.011115  -0.008315  -0.015170  -0.034981   0.019595  -0.013178  -0.001260 
  0.029769   0.050373   0.178422   0.016215   0.020397  -0.015699   0.000259  -0.122110   0.009171  -0.001432  -0.001375  -0.004584 
  0.029320   0.064164   0.180694  -0.004354   0.019423  -0.015699  -0.000449   0.013791   0.002272  -0.020569  -0.000974   0.000000 
  0.029154   0.175721   0.163735  -0.009683   0.030138  -0.010943  -0.000166   0.111557  -0.016959  -0.005329   0.010715   0.004756 
  0.023733   0.141422   0.129478   0.019137   0.024293  -0.011402  -0.005421  -0.034299  -0.034257   0.028820  -0.005845  -0.000459 
  0.036282   0.016571   0.165690   0.017246   0.029851  -0.016730   0.012549  -0.124851   0.036212  -0.001891   0.005558  -0.005328 
  0.031148   0.142738   0.146616   0.011631   0.028419  -0.012720  -0.005134   0.126167  -0.019074  -0.005615  -0.001432   0.004010 
  0.035488   0.200163   0.114595  -0.015069   0.007850  -0.007277   0.004340   0.057425  -0.032021  -0.026700  -0.020569   0.005443 
  0.031746   0.080461   0.169472  -0.021314   0.037930   0.000000  -0.003742  -0.119702   0.054877  -0.006245   0.030080   0.007277 
  0.042735   0.037940   0.182785  -0.008193   0.038388  -0.005844   0.010989  -0.042521   0.013313   0.013121   0.000458  -0.005844 
  0.048323   0.227885   0.144127  -0.022804   0.025669   0.000000   0.005588   0.189945  -0.038658  -0.014611  -0.012719   0.005844 
  0.039697   0.132556   0.169564  -0.019652   0.017991  -0.008652  -0.008626  -0.095329   0.025437   0.003152  -0.007678  -0.008652 
  0.037082   0.016441   0.207390  -0.015470   0.021142  -0.010428  -0.002615  -0.116115   0.037826   0.004182   0.003151  -0.001776 
  0.027627   0.199114   0.199931  -0.022403   0.024637  -0.004297  -0.009455   0.182673  -0.007459  -0.006933   0.003495   0.006131 
  0.029025   0.185645   0.155386  -0.019595   0.019824  -0.011345   0.001398  -0.013469  -0.044545   0.002808  -0.004813  -0.007048 
  0.025649   0.049754   0.222685  -0.022460   0.017475  -0.008021  -0.003376  -0.135891   0.067299  -0.002865  -0.002349   0.003324 
  0.023251   0.087766   0.196962  -0.027617   0.011860  -0.006704  -0.002398   0.038012  -0.025723  -0.005157  -0.005615   0.001317 
  0.029789   0.217867   0.153860  -0.019767   0.018449  -0.010485   0.006538   0.130101  -0.043102   0.007850   0.006589  -0.003781 
  0.023599   0.162007   0.135460  -0.015011   0.017819  -0.007850  -0.006190  -0.055860  -0.018400   0.004756  -0.000630   0.002635 
  0.034607   0.021762   0.199547  -0.018850   0.026585  -0.013636   0.011008  -0.140245   0.064087  -0.003839   0.008766  -0.005786 
  0.028066   0.164085   0.189437  -0.055405   0.030825  -0.008079  -0.006541   0.142323  -0.010110  -0.036555   0.004240   0.005557 
  0.023469   0.178567   0.142410  -0.011001   0.014897  -0.008652  -0.004597   0.014482  -0.047027   0.044404  -0.015928  -0.000573 
  0.026051   0.126259   0.145404  -0.011001   0.017704  -0.013407   0.002582  -0.052308   0.002994   0.000000   0.002807  -0.004755 
  0.035755   0.014401   0.176603  -0.002922   0.031742  -0.019137   0.009704  -0.111858   0.031199   0.008079   0.014038  -0.005730 
  0.020937   0.221948   0.132385  -0.020455   0.017934  -0.003724  -0.014818   0.207547  -0.044218  -0.017533  -0.013808   0.015413 
  0.017379   0.173563   0.154535  -0.018507   0.014152  -0.004870  -0.003558  -0.048385   0.022150   0.001948  -0.003782  -0.001146 
  0.025816   0.014924   0.213500  -0.019366   0.025267  -0.009683   0.008437  -0.158639   0.058965  -0.000859   0.011115  -0.004813 
  0.023342   0.175321   0.158876  -0.019538   0.014152  -0.006646  -0.002474   0.160397  -0.054624  -0.000172  -0.011115   0.003037 
  0.025952   0.204548   0.136412  -0.023892   0.026184  -0.010141   0.002610   0.029227  -0.022464  -0.004354   0.012032  -0.003495 
  0.023467   0.017234   0.222925  -0.018678   0.021658  -0.011402  -0.002485  -0.187314   0.086513   0.005214  -0.004526  -0.001261 
  0.023440   0.132131   0.211711  -0.028247   0.023892  -0.005730  -0.000027   0.114897  -0.011214  -0.009569   0.002234   0.005672 
  0.023798   0.193570   0.194329  -0.034435   0.045264   0.000000   0.000358   0.061439  -0.017382  -0.006188   0.021372   0.005730 
  0.023446   0.117873   0.194296  -0.028132   0.022632  -0.015183  -0.000352  -0.075697  -0.000033   0.006303  -0.022632  -0.015183 
  0.025793   0.014895   0.215114  -0.025153   0.026700  -0.009740   0.002347  -0.102978   0.020818   0.002979   0.004068   0.005443 
  0.019467   0.185985   0.163555   0.000745   0.020283  -0.005901  -0.006326   0.171090  -0.051559   0.025898  -0.006417   0.003839 
  0.014300   0.181066   0.161475  -0.009626   0.014095   0.000000  -0.005167  -0.004919  -0.002080  -0.010371  -0.006188   0.005901 
  0.019703   0.014422   0.212703  -0.007047   0.018449   0.005959   0.005403  -0.166644   0.051228   0.002579   0.004354   0.005959 
  0.022144   0.135608   0.162622  -0.002750   0.020913   0.000000   0.002441   0.121186  -0.050081   0.004297   0.002464  -0.005959 
  0.017934   0.182025   0.146370  -0.023205   0.014095   0.000000  -0.004210   0.046417  -0.016252  -0.020455  -0.006818   0.000000 
  0.015392   0.112157   0.112033  -0.031513  -0.002005   0.000000  -0.002542  -0.069868  -0.034337  -0.008308  -0.016100   0.000000 
  0.024307   0.102272   0.134804  -0.027903   0.014095   0.000000   0.008915  -0.009885   0.022771   0.003610   0.016100   0.000000 
  0.053855   0.015278   0.196345  -0.039534   0.034836   0.000000   0.029548  -0.086994   0.061541  -0.011631   0.020741   0.000000 
  0.042727   0.205656   0.135688  -0.063197   0.012490   0.000000  -0.011128   0.190378  -0.060657  -0.023663  -0.022346   0.000000 
  0.023396   0.147293   0.177488  -0.066635   0.003782  -0.012319  -0.019331  -0.058363   0.041800  -0.003438  -0.008708  -0.012319 
  0.028515  -0.001873   0.242790  -0.042915   0.016215   0.000000   0.005119  -0.149166   0.065302   0.023720   0.012433   0.012319 
  0.022175   0.216158   0.213815  -0.075229   0.010428  -0.008881  -0.006340   0.218031  -0.028975  -0.032314  -0.005787  -0.008881 
  0.015951   0.184335   0.179372  -0.096658  -0.018220  -0.029565  -0.006224  -0.031823  -0.034443  -0.021429  -0.028648  -0.020684 
  0.012121   0.048098   0.255824  -0.092590  -0.013407  -0.029622  -0.003830  -0.136237   0.076452   0.004068   0.004813  -0.000057 
  0.025136   0.081606   0.218844  -0.067323  -0.012662  -0.022002   0.013015   0.033508  -0.036980   0.025267   0.000745   0.007620 
  0.020918   0.204407   0.196050  -0.079297  -0.027044  -0.013006  -0.004218   0.122801  -0.022794  -0.011974  -0.014382   0.008996 
  0.059883   0.161688   0.195068  -0.075573  -0.008079   0.005615   0.038965  -0.042719  -0.000982   0.003724   0.018965   0.018621 
  0.061623  -0.000368   0.245346  -0.051280  -0.020397  -0.004011   0.001740  -0.162056   0.050278   0.024293  -0.012318  -0.009626 
  0.042061   0.165811   0.221774  -0.072479  -0.029278  -0.020569  -0.019562   0.166179  -0.023572  -0.021199  -0.008881  -0.016558 
  0.028809   0.207696   0.187339  -0.061708  -0.036727  -0.029794  -0.013252   0.041885  -0.034435   0.010771  -0.007449  -0.009225 
  0.029184   0.049024   0.205994  -0.053629  -0.013636  -0.018736   0.000375  -0.158672   0.018655   0.008079   0.023091   0.011058 
  0.035485  -0.072151   0.354253  -0.067093  -0.026356  -0.024007   0.006301  -0.121175   0.148259  -0.013464  -0.012720  -0.005271 
  0.058372  -0.150831   0.506168  -0.008594  -0.018621  -0.031914   0.022887  -0.078680   0.151915   0.058499   0.007735  -0.007907 
  0.072699   0.336277   0.009156  -0.020913  -0.039305  -0.004011   0.014327   0.487108  -0.497012  -0.012319  -0.020684   0.027903 
  0.058186   0.298153   0.025497  -0.042915  -0.042800  -0.023606  -0.014513  -0.038124   0.016341  -0.022002  -0.003495  -0.019595 
  0.049204   0.184214   0.055905  -0.055921  -0.070474  -0.024866  -0.008982  -0.113939   0.030408  -0.013006  -0.027674  -0.001260 
  0.043820   0.133233   0.094262  -0.088694  -0.063255  -0.029278  -0.005384  -0.050981   0.038357  -0.032773   0.007219  -0.004412 
  0.048334   0.165567   0.087537  -0.082277  -0.074198  -0.025783   0.004514   0.032334  -0.006725   0.006417  -0.010943   0.003495 
  0.045896   0.158396   0.087641  -0.073339  -0.063083  -0.036841  -0.002438  -0.007171   0.000104   0.008938   0.011115  -0.011058 
  0.073377   0.148303   0.087744  -0.086173  -0.039305  -0.032544   0.027481  -0.010093   0.000103  -0.012834   0.023778   0.004297 
  0.082062   0.156578   0.087613  -0.080787  -0.060734  -0.040565   0.008685   0.008275  -0.000131   0.005386  -0.021429  -0.008021 
  0.060744   0.151041   0.158029  -0.187987  -0.083308  -0.053170  -0.021318  -0.005537   0.070416  -0.107200  -0.022574  -0.012605 
  0.065480   0.116735   0.174790  -0.157392  -0.077006  -0.053400   0.004736  -0.034306   0.016761   0.030595   0.006302  -0.000230 
  0.062149   0.115472   0.208879  -0.140661  -0.057296  -0.039935  -0.003331  -0.001263   0.034089   0.016731   0.019710   0.013465 
  0.058054   0.014198   0.305395  -0.140661  -0.066062  -0.041310  -0.004095  -0.101274   0.096516   0.000000  -0.008766  -0.001375 
  0.063715   0.109819   0.290116  -0.089496  -0.078209  -0.039362   0.005661   0.095621  -0.015279   0.051165  -0.012147   0.001948 
  0.058929   0.252884   0.229863  -0.076375  -0.075229  -0.040795  -0.004786   0.143065  -0.060253   0.013121   0.002980  -0.001433 
  0.057071  -0.000671   0.296744  -0.097403  -0.059588  -0.046639  -0.001858  -0.253555   0.066881  -0.021028   0.015641  -0.005844 
  0.053720   0.101527   0.236358  -0.086860  -0.075802  -0.040966  -0.003351   0.102198  -0.060386   0.010543  -0.016214   0.005673 
  0.050850   0.253114   0.232676  -0.083136  -0.078266  -0.044748  -0.002870   0.151587  -0.003682   0.003724  -0.002464  -0.003782 
  0.033369   0.061753   0.248294  -0.077578  -0.083881  -0.029507  -0.017481  -0.191361   0.015618   0.005558  -0.005615   0.015241 
  0.044723   0.049297   0.205032  -0.070989  -0.074886  -0.044232   0.011354  -0.012456  -0.043262   0.006589   0.008995  -0.014725 
  0.042471   0.224864   0.171127  -0.081360  -0.064916  -0.041196  -0.002252   0.175567  -0.033905  -0.010371   0.009970   0.003036 
  0.046083   0.136842   0.168811  -0.075917  -0.043659  -0.038904   0.003612  -0.088022  -0.002316   0.005443   0.021257   0.002292 
  0.042732   0.024342   0.181263  -0.053113  -0.047154  -0.036440  -0.003351  -0.112500   0.012452   0.022804  -0.003495   0.002464 
  0.042926   0.176064   0.146564  -0.060963  -0.044920  -0.035180   0.000194   0.151722  -0.034699  -0.007850   0.002234   0.001260 
  0.046284   0.147517   0.145872  -0.060734  -0.045264  -0.039534   0.003358  -0.028547  -0.000692   0.000229  -0.000344  -0.004354 
  0.042952   0.019556   0.216531  -0.051452  -0.035008  -0.033002  -0.003332  -0.127961   0.070659   0.009282   0.010256   0.006532 
  0.043072   0.158616   0.179826  -0.073854  -0.021028  -0.027387   0.000120   0.139060  -0.036705  -0.022402   0.013980   0.005615 
  0.048992   0.158277   0.141761  -0.053629  -0.028934  -0.028820   0.005920  -0.000339  -0.038065   0.020225  -0.007906  -0.001433 
  0.047879   0.002730   0.262752  -0.058671  -0.004183  -0.026872  -0.001113  -0.155547   0.120991  -0.005042   0.024751   0.001948 
  0.050177   0.102848   0.221467  -0.058671  -0.002979  -0.022460   0.002298   0.100118  -0.041285   0.000000   0.001204   0.004412 
  0.049833   0.198367   0.189430  -0.045607  -0.013522  -0.026471  -0.000344   0.095519  -0.032037   0.013064  -0.010543  -0.004011 
  0.051131   0.122923   0.191124  -0.041654  -0.010714  -0.025611   0.001298  -0.075444   0.001694   0.003953   0.002808   0.000860 
  0.051683   0.000228   0.250551  -0.017934  -0.006818  -0.018850   0.000552  -0.122695   0.059427   0.023720   0.003896   0.006761 
  0.056735   0.191204   0.162400  -0.052254  -0.036669  -0.028419   0.005052   0.190976  -0.088151  -0.034320  -0.029851  -0.009569 
  0.054870   0.173800   0.148520  -0.050649  -0.029737  -0.028820  -0.001865  -0.017404  -0.013880   0.001605   0.006932  -0.000401 
  0.043170   0.085190   0.204769  -0.056322  -0.011173  -0.029164  -0.011700  -0.088610   0.056249  -0.005673   0.018564  -0.000344 
  0.056251   0.033386   0.206267  -0.050649  -0.021658  -0.027044   0.013081  -0.051804   0.001498   0.005673  -0.010485   0.002120 
  0.052177   0.183341   0.201526  -0.066463  -0.008251  -0.022976  -0.004074   0.149955  -0.004741  -0.015814   0.013407   0.004068 
  0.043224   0.139657   0.193581  -0.061077  -0.015011  -0.023892  -0.008953  -0.043684  -0.007945   0.005386  -0.006760  -0.000916 
  0.043305   0.010708   0.231515  -0.044805  -0.001031  -0.025096   0.000081  -0.128949   0.037934   0.016272   0.013980  -0.001204 
  0.043082   0.132118   0.204566  -0.057009  -0.015871  -0.019595  -0.000223   0.121410  -0.026949  -0.012204  -0.014840   0.005501 
  0.036637   0.201694   0.195882  -0.057582  -0.013350  -0.022517  -0.006445   0.069576  -0.008684  -0.000573   0.002521  -0.002922 
  0.043198   0.148653   0.173074  -0.057296  -0.011001  -0.027330   0.006561  -0.053041  -0.022808   0.000286   0.002349  -0.004813 
  0.040543   0.051138   0.232669  -0.061020  -0.010371  -0.024924  -0.002655  -0.097515   0.059595  -0.003724   0.000630   0.002406 
  0.043086   0.021729   0.226927  -0.047727  -0.007964  -0.019366   0.002543  -0.029409  -0.005742   0.013293   0.002407   0.005558 
  0.042963   0.205413   0.208503  -0.067552  -0.023549  -0.022804  -0.000123   0.183684  -0.018424  -0.019825  -0.015585  -0.003438 
  0.037638   0.155009   0.201051  -0.057926  -0.016960  -0.022804  -0.005325  -0.050404  -0.007452   0.009626   0.006589   0.000000 
  0.047635   0.021892   0.243706  -0.052196  -0.007277  -0.019710   0.009997  -0.133117   0.042655   0.005730   0.009683   0.003094 
  0.045156   0.128328   0.231184  -0.050879  -0.016215  -0.018335  -0.002479   0.106436  -0.012522   0.001317  -0.008938   0.001375 
  0.041052   0.175911   0.209188  -0.065833  -0.005844  -0.018335  -0.004104   0.047583  -0.021996  -0.014954   0.010371   0.000000 
  0.043265   0.137810   0.206104  -0.062109  -0.008021  -0.015126   0.002213  -0.038101  -0.003084   0.003724  -0.002177   0.003209 
  0.057713   0.016083   0.387956  -0.036497  -0.007105  -0.004011   0.014448  -0.121727   0.181852   0.025612   0.000916   0.011115 
  0.052254   0.088018   0.353516  -0.049675  -0.020512  -0.018335  -0.005459   0.071935  -0.034440  -0.013178  -0.013407  -0.014324 
  0.042725   0.182211   0.315806  -0.036497  -0.022746  -0.018335  -0.009529   0.094193  -0.037710   0.013178  -0.002234   0.000000 
  0.036922   0.131974   0.311944  -0.040222  -0.015470  -0.024236  -0.005803  -0.050237  -0.003862  -0.003725   0.007276  -0.005901 
  0.046189   0.017291   0.342866  -0.036497  -0.002235  -0.023033   0.009267  -0.114683   0.030922   0.003725   0.013235   0.001203 
  0.042892   0.164496   0.308772  -0.036497  -0.007105  -0.018335  -0.003297   0.147205  -0.034094   0.000000  -0.004870   0.004698 
  0.042867   0.169613   0.285428  -0.036497  -0.017361  -0.018335  -0.000025   0.005117  -0.023344   0.000000  -0.010256   0.000000 
  0.042814   0.023401   0.377357  -0.036440   0.001547  -0.004011  -0.000053  -0.146212   0.091929   0.000057   0.018908   0.014324 
  0.042909   0.067749   0.350612  -0.036440   0.001146  -0.012834   0.000095   0.044348  -0.026745   0.000000  -0.000401  -0.008823 
  0.040077   0.210292   0.304962  -0.021257  -0.016960  -0.014897  -0.002832   0.142543  -0.045650   0.015183  -0.018106  -0.002063 
  0.040372   0.107665   0.309920  -0.017131  -0.012720  -0.021715   0.000295  -0.102627   0.004958   0.004126   0.004240  -0.006818 
  0.042998   0.004777   0.309984  -0.011345  -0.009740  -0.028476   0.002626  -0.102888   0.000064   0.005786   0.002980  -0.006761 
  0.042755   0.212812   0.295608  -0.014496  -0.031627  -0.021543  -0.000243   0.208035  -0.014376  -0.003151  -0.021887   0.006933 
  0.043039   0.146607   0.265743  -0.014496  -0.007391  -0.015183   0.000284  -0.066205  -0.029865   0.000000   0.024236   0.006360 
  0.047355   0.010263   0.307622  -0.022575   0.007907  -0.020340   0.004316  -0.136344   0.041879  -0.008079   0.015298  -0.005157 
  0.042873   0.134846   0.269740  -0.022632  -0.023606  -0.024064  -0.004482   0.124583  -0.037882  -0.000057  -0.031513  -0.003724 
  0.047752   0.176904   0.233855  -0.014496  -0.008365  -0.022976   0.004879   0.042058  -0.035885   0.008136   0.015241   0.001088 
  0.042839   0.033368   0.309490  -0.025382  -0.021257  -0.018335  -0.004913  -0.143536   0.075635  -0.010886  -0.012892   0.004641 
  0.043060   0.069183   0.269479  -0.021142  -0.009969  -0.018678   0.000221   0.035815  -0.040011   0.004240   0.011288  -0.000343 
  0.035727   0.198708   0.186301  -0.019309   0.002292  -0.018335  -0.007333   0.129525  -0.083178   0.001833   0.012261   0.000343 
  0.033222   0.066431   0.254465  -0.031283  -0.004354  -0.021429  -0.002505  -0.132277   0.068164  -0.011974  -0.006646  -0.003094 
  0.043214   0.003756   0.277527  -0.022575   0.001719  -0.018335   0.009992  -0.062675   0.023062   0.008708   0.006073   0.003094 
  0.043336   0.205638   0.196159  -0.016387   0.007047  -0.018335   0.000122   0.201882  -0.081368   0.006188   0.005328   0.000000 
  0.051591   0.089780   0.246411  -0.025210   0.015527  -0.013407   0.008255  -0.115858   0.050252  -0.008823   0.008480   0.004928 
  0.058164   0.005972   0.283280  -0.008995   0.009683  -0.014897   0.006573  -0.083808   0.036869   0.016215  -0.005844  -0.001490 
  0.047581   0.188586   0.223265  -0.020512  -0.000917  -0.018335  -0.010583   0.182614  -0.060015  -0.011517  -0.010600  -0.003438 
  0.043297   0.144759   0.241352  -0.020798   0.005042  -0.015126  -0.004284  -0.043827   0.018087  -0.000286   0.005959   0.003209 
  0.047856  -0.001285   0.294920   0.001375   0.006818  -0.014782   0.004559  -0.146044   0.053568   0.022173   0.001776   0.000344 
  0.052062   0.114910   0.253474  -0.019882   0.002464  -0.012319   0.004206   0.116195  -0.041446  -0.021257  -0.004354   0.002463 
  0.043121   0.174908   0.232996  -0.027387   0.000802  -0.018335  -0.008941   0.059998  -0.020478  -0.007505  -0.001662  -0.006016 
  0.049343   0.038164   0.291907  -0.020340  -0.001089  -0.018335   0.006222  -0.136744   0.058911   0.007047  -0.001891   0.000000 
  0.049122   0.013610   0.284439  -0.000974  -0.010084  -0.018335  -0.000221  -0.024554  -0.007468   0.019366  -0.008995   0.000000 
  0.049915   0.199962   0.243055  -0.016902  -0.001719  -0.018335   0.000793   0.186352  -0.041384  -0.015928   0.008365   0.000000 
  0.043264   0.119258   0.221685  -0.017819   0.008021  -0.015355  -0.006651  -0.080704  -0.021370  -0.000917   0.009740   0.002980 
  0.043147   0.003336   0.250672  -0.009167   0.005730  -0.018335  -0.000117  -0.115922   0.028987   0.008652  -0.002291  -0.002980 
  0.047807   0.173692   0.199303  -0.025669   0.003782  -0.018335   0.004660   0.170356  -0.051369  -0.016502  -0.001948   0.000000 
  0.048352   0.156918   0.212216  -0.021028   0.011115  -0.015069   0.000545  -0.016774   0.012913   0.004641   0.007333   0.003266 
  0.049645   0.021880   0.249913  -0.021028   0.012662  -0.018335   0.001293  -0.135038   0.037697   0.000000   0.001547  -0.003266 
  0.057383   0.096131   0.205626  -0.021028   0.014324  -0.018335   0.007738   0.074251  -0.044287   0.000000   0.001662   0.000000 
  0.053659   0.196835   0.186356  -0.021028   0.011402  -0.014782  -0.003724   0.100704  -0.019270   0.000000  -0.002922   0.003553 
  0.056575   0.079498   0.242917  -0.031914   0.018621  -0.013407   0.002916  -0.117337   0.056561  -0.010886   0.007219   0.001375 
  0.059862   0.013697   0.253059  -0.016329   0.024924  -0.018335   0.003287  -0.065801   0.010142   0.015585   0.006303  -0.004928 
  0.054073   0.200109   0.231456  -0.020512   0.009626  -0.011746  -0.005789   0.186412  -0.021603  -0.004183  -0.015298   0.006589 
  0.053573   0.107542   0.244877  -0.015756   0.007907  -0.018335  -0.000500  -0.092567   0.013421   0.004756  -0.001719  -0.006589 
  0.060758  -0.007370   0.293475  -0.004412   0.018564  -0.018105   0.007185  -0.114912   0.048598   0.011344   0.010657   0.000230 
  0.043187   0.159119   0.264405  -0.007105   0.010141  -0.014954  -0.017571   0.166489  -0.029070  -0.002693  -0.008423   0.003151 
  0.054896   0.146185   0.227908  -0.000057   0.006532  -0.012892   0.011709  -0.012934  -0.036497   0.007048  -0.003609   0.002062 
  0.060096   0.018576   0.308824  -0.016444   0.030768  -0.015069   0.005200  -0.127609   0.080916  -0.016387   0.024236  -0.002177 
  0.062513   0.071500   0.288850  -0.019481   0.019538  -0.018335   0.002417   0.052924  -0.019974  -0.003037  -0.011230  -0.003266 
  0.059725   0.177259   0.237031  -0.019481   0.017418  -0.012834  -0.002788   0.105759  -0.051819   0.000000  -0.002120   0.005501 
  0.056236   0.077561   0.237006  -0.030940   0.027846  -0.018335  -0.003489  -0.099698  -0.000025  -0.011459   0.010428  -0.005501 
  0.068616   0.023097   0.271535  -0.004641   0.011345  -0.018335   0.012380  -0.054464   0.034529   0.026299  -0.016501   0.000000 
  0.063485   0.148982   0.247066  -0.033747   0.031799  -0.003953  -0.005131   0.125885  -0.024469  -0.029106   0.020454   0.014382 
  0.058760   0.130839   0.237052  -0.004526   0.018105  -0.018335  -0.004725  -0.018143  -0.010014   0.029221  -0.013694  -0.014382 
  0.064991   0.003938   0.333611  -0.006532   0.011001  -0.016960   0.006231  -0.126901   0.096559  -0.002006  -0.007104   0.001375 
  0.071562   0.084659   0.296373  -0.006417   0.014095  -0.018335   0.006571   0.080721  -0.037238   0.000115   0.003094  -0.001375 
  0.052027   0.167184   0.254540   0.003495   0.016387  -0.018335  -0.019535   0.082525  -0.041833   0.009912   0.002292   0.000000 
  0.056821   0.072059   0.313885  -0.006073   0.010485  -0.018335   0.004794  -0.095125   0.059345  -0.009568  -0.005902   0.000000 
  0.066356  -0.005802   0.313933   0.003266   0.012433  -0.018335   0.009535  -0.077861   0.000048   0.009339   0.001948   0.000000 
  0.061841   0.175638   0.278082  -0.009225   0.011115  -0.004011  -0.004515   0.181440  -0.035851  -0.012491  -0.001318   0.014324 
  0.058313   0.137474   0.238873  -0.006303   0.009855  -0.011746  -0.003528  -0.038164  -0.039209   0.002922  -0.001260  -0.007735 
  0.067855  -0.001884   0.285928  -0.005959   0.013751  -0.013121   0.009542  -0.139358   0.047055   0.000344   0.003896  -0.001375 
  0.072794   0.120284   0.260658  -0.007735   0.017131  -0.004011   0.004939   0.122168  -0.025270  -0.001776   0.003380   0.009110 
  0.062327   0.165456   0.221487  -0.010943   0.027731  -0.004011  -0.010467   0.045172  -0.039171  -0.003208   0.010600   0.000000 
  0.062200   0.116393   0.246578  -0.023549   0.028419  -0.004011  -0.000127  -0.049063   0.025091  -0.012606   0.000688   0.000000 
  0.067786   0.002476   0.308101  -0.007735   0.028934  -0.004011   0.005586  -0.113917   0.061523   0.015814   0.000515   0.000000 
  0.062231   0.149062   0.267412  -0.007735   0.035867  -0.004011  -0.005555   0.146586  -0.040689   0.000000   0.006933   0.000000 
  0.062124   0.157594   0.259659  -0.007735   0.024752  -0.018335  -0.000107   0.008532  -0.007753   0.000000  -0.011115  -0.014324 
  0.068189   0.054004   0.299065  -0.016960   0.029221  -0.004011   0.006065  -0.103590   0.039406  -0.009225   0.004469   0.014324 
  0.070934   0.016505   0.313616  -0.015011   0.039649  -0.004011   0.002745  -0.037499   0.014551   0.001949   0.010428   0.000000 
  0.061996   0.175386   0.301378  -0.016100   0.028533  -0.004011  -0.008938   0.158881  -0.012238  -0.001089  -0.011116   0.000000 
  0.061903   0.113015   0.284269  -0.002922   0.013407  -0.018163  -0.000093  -0.062371  -0.017109   0.013178  -0.015126  -0.014152 
  0.069107  -0.002061   0.335173  -0.000458   0.021028  -0.018335   0.007204  -0.115076   0.050904   0.002464   0.007621  -0.000172 
  0.068070   0.102935   0.301351  -0.005214   0.025153  -0.012319  -0.001037   0.104996  -0.033822  -0.004756   0.004125   0.006016 
  0.078176   0.165278   0.252183  -0.033862   0.048587  -0.004011   0.010106   0.062343  -0.049168  -0.028648   0.023434   0.008308 
  0.070204   0.105901   0.243699  -0.000688   0.035294  -0.000917  -0.007972  -0.059377  -0.008484   0.033174  -0.013293   0.003094 
  0.075790  -0.015987   0.291472   0.004584   0.036268  -0.018335   0.005586  -0.121888   0.047773   0.005272   0.000974  -0.017418 
  0.073863   0.132053   0.261028  -0.000344   0.026299  -0.004011  -0.001927   0.148040  -0.030444  -0.004928  -0.009969   0.014324 
  0.062169   0.190829   0.237727  -0.005214   0.018965  -0.012261  -0.011694   0.058776  -0.023301  -0.004870  -0.007334  -0.008250 
  0.065178   0.054407   0.267839  -0.000573   0.041654  -0.004011   0.003009  -0.136422   0.030112   0.004641   0.022689   0.008250 
  0.064722   0.021505   0.248200   0.008537   0.033174  -0.004011  -0.000456  -0.032902  -0.019639   0.009110  -0.008480   0.000000 
  0.055682   0.209499   0.174087   0.012261   0.012032  -0.004011  -0.009040   0.187994  -0.074113   0.003724  -0.021142   0.000000 
  0.055981   0.121248   0.171491   0.003610   0.028820  -0.004011   0.000299  -0.088251  -0.002596  -0.008651   0.016788   0.000000 
  0.062462  -0.001355   0.219886  -0.002349   0.041941  -0.000745   0.006481  -0.122603   0.048395  -0.005959   0.013121   0.003266 
  0.056438   0.170013   0.182005   0.003610   0.017189  -0.004011  -0.006024   0.171368  -0.037881   0.005959  -0.024752  -0.003266 
  0.056554   0.161430   0.163854   0.003610   0.021715  -0.004011   0.000116  -0.008583  -0.018151   0.000000   0.004526   0.000000 
  0.056565   0.004375   0.231239   0.003610   0.026757  -0.013923   0.000011  -0.157055   0.067385   0.000000   0.005042  -0.009912 
  0.056413   0.138002   0.198517   0.011173   0.014037  -0.013407  -0.000152   0.133627  -0.032722   0.007563  -0.012720   0.000516 
  0.056426   0.146606   0.197599   0.003610   0.014668  -0.013407   0.000013   0.008604  -0.000918  -0.007563   0.000631   0.000000 
  0.060622  -0.000301   0.271963   0.003610   0.011688  -0.012834   0.004196  -0.146907   0.074364   0.000000  -0.002980   0.000573 
  0.056190   0.117470   0.226456   0.003610   0.006016  -0.004011  -0.004432   0.117771  -0.045507   0.000000  -0.005672   0.008823 
  0.056550   0.158058   0.186649   0.003610   0.020397  -0.015069   0.000360   0.040588  -0.039807   0.000000   0.014381  -0.011058 
  0.056378   0.008272   0.258763   0.003610   0.018105  -0.018335  -0.000172  -0.149786   0.072114   0.000000  -0.002292  -0.003266 
  0.063479   0.087623   0.221092   0.003610   0.017533  -0.004011   0.007101   0.079351  -0.037671   0.000000  -0.000572   0.014324 
  0.061834   0.183677   0.186481   0.003610   0.026413  -0.004011  -0.001645   0.096054  -0.034611   0.000000   0.008880   0.000000 
  0.064159   0.093616   0.181111   0.003610   0.031627  -0.018335   0.002325  -0.090061  -0.005370   0.000000   0.005214  -0.014324 
  0.077421   0.001761   0.241749   0.003610   0.011803  -0.004011   0.013262  -0.091855   0.060638   0.000000  -0.019824   0.014324 
  0.072272   0.172100   0.194701   0.003610   0.017017  -0.004011  -0.005149   0.170339  -0.047048   0.000000   0.005214   0.000000 
  0.064660   0.174576   0.178574   0.003610   0.018965  -0.004011  -0.007612   0.002476  -0.016127   0.000000   0.001948   0.000000 
  0.067049   0.001397   0.245173  -0.003610   0.041081  -0.004011   0.002389  -0.173179   0.066599  -0.007220   0.022116   0.000000 
  0.066088   0.130195   0.224574   0.003610   0.024179  -0.008709  -0.000961   0.128798  -0.020599   0.007220  -0.016902  -0.004698 
  0.063229   0.176717   0.177395   0.011287   0.029335  -0.004011  -0.002859   0.046522  -0.047179   0.007677   0.005156   0.004698 
  0.061560   0.041673   0.237283  -0.001891   0.018048  -0.004011  -0.001669  -0.135044   0.059888  -0.013178  -0.011287   0.000000 
  0.056409   0.041686   0.217006  -0.002177   0.023205  -0.004011  -0.005151   0.000013  -0.020277  -0.000286   0.005157   0.000000 
  0.056546   0.201656   0.172186   0.003610   0.017704  -0.018335   0.000137   0.159970  -0.044820   0.005787  -0.005501  -0.014324 
  0.056225   0.093698   0.210257   0.003610   0.002063  -0.012261  -0.000321  -0.107958   0.038071   0.000000  -0.015641   0.006074 
  0.063355  -0.007844   0.254140   0.012204   0.018335  -0.012834   0.007130  -0.101542   0.043883   0.008594   0.016272  -0.000573 
  0.056091   0.162374   0.250182   0.002807   0.000917  -0.004011  -0.007264   0.170218  -0.003958  -0.009397  -0.017418   0.008823 
  0.056510   0.137986   0.223525  -0.010943   0.022976  -0.004011   0.000419  -0.024388  -0.026657  -0.013750   0.022059   0.000000 
  0.056450   0.072791   0.213040   0.012032   0.015470  -0.011746  -0.000060  -0.065195  -0.010485   0.022975  -0.007506  -0.007735 
  0.062322  -0.002004   0.233250   0.009798   0.019710  -0.004011   0.005872  -0.074795   0.020210  -0.002234   0.004240   0.007735 
  0.062288   0.177433   0.180803  -0.005042   0.027731  -0.000516  -0.000034   0.179437  -0.052447  -0.014840   0.008021   0.003495 
  0.066298   0.124958   0.196327  -0.018048   0.035867   0.006073   0.004010  -0.052475   0.015524  -0.013006   0.008136   0.006589 
  0.067562   0.000205   0.206318   0.014782   0.027215  -0.004011   0.001264  -0.124753   0.009991   0.032830  -0.008652  -0.010084 
  0.069770   0.181479   0.196483   0.004068   0.018564   0.002807   0.002208   0.181274  -0.009835  -0.010714  -0.008651   0.006818 
  0.062100   0.124604   0.187947   0.007792   0.017819   0.002693  -0.007670  -0.056875  -0.008536   0.003724  -0.000745  -0.000114 
  0.063731   0.002689   0.263530   0.003209   0.021085   0.000917   0.001631  -0.121915   0.075583  -0.004583   0.003266  -0.001776 
  0.069042   0.139088   0.245640   0.005443   0.011860  -0.000115   0.005311   0.136399  -0.017890   0.002234  -0.009225  -0.001032 
  0.056411   0.169258   0.229163   0.012662   0.020054  -0.004011  -0.012631   0.030170  -0.016477   0.007219   0.008194  -0.003896 
  0.056239   0.104614   0.255716  -0.000573   0.016616  -0.004011  -0.000172  -0.064644   0.026553  -0.013235  -0.003438   0.000000 
  0.070232  -0.010546   0.283893   0.011230   0.025611  -0.018335   0.013993  -0.115160   0.028177   0.011803   0.008995  -0.014324 
  0.067740   0.169054   0.236088   0.010943   0.015527  -0.004011  -0.002492   0.179600  -0.047805  -0.000287  -0.010084   0.014324 
  0.065994   0.169043   0.212529   0.010772   0.017647  -0.018335  -0.001746  -0.000011  -0.023559  -0.000171   0.002120  -0.014324 
  0.060248   0.033542   0.255851   0.004756   0.024293  -0.004011  -0.005746  -0.135501   0.043322  -0.006016   0.006646   0.014324 
  0.061424   0.048578   0.265230   0.011631   0.017131  -0.004011   0.001176   0.015036   0.009379   0.006875  -0.007162   0.000000 
  0.052127   0.166069   0.259258  -0.011459   0.020397  -0.004011  -0.009297   0.117491  -0.005972  -0.023090   0.003266   0.000000 
  0.046081   0.125501   0.248729   0.016215   0.013579  -0.012834  -0.006046  -0.040568  -0.010529   0.027674  -0.006818  -0.008823 
  0.056159   0.004350   0.258335   0.002807   0.011918  -0.004011   0.010078  -0.121151   0.009606  -0.013408  -0.001661   0.008823 
  0.056228   0.162578   0.240168   0.010829   0.013293  -0.004011   0.000069   0.158228  -0.018167   0.008022   0.001375   0.000000 
  0.047751   0.182156   0.214155   0.018335   0.013235  -0.004011  -0.008477   0.019578  -0.026013   0.007506  -0.000058   0.000000 
  0.048057   0.044696   0.259122  -0.004985   0.014439  -0.004011   0.000306  -0.137460   0.044967  -0.023320   0.001204   0.000000 
  0.047401   0.002227   0.271676  -0.000859   0.021314  -0.004011  -0.000656  -0.042469   0.012554   0.004126   0.006875   0.000000 
  0.039083   0.199359   0.256047   0.002349   0.006188  -0.004011  -0.008318   0.197132  -0.015629   0.003208  -0.015126   0.000000 
  0.045046   0.125150   0.245240   0.008079   0.015011  -0.004011   0.005963  -0.074209  -0.010807   0.005730   0.008823   0.000000 
  0.055812   0.000169   0.282264  -0.004985   0.029393  -0.004011   0.010766  -0.124981   0.037024  -0.013064   0.014382   0.000000 
  0.052003   0.160238   0.247688  -0.000974   0.019423  -0.004011  -0.003809   0.160069  -0.034576   0.004011  -0.009970   0.000000 
  0.052137   0.148828   0.220345   0.000115   0.018277  -0.018335   0.000134  -0.011410  -0.027343   0.001089  -0.001146  -0.014324 
  0.052143   0.029573   0.251003  -0.001776   0.027273  -0.004011   0.000006  -0.119255   0.030658  -0.001891   0.008996   0.014324 
  0.063307   0.051218   0.264564   0.012490   0.022460  -0.004011   0.011164   0.021645   0.013561   0.014266  -0.004813   0.000000 
  0.052088   0.183180   0.214160   0.012490   0.022403  -0.004011  -0.011219   0.131962  -0.050404   0.000000  -0.000057   0.000000 
  0.052096   0.148843   0.211682   0.012490   0.021085  -0.004011   0.000008  -0.034337  -0.002478   0.000000  -0.001318   0.000000 
  0.061632  -0.009400   0.264517   0.012490   0.028992  -0.013350   0.009536  -0.158243   0.052835   0.000000   0.007907  -0.009339 
  0.058670   0.133165   0.240960   0.012490   0.017762   0.000802  -0.002962   0.142565  -0.023557   0.000000  -0.011230   0.014152 
  0.042010   0.191603   0.203931   0.012490   0.013866  -0.004011  -0.016660   0.058438  -0.037029   0.000000  -0.003896  -0.004813 
  0.046747   0.078560   0.225175   0.012490   0.008652  -0.004011   0.004737  -0.113043   0.021244   0.000000  -0.005214   0.000000 
  0.051707   0.005248   0.262423   0.012490   0.003610  -0.004011   0.004960  -0.073312   0.037248   0.000000  -0.005042   0.000000 
  0.051722   0.175257   0.209542   0.012490  -0.004068  -0.004011   0.000015   0.170009  -0.052881   0.000000  -0.007678   0.000000 
  0.051892   0.186606   0.178962   0.020168   0.000344  -0.004011   0.000170   0.011349  -0.030580   0.007678   0.004412   0.000000 
  0.051863  -0.004505   0.238427   0.003667   0.006761  -0.004011  -0.000029  -0.191111   0.059465  -0.016501   0.006417   0.000000 
  0.051797   0.109233   0.203488  -0.009969  -0.003953  -0.004011  -0.000066   0.113738  -0.034939  -0.013636  -0.010714   0.000000 
  0.051793   0.179634   0.191680  -0.013465  -0.013923   0.000401  -0.000004   0.070401  -0.011808  -0.003496  -0.009970   0.004412 
  0.051635   0.102527   0.231553  -0.034206  -0.016329   0.000057  -0.000158  -0.077107   0.039873  -0.020741  -0.002406  -0.000344 
  0.069962  -0.005526   0.267312   0.000859  -0.015871  -0.011746   0.018327  -0.108053   0.035759   0.035065   0.000458  -0.011803 
  0.064063   0.196492   0.229138  -0.012605  -0.017246  -0.004011  -0.005899   0.202018  -0.038174  -0.013464  -0.001375   0.007735 
  0.051606   0.196020   0.219063   0.014267  -0.018507  -0.004011  -0.012457  -0.000472  -0.010075   0.026872  -0.001261   0.000000 
  0.057492  -0.002587   0.279782   0.004870  -0.005386  -0.013407   0.005886  -0.198607   0.060719  -0.009397   0.013121  -0.009396 
  0.062663   0.131277   0.267804  -0.003953  -0.012777  -0.004011   0.005171   0.133864  -0.011978  -0.008823  -0.007391   0.009396 
  0.063009   0.177194   0.233520  -0.001948  -0.004469   0.000172   0.000346   0.045917  -0.034284   0.002005   0.008308   0.004183 
  0.077445   0.017423   0.328173  -0.053915  -0.003438   0.006073   0.014436  -0.159771   0.094653  -0.051967   0.001031   0.005901 
  0.070278   0.093423   0.310766  -0.064515  -0.018048   0.009167  -0.007167   0.076000  -0.017407  -0.010600  -0.014610   0.003094 
  0.063943   0.199106   0.270184  -0.050191  -0.021601  -0.004011  -0.006335   0.105683  -0.040582   0.014324  -0.003553  -0.013178 
  0.060732   0.102000   0.265907  -0.041138  -0.010485   0.002292  -0.003211  -0.097106  -0.004277   0.009053   0.011116   0.006303 
  0.070006  -0.001810   0.284881  -0.010657  -0.017189  -0.018335   0.009274  -0.103810   0.018974   0.030481  -0.006704  -0.020627 
  0.059729   0.170361   0.249118  -0.033633  -0.019939  -0.000401  -0.010277   0.172171  -0.035763  -0.022976  -0.002750   0.017934 
  0.059845   0.139866   0.225718  -0.030424  -0.017189  -0.004011   0.000116  -0.030495  -0.023400   0.003209   0.002750  -0.003610 
  0.071201   0.004300   0.298251  -0.025096  -0.003552   0.003953   0.011356  -0.135566   0.072533   0.005328   0.013637   0.007964 
  0.073035   0.085606   0.266964  -0.046925  -0.008594   0.009912   0.001834   0.081306  -0.031287  -0.021829  -0.005042   0.005959 
  0.059913   0.209719   0.232069  -0.028591  -0.013522   0.002979  -0.013122   0.124113  -0.034895   0.018334  -0.004928  -0.006933 
  0.067442   0.020096   0.292370  -0.019882  -0.008193   0.005443   0.007529  -0.189623   0.060301   0.008709   0.005329   0.002464 
  0.059709   0.088520   0.252854  -0.011058  -0.018105   0.000573  -0.007733   0.068424  -0.039516   0.008824  -0.009912  -0.004870 
  0.050174   0.204746   0.227469  -0.008824  -0.007506   0.002349  -0.009535   0.116226  -0.025385   0.002234   0.010599   0.001776 
  0.047024   0.023527   0.266655  -0.022976  -0.014668  -0.004011  -0.003150  -0.181219   0.039186  -0.014152  -0.007162  -0.006360 
  0.046926   0.036590   0.244400  -0.006875  -0.022288  -0.004011  -0.000098   0.013063  -0.022255   0.016101  -0.007620   0.000000 
  0.041503   0.198320   0.187937  -0.025669  -0.055348  -0.016558  -0.005423   0.161730  -0.056463  -0.018794  -0.033060  -0.012547 
  0.046909   0.048122   0.218333  -0.015871  -0.030768  -0.004011   0.005406  -0.150198   0.030396   0.009798   0.024580   0.012547 
  0.066522  -0.006954   0.196634   0.016387  -0.010714  -0.004011   0.019613  -0.055076  -0.021699   0.032258   0.020054   0.000000 
  0.046998   0.190145   0.139860  -0.000286  -0.033174  -0.000859  -0.019524   0.197099  -0.056774  -0.016673  -0.022460   0.003152 
  0.061244   0.162509   0.208817  -0.021601  -0.021429   0.007964   0.014246  -0.027636   0.068957  -0.021315   0.011745   0.008823 
  0.093161  -0.015330   0.155514   0.024236  -0.009454   0.002464   0.031917  -0.177839  -0.053303   0.045837   0.011975  -0.005500 
  0.111867  -0.009711   0.306139   0.015527  -0.012089   0.003839   0.018706   0.005619   0.150625  -0.008709  -0.002635   0.001375 
  0.134507  -0.130734   0.638272   0.060275  -0.019996  -0.002464   0.022640  -0.121023   0.332133   0.044748  -0.007907  -0.006303 
  0.124632   0.145179   0.201272   0.069672  -0.004125   0.023892  -0.009875   0.275913  -0.437000   0.009397   0.015871   0.026356 
  0.093609   0.290351   0.077372  -0.001089   0.008422   0.027674  -0.031023   0.145172  -0.123900  -0.070761   0.012547   0.003782 
  0.090507   0.150961   0.092993  -0.018965  -0.057754  -0.005157  -0.003102  -0.139390   0.015621  -0.017876  -0.066176  -0.032831 
  0.101272   0.145750   0.013272   0.004927  -0.051566   0.014496   0.010765  -0.005211  -0.079721   0.023892   0.006188   0.019653 
  0.082507   0.094513   0.124364  -0.018392  -0.088923  -0.010141  -0.018765  -0.051237   0.111092  -0.023319  -0.037357  -0.024637 
  0.087389   0.129054   0.134997  -0.037873  -0.102158  -0.020397   0.004882   0.034541   0.010633  -0.019481  -0.013235  -0.010256 
  0.094210   0.135619   0.119462  -0.037873  -0.097861  -0.025153   0.006821   0.006565  -0.015535   0.000000   0.004297  -0.004756 
  0.104671   0.153960   0.128843  -0.037873  -0.099294  -0.023033   0.010461   0.018341   0.009381   0.000000  -0.001433   0.002120 
  0.115200   0.141325   0.146534  -0.037873  -0.113159  -0.029450   0.010529  -0.012635   0.017691   0.000000  -0.013865  -0.006417 
  0.117901   0.139446   0.155410  -0.030367  -0.101986  -0.029335   0.002701  -0.001879   0.008876   0.007506   0.011173   0.000115 
  0.111489   0.120272   0.184621  -0.037873  -0.114076  -0.033346  -0.006412  -0.019174   0.029211  -0.007506  -0.012090  -0.004011 
  0.125062   0.150109   0.181254  -0.016215  -0.077808  -0.025439   0.013573   0.029837  -0.003367   0.021658   0.036268   0.007907 
  0.122972   0.140512   0.177950  -0.037873  -0.086345  -0.025439  -0.002090  -0.009597  -0.003304  -0.021658  -0.008537   0.000000 
  0.108954   0.082837   0.172207  -0.103992  -0.108747  -0.030481  -0.014018  -0.057675  -0.005743  -0.066119  -0.022402  -0.005042 
  0.118646  -0.033413   0.233976  -0.001662  -0.101643  -0.031455   0.009692  -0.116250   0.061769   0.102330   0.007104  -0.000974 
  0.118605   0.203406   0.205803  -0.030768  -0.097689  -0.020054  -0.000041   0.236819  -0.028173  -0.029106   0.003954   0.011401 
  0.123868   0.146223   0.161556  -0.035695  -0.102674  -0.018678   0.005263  -0.057183  -0.044247  -0.004927  -0.004985   0.001376 
  0.134536  -0.073994   0.327419   0.025955  -0.115508  -0.026643   0.010668  -0.220217   0.165863   0.061650  -0.012834  -0.007965 
  0.124586   0.213547   0.229679  -0.004813  -0.120550  -0.009397  -0.009950   0.287541  -0.097740  -0.030768  -0.005042   0.017246 
  0.125389   0.214651   0.202545   0.004985  -0.120550  -0.024465   0.000803   0.001104  -0.027134   0.009798   0.000000  -0.015068 
  0.118397   0.086707   0.230400   0.002750  -0.123988  -0.024064  -0.006992  -0.127944   0.027855  -0.002235  -0.003438   0.000401 
  0.114171   0.005557   0.246260   0.005042  -0.124332  -0.030138  -0.004226  -0.081150   0.015860   0.002292  -0.000344  -0.006074 
  0.104238   0.198500   0.213765   0.000802  -0.133041  -0.021429  -0.009933   0.192943  -0.032495  -0.004240  -0.008709   0.008709 
  0.105337   0.151718   0.187880   0.001375  -0.133900  -0.031054   0.001099  -0.046782  -0.025885   0.000573  -0.000859  -0.009625 
  0.111140   0.110739   0.211123  -0.009568  -0.113789  -0.028992   0.005803  -0.040979   0.023243  -0.010943   0.020111   0.002062 
  0.118072   0.017631   0.234877  -0.003782  -0.128113  -0.020569   0.006932  -0.093108   0.023754   0.005786  -0.014324   0.008423 
  0.117992   0.163738   0.215253   0.007334  -0.135275  -0.027846  -0.000080   0.146107  -0.019624   0.011116  -0.007162  -0.007277 
  0.118281   0.159860   0.200516   0.000344  -0.121123  -0.029679   0.000289  -0.003878  -0.014737  -0.006990   0.014152  -0.001833 
  0.111086   0.070986   0.242592   0.003839  -0.115165  -0.030138  -0.007195  -0.088874   0.042076   0.003495   0.005958  -0.000459 
  0.115990  -0.015791   0.304853   0.022231  -0.106341  -0.028877   0.004904  -0.086777   0.062261   0.018392   0.008824   0.001261 
  0.115484   0.205421   0.233475   0.003839  -0.123587  -0.026241  -0.000506   0.221212  -0.071378  -0.018392  -0.017246   0.002636 
  0.114082   0.162694   0.196740   0.000344  -0.106971  -0.013178  -0.001402  -0.042727  -0.036735  -0.003495   0.016616   0.013063 
  0.115307  -0.015130   0.274693   0.000344  -0.116139  -0.027330   0.001225  -0.177824   0.077953   0.000000  -0.009168  -0.014152 
  0.113309   0.128162   0.224916   0.000344  -0.109664  -0.008995  -0.001998   0.143292  -0.049777   0.000000   0.006475   0.018335 
  0.118391   0.202788   0.204839   0.008021  -0.114190  -0.008995   0.005082   0.074626  -0.020077   0.007677  -0.004526   0.000000 
  0.120640   0.149350   0.204970   0.000344  -0.107544  -0.008995   0.002249  -0.053438   0.000131  -0.007677   0.006646   0.000000 
  0.114105  -0.004520   0.211596   0.015986  -0.103362  -0.008995  -0.006535  -0.153870   0.006626   0.015642   0.004182   0.000000 
  0.112053   0.163017   0.150585   0.003610  -0.097116  -0.008995  -0.002052   0.167537  -0.061011  -0.012376   0.006246   0.000000 
  0.119046   0.202854   0.147376   0.003610  -0.088465  -0.008995   0.006993   0.039837  -0.003209   0.000000   0.008651   0.000000 
  0.116330   0.121102   0.143011   0.017991  -0.083251  -0.008995  -0.002716  -0.081752  -0.004365   0.014381   0.005214   0.000000 
  0.116532   0.008040   0.184081  -0.002693  -0.097747  -0.008995   0.000202  -0.113062   0.041070  -0.020684  -0.014496   0.000000 
  0.112834   0.139025   0.164031   0.003610  -0.106513  -0.023319  -0.003698   0.130985  -0.020050   0.006303  -0.008766  -0.014324 
  0.118589   0.182898   0.186733   0.003610  -0.104966  -0.008995   0.005755   0.043873   0.022702   0.000000   0.001547   0.014324 
  0.114652   0.122405   0.177784   0.021772  -0.104049  -0.008995  -0.003937  -0.060493  -0.008949   0.018162   0.000917   0.000000 
  0.112571   0.010859   0.212490   0.010256  -0.087147   0.000000  -0.002081  -0.111546   0.034706  -0.011516   0.016902   0.008995 
