  0.000000   0.000000   0.000000   0.000000   0.000000   0.000000   0.000000   0.000000   0.000000   0.000000   0.000000   0.000000 
  0.000029   0.000206   0.005414  -0.020111   0.005042   0.000000   0.000029   0.000206   0.005414  -0.020111   0.005042   0.000000 
  0.000000   0.087580   0.021853  -0.025325   0.000000   0.000000  -0.000029   0.087374   0.016439  -0.005214  -0.005042   0.000000 
  0.000000   0.093763   0.034279  -0.015642   0.000000   0.000000   0.000000   0.006183   0.012426   0.009683   0.000000   0.000000 
  0.000048   0.052454   0.089368  -0.039133   0.004011   0.000000   0.000048  -0.041309   0.055089  -0.023491   0.004011   0.000000 
  0.000000   0.013984   0.096684  -0.005730   0.000000   0.000000  -0.000048  -0.038470   0.007316   0.033403  -0.004011   0.000000 
  0.010135   0.137205   0.110053  -0.011230   0.014439   0.005157   0.010135   0.123221   0.013369  -0.005500   0.014439   0.005157 
  0.000210   0.111583   0.120146  -0.026814   0.018850   0.009167  -0.009925  -0.025622   0.010093  -0.015584   0.004411   0.004010 
  0.000381   0.060877   0.150653  -0.060390   0.025611   0.007678   0.000171  -0.050706   0.030507  -0.033576   0.006761  -0.001489 
  0.005168   0.029784   0.170827  -0.079297   0.021772   0.001261   0.004787  -0.031093   0.020174  -0.018907  -0.003839  -0.006417 
  0.000316   0.087249   0.175500  -0.100382   0.018908   0.002406  -0.004852   0.057465   0.004673  -0.021085  -0.002864   0.001145 
  0.000263   0.095970   0.164404  -0.100325   0.025325   0.001432  -0.000053   0.008721  -0.011096   0.000057   0.006417  -0.000974 
  0.005603   0.086802   0.121943  -0.033690   0.020397   0.004068   0.005340  -0.009168  -0.042461   0.066635  -0.004928   0.002636 
  0.000112   0.046468   0.146863  -0.078610   0.005214  -0.003037  -0.005491  -0.040334   0.024920  -0.044920  -0.015183  -0.007105 
  0.007860   0.095901   0.132766  -0.096887   0.018449   0.000573   0.007748   0.049433  -0.014097  -0.018277   0.013235   0.003610 
  0.005292   0.115960   0.142900  -0.111154   0.023663   0.004469  -0.002568   0.020059   0.010134  -0.014267   0.005214   0.003896 
  0.004179   0.077171   0.114142  -0.115050   0.018564  -0.010829  -0.001113  -0.038789  -0.028758  -0.003896  -0.005099  -0.015298 
 -0.018538   0.108838   0.002163   0.120321  -0.054546  -0.112701  -0.022717   0.031667  -0.111979   0.235371  -0.073110  -0.101872 
 -0.044628   0.233208  -0.124278   0.066692  -0.082621  -0.104966  -0.026090   0.124370  -0.126441  -0.053629  -0.028075   0.007735 
 -0.020741   0.192249  -0.166817   0.034377  -0.056952  -0.052426   0.023887  -0.040959  -0.042539  -0.032315   0.025669   0.052540 
 -0.015867   0.227955  -0.200658   0.200879  -0.063255  -0.009511   0.004874   0.035706  -0.033841   0.166502  -0.006303   0.042915 
 -0.006085   0.200611  -0.202099   0.332602  -0.094022  -0.050879   0.009782  -0.027344  -0.001441   0.131723  -0.030767  -0.041368 
 -0.002626   0.413576  -0.336413   0.939880  -0.136708  -0.147365   0.003459   0.212965  -0.134314   0.607278  -0.042686  -0.096486 
 -0.005042   0.410650  -0.414783   1.082718  -0.121467  -0.135218  -0.002416  -0.002926  -0.078370   0.142838   0.015241   0.012147 
 -0.002244   0.195145  -0.365320   0.558920  -0.092762  -0.089152   0.002798  -0.215505   0.049463  -0.523798   0.028705   0.046066 
 -0.001930   0.238138  -0.256355   0.437511  -0.101815  -0.095397   0.000314   0.042993   0.108965  -0.121409  -0.009053  -0.006245 
 -0.002024   0.279676  -0.142988   0.304069  -0.069786  -0.096085  -0.000094   0.041538   0.113367  -0.133442   0.032029  -0.000688 
 -0.008640   0.165931  -0.097504   0.229813  -0.088980  -0.083193  -0.006616  -0.113745   0.045484  -0.074256  -0.019194   0.012892 
 -0.010178   0.185195  -0.114834   0.074255  -0.079527  -0.050306  -0.001538   0.019264  -0.017330  -0.155558   0.009453   0.032887 
 -0.008967   0.233481  -0.127121   0.069442  -0.054775  -0.031799   0.001211   0.048286  -0.012287  -0.004813   0.024752   0.018507 
 -0.006869   0.220757  -0.111854   0.010943  -0.057124  -0.043201   0.002098  -0.012724   0.015267  -0.058499  -0.002349  -0.011402 
 -0.007988   0.115266  -0.131799  -0.034721  -0.058556  -0.050592  -0.001119  -0.105491  -0.019945  -0.045664  -0.001432  -0.007391 
 -0.004660   0.227451  -0.136366  -0.042112  -0.059129  -0.054431   0.003328   0.112185  -0.004567  -0.007391  -0.000573  -0.003839 
 -0.005596   0.216676  -0.152141  -0.050592  -0.056150  -0.058671  -0.000936  -0.010775  -0.015775  -0.008480   0.002979  -0.004240 
 -0.010513   0.240755  -0.319711   0.710238   0.015928  -0.091215  -0.004917   0.024079  -0.167570   0.760830   0.072078  -0.032544 
  0.008847   0.254785   0.045460   0.652599  -0.020798  -0.091158   0.019360   0.014030   0.365171  -0.057639  -0.036726   0.000057 
  0.020202   0.286845   0.012061   0.442037  -0.034893  -0.064630   0.011355   0.032060  -0.033399  -0.210562  -0.014095   0.026528 
  0.015021   0.216423  -0.004273   0.325211  -0.028304  -0.041769  -0.005181  -0.070422  -0.016334  -0.116826   0.006589   0.022861 
  0.019023   0.163863  -0.013371   0.342571  -0.021715  -0.046352   0.004002  -0.052560  -0.009098   0.017360   0.006589  -0.004583 
  0.015267   0.267706  -0.035204   0.311517  -0.021715  -0.049274  -0.003756   0.103843  -0.021833  -0.031054   0.000000  -0.002922 
  0.017454   0.285634  -0.038059   0.311517  -0.021772  -0.053743   0.002187   0.017928  -0.002855   0.000000  -0.000057  -0.004469 
  0.018135   0.237955  -0.028677   0.293584  -0.037185  -0.060848   0.000681  -0.047679   0.009382  -0.017933  -0.015413  -0.007105 
  0.020370   0.172244  -0.028738   0.285505  -0.034034  -0.047899   0.002235  -0.065711  -0.000061  -0.008079   0.003151   0.012949 
  0.017405   0.255148  -0.037323   0.288656  -0.032086  -0.050821  -0.002965   0.082904  -0.008585   0.003151   0.001948  -0.002922 
  0.017601   0.285725  -0.034177   0.306704  -0.025611  -0.047384   0.000196   0.030577   0.003146   0.018048   0.006475   0.003437 
  0.015831   0.245063  -0.050192   0.279947  -0.021772  -0.051967  -0.001770  -0.040662  -0.016015  -0.026757   0.003839  -0.004583 
  0.017022   0.163150  -0.051574   0.264993  -0.013866  -0.036497   0.001191  -0.081913  -0.001382  -0.014954   0.007906   0.015470 
  0.014414   0.194471  -0.066928   0.294443   0.004183  -0.032773  -0.002608   0.031321  -0.015354   0.029450   0.018049   0.003724 
  0.013629   0.289084  -0.062289   0.293813   0.004125  -0.036497  -0.000785   0.094613   0.004639  -0.000630  -0.000058  -0.003724 
  0.011096   0.234530  -0.062428   0.318622  -0.015986  -0.036555  -0.002533  -0.054554  -0.000139   0.024809  -0.020111  -0.000058 
  0.013384   0.155043  -0.052294   0.298740  -0.018105  -0.036497   0.002288  -0.079487   0.010134  -0.019882  -0.002119   0.000058 
 -0.003631   0.254695  -0.070991   0.333404  -0.028361  -0.036497  -0.017015   0.099652  -0.018697   0.034664  -0.010256   0.000000 
 -0.024517   0.304524  -0.078000   0.320112  -0.031627  -0.036497  -0.020886   0.049829  -0.007009  -0.013292  -0.003266   0.000000 
 -0.024611   0.234817  -0.075247   0.325555  -0.028934  -0.036497  -0.000094  -0.069707   0.002753   0.005443   0.002693   0.000000 
 -0.023623   0.184535  -0.063108   0.281208  -0.028762  -0.036497   0.000988  -0.050282   0.012139  -0.044347   0.000172   0.000000 
 -0.012326   0.304662  -0.070881   0.304642  -0.021944  -0.022173   0.011297   0.120127  -0.007773   0.023434   0.006818   0.014324 
 -0.012526   0.261979  -0.052913   0.263160  -0.030653  -0.036497  -0.000200  -0.042683   0.017968  -0.041482  -0.008709  -0.014324 
 -0.014275   0.181239  -0.044841   0.282525  -0.023549  -0.036497  -0.001749  -0.080740   0.008072   0.019365   0.007104   0.000000 
 -0.012806   0.255029  -0.066232   0.304642  -0.025898  -0.036497   0.001469   0.073790  -0.021391   0.022117  -0.002349   0.000000 
 -0.005825   0.295070  -0.045750   0.281208   0.004125  -0.026986   0.006981   0.040041   0.020482  -0.023434   0.030023   0.009511 
 -0.000679   0.184945   0.002509   0.269347  -0.007448  -0.048186   0.005146  -0.110125   0.048259  -0.011861  -0.011573  -0.021200 
  0.002889   0.141546   0.026925   0.245627  -0.022403  -0.052598   0.003568  -0.043399   0.024416  -0.023720  -0.014955  -0.004412 
  0.003894   0.275473  -0.004530   0.317705  -0.017590  -0.053629   0.001005   0.133927  -0.031455   0.072078   0.004813  -0.001031 
  0.002338   0.262912  -0.016409   0.316846  -0.021199  -0.050764  -0.001556  -0.012561  -0.011879  -0.000859  -0.003609   0.002865 
  0.005308   0.196663  -0.015282   0.304871  -0.019824  -0.047785   0.002970  -0.066249   0.001127  -0.011975   0.001375   0.002979 
  0.005024   0.162482   0.009030   0.277254  -0.017762  -0.050707  -0.000284  -0.034181   0.024312  -0.027617   0.002062  -0.002922 
  0.008720   0.205620   0.018324   0.293125  -0.016157  -0.041826   0.003696   0.043138   0.009294   0.015871   0.001605   0.008881 
  0.008267   0.302302   0.001643   0.308538  -0.024580  -0.047498  -0.000453   0.096682  -0.016681   0.015413  -0.008423  -0.005672 
  0.008039   0.283185  -0.015295   0.299428  -0.028304  -0.048816  -0.000228  -0.019117  -0.016938  -0.009110  -0.003724  -0.001318 
  0.005422   0.262465  -0.033146   0.292953  -0.026299  -0.048415  -0.002617  -0.020720  -0.017851  -0.006475   0.002005   0.000401 
  0.012692   0.173861  -0.020927   0.279546  -0.022918  -0.037873   0.007270  -0.088604   0.012219  -0.013407   0.003381   0.010542 
  0.006720   0.239260  -0.023771   0.252273  -0.026929  -0.052598  -0.005972   0.065399  -0.002844  -0.027273  -0.004011  -0.014725 
  0.007074   0.263430  -0.025489   0.268889  -0.021772  -0.039878   0.000354   0.024170  -0.001718   0.016616   0.005157   0.012720 
  0.013234   0.212614  -0.021314   0.275765  -0.023377  -0.048530   0.006160  -0.050816   0.004175   0.006876  -0.001605  -0.008652 
  0.005725   0.147861  -0.009045   0.238350  -0.025611  -0.045493  -0.007509  -0.064753   0.012269  -0.037415  -0.002234   0.003037 
  0.005051   0.253980  -0.019856   0.222709  -0.033174  -0.053228  -0.000674   0.106119  -0.010811  -0.015641  -0.007563  -0.007735 
  0.005558   0.235087  -0.026628   0.267228  -0.028762  -0.049504   0.000507  -0.018893  -0.006772   0.044519   0.004412   0.003724 
  0.005764   0.155831  -0.008990   0.253477  -0.025955  -0.039821   0.000206  -0.079256   0.017638  -0.013751   0.002807   0.009683 
  0.005112   0.250663  -0.011169   0.250956  -0.039992  -0.048472  -0.000652   0.094832  -0.002179  -0.002521  -0.014037  -0.008651 
  0.003338   0.235132  -0.000095   0.212510  -0.028018  -0.055061  -0.001774  -0.015531   0.011074  -0.038446   0.011974  -0.006589 
  0.008062   0.124860  -0.005054   0.203686  -0.027559  -0.061822   0.004724  -0.110272  -0.004959  -0.008824   0.000459  -0.006761 
  0.004848   0.206442  -0.015699   0.203056  -0.030768  -0.062682  -0.003214   0.081582  -0.010645  -0.000630  -0.003209  -0.000860 
  0.007916   0.255215  -0.033815   0.262873  -0.031283  -0.061249   0.003068   0.048773  -0.018116   0.059817  -0.000515   0.001433 
  0.011143   0.162229  -0.019668   0.214000  -0.030711  -0.048472   0.003227  -0.092986   0.014147  -0.048873   0.000572   0.012777 
  0.011992   0.170144  -0.014438   0.225631  -0.030424  -0.039821   0.000849   0.007915   0.005230   0.011631   0.000287   0.008651 
  0.009806   0.279464  -0.015768   0.236632  -0.035924  -0.059530  -0.002186   0.109320  -0.001330   0.011001  -0.005500  -0.019709 
  0.007089   0.187664  -0.005964   0.194405  -0.043946  -0.060848  -0.002717  -0.091800   0.009804  -0.042227  -0.008022  -0.001318 
  0.012340   0.125775  -0.011591   0.194118  -0.037758  -0.060562   0.005251  -0.061889  -0.005627  -0.000287   0.006188   0.000286 
  0.006821   0.252389  -0.020825   0.195264  -0.034492  -0.061077  -0.005519   0.126614  -0.009234   0.001146   0.003266  -0.000515 
  0.007505   0.207282  -0.011387   0.177388  -0.026814  -0.069614   0.000684  -0.045107   0.009438  -0.017876   0.007678  -0.008537 
  0.009147   0.125208  -0.005726   0.166960  -0.036956  -0.056035   0.001642  -0.082074   0.005661  -0.010428  -0.010142   0.013579 
  0.008299   0.211111  -0.019396   0.199275  -0.035523  -0.069385  -0.000848   0.085903  -0.013670   0.032315   0.001433  -0.013350 
  0.009320   0.251150  -0.004515   0.198816  -0.035180  -0.048587   0.001021   0.040039   0.014881  -0.000459   0.000343   0.020798 
  0.005540   0.125946  -0.001922   0.186555  -0.037987  -0.049504  -0.003780  -0.125204   0.002593  -0.012261  -0.002807  -0.000917 
  0.009197   0.163884  -0.008366   0.190337  -0.037185  -0.055806   0.003657   0.037938  -0.006444   0.003782   0.000802  -0.006302 
  0.011333   0.292212  -0.082445   0.222823  -0.046410  -0.051566   0.002136   0.128328  -0.074079   0.032486  -0.009225   0.004240 
  0.011132   0.229549  -0.088364   0.238064  -0.029278  -0.039821  -0.000201  -0.062663  -0.005919   0.015241   0.017132   0.011745 
  0.013879   0.127683  -0.085389   0.220302  -0.045436  -0.039821   0.002747  -0.101866   0.002975  -0.017762  -0.016158   0.000000 
  0.012229   0.235445  -0.095982   0.238522  -0.043659  -0.049045  -0.001650   0.107762  -0.010593   0.018220   0.001777  -0.009224 
  0.010807   0.266755  -0.085929   0.210562  -0.049446  -0.058614  -0.001422   0.031310   0.010053  -0.027960  -0.005787  -0.009569 
  0.013453   0.195503  -0.093667   0.203171  -0.049389  -0.055290   0.002646  -0.071252  -0.007738  -0.007391   0.000057   0.003324 
  0.018025   0.118342  -0.082467   0.172976  -0.034779  -0.051165   0.004572  -0.077161   0.011200  -0.030195   0.014610   0.004125 
  0.014644   0.258704  -0.109278   0.231418  -0.042972  -0.054717  -0.003381   0.140362  -0.026811   0.058442  -0.008193  -0.003552 
  0.012694   0.276781  -0.087590   0.216177  -0.029278  -0.039878  -0.001950   0.018077   0.021688  -0.015241   0.013694   0.014839 
  0.017786   0.148336  -0.085876   0.210333  -0.049045  -0.047498   0.005092  -0.128445   0.001714  -0.005844  -0.019767  -0.007620 
  0.016885   0.197192  -0.102638   0.207583  -0.029278  -0.043201  -0.000901   0.048856  -0.016762  -0.002750   0.019767   0.004297 
  0.016356   0.259755  -0.102867   0.208958  -0.042284  -0.052368  -0.000529   0.062563  -0.000229   0.001375  -0.013006  -0.009167 
  0.016669   0.206881  -0.094063   0.217724  -0.029278  -0.043545   0.000313  -0.052874   0.008804   0.008766   0.013006   0.008823 
  0.015876   0.128600  -0.069520   0.164840  -0.049905  -0.044404  -0.000793  -0.078281   0.024543  -0.052884  -0.020627  -0.000859 
  0.013634   0.215986  -0.089636   0.217094  -0.039878  -0.045034  -0.002242   0.087386  -0.020116   0.052254   0.010027  -0.000630 
  0.015123   0.227361  -0.084286   0.185696  -0.057353  -0.039821   0.001489   0.011375   0.005350  -0.031398  -0.017475   0.005213 
  0.015681   0.191299  -0.091450   0.213369  -0.041941  -0.045436   0.000558  -0.036062  -0.007164   0.027673   0.015412  -0.005615 
  0.018326   0.135733  -0.095696   0.208671  -0.039935  -0.039878   0.002645  -0.055566  -0.004246  -0.004698   0.002006   0.005558 
  0.017841   0.226430  -0.101104   0.210161  -0.049962  -0.047097  -0.000485   0.090697  -0.005408   0.001490  -0.010027  -0.007219 
  0.017329   0.235776  -0.092642   0.205577  -0.042513  -0.049733  -0.000512   0.009346   0.008462  -0.004584   0.007449  -0.002636 
  0.018977   0.203269  -0.095763   0.213369  -0.047727  -0.063083   0.001648  -0.032507  -0.003121   0.007792  -0.005214  -0.013350 
  0.022473   0.128461  -0.102630   0.196467  -0.059301  -0.057468   0.003496  -0.074808  -0.006867  -0.016902  -0.011574   0.005615 
  0.017867   0.239370  -0.100375   0.213369  -0.049102  -0.048128  -0.004606   0.110909   0.002255   0.016902   0.010199   0.009340 
  0.014741   0.236739  -0.081917   0.176929  -0.045951  -0.047670  -0.003126  -0.002631   0.018458  -0.036440   0.003151   0.000458 
  0.014866   0.178047  -0.090886   0.190967  -0.052025  -0.045436   0.000125  -0.058692  -0.008969   0.014038  -0.006074   0.002234 
  0.016738   0.150919  -0.098917   0.171830  -0.053572  -0.045951   0.001872  -0.027128  -0.008031  -0.019137  -0.001547  -0.000515 
  0.014279   0.245444  -0.097807   0.171314  -0.042170  -0.046123  -0.002459   0.094525   0.001110  -0.000516   0.011402  -0.000172 
  0.013117   0.213683  -0.088871   0.146448  -0.059244  -0.039878  -0.001162  -0.031761   0.008936  -0.024866  -0.017074   0.006245 
  0.018164   0.124775  -0.088675   0.150745  -0.039763  -0.044003   0.005047  -0.088908   0.000196   0.004297   0.019481  -0.004125 
  0.014010   0.210189  -0.090807   0.153896  -0.052655  -0.051681  -0.004154   0.085414  -0.002132   0.003151  -0.012892  -0.007678 
  0.013382   0.225786  -0.067314   0.129488  -0.052082  -0.046180  -0.000628   0.015597   0.023493  -0.024408   0.000573   0.005501 
  0.012351   0.132830  -0.066992   0.123358  -0.040164  -0.049274  -0.001031  -0.092956   0.000322  -0.006130   0.011918  -0.003094 
  0.012897   0.173648  -0.091367   0.141234  -0.045436  -0.039878   0.000546   0.040818  -0.024375   0.017876  -0.005272   0.009396 
  0.013944   0.240503  -0.104736   0.156074  -0.061192  -0.051051   0.001047   0.066855  -0.013369   0.014840  -0.015756  -0.011173 
  0.014877   0.187686  -0.095180   0.131780  -0.065203  -0.061765   0.000933  -0.052817   0.009556  -0.024294  -0.004011  -0.010714 
  0.016083   0.128602  -0.097541   0.145990  -0.059129  -0.059989   0.001206  -0.059084  -0.002361   0.014210   0.006074   0.001776 
  0.013844   0.242181  -0.108151   0.154527  -0.061077  -0.051509  -0.002239   0.113579  -0.010610   0.008537  -0.001948   0.008480 
  0.015975   0.209531  -0.091136   0.127139  -0.061421  -0.058442   0.002131  -0.032650   0.017015  -0.027388  -0.000344  -0.006933 
  0.018040   0.112234  -0.083566   0.119233  -0.063083  -0.053514   0.002065  -0.097297   0.007570  -0.007906  -0.001662   0.004928 
  0.016250   0.192573  -0.092934   0.151948  -0.045550  -0.039821  -0.001790   0.080339  -0.009368   0.032715   0.017533   0.013693 
  0.014288   0.250121  -0.103625   0.110810  -0.066750  -0.055004  -0.001962   0.057548  -0.010691  -0.041138  -0.021200  -0.015183 
  0.013118   0.146630  -0.105676   0.096543  -0.054145  -0.039878  -0.001170  -0.103491  -0.002051  -0.014267   0.012605   0.015126 
  0.013047   0.135292  -0.079026   0.052884  -0.056837  -0.039878  -0.000071  -0.011338   0.026650  -0.043659  -0.002692   0.000000 
  0.007844   0.196734  -0.017168   0.029966  -0.023950  -0.021887  -0.005203   0.061442   0.061858  -0.022918   0.032887   0.017991 
  0.006448   0.129246  -0.021071  -0.012433  -0.018220  -0.021199  -0.001396  -0.067488  -0.003903  -0.042399   0.005730   0.000688 
  0.011269   0.080530  -0.036933  -0.016387  -0.029278  -0.031398   0.004821  -0.048716  -0.015862  -0.003954  -0.011058  -0.010199 
  0.010957   0.206392  -0.050457  -0.016387  -0.043144  -0.031112  -0.000312   0.125862  -0.013524   0.000000  -0.013866   0.000286 
  0.013700   0.220372  -0.031413  -0.016387  -0.029278  -0.031112   0.002743   0.013980   0.019044   0.000000   0.013866   0.000000 
  0.011557   0.110890  -0.024150   0.000859  -0.029278  -0.034549  -0.002143  -0.109482   0.007263   0.017246   0.000000  -0.003437 
  0.012399   0.120824  -0.021570   0.008422  -0.029278  -0.014725   0.000842   0.009934   0.002580   0.007563   0.000000   0.019824 
  0.012017   0.242117  -0.038702  -0.001547  -0.041425  -0.030882  -0.000382   0.121293  -0.017132  -0.009969  -0.012147  -0.016157 
  0.010750   0.211514  -0.022886  -0.011402  -0.029278  -0.024981  -0.001267  -0.030603   0.015816  -0.009855   0.012147   0.005901 
  0.013543   0.123323  -0.023177  -0.001261  -0.029278  -0.014782   0.002793  -0.088191  -0.000291   0.010141   0.000000   0.010199 
  0.014176   0.110561  -0.028963  -0.010371  -0.032258  -0.035695   0.000633  -0.012762  -0.005786  -0.009110  -0.002980  -0.020913 
  0.011516   0.216494  -0.015246  -0.000057  -0.029278  -0.029794  -0.002660   0.105933   0.013717   0.010314   0.002980   0.005901 
  0.018241   0.194854  -0.016136  -0.017246  -0.029278  -0.036669   0.006725  -0.021640  -0.000890  -0.017189   0.000000  -0.006875 
  0.016545   0.109727  -0.013155  -0.051967  -0.029335  -0.036612  -0.001696  -0.085127   0.002981  -0.034721  -0.000057   0.000057 
  0.016100   0.120545  -0.019371  -0.046983  -0.014954  -0.027903  -0.000445   0.010818  -0.006216   0.004984   0.014381   0.008709 
  0.011635   0.192033  -0.023626  -0.037242  -0.029278  -0.026814  -0.004465   0.071488  -0.004255   0.009741  -0.014324   0.001089 
  0.016001   0.112814  -0.022042  -0.020225  -0.022345  -0.023606   0.004366  -0.079219   0.001584   0.017017   0.006933   0.003208 
  0.013157   0.106779  -0.017933  -0.014496  -0.016501  -0.014782  -0.002844  -0.006035   0.004109   0.005729   0.005844   0.008824 
  0.011142   0.235349  -0.020571  -0.002922  -0.023892  -0.020970  -0.002015   0.128570  -0.002638   0.011574  -0.007391  -0.006188 
  0.014356   0.205678  -0.033499  -0.016387  -0.029278  -0.027617   0.003214  -0.029671  -0.012928  -0.013465  -0.005386  -0.006647 
  0.015079   0.092049  -0.031890  -0.016673  -0.029278  -0.022059   0.000723  -0.113629   0.001609  -0.000286   0.000000   0.005558 
  0.013164   0.182445  -0.037621  -0.025726  -0.039190  -0.026643  -0.001915   0.090396  -0.005731  -0.009053  -0.009912  -0.004584 
  0.009743   0.200066  -0.018840  -0.010829  -0.019481  -0.014782  -0.003421   0.017621   0.018781   0.014897   0.019709   0.011861 
  0.012000   0.136362  -0.021322  -0.021543  -0.029278  -0.023205   0.002257  -0.063704  -0.002482  -0.010714  -0.009797  -0.008423 
  0.012600   0.136269  -0.050479  -0.058442  -0.053801  -0.042342   0.000600  -0.000093  -0.029157  -0.036899  -0.024523  -0.019137 
  0.008741   0.200469  -0.046520  -0.085142  -0.045206  -0.032143  -0.003859   0.064200   0.003959  -0.026700   0.008595   0.010199 
  0.013123   0.145911  -0.037763  -0.035581  -0.029278  -0.035982   0.004382  -0.054558   0.008757   0.049561   0.015928  -0.003839 
  0.014567   0.097560  -0.040188  -0.049446  -0.029278  -0.031685   0.001444  -0.048351  -0.002425  -0.013865   0.000000   0.004297 
  0.008729   0.216448  -0.034299  -0.028247  -0.029278  -0.021830  -0.005838   0.118888   0.005889   0.021199   0.000000   0.009855 
  0.010415   0.172566  -0.028062  -0.048128  -0.029278  -0.019481   0.001686  -0.043882   0.006237  -0.019881   0.000000   0.002349 
  0.008935   0.080636  -0.044939  -0.042915  -0.029278  -0.014782  -0.001480  -0.091930  -0.016877   0.005213   0.000000   0.004699 
  0.009618   0.182138  -0.057869  -0.077464  -0.029335  -0.024580   0.000683   0.101502  -0.012930  -0.034549  -0.000057  -0.009798 
  0.012782   0.189980  -0.052358  -0.053973  -0.029278  -0.027215   0.003164   0.007842   0.005511   0.023491   0.000057  -0.002635 
  0.015981   0.086289  -0.036319  -0.033461  -0.029278  -0.027731   0.003199  -0.103691   0.016039   0.020512   0.000000  -0.000516 
  0.015258   0.104138  -0.058060  -0.053973  -0.039248  -0.035065  -0.000723   0.017849  -0.021741  -0.020512  -0.009970  -0.007334 
  0.007440   0.224332  -0.042466  -0.066005  -0.040451  -0.031856  -0.007818   0.120194   0.015594  -0.012032  -0.001203   0.003209 
  0.010937   0.191703  -0.038266  -0.058384  -0.029335  -0.029221   0.003497  -0.032629   0.004200   0.007621   0.011116   0.002635 
  0.015942   0.087352  -0.047655  -0.087319  -0.044462  -0.030195   0.005005  -0.104351  -0.009389  -0.028935  -0.015127  -0.000974 
  0.011810   0.142204  -0.061295  -0.072422  -0.033461  -0.022116  -0.004132   0.054852  -0.013640   0.014897   0.011001   0.008079 
  0.012785   0.216844  -0.050288  -0.073224  -0.029335  -0.024752   0.000975   0.074640   0.011007  -0.000802   0.004126  -0.002636 
  0.011351   0.153059  -0.031230  -0.077407  -0.029278  -0.018793  -0.001434  -0.063785   0.019058  -0.004183   0.000057   0.005959 
  0.007709   0.065985  -0.013578  -0.054775  -0.029278  -0.014782  -0.003642  -0.087074   0.017652   0.022632   0.000000   0.004011 
  0.010109   0.164924  -0.036753  -0.089725  -0.034779  -0.028705   0.002400   0.098939  -0.023175  -0.034950  -0.005501  -0.013923 
  0.012002   0.171059  -0.028900  -0.067151  -0.029335  -0.027617   0.001893   0.006135   0.007853   0.022574   0.005444   0.001088 
  0.015034   0.082518  -0.010422  -0.054775  -0.029335  -0.035867   0.003032  -0.088541   0.018478   0.012376   0.000000  -0.008250 
  0.009221   0.095907  -0.025241  -0.054775  -0.029278  -0.014782  -0.005813   0.013389  -0.014819   0.000000   0.000057   0.021085 
  0.008301   0.189487  -0.015413  -0.074828  -0.029278  -0.014725  -0.000920   0.093580   0.009828  -0.020053   0.000000   0.000057 
  0.010592   0.111465  -0.015468  -0.066234  -0.029278  -0.021601   0.002291  -0.078022  -0.000055   0.008594   0.000000  -0.006876 
  0.011219   0.070237  -0.033189  -0.057238  -0.029278  -0.026929   0.000627  -0.041228  -0.017721   0.008996   0.000000  -0.005328 
  0.007421   0.195746  -0.037745  -0.052426  -0.040279  -0.027387  -0.003798   0.125509  -0.004556   0.004812  -0.011001  -0.000458 
  0.010648   0.168580  -0.026460  -0.035466  -0.029278  -0.033747   0.003227  -0.027166   0.011285   0.016960   0.011001  -0.006360 
  0.012926   0.065983  -0.023196  -0.067552  -0.029278  -0.021944   0.002278  -0.102597   0.003264  -0.032086   0.000000   0.011803 
  0.008875   0.147344  -0.027461  -0.070875  -0.047040  -0.023147  -0.004051   0.081361  -0.004265  -0.003323  -0.017762  -0.001203 
  0.010119   0.195471  -0.029329  -0.057754  -0.029278  -0.022460   0.001244   0.048127  -0.001868   0.013121   0.017762   0.000687 
  0.013122   0.107331  -0.033348  -0.079928  -0.043316  -0.032487   0.003003  -0.088140  -0.004019  -0.022174  -0.014038  -0.010027 
  0.005889   0.089416  -0.038880  -0.063426  -0.044290  -0.014725  -0.007233  -0.017915  -0.005532   0.016502  -0.000974   0.017762 
  0.010525   0.203769  -0.034853  -0.077865  -0.029278  -0.014725   0.004636   0.114353   0.004027  -0.014439   0.015012   0.000000 
  0.012290   0.142173  -0.035145  -0.049504  -0.040966  -0.027273   0.001765  -0.061596  -0.000292   0.028361  -0.011688  -0.012548 
  0.012170   0.088712  -0.023075  -0.028247  -0.038789  -0.027101  -0.000120  -0.053461   0.012070   0.021257   0.002177   0.000172 
  0.011348   0.189752  -0.026036  -0.019366  -0.029278  -0.022460  -0.000822   0.101040  -0.002961   0.008881   0.009511   0.004641 
  0.010546   0.192724  -0.026098  -0.019423  -0.029278  -0.039763  -0.000802   0.002972  -0.000062  -0.000057   0.000000  -0.017303 
  0.011895   0.085951  -0.031963  -0.040852  -0.029278  -0.027559   0.001349  -0.106773  -0.005865  -0.021429   0.000000   0.012204 
  0.009973   0.110712  -0.043661  -0.049561  -0.029278  -0.023033  -0.001922   0.024761  -0.011698  -0.008709   0.000000   0.004526 
  0.011238   0.217975  -0.048598  -0.062109  -0.029278  -0.014725   0.001265   0.107263  -0.004937  -0.012548   0.000000   0.008308 
  0.005842   0.147758  -0.040228  -0.061879  -0.037815  -0.026986  -0.005396  -0.070217   0.008370   0.000230  -0.008537  -0.012261 
  0.013582   0.073647  -0.032519  -0.075573  -0.054832  -0.025726   0.007740  -0.074111   0.007709  -0.013694  -0.017017   0.001260 
  0.009711   0.192369  -0.030580  -0.055405  -0.042972  -0.019022  -0.003871   0.118722   0.001939   0.020168   0.011860   0.006704 
  0.010263   0.166689  -0.041227  -0.095627  -0.047498  -0.037013   0.000552  -0.025680  -0.010647  -0.040222  -0.004526  -0.017991 
  0.010943   0.067880  -0.055740  -0.068067  -0.044462  -0.028934   0.000680  -0.098809  -0.014513   0.027560   0.003036   0.008079 
  0.012137   0.132767  -0.062401  -0.058614  -0.037987  -0.034091   0.001194   0.064887  -0.006661   0.009453   0.006475  -0.005157 
  0.011508   0.190987  -0.039559  -0.059702  -0.046180  -0.027330  -0.000629   0.058220   0.022842  -0.001088  -0.008193   0.006761 
  0.010412   0.128509  -0.027845  -0.034664  -0.029278  -0.024924  -0.001096  -0.062478   0.011714   0.025038   0.016902   0.002406 
  0.012950   0.087578  -0.044618  -0.082277  -0.054546  -0.027158   0.002538  -0.040931  -0.016773  -0.047613  -0.025268  -0.002234 
  0.009788   0.201207  -0.047072  -0.065031  -0.029278  -0.014725  -0.003162   0.113629  -0.002454   0.017246   0.025268   0.012433 
  0.011932   0.101023  -0.033164  -0.088465  -0.048472  -0.032372   0.002144  -0.100184   0.013908  -0.023434  -0.019194  -0.017647 
  0.006590   0.086149  -0.030180  -0.063770  -0.037357  -0.025382  -0.005342  -0.014874   0.002984   0.024695   0.011115   0.006990 
  0.006270   0.205993  -0.005820  -0.093850  -0.041597  -0.020512  -0.000320   0.119844   0.024360  -0.030080  -0.004240   0.004870 
  0.012059   0.123126  -0.016487  -0.098491  -0.043316  -0.040737   0.005789  -0.082867  -0.010667  -0.004641  -0.001719  -0.020225 
  0.009250   0.078188  -0.027685  -0.058384  -0.029278  -0.014725  -0.002809  -0.044938  -0.011198   0.040107   0.014038   0.026012 
  0.009100   0.213893  -0.033454  -0.054947  -0.026127  -0.014782  -0.000150   0.135705  -0.005769   0.003437   0.003151  -0.000057 
  0.014815   0.204365  -0.034878  -0.061135  -0.049102  -0.023434   0.005715  -0.009528  -0.001424  -0.006188  -0.022975  -0.008652 
  0.012688   0.118098  -0.005794  -0.110008  -0.029335  -0.021429  -0.002127  -0.086267   0.029084  -0.048873   0.019767   0.002005 
  0.013414   0.132092  -0.018412  -0.096429  -0.029335  -0.024809   0.000726   0.013994  -0.012618   0.013579   0.000000  -0.003380 
  0.011014   0.219905  -0.038885  -0.100554  -0.052655  -0.026299  -0.002400   0.087813  -0.020473  -0.004125  -0.023320  -0.001490 
  0.010703   0.174569  -0.021240  -0.080787  -0.029335  -0.027445  -0.000311  -0.045336   0.017645   0.019767   0.023320  -0.001146 
  0.006781   0.072268  -0.013524  -0.061593  -0.029335  -0.027674  -0.003922  -0.102301   0.007716   0.019194   0.000000  -0.000229 
  0.011406   0.191445  -0.023584  -0.062624  -0.029278  -0.025325   0.004625   0.119177  -0.010060  -0.001031   0.000057   0.002349 
  0.009743   0.175805  -0.011635  -0.061249  -0.029278  -0.021085  -0.001663  -0.015640   0.011949   0.001375   0.000000   0.004240 
  0.011531   0.078904  -0.001050  -0.075573  -0.029335  -0.027674   0.001788  -0.096901   0.010585  -0.014324  -0.000057  -0.006589 
  0.012719   0.153112  -0.019521  -0.103190  -0.037586  -0.026585   0.001188   0.074208  -0.018471  -0.027617  -0.008251   0.001089 
  0.010374   0.171766  -0.005814  -0.110982  -0.029335  -0.022059  -0.002345   0.018654   0.013707  -0.007792   0.008251   0.004526 
  0.007642   0.106481  -0.034252  -0.078954  -0.029335  -0.027273  -0.002732  -0.065285  -0.028438   0.032028   0.000000  -0.005214 
  0.009126   0.092117  -0.185347  -0.113961  -0.069958  -0.018908   0.001484  -0.014364  -0.151095  -0.035007  -0.040623   0.008365 
  0.004447   0.218086  -0.209124  -0.121696  -0.063140  -0.023205  -0.004679   0.125969  -0.023777  -0.007735   0.006818  -0.004297 
  0.006333   0.136780  -0.055689  -0.122326  -0.029278  -0.029164   0.001886  -0.081306   0.153435  -0.000630   0.033862  -0.005959 
  0.014899   0.040712  -0.025768  -0.042456  -0.029278  -0.017189   0.008566  -0.096068   0.029921   0.079870   0.000000   0.011975 
  0.008465   0.126659  -0.031197  -0.111727  -0.029335  -0.014668  -0.006434   0.085947  -0.005429  -0.069271  -0.000057   0.002521 
  0.009077   0.177353  -0.022184  -0.117227  -0.016616  -0.012032   0.000612   0.050694   0.009013  -0.005500   0.012719   0.002636 
 -0.000300   0.145586   0.005454  -0.081016  -0.003953   0.001031  -0.009377  -0.031767   0.027638   0.036211   0.012663   0.013063 
  0.008995   0.077203  -0.001004  -0.084110  -0.000344  -0.006417   0.009295  -0.068383  -0.006458  -0.003094   0.003609  -0.007448 
  0.004494   0.089227  -0.005229  -0.103132  -0.015986  -0.009225  -0.004501   0.012024  -0.004225  -0.019022  -0.015642  -0.002808 
  0.012665   0.141911  -0.024156  -0.070474  -0.003724  -0.010542   0.008171   0.052684  -0.018927   0.032658   0.012262  -0.001317 
  0.010085   0.123808  -0.008910  -0.084110  -0.008709  -0.010714  -0.002580  -0.018103   0.015246  -0.013636  -0.004985  -0.000172 
  0.016346   0.068376  -0.050230  -0.066520  -0.027158  -0.015527   0.006261  -0.055432  -0.041320   0.017590  -0.018449  -0.004813 
  0.006318   0.140893  -0.004491  -0.166731  -0.025096  -0.015241  -0.010028   0.072517   0.045739  -0.100211   0.002062   0.000286 
  0.006216   0.131306   0.002912  -0.174408  -0.031455  -0.020798  -0.000102  -0.009587   0.007403  -0.007677  -0.006359  -0.005557 
  0.008700   0.065982   0.014918  -0.150745  -0.025439  -0.018965   0.002484  -0.065324   0.012006   0.023663   0.006016   0.001833 
 -0.000734   0.095093   0.016143  -0.172575  -0.036898  -0.016788  -0.009434   0.029111   0.001225  -0.021830  -0.011459   0.002177 
  0.008980   0.182345  -0.020067  -0.129030  -0.009855  -0.016902   0.009714   0.087252  -0.036210   0.043545   0.027043  -0.000114 
  0.009249   0.125631  -0.018902  -0.139171  -0.014897  -0.014381   0.000269  -0.056714   0.001165  -0.010141  -0.005042   0.002521 
  0.011920   0.062436  -0.026808  -0.087319  -0.031570  -0.016329   0.002671  -0.063195  -0.007906   0.051852  -0.016673  -0.001948 
  0.007990   0.164044  -0.044210  -0.087319  -0.027158  -0.010141  -0.003930   0.101608  -0.017402   0.000000   0.004412   0.006188 
  0.007962   0.213972  -0.087239  -0.193029  -0.028419  -0.021543  -0.000028   0.049928  -0.043029  -0.105710  -0.001261  -0.011402 
  0.004329   0.155003  -0.288210  -0.292839  -0.096830  -0.021314  -0.003633  -0.058969  -0.200971  -0.099810  -0.068411   0.000229 
  0.000373   0.144323  -0.381934  -0.306189  -0.121983  -0.036612  -0.003956  -0.010680  -0.093724  -0.013350  -0.025153  -0.015298 
  0.006459   0.188994  -0.231017  -0.260753  -0.081818  -0.025497   0.006086   0.044671   0.150917   0.045436   0.040165   0.011115 
  0.008453   0.156366  -0.156537  -0.274905  -0.047269  -0.019194   0.001994  -0.032628   0.074480  -0.014152   0.034549   0.006303 
  0.003630   0.118759  -0.163075  -0.231590  -0.061077  -0.015584  -0.004823  -0.037607  -0.006538   0.043315  -0.013808   0.003610 
  0.005858   0.126021  -0.192266  -0.240814  -0.060963  -0.015413   0.002228   0.007262  -0.029191  -0.009224   0.000114   0.000171 
  0.002751   0.209946  -0.190995  -0.264764  -0.057468  -0.017991  -0.003107   0.083925   0.001271  -0.023950   0.003495  -0.002578 
  0.012528   0.179272  -0.172201  -0.254737  -0.049504  -0.022861   0.009777  -0.030674   0.018794   0.010027   0.007964  -0.004870 
  0.005811   0.114636  -0.173244  -0.232735  -0.055634  -0.013121  -0.006717  -0.064636  -0.001043   0.022002  -0.006130   0.009740 
  0.006023   0.151717  -0.183979  -0.251127  -0.068698  -0.020626   0.000212   0.037081  -0.010735  -0.018392  -0.013064  -0.007505 
  0.001905   0.204678  -0.165051  -0.260868  -0.057353  -0.013694  -0.004118   0.052961   0.018928  -0.009741   0.011345   0.006932 
  0.007798   0.150039  -0.169488  -0.247518  -0.054145  -0.016329   0.005893  -0.054639  -0.004437   0.013350   0.003208  -0.002635 
  0.011683   0.121988  -0.178827  -0.246716  -0.054603  -0.022632   0.003885  -0.028051  -0.009339   0.000802  -0.000458  -0.006303 
  0.006769   0.207122  -0.170196  -0.258805  -0.054832  -0.014496  -0.004914   0.085134   0.008631  -0.012089  -0.000229   0.008136 
  0.005311   0.162454  -0.159922  -0.237892  -0.058098  -0.018277  -0.001458  -0.044668   0.010274   0.020913  -0.003266  -0.003781 
  0.006524   0.093347  -0.155673  -0.224084  -0.061020  -0.029908   0.001213  -0.069107   0.004249   0.013808  -0.002922  -0.011631 
  0.013331   0.170083  -0.159326  -0.272040  -0.060275  -0.026528   0.006807   0.076736  -0.003653  -0.047956   0.000745   0.003380 
  0.006417   0.169716  -0.152507  -0.247632  -0.057582  -0.018965  -0.006914  -0.000367   0.006819   0.024408   0.002693   0.007563 
  0.014780   0.087735  -0.139747  -0.233423  -0.063312  -0.027273   0.008363  -0.081981   0.012760   0.014209  -0.005730  -0.008308 
  0.006033   0.148783  -0.152454  -0.262816  -0.058957  -0.020397  -0.008747   0.061048  -0.012707  -0.029393   0.004355   0.006876 
  0.001581   0.188838  -0.166467  -0.265394  -0.058556  -0.022173  -0.004452   0.040055  -0.014013  -0.002578   0.000401  -0.001776 
  0.011612   0.103498  -0.168470  -0.237777  -0.052082  -0.029278   0.010031  -0.085340  -0.002003   0.027617   0.006474  -0.007105 
  0.004252   0.131793  -0.174662  -0.250841  -0.075057  -0.019079  -0.007360   0.028295  -0.006192  -0.013064  -0.022975   0.010199 
  0.001791   0.179565  -0.179236  -0.265623  -0.071620  -0.022460  -0.002461   0.047772  -0.004574  -0.014782   0.003437  -0.003381 
  0.004362   0.145804  -0.158706  -0.246888  -0.059416  -0.017762   0.002571  -0.033761   0.020530   0.018735   0.012204   0.004698 
  0.005421   0.092127  -0.152857  -0.232162  -0.062567  -0.018965   0.001059  -0.053677   0.005849   0.014726  -0.003151  -0.001203 
 -0.006711   0.190205  -0.145212  -0.298225  -0.061249   0.001948  -0.012132   0.098078   0.007645  -0.066063   0.001318   0.020913 
  0.002945   0.172163  -0.137499  -0.309225  -0.060161  -0.017131   0.009656  -0.018042   0.007713  -0.011000   0.001088  -0.019079 
  0.004807   0.076164  -0.151092  -0.240241  -0.057124  -0.023606   0.001862  -0.095999  -0.013593   0.068984   0.003037  -0.006475 
  0.003470   0.153265  -0.170875  -0.241559  -0.062567  -0.023205  -0.001337   0.077101  -0.019783  -0.001318  -0.005443   0.000401 
  0.001596   0.181320  -0.164400  -0.262988  -0.058728  -0.016960  -0.001874   0.028055   0.006475  -0.021429   0.003839   0.006245 
  0.003715   0.128428  -0.139374  -0.231590  -0.058556  -0.016730   0.002119  -0.052892   0.025026   0.031398   0.000172   0.000230 
  0.001638   0.104512  -0.159500  -0.240069  -0.067838  -0.012319  -0.002077  -0.023916  -0.020126  -0.008479  -0.009282   0.004411 
  0.003335   0.177026  -0.159206  -0.256857  -0.059702  -0.000401   0.001697   0.072514   0.000294  -0.016788   0.008136   0.011918 
  0.001808   0.155580  -0.143839  -0.239382  -0.060905  -0.013063  -0.001527  -0.021446   0.015367   0.017475  -0.001203  -0.012662 
  0.008003   0.080311  -0.131719  -0.275936  -0.055863  -0.017819   0.006195  -0.075269   0.012120  -0.036554   0.005042  -0.004756 
  0.002620   0.157648  -0.148698  -0.255367  -0.060218  -0.009740  -0.005383   0.077337  -0.016979   0.020569  -0.004355   0.008079 
  0.006274   0.179691  -0.141570  -0.250211  -0.063827   0.000974   0.003654   0.022043   0.007128   0.005156  -0.003609   0.010714 
  0.003374   0.090222  -0.151332  -0.230616  -0.060332  -0.020856  -0.002900  -0.089469  -0.009762   0.019595   0.003495  -0.021830 
  0.004309   0.147067  -0.162539  -0.239611  -0.059759  -0.017991   0.000935   0.056845  -0.011207  -0.008995   0.000573   0.002865 
  0.006631   0.176698  -0.161893  -0.245226  -0.057926  -0.017017   0.002322   0.029631   0.000646  -0.005615   0.001833   0.000974 
  0.006787   0.118744  -0.190230  -0.219615  -0.068812  -0.016100   0.000156  -0.057954  -0.028337   0.025611  -0.010886   0.000917 
  0.008681   0.108101  -0.221591  -0.244538  -0.072422  -0.013350   0.001894  -0.010643  -0.031361  -0.024923  -0.003610   0.002750 
  0.002560   0.175033  -0.218889  -0.240127  -0.065317  -0.013636  -0.006121   0.066932   0.002702   0.004411   0.007105  -0.000286 
  0.004070   0.144716  -0.230942  -0.229985  -0.060218  -0.013407   0.001510  -0.030317  -0.012053   0.010142   0.005099   0.000229 
  0.008829   0.088259  -0.238334  -0.243908  -0.069672  -0.017189   0.004759  -0.056457  -0.007392  -0.013923  -0.009454  -0.003782 
  0.014271   0.122540   0.036942  -0.235314  -0.034607  -0.019710   0.005442   0.034281   0.275276   0.008594   0.035065  -0.002521 
  0.007957   0.117342   0.069282  -0.229985  -0.021658  -0.009626  -0.006314  -0.005198   0.032340   0.005329   0.012949   0.010084 
  0.011178   0.087790   0.012516  -0.194978  -0.021085  -0.002922   0.003221  -0.029552  -0.056766   0.035007   0.000573   0.006704 
  0.010995   0.153447  -0.048795  -0.204890  -0.039821  -0.007620  -0.000183   0.065657  -0.061311  -0.009912  -0.018736  -0.004698 
  0.012616   0.148704  -0.039152  -0.198988  -0.020111  -0.010829   0.001621  -0.004743   0.009643   0.005902   0.019710  -0.003209 
  0.020290   0.064719  -0.068003  -0.166559  -0.026643  -0.013006   0.007674  -0.083985  -0.028851   0.032429  -0.006532  -0.002177 
  0.010426   0.104968   0.008383  -0.225631  -0.027158  -0.000917  -0.009864   0.040249   0.076386  -0.059072  -0.000515   0.012089 
  0.011602   0.166489   0.025549  -0.241101  -0.031742  -0.014037   0.001176   0.061521   0.017166  -0.015470  -0.004584  -0.013120 
  0.011020   0.129487   0.024013  -0.231360  -0.029450  -0.007850  -0.000582  -0.037002  -0.001536   0.009741   0.002292   0.006187 
  0.014261   0.076547  -0.088696  -0.197842  -0.032601  -0.015642   0.003241  -0.052940  -0.112709   0.033518  -0.003151  -0.007792 
  0.006778   0.154386  -0.128509  -0.203515  -0.059759  -0.009454  -0.007483   0.077839  -0.039813  -0.005673  -0.027158   0.006188 
  0.009208   0.157235  -0.138519  -0.223339  -0.052196  -0.012490   0.002430   0.002849  -0.010010  -0.019824   0.007563  -0.003036 
  0.011905   0.101422  -0.078367  -0.182143  -0.050191  -0.017876   0.002697  -0.055813   0.060152   0.041196   0.002005  -0.005386 
  0.010483   0.051156   0.046727  -0.231590  -0.036268  -0.003552  -0.001422  -0.050266   0.125094  -0.049447   0.013923   0.014324 
  0.006310   0.164602   0.081567  -0.255826  -0.034148  -0.004125  -0.004173   0.113446   0.034840  -0.024236   0.002120  -0.000573 
  0.009822   0.136578   0.084416  -0.243450  -0.020054  -0.011860   0.003512  -0.028024   0.002849   0.012376   0.014094  -0.007735 
  0.009632   0.072969   0.072861  -0.229126  -0.027731  -0.008537  -0.000190  -0.063609  -0.011555   0.014324  -0.007677   0.003323 
  0.010868   0.162238   0.062947  -0.243450  -0.024465  -0.013407   0.001236   0.089269  -0.009914  -0.014324   0.003266  -0.004870 
  0.006298   0.168226   0.037199  -0.224026  -0.032258  -0.004354  -0.004570   0.005988  -0.025748   0.019424  -0.007793   0.009053 
  0.006947   0.089050   0.043799  -0.200707  -0.004412   0.000573   0.000649  -0.079176   0.006600   0.023319   0.027846   0.004927 
  0.010560   0.093327   0.021349  -0.200707  -0.004354  -0.007563   0.003613   0.004277  -0.022450   0.000000   0.000058  -0.008136 
  0.010129   0.153011   0.025399  -0.221735  -0.004354  -0.006474  -0.000431   0.059684   0.004050  -0.021028   0.000000   0.001089 
  0.008568   0.132018   0.070585  -0.233137  -0.004354  -0.004240  -0.001561  -0.020993   0.045186  -0.011402   0.000000   0.002234 
  0.008859   0.075762  -0.013095  -0.200707  -0.004412  -0.001031   0.000291  -0.056256  -0.083680   0.032430  -0.000058   0.003209 
  0.008474   0.156896  -0.115240  -0.236460  -0.015355  -0.004870  -0.000385   0.081134  -0.102145  -0.035753  -0.010943  -0.003839 
  0.009714   0.113728   0.219338  -0.333691  -0.004354  -0.001604   0.001240  -0.043168   0.334578  -0.097231   0.011001   0.003266 
  0.014935  -0.050467   0.563569  -0.475211   0.007277   0.008537   0.005221  -0.164195   0.344231  -0.141520   0.011631   0.010141 
  0.015985   0.156295   0.299595  -0.381934  -0.004354  -0.003094   0.001050   0.206762  -0.263974   0.093277  -0.011631  -0.011631 
  0.010294   0.156055   0.348366  -0.352312   0.001891  -0.001719  -0.005691  -0.000240   0.048771   0.029622   0.006245   0.001375 
  0.010939   0.065496   0.364651  -0.394768  -0.010772  -0.006589   0.000645  -0.090559   0.016285  -0.042456  -0.012663  -0.004870 
  0.013181   0.083867   0.331930  -0.348129  -0.004412  -0.005901   0.002242   0.018371  -0.032721   0.046639   0.006360   0.000688 
  0.013442   0.163280   0.334405  -0.337128  -0.004412  -0.008136   0.000261   0.079413   0.002475   0.011001   0.000000  -0.002235 
  0.011981   0.115347   0.344377  -0.341999  -0.004412  -0.007563  -0.001461  -0.047933   0.009972  -0.004871   0.000000   0.000573 
  0.014514   0.064113   0.351908  -0.339879  -0.004412  -0.006761   0.002533  -0.051234   0.007531   0.002120   0.000000   0.000802 
  0.010914   0.160512   0.361813  -0.404852  -0.004354  -0.003724  -0.003600   0.096399   0.009905  -0.064973   0.000058   0.003037 
  0.013939   0.127347   0.345859  -0.346869  -0.004412  -0.009740   0.003025  -0.033165  -0.015954   0.057983  -0.000058  -0.006016 
  0.011248   0.055005   0.341189  -0.330196  -0.004412  -0.004985  -0.002691  -0.072342  -0.004670   0.016673   0.000000   0.004755 
  0.006440   0.163209   0.327022  -0.332258  -0.004354  -0.004240  -0.004808   0.108204  -0.014167  -0.002062   0.000058   0.000745 
  0.003181   0.151896   0.345834  -0.333633  -0.004412  -0.005787  -0.003259  -0.011313   0.018812  -0.001375  -0.000058  -0.001547 
  0.012502   0.049763   0.339774  -0.355291  -0.004412  -0.005901   0.009321  -0.102133  -0.006060  -0.021658   0.000000  -0.000114 
  0.006461   0.135549   0.319424  -0.342342  -0.004412  -0.004813  -0.006041   0.085786  -0.020350   0.012949   0.000000   0.001088 
  0.005761   0.176373   0.329305  -0.329336  -0.004354  -0.004526  -0.000700   0.040824   0.009881   0.013006   0.000058   0.000287 
  0.003154   0.064810   0.345224  -0.346869  -0.004412  -0.005500  -0.002607  -0.111563   0.015919  -0.017533  -0.000058  -0.000974 
  0.008128   0.092230   0.329334  -0.332774  -0.004412  -0.006474   0.004974   0.027420  -0.015890   0.014095   0.000000  -0.000974 
  0.007910   0.176307   0.329328  -0.332144  -0.004412  -0.007506  -0.000218   0.084077  -0.000006   0.000630   0.000000  -0.001032 
  0.005544   0.149019   0.329407  -0.339821  -0.004354  -0.004641  -0.002366  -0.027288   0.000079  -0.007677   0.000058   0.002865 
  0.003211   0.071950   0.336041  -0.330826  -0.004412  -0.006704  -0.002333  -0.077069   0.006634   0.008995  -0.000058  -0.002063 
  0.006708   0.113193   0.329336  -0.341368   0.004698  -0.004756   0.003497   0.041243  -0.006705  -0.010542   0.009110   0.001948 
  0.003218   0.173753   0.327217  -0.336785  -0.004412  -0.007047  -0.003490   0.060560  -0.002119   0.004583  -0.009110  -0.002291 
  0.005664   0.123870   0.339649  -0.319481  -0.004412  -0.007105   0.002446  -0.049883   0.012432   0.017304   0.000000  -0.000058 
  0.008818   0.035829   0.379645  -0.375918  -0.004412  -0.007047   0.003154  -0.088041   0.039996  -0.056437   0.000000   0.000058 
  0.003158   0.144849   0.346509  -0.323091  -0.004412  -0.005157  -0.005660   0.109020  -0.033136   0.052827   0.000000   0.001890 
  0.003236   0.166166   0.357616  -0.352885  -0.004412  -0.006417   0.000078   0.021317   0.011107  -0.029794   0.000000  -0.001260 
  0.007165   0.075388   0.369732  -0.320513  -0.004412  -0.006704   0.003929  -0.090778   0.012116   0.032372   0.000000  -0.000287 
  0.003188   0.094789   0.360707  -0.370245  -0.004354  -0.003667  -0.003977   0.019401  -0.009025  -0.049732   0.000058   0.003037 
  0.009130   0.167840   0.359672  -0.346697  -0.004412  -0.007277   0.005942   0.073051  -0.001035   0.023548  -0.000058  -0.003610 
  0.014252   0.093990   0.376512  -0.373339  -0.004412  -0.015298   0.005122  -0.073850   0.016840  -0.026642   0.000000  -0.008021 
  0.013741   0.031627   0.372424  -0.351853  -0.004412  -0.006016  -0.000511  -0.062363  -0.004088   0.021486   0.000000   0.009282 
  0.008967   0.127803   0.366301  -0.395226  -0.004412  -0.008365  -0.004774   0.096176  -0.006123  -0.043373   0.000000  -0.002349 
  0.013297   0.121686   0.381036  -0.358213  -0.004354  -0.011345   0.004330  -0.006117   0.014735   0.037013   0.000058  -0.002980 
  0.013330   0.046998   0.376424  -0.365604  -0.004354  -0.011975   0.000033  -0.074688  -0.004612  -0.007391   0.000000  -0.000630 
  0.008387   0.150210   0.339657  -0.341712  -0.004412  -0.006016  -0.004943   0.103212  -0.036767   0.023892  -0.000058   0.005959 
  0.008262   0.150183   0.360105  -0.335295  -0.004412  -0.006761  -0.000125  -0.000027   0.020448   0.006417   0.000000  -0.000745 
  0.008115   0.053759   0.365925  -0.322403  -0.007735  -0.009110  -0.000147  -0.096424   0.005820   0.012892  -0.003323  -0.002349 
  0.003218   0.119231   0.342711  -0.308423  -0.004412  -0.005500  -0.004897   0.065472  -0.023214   0.013980   0.003323   0.003610 
  0.009752   0.154683   0.389791  -0.394940  -0.007391  -0.007047   0.006534   0.035452   0.047080  -0.086517  -0.002979  -0.001547 
  0.009194   0.088728   0.379825  -0.322747  -0.004412  -0.010199  -0.000558  -0.065955  -0.009966   0.072193   0.002979  -0.003152 
  0.008142   0.054979   0.369048  -0.323664  -0.004412  -0.006417  -0.001052  -0.033749  -0.010777  -0.000917   0.000000   0.003782 
  0.008481   0.158101   0.355900  -0.327044  -0.004412  -0.006188   0.000339   0.103122  -0.013148  -0.003380   0.000000   0.000229 
  0.007058   0.131309   0.371085  -0.319539  -0.004412  -0.008766  -0.001423  -0.026792   0.015185   0.007505   0.000000  -0.002578 
  0.011305   0.058268   0.360571  -0.312205  -0.004412  -0.011402   0.004247  -0.073041  -0.010514   0.007334   0.000000  -0.002636 
  0.009960   0.109640   0.351669  -0.314955  -0.004354  -0.004927  -0.001345   0.051372  -0.008902  -0.002750   0.000058   0.006475 
  0.011593   0.133199   0.377761  -0.370131  -0.004354  -0.010600   0.001633   0.023559   0.026092  -0.055176   0.000000  -0.005673 
  0.007295   0.065549   0.386514  -0.317533  -0.004412  -0.005386  -0.004298  -0.067650   0.008753   0.052598  -0.000058   0.005214 
  0.012914   0.084296   0.426511  -0.427541  -0.004412  -0.005730   0.005619   0.018747   0.039997  -0.110008   0.000000  -0.000344 
  0.005919   0.164660   0.384428  -0.337587  -0.004412  -0.005844  -0.006995   0.080364  -0.042083   0.089954   0.000000  -0.000114 
  0.011482   0.094445   0.417109  -0.388809  -0.004412  -0.007506   0.005563  -0.070215   0.032681  -0.051222   0.000000  -0.001662 
  0.010259   0.042101   0.416418  -0.409092  -0.004412  -0.004813  -0.001223  -0.052344  -0.000691  -0.020283   0.000000   0.002693 
  0.006840   0.136561   0.414928  -0.459398  -0.004354  -0.009969  -0.003419   0.094460  -0.001490  -0.050306   0.000058  -0.005156 
  0.008272   0.099412   0.386816  -0.385200  -0.008995  -0.006761   0.001432  -0.037149  -0.028112   0.074198  -0.004641   0.003208 
  0.008590   0.036222   0.399326  -0.374428  -0.004412  -0.004985   0.000318  -0.063190   0.012510   0.010772   0.004583   0.001776 
  0.008168   0.122851   0.409016  -0.401300  -0.012548  -0.010313  -0.000422   0.086629   0.009690  -0.026872  -0.008136  -0.005328 
  0.010399   0.127202   0.414970  -0.399695  -0.009225  -0.013293   0.002231   0.004351   0.005954   0.001605   0.003323  -0.002980 
  0.003192   0.078060   0.421167  -0.403420  -0.004412  -0.006188  -0.007207  -0.049142   0.006197  -0.003725   0.004813   0.007105 
  0.009750   0.044423   0.404281  -0.389038  -0.004412  -0.006303   0.006558  -0.033637  -0.016886   0.014382   0.000000  -0.000115 
  0.005119   0.116616   0.382951  -0.376491   0.000000   0.000000  -0.004631   0.072193  -0.021330   0.012547   0.004412   0.006303 
