  0.000000   0.000000  -0.002059   0.000000   0.000000   0.000000   0.000000   0.000000   0.000000   0.000000   0.000000   0.000000 
  0.000000  -0.036660   0.016728   0.001833   0.000000   0.000000   0.000000  -0.036660   0.018787   0.001833   0.000000   0.000000 
  0.013250   0.139048  -0.443325  -0.249924   0.000000  -0.015241   0.013250   0.175708  -0.460053  -0.251757   0.000000  -0.015241 
  0.005328   0.136599  -0.603484  -0.372881   0.035695  -0.013006  -0.007922  -0.002449  -0.160159  -0.122957   0.035695   0.002235 
  0.006848   0.070628  -0.409989  -0.243278   0.000000  -0.015241   0.001520  -0.065971   0.193495   0.129603  -0.035695  -0.002235 
  0.011095   0.072448  -0.382168  -0.249007  -0.010256  -0.014954   0.004247   0.001820   0.027821  -0.005729  -0.010256   0.000287 
  0.014727   0.143920  -0.346696  -0.254451   0.000000  -0.012834   0.003632   0.071472   0.035472  -0.005444   0.010256   0.002120 
  0.013386   0.063048  -0.236150  -0.248205   0.000000  -0.013694  -0.001341  -0.080872   0.110546   0.006246   0.000000  -0.000860 
  0.013219   0.049610  -0.175792  -0.266826  -0.015642  -0.003380  -0.000167  -0.013438   0.060358  -0.018621  -0.015642   0.010314 
  0.023469   0.010481  -0.755715  -1.726551   0.025153  -0.063312   0.010250  -0.039129  -0.579923  -1.459725   0.040795  -0.059932 
  0.022536  -0.179913  -0.831202  -1.844867  -0.074828  -0.085543  -0.000933  -0.190394  -0.075487  -0.118316  -0.099981  -0.022231 
  0.040052  -0.179615  -0.642791  -1.766028  -0.099236  -0.080558   0.017516   0.000298   0.188411   0.078839  -0.024408   0.004985 
  0.040430  -0.225882  -0.754287  -1.727754  -0.084168  -0.079527   0.000378  -0.046267  -0.111496   0.038274   0.015068   0.001031 
  0.049662  -0.162571  -0.729779  -1.516848  -0.099465  -0.082334   0.009232   0.063311   0.024508   0.210906  -0.015297  -0.002807 
  0.044530  -0.209645  -0.675953  -1.381401  -0.161975  -0.084855  -0.005132  -0.047074   0.053826   0.135447  -0.062510  -0.002521 
  0.058269  -0.265409  -0.488527  -1.167688  -0.214401  -0.079641   0.013739  -0.055764   0.187426   0.213713  -0.052426   0.005214 
  0.063038  -0.070002  -0.681033  -1.278842  -0.194233  -0.063770   0.004769   0.195407  -0.192506  -0.111154   0.020168   0.015871 
  0.065217  -0.117393  -0.677345  -1.268815  -0.195035  -0.068411   0.002179  -0.047391   0.003688   0.010027  -0.000802  -0.004641 
  0.068000  -0.241730  -0.471307  -1.201149  -0.220990  -0.075229   0.002783  -0.124337   0.206038   0.067666  -0.025955  -0.006818 
  0.072323  -0.124325  -0.644160  -1.319522  -0.184779  -0.075287   0.004323   0.117405  -0.172853  -0.118373   0.036211  -0.000058 
  0.075159  -0.120239  -0.620921  -1.316084  -0.174236  -0.071562   0.002836   0.004086   0.023239   0.003438   0.010543   0.003725 
  0.064020  -0.222096  -0.432468  -1.247444  -0.249638  -0.080042  -0.011139  -0.101857   0.188453   0.068640  -0.075402  -0.008480 
  0.060062  -0.175135  -0.533847  -1.330179  -0.216979  -0.073396  -0.003958   0.046961  -0.101379  -0.082735   0.032659   0.006646 
  0.063959  -0.137806  -0.539048  -1.299125  -0.216979  -0.065145   0.003897   0.037329  -0.005201   0.031054   0.000000   0.008251 
  0.073739  -0.254346  -0.520673  -1.205102  -0.310543  -0.077177   0.009780  -0.116540   0.018375   0.094023  -0.093564  -0.012032 
  0.089928  -0.146698  -0.558173  -0.551816  -0.361135  -0.038675   0.016189   0.107648  -0.037500   0.653286  -0.050592   0.038502 
  0.118655  -0.123539  -0.626407   0.031627  -0.523053  -0.021257   0.028727   0.023159  -0.068234   0.583443  -0.161918   0.017418 
  0.124977  -0.027668  -0.984387   0.521162  -0.592782  -0.072307   0.006322   0.095871  -0.357980   0.489535  -0.069729  -0.051050 
  0.150110   0.041305  -0.986384  -0.280577  -0.562014  -0.093908   0.025133   0.068973  -0.001997  -0.801739   0.030768  -0.021601 
  0.134279   0.017339  -1.079835  -0.525345  -0.574390  -0.133843  -0.015831  -0.023966  -0.093451  -0.244768  -0.012376  -0.039935 
  0.144006  -0.138319  -1.099982  -1.382719  -0.475899  -0.136249   0.009727  -0.155658  -0.020147  -0.857374   0.098491  -0.002406 
  0.139553  -0.343598  -0.570090  -1.345706  -0.493775  -0.122670  -0.004453  -0.205279   0.529892   0.037013  -0.017876   0.013579 
  0.131141  -0.156015  -0.724235  -1.377047  -0.420035  -0.108919  -0.008412   0.187583  -0.154145  -0.031341   0.073740   0.013751 
  0.130083  -0.163293  -0.764010  -1.400825  -0.389210  -0.109378  -0.001058  -0.007278  -0.039775  -0.023778   0.030825  -0.000459 
  0.135759  -0.198642  -0.781826  -1.364384  -0.386116  -0.101012   0.005676  -0.035349  -0.017816   0.036441   0.003094   0.008366 
  0.129679  -0.162260  -0.835969  -1.363525  -0.417629  -0.109836  -0.006080   0.036382  -0.054143   0.000859  -0.031513  -0.008824 
  0.128103  -0.175996  -0.937819  -1.257642  -0.418030  -0.115279  -0.001576  -0.013736  -0.101850   0.105883  -0.000401  -0.005443 
  0.137020  -0.240069  -0.716212  -1.160583  -0.456475  -0.102789   0.008917  -0.064073   0.221607   0.097059  -0.038445   0.012490 
  0.133673  -0.187142  -0.767912  -1.182413  -0.440662  -0.101700  -0.003347   0.052927  -0.051700  -0.021830   0.015813   0.001089 
  0.135553  -0.129199  -0.811820  -1.217249  -0.435047  -0.109034   0.001880   0.057943  -0.043908  -0.034836   0.005615  -0.007334 
  0.137248  -0.173147  -0.792509  -1.240912  -0.420608  -0.114821   0.001695  -0.043948   0.019311  -0.023663   0.014439  -0.005787 
  0.131475  -0.248995  -0.672943  -1.240110  -0.427255  -0.103247  -0.005773  -0.075848   0.119566   0.000802  -0.006647   0.011574 
  0.130960  -0.150179  -0.745360  -1.286691  -0.412472  -0.092246  -0.000515   0.098816  -0.072417  -0.046581   0.014783   0.011001 
  0.128702  -0.157212  -0.770137  -1.345018  -0.399581  -0.087949  -0.002258  -0.007033  -0.024777  -0.058327   0.012891   0.004297 
  0.133139  -0.235086  -0.676287  -1.288467  -0.426223  -0.095054   0.004437  -0.077874   0.093850   0.056551  -0.026642  -0.007105 
  0.130249  -0.167725  -0.763627  -1.344789  -0.395914  -0.080042  -0.002890   0.067361  -0.087340  -0.056322   0.030309   0.015012 
  0.131592  -0.142728  -0.782375  -1.378536  -0.390757  -0.075630   0.001343   0.024997  -0.018748  -0.033747   0.005157   0.004412 
  0.133186  -0.229390  -0.677590  -1.345133  -0.417686  -0.086689   0.001594  -0.086662   0.104785   0.033403  -0.026929  -0.011059 
  0.129209  -0.201031  -0.742879  -1.374010  -0.403534  -0.079985  -0.003977   0.028359  -0.065289  -0.028877   0.014152   0.006704 
  0.131325  -0.128843  -0.786899  -1.375271  -0.379012  -0.075516   0.002116   0.072188  -0.044020  -0.001261   0.024522   0.004469 
  0.124362  -0.240883  -0.670291  -1.374067  -0.397346  -0.061306  -0.006963  -0.112040   0.116608   0.001204  -0.018334   0.014210 
  0.127777  -0.215235  -0.750485  -1.441103  -0.365031  -0.077578   0.003415   0.025648  -0.080194  -0.067036   0.032315  -0.016272 
  0.125016  -0.138819  -0.796551  -1.465626  -0.359646  -0.080787  -0.002761   0.076416  -0.046066  -0.024523   0.005385  -0.003209 
  0.124118  -0.267223  -0.638372  -1.446203  -0.375287  -0.082048  -0.000898  -0.128404   0.158179   0.019423  -0.015641  -0.001261 
  0.130560  -0.197970  -0.724442  -1.498915  -0.358271  -0.078667   0.006442   0.069253  -0.086070  -0.052712   0.017016   0.003381 
  0.132631  -0.141203  -0.783963  -1.518338  -0.355807  -0.076261   0.002071   0.056767  -0.059521  -0.019423   0.002464   0.002406 
  0.128991  -0.243406  -0.659739  -1.451073  -0.359646  -0.086459  -0.003640  -0.102203   0.124224   0.067265  -0.003839  -0.010198 
  0.124336  -0.236194  -0.692764  -1.464480  -0.352713  -0.082792  -0.004655   0.007212  -0.033025  -0.013407   0.006933   0.003667 
  0.127082  -0.147067  -0.749559  -1.501722  -0.346869  -0.080615   0.002746   0.089127  -0.056795  -0.037242   0.005844   0.002177 
  0.122187  -0.212832  -0.699781  -1.518625  -0.350077  -0.084053  -0.004895  -0.065765   0.049778  -0.016903  -0.003208  -0.003438 
  0.127653  -0.285496  -0.605292  -1.538392  -0.347270  -0.084798   0.005466  -0.072664   0.094489  -0.019767   0.002807  -0.000745 
  0.124683  -0.153451  -0.721941  -1.547444  -0.350650  -0.080902  -0.002970   0.132045  -0.116649  -0.009052  -0.003380   0.003896 
  0.125292  -0.178540  -0.753672  -1.521203  -0.361766  -0.081589   0.000609  -0.025089  -0.031731   0.026241  -0.011116  -0.000687 
  0.124842  -0.273616  -0.618593  -1.510145  -0.397404  -0.087605  -0.000450  -0.095076   0.135079   0.011058  -0.035638  -0.006016 
  0.119219  -0.185026  -0.700777  -1.557815  -0.366235  -0.080214  -0.005623   0.088590  -0.082184  -0.047670   0.031169   0.007391 
  0.120201  -0.176989  -0.741881  -1.621471  -0.330253  -0.072307   0.000982   0.008037  -0.041104  -0.063656   0.035982   0.007907 
  0.123345  -0.234141  -0.671186  -1.604683  -0.345895  -0.083251   0.003144  -0.057152   0.070695   0.016788  -0.015642  -0.010944 
  0.121339  -0.269198  -0.658879  -1.613449  -0.336040  -0.078323  -0.002006  -0.035057   0.012307  -0.008766   0.009855   0.004928 
  0.124613  -0.148723  -0.709055  -1.651608  -0.317934  -0.095799   0.003274   0.120475  -0.050176  -0.038159   0.018106  -0.017476 
  0.124310  -0.222545  -0.686214  -1.650462  -0.323778  -0.082563  -0.000303  -0.073822   0.022841   0.001146  -0.005844   0.013236 
  0.128963  -0.296440  -0.584747  -1.646623  -0.345780  -0.096715   0.004653  -0.073895   0.101467   0.003839  -0.022002  -0.014152 
  0.127810  -0.192590  -0.688017  -1.657796  -0.325669  -0.094825  -0.001153   0.103850  -0.103270  -0.011173   0.020111   0.001890 
  0.123379  -0.195508  -0.702643  -1.637857  -0.320684  -0.083022  -0.004431  -0.002918  -0.014626   0.019939   0.004985   0.011803 
  0.129128  -0.272850  -0.611814  -1.619408  -0.340108  -0.093621   0.005749  -0.077342   0.090829   0.018449  -0.019424  -0.010599 
  0.122645  -0.216311  -0.686979  -1.668740  -0.324752  -0.085944  -0.006483   0.056539  -0.075165  -0.049332   0.015356   0.007677 
  0.131044  -0.179871  -0.708459  -1.672578  -0.317132  -0.086689   0.008399   0.036440  -0.021480  -0.003838   0.007620  -0.000745 
  0.129930  -0.265741  -0.613066  -1.650520  -0.317132  -0.085714  -0.001114  -0.085870   0.095393   0.022058   0.000000   0.000975 
  0.138547  -0.279575  -0.603997  -1.657739  -0.269863  -0.089782   0.008617  -0.013834   0.009069  -0.007219   0.047269  -0.004068 
  0.133858  -0.169466  -0.691741  -1.659916  -0.293068  -0.087663  -0.004689   0.110109  -0.087744  -0.002177  -0.023205   0.002119 
  0.139447  -0.234922  -0.659158  -1.663468  -0.315814  -0.091788   0.005589  -0.065456   0.032583  -0.003552  -0.022746  -0.004125 
  0.139633  -0.304305  -0.549076  -1.580046  -0.346238  -0.097918   0.000186  -0.069383   0.110082   0.083422  -0.030424  -0.006130 
  0.127377  -0.209997  -0.606576  -1.675099  -0.319023  -0.082621  -0.012256   0.094308  -0.057500  -0.095053   0.027215   0.015297 
  0.127884  -0.208549  -0.642808  -1.724947  -0.303782  -0.073224   0.000507   0.001448  -0.036232  -0.049848   0.015241   0.009397 
  0.151055  -0.254699  -0.549631  -1.690512  -0.274905  -0.128858   0.023171  -0.046150   0.093177   0.034435   0.028877  -0.055634 
  0.144546  -0.370871  -0.488886  -1.587953  -0.314382  -0.144156  -0.006509  -0.116172   0.060745   0.102559  -0.039477  -0.015298 
  0.143296  -0.198645  -0.521809  -1.592479  -0.294157  -0.133900  -0.001250   0.172226  -0.032923  -0.004526   0.020225   0.010256 
  0.142144  -0.195107  -0.543357  -1.663812  -0.285448  -0.139458  -0.001152   0.003538  -0.021548  -0.071333   0.008709  -0.005558 
  0.142562  -0.211171  -0.677848  -1.705065  -0.287739  -0.138828   0.000418  -0.016064  -0.134491  -0.041253  -0.002291   0.000630 
  0.157633  -0.156780  -1.062032  -1.589557  -0.441292  -0.157449   0.015071   0.054391  -0.384184   0.115508  -0.153553  -0.018621 
  0.166359  -0.251314  -1.032188  -1.445114  -0.495723  -0.169194   0.008726  -0.094534   0.029844   0.144443  -0.054431  -0.011745 
  0.162416  -0.294961  -0.822923  -1.482299  -0.494978  -0.167819  -0.003943  -0.043647   0.209265  -0.037185   0.000745   0.001375 
  0.157841  -0.157923  -0.886356  -1.535183  -0.426796  -0.148568  -0.004575   0.137038  -0.063433  -0.052884   0.068182   0.019251 
  0.164390  -0.184129  -0.904110  -1.585489  -0.405769  -0.157162   0.006549  -0.026206  -0.017754  -0.050306   0.021027  -0.008594 
  0.166306  -0.271558  -0.757333  -1.582223  -0.422728  -0.154641   0.001916  -0.087429   0.146777   0.003266  -0.016959   0.002521 
  0.163792  -0.213067  -0.801545  -1.641696  -0.392992  -0.149771  -0.002514   0.058491  -0.044212  -0.059473   0.029736   0.004870 
  0.165498  -0.191263  -0.798477  -1.684897  -0.381132  -0.146333   0.001706   0.021804   0.003068  -0.043201   0.011860   0.003438 
  0.158526  -0.231250  -0.801728  -1.687418  -0.379241  -0.134187  -0.006972  -0.039987  -0.003251  -0.002521   0.001891   0.012146 
  0.165069  -0.293817  -0.674340  -1.688679  -0.392763  -0.141406   0.006543  -0.062567   0.127388  -0.001261  -0.013522  -0.007219 
  0.160068  -0.224154  -0.777539  -1.724030  -0.369386  -0.146162  -0.005001   0.069663  -0.103199  -0.035351   0.023377  -0.004756 
  0.153527  -0.215715  -0.813934  -1.757376  -0.368068  -0.132009  -0.006541   0.008439  -0.036395  -0.033346   0.001318   0.014153 
  0.161084  -0.272795  -0.760454  -1.757376  -0.376892  -0.136307   0.007557  -0.057080   0.053480   0.000000  -0.008824  -0.004298 
  0.162054  -0.307286  -0.715689  -1.729359  -0.370131  -0.144271   0.000970  -0.034491   0.044765   0.028017   0.006761  -0.007964 
  0.163367  -0.202840  -0.776258  -1.769981  -0.344806  -0.129947   0.001313   0.104446  -0.060569  -0.040622   0.025325   0.014324 
  0.161998  -0.231915  -0.784001  -1.806822  -0.350478  -0.130806  -0.001369  -0.029075  -0.007743  -0.036841  -0.005672  -0.000859 
  0.162763  -0.284626  -0.702791  -1.727754  -0.383423  -0.120780   0.000765  -0.052711   0.081210   0.079068  -0.032945   0.010026 
  0.158841  -0.243332  -0.757749  -1.768778  -0.345207  -0.122498  -0.003922   0.041294  -0.054958  -0.041024   0.038216  -0.001718 
  0.161412  -0.217982  -0.798119  -1.804244  -0.344004  -0.112071   0.002571   0.025350  -0.040370  -0.035466   0.001203   0.010427 
  0.159436  -0.274185  -0.740212  -1.823152  -0.350650  -0.130348  -0.001976  -0.056203   0.057907  -0.018908  -0.006646  -0.018277 
  0.161189  -0.305940  -0.715368  -1.798056  -0.347098  -0.133041   0.001753  -0.031755   0.024844   0.025096   0.003552  -0.002693 
  0.150520  -0.192313  -0.792795  -1.854492  -0.355692  -0.135103  -0.010669   0.113627  -0.077427  -0.056436  -0.008594  -0.002062 
  0.157709  -0.239145  -0.816912  -1.837991  -0.338675  -0.128686   0.007189  -0.046832  -0.024117   0.016501   0.017017   0.006417 
  0.154853  -0.304677  -0.710933  -1.851055  -0.361021  -0.116883  -0.002856  -0.065532   0.105979  -0.013064  -0.022346   0.011803 
  0.155442  -0.274222  -0.743909  -1.898095  -0.334894  -0.111211   0.000589   0.030455  -0.032976  -0.047040   0.026127   0.005672 
  0.156743  -0.234525  -0.770547  -1.911502  -0.345322  -0.113045   0.001301   0.039697  -0.026638  -0.013407  -0.010428  -0.001834 
  0.158945  -0.268606  -0.789689  -1.912304  -0.326013  -0.116310   0.002202  -0.034081  -0.019142  -0.000802   0.019309  -0.003265 
  0.170062  -0.295222  -0.722903  -1.902220  -0.332888  -0.123816   0.011117  -0.026616   0.066786   0.010084  -0.006875  -0.007506 
  0.170217  -0.221646  -0.759249  -1.910528  -0.341941  -0.125822   0.000155   0.073576  -0.036346  -0.008308  -0.009053  -0.002006 
  0.159390  -0.236146  -0.789310  -1.907319  -0.338675  -0.123702  -0.010827  -0.014500  -0.030061   0.003209   0.003266   0.002120 
  0.172155  -0.301552  -0.734855  -1.895516  -0.346869  -0.111097   0.012765  -0.065406   0.054455   0.011803  -0.008194   0.012605 
  0.159936  -0.253097  -0.773724  -1.885432  -0.331170  -0.111727  -0.012219   0.048455  -0.038869   0.010084   0.015699  -0.000630 
  0.165976  -0.211514  -0.797957  -1.867499  -0.329909  -0.115451   0.006040   0.041583  -0.024233   0.017933   0.001261  -0.003724 
  0.166134  -0.294358  -0.768734  -1.912934  -0.330482  -0.125879   0.000158  -0.082844   0.029223  -0.045435  -0.000573  -0.010428 
  0.166735  -0.286605  -0.739919  -1.943587  -0.323607  -0.128973   0.000601   0.007753   0.028815  -0.030653   0.006875  -0.003094 
  0.157155  -0.209400  -0.771677  -1.897694  -0.312262  -0.121352  -0.009580   0.077205  -0.031758   0.045893   0.011345   0.007621 
  0.155263  -0.272749  -0.786854  -1.852544  -0.337014  -0.126624  -0.001892  -0.063349  -0.015177   0.045150  -0.024752  -0.005272 
  0.122137  -0.162069  -1.045031  -1.131019  -0.288312  -0.141005  -0.033126   0.110680  -0.258177   0.721525   0.048702  -0.014381 
  0.135299  -0.249347  -1.251775  -1.135717  -0.265623  -0.143411   0.013162  -0.087278  -0.206744  -0.004698   0.022689  -0.002406 
  0.142717  -0.176288  -1.187902  -1.460183  -0.317247  -0.145703   0.007418   0.073059   0.063873  -0.324466  -0.051624  -0.002292 
  0.134108  -0.156675  -1.284441  -1.456688  -0.293068  -0.141922  -0.008609   0.019613  -0.096539   0.003495   0.024179   0.003781 
  0.142551  -0.221892  -1.185870  -1.400366  -0.350020  -0.164840   0.008443  -0.065217   0.098571   0.056322  -0.056952  -0.022918 
  0.144602  -0.259995  -1.065918  -1.439499  -0.366578  -0.144786   0.002051  -0.038103   0.119952  -0.039133  -0.016558   0.020054 
  0.146780  -0.125804  -1.115081  -1.520745  -0.329279  -0.142437   0.002178   0.134191  -0.049163  -0.081246   0.037299   0.002349 
  0.146261  -0.209372  -1.081980  -1.508082  -0.333060  -0.144672  -0.000519  -0.083568   0.033101   0.012663  -0.003781  -0.002235 
  0.145192  -0.224519  -1.033891  -1.523380  -0.342973  -0.146391  -0.001069  -0.015147   0.048089  -0.015298  -0.009913  -0.001719 
  0.138739  -0.124648  -1.150454  -1.570936  -0.335409  -0.152922  -0.006453   0.099871  -0.116563  -0.047556   0.007564  -0.006531 
  0.145782  -0.201712  -1.073748  -1.565722  -0.342514  -0.146047   0.007043  -0.077064   0.076706   0.005214  -0.007105   0.006875 
  0.147184  -0.262826  -0.957003  -1.559763  -0.371563  -0.158251   0.001402  -0.061114   0.116745   0.005959  -0.029049  -0.012204 
  0.143193  -0.131777  -1.058579  -1.609438  -0.342170  -0.154756  -0.003991   0.131049  -0.101576  -0.049675   0.029393   0.003495 
  0.143326  -0.179698  -1.073450  -1.649889  -0.346009  -0.143354   0.000133  -0.047921  -0.014871  -0.040451  -0.003839   0.011402 
  0.146725  -0.249772  -0.924647  -1.617517  -0.358213  -0.147537   0.003399  -0.070074   0.148803   0.032372  -0.012204  -0.004183 
  0.145638  -0.174921  -1.005834  -1.694465  -0.322117  -0.137510  -0.001087   0.074851  -0.081187  -0.076948   0.036096   0.010027 
  0.145788  -0.196105  -0.990130  -1.744828  -0.298110  -0.131150   0.000150  -0.021184   0.015704  -0.050363   0.024007   0.006360 
  0.149645  -0.229462  -1.000204  -1.777602  -0.306017  -0.125191   0.003857  -0.033357  -0.010074  -0.032774  -0.007907   0.005959 
  0.155243  -0.235264  -1.003500  -1.750902  -0.313236  -0.133556   0.005598  -0.005802  -0.003296   0.026700  -0.007219  -0.008365 
  0.141308  -0.249271  -0.919003  -1.700367  -0.345608  -0.143068  -0.013935  -0.014007   0.084497   0.050535  -0.032372  -0.009512 
  0.135596  -0.179318  -1.019309  -1.696356  -0.346811  -0.133556  -0.005712   0.069953  -0.100306   0.004011  -0.001203   0.009512 
  0.141535  -0.199194  -1.058002  -1.726093  -0.344233  -0.126624   0.005939  -0.019876  -0.038693  -0.029737   0.002578   0.006932 
  0.148822  -0.291502  -0.876280  -1.687762  -0.358041  -0.139859   0.007287  -0.092308   0.181722   0.038331  -0.013808  -0.013235 
  0.147856  -0.226650  -0.959623  -1.738698  -0.322403  -0.136135  -0.000966   0.064852  -0.083343  -0.050936   0.035638   0.003724 
  0.142707  -0.158320  -1.008157  -1.824298  -0.313007  -0.127311  -0.005149   0.068330  -0.048534  -0.085600   0.009396   0.008824 
  0.146414  -0.228221  -1.016886  -1.810317  -0.332659  -0.140203   0.003707  -0.069901  -0.008729   0.013981  -0.019652  -0.012892 
  0.145733  -0.261595  -0.935446  -1.818568  -0.357239  -0.141349  -0.000681  -0.033374   0.081440  -0.008251  -0.024580  -0.001146 
  0.142479  -0.178469  -0.992228  -1.810604  -0.342056  -0.133728  -0.003254   0.083126  -0.056782   0.007964   0.015183   0.007621 
  0.138265  -0.204196  -1.031040  -1.788201  -0.327159  -0.127254  -0.004214  -0.025727  -0.038812   0.022403   0.014897   0.006474 
  0.133196  -0.189010  -1.116560  -1.695669  -0.360505  -0.131952  -0.005069   0.015186  -0.085520   0.092532  -0.033346  -0.004698 
  0.149089  -0.281105  -0.988409  -1.619064  -0.376319  -0.143583   0.015893  -0.092095   0.128151   0.076605  -0.015814  -0.011631 
  0.143081  -0.205108  -1.054309  -1.647712  -0.349733  -0.126624  -0.006008   0.075997  -0.065900  -0.028648   0.026586   0.016959 
  0.143046  -0.157111  -1.083369  -1.696528  -0.341024  -0.131207  -0.000035   0.047997  -0.029060  -0.048816   0.008709  -0.004583 
  0.147723  -0.221613  -1.045945  -1.734859  -0.344978  -0.143297   0.004677  -0.064502   0.037424  -0.038331  -0.003954  -0.012090 
  0.148659  -0.257604  -0.944749  -1.740932  -0.362740  -0.138885   0.000936  -0.035991   0.101196  -0.006073  -0.017762   0.004412 
  0.152079  -0.067750  -1.029005  -1.728614  -0.319080  -0.130291   0.003420   0.189854  -0.084256   0.012318   0.043660   0.008594 
  0.151729  -0.108674  -1.031878  -1.669313  -0.334034  -0.118488  -0.000350  -0.040924  -0.002873   0.059301  -0.014954   0.011803 
  0.149385  -0.197337  -0.884094  -1.691314  -0.360963  -0.128171  -0.002344  -0.088663   0.147784  -0.022001  -0.026929  -0.009683 
  0.149466  -0.153438  -0.968512  -1.775711  -0.345379  -0.136650   0.000081   0.043899  -0.084418  -0.084397   0.015584  -0.008479 
  0.149403  -0.113005  -1.021350  -1.795134  -0.322060  -0.131838  -0.000063   0.040433  -0.052838  -0.019423   0.023319   0.004812 
  0.152823  -0.203659  -0.940540  -1.775081  -0.341368  -0.133385   0.003420  -0.090654   0.080810   0.020053  -0.019308  -0.001547 
  0.152566  -0.227621  -0.917791  -1.787055  -0.350593  -0.132124  -0.000257  -0.023962   0.022749  -0.011974  -0.009225   0.001261 
  0.153061  -0.107024  -1.003942  -1.848362  -0.322862  -0.130520   0.000495   0.120597  -0.086151  -0.061307   0.027731   0.001604 
  0.154189  -0.185154  -1.000432  -1.890016  -0.322518  -0.124045   0.001128  -0.078130   0.003510  -0.041654   0.000344   0.006475 
  0.153363  -0.256699  -0.881693  -1.877583  -0.333060  -0.129775  -0.000826  -0.071545   0.118739   0.012433  -0.010542  -0.005730 
  0.151092  -0.176015  -0.949783  -1.903538  -0.305043  -0.129202  -0.002271   0.080684  -0.068090  -0.025955   0.028017   0.000573 
  0.140238  -0.156308  -0.898484  -1.859076  -0.361422  -0.122498  -0.010854   0.019707   0.051299   0.044462  -0.056379   0.006704 
  0.146797  -0.300785  -0.670025  -1.877926  -0.388924  -0.115050   0.006559  -0.144477   0.228459  -0.018850  -0.027502   0.007448 
  0.145103  -0.261540  -0.681269  -1.939176  -0.377522  -0.104909  -0.001694   0.039245  -0.011244  -0.061250   0.011402   0.010141 
  0.139219  -0.173258  -0.712214  -1.936712  -0.387549  -0.125592  -0.005884   0.088282  -0.030945   0.002464  -0.010027  -0.020683 
  0.145403  -0.202764  -0.800271  -1.961292  -0.323893  -0.108518   0.006184  -0.029506  -0.088057  -0.024580   0.063656   0.017074 
  0.146283  -0.243767  -0.767449  -1.979569  -0.321716  -0.128973   0.000880  -0.041003   0.032822  -0.018277   0.002177  -0.020455 
  0.141353  -0.234158  -0.818483  -2.003977  -0.323320  -0.111440  -0.004930   0.009609  -0.051034  -0.024408  -0.001604   0.017533 
  0.144819  -0.142203  -0.851865  -2.066143  -0.279030  -0.109148   0.003466   0.091955  -0.033382  -0.062166   0.044290   0.002292 
  0.143604  -0.247826  -0.793275  -2.020020  -0.317075  -0.108690  -0.001215  -0.105623   0.058590   0.046123  -0.038045   0.000458 
  0.141698  -0.287948  -0.755971  -2.061330  -0.340108  -0.101757  -0.001906  -0.040122   0.037304  -0.041310  -0.023033   0.006933 
  0.138087  -0.169728  -0.839721  -2.072045  -0.306017  -0.096200  -0.003611   0.118220  -0.083750  -0.010715   0.034091   0.005557 
  0.142820  -0.213165  -0.861851  -2.071242  -0.311746  -0.105883   0.004733  -0.043437  -0.022130   0.000803  -0.005729  -0.009683 
  0.142142  -0.293350  -0.762903  -2.036922  -0.326815  -0.100268  -0.000678  -0.080185   0.098948   0.034320  -0.015069   0.005615 
  0.140870  -0.223626  -0.821015  -2.071242  -0.306246  -0.101414  -0.001272   0.069724  -0.058112  -0.034320   0.020569  -0.001146 
  0.141633  -0.202272  -0.829809  -2.110834  -0.303840  -0.093507   0.000763   0.021354  -0.008794  -0.039592   0.002406   0.007907 
  0.143843  -0.253801  -0.800286  -2.093702  -0.303668  -0.097002   0.002210  -0.051529   0.029523   0.017132   0.000172  -0.003495 
  0.143494  -0.292039  -0.747436  -2.108313  -0.306017  -0.100497  -0.000349  -0.038238   0.052850  -0.014611  -0.002349  -0.003495 
  0.138187  -0.213204  -0.837814  -2.101552  -0.302293  -0.100898  -0.005307   0.078835  -0.090378   0.006761   0.003724  -0.000401 
  0.137135  -0.251174  -0.833035  -2.143435  -0.293297  -0.090355  -0.001052  -0.037970   0.004779  -0.041883   0.008996   0.010543 
  0.142240  -0.319378  -0.723099  -2.148019  -0.306762  -0.098606   0.005105  -0.068204   0.109936  -0.004584  -0.013465  -0.008251 
  0.140783  -0.240863  -0.808790  -2.146930  -0.298740  -0.102502  -0.001457   0.078515  -0.085691   0.001089   0.008022  -0.003896 
  0.138551  -0.207468  -0.836670  -2.187324  -0.300631  -0.095970  -0.002232   0.033395  -0.027880  -0.040394  -0.001891   0.006532 
  0.141933  -0.288005  -0.743684  -2.187496  -0.297480  -0.095913   0.003382  -0.080537   0.092986  -0.000172   0.003151   0.000057 
  0.140748  -0.317816  -0.711653  -2.170307  -0.297594  -0.097231  -0.001185  -0.029811   0.032031   0.017189  -0.000114  -0.001318 
  0.141628  -0.192173  -0.801371  -2.186235  -0.299141  -0.096601   0.000880   0.125643  -0.089718  -0.015928  -0.001547   0.000630 
  0.132836  -0.260068  -0.763535  -2.202507  -0.293354  -0.095684  -0.008792  -0.067895   0.037836  -0.016272   0.005787   0.000917 
  0.140289  -0.321495  -0.673805  -2.196262  -0.326013  -0.098033   0.007453  -0.061427   0.089730   0.006245  -0.032659  -0.002349 
  0.139246  -0.218284  -0.784750  -2.222217  -0.292323  -0.100325  -0.001043   0.103211  -0.110945  -0.025955   0.033690  -0.002292 
  0.138348  -0.228744  -0.810987  -2.208065  -0.294271  -0.098434  -0.000898  -0.010460  -0.026237   0.014152  -0.001948   0.001891 
  0.139589  -0.298850  -0.704520  -2.205315  -0.301319  -0.102903   0.001241  -0.070106   0.106467   0.002750  -0.007048  -0.004469 
  0.134763  -0.310586  -0.742154  -2.240265  -0.288312  -0.097861  -0.004826  -0.011736  -0.037634  -0.034950   0.013007   0.005042 
  0.133115  -0.195055  -0.866275  -2.258714  -0.285047  -0.102330  -0.001648   0.115531  -0.124121  -0.018449   0.003265  -0.004469 
  0.129263  -0.263137  -0.843587  -2.238088  -0.283385  -0.100726  -0.003852  -0.068082   0.022688   0.020626   0.001662   0.001604 
  0.135052  -0.321225  -0.717199  -2.231384  -0.313236  -0.101299   0.005789  -0.058088   0.126388   0.006704  -0.029851  -0.000573 
  0.132261  -0.234266  -0.792250  -2.236140  -0.280062  -0.092189  -0.002791   0.086959  -0.075051  -0.004756   0.033174   0.009110 
  0.133056  -0.221898  -0.820582  -2.243474  -0.273186  -0.095913   0.000795   0.012368  -0.028332  -0.007334   0.006876  -0.003724 
  0.134259  -0.307979  -0.719152  -2.222561  -0.299600  -0.086975   0.001203  -0.086081   0.101430   0.020913  -0.026414   0.008938 
  0.134490  -0.262489  -0.778445  -2.236541  -0.293813  -0.092132   0.000231   0.045490  -0.059293  -0.013980   0.005787  -0.005157 
  0.136475  -0.199428  -0.812511  -2.253328  -0.288484  -0.095455   0.001985   0.063061  -0.034066  -0.016787   0.005329  -0.003323 
  0.133326  -0.285232  -0.758919  -2.247026  -0.295188  -0.093621  -0.003149  -0.085804   0.053592   0.006302  -0.006704   0.001834 
  0.136747  -0.303325  -0.757302  -2.268856  -0.287911  -0.096314   0.003421  -0.018093   0.001617  -0.021830   0.007277  -0.002693 
  0.137439  -0.197973  -0.807019  -2.256308  -0.282239  -0.098377   0.000692   0.105352  -0.049717   0.012548   0.005672  -0.002063 
  0.144386  -0.278221  -0.776986  -2.285701  -0.276796  -0.099809   0.006947  -0.080248   0.030033  -0.029393   0.005443  -0.001432 
  0.140649  -0.320596  -0.725433  -2.284154  -0.289687  -0.100783  -0.003737  -0.042375   0.051553   0.001547  -0.012891  -0.000974 
  0.141447  -0.240909  -0.790825  -2.294352  -0.283156  -0.094080   0.000798   0.079687  -0.065392  -0.010198   0.006531   0.006703 
  0.141630  -0.267641  -0.794920  -2.334345  -0.279603  -0.086001   0.000183  -0.026732  -0.004095  -0.039993   0.003553   0.008079 
  0.144963  -0.325916  -0.679103  -2.279971  -0.319882  -0.083308   0.003333  -0.058275   0.115817   0.054374  -0.040279   0.002693 
  0.140433  -0.255255  -0.776792  -2.319734  -0.278744  -0.092647  -0.004530   0.070661  -0.097689  -0.039763   0.041138  -0.009339 
  0.142233  -0.262125  -0.790978  -2.322771  -0.288599  -0.085543   0.001800  -0.006870  -0.014186  -0.003037  -0.009855   0.007104 
  0.142227  -0.341798  -0.686319  -2.291430  -0.290432  -0.076089  -0.000006  -0.079673   0.104659   0.031341  -0.001833   0.009454 
  0.142526  -0.266573  -0.778140  -2.313145  -0.281150  -0.089840   0.000299   0.075225  -0.091821  -0.021715   0.009282  -0.013751 
  0.146410  -0.247791  -0.805093  -2.329417  -0.277827  -0.081245   0.003884   0.018782  -0.026953  -0.016272   0.003323   0.008595 
  0.147005  -0.307161  -0.731868  -2.289654  -0.312090  -0.081417   0.000595  -0.059370   0.073225   0.039763  -0.034263  -0.000172 
  0.143440  -0.296146  -0.777098  -2.297733  -0.287682  -0.086058  -0.003565   0.011015  -0.045230  -0.008079   0.024408  -0.004641 
  0.146307  -0.238893  -0.810024  -2.309306  -0.275535  -0.081188   0.002867   0.057253  -0.032926  -0.011573   0.012147   0.004870 
  0.143694  -0.310774  -0.747026  -2.304035  -0.274160  -0.080902  -0.002613  -0.071881   0.062998   0.005271   0.001375   0.000286 
  0.136643  -0.336280  -0.694771  -2.265074  -0.294099  -0.088751  -0.007051  -0.025506   0.052255   0.038961  -0.019939  -0.007849 
  0.139758  -0.224558  -0.819925  -2.306384  -0.276911  -0.084970   0.003115   0.111722  -0.125154  -0.041310   0.017188   0.003781 
  0.140367  -0.264893  -0.827075  -2.306041  -0.273072  -0.089439   0.000609  -0.040335  -0.007150   0.000343   0.003839  -0.004469 
  0.139922  -0.328293  -0.732053  -2.301858  -0.306246  -0.093908  -0.000445  -0.063400   0.095022   0.004183  -0.033174  -0.004469 
  0.136059  -0.293725  -0.791915  -2.315322  -0.290833  -0.101585  -0.003863   0.034568  -0.059862  -0.013464   0.015413  -0.007677 
  0.137660  -0.232859  -0.826908  -2.337496  -0.274619  -0.087663   0.001601   0.060866  -0.034993  -0.022174   0.016214   0.013922 
  0.137714  -0.294558  -0.789486  -2.337439  -0.289115  -0.087720   0.000054  -0.061699   0.037422   0.000057  -0.014496  -0.000057 
  0.144046  -0.338945  -0.711009  -2.306785  -0.314726  -0.102502   0.006332  -0.044387   0.078477   0.030654  -0.025611  -0.014782 
  0.143935  -0.258490  -0.777979  -2.350960  -0.285448  -0.085772  -0.000111   0.080455  -0.066970  -0.044175   0.029278   0.016730 
  0.143125  -0.271619  -0.817157  -2.348382  -0.292208  -0.091559  -0.000810  -0.013129  -0.039178   0.002578  -0.006760  -0.005787 
  0.143446  -0.329817  -0.737092  -2.339100  -0.285505  -0.087892   0.000321  -0.058198   0.080065   0.009282   0.006703   0.003667 
  0.144347  -0.314067  -0.782807  -2.349471  -0.287911  -0.091731   0.000901   0.015750  -0.045715  -0.010371  -0.002406  -0.003839 
  0.142532  -0.263687  -0.788301  -2.370441  -0.272327  -0.085485  -0.001815   0.050380  -0.005494  -0.020970   0.015584   0.006246 
  0.142948  -0.290461  -0.781686  -2.360128  -0.267686  -0.090069   0.000416  -0.026774   0.006615   0.010313   0.004641  -0.004584 
  0.146980  -0.335362  -0.721169  -2.365342  -0.248893  -0.075917   0.004032  -0.044901   0.060517  -0.005214   0.018793   0.014152 
  0.146903  -0.257245  -0.799031  -2.384822  -0.223855  -0.074255  -0.000077   0.078117  -0.077862  -0.019480   0.025038   0.001662 
  0.144073  -0.294624  -0.787484  -2.372045  -0.261441  -0.085371  -0.002830  -0.037379   0.011547   0.012777  -0.037586  -0.011116 
  0.134039  -0.345956  -0.711705  -2.341106  -0.270035  -0.075917  -0.010034  -0.051332   0.075779   0.030939  -0.008594   0.009454 
  0.138359  -0.270348  -0.805063  -2.375025  -0.261441  -0.101986   0.004320   0.075608  -0.093358  -0.033919   0.008594  -0.026069 
  0.136860  -0.268738  -0.804736  -2.342080  -0.261613  -0.089782  -0.001499   0.001610   0.000327   0.032945  -0.000172   0.012204 
  0.141446  -0.344204  -0.717184  -2.335147  -0.277598  -0.091788   0.004586  -0.075466   0.087552   0.006933  -0.015985  -0.002006 
  0.140117  -0.258840  -0.820743  -2.349184  -0.263389  -0.090928  -0.001329   0.085364  -0.103559  -0.014037   0.014209   0.000860 
  0.137853  -0.238569  -0.855287  -2.344429  -0.270321  -0.098606  -0.002264   0.020271  -0.034544   0.004755  -0.006932  -0.007678 
  0.139112  -0.290964  -0.774376  -2.292863  -0.269118  -0.095741   0.001259  -0.052395   0.080911   0.051566   0.001203   0.002865 
  0.139965  -0.309857  -0.791700  -2.323974  -0.275535  -0.097403   0.000853  -0.018893  -0.017324  -0.031111  -0.006417  -0.001662 
  0.130110  -0.227965  -0.840966  -2.353825  -0.263045  -0.102445  -0.009855   0.081892  -0.049266  -0.029851   0.012490  -0.005042 
  0.135685  -0.282794  -0.835627  -2.338699  -0.272327  -0.098262   0.005575  -0.054829   0.005339   0.015126  -0.009282   0.004183 
  0.133670  -0.335003  -0.738562  -2.328730  -0.294214  -0.094080  -0.002015  -0.052209   0.097065   0.009969  -0.021887   0.004182 
  0.134042  -0.267715  -0.826463  -2.365800  -0.273530  -0.093908   0.000372   0.067288  -0.087901  -0.037070   0.020684   0.000172 
  0.137928  -0.263242  -0.845848  -2.340819  -0.268717  -0.098778   0.003886   0.004473  -0.019385   0.024981   0.004813  -0.004870 
  0.140088  -0.307544  -0.790410  -2.334115  -0.283614  -0.105080   0.002160  -0.044302   0.055438   0.006704  -0.014897  -0.006302 
  0.139789  -0.330798  -0.756394  -2.332397  -0.290891  -0.104508  -0.000299  -0.023254   0.034016   0.001718  -0.007277   0.000572 
  0.139295  -0.227939  -0.837042  -2.349127  -0.270837  -0.106284  -0.000494   0.102859  -0.080648  -0.016730   0.020054  -0.001776 
  0.139816  -0.261948  -0.832092  -2.361216  -0.269978  -0.112586   0.000521  -0.034009   0.004950  -0.012089   0.000859  -0.006302 
  0.149348  -0.324723  -0.742256  -2.342309  -0.280406  -0.113675   0.009532  -0.062775   0.089836   0.018907  -0.010428  -0.001089 
  0.141662  -0.287301  -0.796470  -2.366029  -0.270493  -0.101528  -0.007686   0.037422  -0.054214  -0.023720   0.009913   0.012147 
  0.143319  -0.238325  -0.818070  -2.384364  -0.278286  -0.106513   0.001657   0.048976  -0.021600  -0.018335  -0.007793  -0.004985 
  0.143512  -0.319811  -0.739330  -2.352851  -0.278801  -0.102216   0.000193  -0.081486   0.078740   0.031513  -0.000515   0.004297 
  0.144675  -0.346296  -0.722007  -2.364769  -0.298110  -0.107029   0.001163  -0.026485   0.017323  -0.011918  -0.019309  -0.004813 
  0.141498  -0.259602  -0.792347  -2.376285  -0.276509  -0.097231  -0.003177   0.086694  -0.070340  -0.011516   0.021601   0.009798 
  0.143503  -0.312093  -0.773794  -2.362019  -0.285677  -0.099179   0.002005  -0.052491   0.018553   0.014266  -0.009168  -0.001948 
  0.145239  -0.353022  -0.714330  -2.352622  -0.299829  -0.101700   0.001736  -0.040929   0.059464   0.009397  -0.014152  -0.002521 
  0.145848  -0.264049  -0.785632  -2.367462  -0.278457  -0.091387   0.000609   0.088973  -0.071302  -0.014840   0.021372   0.010313 
  0.145010  -0.289994  -0.786418  -2.373420  -0.275134  -0.094366  -0.000838  -0.025945  -0.000786  -0.005958   0.003323  -0.002979 
  0.139985  -0.345585  -0.686771  -2.341392  -0.296162  -0.091559  -0.005025  -0.055591   0.099647   0.032028  -0.021028   0.002807 
  0.142046  -0.300859  -0.781354  -2.363164  -0.272728  -0.097174   0.002061   0.044726  -0.094583  -0.021772   0.023434  -0.005615 
  0.142116  -0.274625  -0.824217  -2.320078  -0.286250  -0.095340   0.000070   0.026234  -0.042863   0.043086  -0.013522   0.001834 
  0.139029  -0.336378  -0.744610  -2.339501  -0.288312  -0.095512  -0.003087  -0.061753   0.079607  -0.019423  -0.002062  -0.000172 
  0.139624  -0.327261  -0.768523  -2.359383  -0.273244  -0.099695   0.000595   0.009117  -0.023913  -0.019882   0.015068  -0.004183 
  0.139832  -0.257484  -0.810630  -2.358180  -0.264191  -0.103304   0.000208   0.069777  -0.042107   0.001203   0.009053  -0.003609 
  0.139079  -0.300523  -0.791351  -2.363451  -0.277598  -0.081990  -0.000753  -0.043039   0.019279  -0.005271  -0.013407   0.021314 
  0.142376  -0.345537  -0.707298  -2.331537  -0.276911  -0.095226   0.003297  -0.045014   0.084053   0.031914   0.000687  -0.013236 
  0.133617  -0.255280  -0.797732  -2.376858  -0.264764  -0.081704  -0.008759   0.090257  -0.090434  -0.045321   0.012147   0.013522 
  0.136129  -0.277582  -0.812089  -2.382702  -0.243106  -0.082277   0.002512  -0.022302  -0.014357  -0.005844   0.021658  -0.000573 
  0.139090  -0.319184  -0.741684  -2.370326  -0.282411  -0.084053   0.002961  -0.041602   0.070405   0.012376  -0.039305  -0.001776 
  0.136305  -0.330859  -0.746091  -2.364024  -0.270150  -0.086459  -0.002785  -0.011675  -0.004407   0.006302   0.012261  -0.002406 
  0.136580  -0.227694  -0.832164  -2.395537  -0.257602  -0.093449   0.000275   0.103165  -0.086073  -0.031513   0.012548  -0.006990 
  0.135093  -0.296001  -0.783773  -2.377889  -0.271525  -0.087834  -0.001487  -0.068307   0.048391   0.017648  -0.013923   0.005615 
  0.140985  -0.334008  -0.733430  -2.371243  -0.277426  -0.096944   0.005892  -0.038007   0.050343   0.006646  -0.005901  -0.009110 
  0.140154  -0.250493  -0.824091  -2.394505  -0.256055  -0.093736  -0.000831   0.083515  -0.090661  -0.023262   0.021371   0.003208 
  0.136919  -0.294771  -0.827329  -2.388718  -0.278973  -0.096830  -0.003235  -0.044278  -0.003238   0.005787  -0.022918  -0.003094 
  0.139797  -0.344760  -0.824627  -2.395250  -0.274218  -0.100268   0.002878  -0.049989   0.002702  -0.006532   0.004755  -0.003438 
  0.140258  -0.264070  -0.970847  -2.454265  -0.257029  -0.094710   0.000461   0.080690  -0.146220  -0.059015   0.017189   0.005558 
  0.140645  -0.283662  -0.918388  -2.440055  -0.260810  -0.090413   0.000387  -0.019592   0.052459   0.014210  -0.003781   0.004297 
  0.141413  -0.377177  -0.740697  -2.411293  -0.280119  -0.089038   0.000768  -0.093515   0.177691   0.028762  -0.019309   0.001375 
  0.141083  -0.332000  -0.776038  -2.416851  -0.265337  -0.089668  -0.000330   0.045177  -0.035341  -0.005558   0.014782  -0.000630 
  0.136774  -0.263870  -0.825216  -2.412382  -0.264019  -0.085714  -0.004309   0.068130  -0.049178   0.004469   0.001318   0.003954 
  0.143652  -0.337795  -0.732085  -2.378863  -0.281723  -0.100955   0.006878  -0.073925   0.093131   0.033519  -0.017704  -0.015241 
  0.146083  -0.321698  -0.776951  -2.411236  -0.270837  -0.092590   0.002431   0.016097  -0.044866  -0.032373   0.010886   0.008365 
  0.147793  -0.267190  -0.796880  -2.423554  -0.255482  -0.086746   0.001710   0.054508  -0.019929  -0.012318   0.015355   0.005844 
  0.137927  -0.369020  -0.664437  -2.388776  -0.269978  -0.083308  -0.009866  -0.101830   0.132443   0.034778  -0.014496   0.003438 
  0.141148  -0.289059  -0.757308  -2.421148  -0.267399  -0.097976   0.003221   0.079961  -0.092871  -0.032372   0.002579  -0.014668 
  0.135476  -0.270907  -0.865780  -2.390093  -0.276796  -0.099981  -0.005672   0.018152  -0.108472   0.031055  -0.009397  -0.002005 
  0.135560  -0.309801  -0.902263  -2.352164  -0.293183  -0.111555   0.000084  -0.038894  -0.036483   0.037929  -0.016387  -0.011574 
  0.139226  -0.388860  -0.755335  -2.302717  -0.309856  -0.109550   0.003666  -0.079059   0.146928   0.049447  -0.016673   0.002005 
  0.140167  -0.273595  -0.856948  -2.419142  -0.278629  -0.094653   0.000941   0.115265  -0.101613  -0.116425   0.031227   0.014897 
  0.139844  -0.296453  -0.882426  -2.447848  -0.275192  -0.092189  -0.000323  -0.022858  -0.025478  -0.028706   0.003437   0.002464 
  0.139843  -0.357672  -0.753839  -2.395766  -0.280520  -0.098033  -0.000001  -0.061219   0.128587   0.052082  -0.005328  -0.005844 
  0.145649  -0.336555  -0.772239  -2.394906  -0.296162  -0.108346   0.005806   0.021117  -0.018400   0.000860  -0.015642  -0.010313 
  0.141809  -0.263836  -0.842435  -2.414215  -0.265738  -0.099408  -0.003840   0.072719  -0.070196  -0.019309   0.030424   0.008938 
  0.140061  -0.310646  -0.819722  -2.421033  -0.270551  -0.094423  -0.001748  -0.046810   0.022713  -0.006818  -0.004813   0.004985 
  0.144858  -0.373730  -0.680331  -2.394849  -0.314382  -0.109492   0.004797  -0.063084   0.139391   0.026184  -0.043831  -0.015069 
  0.142036  -0.290370  -0.801648  -2.413986  -0.277254  -0.099867  -0.002822   0.083360  -0.121317  -0.019137   0.037128   0.009625 
  0.138533  -0.272681  -0.843592  -2.425158  -0.276739  -0.100210  -0.003503   0.017689  -0.041944  -0.011172   0.000515  -0.000343 
  0.137677  -0.337922  -0.767705  -2.401094  -0.282583  -0.082563  -0.000856  -0.065241   0.075887   0.024064  -0.005844   0.017647 
  0.132918  -0.366762  -0.721362  -2.386255  -0.289573  -0.087491  -0.004759  -0.028840   0.046343   0.014839  -0.006990  -0.004928 
  0.137330  -0.269465  -0.813632  -2.435987  -0.278228  -0.085256   0.004412   0.097297  -0.092270  -0.049732   0.011345   0.002235 
  0.136416  -0.301273  -0.818294  -2.430372  -0.275364  -0.094252  -0.000914  -0.031808  -0.004662   0.005615   0.002864  -0.008996 
  0.137033  -0.363013  -0.733052  -2.408772  -0.297365  -0.098262   0.000617  -0.061740   0.085242   0.021600  -0.022001  -0.004010 
  0.138569  -0.269425  -0.830833  -2.432435  -0.281150  -0.096830   0.001536   0.093588  -0.097781  -0.023663   0.016215   0.001432 
  0.133014  -0.262733  -0.851649  -2.446186  -0.269634  -0.092475  -0.005555   0.006692  -0.020816  -0.013751   0.011516   0.004355 
  0.133787  -0.318704  -0.774329  -2.410204  -0.285677  -0.093220   0.000773  -0.055971   0.077320   0.035982  -0.016043  -0.000745 
  0.129951  -0.341541  -0.778905  -2.417595  -0.289630  -0.092762  -0.003836  -0.022837  -0.004576  -0.007391  -0.003953   0.000458 
  0.140144  -0.236568  -0.860891  -2.451056  -0.264936  -0.098205   0.010193   0.104973  -0.081986  -0.033461   0.024694  -0.005443 
  0.137640  -0.300089  -0.803064  -2.418226  -0.272671  -0.094939  -0.002504  -0.063521   0.057827   0.032830  -0.007735   0.003266 
  0.139057  -0.359467  -0.768682  -2.408657  -0.279030  -0.094710   0.001417  -0.059378   0.034382   0.009569  -0.006359   0.000229 
  0.138531  -0.260489  -0.842822  -2.461828  -0.268946  -0.091902  -0.000526   0.098978  -0.074140  -0.053171   0.010084   0.002808 
  0.126831  -0.320352  -0.773302  -2.435873  -0.320684  -0.085313  -0.011700  -0.059863   0.069520   0.025955  -0.051738   0.006589 
  0.132749  -0.363555  -0.715057  -2.419715  -0.302178  -0.081589   0.005918  -0.043203   0.058245   0.016158   0.018506   0.003724 
  0.140353  -0.255219  -0.836775  -2.442519  -0.280807  -0.092189   0.007604   0.108336  -0.121718  -0.022804   0.021371  -0.010600 
  0.139004  -0.304734  -0.783484  -2.405334  -0.288943  -0.088980  -0.001349  -0.049515   0.053291   0.037185  -0.008136   0.003209 
  0.135359  -0.344079  -0.767622  -2.422294  -0.289573  -0.087892  -0.003645  -0.039345   0.015862  -0.016960  -0.000630   0.001088 
  0.133212  -0.254989  -0.838684  -2.454093  -0.269577  -0.089439  -0.002147   0.089090  -0.071062  -0.031799   0.019996  -0.001547 
  0.126219  -0.315768  -0.811292  -2.454036  -0.259149  -0.100554  -0.006993  -0.060779   0.027392   0.000057   0.010428  -0.011115 
  0.132086  -0.354788  -0.754066  -2.444066  -0.269634  -0.100611   0.005867  -0.039020   0.057226   0.009970  -0.010485  -0.000057 
  0.132622  -0.265920  -0.839883  -2.478959  -0.256914  -0.106456   0.000536   0.088868  -0.085817  -0.034893   0.012720  -0.005845 
  0.131590  -0.302190  -0.843177  -2.471224  -0.252674  -0.105825  -0.001032  -0.036270  -0.003294   0.007735   0.004240   0.000631 
  0.131314  -0.359899  -0.725157  -2.440399  -0.284244  -0.104336  -0.000276  -0.057709   0.118020   0.030825  -0.031570   0.001489 
  0.141263  -0.297102  -0.813468  -2.472313  -0.258748  -0.105424   0.009949   0.062797  -0.088311  -0.031914   0.025496  -0.001088 
  0.136940  -0.285062  -0.843103  -2.463604  -0.262529  -0.108690  -0.004323   0.012040  -0.029635   0.008709  -0.003781  -0.003266 
  0.131268  -0.338564  -0.758222  -2.435758  -0.284474  -0.094825  -0.005672  -0.053502   0.084881   0.027846  -0.021945   0.013865 
  0.138822  -0.318988  -0.800284  -2.466698  -0.286021  -0.108747   0.007554   0.019576  -0.042062  -0.030940  -0.001547  -0.013922 
  0.136386  -0.249447  -0.848388  -2.473172  -0.269405  -0.103362  -0.002436   0.069541  -0.048104  -0.006474   0.016616   0.005385 
  0.134973  -0.331212  -0.775145  -2.430716  -0.285161  -0.092246  -0.001413  -0.081765   0.073243   0.042456  -0.015756   0.011116 
  0.138375  -0.330328  -0.788568  -2.453062  -0.276796  -0.111268   0.003402   0.000884  -0.013423  -0.022346   0.008365  -0.019022 
  0.137051  -0.258360  -0.872143  -2.487840  -0.265222  -0.105138  -0.001324   0.071968  -0.083575  -0.034778   0.011574   0.006130 
  0.134811  -0.321253  -0.824639  -2.499414  -0.278572  -0.103992  -0.002240  -0.062893   0.047504  -0.011574  -0.013350   0.001146 
  0.132345  -0.343796  -0.798443  -2.486923  -0.307793  -0.097346  -0.002466  -0.022543   0.026196   0.012491  -0.029221   0.006646 
  0.129170  -0.256020  -0.890141  -2.493742  -0.287797  -0.106799  -0.003175   0.087776  -0.091698  -0.006819   0.019996  -0.009453 
  0.133782  -0.328747  -0.824479  -2.463203  -0.297079  -0.099637   0.004612  -0.072727   0.065662   0.030539  -0.009282   0.007162 
  0.133442  -0.331022  -0.867812  -2.477928  -0.284130  -0.104508  -0.000340  -0.002275  -0.043333  -0.014725   0.012949  -0.004871 
  0.133045  -0.269783  -0.890803  -2.507607  -0.284359  -0.098491  -0.000397   0.061239  -0.022991  -0.029679  -0.000229   0.006017 
  0.133211  -0.353756  -0.809743  -2.480793  -0.296276  -0.111039   0.000166  -0.083973   0.081060   0.026814  -0.011917  -0.012548 
  0.131764  -0.261621  -0.922606  -2.501419  -0.269405  -0.104049  -0.001447   0.092135  -0.112863  -0.020626   0.026871   0.006990 
  0.130569  -0.298852  -0.898806  -2.482798  -0.282525  -0.109034  -0.001195  -0.037231   0.023800   0.018621  -0.013120  -0.004985 
  0.132895  -0.334570  -0.858288  -2.474204  -0.279489  -0.107372   0.002326  -0.035718   0.040518   0.008594   0.003036   0.001662 
  0.128161  -0.250228  -0.943968  -2.521759  -0.272900  -0.107773  -0.004734   0.084342  -0.085680  -0.047555   0.006589  -0.000401 
  0.125928  -0.319056  -0.893012  -2.493684  -0.280176  -0.108518  -0.002233  -0.068828   0.050956   0.028075  -0.007276  -0.000745 
  0.134926  -0.337144  -0.875021  -2.465781  -0.272556  -0.116883   0.008998  -0.018088   0.017991   0.027903   0.007620  -0.008365 
  0.126097  -0.252126  -0.922688  -2.488871  -0.270035  -0.109148  -0.008829   0.085018  -0.047667  -0.023090   0.002521   0.007735 
  0.134700  -0.340501  -0.845143  -2.465953  -0.282296  -0.107372   0.008603  -0.088375   0.077545   0.022918  -0.012261   0.001776 
  0.144750  -0.370344  -0.904046  -2.513566  -0.251414  -0.098320   0.010050  -0.029843  -0.058903  -0.047613   0.030882   0.009052 
  0.138338  -0.241637  -0.899266  -2.512821  -0.246143  -0.108690  -0.006412   0.128707   0.004780   0.000745   0.005271  -0.010370 
  0.136408  -0.349855  -0.614822  -2.490705  -0.209874  -0.114305  -0.001930  -0.108218   0.284444   0.022116   0.036269  -0.005615 
  0.137246  -0.355895  -0.543671  -2.479704  -0.232334  -0.113560   0.000838  -0.006040   0.071151   0.011001  -0.022460   0.000745 
  0.136036  -0.332033  -0.581939  -2.525713  -0.212682  -0.110982  -0.001210   0.023862  -0.038268  -0.046009   0.019652   0.002578 
  0.136289  -0.263563  -0.607894  -2.530583  -0.209130  -0.116712   0.000253   0.068470  -0.025955  -0.004870   0.003552  -0.005730 
  0.142174  -0.339933  -0.547151  -2.506060  -0.212625  -0.132239   0.005885  -0.076370   0.060743   0.024523  -0.003495  -0.015527 
  0.139279  -0.348051  -0.543393  -2.485434  -0.218010  -0.118144  -0.002895  -0.008118   0.003758   0.020626  -0.005385   0.014095 
  0.138252  -0.231261  -0.614892  -2.525598  -0.234741  -0.116826  -0.001027   0.116790  -0.071499  -0.040164  -0.016731   0.001318 
  0.143440  -0.323641  -0.565933  -2.513795  -0.226089  -0.112529   0.005188  -0.092380   0.048959   0.011803   0.008652   0.004297 
  0.140027  -0.365660  -0.535877  -2.506003  -0.241731  -0.108117  -0.003413  -0.042019   0.030056   0.007792  -0.015642   0.004412 
  0.140370  -0.266332  -0.595592  -2.551897  -0.240757  -0.113961   0.000343   0.099328  -0.059715  -0.045894   0.000974  -0.005844 
  0.139521  -0.311614  -0.581080  -2.530010  -0.240413  -0.109206  -0.000849  -0.045282   0.014512   0.021887   0.000344   0.004755 
  0.136025  -0.347594  -0.579373  -2.514311  -0.257201  -0.110810  -0.003496  -0.035980   0.001707   0.015699  -0.016788  -0.001604 
  0.134303  -0.300002  -0.836920  -2.565648  -0.270207  -0.102961  -0.001722   0.047592  -0.257547  -0.051337  -0.013006   0.007849 
  0.134789  -0.295397  -0.862667  -2.542901  -0.275020  -0.096601   0.000486   0.004605  -0.025747   0.022747  -0.004813   0.006360 
  0.138154  -0.340022  -0.798389  -2.517577  -0.278572  -0.093793   0.003365  -0.044625   0.064278   0.025324  -0.003552   0.002808 
  0.136620  -0.388960  -0.730031  -2.523535  -0.282869  -0.099294  -0.001534  -0.048938   0.068358  -0.005958  -0.004297  -0.005501 
  0.137278  -0.293127  -0.832128  -2.584670  -0.270551  -0.097976   0.000658   0.095833  -0.102097  -0.061135   0.012318   0.001318 
  0.142790  -0.329256  -0.780397  -2.571836  -0.280234  -0.097689   0.005512  -0.036129   0.051731   0.012834  -0.009683   0.000287 
  0.141943  -0.378305  -0.713770  -2.524395  -0.299714  -0.100841  -0.000847  -0.049049   0.066627   0.047441  -0.019480  -0.003152 
  0.140391  -0.281675  -0.823819  -2.581175  -0.286765  -0.106799  -0.001552   0.096630  -0.110049  -0.056780   0.012949  -0.005958 
  0.140130  -0.307447  -0.808075  -2.571205  -0.292896  -0.090527  -0.000261  -0.025772   0.015744   0.009970  -0.006131   0.016272 
  0.143241  -0.380293  -0.706159  -2.567137  -0.325039  -0.100210   0.003111  -0.072846   0.101916   0.004068  -0.032143  -0.009683 
  0.142107  -0.326033  -0.790101  -2.582034  -0.300287  -0.088579  -0.001134   0.054260  -0.083942  -0.014897   0.024752   0.011631 
