  0.000000   0.000000   0.000000   0.000000   0.000000   0.000000   0.000000   0.000000   0.000000   0.000000   0.000000   0.000000 
  0.000077   0.000000   0.000025   0.000000   0.006417   0.000000   0.000077   0.000000   0.000025   0.000000   0.006417   0.000000 
  0.003985   0.008544   0.034334   0.007620   0.021658   0.003438   0.003908   0.008544   0.034309   0.007620   0.015241   0.003438 
  0.000451   0.252854   0.066261   0.043029   0.027674   0.000000  -0.003534   0.244310   0.031927   0.035409   0.006016  -0.003438 
  0.000000   0.281180   0.113835   0.064630   0.000000   0.000000  -0.000451   0.028326   0.047574   0.021601  -0.027674   0.000000 
 -0.007874   0.186108   0.133911   0.087319   0.014439   0.000000  -0.007874  -0.095072   0.020076   0.022689   0.014439   0.000000 
 -0.013237   0.066095   0.191947   0.074427   0.019137   0.000000  -0.005363  -0.120013   0.058036  -0.012892   0.004698   0.000000 
 -0.030168   0.100632   0.139466   0.076318   0.034893   0.011918  -0.016931   0.034537  -0.052481   0.001891   0.015756   0.011918 
 -0.014349   0.123777   0.250046   0.022861   0.074370  -0.005099   0.015819   0.023145   0.110580  -0.053457   0.039477  -0.017017 
 -0.016401   0.284471   0.258031   0.139802   0.046352   0.015298  -0.002052   0.160694   0.007985   0.116941  -0.028018   0.020397 
 -0.008273   0.368194   0.190188   0.186956   0.041654   0.024465   0.008128   0.083723  -0.067843   0.047154  -0.004698   0.009167 
 -0.017591   0.396361   0.176028   0.201108   0.041310   0.040737  -0.009318   0.028167  -0.014160   0.014152  -0.000344   0.016272 
 -0.008060   0.308352   0.190430   0.220933   0.039706   0.046467   0.009531  -0.088009   0.014402   0.019825  -0.001604   0.005730 
 -0.008404   0.137568   0.217676   0.210677   0.041883   0.031799  -0.000344  -0.170784   0.027246  -0.010256   0.002177  -0.014668 
 -0.011528   0.245121   0.180607   0.213083   0.057124   0.032143  -0.003124   0.107553  -0.037069   0.002406   0.015241   0.000344 
  0.000872   0.383998   0.115440   0.222480   0.063197   0.046696   0.012400   0.138877  -0.065167   0.009397   0.006073   0.014553 
 -0.009615   0.354309   0.099223   0.236230   0.076261   0.029049  -0.010487  -0.029689  -0.016217   0.013750   0.013064  -0.017647 
 -0.018014   0.168587   0.155809   0.226490   0.063656   0.043086  -0.008399  -0.185722   0.056586  -0.009740  -0.012605   0.014037 
 -0.027535   0.124791   0.135157   0.220188   0.082621   0.015527  -0.009521  -0.043796  -0.020652  -0.006302   0.018965  -0.027559 
 -0.020039   0.226265   0.157238   0.204317   0.074886   0.003037   0.007496   0.101474   0.022081  -0.015871  -0.007735  -0.012490 
 -0.026873   0.386108   0.175324   0.209359   0.069328   0.003724  -0.006834   0.159843   0.018086   0.005042  -0.005558   0.000687 
 -0.026162   0.413912   0.198142   0.252904   0.076031   0.009511   0.000711   0.027804   0.022818   0.043545   0.006703   0.005787 
 -0.025063   0.308867   0.212110   0.254909   0.076089   0.038617   0.001099  -0.105045   0.013968   0.002005   0.000058   0.029106 
 -0.022319   0.191953   0.262322   0.251070   0.079584   0.042857   0.002744  -0.116914   0.050212  -0.003839   0.003495   0.004240 
 -0.008853   0.142728   0.280941   0.236059   0.101070   0.002578   0.013466  -0.049225   0.018619  -0.015011   0.021486  -0.040279 
  0.001161   0.214974   0.308336   0.161116   0.091043   0.040966   0.010014   0.072246   0.027395  -0.074943  -0.010027   0.038388 
 -0.006118   0.309236   0.273836   0.158079   0.084970   0.035924  -0.007279   0.094262  -0.034500  -0.003037  -0.006073  -0.005042 
 -0.008837   0.357416   0.171765   0.227063   0.090298   0.050420  -0.002719   0.048180  -0.102071   0.068984   0.005328   0.014496 
 -0.000944   0.373727   0.059603   0.240470   0.143870   0.012032   0.007893   0.016311  -0.112162   0.013407   0.053572  -0.038388 
  0.001480   0.182260   0.164511   0.113618   0.117514   0.011115   0.002424  -0.191467   0.104908  -0.126852  -0.026356  -0.000917 
  0.009843   0.184471   0.158981   0.154068   0.062166   0.048358   0.008363   0.002211  -0.005530   0.040450  -0.055348   0.037243 
 -0.021851   0.302092   0.093060   0.222537   0.118258   0.011115  -0.031694   0.117621  -0.065921   0.068469   0.056092  -0.037243 
 -0.038615   0.324854  -0.005225   0.048128   0.109263   0.005042  -0.016764   0.022762  -0.098285  -0.174409  -0.008995  -0.006073 
 -0.038759   0.288942  -0.016942   0.246143   0.089954   0.021371  -0.000144  -0.035912  -0.011717   0.198015  -0.019309   0.016329 
 -0.028640   0.269964   0.046477   0.187185   0.120493   0.013350   0.010119  -0.018978   0.063419  -0.058958   0.030539  -0.008021 
 -0.025094   0.093301   0.087943   0.121811   0.099924   0.014954   0.003546  -0.176663   0.041466  -0.065374  -0.020569   0.001604 
 -0.033221   0.199198   0.068969   0.122384   0.101012   0.012204  -0.008127   0.105897  -0.018974   0.000573   0.001088  -0.002750 
 -0.031466   0.243211   0.067061   0.151146   0.098090   0.012032   0.001755   0.044013  -0.001908   0.028762  -0.002922  -0.000172 
 -0.030910   0.313297   0.076498   0.149084   0.094194   0.010772   0.000556   0.070086   0.009437  -0.002062  -0.003896  -0.001260 
 -0.037179   0.353669  -0.001854   0.207812   0.080157   0.025669  -0.006269   0.040372  -0.078352   0.058728  -0.014037   0.014897 
 -0.040690   0.218064   0.034305   0.206838   0.079183   0.022861  -0.003511  -0.135605   0.036159  -0.000974  -0.000974  -0.002808 
 -0.040641   0.132899   0.061550   0.199046   0.093048   0.028361   0.000049  -0.085165   0.027245  -0.007792   0.013865   0.005500 
 -0.040175   0.226569   0.065189   0.225459   0.080787   0.026356   0.000466   0.093670   0.003639   0.026413  -0.012261  -0.002005 
 -0.052982   0.401881   0.074872   0.229699   0.070588   0.032773  -0.012807   0.175312   0.009683   0.004240  -0.010199   0.006417 
 -0.038936   0.327816   0.074845   0.263217   0.060734   0.069672   0.014046  -0.074065  -0.000027   0.033518  -0.009854   0.036899 
 -0.033754   0.188158   0.085773   0.242648   0.093048   0.024981   0.005182  -0.139658   0.010928  -0.020569   0.032314  -0.044691 
 -0.029761   0.154406   0.082933   0.217953   0.093048   0.025439   0.003993  -0.033752  -0.002840  -0.024695   0.000000   0.000458 
 -0.031583   0.289705   0.080903   0.223740   0.085142   0.023663  -0.001822   0.135299  -0.002030   0.005787  -0.007906  -0.001776 
 -0.038020   0.403866   0.094303   0.266769   0.077464   0.032429  -0.006437   0.114161   0.013400   0.043029  -0.007678   0.008766 
 -0.031537   0.277148   0.101642   0.284531   0.093106   0.027559   0.006483  -0.126718   0.007339   0.017762   0.015642  -0.004870 
 -0.033384   0.228338   0.136517   0.289687   0.098148   0.027445  -0.001847  -0.048810   0.034875   0.005156   0.005042  -0.000114 
 -0.035720   0.124138   0.142887   0.244825   0.094767   0.019309  -0.002336  -0.104200   0.006370  -0.044862  -0.003381  -0.008136 
 -0.035116   0.163981   0.121969   0.228897   0.085371   0.028934   0.000604   0.039843  -0.020918  -0.015928  -0.009396   0.009625 
 -0.041273   0.361158   0.069280   0.272441   0.081016   0.026413  -0.006157   0.197177  -0.052689   0.043544  -0.004355  -0.002521 
 -0.043627   0.379416   0.007682   0.318049   0.055806   0.020741  -0.002354   0.018258  -0.061598   0.045608  -0.025210  -0.005672 
 -0.036156   0.190870   0.106303   0.254680   0.046238   0.081131   0.007471  -0.188546   0.098621  -0.063369  -0.009568   0.060390 
 -0.034926   0.083076   0.114833   0.246716   0.087147   0.083766   0.001230  -0.107794   0.008530  -0.007964   0.040909   0.002635 
 -0.055635   0.291559   0.079265   0.287969   0.101242   0.038847  -0.020709   0.208483  -0.035568   0.041253   0.014095  -0.044919 
 -0.048370   0.430462   0.086432   0.323205   0.077177   0.068755   0.007265   0.138903   0.007167   0.035236  -0.024065   0.029908 
 -0.050650   0.243898   0.085862   0.307621   0.081131   0.070588  -0.002280  -0.186564  -0.000570  -0.015584   0.003954   0.001833 
 -0.045825   0.106219   0.141792   0.238923   0.069729   0.086345   0.004825  -0.137679   0.055930  -0.068698  -0.011402   0.015757 
 -0.050282   0.334192   0.113815   0.302923   0.057811   0.037643  -0.004457   0.227973  -0.027977   0.064000  -0.011918  -0.048702 
 -0.046670   0.410432   0.099307   0.337816   0.054546   0.078209   0.003612   0.076240  -0.014508   0.034893  -0.003265   0.040566 
 -0.042851   0.311230   0.117309   0.338389   0.087777   0.034893   0.003819  -0.099202   0.018002   0.000573   0.033231  -0.043316 
 -0.048228   0.275226   0.088899   0.333347   0.076891   0.038331  -0.005377  -0.036004  -0.028410  -0.005042  -0.010886   0.003438 
 -0.059947   0.279061   0.040723   0.356895   0.100038   0.039305  -0.011719   0.003835  -0.048176   0.023548   0.023147   0.000974 
 -0.064803   0.260098   0.045082   0.340967   0.096372   0.040107  -0.004856  -0.018963   0.004359  -0.015928  -0.003666   0.000802 
 -0.069840   0.275239  -0.104840   0.484493   0.119634   0.015355  -0.005037   0.015141  -0.149922   0.143526   0.023262  -0.024752 
 -0.113446   0.316130  -0.270363   0.636040   0.060103  -0.050478  -0.043606   0.040891  -0.165523   0.151547  -0.059531  -0.065833 
 -0.065348   0.199226  -0.016336   0.177101   0.091559   0.022976   0.048098  -0.116904   0.254027  -0.458939   0.031456   0.073454 
 -0.056788   0.114451   0.023762   0.326414   0.116654   0.033518   0.008560  -0.084775   0.040098   0.149313   0.025095   0.010542 
 -0.058698   0.310871   0.027070   0.323263   0.094366   0.033633  -0.001910   0.196420   0.003308  -0.003151  -0.022288   0.000115 
 -0.058034   0.358102   0.005391   0.371391   0.111268   0.033117   0.000664   0.047231  -0.021679   0.048128   0.016902  -0.000516 
 -0.058431   0.294443   0.013941   0.362854   0.074656   0.031971  -0.000397  -0.063659   0.008550  -0.008537  -0.036612  -0.001146 
 -0.047891   0.180320   0.054517   0.311976   0.090642   0.064687   0.010540  -0.114123   0.040576  -0.050878   0.015986   0.032716 
 -0.038245   0.390251   0.024225   0.342629   0.113618   0.044691   0.009646   0.209931  -0.030292   0.030653   0.022976  -0.019996 
 -0.015127   0.414837   0.019819   0.329393   0.116081   0.082048   0.023118   0.024586  -0.004406  -0.013236   0.002463   0.037357 
 -0.020470   0.388805  -0.127867   0.685601   0.240012   0.082105  -0.005343  -0.026032  -0.147686   0.356208   0.123931   0.000057 
 -0.041773   0.172722  -0.001153   0.496124   0.159454   0.071161  -0.021303  -0.216083   0.126714  -0.189477  -0.080558  -0.010944 
 -0.033578   0.387121  -0.068430   0.396143   0.177044   0.045951   0.008195   0.214399  -0.067277  -0.099981   0.017590  -0.025210 
 -0.118212   0.324107   0.232436   0.110925   0.225975  -0.034377  -0.084634  -0.063014   0.300866  -0.285218   0.048931  -0.080328 
 -0.070955   0.062995   0.268699   0.113847   0.319137  -0.001146   0.047257  -0.261112   0.036263   0.002922   0.093162   0.033231 
 -0.055902   0.247377   0.210500   0.267113   0.226376   0.018277   0.015053   0.184382  -0.058199   0.153266  -0.092761   0.019423 
 -0.052654   0.437882   0.144038   0.361250   0.182487   0.042342   0.003248   0.190505  -0.066462   0.094137  -0.043889   0.024065 
 -0.057378   0.381054   0.125046   0.397633   0.171544   0.040909  -0.004724  -0.056828  -0.018992   0.036383  -0.010943  -0.001433 
 -0.051123   0.263687   0.179003   0.374944   0.183633   0.039534   0.006255  -0.117367   0.053957  -0.022689   0.012089  -0.001375 
 -0.056682   0.277269   0.161655   0.381819   0.174236   0.044290  -0.005559   0.013582  -0.017348   0.006875  -0.009397   0.004756 
 -0.064349   0.420336   0.121464   0.414363   0.157449   0.050478  -0.007667   0.143067  -0.040191   0.032544  -0.016787   0.006188 
 -0.068249   0.346043   0.097523   0.427427   0.154641   0.047842  -0.003900  -0.074293  -0.023941   0.013064  -0.002808  -0.002636 
 -0.065981   0.262846   0.148406   0.413274   0.166043   0.027330   0.002268  -0.083197   0.050883  -0.014153   0.011402  -0.020512 
 -0.078226   0.256588   0.190850   0.420952   0.144729   0.043659  -0.012245  -0.006258   0.042444   0.007678  -0.021314   0.016329 
 -0.068785   0.396743   0.130849   0.441808   0.147938   0.055634   0.009441   0.140155  -0.060001   0.020856   0.003209   0.011975 
 -0.080043   0.351487   0.127720   0.439631   0.141005   0.049045  -0.011258  -0.045256  -0.003129  -0.002177  -0.006933  -0.006589 
 -0.071305   0.250289   0.235595   0.449084   0.179049   0.052884   0.008738  -0.101198   0.107875   0.009453   0.038044   0.003839 
 -0.073458   0.249453   0.217429   0.436422   0.156589   0.038388  -0.002153  -0.000836  -0.018166  -0.012662  -0.022460  -0.014496 
 -0.084821   0.448490   0.127876   0.452350   0.141406   0.059358  -0.011363   0.199037  -0.089553   0.015928  -0.015183   0.020970 
 -0.088977   0.357405   0.112919   0.464440   0.140317   0.061708  -0.004156  -0.091085  -0.014957   0.012090  -0.001089   0.002350 
 -0.080414   0.220387   0.216543   0.441636   0.167705   0.050306   0.008563  -0.137018   0.103624  -0.022804   0.027388  -0.011402 
 -0.084782   0.307403   0.098695   0.422786   0.155615   0.045722  -0.004368   0.087016  -0.117848  -0.018850  -0.012090  -0.004584 
 -0.103837   0.429100   0.031048   0.453324   0.152178   0.063369  -0.019055   0.121697  -0.067647   0.030538  -0.003437   0.017647 
 -0.107039   0.349162   0.044405   0.453324   0.157277   0.072422  -0.003202  -0.079938   0.013357   0.000000   0.005099   0.009053 
 -0.103405   0.180341   0.202896   0.470628   0.212797   0.079068   0.003634  -0.168821   0.158491   0.017304   0.055520   0.006646 
 -0.089061   0.346250   0.140824   0.451777   0.185008   0.072708   0.014344   0.165909  -0.062072  -0.018851  -0.027789  -0.006360 
 -0.079931   0.393454   0.138924   0.476414   0.186326   0.053113   0.009130   0.047204  -0.001900   0.024637   0.001318  -0.019595 
 -0.062622   0.208695   0.204461   0.463523   0.203285   0.043258   0.017309  -0.184759   0.065537  -0.012891   0.016959  -0.009855 
 -0.063580   0.382456   0.148826   0.452006   0.190910   0.048071  -0.000958   0.173761  -0.055635  -0.011517  -0.012375   0.004813 
 -0.067307   0.404392   0.109239   0.487071   0.185868   0.053858  -0.003727   0.021936  -0.039587   0.035065  -0.005042   0.005787 
 -0.060793   0.315145   0.132816   0.462663   0.189936   0.045665   0.006514  -0.089247   0.023577  -0.024408   0.004068  -0.008193 
 -0.062153   0.214658   0.179570   0.447652   0.186039   0.044691  -0.001360  -0.100487   0.046754  -0.015011  -0.003897  -0.000974 
 -0.076318   0.380429   0.131129   0.465586   0.180940   0.049102  -0.014165   0.165771  -0.048441   0.017934  -0.005099   0.004411 
 -0.091655   0.380191   0.072816   0.474810   0.184893   0.055520  -0.015337  -0.000238  -0.058313   0.009224   0.003953   0.006418 
 -0.083557   0.255491   0.178858   0.475154   0.179565   0.046868   0.008098  -0.124700   0.106042   0.000344  -0.005328  -0.008652 
 -0.081332   0.269133   0.152753   0.454986   0.170054   0.049905   0.002225   0.013642  -0.026105  -0.020168  -0.009511   0.003037 
 -0.092883   0.417267   0.088379   0.447595   0.141062   0.073912  -0.011551   0.148134  -0.064374  -0.007391  -0.028992   0.024007 
 -0.089178   0.285064   0.168695   0.481972   0.168965   0.056952   0.003705  -0.132203   0.080316   0.034377   0.027903  -0.016960 
 -0.078163   0.206981   0.178620   0.437339   0.140718   0.052884   0.011015  -0.078083   0.009925  -0.044633  -0.028247  -0.004068 
 -0.081809   0.463796   0.070583   0.470055   0.138885   0.068010  -0.003646   0.256815  -0.108037   0.032716  -0.001833   0.015126 
 -0.089127   0.374679   0.093171   0.491712   0.149141   0.061192  -0.007318  -0.089117   0.022588   0.021657   0.010256  -0.006818 
 -0.082791   0.237340   0.188548   0.474925   0.166960   0.048816   0.006336  -0.137339   0.095377  -0.016787   0.017819  -0.012376 
 -0.079653   0.300750   0.157820   0.459856   0.145016   0.065661   0.003138   0.063410  -0.030728  -0.015069  -0.021944   0.016845 
 -0.087046   0.429539   0.093889   0.482545   0.148969   0.068067  -0.007393   0.128789  -0.063931   0.022689   0.003953   0.002406 
 -0.095162   0.361961   0.121159   0.509474   0.164152   0.073912  -0.008116  -0.067578   0.027270   0.026929   0.015183   0.005845 
 -0.083867   0.224908   0.234443   0.506208   0.175325   0.058155   0.011295  -0.137053   0.113284  -0.003266   0.011173  -0.015757 
 -0.087913   0.298383   0.196466   0.488905   0.148281   0.068812  -0.004046   0.073475  -0.037977  -0.017303  -0.027044   0.010657 
 -0.084631   0.416905   0.132224   0.502828   0.149141   0.070875   0.003282   0.118522  -0.064242   0.013923   0.000860   0.002063 
 -0.086652   0.352100   0.094728   0.502828   0.154183   0.088178  -0.002021  -0.064805  -0.037496   0.000000   0.005042   0.017303 
 -0.084615   0.273980   0.170515   0.484264   0.161689   0.056895   0.002037  -0.078120   0.075787  -0.018564   0.007506  -0.031283 
 -0.081293   0.234121   0.159875   0.459856   0.147307   0.066864   0.003322  -0.039859  -0.010640  -0.024408  -0.014382   0.009969 
 -0.094616   0.443854   0.056344   0.482029   0.150516   0.080501  -0.013323   0.209733  -0.103531   0.022173   0.003209   0.013637 
 -0.101128   0.350651   0.028568   0.495666   0.150516   0.079011  -0.006512  -0.093203  -0.027776   0.013637   0.000000  -0.001490 
 -0.094842   0.246980   0.114365   0.464325   0.150516   0.064343   0.006286  -0.103671   0.085797  -0.031341   0.000000  -0.014668 
 -0.086153   0.246851   0.122498   0.469424   0.135791   0.064859   0.008689  -0.000129   0.008133   0.005099  -0.014725   0.000516 
 -0.096678   0.401960   0.055553   0.468851   0.123243   0.082162  -0.010525   0.155109  -0.066945  -0.000573  -0.012548   0.017303 
 -0.109396   0.362319  -0.015390   0.509359   0.150516   0.086287  -0.012718  -0.039641  -0.070943   0.040508   0.027273   0.004125 
 -0.098236   0.245255   0.060240   0.452465   0.128457   0.070417   0.011160  -0.117064   0.075630  -0.056894  -0.022059  -0.015870 
 -0.092785   0.144710   0.065791   0.453897   0.129832   0.071906   0.005451  -0.100545   0.005551   0.001432   0.001375   0.001489 
 -0.106990   0.205193   0.016071   0.484207   0.094710   0.070760  -0.014205   0.060483  -0.049720   0.030310  -0.035122  -0.001146 
 -0.067198   0.247308   0.288617   0.679757   0.105883   0.099236   0.039792   0.042115   0.272546   0.195550   0.011173   0.028476 
 -0.061824   0.593783   0.089710   0.636728   0.081303   0.105768   0.005374   0.346475  -0.198907  -0.043029  -0.024580   0.006532 
 -0.066915   0.588699   0.098719   0.675976   0.101127   0.094939  -0.005091  -0.005084   0.009009   0.039248   0.019824  -0.010829 
 -0.096416   0.420104   0.075766   0.600001   0.115623   0.077980  -0.029501  -0.168595  -0.022953  -0.075975   0.014496  -0.016959 
 -0.085857   0.159108   0.072512   0.457278   0.108461   0.066463   0.010559  -0.260996  -0.003254  -0.142723  -0.007162  -0.011517 
 -0.077635   0.287234   0.042752   0.461518   0.099695   0.056952   0.008222   0.128126  -0.029760   0.004240  -0.008766  -0.009511 
 -0.096602   0.545964   0.023894   0.590605   0.106799   0.092418  -0.018967   0.258730  -0.018858   0.129087   0.007104   0.035466 
 -0.083926   0.504846   0.083352   0.633863   0.114878   0.067323   0.012676  -0.041118   0.059458   0.043258   0.008079  -0.025095 
 -0.065245   0.380163   0.023231   0.592610   0.164553   0.084225   0.018681  -0.124683  -0.060121  -0.041253   0.049675   0.016902 
  0.123741   0.247007   0.228867   0.708691   0.234168  -0.094825   0.188986  -0.133156   0.205636   0.116081   0.069615  -0.179050 
  0.010541   0.256540   0.094622   0.795953   0.117170   0.069041  -0.113200   0.009533  -0.134245   0.087262  -0.116998   0.163866 
 -0.041645   0.240463   0.051499   0.511193   0.202082   0.018163  -0.052186  -0.016077  -0.043123  -0.284760   0.084912  -0.050878 
 -0.037522   0.446070   0.050736   0.640280   0.201567   0.036268   0.004123   0.205607  -0.000763   0.129087  -0.000515   0.018105 
 -0.041537   0.682956   0.025155   0.790567   0.225115   0.039763  -0.004015   0.236886  -0.025581   0.150287   0.023548   0.003495 
 -0.043937   0.488246   0.046745   0.761461   0.212281   0.032773  -0.002400  -0.194710   0.021590  -0.029106  -0.012834  -0.006990 
 -0.042758   0.197914   0.082834   0.584130   0.193774   0.027903   0.001179  -0.290332   0.036089  -0.177331  -0.018507  -0.004870 
 -0.031331   0.251288   0.070191   0.558806   0.178362   0.031398   0.011427   0.053374  -0.012643  -0.025324  -0.015412   0.003495 
 -0.049687   0.516226   0.057363   0.675575   0.192972   0.033117  -0.018356   0.264938  -0.012828   0.116769   0.014610   0.001719 
 -0.062032   0.634479   0.045886   0.773378   0.194347   0.028705  -0.012345   0.118253  -0.011477   0.097803   0.001375  -0.004412 
 -0.056875   0.499611   0.054072   0.758482   0.195894   0.031799   0.005157  -0.134868   0.008186  -0.014896   0.001547   0.003094 
 -0.039374   0.230187   0.011821   0.594501   0.166502   0.028361   0.017501  -0.269424  -0.042251  -0.163981  -0.029392  -0.003438 
 -0.030662   0.219911   0.075263   0.522022   0.183576   0.029106   0.008712  -0.010276   0.063442  -0.072479   0.017074   0.000745 
 -0.028665   0.362718   0.133692   0.614096   0.202655   0.026413   0.001997   0.142807   0.058429   0.092074   0.019079  -0.002693 
 -0.046233   0.556008   0.136861   0.745303   0.196353   0.040279  -0.017568   0.193290   0.003169   0.131207  -0.006302   0.013866 
 -0.060146   0.572048   0.136499   0.796068   0.199962   0.042513  -0.013913   0.016040  -0.000362   0.050765   0.003609   0.002234 
 -0.049819   0.328577   0.200666   0.718432   0.215031   0.049160   0.010327  -0.243471   0.064167  -0.077636   0.015069   0.006647 
 -0.048057   0.284412   0.183892   0.689039   0.214344   0.033289   0.001762  -0.044165  -0.016774  -0.029393  -0.000687  -0.015871 
 -0.052248   0.360724   0.164243   0.697920   0.221047   0.031283  -0.004191   0.076312  -0.019649   0.008881   0.006703  -0.002006 
 -0.047876   0.350802   0.161664   0.679356   0.214172   0.036784   0.004372  -0.009922  -0.002579  -0.018564  -0.006875   0.005501 
 -0.057659   0.470740   0.133030   0.644979   0.185295   0.049446  -0.009783   0.119938  -0.028634  -0.034377  -0.028877   0.012662 
 -0.063984   0.589278   0.163975   0.737740   0.177216   0.054259  -0.006325   0.118538   0.030945   0.092761  -0.008079   0.004813 
 -0.059755   0.451448   0.203955   0.747825   0.208327   0.066520   0.004229  -0.137830   0.039980   0.010085   0.031111   0.012261 
 -0.056659   0.269365   0.221777   0.692076   0.203171   0.043831   0.003096  -0.182083   0.017822  -0.055749  -0.005156  -0.022689 
 -0.058416   0.305401   0.184376   0.676033   0.202541   0.046639  -0.001757   0.036036  -0.037401  -0.016043  -0.000630   0.002808 
 -0.072195   0.311754   0.105155   0.638676   0.170799   0.048358  -0.013779   0.006353  -0.079221  -0.037357  -0.031742   0.001719 
 -0.073704   0.320326   0.014110   0.650021   0.136765   0.037128  -0.001509   0.008572  -0.091045   0.011345  -0.034034  -0.011230 
 -0.076997   0.583798  -0.017601   0.752637   0.156417   0.048873  -0.003293   0.263472  -0.031711   0.102616   0.019652   0.011745 
 -0.092940   0.616504   0.048648   0.770972   0.151433   0.056264  -0.015943   0.032706   0.066249   0.018335  -0.004984   0.007391 
 -0.076000   0.517579   0.118419   0.793718   0.160027   0.061192   0.016940  -0.098925   0.069771   0.022746   0.008594   0.004928 
 -0.071171   0.250026   0.136884   0.641197   0.151948   0.052884   0.004829  -0.267553   0.018465  -0.152521  -0.008079  -0.008308 
 -0.063791   0.267300   0.152099   0.648416   0.177159   0.033633   0.007380   0.017274   0.015215   0.007219   0.025211  -0.019251 
 -0.062341   0.399366   0.136923   0.698951   0.155501   0.073682   0.001450   0.132066  -0.015176   0.050535  -0.021658   0.040049 
 -0.079611   0.650262  -0.091484   0.787760   0.145703   0.055691  -0.017270   0.250896  -0.228407   0.088809  -0.009798  -0.017991 
 -0.073677   0.460653  -0.149150   0.665376   0.198243   0.040623   0.005934  -0.189609  -0.057666  -0.122384   0.052540  -0.015068 
 -0.071369   0.450900  -0.064432   0.714650   0.177159   0.039534   0.002308  -0.009753   0.084718   0.049274  -0.021084  -0.001089 
 -0.084893   0.329801  -0.131554   0.324466   0.215432   0.026241  -0.013524  -0.121099  -0.067122  -0.390184   0.038273  -0.013293 
 -0.088420   0.295265  -0.298244   0.442381   0.204202   0.044691  -0.003527  -0.034536  -0.166690   0.117915  -0.011230   0.018450 
 -0.082371   0.253500  -0.188692   0.446162   0.168450   0.052769   0.006049  -0.041765   0.109552   0.003781  -0.035752   0.008078 
 -0.053007   0.341977  -0.155943   0.424906   0.186039   0.077177   0.029364   0.088477   0.032749  -0.021256   0.017589   0.024408 
 -0.080628   0.329020  -0.114959   0.385601   0.165241   0.035695  -0.027621  -0.012957   0.040984  -0.039305  -0.020798  -0.041482 
 -0.097038   0.242868  -0.028009   0.422327   0.155501   0.035753  -0.016410  -0.086152   0.086950   0.036726  -0.009740   0.000058 
 -0.103835   0.343322  -0.028306   0.495895   0.133442   0.043258  -0.006797   0.100454  -0.000297   0.073568  -0.022059   0.007505 
 -0.100831   0.388815  -0.018145   0.524142   0.124676   0.039076   0.003004   0.045493   0.010161   0.028247  -0.008766  -0.004182 
 -0.085865   0.358512  -0.005248   0.486900   0.131035   0.036497   0.014966  -0.030303   0.012897  -0.037242   0.006359  -0.002579 
 -0.072006   0.305653  -0.009774   0.483748   0.150917   0.052827   0.013859  -0.052859  -0.004526  -0.003152   0.019882   0.016330 
 -0.067410   0.276838   0.022209   0.459512   0.136421   0.056150   0.004596  -0.028815   0.031983  -0.024236  -0.014496   0.003323 
 -0.066225   0.388678  -0.015139   0.520761   0.139458   0.071963   0.001185   0.111840  -0.037348   0.061249   0.003037   0.015813 
 -0.048118   0.351487   0.015407   0.501166   0.140260   0.085199   0.018107  -0.037191   0.030546  -0.019595   0.000802   0.013236 
 -0.048168   0.205904   0.089281   0.463752   0.148912   0.057754  -0.000050  -0.145583   0.073874  -0.037414   0.008652  -0.027445 
 -0.069571   0.422825   0.019789   0.526262   0.147938   0.069328  -0.021403   0.216921  -0.069492   0.062510  -0.000974   0.011574 
 -0.069152   0.597294  -0.192040   0.522136   0.352656   0.230730   0.000419   0.174469  -0.211829  -0.004126   0.204718   0.161402 
 -0.103041   0.232535  -0.194469   0.460257   0.225516   0.089668  -0.033889  -0.364759  -0.002429  -0.061879  -0.127140  -0.141062 
 -0.102412   0.301627  -0.170150   0.482717   0.207296   0.072479   0.000629   0.069092   0.024319   0.022460  -0.018220  -0.017189 
 -0.092088   0.190639  -0.102693   0.482717   0.175210   0.064286   0.010324  -0.110988   0.067457   0.000000  -0.032086  -0.008193 
 -0.102632   0.346748  -0.162964   0.543966   0.187243   0.069672  -0.010544   0.156109  -0.060271   0.061249   0.012033   0.005386 
 -0.100711   0.585888  -0.280893   0.651854   0.190279   0.075917   0.001921   0.239140  -0.117929   0.107888   0.003036   0.006245 
 -0.101473   0.501681  -0.279942   0.639879   0.200191   0.070245  -0.000762  -0.084207   0.000951  -0.011975   0.009912  -0.005672 
 -0.096317   0.338142  -0.237591   0.607049   0.213885   0.048644   0.005156  -0.163539   0.042351  -0.032830   0.013694  -0.021601 
 -0.097485   0.330315  -0.208371   0.612091   0.209989   0.048988  -0.001168  -0.007827   0.029220   0.005042  -0.003896   0.000344 
 -0.087898   0.462241  -0.208573   0.657927   0.213942   0.057124   0.009587   0.131926  -0.000202   0.045836   0.003953   0.008136 
 -0.088689   0.425723  -0.208697   0.705311   0.191139   0.064744  -0.000791  -0.036518  -0.000124   0.047384  -0.022803   0.007620 
 -0.090340   0.335425  -0.178949   0.640968   0.195264   0.052769  -0.001651  -0.090298   0.029748  -0.064343   0.004125  -0.011975 
 -0.092731   0.240047  -0.136035   0.609684   0.201796   0.043430  -0.002391  -0.095378   0.042914  -0.031284   0.006532  -0.009339 
 -0.089940   0.252248  -0.121645   0.594215   0.194233   0.056035   0.002791   0.012201   0.014390  -0.015469  -0.007563   0.012605 
 -0.100126   0.534253  -0.170046   0.686690   0.203171   0.066234  -0.010186   0.282005  -0.048401   0.092475   0.008938   0.010199 
 -0.107642   0.569292  -0.183797   0.728000   0.184435   0.071677  -0.007516   0.035039  -0.013751   0.041310  -0.018736   0.005443 
 -0.100856   0.416615  -0.169986   0.676319   0.182143   0.060963   0.006786  -0.152677   0.013811  -0.051681  -0.002292  -0.010714 
 -0.100740   0.250470  -0.114787   0.624925   0.179851   0.054546   0.000116  -0.166145   0.055199  -0.051394  -0.002292  -0.006417 
 -0.098752   0.280348  -0.125811   0.622060   0.190337   0.064744   0.001988   0.029878  -0.011024  -0.002865   0.010486   0.010198 
 -0.099897   0.476220  -0.111463   0.660850   0.191884   0.056264  -0.001145   0.195872   0.014348   0.038790   0.001547  -0.008480 
 -0.110426   0.568713  -0.131874   0.732527   0.188961   0.065833  -0.010529   0.092493  -0.020411   0.071677  -0.002923   0.009569 
 -0.111191   0.437170  -0.111189   0.709666   0.180081   0.073453  -0.000765  -0.131543   0.020685  -0.022861  -0.008880   0.007620 
 -0.109573   0.305319  -0.097396   0.673455   0.165069   0.067781   0.001618  -0.131851   0.013793  -0.036211  -0.015012  -0.005672 
 -0.111245   0.465283  -0.118929   0.722844   0.169424   0.067437  -0.001672   0.159964  -0.021533   0.049389   0.004355  -0.000344 
 -0.103358   0.470684  -0.133463   0.741006   0.181742   0.066177   0.007887   0.005401  -0.014534   0.018162   0.012318  -0.001260 
 -0.103598   0.407402  -0.097542   0.724620   0.184091   0.061536  -0.000240  -0.063282   0.035921  -0.016386   0.002349  -0.004641 
 -0.104639   0.297127  -0.079173   0.676090   0.186956   0.059416  -0.001041  -0.110275   0.018369  -0.048530   0.002865  -0.002120 
 -0.119326   0.452831  -0.090690   0.711384   0.161116   0.072193  -0.014687   0.155704  -0.011517   0.035294  -0.025840   0.012777 
 -0.112057   0.455933  -0.106612   0.724620   0.161918   0.079297   0.007269   0.003102  -0.015922   0.013236   0.000802   0.007104 
 -0.105161   0.275802  -0.066864   0.667267   0.168908   0.063197   0.006896  -0.180131   0.039748  -0.057353   0.006990  -0.016100 
 -0.111242   0.389548  -0.079710   0.685372   0.158996   0.067724  -0.006081   0.113746  -0.012846   0.018105  -0.009912   0.004527 
 -0.125491   0.548287  -0.127506   0.770342   0.161574   0.088293  -0.014249   0.158739  -0.047796   0.084970   0.002578   0.020569 
 -0.126043   0.436521  -0.101589   0.769540   0.162319   0.077980  -0.000552  -0.111766   0.025917  -0.000802   0.000745  -0.010313 
 -0.116368   0.285573  -0.007246   0.714937   0.168965   0.068067   0.009675  -0.150948   0.094343  -0.054603   0.006646  -0.009913 
 -0.127111   0.475616  -0.060774   0.778707   0.160600   0.084855  -0.010743   0.190043  -0.053528   0.063770  -0.008365   0.016788 
 -0.131009   0.459174  -0.061882   0.791197   0.184206   0.087491  -0.003898  -0.016442  -0.001108   0.012490   0.023606   0.002636 
 -0.127158   0.345264  -0.018548   0.734417   0.175726   0.079584   0.003851  -0.113910   0.043334  -0.056780  -0.008480  -0.007907 
 -0.120897   0.348753  -0.043446   0.714421   0.163751   0.083766   0.006261   0.003489  -0.024898  -0.019996  -0.011975   0.004182 
 -0.121203   0.457894  -0.078914   0.703248   0.168106   0.084053  -0.000306   0.109141  -0.035468  -0.011173   0.004355   0.000287 
 -0.125511   0.460045  -0.061709   0.757565   0.173320   0.084569  -0.004308   0.002151   0.017205   0.054317   0.005214   0.000516 
 -0.116081   0.416705  -0.073330   0.765758   0.163064   0.083365   0.009430  -0.043340  -0.011621   0.008193  -0.010256  -0.001204 
 -0.118886   0.329027  -0.023530   0.744100   0.172460   0.077235  -0.002805  -0.087678   0.049800  -0.021658   0.009396  -0.006130 
 -0.123375   0.400657  -0.056399   0.767993   0.171887   0.094194  -0.004489   0.071630  -0.032869   0.023893  -0.000573   0.016959 
 -0.125867   0.475858  -0.090124   0.791140   0.169538   0.086402  -0.002492   0.075201  -0.033725   0.023147  -0.002349  -0.007792 
 -0.114862   0.433043  -0.105245   0.786041   0.168965   0.087433   0.011005  -0.042815  -0.015121  -0.005099  -0.000573   0.001031 
 -0.104898   0.283410   0.081272   0.760544   0.186383   0.062338   0.009964  -0.149633   0.186517  -0.025497   0.017418  -0.025095 
 -0.110984   0.330725   0.076889   0.781686   0.181628   0.060103  -0.006086   0.047315  -0.004383   0.021142  -0.004755  -0.002235 
 -0.110749   0.573467  -0.005935   0.824085   0.168335   0.079985   0.000235   0.242742  -0.082824   0.042399  -0.013293   0.019882 
 -0.108577   0.433991   0.013684   0.798589   0.169481   0.072307   0.002172  -0.139476   0.019619  -0.025496   0.001146  -0.007678 
 -0.095134   0.220696   0.153156   0.758539   0.168278   0.070588   0.013443  -0.213295   0.139472  -0.040050  -0.001203  -0.001719 
 -0.092191   0.422564   0.077777   0.812741   0.182201   0.061135   0.002943   0.201868  -0.075379   0.054202   0.013923  -0.009453 
 -0.100823   0.602822  -0.034734   0.858806   0.169767   0.077980  -0.008632   0.180258  -0.112511   0.046065  -0.012434   0.016845 
 -0.106764   0.502287  -0.083312   0.826033   0.156246   0.075802  -0.005941  -0.100535  -0.048578  -0.032773  -0.013521  -0.002178 
 -0.097740   0.321375  -0.001594   0.782374   0.192628   0.080844   0.009024  -0.180912   0.081718  -0.043659   0.036382   0.005042 
 -0.098629   0.392157  -0.061795   0.821450   0.184149   0.064171  -0.000889   0.070782  -0.060201   0.039076  -0.008479  -0.016673 
 -0.106356   0.556405  -0.181184   0.831419   0.169137   0.075745  -0.007727   0.164248  -0.119389   0.009969  -0.015012   0.011574 
 -0.108498   0.446114  -0.167362   0.830159   0.169538   0.064630  -0.002142  -0.110291   0.013822  -0.001260   0.000401  -0.011115 
 -0.082646   0.294941  -0.102902   0.816408   0.208557   0.065947   0.025852  -0.151173   0.064460  -0.013751   0.039019   0.001317 
 -0.098261   0.524807  -0.335639   0.896163   0.197327   0.060905  -0.015615   0.229866  -0.232737   0.079755  -0.011230  -0.005042 
 -0.100752   0.496437  -0.276407   0.898684   0.182315   0.063942  -0.002491  -0.028370   0.059232   0.002521  -0.015012   0.003037 
 -0.105145   0.477326  -0.263118   0.877943   0.181570   0.061879  -0.004393  -0.019111   0.013289  -0.020741  -0.000745  -0.002063 
 -0.095935   0.291104  -0.110351   0.855541   0.202999   0.056837   0.009210  -0.186222   0.152767  -0.022402   0.021429  -0.005042 
 -0.105027   0.455041  -0.185181   0.865567   0.171200   0.061192  -0.009092   0.163937  -0.074830   0.010026  -0.031799   0.004355 
 -0.106071   0.535235  -0.248707   0.898856   0.180482   0.079584  -0.001044   0.080194  -0.063526   0.033289   0.009282   0.018392 
 -0.106117   0.395685  -0.133002   0.858749   0.187816   0.045092  -0.000046  -0.139550   0.115705  -0.040107   0.007334  -0.034492 
 -0.102478   0.241900   0.009586   0.652427   0.150516   0.065776   0.003639  -0.153785   0.142588  -0.206322  -0.037300   0.020684 
 -0.052437   0.323662   0.413346   0.209072   0.016616   0.141062   0.050041   0.081762   0.403760  -0.443355  -0.133900   0.075286 
 -0.079274   0.433781  -0.052491   0.406055   0.117113   0.117342  -0.026837   0.110119  -0.465837   0.196983   0.100497  -0.023720 
 -0.087882   0.493876  -0.241656   0.657125   0.081532   0.143526  -0.008608   0.060095  -0.189165   0.251070  -0.035581   0.026184 
 -0.131190   0.328850  -0.455983   0.946183   0.045493   0.159511  -0.043308  -0.165026  -0.214327   0.289058  -0.036039   0.015985 
 -0.107283   0.250427   0.185861   0.743413   0.146734   0.112013   0.023907  -0.078423   0.641844  -0.202770   0.101241  -0.047498 
 -0.107826   0.529554  -0.061169   0.601835   0.107487   0.139573  -0.000543   0.279127  -0.247030  -0.141578  -0.039247   0.027560 
 -0.105749   0.479135  -0.032322   0.676549   0.121983   0.131666   0.002077  -0.050419   0.028847   0.074714   0.014496  -0.007907 
 -0.106401   0.478952  -0.053210   0.685372   0.127712   0.104794  -0.000652  -0.000183  -0.020888   0.008823   0.005729  -0.026872 
 -0.123684   0.475765  -0.068382   0.740090   0.139401   0.095913  -0.017283  -0.003187  -0.015172   0.054718   0.011689  -0.008881 
 -0.127989   0.475323  -0.098269   0.759226   0.134416   0.102846  -0.004305  -0.000442  -0.029887   0.019136  -0.004985   0.006933 
 -0.116541   0.465439  -0.154863   0.715567   0.141750   0.087720   0.011448  -0.009884  -0.056594  -0.043659   0.007334  -0.015126 
 -0.106653   0.465998  -0.243250   0.704222   0.129890   0.081475   0.009888   0.000559  -0.088387  -0.011345  -0.011860  -0.006245 
 -0.115885   0.448914  -0.224262   0.733615   0.181456   0.109836  -0.009232  -0.017084   0.018988   0.029393   0.051566   0.028361 
 -0.128190   0.306131  -0.082921   0.675345   0.232105   0.105310  -0.012305  -0.142783   0.141341  -0.058270   0.050649  -0.004526 
 -0.124853   0.470438  -0.119718   0.618966   0.169538   0.096028   0.003337   0.164307  -0.036797  -0.056379  -0.062567  -0.009282 
 -0.125806   0.506858  -0.116854   0.680101   0.200191   0.101070  -0.000953   0.036420   0.002864   0.061135   0.030653   0.005042 
 -0.105771   0.343781   0.012588   0.610315   0.198415   0.088522   0.020035  -0.163077   0.129442  -0.069786  -0.001776  -0.012548 
 -0.101474   0.326549   0.014857   0.598741   0.174924   0.093220   0.004297  -0.017232   0.002269  -0.011574  -0.023491   0.004698 
 -0.113508   0.615573  -0.207179   0.934494   0.270952   0.097804  -0.012034   0.289024  -0.222036   0.335753   0.096028   0.004584 
 -0.112794   0.394610  -0.203911   0.626186   0.247747   0.100268   0.000714  -0.220963   0.003268  -0.308308  -0.023205   0.002464 
 -0.118628   0.381939  -0.162994   0.589574   0.169825   0.093449  -0.005834  -0.012671   0.040917  -0.036612  -0.077922  -0.006819 
 -0.097727   0.300967  -0.035050   0.618966   0.201681   0.091329   0.020901  -0.080972   0.127944   0.029392   0.031856  -0.002120 
 -0.102917   0.540195  -0.158877   0.736881   0.188102   0.101700  -0.005190   0.239228  -0.123827   0.117915  -0.013579   0.010371 
 -0.100994   0.544060  -0.159197   0.785582   0.194634   0.116540   0.001923   0.003865  -0.000320   0.048701   0.006532   0.014840 
 -0.097731   0.391643  -0.041619   0.744559   0.195894   0.094194   0.003263  -0.152417   0.117578  -0.041023   0.001260  -0.022346 
 -0.085944   0.387536  -0.089352   0.812913   0.141521   0.106742   0.011787  -0.004107  -0.047733   0.068354  -0.054373   0.012548 
 -0.079216   0.597683  -0.190915   0.783806   0.110810   0.144328   0.006728   0.210147  -0.101563  -0.029107  -0.030711   0.037586 
 -0.086716   0.470441  -0.183360   0.791369   0.181570   0.122326  -0.007500  -0.127242   0.007555   0.007563   0.070760  -0.022002 
 -0.100155   0.329298  -0.062441   0.738714   0.204890   0.092132  -0.013439  -0.141143   0.120919  -0.052655   0.023320  -0.030194 
 -0.093965   0.294186  -0.040305   0.737397   0.192514   0.096543   0.006190  -0.035112   0.022136  -0.001317  -0.012376   0.004411 
 -0.086373   0.580338  -0.142196   0.807699   0.194061   0.124160   0.007592   0.286152  -0.101891   0.070302   0.001547   0.027617 
 -0.088104   0.603542  -0.192623   0.829528   0.190795   0.131494  -0.001731   0.023204  -0.050427   0.021829  -0.003266   0.007334 
 -0.095314   0.486512  -0.212035   0.800594   0.198473   0.107372  -0.007210  -0.117030  -0.019412  -0.028934   0.007678  -0.024122 
 -0.086287   0.288338  -0.081649   0.726568   0.202827   0.087720   0.009027  -0.198174   0.130386  -0.074026   0.004354  -0.019652 
 -0.093762   0.516025  -0.184107   0.794005   0.187758   0.118087  -0.007475   0.227687  -0.102458   0.067437  -0.015069   0.030367 
 -0.113074   0.545508  -0.099448   0.846029   0.185524   0.117800  -0.019312   0.029483   0.084659   0.052024  -0.002234  -0.000287 
 -0.107306   0.293014   0.047295   0.810621   0.206723   0.080787   0.005768  -0.252494   0.146743  -0.035408   0.021199  -0.037013 
 -0.112619   0.471523  -0.069992   0.817038   0.182602   0.090069  -0.005313   0.178509  -0.117287   0.006417  -0.024121   0.009282 
 -0.106021   0.546513  -0.072603   0.869177   0.185696   0.100440   0.006598   0.074990  -0.002611   0.052139   0.003094   0.010371 
 -0.091606   0.481144  -0.047985   0.923551   0.217036   0.073797   0.014415  -0.065369   0.024618   0.054374   0.031340  -0.026643 
 -0.184941   0.347744   0.162907   0.751320   0.223740   0.147365  -0.093335  -0.133400   0.210892  -0.172231   0.006704   0.073568 
 -0.313296   0.454175   0.069373   0.833310   0.362740   0.128285  -0.128355   0.106431  -0.093534   0.081990   0.139000  -0.019080 
 -0.184840   0.521442  -0.143039   0.867172   0.312205   0.104622   0.128456   0.067267  -0.212412   0.033862  -0.050535  -0.023663 
 -0.168128   0.360782   0.054275   0.861385   0.327331   0.090355   0.016712  -0.160660   0.197314  -0.005787   0.015126  -0.014267 
 -0.169228   0.448157   0.014654   0.862874   0.338675   0.107372  -0.001100   0.087375  -0.039621   0.001489   0.011344   0.017017 
 -0.159009   0.603258  -0.023124   0.905159   0.282296   0.114935   0.010219   0.155101  -0.037778   0.042285  -0.056379   0.007563 
 -0.145976   0.431601   0.062035   0.866828   0.302407   0.086058   0.013033  -0.171657   0.085159  -0.038331   0.020111  -0.028877 
 -0.143623   0.354976   0.125503   0.866771   0.292896   0.092533   0.002353  -0.076625   0.063468  -0.000057  -0.009511   0.006475 
 -0.141821   0.580413   0.002207   0.897653   0.295589   0.106169   0.001802   0.225437  -0.123296   0.030882   0.002693   0.013636 
 -0.140623   0.544917  -0.005730   0.895017   0.280406   0.110237   0.001198  -0.035496  -0.007937  -0.002636  -0.015183   0.004068 
 -0.138282   0.505380  -0.014679   0.896278   0.288771   0.103591   0.002341  -0.039537  -0.008949   0.001261   0.008365  -0.006646 
 -0.137132   0.464158   0.021591   0.874276   0.307392   0.093449   0.001150  -0.041222   0.036270  -0.022002   0.018621  -0.010142 
 -0.116751   0.330929   0.130706   0.859093   0.300516   0.079527   0.020381  -0.133229   0.109115  -0.015183  -0.006876  -0.013922 
 -0.123443   0.532310   0.017997   0.884819   0.302235   0.099294  -0.006692   0.201381  -0.112709   0.025726   0.001719   0.019767 
 -0.124826   0.601922  -0.036794   0.907794   0.297709   0.095226  -0.001383   0.069612  -0.054791   0.022975  -0.004526  -0.004068 
 -0.121874   0.423027   0.069154   0.881266   0.309512   0.083996   0.002952  -0.178895   0.105948  -0.026528   0.011803  -0.011230 
 -0.118558   0.380651   0.088198   0.886079   0.294386   0.085543   0.003316  -0.042376   0.019044   0.004813  -0.015126   0.001547 
 -0.129348   0.605149  -0.031784   0.912378   0.295875   0.107831  -0.010790   0.224498  -0.119982   0.026299   0.001489   0.022288 
 -0.130514   0.548859  -0.029160   0.977523   0.296735   0.093507  -0.001166  -0.056290   0.002624   0.065145   0.000860  -0.014324 
 -0.122870   0.372450   0.121865   0.917936   0.306819   0.074198   0.007644  -0.176409   0.151025  -0.059587   0.010084  -0.019309 
 -0.117881   0.480325   0.077116   0.929853   0.301720   0.079527   0.004989   0.107875  -0.044749   0.011917  -0.005099   0.005329 
 -0.113869   0.569335   0.038186   0.942344   0.317018   0.090642   0.004012   0.089010  -0.038930   0.012491   0.015298   0.011115 
 -0.112564   0.455117   0.123632   0.937244   0.324638   0.057238   0.001305  -0.114218   0.085446  -0.005100   0.007620  -0.033404 
 -0.111994   0.374059   0.132519   0.924926   0.326128   0.071677   0.000570  -0.081058   0.008887  -0.012318   0.001490   0.014439 
 -0.108149   0.588512   0.041693   0.953860   0.319252   0.077578   0.003845   0.214453  -0.090826   0.028934  -0.006876   0.005901 
 -0.109913   0.538119   0.021708   0.941026   0.327044   0.070932  -0.001764  -0.050393  -0.019985  -0.012834   0.007792  -0.006646 
 -0.109287   0.493785   0.016429   0.959475   0.321028   0.068297   0.000626  -0.044334  -0.005279   0.018449  -0.006016  -0.002635 
 -0.107180   0.378164   0.113894   0.918738   0.321086   0.067552   0.002107  -0.115621   0.097465  -0.040737   0.000058  -0.000745 
 -0.125920   0.429902  -0.006545   0.878975   0.281781   0.089038  -0.018740   0.051738  -0.120439  -0.039763  -0.039305   0.021486 
 -0.175547   0.600252  -0.052654   0.906133   0.448225   0.151891  -0.049627   0.170350  -0.046109   0.027158   0.166444   0.062853 
 -0.161243   0.522061  -0.087834   0.969960   0.400497   0.134301   0.014304  -0.078191  -0.035180   0.063827  -0.047728  -0.017590 
 -0.157111   0.348227   0.069194   0.841732   0.418316   0.112128   0.004132  -0.173834   0.157028  -0.128228   0.017819  -0.022173 
 -0.146064   0.491908  -0.087705   0.910029   0.405826   0.091501   0.011047   0.143681  -0.156899   0.068297  -0.012490  -0.020627 
 -0.116276   0.400763   0.060158   0.358385   0.298167   0.095627   0.029788  -0.091145   0.147863  -0.551644  -0.107659   0.004126 
 -0.133965   0.402318  -0.016296   0.496296   0.274447   0.073224  -0.017689   0.001555  -0.076454   0.137911  -0.023720  -0.022403 
 -0.131760   0.230891   0.157792   0.347671   0.255998   0.042800   0.002205  -0.171427   0.174088  -0.148625  -0.018449  -0.030424 
 -0.117808   0.346785   0.032533   0.530330   0.295704   0.068411   0.013952   0.115894  -0.125259   0.182659   0.039706   0.025611 
 -0.138037   0.548148  -0.016963   0.773207   0.353400   0.103877  -0.020229   0.201363  -0.049496   0.242877   0.057696   0.035466 
 -0.147192   0.388050  -0.063550   0.785582   0.387205   0.084855  -0.009155  -0.160098  -0.046587   0.012375   0.033805  -0.019022 
 -0.139362   0.359438  -0.011791   0.767763   0.345322   0.098320   0.007830  -0.028612   0.051759  -0.017819  -0.041883   0.013465 
 -0.141914   0.548127  -0.088212   0.735964   0.312778   0.113618  -0.002552   0.188689  -0.076421  -0.031799  -0.032544   0.015298 
 -0.140697   0.500148  -0.093587   0.707889   0.308882   0.104565   0.001217  -0.047979  -0.005375  -0.028075  -0.003896  -0.009053 
 -0.138218   0.358825  -0.022457   0.685429   0.321028   0.086058   0.002479  -0.141323   0.071130  -0.022460   0.012146  -0.018507 
 -0.137339   0.276843   0.016368   0.642171   0.353801   0.103648   0.000879  -0.081982   0.038825  -0.043258   0.032773   0.017590 
 -0.157710   0.594637  -0.180574   0.754127   0.362167   0.107430  -0.020371   0.317794  -0.196942   0.111956   0.008366   0.003782 
 -0.150709   0.393532  -0.119858   0.716885   0.362224   0.091215   0.007001  -0.201105   0.060716  -0.037242   0.000057  -0.016215 
 -0.143029   0.303872  -0.081089   0.685773   0.378668   0.095512   0.007680  -0.089660   0.038769  -0.031112   0.016444   0.004297 
 -0.157546   0.565288  -0.251383   0.742210   0.371563   0.114993  -0.014517   0.261416  -0.170294   0.056437  -0.007105   0.019481 
 -0.158662   0.404222  -0.181899   0.736652   0.383538   0.086860  -0.001116  -0.161066   0.069484  -0.005558   0.011975  -0.028133 
 -0.161272   0.307841  -0.125661   0.751434   0.384340   0.080214  -0.002610  -0.096381   0.056238   0.014782   0.000802  -0.006646 
 -0.159311   0.549989  -0.235356   0.798016   0.379069   0.104737   0.001961   0.242148  -0.109695   0.046582  -0.005271   0.024523 
 -0.152304   0.477060  -0.253215   0.802599   0.373626   0.099408   0.007007  -0.072929  -0.017859   0.004583  -0.005443  -0.005329 
 -0.142506   0.297804  -0.117168   0.762263   0.386861   0.079125   0.009798  -0.179256   0.136047  -0.040336   0.013235  -0.020283 
 -0.143249   0.414506  -0.106133   0.802141   0.377178   0.082850  -0.000743   0.116702   0.011035   0.039878  -0.009683   0.003725 
 -0.154461   0.587181  -0.165411   0.834456   0.358843   0.092991  -0.011212   0.172675  -0.059278   0.032315  -0.018335   0.010141 
 -0.159392   0.504644  -0.185936   0.852389   0.347270   0.097059  -0.004931  -0.082537  -0.020525   0.017933  -0.011573   0.004068 
 -0.155815   0.354129  -0.103739   0.815949   0.364172   0.086402   0.003577  -0.150515   0.082197  -0.036440   0.016902  -0.010657 
 -0.155990   0.408780  -0.145552   0.820476   0.354947   0.087777  -0.000175   0.054651  -0.041813   0.004527  -0.009225   0.001375 
 -0.159980   0.552289  -0.180863   0.849639   0.337816   0.096257  -0.003990   0.143509  -0.035311   0.029163  -0.017131   0.008480 
 -0.157810   0.439970  -0.133035   0.853822   0.355234   0.096372   0.002170  -0.112319   0.047828   0.004183   0.017418   0.000115 
 -0.153497   0.380460  -0.057181   0.873130   0.365891   0.084569   0.004313  -0.059510   0.075854   0.019308   0.010657  -0.011803 
 -0.151822   0.535453  -0.140253   0.869693   0.342285   0.092361   0.001675   0.154993  -0.083072  -0.003437  -0.023606   0.007792 
 -0.151281   0.485166  -0.149327   0.818184   0.320455   0.104966   0.000541  -0.050287  -0.009074  -0.051509  -0.021830   0.012605 
 -0.150256   0.353971  -0.046433   0.797443   0.361422   0.089210   0.001025  -0.131195   0.102894  -0.020741   0.040967  -0.015756 
 -0.155829   0.263511   0.011306   0.772863   0.355119   0.098090  -0.005573  -0.090460   0.057739  -0.024580  -0.006303   0.008880 
 -0.154744   0.399742  -0.011514   0.816121   0.347327   0.096601   0.001085   0.136231  -0.022820   0.043258  -0.007792  -0.001489 
 -0.151202   0.630895  -0.036761   0.867802   0.334321   0.103820   0.003542   0.231153  -0.025247   0.051681  -0.013006   0.007219 
 -0.145383   0.598280  -0.095039   0.877084   0.325841   0.113159   0.005819  -0.032615  -0.058278   0.009282  -0.008480   0.009339 
 -0.136607   0.509192  -0.125749   0.877084   0.334321   0.099179   0.008776  -0.089088  -0.030710   0.000000   0.008480  -0.013980 
 -0.142279   0.351650  -0.027694   0.829757   0.346811   0.083423  -0.005672  -0.157542   0.098055  -0.047327   0.012490  -0.015756 
 -0.143692   0.425408  -0.026155   0.853593   0.330597   0.091616  -0.001413   0.073758   0.001539   0.023836  -0.016214   0.008193 
 -0.151199   0.580968  -0.077185   0.900174   0.314267   0.102330  -0.007507   0.155560  -0.051030   0.046581  -0.016330   0.010714 
 -0.155498   0.506397  -0.088555   0.911175   0.311059   0.107143  -0.004299  -0.074571  -0.011370   0.011001  -0.003208   0.004813 
 -0.148182   0.421529  -0.035357   0.909456   0.315528   0.087376   0.007316  -0.084868   0.053198  -0.001719   0.004469  -0.019767 
 -0.146004   0.435674  -0.056296   0.926072   0.328534   0.084740   0.002178   0.014145  -0.020939   0.016616   0.013006  -0.002636 
 -0.149934   0.521773  -0.079114   0.911633   0.321830   0.094022  -0.003930   0.086099  -0.022818  -0.014439  -0.006704   0.009282 
 -0.147142   0.491238  -0.078708   0.925155   0.329909   0.097517   0.002792  -0.030535   0.000406   0.013522   0.008079   0.003495 
 -0.141511   0.462793  -0.096755   0.929338   0.319424   0.087548   0.005631  -0.028445  -0.018047   0.004183  -0.010485  -0.009969 
 -0.132556   0.478367  -0.096687   0.915415   0.329852   0.084569   0.008955   0.015574   0.000068  -0.013923   0.010428  -0.002979 
 -0.144935   0.380309   0.018545   0.898627   0.359302   0.076261  -0.012379  -0.098058   0.115232  -0.016788   0.029450  -0.008308 
