  0.000000   0.000000   0.000000   0.000000   0.000000   0.000000   0.000000   0.000000   0.000000   0.000000   0.000000   0.000000 
  0.000038   0.053323  -0.012441  -0.093850   0.006933   0.000000   0.000038   0.053323  -0.012441  -0.093850   0.006933   0.000000 
 -0.000009   0.055329   0.026878  -0.088064  -0.005558   0.000000  -0.000047   0.002006   0.039319   0.005786  -0.012491   0.000000 
  0.000113   0.086948   0.046694  -0.069958   0.001776   0.000000   0.000122   0.031619   0.019816   0.018106   0.007334   0.000000 
 -0.010931   0.169645   0.064614  -0.169939   0.016730   0.000000  -0.011044   0.082697   0.017920  -0.099981   0.014954   0.000000 
  0.000102   0.118324   0.093730  -0.163465  -0.001261   0.000000   0.011033  -0.051321   0.029116   0.006474  -0.017991   0.000000 
  0.002083   0.118057   0.126149  -0.225459  -0.025497   0.013350   0.001981  -0.000267   0.032419  -0.061994  -0.024236   0.013350 
 -0.000065   0.193116   0.092680  -0.268889  -0.025497   0.011058  -0.002148   0.075059  -0.033469  -0.043430   0.000000  -0.002292 
  0.004809   0.133115   0.096679  -0.243163  -0.049217   0.024007   0.004874  -0.060001   0.003999   0.025726  -0.023720   0.012949 
  0.011913   0.154050   0.107410  -0.258347  -0.052941   0.028934   0.007104   0.020935   0.010731  -0.015184  -0.003724   0.004927 
  0.011285   0.193243   0.111535  -0.293412  -0.048931   0.027674  -0.000628   0.039193   0.004125  -0.035065   0.004010  -0.001260 
  0.017234   0.146733   0.113496  -0.232048  -0.061879   0.032544   0.005949  -0.046510   0.001961   0.061364  -0.012948   0.004870 
  0.018321   0.144688   0.143394  -0.300230  -0.061879   0.037357   0.001087  -0.002045   0.029898  -0.068182   0.000000   0.004813 
  0.008228   0.197655   0.135505  -0.317304  -0.039763   0.029049  -0.010093   0.052967  -0.007889  -0.017074   0.022116  -0.008308 
  0.011173   0.165656   0.150792  -0.361422  -0.027846   0.032544   0.002945  -0.031999   0.015287  -0.044118   0.011917   0.003495 
  0.007011   0.098864   0.174191  -0.354260  -0.041425   0.039534  -0.004162  -0.066792   0.023399   0.007162  -0.013579   0.006990 
  0.000453   0.135300   0.165247  -0.354203  -0.015814   0.047097  -0.006558   0.036436  -0.008944   0.000057   0.025611   0.007563 
  0.011412   0.188961   0.144316  -0.339936  -0.052598   0.056264   0.010959   0.053661  -0.020931   0.014267  -0.036784   0.009167 
  0.014703   0.129768   0.166686  -0.379986  -0.033919   0.051452   0.003291  -0.059193   0.022370  -0.040050   0.018679  -0.004812 
  0.017951   0.118695   0.196572  -0.399925  -0.040623   0.060905   0.003248  -0.011073   0.029886  -0.019939  -0.006704   0.009453 
  0.012807   0.152805   0.183070  -0.447767  -0.036727   0.048128  -0.005144   0.034110  -0.013502  -0.047842   0.003896  -0.012777 
  0.015746   0.096928   0.208574  -0.458424  -0.030997   0.045206   0.002939  -0.055877   0.025504  -0.010657   0.005730  -0.002922 
  0.014987   0.108550   0.213933  -0.472346  -0.024523   0.046180  -0.000759   0.011622   0.005359  -0.013922   0.006474   0.000974 
  0.012434   0.165148   0.200119  -0.502026  -0.025840   0.052540  -0.002553   0.056598  -0.013814  -0.029680  -0.001317   0.006360 
  0.015044   0.119656   0.198923  -0.471315  -0.023663   0.042170   0.002610  -0.045492  -0.001196   0.030711   0.002177  -0.010370 
  0.014364   0.092118   0.224627  -0.492228  -0.028476   0.041826  -0.000680  -0.027538   0.025704  -0.020913  -0.004813  -0.000344 
  0.014054   0.143982   0.203723  -0.489707  -0.026814   0.049618  -0.000310   0.051864  -0.020904   0.002521   0.001662   0.007792 
  0.013366   0.094325   0.230867  -0.512625  -0.032429   0.040279  -0.000688  -0.049657   0.027144  -0.022918  -0.005615  -0.009339 
  0.010837   0.146097   0.208686  -0.518584  -0.034721   0.052769  -0.002529   0.051772  -0.022181  -0.005959  -0.002292   0.012490 
  0.007430   0.118930   0.208442  -0.506953  -0.038445   0.052827  -0.003407  -0.027167  -0.000244   0.011631  -0.003724   0.000058 
  0.014472   0.083104   0.216882  -0.493374  -0.034206   0.046811   0.007042  -0.035826   0.008440   0.013579   0.004239  -0.006016 
  0.012320   0.119807   0.207573  -0.521392  -0.033518   0.051681  -0.002152   0.036703  -0.009309  -0.028018   0.000688   0.004870 
  0.011116   0.141017   0.211516  -0.533424  -0.032143   0.058728  -0.001204   0.021210   0.003943  -0.012032   0.001375   0.007047 
  0.010297   0.111831   0.208778  -0.530502  -0.025096   0.061249  -0.000819  -0.029186  -0.002738   0.002922   0.007047   0.002521 
  0.013965   0.073663   0.230468  -0.535830  -0.024408   0.053629   0.003668  -0.038168   0.021690  -0.005328   0.000688  -0.007620 
  0.012192   0.112981   0.209067  -0.551758  -0.021371   0.055978  -0.001773   0.039318  -0.021401  -0.015928   0.003037   0.002349 
  0.010528   0.142593   0.201877  -0.541846  -0.006245   0.056264  -0.001664   0.029612  -0.007190   0.009912   0.015126   0.000286 
  0.009406   0.086008   0.210100  -0.556972  -0.001089   0.055691  -0.001122  -0.056585   0.008223  -0.015126   0.005156  -0.000573 
  0.010992   0.043838   0.244962  -0.582927  -0.015355   0.065432   0.001586  -0.042170   0.034862  -0.025955  -0.014266   0.009741 
  0.007870   0.091113   0.243992  -0.601262  -0.001031   0.058843  -0.003122   0.047275  -0.000970  -0.018335   0.014324  -0.006589 
  0.009839   0.118781   0.232862  -0.609111  -0.006933   0.062109   0.001969   0.027668  -0.011130  -0.007849  -0.005902   0.003266 
  0.006884   0.056214   0.255384  -0.646296   0.024981   0.050420  -0.002955  -0.062567   0.022522  -0.037185   0.031914  -0.011689 
  0.007353   0.039280   0.279594  -0.641713  -0.021257   0.051108   0.000469  -0.016934   0.024210   0.004583  -0.046238   0.000688 
  0.011757   0.134806   0.249760  -0.616961  -0.021429   0.067781   0.004404   0.095526  -0.029834   0.024752  -0.000172   0.016673 
  0.011801   0.092240   0.246066  -0.636442   0.007105   0.059530   0.000044  -0.042566  -0.003694  -0.019481   0.028534  -0.008251 
  0.014739   0.048608   0.261475  -0.612091  -0.015355   0.054832   0.002938  -0.043632   0.015409   0.024351  -0.022460  -0.004698 
  0.012061   0.107514   0.251243  -0.643145  -0.010772   0.056379  -0.002678   0.058906  -0.010232  -0.031054   0.004583   0.001547 
  0.012983   0.100944   0.246906  -0.654375   0.001776   0.052884   0.000922  -0.006570  -0.004337  -0.011230   0.012548  -0.003495 
  0.015346   0.043428   0.259880  -0.618451  -0.015355   0.052540   0.002363  -0.057516   0.012974   0.035924  -0.017131  -0.000344 
  0.015341   0.059498   0.265230  -0.629623   0.002292   0.057582  -0.000005   0.016070   0.005350  -0.011172   0.017647   0.005042 
  0.015616   0.119613   0.242428  -0.592553   0.015241   0.062452   0.000275   0.060115  -0.022802   0.037070   0.012949   0.004870 
  0.034224   0.022696   0.337408  -0.566713   0.021085   0.055863   0.018608  -0.096917   0.094980   0.025840   0.005844  -0.006589 
  0.073011  -0.191360   0.953557  -0.554795  -0.074943   0.035409   0.038787  -0.214056   0.616149   0.011918  -0.096028  -0.020454 
  0.129248  -0.071251   1.432935  -0.385142  -0.198129   0.069557   0.056237   0.120109   0.479378   0.169653  -0.123186   0.034148 
  0.211576  -0.003311   1.798929  -0.307277  -0.386174   0.118831   0.082328   0.067940   0.365994   0.077865  -0.188045   0.049274 
  0.223150  -0.002005   1.941833  -0.151146  -0.405540   0.118029   0.011574   0.001306   0.142904   0.156131  -0.019366  -0.000802 
  0.269203  -0.035500   2.143333  -0.089496  -0.382335   0.128572   0.046053  -0.033495   0.201500   0.061650   0.023205   0.010543 
  0.269098   0.040336   2.151790  -0.100841  -0.382277   0.122326  -0.000105   0.075836   0.008457  -0.011345   0.000058  -0.006246 
  0.268656   0.068838   2.130339  -0.114019  -0.358442   0.117800  -0.000442   0.028502  -0.021451  -0.013178   0.023835  -0.004526 
  0.263450   0.034427   2.145972  -0.105653  -0.367724   0.118717  -0.005206  -0.034411   0.015633   0.008366  -0.009282   0.000917 
  0.266298  -0.005139   2.223508  -0.077750  -0.352885   0.122899   0.002848  -0.039566   0.077536   0.027903   0.014839   0.004182 
  0.268150   0.043610   2.181326  -0.105768  -0.339649   0.101299   0.001852   0.048749  -0.042182  -0.028018   0.013236  -0.021600 
  0.268004   0.053509   2.153533  -0.134932  -0.325497   0.110695  -0.000146   0.009899  -0.027793  -0.029164   0.014152   0.009396 
  0.268260  -0.009109   2.237124  -0.085256  -0.343660   0.109550   0.000256  -0.062618   0.083591   0.049676  -0.018163  -0.001145 
  0.252025   0.003160   2.269675  -0.074599  -0.373282   0.105367  -0.016235   0.012269   0.032551   0.010657  -0.029622  -0.004183 
  0.247406   0.060469   2.229860  -0.093621  -0.378553   0.115852  -0.004619   0.057309  -0.039815  -0.019022  -0.005271   0.010485 
  0.254058   0.032888   2.211521  -0.118144  -0.373912   0.111899   0.006652  -0.027581  -0.018339  -0.024523   0.004641  -0.003953 
  0.247116  -0.029924   2.285671  -0.168679  -0.365031   0.122498  -0.006942  -0.062812   0.074150  -0.050535   0.008881   0.010599 
  0.246952   0.031858   2.208369  -0.195493  -0.344061   0.119118  -0.000164   0.061782  -0.077302  -0.026814   0.020970  -0.003380 
  0.253276   0.003822   2.257442  -0.195321  -0.330998   0.132468   0.006324  -0.028036   0.049073   0.000172   0.013063   0.013350 
  0.256344  -0.074665   2.482899  -0.228782  -0.344004   0.140088   0.003068  -0.078487   0.225457  -0.033461  -0.013006   0.007620 
  0.256192   0.014975   2.367802  -0.254966  -0.304928   0.137395  -0.000152   0.089640  -0.115097  -0.026184   0.039076  -0.002693 
  0.266745  -0.003232   2.538795  -0.226662  -0.294157   0.127426   0.010553  -0.018207   0.170993   0.028304   0.010771  -0.009969 
  0.272432  -0.024305   2.570552  -0.153839  -0.328534   0.136536   0.005687  -0.021073   0.031757   0.072823  -0.034377   0.009110 
  0.265710   0.029383   2.608896  -0.423015  -0.278687   0.125936  -0.006722   0.053688   0.038344  -0.269176   0.049847  -0.010600 
  0.278291   0.035499   2.586840  -0.003667  -0.342801   0.163293   0.012581   0.006116  -0.022056   0.419348  -0.064114   0.037357 
  0.278687  -0.084168   2.762345  -0.339821  -0.385486   0.166330   0.000396  -0.119667   0.175505  -0.336154  -0.042685   0.003037 
  0.250373  -0.073113   2.828625  -0.713905  -0.335982   0.116883  -0.028314   0.011055   0.066280  -0.374084   0.049504  -0.049447 
  0.264267  -0.059648   2.761586  -0.489191  -0.333404   0.102216   0.013894   0.013465  -0.067039   0.224714   0.002578  -0.014667 
  0.264938   0.000308   2.511187  -0.266483  -0.291807   0.146162   0.000671   0.059956  -0.250399   0.222708   0.041597   0.043946 
  0.266892  -0.042865   2.628035  -0.364974  -0.282640   0.146104   0.001954  -0.043173   0.116848  -0.098491   0.009167  -0.000058 
  0.276026  -0.002201   2.678503  -0.361823  -0.325096   0.129890   0.009134   0.040664   0.050468   0.003151  -0.042456  -0.016214 
  0.253661  -0.001594   2.589215  -0.323435  -0.260925   0.119347  -0.022365   0.000607  -0.089288   0.038388   0.064171  -0.010543 
  0.258692  -0.013129   2.600166  -0.290604  -0.270780   0.126681   0.005031  -0.011535   0.010951   0.032831  -0.009855   0.007334 
  0.290973  -0.151597   3.011140  -0.470341  -0.356208   0.113388   0.032281  -0.138468   0.410974  -0.179737  -0.085428  -0.013293 
  0.289064  -0.040734   2.878028  -0.266540  -0.310486   0.115852  -0.001909   0.110863  -0.133112   0.203801   0.045722   0.002464 
  0.253192   0.026149   2.531872  -0.299485  -0.128457   0.096773  -0.035872   0.066883  -0.346156  -0.032945   0.182029  -0.019079 
  0.240369  -0.033152   2.568519  -0.317361  -0.066692   0.089439  -0.012823  -0.059301   0.036647  -0.017876   0.061765  -0.007334 
  0.261639  -0.142560   3.045678  -0.420551  -0.079985   0.060218   0.021270  -0.109408   0.477159  -0.103190  -0.013293  -0.029221 
  0.229301   0.004654   2.588814  -0.338045   0.007047   0.075573  -0.032338   0.147214  -0.456864   0.082506   0.087032   0.015355 
  0.222715  -0.009760   2.665647  -0.330883   0.025153   0.066406  -0.006586  -0.014414   0.076833   0.007162   0.018106  -0.009167 
  0.263003  -0.135117   2.978309  -0.267514  -0.063140   0.062166   0.040288  -0.125357   0.312662   0.063369  -0.088293  -0.004240 
  0.222071   0.014166   2.554192  -0.331112  -0.021830   0.083709  -0.040932   0.149283  -0.424117  -0.063598   0.041310   0.021543 
  0.222773  -0.032943   2.697364  -0.324523  -0.078896   0.086287   0.000702  -0.047109   0.143172   0.006589  -0.057066   0.002578 
  0.291148  -0.156552   3.288039  -0.234225  -0.327617   0.093793   0.068375  -0.123609   0.590675   0.090298  -0.248721   0.007506 
  0.251843  -0.005896   2.841672  -0.237835  -0.117857   0.071276  -0.039305   0.150656  -0.446367  -0.003610   0.209760  -0.022517 
  0.225279   0.039842   2.667702  -0.336785  -0.090757   0.084225  -0.026564   0.045738  -0.173970  -0.098950   0.027100   0.012949 
  0.291293  -0.135602   3.333539  -0.126853  -0.332201   0.111326   0.066014  -0.175444   0.665837   0.209932  -0.241444   0.027101 
  0.282802  -0.066812   3.169064  -0.092475  -0.348072   0.117113  -0.008491   0.068790  -0.164475   0.034378  -0.015871   0.005787 
  0.235110   0.045304   2.608500  -0.391789  -0.009740   0.103935  -0.047692   0.112116  -0.560564  -0.299314   0.338332  -0.013178 
  0.291249  -0.086042   3.154820  -0.205062  -0.114477   0.078782   0.056139  -0.131346   0.546320   0.186727  -0.104737  -0.025153 
  0.324221  -0.059476   3.839631   0.351624   0.019423   0.061077   0.032972   0.026566   0.684811   0.556686   0.133900  -0.017705 
  0.341637   0.031206   3.660322   0.109091  -0.041081   0.097346   0.017416   0.090682  -0.179309  -0.242533  -0.060504   0.036269 
  0.320534   0.026314   3.556611   0.157334  -0.078037   0.058728  -0.021103  -0.004892  -0.103711   0.048243  -0.036956  -0.038618 
  0.262289   0.011563   3.624357   0.483118  -0.455100  -0.064630  -0.058245  -0.014751   0.067746   0.325784  -0.377063  -0.123358 
  0.273001  -0.080425   3.487984   0.061994  -0.429546  -0.028591   0.010712  -0.091988  -0.136373  -0.421124   0.025554   0.036039 
  0.319617  -0.121064   3.628144   0.164267  -0.170627  -0.001776   0.046616  -0.040639   0.140160   0.102273   0.258919   0.026815 
  0.340575  -0.007639   3.702406   1.112856  -0.097174  -0.032315   0.020958   0.113425   0.074262   0.948589   0.073453  -0.030539 
  0.390522   0.268262   3.853758   1.639461  -0.037930  -0.068755   0.049947   0.275901   0.151352   0.526605   0.059244  -0.036440 
  0.422058   0.372365   3.998263   1.759783  -0.106914  -0.050478   0.031536   0.104103   0.144505   0.120322  -0.068984   0.018277 
  0.470398   0.274357   4.029367   1.863774  -0.185409  -0.005615   0.048340  -0.098008   0.031104   0.103991  -0.078495   0.044863 
  0.471078   0.353046   3.683851   2.779304  -0.262472   0.018163   0.000680   0.078689  -0.345516   0.915530  -0.077063   0.023778 
  0.432944   0.393365   3.508806   2.775408  -0.344691  -0.075172  -0.038134   0.040319  -0.175045  -0.003896  -0.082219  -0.093335 
  0.534148   0.106439   4.045025   1.132394  -0.508557  -0.058098   0.101204  -0.286926   0.536219  -1.643014  -0.163866   0.017074 
  0.544718   0.262441   3.854726   1.473361  -0.618279  -0.036096   0.010570   0.156002  -0.190299   0.340967  -0.109722   0.022002 
  0.620350   0.296707   3.933688   1.504759  -0.644635  -0.039591   0.075632   0.034266   0.078962   0.031398  -0.026356  -0.003495 
  0.612212   0.391432   3.848759   1.554836  -0.697118  -0.008365  -0.008138   0.094725  -0.084929   0.050077  -0.052483   0.031226 
  0.465647   0.207725   3.534520   1.273055  -0.538179   0.005615  -0.146565  -0.183707  -0.314239  -0.281781   0.158939   0.013980 
  0.280526   0.124678   2.682882   0.615643  -0.140031   0.014381  -0.185121  -0.083047  -0.851638  -0.657412   0.398148   0.008766 
  0.250062   0.006588   2.611498  -0.372881  -0.068927  -0.008537  -0.030464  -0.118090  -0.071384  -0.988524   0.071104  -0.022918 
  0.242104   0.057035   2.667464   0.046180  -0.128514   0.012032  -0.007958   0.050447   0.055966   0.419061  -0.059587   0.020569 
  0.321778   0.030382   2.844282  -0.081876  -0.139171   0.117514   0.079674  -0.026653   0.176818  -0.128056  -0.010657   0.105482 
  0.388892   0.407820   1.852773   0.609513  -0.280692  -0.064572   0.067114   0.377438  -0.991509   0.691389  -0.141521  -0.182086 
 -0.060399   0.594613  -0.014679   0.878058  -0.117857   0.400211  -0.449291   0.186793  -1.867452   0.268545   0.162835   0.464783 
 -0.050102   0.416354  -0.403927  -0.259664  -0.832278   0.442610   0.010297  -0.178259  -0.389248  -1.137722  -0.714421   0.042399 
  0.120251   0.439667  -0.663386  -0.900231  -1.356993   0.636728   0.170353   0.023313  -0.259459  -0.640567  -0.524715   0.194118 
  0.084532   0.295404  -0.526774  -0.724219  -1.185622   0.525689  -0.035719  -0.144263   0.136612   0.176012   0.171371  -0.111039 
 -0.045127   0.176777  -0.390916  -1.385870  -0.529757   0.638905  -0.129659  -0.118627   0.135858  -0.661651   0.655865   0.113216 
 -0.088001   0.223974  -0.482056  -1.534667  -0.387606   0.505062  -0.042874   0.047197  -0.091140  -0.148797   0.142151  -0.133843 
 -0.248049   0.271173  -0.382538  -1.259991  -0.341082   0.363427  -0.160048   0.047199   0.099518   0.274676   0.046524  -0.141635 
 -0.336175   0.428270  -0.267683  -1.185163  -0.177502   0.185352  -0.088126   0.157097   0.114855   0.074828   0.163580  -0.178075 
 -0.323348   0.435916  -0.316036  -1.358598  -0.112701   0.251643   0.012827   0.007646  -0.048353  -0.173435   0.064801   0.066291 
 -0.281514   0.330866  -0.411941  -1.386099  -0.140489   0.269519   0.041834  -0.105050  -0.095905  -0.027501  -0.027788   0.017876 
 -0.179122   0.152251  -0.505587  -1.428556  -0.226777   0.271238   0.102392  -0.178615  -0.093646  -0.042457  -0.086288   0.001719 
 -0.160534   0.181483  -0.537378  -1.501436  -0.292208   0.297079   0.018588   0.029232  -0.031791  -0.072880  -0.065431   0.025841 
 -0.208675   0.171659  -0.484996  -1.669083  -0.272957   0.311689  -0.048141  -0.009824   0.052382  -0.167647   0.019251   0.014610 
 -0.184815   0.060510  -0.375692  -1.827506  -0.258003   0.332888   0.023860  -0.111149   0.109304  -0.158423   0.014954   0.021199 
 -0.188494   0.035943  -0.346879  -1.781039  -0.289974   0.305501  -0.003679  -0.024567   0.028813   0.046467  -0.031971  -0.027387 
 -0.209736   0.015898  -0.084091  -1.996300  -0.314840   0.297823  -0.021242  -0.020045   0.262788  -0.215261  -0.024866  -0.007678 
 -0.184398   0.010056  -0.127816  -1.989653  -0.253591   0.302865   0.025338  -0.005842  -0.043725   0.006647   0.061249   0.005042 
 -0.178087   0.050098  -0.300888  -1.817880  -0.311116   0.282010   0.006311   0.040042  -0.173072   0.171773  -0.057525  -0.020855 
 -0.175096   0.049441  -0.305300  -1.795421  -0.281609   0.267686   0.002991  -0.000657  -0.004412   0.022459   0.029507  -0.014324 
 -0.177667   0.073722  -0.237374  -1.891677  -0.288026   0.274046  -0.002571   0.024281   0.067926  -0.096256  -0.006417   0.006360 
 -0.158688   0.187600  -0.215931  -1.866811  -0.280176   0.293354   0.018979   0.113878   0.021443   0.024866   0.007850   0.019308 
 -0.157876   0.285845  -0.217466  -1.807052  -0.253133   0.304241   0.000812   0.098245  -0.001535   0.059759   0.027043   0.010887 
 -0.124572   0.296453  -0.321848  -1.477314  -0.276796   0.378152   0.033304   0.010608  -0.104382   0.329738  -0.023663   0.073911 
 -0.113623   0.259624  -0.219548  -1.438009  -0.294672   0.413905   0.010949  -0.036829   0.102300   0.039305  -0.017876   0.035753 
 -0.050016   0.313045   0.144214  -0.749715  -0.250497   0.359875   0.063607   0.053421   0.363762   0.688294   0.044175  -0.054030 
  0.105450   0.158944   0.955309   0.084855  -0.534398   0.240413   0.155466  -0.154101   0.811095   0.834570  -0.283901  -0.119462 
  0.209628   0.310733   1.349257   1.092344  -0.824314  -0.038789   0.104178   0.151789   0.393948   1.007489  -0.289916  -0.279202 
  0.316948   0.372839   2.637733   1.107642  -0.714421   0.079297   0.107320   0.062106   1.288476   0.015298   0.109893   0.118086 
  0.327411   0.388496   2.719011   0.899429  -0.751606   0.060332   0.010463   0.015657   0.081278  -0.208213  -0.037185  -0.018965 
  0.239449   0.680981   1.733847   1.897407  -0.644348  -0.054488  -0.087962   0.292485  -0.985164   0.997978   0.107258  -0.114820 
  0.050675   0.788168   0.777796   2.210357  -0.410410   0.052540  -0.188774   0.107187  -0.956051   0.312950   0.233938   0.107028 
 -0.016613   0.704292   0.377093   2.244906  -0.387835   0.070818  -0.067288  -0.083876  -0.400703   0.034549   0.022575   0.018278 
 -0.016662   0.767601   0.226424   2.323172  -0.403477   0.067552  -0.000049   0.063309  -0.150669   0.078266  -0.015642  -0.003266 
 -0.029125   0.752417   0.199528   1.968626  -0.473779   0.050019  -0.012463  -0.015184  -0.026896  -0.354546  -0.070302  -0.017533 
 -0.016167   0.666554   0.231673   1.748896  -0.498359   0.058442   0.012958  -0.085863   0.032145  -0.219730  -0.024580   0.008423 
  0.005846   0.553923   0.229440   1.420649  -0.461518   0.078381   0.022013  -0.112631  -0.002233  -0.328247   0.036841   0.019939 
  0.007368   0.470700   0.254086   1.260278  -0.519673   0.095627   0.001522  -0.083223   0.024646  -0.160371  -0.058155   0.017246 
  0.005760   0.552738   0.221219   1.153020  -0.478878   0.109148  -0.001608   0.082038  -0.032867  -0.107258   0.040795   0.013521 
 -0.003900   0.488567   0.224452   1.019979  -0.463007   0.121123  -0.009660  -0.064171   0.003233  -0.133041   0.015871   0.011975 
 -0.011459   0.417016   0.225482   0.891694  -0.459569   0.133556  -0.007559  -0.071551   0.001030  -0.128285   0.003438   0.012433 
 -0.012945   0.366760   0.263479   0.822481  -0.439745   0.128400  -0.001486  -0.050256   0.037997  -0.069213   0.019824  -0.005156 
 -0.015708   0.431624   0.268081   0.754815  -0.435849   0.144271  -0.002763   0.064864   0.004602  -0.067666   0.003896   0.015871 
 -0.015665   0.372154   0.281278   0.700727  -0.425765   0.145417   0.000043  -0.059470   0.013197  -0.054088   0.010084   0.001146 
 -0.012660   0.310093   0.317999   0.636384  -0.423244   0.149714   0.003005  -0.062061   0.036721  -0.064343   0.002521   0.004297 
 -0.009548   0.358661   0.321477   0.572270  -0.411040   0.158767   0.003112   0.048568   0.003478  -0.064114   0.012204   0.009053 
 -0.010337   0.345423   0.319919   0.527981  -0.418374   0.160428  -0.000789  -0.013238  -0.001558  -0.044289  -0.007334   0.001661 
 -0.007040   0.287201   0.345890   0.522595  -0.413103   0.156990   0.003297  -0.058222   0.025971  -0.005386   0.005271  -0.003438 
  0.003224   0.285580   0.400633   0.549524  -0.434359   0.156417   0.010264  -0.001621   0.054743   0.026929  -0.021256  -0.000573 
  0.005288   0.358587   0.353689   0.570208  -0.469997   0.150802   0.002064   0.073007  -0.046944   0.020684  -0.035638  -0.005615 
  0.007030   0.294322   0.368382   0.602293  -0.450631   0.136020   0.001742  -0.064265   0.014693   0.032085   0.019366  -0.014782 
  0.017295   0.273575   0.464100   0.542476  -0.503859   0.150860   0.010265  -0.020747   0.095718  -0.059817  -0.053228   0.014840 
  0.019877   0.367219   0.368741   0.614898  -0.451262   0.150516   0.002582   0.093644  -0.095359   0.072422   0.052597  -0.000344 
  0.019770   0.348598   0.369971   0.578974  -0.447251   0.150401  -0.000107  -0.018621   0.001230  -0.035924   0.004011  -0.000115 
  0.019446   0.281156   0.381375   0.630483  -0.480597   0.145990  -0.000324  -0.067442   0.011404   0.051509  -0.033346  -0.004411 
  0.013101   0.328083   0.380216   0.523110  -0.474237   0.140833  -0.006345   0.046927  -0.001159  -0.107373   0.006360  -0.005157 
  0.019740   0.326390   0.402526   0.449084  -0.483003   0.156188   0.006639  -0.001693   0.022310  -0.074026  -0.008766   0.015355 
  0.025295   0.272178   0.429719   0.453382  -0.564707   0.155272   0.005555  -0.054212   0.027193   0.004298  -0.081704  -0.000916 
  0.032448   0.228154   0.538553   0.230157  -0.554680   0.148625   0.007153  -0.044024   0.108834  -0.223225   0.010027  -0.006647 
  0.019136   0.315936   0.423851   0.227923  -0.475039   0.147021  -0.013312   0.087782  -0.114702  -0.002234   0.079641  -0.001604 
  0.007043   0.178350   0.423568  -0.104106  -0.389325   0.186383  -0.012093  -0.137586  -0.000283  -0.332029   0.085714   0.039362 
  0.020885   0.110674   0.556994  -0.417056  -0.381876   0.205692   0.013842  -0.067676   0.133426  -0.312950   0.007449   0.019309 
 -0.043479   0.049417   0.671603  -1.061748  -0.207697   0.185008  -0.064364  -0.061257   0.114609  -0.644692   0.174179  -0.020684 
 -0.130296  -0.218898   0.836885  -1.648743   0.031856   0.147021  -0.086817  -0.268315   0.165282  -0.586995   0.239553  -0.037987 
 -0.142189  -0.475972   0.922855  -1.639633   0.139515   0.099236  -0.011893  -0.257074   0.085970   0.009110   0.107659  -0.047785 
 -0.078615  -0.840094   1.260626  -1.561425   0.166903   0.060963   0.063574  -0.364122   0.337771   0.078208   0.027388  -0.038273 
 -0.075265  -0.799661   1.500202  -1.949718   0.122899   0.073969   0.003350   0.040433   0.239576  -0.388293  -0.044004   0.013006 
 -0.062961  -0.623491   1.426968  -1.836559   0.082105   0.121467   0.012304   0.176170  -0.073234   0.113159  -0.040794   0.047498 
 -0.103240  -0.639353   1.445471  -1.884515   0.091501   0.101643  -0.040279  -0.015862   0.018503  -0.047956   0.009396  -0.019824 
 -0.095880  -0.770468   1.568721  -1.852029   0.123129   0.096830   0.007360  -0.131115   0.123250   0.032486   0.031628  -0.004813 
 -0.129575  -0.736472   1.637762  -1.873629   0.047555   0.053113  -0.033695   0.033996   0.069041  -0.021600  -0.075574  -0.043717 
 -0.118485  -0.819857   1.726266  -2.231671  -0.029737   0.027445   0.011090  -0.083385   0.088504  -0.358042  -0.077292  -0.025668 
 -0.081625  -0.881129   1.840712  -2.274069  -0.070932   0.053342   0.036860  -0.061272   0.114446  -0.042398  -0.041195   0.025897 
 -0.063422  -0.812263   1.794370  -2.171854  -0.153782   0.041998   0.018203   0.068866  -0.046342   0.102215  -0.082850  -0.011344 
 -0.070747  -0.622913   1.703969  -1.993664  -0.147880   0.059702  -0.007325   0.189350  -0.090401   0.178190   0.005902   0.017704 
 -0.049915  -0.638682   1.678839  -1.969084  -0.171773   0.082449   0.020832  -0.015769  -0.025130   0.024580  -0.023893   0.022747 
  0.009800  -0.585026   1.725751  -1.978882  -0.171773   0.164439   0.059715   0.053656   0.046912  -0.009798   0.000000   0.081990 
  0.068517  -0.196001   1.438955  -2.041048   0.025497   0.419806   0.058717   0.389025  -0.286796  -0.062166   0.197270   0.255367 
  0.061063   0.113204   1.461868  -2.078805   0.146448   0.420265  -0.007454   0.309205   0.022913  -0.037757   0.120951   0.000459 
  0.053453  -0.099088   1.443573  -1.739729  -0.129546   0.306532  -0.007610  -0.212292  -0.018295   0.339076  -0.275994  -0.113733 
  0.087810  -0.142494   1.524263  -1.769122  -0.043201   0.376089   0.034357  -0.043406   0.080690  -0.029393   0.086345   0.069557 
  0.130067  -0.071733   1.530372  -1.869905   0.038216   0.417801   0.042257   0.070761   0.006109  -0.100783   0.081417   0.041712 
  0.048679  -0.126335   1.520479  -1.929550  -0.101986   0.330253  -0.081388  -0.054602  -0.009893  -0.059645  -0.140202  -0.087548 
  0.137449  -0.206007   1.559524  -1.937514   0.055348   0.431609   0.088770  -0.079672   0.039045  -0.007964   0.157334   0.101356 
  0.189863  -0.181419   1.558174  -1.984726   0.124446   0.498072   0.052414   0.024588  -0.001350  -0.047212   0.069098   0.066463 
  0.107698  -0.123591   1.550362  -1.966907   0.002120   0.387319  -0.082165   0.057828  -0.007812   0.017819  -0.122326  -0.110753 
  0.025381  -0.218195   1.566039  -2.027984  -0.147766   0.285677  -0.082317  -0.094604   0.015677  -0.061077  -0.149886  -0.101642 
  0.111158  -0.304293   1.614997  -2.034459  -0.003438   0.370073   0.085777  -0.086098   0.048958  -0.006475   0.144328   0.084396 
  0.141886  -0.207844   1.599903  -2.042652  -0.003438   0.405540   0.030728   0.096449  -0.015094  -0.008193   0.000000   0.035467 
  0.005074  -0.237688   1.578318  -2.067805  -0.174695   0.280004  -0.136812  -0.029844  -0.021585  -0.025153  -0.171257  -0.125536 
  0.038228  -0.325853   1.582014  -2.001857  -0.188847   0.254451   0.033154  -0.088165   0.003696   0.065948  -0.014152  -0.025553 
  0.197258  -0.278222   1.587732  -1.962380  -0.101414   0.396028   0.159030   0.047631   0.005718   0.039477   0.087433   0.141577 
  0.176257  -0.182427   1.552694  -1.885490  -0.128629   0.377808  -0.021001   0.095795  -0.035038   0.076890  -0.027215  -0.018220 
  0.046305  -0.305485   1.586410  -1.911387  -0.263847   0.235199  -0.129952  -0.123058   0.033716  -0.025897  -0.135218  -0.142609 
  0.040838  -0.285362   1.558632  -1.945364  -0.266483   0.242762  -0.005467   0.020123  -0.027778  -0.033977  -0.002636   0.007563 
  0.060234  -0.258580   1.561048  -1.964730  -0.230902   0.261956   0.019396   0.026782   0.002416  -0.019366   0.035581   0.019194 
  0.159040  -0.340908   1.588333  -1.966678  -0.058900   0.403420   0.098806  -0.082328   0.027285  -0.001948   0.172002   0.141464 
  0.113336  -0.309090   1.610014  -1.989940  -0.103476   0.355635  -0.045704   0.031818   0.021681  -0.023262  -0.044576  -0.047785 
  0.032264  -0.230815   1.564146  -2.002316  -0.253247   0.251700  -0.081072   0.078275  -0.045868  -0.012376  -0.149771  -0.103935 
  0.045645  -0.339377   1.621485  -2.119887  -0.228667   0.259263   0.013381  -0.108562   0.057339  -0.117571   0.024580   0.007563 
  0.165801  -0.320886   1.594808  -1.965761  -0.121582   0.386804   0.120156   0.018491  -0.026677   0.154126   0.107085   0.127541 
  0.152752  -0.226052   1.572414  -1.916830  -0.134416   0.378381  -0.013049   0.094834  -0.022394   0.048931  -0.012834  -0.008423 
  0.038272  -0.248799   1.554370  -1.978538  -0.267170   0.243622  -0.114480  -0.022747  -0.018044  -0.061708  -0.132754  -0.134759 
  0.042685  -0.297865   1.574558  -1.991258  -0.254622   0.251528   0.004413  -0.049066   0.020188  -0.012720   0.012548   0.007906 
  0.162972  -0.336125   1.660215  -1.981403  -0.056551   0.410352   0.120287  -0.038260   0.085657   0.009855   0.198071   0.158824 
  0.127042  -0.222778   1.574825  -1.919581  -0.113216   0.366578  -0.035930   0.113347  -0.085390   0.061822  -0.056665  -0.043774 
  0.106314  -0.202762   1.536930  -1.814615  -0.172632   0.341540  -0.020728   0.020016  -0.037895   0.104966  -0.059416  -0.025038 
  0.104640  -0.268169   1.536898  -1.797655  -0.183060   0.338045  -0.001674  -0.065407  -0.000032   0.016960  -0.010428  -0.003495 
  0.107966  -0.332190   1.614864  -1.839882  -0.183060   0.343374   0.003326  -0.064021   0.077966  -0.042227   0.000000   0.005329 
  0.105612  -0.247084   1.562483  -1.809343  -0.158537   0.364458  -0.002354   0.085106  -0.052381   0.030539   0.024523   0.021084 
  0.102692  -0.224807   1.538611  -1.767346  -0.178877   0.353687  -0.002920   0.022277  -0.023872   0.041997  -0.020340  -0.010771 
  0.103980  -0.289389   1.546356  -1.747178  -0.164496   0.343316   0.001288  -0.064582   0.007745   0.020168   0.014381  -0.010371 
  0.106543  -0.302725   1.567633  -1.790493  -0.144958   0.343374   0.002563  -0.013336   0.021277  -0.043315   0.019538   0.000058 
  0.123223  -0.208686   1.536339  -1.782357  -0.108289   0.388064   0.016680   0.094039  -0.031294   0.008136   0.036669   0.044690 
  0.122864  -0.256912   1.540227  -1.774794  -0.107143   0.372365  -0.000359  -0.048226   0.003888   0.007563   0.001146  -0.015699 
  0.112780  -0.305375   1.537230  -1.776570  -0.130806   0.354489  -0.010084  -0.048463  -0.002997  -0.001776  -0.023663  -0.017876 
  0.114665  -0.195507   1.521088  -1.785967  -0.114190   0.359817   0.001885   0.109868  -0.016142  -0.009397   0.016616   0.005328 
  0.100141  -0.229128   1.491521  -1.682491  -0.139458   0.355921  -0.014524  -0.033621  -0.029567   0.103476  -0.025268  -0.003896 
  0.101663  -0.317985   1.524248  -1.659973  -0.139458   0.358442   0.001522  -0.088857   0.032727   0.022518   0.000000   0.002521 
  0.098128  -0.232865   1.479508  -1.661348  -0.129374   0.352999  -0.003535   0.085120  -0.044740  -0.001375   0.010084  -0.005443 
  0.099519  -0.218618   1.449605  -1.588927  -0.109893   0.354775   0.001391   0.014247  -0.029903   0.072421   0.019481   0.001776 
  0.098796  -0.298787   1.504501  -1.607261  -0.116310   0.361135  -0.000723  -0.080169   0.054896  -0.018334  -0.006417   0.006360 
  0.098524  -0.206636   1.415171  -1.438984  -0.120550   0.364860  -0.000272   0.092151  -0.089330   0.168277  -0.004240   0.003725 
  0.088116  -0.165316   1.343470  -1.296202  -0.133786   0.343316  -0.010408   0.041320  -0.071701   0.142782  -0.013236  -0.021544 
  0.089658  -0.268665   1.354401  -1.328575  -0.143411   0.343374   0.001542  -0.103349   0.010931  -0.032373  -0.009625   0.000058 
  0.074201  -0.081161   1.079417  -0.804777  -0.228152   0.296448  -0.015457   0.187504  -0.274984   0.523798  -0.084741  -0.046926 
  0.069651  -0.074206   1.092641  -0.965491  -0.201910   0.293011  -0.004550   0.006955   0.013224  -0.160714   0.026242  -0.003437 
  0.074539  -0.067052   1.082209  -0.885277  -0.165757   0.310199   0.004888   0.007154  -0.010432   0.080214   0.036153   0.017188 
  0.078913  -0.146929   1.093636  -0.833081  -0.170913   0.307506   0.004374  -0.079877   0.011427   0.052196  -0.005156  -0.002693 
  0.066422  -0.037869   1.028021  -0.835774  -0.198243   0.285963  -0.012491   0.109060  -0.065615  -0.002693  -0.027330  -0.021543 
  0.066823  -0.017301   1.041300  -0.848608  -0.185295   0.301204   0.000401   0.020568   0.013279  -0.012834   0.012948   0.015241 
  0.066854  -0.112676   1.089374  -0.859322  -0.175497   0.304756   0.000031  -0.095375   0.048074  -0.010714   0.009798   0.003552 
  0.052757  -0.061632   1.079182  -0.897825  -0.178763   0.321945  -0.014097   0.051044  -0.010192  -0.038503  -0.003266   0.017189 
  0.067467  -0.055744   1.091762  -0.893241  -0.159110   0.337644   0.014710   0.005888   0.012580   0.004584   0.019653   0.015699 
  0.067094  -0.127311   1.129240  -0.918165  -0.182315   0.318622  -0.000373  -0.071567   0.037478  -0.024924  -0.023205  -0.019022 
  0.067209  -0.098743   1.117009  -0.938963  -0.153725   0.326242   0.000115   0.028568  -0.012231  -0.020798   0.028590   0.007620 
  0.066998  -0.056705   1.098146  -0.943318  -0.169939   0.312434  -0.000211   0.042038  -0.018863  -0.004355  -0.016214  -0.013808 
  0.067185  -0.149348   1.182439  -1.039002  -0.166387   0.327904   0.000187  -0.092643   0.084293  -0.095684   0.003552   0.015470 
  0.069386  -0.123917   1.175808  -1.037512  -0.170684   0.320054   0.002201   0.025431  -0.006631   0.001490  -0.004297  -0.007850 
  0.067362  -0.054820   1.131823  -0.995400  -0.133900   0.330138  -0.002024   0.069097  -0.043985   0.042112   0.036784   0.010084 
  0.066980  -0.147091   1.215594  -0.959991  -0.114076   0.321601  -0.000382  -0.092271   0.083771   0.035409   0.019824  -0.008537 
  0.067016  -0.141530   1.197299  -0.988753  -0.134015   0.319252   0.000036   0.005561  -0.018295  -0.028762  -0.019939  -0.002349 
  0.076025  -0.074968   1.173796  -1.034876  -0.144729   0.325440   0.009009   0.066562  -0.023503  -0.046123  -0.010714   0.006188 
  0.069245  -0.101842   1.169775  -1.029491  -0.139630   0.317075  -0.006780  -0.026874  -0.004021   0.005385   0.005099  -0.008365 
  0.067032  -0.157225   1.193535  -1.021240  -0.163981   0.317304  -0.002213  -0.055383   0.023760   0.008251  -0.024351   0.000229 
  0.067163  -0.118639   1.186707  -0.934380  -0.124217   0.326586   0.000131   0.038586  -0.006828   0.086860   0.039764   0.009282 
  0.067008  -0.067300   1.140448  -0.940166  -0.125077   0.312663  -0.000155   0.051339  -0.046259  -0.005786  -0.000860  -0.013923 
  0.066987  -0.125127   1.164057  -0.927905  -0.123530   0.320742  -0.000021  -0.057827   0.023609   0.012261   0.001547   0.008079 
  0.079452  -0.133015   1.161102  -0.930999  -0.099580   0.326185   0.012465  -0.007888  -0.002955  -0.003094   0.023950   0.005443 
  0.064898  -0.052089   1.093348  -0.952199  -0.114534   0.319710  -0.014554   0.080926  -0.067754  -0.021200  -0.014954  -0.006475 
  0.047352  -0.097966   1.119038  -0.904643  -0.197212   0.282124  -0.017546  -0.045877   0.025690   0.047556  -0.082678  -0.037586 
  0.060772  -0.140989   1.204473  -0.890033  -0.188217   0.273473   0.013420  -0.043023   0.085435   0.014610   0.008995  -0.008651 
  0.066791  -0.074371   1.128743  -0.854738  -0.154240   0.306819   0.006019   0.066618  -0.075730   0.035295   0.033977   0.033346 
  0.066749  -0.094257   1.161795  -0.950881  -0.141979   0.307965  -0.000042  -0.019886   0.033052  -0.096143   0.012261   0.001146 
  0.078809  -0.126646   1.164692  -0.891580  -0.124733   0.329336   0.012060  -0.032389   0.002897   0.059301   0.017246   0.021371 
  0.076303  -0.090684   1.152651  -0.896679  -0.106513   0.316044  -0.002506   0.035962  -0.012041  -0.005099   0.018220  -0.013292 
  0.073955  -0.096156   1.136478  -0.915873  -0.145875   0.313236  -0.002348  -0.005472  -0.016173  -0.019194  -0.039362  -0.002808 
  0.074234  -0.156971   1.159022  -0.904127  -0.132353   0.313236   0.000279  -0.060815   0.022544   0.011746   0.013522   0.000000 
  0.066948  -0.120443   1.151252  -0.907966  -0.117915   0.312491  -0.007286   0.036528  -0.007770  -0.003839   0.014438  -0.000745 
  0.049788  -0.036442   1.086814  -0.837263   0.038159   0.332316  -0.017160   0.084001  -0.064438   0.070703   0.156074   0.019825 
  0.068013  -0.094222   1.107028  -0.710124   0.064687   0.361422   0.018225  -0.057780   0.020214   0.127139   0.026528   0.029106 
  0.053777  -0.079091   1.106554  -0.684856  -0.149771   0.295131  -0.014236   0.015131  -0.000474   0.025268  -0.214458  -0.066291 
  0.039776  -0.057228   1.105253  -0.741178  -0.135046   0.292266  -0.014001   0.021863  -0.001301  -0.056322   0.014725  -0.002865 
  0.076301  -0.098923   1.134655  -0.659990   0.078553   0.371047   0.036525  -0.041695   0.029402   0.081188   0.213599   0.078781 
  0.112879  -0.050150   1.163315  -0.572900  -0.000516   0.392877   0.036578   0.048773   0.028660   0.087090  -0.079069   0.021830 
  0.031598  -0.022502   1.107203  -0.630368  -0.229298   0.238121  -0.081281   0.027648  -0.056112  -0.057468  -0.228782  -0.154756 
  0.042128  -0.052052   1.111441  -0.547748  -0.063255   0.291464   0.010530  -0.029550   0.004238   0.082620   0.166043   0.053343 
  0.051715  -0.074604   1.133448  -0.542763  -0.060619   0.300746   0.009587  -0.022552   0.022007   0.004985   0.002636   0.009282 
  0.050178  -0.028449   1.086997  -0.634150  -0.058499   0.308423  -0.001537   0.046155  -0.046451  -0.091387   0.002120   0.007677 
  0.045884  -0.029248   1.081457  -0.590949  -0.055863   0.308710  -0.004294  -0.000799  -0.005540   0.043201   0.002636   0.000287 
  0.050652  -0.096722   1.132078  -0.568890  -0.067552   0.323205   0.004768  -0.067474   0.050621   0.022059  -0.011689   0.014495 
  0.043216  -0.028426   1.082981  -0.568145  -0.074886   0.313064  -0.007436   0.068296  -0.049097   0.000745  -0.007334  -0.010141 
  0.052398  -0.061650   1.107379  -0.575823  -0.062968   0.311689   0.009182  -0.033224   0.024398  -0.007678   0.011918  -0.001375 
  0.040774  -0.060371   1.132816  -0.578344  -0.069500   0.291979  -0.011624   0.001279   0.025437  -0.002521  -0.006532  -0.019710 
  0.071515  -0.011632   1.076873  -0.570952  -0.000115   0.351109   0.030741   0.048739  -0.055943   0.007392   0.069385   0.059130 
  0.095566  -0.052769   1.103280  -0.540299   0.086860   0.377636   0.024051  -0.041137   0.026407   0.030653   0.086975   0.026527 
  0.008934  -0.036599   1.132906  -0.600574  -0.151204   0.246716  -0.086632   0.016170   0.029626  -0.060275  -0.238064  -0.130920 
  0.034927  -0.016229   1.155418  -0.495265  -0.128171   0.270780   0.025993   0.020370   0.022512   0.105309   0.023033   0.024064 
  0.149916  -0.153759   2.369463  -0.519329  -0.200593   0.326013   0.114989  -0.137530   1.214045  -0.024064  -0.072422   0.055233 
  0.249679  -0.134481   2.957647  -1.157260  -0.384970   0.486155   0.099763   0.019278   0.588184  -0.637931  -0.184377   0.160142 
  0.168399  -0.014837   2.316202  -1.298494  -0.177903   0.430578  -0.081280   0.119644  -0.641445  -0.141234   0.207067  -0.055577 
  0.066309  -0.176469   1.844744  -0.732297  -0.042112   0.342285  -0.102090  -0.161632  -0.471458   0.566197   0.135791  -0.088293 
  0.027873  -0.470518   1.575653  -1.279644  -0.058671   0.295990  -0.038436  -0.294049  -0.269091  -0.547347  -0.016559  -0.046295 
  0.025279  -0.212835   1.091581  -0.739689  -0.139974   0.301548  -0.002594   0.257683  -0.484072   0.539955  -0.081303   0.005558 
  0.004562  -0.069485   0.935624  -0.743413  -0.173377   0.259779  -0.020717   0.143350  -0.155957  -0.003724  -0.033403  -0.041769 
  0.031385  -0.128812   1.039465  -0.808558  -0.170398   0.285906   0.026823  -0.059327   0.103841  -0.065145   0.002979   0.026127 
  0.040229  -0.244009   1.100154  -0.891923  -0.203171   0.271066   0.008844  -0.115197   0.060689  -0.083365  -0.032773  -0.014840 
  0.048505  -0.143686   1.071339  -0.842133  -0.209932   0.261899   0.008276   0.100323  -0.028815   0.049790  -0.006761  -0.009167 
  0.048270  -0.049207   1.029485  -0.752809  -0.239668   0.241043  -0.000235   0.094479  -0.041854   0.089324  -0.029736  -0.020856 
  0.048387  -0.032004   0.883972  -0.519673  -0.267113   0.234282   0.000117   0.017203  -0.145513   0.233136  -0.027445  -0.006761 
  0.004666   0.062262   0.410721  -0.231074  -0.186039   0.251127  -0.043721   0.094266  -0.473251   0.288599   0.081074   0.016845 
 -0.021225   0.323428   0.106174  -0.498874  -0.186269   0.286651  -0.025891   0.261166  -0.304547  -0.267800  -0.000230   0.035524 
 -0.002370   0.499570  -0.343490  -0.650364  -0.210161   0.528783   0.018855   0.176142  -0.449664  -0.151490  -0.023892   0.242132 
  0.021262   0.918885  -0.635053   1.947885  -0.300516   0.794692   0.023632   0.419315  -0.291563   2.598249  -0.090355   0.265909 
  0.682190   1.494088  -0.450454   3.620921  -2.260490   1.123055   0.660928   0.575203   0.184599   1.673036  -1.959974   0.328363 
  1.908118   1.338070  -0.030975   3.111505  -5.577286   0.052426   1.225928  -0.156018   0.419479  -0.509416  -3.316796  -1.070629 
  2.949194   0.722104   0.828574   2.549662  -7.640679  -0.447308   1.041076  -0.615966   0.859549  -0.561843  -2.063393  -0.499734 
  2.981318   0.665987   2.014589   2.819353  -7.451087  -0.401701   0.032124  -0.056117   1.186015   0.269691   0.189592   0.045607 
  2.847985   0.826424   2.094672   2.605411  -6.972724  -0.263790  -0.133333   0.160437   0.080083  -0.213942   0.478363   0.137911 
  2.785884   0.757230   2.007676   2.546053  -6.604083  -0.186440  -0.062101  -0.069194  -0.086996  -0.059358   0.368641   0.077350 
  2.727774   0.675633   1.975711   2.405506  -6.333705  -0.141349  -0.058110  -0.081597  -0.031965  -0.140547   0.270378   0.045091 
  2.700389   0.601504   2.042403   2.305410  -6.364644  -0.137968  -0.027385  -0.074129   0.066692  -0.100096  -0.030939   0.003381 
  2.671783   0.688146   1.905887   2.299681  -6.286837  -0.167934  -0.028606   0.086642  -0.136516  -0.005729   0.077807  -0.029966 
  2.820244   0.605307   1.947613   2.277565  -6.244495   0.031054   0.148461  -0.082839   0.041726  -0.022116   0.042342   0.198988 
  2.894877   0.481863   2.025724   2.071873  -6.102287   0.269061   0.074633  -0.123444   0.078111  -0.205692   0.142208   0.238007 
  2.884673   0.544902   1.991622   1.964901  -6.005801   0.299657  -0.010204   0.063039  -0.034102  -0.106972   0.096486   0.030596 
  2.861743   0.542883   1.979774   1.951437  -5.967814   0.268087  -0.022930  -0.002019  -0.011848  -0.013464   0.037987  -0.031570 
  2.828374   0.487817   1.945399   1.970860  -5.872474   0.259894  -0.033369  -0.055066  -0.034375   0.019423   0.095340  -0.008193 
  2.705312   0.420466   2.058377   1.770726  -5.693138   0.217266  -0.123062  -0.067351   0.112978  -0.200134   0.179336  -0.042628 
  2.579781   0.462591   2.099080   1.479320  -6.417815  -0.131551  -0.125531   0.042125   0.040703  -0.291406  -0.724677  -0.348817 
  2.580232   0.390423   2.166545   1.392116  -6.386016  -0.140031   0.000451  -0.072168   0.067465  -0.087204   0.031799  -0.008480 
  2.223346   0.263332   2.022662   0.649791  -5.568921   0.386689  -0.356886  -0.127091  -0.143883  -0.742325   0.817095   0.526720 
  2.229316   0.303902   1.968560   0.692992  -5.425624   0.190279   0.005970   0.040570  -0.054102   0.043201   0.143297  -0.196410 
  2.586561   0.345320   1.952131   1.306172  -6.191382  -0.028419   0.357245   0.041418  -0.016429   0.613180  -0.765758  -0.218698 
  2.382369   0.391017   1.706980   1.204816  -5.713077   0.063598  -0.204192   0.045697  -0.245151  -0.101356   0.478305   0.092017 
  2.224734   0.260860   1.664579   0.838180  -5.322434   0.090642  -0.157635  -0.130157  -0.042401  -0.366636   0.390643   0.027044 
  1.816569   0.251914   1.587635   0.263160  -4.174055   0.230444  -0.408165  -0.008946  -0.076944  -0.575020   1.148379   0.139802 
  1.639184   0.222012   1.591477  -0.178362  -3.204954   0.364229  -0.177385  -0.029902   0.003842  -0.441522   0.969101   0.133785 
  1.480092  -0.022005   2.466598  -0.283156  -2.461599   0.305959  -0.159092  -0.244017   0.875121  -0.104794   0.743355  -0.058270 
  1.392302  -0.116576   3.287294  -0.551415  -2.120574   0.368125  -0.087790  -0.094571   0.820696  -0.268259   0.341025   0.062166 
  1.128099  -0.038333   2.123306  -0.559665  -2.129340   0.473779  -0.264203   0.078243  -1.163988  -0.008250  -0.008766   0.105654 
  0.968962  -0.529008   1.996989  -1.489003  -1.988622   0.581094  -0.159137  -0.490675  -0.126317  -0.929338   0.140718   0.107315 
  1.023197  -1.038007   2.014333  -2.940133  -2.171682   0.659474   0.054235  -0.508999   0.017344  -1.451130  -0.183060   0.078380 
  0.922789  -1.091646   2.027086  -3.448003  -2.043225   0.580807  -0.100408  -0.053639   0.012753  -0.507870   0.128457  -0.078667 
  0.892470  -1.199665   2.081436  -3.553198  -2.016353   0.549868  -0.030319  -0.108019   0.054350  -0.105195   0.026872  -0.030939 
  0.743029  -1.609119   2.204984  -5.219073  -1.655332   0.505693  -0.149441  -0.409454   0.123548  -1.665875   0.361021  -0.044175 
  0.603292  -1.652096   1.664823  -4.887330  -1.561711   0.611346  -0.139737  -0.042977  -0.540161   0.331743   0.093621   0.105653 
  0.574037  -1.636599   1.573968  -4.556160  -1.545324   0.671277  -0.029255   0.015497  -0.090855   0.331170   0.016387   0.059931 
  0.583998  -1.467900   1.357815  -4.026518  -1.527563   0.727427   0.009961   0.168699  -0.216153   0.529642   0.017761   0.056150 
  0.624981  -1.447974   1.486166  -3.581616  -1.584286   0.689612   0.040983   0.019926   0.128351   0.444902  -0.056723  -0.037815 
  0.662906  -1.331165   1.441736  -3.217444  -1.643186   0.697805   0.037925   0.116809  -0.044430   0.364172  -0.058900   0.008193 
  0.709749  -1.320663   1.743317  -3.651747  -1.543090   0.749028   0.046843   0.010502   0.301581  -0.434303   0.100096   0.051223 
  0.686393  -1.339834   2.238057  -3.938225  -1.271852   0.611690  -0.023356  -0.019171   0.494740  -0.286478   0.271238  -0.137338 
  0.740549  -1.574252   3.019745  -3.367617  -1.372234   0.422728   0.054156  -0.234418   0.781688   0.570608  -0.100382  -0.188962 
  0.726777  -1.676373   3.673275  -4.006866  -1.494618   0.205291  -0.013772  -0.102121   0.653530  -0.639249  -0.122384  -0.217437 
  0.663334  -1.654060   4.120824  -3.952664  -1.539538   0.009454  -0.063443   0.022313   0.447549   0.054202  -0.044920  -0.195837 
  0.734074  -1.569864   4.056748  -4.019242  -1.581364  -0.162777   0.070740   0.084196  -0.064076  -0.066578  -0.041826  -0.172231 
  0.980040  -1.569386   3.907342  -3.754764  -1.727525  -0.352083   0.245966   0.000478  -0.149406   0.264478  -0.146161  -0.189306 
  1.105582  -1.314021   3.598043  -2.480506  -2.191907  -0.932947   0.125542   0.255365  -0.309299   1.274258  -0.464382  -0.580864 
  1.201203  -1.097406   3.966063  -2.356919  -2.323802  -1.341638   0.095621   0.216615   0.368020   0.123587  -0.131895  -0.408691 
  1.154025  -1.114078   4.376423  -3.224492  -1.931154  -1.096068  -0.047178  -0.016672   0.410360  -0.867573   0.392648   0.245570 
  0.956876  -1.232074   4.489577  -3.622583  -1.577353  -0.973513  -0.197149  -0.117996   0.113154  -0.398091   0.353801   0.122555 
  0.952768  -1.284912   4.530452  -3.624875  -1.614538  -0.970304  -0.004108  -0.052838   0.040875  -0.002292  -0.037185   0.003209 
  0.942030  -1.304147   4.527655  -3.701766  -1.657853  -0.974372  -0.010738  -0.019235  -0.002797  -0.076891  -0.043315  -0.004068 
  0.963070  -1.109801   4.425947  -3.687155  -1.705982  -0.899257   0.021040   0.194346  -0.101708   0.014611  -0.048129   0.075115 
  1.012457  -1.198578   4.516792  -3.467483  -1.821662  -0.970877   0.049387  -0.088777   0.090845   0.219672  -0.115680  -0.071620 
  1.030778  -1.255854   4.586639  -3.496074  -1.796509  -0.944464   0.018321  -0.057276   0.069847  -0.028591   0.025153   0.026413 
  1.005884  -1.171509   4.663613  -3.531998  -1.749297  -0.876912  -0.024894   0.084345   0.076974  -0.035924   0.047212   0.067552 
  1.003253  -1.203150   4.706767  -3.418438  -1.720306  -0.792744  -0.002631  -0.031641   0.043154   0.113560   0.028991   0.084168 
  1.025938  -1.173138   4.821124  -3.455107  -1.719103  -0.712702   0.022685   0.030012   0.114357  -0.036669   0.001203   0.080042 
  1.057151  -1.198272   5.038009  -3.569355  -1.698591  -0.687779   0.031213  -0.025134   0.216885  -0.114248   0.020512   0.024923 
  1.028235  -1.212398   5.236648  -3.612957  -1.695497  -0.725135  -0.028916  -0.014126   0.198639  -0.043602   0.003094  -0.037356 
  1.047889  -1.181518   5.319731  -3.654840  -1.709420  -0.792114   0.019654   0.030880   0.083083  -0.041883  -0.013923  -0.066979 
  1.048704  -1.233317   5.369605  -3.583450  -1.670172  -0.794864   0.000815  -0.051799   0.049874   0.071390   0.039248  -0.002750 
  0.984904  -1.274994   5.448040  -3.614905  -1.507051  -0.891179  -0.063800  -0.041677   0.078435  -0.031455   0.163121  -0.096315 
  0.866239  -1.224003   5.399026  -3.514695  -1.368739  -1.030923  -0.118665   0.050991  -0.049014   0.100210   0.138312  -0.139744 
  0.872627  -1.120573   5.330850  -3.534978  -1.434514  -0.994597   0.006388   0.103430  -0.068176  -0.020283  -0.065775   0.036326 
  0.850733  -1.192208   5.367093  -3.701422  -1.425061  -0.955121  -0.021894  -0.071635   0.036243  -0.166444   0.009453   0.039476 
  0.857868  -1.183295   5.342396  -3.568610  -1.353498  -0.942115   0.007135   0.008913  -0.024697   0.132812   0.071563   0.013006 
  0.881582  -1.065228   5.218206  -3.527071  -1.380083  -0.970762   0.023714   0.118067  -0.124190   0.041539  -0.026585  -0.028647 
  0.875135  -1.177758   5.245473  -3.500543  -1.368338  -0.989956  -0.006447  -0.112530   0.027267   0.026528   0.011745  -0.019194 
