  0.000018  -0.000022   0.000000   0.000000   0.000000   0.003323   0.000000   0.000000   0.000000   0.000000   0.000000   0.000000 
 -0.000049   0.037290  -0.049813   0.000000  -0.004985   0.000000  -0.000067   0.037312  -0.049813   0.000000  -0.004985  -0.003323 
  0.000588   0.165574  -0.081456  -0.002349   0.025898   0.000000   0.000637   0.128284  -0.031643  -0.002349   0.030883   0.000000 
 -0.002123   0.149430  -0.070151   0.024809   0.026757   0.000000  -0.002711  -0.016144   0.011305   0.027158   0.000859   0.000000 
 -0.002580   0.105172   0.006257   0.022288  -0.010027   0.000000  -0.000457  -0.044258   0.076408  -0.002521  -0.036784   0.000000 
 -0.002179   0.215443  -0.075420   0.030424   0.017590  -0.003896   0.000401   0.110271  -0.081677   0.008136   0.027617  -0.003896 
 -0.000315   0.216099  -0.085552   0.050363   0.033919  -0.005157   0.001864   0.000656  -0.010132   0.019939   0.016329  -0.001261 
 -0.002140   0.158632  -0.008232   0.038159   0.001146   0.000000  -0.001825  -0.057467   0.077320  -0.012204  -0.032773   0.005157 
  0.001791   0.176096  -0.017033   0.021371   0.014324   0.003839   0.003931   0.017464  -0.008801  -0.016788   0.013178   0.003839 
  0.003937   0.270863  -0.055941   0.001662   0.022059   0.005500   0.002146   0.094767  -0.038908  -0.019709   0.007735   0.001661 
  0.004203   0.203728  -0.056470   0.022173   0.043602   0.022288   0.000266  -0.067135  -0.000529   0.020511   0.021543   0.016788 
 -0.003679   0.124093   0.035326  -0.067895  -0.004125   0.000000  -0.007882  -0.079635   0.091796  -0.090068  -0.047727  -0.022288 
 -0.004619   0.208017  -0.042634   0.004927   0.004526   0.000000  -0.000940   0.083924  -0.077960   0.072822   0.008651   0.000000 
 -0.001592   0.236282  -0.070210   0.016902   0.013636   0.000000   0.003027   0.028265  -0.027576   0.011975   0.009110   0.000000 
 -0.005045   0.165043  -0.051244  -0.001662   0.018277   0.012892  -0.003453  -0.071239   0.018966  -0.018564   0.004641   0.012892 
  0.001100   0.120395  -0.021364   0.038617  -0.001490   0.000000   0.006145  -0.044648   0.029880   0.040279  -0.019767  -0.012892 
 -0.016712   0.143239  -0.032566   0.043086  -0.026471   0.014610  -0.017812   0.022844  -0.011202   0.004469  -0.024981   0.014610 
 -0.012650   0.230817  -0.049271   0.005214   0.004068   0.000000   0.004062   0.087578  -0.016705  -0.037872   0.030539  -0.014610 
 -0.032683   0.196306  -0.059256   0.006131   0.015584   0.000000  -0.020033  -0.034511  -0.009985   0.000917   0.011516   0.000000 
 -0.050055   0.126355  -0.040390  -0.041138  -0.005730   0.000000  -0.017372  -0.069951   0.018866  -0.047269  -0.021314   0.000000 
 -0.061984   0.107392  -0.014240  -0.048128  -0.006417   0.005558  -0.011929  -0.018963   0.026150  -0.006990  -0.000687   0.005558 
 -0.042253   0.189806  -0.021686  -0.057067   0.004698   0.008021   0.019731   0.082414  -0.007446  -0.008939   0.011115   0.002463 
 -0.043810   0.201947  -0.053091   0.037930   0.017762   0.009167  -0.001557   0.012141  -0.031405   0.094997   0.013064   0.001146 
 -0.056950   0.161877  -0.025759   0.042800  -0.016100   0.000286  -0.013140  -0.040070   0.027332   0.004870  -0.033862  -0.008881 
 -0.059183   0.156257   0.005488   0.023720  -0.054947   0.009225  -0.002233  -0.005620   0.031247  -0.019080  -0.038847   0.008939 
 -0.033318   0.242813  -0.051078   0.022976  -0.023090   0.003266   0.025865   0.086556  -0.056566  -0.000744   0.031857  -0.005959 
 -0.005110   0.242814  -0.068968   0.030080   0.039248   0.013636   0.028208   0.000001  -0.017890   0.007104   0.062338   0.010370 
 -0.011435   0.188081  -0.110962   0.092418   0.011230   0.014496  -0.006325  -0.054733  -0.041994   0.062338  -0.028018   0.000860 
 -0.025271   0.187545  -0.192543   0.128400  -0.003782   0.012490  -0.013836  -0.000536  -0.081581   0.035982  -0.015012  -0.002006 
 -0.034464   0.155768  -0.132340   0.109435   0.001719   0.025611  -0.009193  -0.031777   0.060203  -0.018965   0.005501   0.013121 
 -0.031130   0.136268  -0.080712   0.083193  -0.002693   0.048358   0.003334  -0.019500   0.051628  -0.026242  -0.004412   0.022747 
 -0.014200   0.247652  -0.130714   0.040336   0.025038   0.032945   0.016930   0.111384  -0.050002  -0.042857   0.027731  -0.015413 
 -0.007433   0.209093  -0.119490   0.032659   0.046811   0.053686   0.006767  -0.038559   0.011224  -0.007677   0.021773   0.020741 
 -0.007220   0.163796  -0.088353   0.034779   0.044748   0.043487   0.000213  -0.045297   0.031137   0.002120  -0.002063  -0.010199 
 -0.014235   0.105214  -0.051017   0.019194   0.017991   0.056494  -0.007015  -0.058582   0.037336  -0.015585  -0.026757   0.013007 
  0.003658   0.194659  -0.082043   0.035466   0.030596   0.039076   0.017893   0.089445  -0.031026   0.016272   0.012605  -0.017418 
  0.000820   0.206216  -0.064654   0.025038   0.021772   0.029851  -0.002838   0.011557   0.017389  -0.010428  -0.008824  -0.009225 
 -0.002850   0.182216  -0.041360   0.023835   0.030252   0.029851  -0.003670  -0.024000   0.023294  -0.001203   0.008480   0.000000 
 -0.005933   0.108743   0.000454   0.006188  -0.000229   0.029851  -0.003083  -0.073473   0.041814  -0.017647  -0.030481   0.000000 
 -0.007098   0.190557  -0.022813   0.010027   0.013178   0.038274  -0.001165   0.081814  -0.023267   0.003839   0.013407   0.008423 
  0.003163   0.195424  -0.053509   0.028877   0.019366   0.041998   0.010261   0.004867  -0.030696   0.018850   0.006188   0.003724 
 -0.006739   0.182312  -0.055766   0.033518   0.028075   0.044060  -0.009902  -0.013112  -0.002257   0.004641   0.008709   0.002062 
 -0.008402   0.122592  -0.000147   0.019595   0.006933   0.029851  -0.001663  -0.059720   0.055619  -0.013923  -0.021142  -0.014209 
 -0.008970   0.167947  -0.046129   0.017418   0.000057   0.040222  -0.000568   0.045355  -0.045982  -0.002177  -0.006876   0.010371 
 -0.006138   0.190270  -0.067858   0.017017   0.015584   0.029851   0.002832   0.022323  -0.021729  -0.000401   0.015527  -0.010371 
 -0.014085   0.152415  -0.073652   0.023892   0.023778   0.029851  -0.007947  -0.037855  -0.005794   0.006875   0.008194   0.000000 
 -0.014862   0.094296  -0.022651   0.004240  -0.007448   0.029851  -0.000777  -0.058119   0.051001  -0.019652  -0.031226   0.000000 
  0.002596   0.201959  -0.103966   0.037758   0.009740   0.029851   0.017458   0.107663  -0.081315   0.033518   0.017188   0.000000 
 -0.000296   0.206770  -0.114642   0.055119   0.026299   0.029794  -0.002892   0.004811  -0.010676   0.017361   0.016559  -0.000057 
 -0.004215   0.146458  -0.027764   0.057124   0.006360   0.029851  -0.003919  -0.060312   0.086878   0.002005  -0.019939   0.000057 
 -0.018799   0.109168  -0.106997   0.058270  -0.046696   0.029851  -0.014584  -0.037290  -0.079233   0.001146  -0.053056   0.000000 
 -0.012395   0.226263  -0.163388   0.029221  -0.003839   0.040394   0.006404   0.117095  -0.056391  -0.029049   0.042857   0.010543 
 -0.010952   0.259559  -0.126719  -0.191654  -0.033002   0.029851   0.001443   0.033296   0.036669  -0.220875  -0.029163  -0.010543 
 -0.013420   0.237601  -0.091760  -0.261727  -0.006188   0.029794  -0.002468  -0.021958   0.034959  -0.070073   0.026814  -0.000057 
 -0.011713   0.209063  -0.092158  -0.224026  -0.009626   0.029851   0.001707  -0.028538  -0.000398   0.037701  -0.003438   0.000057 
 -0.013071   0.147257  -0.056652  -0.249695  -0.020684   0.029851  -0.001358  -0.061806   0.035506  -0.025669  -0.011058   0.000000 
 -0.007997   0.174358  -0.085594  -0.225573  -0.014381   0.029851   0.005074   0.027101  -0.028942   0.024122   0.006303   0.000000 
  0.002694   0.053793  -0.149360  -0.029393  -0.010084   0.045264   0.010691  -0.120565  -0.063766   0.196180   0.004297   0.015413 
 -0.024651   0.118575  -0.275791   0.168450  -0.002177   0.029851  -0.027345   0.064782  -0.126431   0.197843   0.007907  -0.015413 
 -0.022095   0.110558  -0.351499   0.355578   0.050134   0.104794   0.002556  -0.008017  -0.075708   0.187128   0.052311   0.074943 
 -0.033386   0.115300  -0.291101   0.312778   0.052196   0.125249  -0.011291   0.004742   0.060398  -0.042800   0.002062   0.020455 
 -0.035902   0.163538  -0.255741   0.276280   0.010027   0.121467  -0.002516   0.048238   0.035360  -0.036498  -0.042169  -0.003782 
 -0.031601   0.204969  -0.212319   0.210734   0.041482   0.119576   0.004301   0.041431   0.043422  -0.065546   0.031455  -0.001891 
 -0.038995   0.196226  -0.210099   0.182602   0.056035   0.118717  -0.007394  -0.008743   0.002220  -0.028132   0.014553  -0.000859 
 -0.025170   0.150265  -0.144745   0.146333   0.019595   0.113789   0.013825  -0.045961   0.065354  -0.036269  -0.036440  -0.004928 
 -0.037044   0.162596  -0.107461   0.092246   0.004240   0.118029  -0.011874   0.012331   0.037284  -0.054087  -0.015355   0.004240 
 -0.052874   0.258912  -0.135246   0.090871   0.001318   0.114248  -0.015830   0.096316  -0.027785  -0.001375  -0.002922  -0.003781 
 -0.048164   0.235257  -0.157555   0.143182   0.031169   0.130520   0.004710  -0.023655  -0.022309   0.052311   0.029851   0.016272 
 -0.036515   0.225523  -0.212765   0.150802   0.029794   0.126165   0.011649  -0.009734  -0.055210   0.007620  -0.001375  -0.004355 
 -0.044460   0.186895  -0.199748   0.142437   0.013121   0.122040  -0.007945  -0.038628   0.013017  -0.008365  -0.016673  -0.004125 
 -0.037880   0.135439  -0.132447   0.071963  -0.027559   0.119061   0.006580  -0.051456   0.067301  -0.070474  -0.040680  -0.002979 
 -0.027757   0.248611  -0.195433   0.103935  -0.008193   0.116368   0.010123   0.113172  -0.062986   0.031972   0.019366  -0.002693 
 -0.026921   0.196853  -0.150935   0.059989  -0.009110   0.103935   0.000836  -0.051758   0.044498  -0.043946  -0.000917  -0.012433 
 -0.025994   0.109115  -0.011150   0.034206  -0.029679   0.133499   0.000927  -0.087738   0.139785  -0.025783  -0.020569   0.029564 
 -0.033775   0.199830  -0.136551   0.066291  -0.043316   0.107029  -0.007781   0.090715  -0.125401   0.032085  -0.013637  -0.026470 
 -0.029267   0.261614  -0.164694   0.067093  -0.030424   0.082219   0.004508   0.061784  -0.028143   0.000802   0.012892  -0.024810 
 -0.019027   0.225691  -0.190082   0.053457  -0.015814   0.082219   0.010240  -0.035923  -0.025388  -0.013636   0.014610   0.000000 
 -0.019031   0.238974  -0.173227   0.032544  -0.012662   0.082219  -0.000004   0.013283   0.016855  -0.020913   0.003152   0.000000 
 -0.028583   0.170378  -0.118619   0.025439  -0.024293   0.096830  -0.009552  -0.068596   0.054608  -0.007105  -0.011631   0.014611 
 -0.027363   0.144224  -0.046100   0.001375  -0.053056   0.092017   0.001220  -0.026154   0.072519  -0.024064  -0.028763  -0.004813 
 -0.029373   0.239088  -0.083882   0.010886  -0.045607   0.082219  -0.002010   0.094864  -0.037782   0.009511   0.007449  -0.009798 
 -0.026619   0.247917  -0.132245   0.031513  -0.040107   0.082219   0.002754   0.008829  -0.048363   0.020627   0.005500   0.000000 
 -0.023364   0.254229  -0.153882   0.030252  -0.015814   0.093965   0.003255   0.006312  -0.021637  -0.001261   0.024293   0.011746 
 -0.021796   0.200604  -0.129828  -0.010371  -0.012089   0.090986   0.001568  -0.053625   0.024054  -0.040623   0.003725  -0.002979 
 -0.026301   0.138634  -0.085611  -0.029278  -0.029106   0.099064  -0.004505  -0.061970   0.044217  -0.018907  -0.017017   0.008078 
 -0.024077   0.224495  -0.107698  -0.034950  -0.019251   0.082219   0.002224   0.085861  -0.022087  -0.005672   0.009855  -0.016845 
 -0.014595   0.227078  -0.119952  -0.017704   0.002005   0.082219   0.009482   0.002583  -0.012254   0.017246   0.021256   0.000000 
 -0.018229   0.217920  -0.146163   0.006761   0.001203   0.082219  -0.003634  -0.009158  -0.026211   0.024465  -0.000802   0.000000 
 -0.017008   0.178029  -0.131461   0.022689  -0.011115   0.087433   0.001221  -0.039891   0.014702   0.015928  -0.012318   0.005214 
 -0.023827   0.144598  -0.071065   0.003782  -0.025153   0.095397  -0.006819  -0.033431   0.060396  -0.018907  -0.014038   0.007964 
 -0.032289   0.200808  -0.107594   0.024924  -0.044748   0.082219  -0.008462   0.056210  -0.036529   0.021142  -0.019595  -0.013178 
 -0.030779   0.131381  -0.053849   0.025783  -0.045321   0.073854   0.001510  -0.069427   0.053745   0.000859  -0.000573  -0.008365 
 -0.039158   0.118842  -0.149360   0.001490  -0.037414   0.075917  -0.008379  -0.012539  -0.095511  -0.024293   0.007907   0.002063 
 -0.040025   0.165881  -0.175957  -0.001031  -0.035409   0.073281  -0.000867   0.047039  -0.026597  -0.002521   0.002005  -0.002636 
 -0.036518   0.157074  -0.204391   0.022116  -0.051681   0.057754   0.003507  -0.008807  -0.028434   0.023147  -0.016272  -0.015527 
 -0.042406   0.134213  -0.235558   0.043316  -0.055806   0.052712  -0.005888  -0.022861  -0.031167   0.021200  -0.004125  -0.005042 
 -0.030272   0.048766  -0.280290   0.148224  -0.051051   0.057410   0.012134  -0.085447  -0.044732   0.104908   0.004755   0.004698 
 -0.026302   0.076991  -0.389646   0.245111   0.053170   0.100669   0.003970   0.028225  -0.109356   0.096887   0.104221   0.043259 
 -0.046292   0.183630  -0.320438   0.179909   0.069213   0.104794  -0.019990   0.106639   0.069208  -0.065202   0.016043   0.004125 
 -0.049835   0.160753  -0.291848   0.196811   0.044920   0.077980  -0.003543  -0.022877   0.028590   0.016902  -0.024293  -0.026814 
 -0.047333   0.154744  -0.290517   0.303553   0.039076   0.077980   0.002502  -0.006009   0.001331   0.106742  -0.005844   0.000000 
 -0.042576   0.149554  -0.266462   0.236402   0.039935   0.077980   0.004757  -0.005190   0.024055  -0.067151   0.000859   0.000000 
 -0.032933   0.141905  -0.260174   0.166444   0.052999   0.077980   0.009643  -0.007649   0.006288  -0.069958   0.013064   0.000000 
 -0.037259   0.120646  -0.242633   0.146734   0.047498   0.063999  -0.004326  -0.021259   0.017541  -0.019710  -0.005501  -0.013981 
 -0.045125   0.133199  -0.215969   0.123014   0.010829   0.047555  -0.007866   0.012553   0.026664  -0.023720  -0.036669  -0.016444 
 -0.047308   0.102104  -0.150899   0.103591  -0.024580   0.075630  -0.002183  -0.031095   0.065070  -0.019423  -0.035409   0.028075 
 -0.037410   0.207585  -0.185083   0.072938   0.024351   0.072823   0.009898   0.105481  -0.034184  -0.030653   0.048931  -0.002807 
 -0.036815   0.083589  -0.162299   0.077865  -0.020798   0.084225   0.000595  -0.123996   0.022784   0.004927  -0.045149   0.011402 
 -0.052075   0.103294  -0.224587   0.078151  -0.043373   0.104164  -0.015260   0.019705  -0.062288   0.000286  -0.022575   0.019939 
 -0.050435   0.221044  -0.207289   0.138484  -0.070302   0.104450   0.001640   0.117750   0.017298   0.060333  -0.026929   0.000286 
 -0.034919   0.200772  -0.089900   0.088407  -0.042915   0.110695   0.015516  -0.020272   0.117389  -0.050077   0.027387   0.006245 
 -0.047075   0.192607  -0.138477   0.102388   0.041425   0.077750  -0.012156  -0.008165  -0.048577   0.013981   0.084340  -0.032945 
 -0.064095   0.219078  -0.322197   0.151834   0.093449   0.117743  -0.017020   0.026471  -0.183720   0.049446   0.052024   0.039993 
 -0.062641   0.145596  -0.275531   0.197327   0.054832   0.126796   0.001454  -0.073482   0.046666   0.045493  -0.038617   0.009053 
 -0.055986   0.151223  -0.276747   0.211364   0.033289   0.105482   0.006655   0.005627  -0.001216   0.014037  -0.021543  -0.021314 
 -0.045945   0.142795  -0.273245   0.250898   0.032028   0.081933   0.010041  -0.008428   0.003502   0.039534  -0.001261  -0.023549 
 -0.047323   0.164098  -0.250535   0.213771   0.045722   0.073224  -0.001378   0.021303   0.022710  -0.037127   0.013694  -0.008709 
 -0.046699   0.146086  -0.218756   0.187987   0.038961   0.072422   0.000624  -0.018012   0.031779  -0.025784  -0.006761  -0.000802 
 -0.048194   0.165845  -0.226704   0.225402   0.032487   0.062338  -0.001495   0.019759  -0.007948   0.037415  -0.006474  -0.010084 
 -0.044526   0.201970  -0.109420   0.161803   0.050077   0.098893   0.003668   0.036125   0.117284  -0.063599   0.017590   0.036555 
 -0.064021   0.162855  -0.097765   0.130864   0.023205   0.090585  -0.019495  -0.039115   0.011655  -0.030939  -0.026872  -0.008308 
 -0.110406   0.012032  -0.839230   0.514745   0.206093   0.126967  -0.046385  -0.150823  -0.741465   0.383881   0.182888   0.036382 
 -0.100627   0.009045  -1.063551   0.467763   0.371850   0.166215   0.009779  -0.002987  -0.224321  -0.046982   0.165757   0.039248 
 -0.082759  -0.041792  -1.227889   0.436938   0.350707   0.099523   0.017868  -0.050837  -0.164338  -0.030825  -0.021143  -0.066692 
 -0.089186  -0.070992  -1.199847   0.293698   0.362625   0.072021  -0.006427  -0.029200   0.028042  -0.143240   0.011918  -0.027502 
 -0.088385  -0.100742  -1.229093   0.269118   0.348473   0.072078   0.000801  -0.029750  -0.029246  -0.024580  -0.014152   0.000057 
 -0.087528  -0.158043  -1.229501   0.095168   0.263561   0.060218   0.000857  -0.057301  -0.000408  -0.173950  -0.084912  -0.011860 
 -0.092005  -0.108809  -1.249373  -0.033060   0.197269   0.037873  -0.004477   0.049234  -0.019872  -0.128228  -0.066292  -0.022345 
 -0.087935  -0.083119  -1.218263   0.158709   0.110524   0.034893   0.004070   0.025690   0.031110   0.191769  -0.086745  -0.002980 
 -0.071030  -0.027965  -0.867906   0.225516   0.124618   0.045378   0.016905   0.055154   0.350357   0.066807   0.014094   0.010485 
 -0.071793  -0.036905  -0.809875   0.265050   0.130462   0.039706  -0.000763  -0.008940   0.058031   0.039534   0.005844  -0.005672 
 -0.087954  -0.032678  -0.750884  -0.252044   0.289917   0.105711  -0.016161   0.004227   0.058991  -0.517094   0.159455   0.066005 
 -0.047174   0.034930  -0.152573   0.041024   0.008938   0.075573   0.040780   0.067608   0.598311   0.293068  -0.280979  -0.030138 
 -0.019613   0.125609  -0.075383   0.001089   0.036326   0.043487   0.027561   0.090679   0.077190  -0.039935   0.027388  -0.032086 
 -0.029514   0.143274  -0.041786   0.000115   0.019824   0.053285  -0.009901   0.017665   0.033597  -0.000974  -0.016502   0.009798 
 -0.016179   0.099904   0.075372   0.061937  -0.001833   0.043487   0.013335  -0.043370   0.117158   0.061822  -0.021657  -0.009798 
 -0.038443   0.122596   0.031097   0.080615  -0.028190   0.043430  -0.022264   0.022692  -0.044275   0.018678  -0.026357  -0.000057 
 -0.036064   0.156721  -0.061339   0.135676  -0.027617   0.043487   0.002379   0.034125  -0.092436   0.055061   0.000573   0.000057 
 -0.034407   0.123082  -0.091736   0.133098  -0.012204   0.054947   0.001657  -0.033639  -0.030397  -0.002578   0.015413   0.011460 
 -0.032008   0.069570   0.025845   0.108518  -0.028762   0.062567   0.002399  -0.053512   0.117581  -0.024580  -0.016558   0.007620 
 -0.028054   0.038799   0.129674   0.048415  -0.023549   0.058671   0.003954  -0.030771   0.103829  -0.060103   0.005213  -0.003896 
 -0.024675   0.073342   0.100945   0.075115   0.001203   0.079813   0.003379   0.034543  -0.028729   0.026700   0.024752   0.021142 
 -0.031658   0.147995   0.203705   0.061879  -0.072193   0.084168  -0.006983   0.074653   0.102760  -0.013236  -0.073396   0.004355 
 -0.044193   0.196862   0.324750   0.104794  -0.106054   0.108919  -0.012535   0.048867   0.121045   0.042915  -0.033861   0.024751 
 -0.051092   0.223477   0.252041   0.169080  -0.078037   0.122441  -0.006899   0.026615  -0.072709   0.064286   0.028017   0.013522 
 -0.046338   0.187368   0.180952   0.230444  -0.024694   0.129546   0.004754  -0.036109  -0.071089   0.061364   0.053343   0.007105 
 -0.050254   0.159758   0.088289   0.249237  -0.034607   0.140375  -0.003916  -0.027610  -0.092663   0.018793  -0.009913   0.010829 
 -0.059595   0.194535   0.063893   0.253190  -0.035638   0.131895  -0.009341   0.034777  -0.024396   0.003953  -0.001031  -0.008480 
 -0.042961   0.169651   0.013539   0.193029  -0.020798   0.075573   0.016634  -0.024884  -0.050354  -0.060161   0.014840  -0.056322 
 -0.042744   0.134049   0.036458   0.207182  -0.027158   0.073510   0.000217  -0.035602   0.022919   0.014153  -0.006360  -0.002063 
 -0.039375   0.200155   0.049304   0.165986  -0.005329   0.063827   0.003369   0.066106   0.012846  -0.041196   0.021829  -0.009683 
 -0.055664   0.139759   0.042429   0.137854  -0.005730   0.063827  -0.016289  -0.060396  -0.006875  -0.028132  -0.000401   0.000000 
 -0.038121   0.141750   0.005979   0.164152  -0.008824   0.063827   0.017543   0.001991  -0.036450   0.026298  -0.003094   0.000000 
 -0.033822   0.144519  -0.061566   0.129660   0.017131   0.090527   0.004299   0.002769  -0.067545  -0.034492   0.025955   0.026700 
 -0.041299   0.159915  -0.067740   0.138828   0.010600   0.087834  -0.007477   0.015396  -0.006174   0.009168  -0.006531  -0.002693 
 -0.045813   0.157556  -0.029883   0.115394   0.012720   0.093048  -0.004514  -0.002359   0.037857  -0.023434   0.002120   0.005214 
 -0.038979   0.137169   0.012112   0.064400   0.015355   0.088866   0.006834  -0.020387   0.041995  -0.050994   0.002635  -0.004182 
 -0.037445   0.137267   0.028568   0.063369   0.012949   0.076490   0.001534   0.000098   0.016456  -0.001031  -0.002406  -0.012376 
 -0.054929   0.087117   0.135017   0.087376  -0.029393   0.093793  -0.017484  -0.050150   0.106449   0.024007  -0.042342   0.017303 
 -0.038573   0.148589   0.140440   0.106284  -0.025038   0.094882   0.016356   0.061472   0.005423   0.018908   0.004355   0.001089 
 -0.045732   0.215536   0.084863   0.124275  -0.028762   0.075401  -0.007159   0.066947  -0.055577   0.017991  -0.003724  -0.019481 
 -0.045596   0.147704   0.116826   0.100726  -0.025382   0.080157   0.000136  -0.067832   0.031963  -0.023549   0.003380   0.004756 
 -0.042727   0.096313   0.165653   0.125420  -0.068239   0.103190   0.002869  -0.051391   0.048827   0.024694  -0.042857   0.023033 
 -0.042756   0.194225   0.073031   0.151834  -0.055749   0.102216  -0.000029   0.097912  -0.092622   0.026414   0.012490  -0.000974 
 -0.042538   0.195978   0.039855   0.141062  -0.038789   0.091902   0.000218   0.001753  -0.033176  -0.010772   0.016960  -0.010314 
 -0.033545   0.179658  -0.000856   0.129374  -0.017876   0.063827   0.008993  -0.016320  -0.040711  -0.011688   0.020913  -0.028075 
 -0.035303   0.169706  -0.017957   0.133098  -0.011516   0.063885  -0.001758  -0.009952  -0.017101   0.003724   0.006360   0.000058 
 -0.032367   0.164272   0.040017   0.105310  -0.009740   0.063827   0.002936  -0.005434   0.057974  -0.027788   0.001776  -0.000058 
 -0.034577   0.120100   0.116256   0.116998  -0.059129   0.063827  -0.002210  -0.044172   0.076239   0.011688  -0.049389   0.000000 
 -0.041314   0.230200   0.092181   0.100611  -0.032487   0.072365  -0.006737   0.110100  -0.024075  -0.016387   0.026642   0.008538 
 -0.043319   0.222287   0.055855   0.116941  -0.041826   0.074886  -0.002005  -0.007913  -0.036326   0.016330  -0.009339   0.002521 
 -0.040887   0.162992   0.105562   0.111039  -0.049675   0.074313   0.002432  -0.059295   0.049707  -0.005902  -0.007849  -0.000573 
 -0.040509   0.101690   0.201244   0.081074  -0.053514   0.087319   0.000378  -0.061302   0.095682  -0.029965  -0.003839   0.013006 
 -0.034843   0.148872   0.321507   0.113388  -0.095970   0.118602   0.005666   0.047182   0.120263   0.032314  -0.042456   0.031283 
 -0.017555   0.191089   0.297051   0.078782  -0.101528   0.089840   0.017288   0.042217  -0.024456  -0.034606  -0.005558  -0.028762 
 -0.031326   0.260812   0.199461   0.097174  -0.105653   0.081646  -0.013771   0.069723  -0.097590   0.018392  -0.004125  -0.008194 
 -0.041467   0.221521   0.155062   0.099064  -0.139916   0.068984  -0.010141  -0.039291  -0.044399   0.001890  -0.034263  -0.012662 
 -0.042587   0.206880   0.146524   0.066692  -0.116024   0.073740  -0.001120  -0.014641  -0.008538  -0.032372   0.023892   0.004756 
 -0.049245   0.178636   0.142127   0.095455  -0.111326   0.091215  -0.006658  -0.028244  -0.004397   0.028763   0.004698   0.017475 
 -0.041910   0.119247   0.166461   0.073453  -0.118717   0.092361   0.007335  -0.059389   0.024334  -0.022002  -0.007391   0.001146 
 -0.038458   0.163030   0.158243   0.106971  -0.109034   0.098377   0.003452   0.043783  -0.008218   0.033518   0.009683   0.006016 
 -0.037594   0.224478   0.171215   0.023377  -0.094423   0.100841   0.000864   0.061448   0.012972  -0.083594   0.014611   0.002464 
 -0.040951   0.221219   0.058397   0.072651  -0.063255   0.123415  -0.003357  -0.003259  -0.112818   0.049274   0.031168   0.022574 
 -0.042706   0.198290  -0.038381   0.132812  -0.043086   0.124733  -0.001755  -0.022929  -0.096778   0.060161   0.020169   0.001318 
 -0.060625   0.189365  -0.001308   0.096773  -0.064744   0.131895  -0.017919  -0.008925   0.037073  -0.036039  -0.021658   0.007162 
 -0.054732   0.182538   0.013665   0.092934  -0.060046   0.121295   0.005893  -0.006827   0.014973  -0.003839   0.004698  -0.010600 
 -0.053138   0.180776   0.021985   0.085714  -0.059989   0.116540   0.001594  -0.001762   0.008320  -0.007220   0.000057  -0.004755 
 -0.051119   0.142650   0.067069   0.048300  -0.056666   0.098663   0.002019  -0.038126   0.045084  -0.037414   0.003323  -0.017877 
 -0.045709   0.196361   0.098170   0.070818  -0.072823   0.105711   0.005410   0.053711   0.031101   0.022518  -0.016157   0.007048 
 -0.049100   0.198202   0.113331   0.065317  -0.081245   0.107945  -0.003391   0.001841   0.015161  -0.005501  -0.008422   0.002234 
 -0.046194   0.184797   0.113358   0.073052  -0.078610   0.114248   0.002906  -0.013405   0.000027   0.007735   0.002635   0.006303 
 -0.046919   0.153661   0.113444   0.072135  -0.100841   0.106398  -0.000725  -0.031136   0.000086  -0.000917  -0.022231  -0.007850 
 -0.046366   0.166229   0.139565   0.053572  -0.112128   0.103533   0.000553   0.012568   0.026121  -0.018563  -0.011287  -0.002865 
 -0.039512   0.246833   0.107778   0.070989  -0.107430   0.090585   0.006854   0.080604  -0.031787   0.017417   0.004698  -0.012948 
 -0.035168   0.221876   0.068810   0.101070  -0.101872   0.111784   0.004344  -0.024957  -0.038968   0.030081   0.005558   0.021199 
 -0.046236   0.186696   0.075156   0.099007  -0.093507   0.105195  -0.011068  -0.035180   0.006346  -0.002063   0.008365  -0.006589 
 -0.045843   0.144644   0.180796   0.068984  -0.103075   0.099695   0.000393  -0.042052   0.105640  -0.030023  -0.009568  -0.005500 
 -0.046876   0.226485   0.100409   0.122384  -0.087491   0.113274  -0.001033   0.081841  -0.080387   0.053400   0.015584   0.013579 
 -0.053782   0.275484  -0.096885   0.198243  -0.110409   0.110925  -0.006906   0.048999  -0.197294   0.075859  -0.022918  -0.002349 
 -0.053492   0.207465   0.052871   0.093163  -0.130061   0.116826   0.000290  -0.068019   0.149756  -0.105080  -0.019652   0.005901 
 -0.049797   0.102240   0.197414   0.038789  -0.135103   0.116024   0.003695  -0.105225   0.144543  -0.054374  -0.005042  -0.000802 
 -0.045143   0.189831   0.155649   0.102961  -0.141291   0.110237   0.004654   0.087591  -0.041765   0.064172  -0.006188  -0.005787 
 -0.043212   0.256384   0.113573   0.134187  -0.156647   0.101929   0.001931   0.066553  -0.042076   0.031226  -0.015356  -0.008308 
 -0.046527   0.225063   0.088932   0.155214  -0.156475   0.103018  -0.003315  -0.031321  -0.024641   0.021027   0.000172   0.001089 
 -0.056380   0.168507   0.084790   0.123759  -0.108690   0.087777  -0.009853  -0.056556  -0.004142  -0.031455   0.047785  -0.015241 
 -0.057212   0.151544   0.107350   0.130405  -0.151318   0.099236  -0.000832  -0.016963   0.022560   0.006646  -0.042628   0.011459 
 -0.039867   0.229780   0.123366   0.096028  -0.155272   0.105424   0.017345   0.078236   0.016016  -0.034377  -0.003954   0.006188 
 -0.046286   0.205852   0.052501   0.095340  -0.076433   0.112644  -0.006419  -0.023928  -0.070865  -0.000688   0.078839   0.007220 
 -0.071801   0.178869  -0.279643   0.267113  -0.087376   0.112586  -0.025515  -0.026983  -0.332144   0.171773  -0.010943  -0.000058 
 -0.072740   0.258160  -0.323578   0.155443  -0.124676   0.099179  -0.000939   0.079291  -0.043935  -0.111670  -0.037300  -0.013407 
 -0.054044   0.195076   0.060259   0.079412   0.001547   0.139343   0.018696  -0.063084   0.383837  -0.076031   0.126223   0.040164 
 -0.040081   0.149398   0.182863   0.116883   0.019481   0.132984   0.013963  -0.045678   0.122604   0.037471   0.017934  -0.006359 
 -0.033309   0.186731   0.268026   0.104909  -0.000229   0.115680   0.006772   0.037333   0.085163  -0.011974  -0.019710  -0.017304 
 -0.027110   0.151164   0.454334   0.013636  -0.024637   0.112472   0.006199  -0.035567   0.186308  -0.091273  -0.024408  -0.003208 
 -0.017653   0.133562   0.567801  -0.028476  -0.047613   0.114076   0.009457  -0.017602   0.113467  -0.042112  -0.022976   0.001604 
 -0.003972   0.213967   0.522354  -0.001261  -0.072422   0.113503   0.013681   0.080405  -0.045447   0.027215  -0.024809  -0.000573 
 -0.005775   0.263652   0.525807   0.013866  -0.041769   0.121467  -0.001803   0.049685   0.003453   0.015127   0.030653   0.007964 
  0.004230   0.261084   0.533031  -0.017819  -0.050478   0.112529   0.010005  -0.002568   0.007224  -0.031685  -0.008709  -0.008938 
  0.003890   0.203765   0.593120  -0.063598  -0.066349   0.091731  -0.000340  -0.057319   0.060089  -0.045779  -0.015871  -0.020798 
  0.008668   0.237300   0.566599  -0.035867  -0.059473   0.096429   0.004778   0.033535  -0.026521   0.027731   0.006876   0.004698 
  0.006925   0.278500   0.548505  -0.038445  -0.047670   0.086689  -0.001743   0.041200  -0.018094  -0.002578   0.011803  -0.009740 
  0.004787   0.229212   0.563090  -0.058155  -0.026929   0.083251  -0.002138  -0.049288   0.014585  -0.019710   0.020741  -0.003438 
 -0.000507   0.187205   0.592900  -0.067895  -0.043602   0.092991  -0.005294  -0.042007   0.029810  -0.009740  -0.016673   0.009740 
  0.005924   0.272666   0.536099  -0.050019  -0.018908   0.093507   0.006431   0.085461  -0.056801   0.017876   0.024694   0.000516 
  0.010027   0.249287   0.557253  -0.124618  -0.016444   0.090527   0.004103  -0.023379   0.021154  -0.074599   0.002464  -0.002980 
  0.002244   0.175537   0.631731  -0.091501  -0.026070   0.093163  -0.007783  -0.073750   0.074478   0.033117  -0.009626   0.002636 
  0.005000   0.212699   0.621966  -0.090986  -0.035638   0.087032   0.002756   0.037162  -0.009765   0.000515  -0.009568  -0.006131 
  0.008950   0.282029   0.550962  -0.037586  -0.029106   0.087147   0.003950   0.069330  -0.071004   0.053400   0.006532   0.000115 
  0.003649   0.242867   0.569601  -0.059989  -0.030023   0.083079  -0.005301  -0.039162   0.018639  -0.022403  -0.000917  -0.004068 
  0.005462   0.163085   0.724441  -0.207812  -0.099924   0.091043   0.001813  -0.079782   0.154840  -0.147823  -0.069901   0.007964 
  0.007740   0.235439   0.645817  -0.136822  -0.123415   0.089038   0.002278   0.072354  -0.078624   0.070990  -0.023491  -0.002005 
  0.009183   0.281387   0.570052  -0.069099  -0.050306   0.087090   0.001443   0.045948  -0.075765   0.067723   0.073109  -0.001948 
  0.008209   0.256325   0.564379  -0.071161  -0.034836   0.082391  -0.000974  -0.025062  -0.005673  -0.002062   0.015470  -0.004699 
  0.010758   0.155378   0.744165  -0.231303  -0.108576   0.074026   0.002549  -0.100947   0.179786  -0.160142  -0.073740  -0.008365 
  0.011306   0.258113   0.587386  -0.088121  -0.040909   0.076547   0.000548   0.102735  -0.156779   0.143182   0.067667   0.002521 
  0.013397   0.264911   0.553141  -0.076604  -0.049217   0.077922   0.002091   0.006798  -0.034245   0.011517  -0.008308   0.001375 
  0.009006   0.208281   0.623439  -0.068182  -0.065432   0.089152  -0.004391  -0.056630   0.070298   0.008422  -0.016215   0.011230 
  0.007700   0.174214   0.738398  -0.214000  -0.129947   0.089439  -0.001306  -0.034067   0.114959  -0.145818  -0.064515   0.000287 
  0.005297   0.290235   0.570168  -0.094366  -0.075344   0.102388  -0.002403   0.116021  -0.168230   0.119634   0.054603   0.012949 
  0.016187   0.269610   0.547814  -0.061077  -0.055462   0.103132   0.010890  -0.020625  -0.022354   0.033289   0.019882   0.000744 
  0.013553   0.162797   0.735383  -0.264420  -0.091673   0.096658  -0.002634  -0.106813   0.187569  -0.203343  -0.036211  -0.006474 
  0.018752   0.161071   0.727390  -0.225573  -0.099122   0.094481   0.005199  -0.001726  -0.007993   0.038847  -0.007449  -0.002177 
  0.017055   0.224465   0.675298  -0.223511  -0.072880   0.101242  -0.001697   0.063394  -0.052092   0.002062   0.026242   0.006761 
  0.018573   0.220475   0.624232  -0.179278  -0.099122   0.103476   0.001518  -0.003990  -0.051066   0.044233  -0.026242   0.002234 
  0.015445   0.173432   0.659309  -0.140489  -0.086517   0.104221  -0.003128  -0.047043   0.035077   0.038789   0.012605   0.000745 
  0.015343   0.115187   0.867730  -0.288885  -0.130921   0.083251  -0.000102  -0.058245   0.208421  -0.148396  -0.044404  -0.020970 
  0.010670   0.234962   0.841858  -0.281609  -0.139343   0.109951  -0.004673   0.119775  -0.025872   0.007276  -0.008422   0.026700 
  0.011028   0.229382   0.844934  -0.292724  -0.127941   0.113560   0.000358  -0.005580   0.003076  -0.011115   0.011402   0.003609 
  0.016877   0.221496   0.819855  -0.271124  -0.134874   0.119634   0.005849  -0.007886  -0.025079   0.021600  -0.006933   0.006074 
  0.029198   0.241299   0.691573  -0.257545  -0.083709   0.140260   0.012321   0.019803  -0.128282   0.013579   0.051165   0.020626 
  0.038293   0.228995   0.736189  -0.239611  -0.076948   0.160600   0.009095  -0.012304   0.044616   0.017934   0.006761   0.020340 
  0.033881   0.254257   0.727583  -0.236402  -0.099809   0.142666  -0.004412   0.025262  -0.008606   0.003209  -0.022861  -0.017934 
  0.024323   0.173411   0.781414  -0.250726  -0.121467   0.144958  -0.009558  -0.080846   0.053831  -0.014324  -0.021658   0.002292 
  0.020229   0.214889   0.747374  -0.310887  -0.075401   0.131666  -0.004094   0.041478  -0.034040  -0.060161   0.046066  -0.013292 
  0.033397   0.214051   0.657630  -0.215719  -0.042628   0.131895   0.013168  -0.000838  -0.089744   0.095168   0.032773   0.000229 
  0.027667   0.213276   0.603860  -0.092304  -0.036154   0.139974  -0.005730  -0.000775  -0.053770   0.123415   0.006474   0.008079 
  0.027892   0.205844   0.602740  -0.086803  -0.040164   0.139744   0.000225  -0.007432  -0.001120   0.005501  -0.004010  -0.000230 
  0.026733   0.213200   0.625124  -0.073969  -0.050936   0.157334  -0.001159   0.007356   0.022384   0.012834  -0.010772   0.017590 
  0.029942   0.214121   0.756822  -0.230787  -0.049618   0.151089   0.003209   0.000921   0.131698  -0.156818   0.001318  -0.006245 
  0.030565   0.242981   0.742724  -0.192227  -0.013121   0.178706   0.000623   0.028860  -0.014098   0.038560   0.036497   0.027617 
  0.035756   0.247446   0.764192  -0.264936  -0.037070   0.181055   0.005191   0.004465   0.021468  -0.072709  -0.023949   0.002349 
  0.027393   0.160465   0.812120  -0.274561  -0.074542   0.146162  -0.008363  -0.086981   0.047928  -0.009625  -0.037472  -0.034893 
  0.031044   0.140305   0.884291  -0.259664  -0.105367   0.145359   0.003651  -0.020160   0.072171   0.014897  -0.030825  -0.000803 
  0.029416   0.233942   0.751024  -0.238465  -0.073568   0.148167  -0.001628   0.093637  -0.133267   0.021199   0.031799   0.002808 
  0.032049   0.251156   0.696781  -0.215948  -0.079068   0.142437   0.002633   0.017214  -0.054243   0.022517  -0.005500  -0.005730 
  0.022390   0.181747   0.688952  -0.210276  -0.042800   0.140031  -0.009659  -0.069409  -0.007829   0.005672   0.036268  -0.002406 
  0.023417   0.114704   0.813935  -0.231246  -0.128801   0.141635   0.001027  -0.067043   0.124983  -0.020970  -0.086001   0.001604 
  0.025696   0.189685   0.760049  -0.247289  -0.116024   0.146734   0.002279   0.074981  -0.053886  -0.016043   0.012777   0.005099 
  0.021386   0.240202   0.622479  -0.108461  -0.077177   0.156933  -0.004310   0.050517  -0.137570   0.138828   0.038847   0.010199 
  0.022968   0.258984   0.586088  -0.096486  -0.048186   0.151948   0.001582   0.018782  -0.036391   0.011975   0.028991  -0.004985 
  0.022645   0.188831   0.711614  -0.242189  -0.082391   0.122728  -0.000323  -0.070153   0.125526  -0.145703  -0.034205  -0.029220 
  0.024032   0.163950   0.765060  -0.261383  -0.120436   0.113446   0.001387  -0.024881   0.053446  -0.019194  -0.038045  -0.009282 
  0.024548   0.233706   0.726550  -0.274905  -0.114706   0.119977   0.000516   0.069756  -0.038510  -0.013522   0.005730   0.006531 
  0.028554   0.227279   0.713009  -0.280807  -0.069156   0.126394   0.004006  -0.006427  -0.013541  -0.005902   0.045550   0.006417 
  0.021684   0.199027   0.705923  -0.249351  -0.091673   0.121238  -0.006870  -0.028252  -0.007086   0.031456  -0.022517  -0.005156 
  0.020634   0.120079   0.792830  -0.301204  -0.107659   0.117915  -0.001050  -0.078948   0.086907  -0.051853  -0.015986  -0.003323 
  0.022958   0.203879   0.762712  -0.316846  -0.109320   0.115222   0.002324   0.083800  -0.030118  -0.015642  -0.001661  -0.002693 
  0.005210   0.245090   0.516536  -0.100497  -0.022632   0.155673  -0.017748   0.041211  -0.246176   0.216349   0.086688   0.040451 
 -0.009156   0.253506   0.250863  -0.032315   0.019824   0.166387  -0.014366   0.008416  -0.265673   0.068182   0.042456   0.010714 
 -0.014846   0.216938   0.142336   0.031914   0.034263   0.189534  -0.005690  -0.036568  -0.108527   0.064229   0.014439   0.023147 
 -0.007942   0.181748   0.221472  -0.014840   0.024064   0.188102   0.006904  -0.035190   0.079136  -0.046754  -0.010199  -0.001432 
  0.014783   0.169726   0.365941  -0.057525  -0.000286   0.172919   0.022725  -0.012022   0.144469  -0.042685  -0.024350  -0.015183 
  0.059207   0.089960   1.124462  -0.211192  -0.073682   0.185409   0.044424  -0.079766   0.758521  -0.153667  -0.073396   0.012490 
  0.072291   0.188863   1.122932  -0.151891  -0.093163   0.207239   0.013084   0.098903  -0.001530   0.059301  -0.019481   0.021830 
  0.074889   0.271186   1.130037  -0.161803  -0.079641   0.207010   0.002598   0.082323   0.007105  -0.009912   0.013522  -0.000229 
  0.071224   0.237650   1.190730  -0.199676  -0.061593   0.211364  -0.003665  -0.033536   0.060693  -0.037873   0.018048   0.004354 
  0.070974   0.163664   1.283387  -0.177732  -0.119003   0.208614  -0.000250  -0.073986   0.092657   0.021944  -0.057410  -0.002750 
  0.076004   0.248835   1.260414  -0.180711  -0.110008   0.201280   0.005030   0.085171  -0.022973  -0.002979   0.008995  -0.007334 
  0.083744   0.317667   1.247035  -0.163408  -0.093335   0.205635   0.007740   0.068832  -0.013379   0.017303   0.016673   0.004355 
  0.078763   0.259862   1.280841  -0.180654  -0.086975   0.205291  -0.004981  -0.057805   0.033806  -0.017246   0.006360  -0.000344 
  0.076691   0.198743   1.318141  -0.225573  -0.082792   0.204374  -0.002072  -0.061119   0.037300  -0.044919   0.004183  -0.000917 
  0.082729   0.290899   1.279337  -0.210276  -0.088808   0.214974   0.006038   0.092156  -0.038804   0.015297  -0.006016   0.010600 
  0.086523   0.283610   1.267531  -0.191998  -0.072880   0.202311   0.003794  -0.007289  -0.011806   0.018278   0.015928  -0.012663 
  0.097880   0.280643   1.264725  -0.246830  -0.071963   0.192800   0.011357  -0.002967  -0.002806  -0.054832   0.000917  -0.009511 
  0.106171   0.253841   1.218367  -0.236803  -0.063426   0.196009   0.008291  -0.026802  -0.046358   0.010027   0.008537   0.003209 
  0.099934   0.254269   1.261107  -0.240929  -0.053973   0.195092  -0.006237   0.000428   0.042740  -0.004126   0.009453  -0.000917 
  0.089575   0.220244   1.324540  -0.287625  -0.046925   0.208442  -0.010359  -0.034025   0.063433  -0.046696   0.007048   0.013350 
  0.094536   0.181579   1.445578  -0.355635  -0.073912   0.223396   0.004961  -0.038665   0.121038  -0.068010  -0.026987   0.014954 
  0.097941   0.298867   1.329583  -0.265623  -0.075802   0.229584   0.003405   0.117288  -0.115995   0.090012  -0.001890   0.006188 
  0.102974   0.293568   1.310962  -0.261383  -0.056608   0.216922   0.005033  -0.005299  -0.018621   0.004240   0.019194  -0.012662 
  0.097226   0.204323   1.434275  -0.311746  -0.077349   0.229298  -0.005748  -0.089245   0.123313  -0.050363  -0.020741   0.012376 
  0.101101   0.183014   1.495342  -0.326299  -0.094366   0.229011   0.003875  -0.021309   0.061067  -0.014553  -0.017017  -0.000287 
  0.102370   0.288068   1.385477  -0.298396  -0.068411   0.229756   0.001269   0.105054  -0.109865   0.027903   0.025955   0.000745 
  0.106285   0.271822   1.356724  -0.274389  -0.075917   0.225917   0.003915  -0.016246  -0.028753   0.024007  -0.007506  -0.003839 
  0.101567   0.179883   1.567593  -0.294099  -0.126853   0.255195  -0.004718  -0.091939   0.210869  -0.019710  -0.050936   0.029278 
  0.092412   0.134353   1.657305  -0.254221  -0.247804   0.298969  -0.009155  -0.045530   0.089712   0.039878  -0.120951   0.043774 
  0.096620   0.332545   1.486465  -0.281953  -0.234454   0.323377   0.004208   0.198192  -0.170840  -0.027732   0.013350   0.024408 
  0.096779   0.345006   1.449172  -0.264477  -0.203400   0.323893   0.000159   0.012461  -0.037293   0.017476   0.031054   0.000516 
  0.098610   0.295853   1.437051  -0.263561  -0.168908   0.310486   0.001831  -0.049153  -0.012121   0.000916   0.034492  -0.013407 
  0.095251   0.230098   1.518066  -0.272441  -0.188732   0.309569  -0.003359  -0.065755   0.081015  -0.008880  -0.019824  -0.000917 
  0.096657   0.265258   1.516457  -0.257716  -0.183518   0.316502   0.001406   0.035160  -0.001609   0.014725   0.005214   0.006933 
  0.098612   0.269560   1.497344  -0.251299  -0.187357   0.306303   0.001955   0.004302  -0.019113   0.006417  -0.003839  -0.010199 
  0.100972   0.189201   1.556360  -0.243736  -0.197556   0.309913   0.002360  -0.080359   0.059016   0.007563  -0.010199   0.003610 
  0.100716   0.211689   1.519417  -0.230214  -0.201968   0.298912  -0.000256   0.022488  -0.036943   0.013522  -0.004412  -0.011001 
  0.099797   0.262304   1.480691  -0.222365  -0.183518   0.301605  -0.000919   0.050615  -0.038726   0.007849   0.018450   0.002693 
  0.099031   0.225867   1.462284  -0.224198  -0.175612   0.303954  -0.000766  -0.036437  -0.018407  -0.001833   0.007906   0.002349 
  0.099821   0.222483   1.471467  -0.233538  -0.169481   0.299886   0.000790  -0.003384   0.009183  -0.009340   0.006131  -0.004068 
  0.094721   0.142537   1.461773  -0.178648  -0.162376   0.300173  -0.005100  -0.079946  -0.009694   0.054890   0.007105   0.000287 
  0.102742   0.234862   1.439432  -0.172403  -0.187701   0.294558   0.008021   0.092325  -0.022341   0.006245  -0.025325  -0.005615 
  0.105933   0.265133   1.463358  -0.219500  -0.177502   0.288943   0.003191   0.030271   0.023926  -0.047097   0.010199  -0.005615 
  0.109129   0.246980   1.470379  -0.207697  -0.176987   0.281093   0.003196  -0.018153   0.007021   0.011803   0.000515  -0.007850 
  0.108895   0.217587   1.469963  -0.277312  -0.140661   0.271983  -0.000234  -0.029393  -0.000416  -0.069615   0.036326  -0.009110 
  0.109707   0.209381   1.506754  -0.264764  -0.164783   0.273129   0.000812  -0.008206   0.036791   0.012548  -0.024122   0.001146 
  0.104320   0.194526   1.545936  -0.292724  -0.173148   0.277426  -0.005387  -0.014855   0.039182  -0.027960  -0.008365   0.004297 
  0.115565   0.266479   1.525829  -0.340280  -0.150745   0.301376   0.011245   0.071953  -0.020107  -0.047556   0.022403   0.023950 
  0.131657   0.248465   1.512346  -0.228324  -0.051681   0.325784   0.016092  -0.018014  -0.013483   0.111956   0.099064   0.024408 
  0.113702   0.258037   1.413364  -0.086517  -0.044691   0.326414  -0.017955   0.009572  -0.098982   0.141807   0.006990   0.000630 
  0.115157   0.227780   1.513997  -0.189248  -0.074656   0.325325   0.001455  -0.030257   0.100633  -0.102731  -0.029965  -0.001089 
  0.108881   0.208216   1.882972  -0.097059  -0.082563   0.341254  -0.006276  -0.019564   0.368975   0.092189  -0.007907   0.015929 
  0.108200   0.202005   2.047619  -0.098893  -0.115852   0.365146  -0.000681  -0.006211   0.164647  -0.001834  -0.033289   0.023892 
  0.100856   0.309082   2.045415  -0.040508  -0.136650   0.382850  -0.007344   0.107077  -0.002204   0.058385  -0.020798   0.017704 
  0.100704   0.349627   1.981780  -0.170570  -0.108690   0.385142  -0.000152   0.040545  -0.063635  -0.130062   0.027960   0.002292 
  0.264072   0.279050   2.565352  -0.329336  -0.214859   0.519329   0.163368  -0.070577   0.583572  -0.158766  -0.106169   0.134187 
  0.340495   0.273180   2.861022  -0.454356  -0.265108   0.626587   0.076423  -0.005870   0.295670  -0.125020  -0.050249   0.107258 
  0.287328   0.402722   2.233504  -0.260639  -0.178190   0.596277  -0.053167   0.129542  -0.627518   0.193717   0.086918  -0.030310 
  0.280459   0.300409   2.202657  -0.265967  -0.170627   0.588027  -0.006869  -0.102313  -0.030847  -0.005328   0.007563  -0.008250 
  0.280996   0.256412   2.212038  -0.222193  -0.178362   0.565337   0.000537  -0.043997   0.009381   0.043774  -0.007735  -0.022690 
  0.280219   0.312965   2.162670  -0.223282  -0.164210   0.576682  -0.000777   0.056553  -0.049368  -0.001089   0.014152   0.011345 
  0.280419   0.300014   2.138042  -0.248721  -0.175726   0.562129   0.000200  -0.012951  -0.024628  -0.025439  -0.011516  -0.014553 
  0.298756   0.339071   1.936850  -0.527580  -0.226318   0.613810   0.018337   0.039057  -0.201192  -0.278859  -0.050592   0.051681 
  0.293626   0.405594   1.289877  -1.121622  -0.129087   0.692018  -0.005130   0.066523  -0.646973  -0.594042   0.097231   0.078208 
  0.305083   0.267951   1.289527  -1.268242  -0.147594   0.564020   0.011457  -0.137643  -0.000350  -0.146620  -0.018507  -0.127998 
  0.319515   0.205031   1.377385  -1.244522  -0.139000   0.519845   0.014432  -0.062920   0.087858   0.023720   0.008594  -0.044175 
  0.306836   0.221792   1.667905  -0.739402  -0.092533   0.546946  -0.012679   0.016761   0.290520   0.505120   0.046467   0.027101 
  0.313169   0.205118   1.938259  -0.607794  -0.149828   0.533424   0.006333  -0.016674   0.270354   0.131608  -0.057295  -0.013522 
  0.308452   0.230260   1.883921  -0.572671  -0.133213   0.546258  -0.004717   0.025142  -0.054338   0.035123   0.016615   0.012834 
  0.302941   0.247930   1.746026  -0.632889  -0.139401   0.529127  -0.005511   0.017670  -0.137895  -0.060218  -0.006188  -0.017131 
  0.299511   0.234727   1.760529  -0.618164  -0.127197   0.542018  -0.003430  -0.013203   0.014503   0.014725   0.012204   0.012891 
  0.290119   0.239178   1.773818  -0.603840  -0.115165   0.532622  -0.009392   0.004451   0.013289   0.014324   0.012032  -0.009396 
  0.292792   0.231122   1.790187  -0.624524  -0.096830   0.543852   0.002673  -0.008056   0.016369  -0.020684   0.018335   0.011230 
  0.292153   0.220250   1.791815  -0.607966  -0.101127   0.535200  -0.000639  -0.010872   0.001628   0.016558  -0.004297  -0.008652 
  0.290587   0.219481   1.796048  -0.595991  -0.128744   0.517152  -0.001566  -0.000769   0.004233   0.011975  -0.027617  -0.018048 
  0.292484   0.242347   1.812662  -0.606419  -0.131551   0.517897   0.001897   0.022866   0.016614  -0.010428  -0.002807   0.000745 
  0.301601   0.230770   1.869283  -0.692534  -0.146792   0.526663   0.009117  -0.011577   0.056621  -0.086115  -0.015241   0.008766 
  0.299889   0.220290   1.872443  -0.649963  -0.150917   0.514115  -0.001712  -0.010480   0.003160   0.042571  -0.004125  -0.012548 
  0.304870   0.226270   1.884715  -0.651739  -0.148511   0.524084   0.004981   0.005980   0.012272  -0.001776   0.002406   0.009969 
  0.299945   0.206780   1.916092  -0.637817  -0.177903   0.529012  -0.004925  -0.019490   0.031377   0.013922  -0.029392   0.004928 
  0.317131   0.156740   2.167378  -0.581667  -0.185466   0.579375   0.017186  -0.050040   0.251286   0.056150  -0.007563   0.050363 
  0.311865   0.226414   2.214581  -0.453668  -0.181169   0.617419  -0.005266   0.069674   0.047203   0.127999   0.004297   0.038044 
  0.318962   0.272097   2.315304  -0.409665  -0.199046   0.649505   0.007097   0.045683   0.100723   0.044003  -0.017877   0.032086 
  0.320622   0.298234   2.325499  -0.397919  -0.217667   0.644291   0.001660   0.026137   0.010195   0.011746  -0.018621  -0.005214 
  0.317687   0.241349   2.201502  -0.415681  -0.220302   0.661709  -0.002935  -0.056885  -0.123997  -0.017762  -0.002635   0.017418 
  0.316994   0.250269   2.070669  -0.452694  -0.200593   0.647385  -0.000693   0.008920  -0.130833  -0.037013   0.019709  -0.014324 
  0.316981   0.256832   1.655483  -0.483347  -0.175783   0.641655  -0.000013   0.006563  -0.415186  -0.030653   0.024810  -0.005730 
  0.304493   0.167536   1.614481  -0.535486  -0.160944   0.610716  -0.012488  -0.089296  -0.041002  -0.052139   0.014839  -0.030939 
  0.309988   0.187074   1.759271  -0.696545  -0.122613   0.618508   0.005495   0.019538   0.144790  -0.161059   0.038331   0.007792 
  0.301086   0.167841   1.795585  -0.674314  -0.113216   0.628363  -0.008902  -0.019233   0.036314   0.022231   0.009397   0.009855 
  0.297332   0.181109   1.821029  -0.656782  -0.101815   0.633749  -0.003754   0.013268   0.025444   0.017532   0.011401   0.005386 
  0.306071   0.182035   1.848224  -0.673397  -0.124618   0.638905   0.008739   0.000926   0.027195  -0.016615  -0.022803   0.005156 
  0.293208   0.213007   1.874554  -0.651510  -0.120665   0.609570  -0.012863   0.030972   0.026330   0.021887   0.003953  -0.029335 
  0.295839   0.200086   2.044103  -0.588600  -0.147307   0.622920   0.002631  -0.012921   0.169549   0.062910  -0.026642   0.013350 
  0.297466   0.140967   2.133567  -0.592839  -0.176929   0.614440   0.001627  -0.059119   0.089464  -0.004239  -0.029622  -0.008480 
  0.302767   0.224966   2.118875  -0.571926  -0.166788   0.631743   0.005301   0.083999  -0.014692   0.020913   0.010141   0.017303 
  0.306993   0.270942   2.112056  -0.557545  -0.183117   0.644864   0.004226   0.045976  -0.006819   0.014381  -0.016329   0.013121 
  0.321337   0.279717   2.337589  -0.527121  -0.140948   0.664058   0.014344   0.008775   0.225533   0.030424   0.042169   0.019194 
  0.327015   0.151407   2.773617  -0.704566  -0.149886   0.678554   0.005678  -0.128310   0.436028  -0.177445  -0.008938   0.014496 
  0.326083   0.139315   3.106614  -0.854337  -0.205348   0.674199  -0.000932  -0.012092   0.332997  -0.149771  -0.055462  -0.004355 
  0.351243   0.248494   3.327456  -0.924066  -0.204030   0.681648   0.025160   0.109179   0.220842  -0.069729   0.001318   0.007449 
  0.351864   0.219945   3.394863  -0.906935  -0.158366   0.717286   0.000621  -0.028549   0.067407   0.017131   0.045664   0.035638 
  0.348871   0.301645   3.145703  -0.849983  -0.164439   0.689612  -0.002993   0.081700  -0.249160   0.056952  -0.006073  -0.027674 
  0.367170   0.297087   3.173492  -0.872500  -0.165184   0.671965   0.018299  -0.004558   0.027789  -0.022517  -0.000745  -0.017647 
  0.365220   0.221597   3.134821  -0.840930  -0.195207   0.662225  -0.001950  -0.075490  -0.038671   0.031570  -0.030023  -0.009740 
  0.390429   0.252133   3.012444  -0.793317  -0.186498   0.708405   0.025209   0.030536  -0.122377   0.047613   0.008709   0.046180 
