  0.000000   0.000000   0.000000   0.000000   0.000000   0.000000   0.000000   0.000000   0.000000   0.000000   0.000000   0.000000 
  0.015078  -0.072400  -0.000013  -0.006532   0.000000   0.000000   0.015078  -0.072400  -0.000013  -0.006532   0.000000   0.000000 
  0.025601   0.142716   0.000190  -0.047957   0.016730   0.024293   0.010523   0.215116   0.000203  -0.041425   0.016730   0.024293 
  0.025477   0.273020   0.012490  -0.042055   0.000000   0.030309  -0.000124   0.130304   0.012300   0.005902  -0.016730   0.006016 
  0.031787   0.269598   0.006587  -0.026413   0.000000   0.025955   0.006310  -0.003422  -0.005903   0.015642   0.000000  -0.004354 
  0.035500   0.176425   0.072412  -0.039190   0.005386   0.026413   0.003713  -0.093173   0.065825  -0.012777   0.005386   0.000458 
  0.035585   0.108983   0.131450  -0.038847  -0.011345   0.027273   0.000085  -0.067442   0.059038   0.000343  -0.016731   0.000860 
  0.044104   0.197013   0.116212  -0.028591  -0.009397   0.027788   0.008519   0.088030  -0.015238   0.010256   0.001948   0.000515 
  0.044364   0.257905   0.119895  -0.005329   0.000000   0.037815   0.000260   0.060892   0.003683   0.023262   0.009397   0.010027 
  0.044040   0.167795   0.128317  -0.013522  -0.013923   0.028762  -0.000324  -0.090110   0.008422  -0.008193  -0.013923  -0.009053 
  0.036111   0.134843   0.113188  -0.010485  -0.016845   0.027502  -0.007929  -0.032952  -0.015129   0.003037  -0.002922  -0.001260 
  0.043405   0.274617   0.083660  -0.004870  -0.022976   0.035466   0.007294   0.139774  -0.029528   0.005615  -0.006131   0.007964 
  0.041103   0.243143   0.069546   0.033232  -0.026241   0.026528  -0.002302  -0.031474  -0.014114   0.038102  -0.003265  -0.008938 
  0.048298   0.163072   0.072016   0.019366  -0.041883   0.032830   0.007195  -0.080071   0.002470  -0.013866  -0.015642   0.006302 
  0.045305   0.276648   0.081944   0.013350  -0.048128   0.028877  -0.002993   0.113576   0.009928  -0.006016  -0.006245  -0.003953 
  0.047942   0.281526   0.092519   0.026413  -0.049733   0.024122   0.002637   0.004878   0.010575   0.013063  -0.001605  -0.004755 
  0.048898   0.245648   0.093309   0.048128  -0.049733   0.030252   0.000956  -0.035878   0.000790   0.021715   0.000000   0.006130 
  0.046476   0.230106   0.085696   0.050134  -0.050707   0.037930  -0.002422  -0.015542  -0.007613   0.002006  -0.000974   0.007678 
  0.044371   0.158890   0.097021   0.041654  -0.064630   0.024809  -0.002105  -0.071216   0.011325  -0.008480  -0.013923  -0.013121 
  0.047278   0.178449   0.078769   0.032945  -0.064916   0.029221   0.002907   0.019559  -0.018252  -0.008709  -0.000286   0.004412 
  0.048694   0.294472   0.086598   0.032028  -0.074370   0.038503   0.001416   0.116023   0.007829  -0.000917  -0.009454   0.009282 
  0.048459   0.292404   0.081620   0.051853  -0.056608   0.032028  -0.000235  -0.002068  -0.004978   0.019825   0.017762  -0.006475 
  0.052024   0.256235   0.098347   0.017246  -0.075917   0.034263   0.003565  -0.036169   0.016727  -0.034607  -0.019309   0.002235 
  0.053332   0.235639   0.110873   0.035180  -0.072651   0.028705   0.001308  -0.020596   0.012526   0.017934   0.003266  -0.005558 
  0.047131   0.173032   0.172127   0.032315  -0.061249   0.015756  -0.006201  -0.062607   0.061254  -0.002865   0.011402  -0.012949 
  0.047553   0.155328   0.186760   0.039419  -0.067895   0.000000   0.000422  -0.017704   0.014633   0.007104  -0.006646  -0.015756 
  0.056898   0.233399   0.077532   0.020626  -0.077063   0.014725   0.009345   0.078071  -0.109228  -0.018793  -0.009168   0.014725 
  0.056141   0.280093   0.097481   0.027101  -0.078667   0.024981  -0.000757   0.046694   0.019949   0.006475  -0.001604   0.010256 
  0.059936   0.293378   0.045861   0.091387  -0.088579   0.019309   0.003795   0.013285  -0.051620   0.064286  -0.009912  -0.005672 
  0.063731   0.301085  -0.058687   0.145073  -0.109320   0.014840   0.003795   0.007707  -0.104548   0.053686  -0.020741  -0.004469 
  0.055271   0.236437   0.081779   0.053285  -0.061765   0.037930  -0.008460  -0.064648   0.140466  -0.091788   0.047555   0.023090 
  0.051504   0.256995   0.145726   0.079240  -0.087949   0.026643  -0.003767   0.020558   0.063947   0.025955  -0.026184  -0.011287 
  0.053449   0.205121   0.180014   0.051623  -0.098205   0.031054   0.001945  -0.051874   0.034288  -0.027617  -0.010256   0.004411 
  0.056013   0.188657   0.205864   0.018048  -0.103018   0.017876   0.002564  -0.016464   0.025850  -0.033575  -0.004813  -0.013178 
  0.063561   0.279685   0.084939   0.127139  -0.055004   0.042628   0.007548   0.091028  -0.120925   0.109091   0.048014   0.024752 
  0.073018   0.260427  -0.233691   0.354145  -0.055004   0.035409   0.009457  -0.019258  -0.318630   0.227006   0.000000  -0.007219 
  0.055863   0.189412  -0.123959   0.260467  -0.050592   0.019366  -0.017155  -0.071015   0.109732  -0.093678   0.004412  -0.016043 
  0.053946   0.129696  -0.115488   0.256742  -0.049217   0.026814  -0.001917  -0.059716   0.008471  -0.003725   0.001375   0.007448 
  0.053609   0.307029  -0.116611   0.237720  -0.057926   0.024637  -0.000337   0.177333  -0.001123  -0.019022  -0.008709  -0.002177 
  0.046923   0.249030  -0.093942   0.231647  -0.063541   0.024866  -0.006686  -0.057999   0.022669  -0.006073  -0.005615   0.000229 
  0.053597   0.170255  -0.119606   0.236517  -0.062911   0.029737   0.006674  -0.078775  -0.025664   0.004870   0.000630   0.004871 
  0.052545   0.297723  -0.107548   0.219500  -0.064630   0.020512  -0.001052   0.127468   0.012058  -0.017017  -0.001719  -0.009225 
  0.046436   0.259284  -0.107760   0.227693  -0.086116   0.010772  -0.006109  -0.038439  -0.000212   0.008193  -0.021486  -0.009740 
  0.055348   0.239379   0.019967   0.250440  -0.106226   0.018048   0.008912  -0.019905   0.127727   0.022747  -0.020110   0.007276 
  0.061807   0.222452   0.110049   0.266941  -0.134702   0.019595   0.006459  -0.016927   0.090082   0.016501  -0.028476   0.001547 
  0.075383   0.211862   0.104533   0.233308  -0.142495   0.019194   0.013576  -0.010590  -0.005516  -0.033633  -0.007793  -0.000401 
  0.080486   0.177507   0.130462   0.207010  -0.149427   0.018736   0.005103  -0.034355   0.025929  -0.026298  -0.006932  -0.000458 
  0.088145   0.255679   0.121801   0.207812  -0.145302   0.027674   0.007659   0.078172  -0.008661   0.000802   0.004125   0.008938 
  0.082310   0.346557   0.121814   0.237090  -0.159741   0.039534  -0.005835   0.090878   0.000013   0.029278  -0.014439   0.011860 
  0.085008   0.285959   0.128195   0.241960  -0.167074   0.033862   0.002698  -0.060598   0.006381   0.004870  -0.007333  -0.005672 
  0.085276   0.205724   0.147735   0.233423  -0.160027   0.032372   0.000268  -0.080235   0.019540  -0.008537   0.007047  -0.001490 
  0.079357   0.302558   0.139906   0.250039  -0.171085   0.036555  -0.005919   0.096834  -0.007829   0.016616  -0.011058   0.004183 
  0.079241   0.273268   0.158951   0.253878  -0.180482   0.039649  -0.000116  -0.029290   0.019045   0.003839  -0.009397   0.003094 
  0.090428   0.192147   0.198521   0.236059  -0.183117   0.027731   0.011187  -0.081121   0.039570  -0.017819  -0.002635  -0.011918 
  0.094481   0.181309   0.200023   0.233022  -0.183346   0.026127   0.004053  -0.010838   0.001502  -0.003037  -0.000229  -0.001604 
  0.098461   0.337272   0.203523   0.246429  -0.185868   0.022689   0.003980   0.155963   0.003500   0.013407  -0.002522  -0.003438 
  0.097252   0.311237   0.220212   0.239783  -0.164382   0.028190  -0.001209  -0.026035   0.016689  -0.006646   0.021486   0.005501 
  0.098911   0.238748   0.235811   0.237205  -0.167762   0.028533   0.001659  -0.072489   0.015599  -0.002578  -0.003380   0.000343 
  0.099027   0.217713   0.208253   0.233996  -0.176815   0.022632   0.000116  -0.021035  -0.027558  -0.003209  -0.009053  -0.005901 
  0.095818   0.286903   0.210975   0.238923  -0.170512   0.031341  -0.003209   0.069190   0.002722   0.004927   0.006303   0.008709 
  0.098363   0.317543   0.222820   0.222250  -0.173205   0.019710   0.002545   0.030640   0.011845  -0.016673  -0.002693  -0.011631 
  0.106128   0.344308  -0.197029   0.454928  -0.187243   0.033919   0.007765   0.026765  -0.419849   0.232678  -0.014038   0.014209 
  0.109431   0.325273  -0.208128   0.421812  -0.185180   0.043144   0.003303  -0.019035  -0.011099  -0.033116   0.002063   0.009225 
  0.089178   0.264171  -0.038901   0.253133  -0.173549   0.031169  -0.020253  -0.061102   0.169227  -0.168679   0.011631  -0.011975 
  0.094613   0.248518   0.116918   0.162319  -0.173606   0.052368   0.005435  -0.015653   0.155819  -0.090814  -0.000057   0.021199 
  0.110763   0.331550   0.044855   0.342170  -0.198874   0.058499   0.016150   0.083032  -0.072063   0.179851  -0.025268   0.006131 
  0.102832   0.246488   0.094413   0.221620  -0.177732   0.050191  -0.007931  -0.085062   0.049558  -0.120550   0.021142  -0.008308 
  0.105891   0.205820   0.554348   0.270837  -0.259378   0.024465   0.003059  -0.040668   0.459935   0.049217  -0.081646  -0.025726 
  0.110254   0.274388   0.681960   0.302923  -0.269347   0.018621   0.004363   0.068568   0.127612   0.032086  -0.009969  -0.005844 
  0.107125   0.438943   0.494958   0.246601  -0.242132   0.026986  -0.003129   0.164555  -0.187002  -0.056322   0.027215   0.008365 
  0.090446   0.379593   0.351118   0.245570  -0.205119   0.018277  -0.016679  -0.059350  -0.143840  -0.001031   0.037013  -0.008709 
  0.096159   0.319243   0.335790   0.253075  -0.180596   0.025325   0.005713  -0.060350  -0.015328   0.007505   0.024523   0.007048 
  0.102806   0.277825   0.638947   0.197900  -0.265623   0.017762   0.006647  -0.041418   0.303157  -0.055175  -0.085027  -0.007563 
  0.119779   0.429164   0.791874   0.338332  -0.204374   0.020512   0.016973   0.151339   0.152927   0.140432   0.061249   0.002750 
  0.131243   0.295435   1.171116   0.164496  -0.137166   0.026643   0.011464  -0.133729   0.379242  -0.173836   0.067208   0.006131 
  0.121826   0.258126   1.222747   0.117055  -0.148339   0.012147  -0.009417  -0.037309   0.051631  -0.047441  -0.011173  -0.014496 
  0.112402   0.323433   1.123590   0.142781  -0.157793   0.002005  -0.009424   0.065307  -0.099157   0.025726  -0.009454  -0.010142 
  0.101321   0.333144   1.050469   0.206895  -0.205004  -0.000688  -0.011081   0.009711  -0.073121   0.064114  -0.047211  -0.002693 
  0.115628   0.342858   0.881899   0.370303  -0.180711   0.022002   0.014307   0.009714  -0.168570   0.163408   0.024293   0.022690 
  0.121600   0.280552   0.820308   0.355520  -0.189420   0.024408   0.005972  -0.062306  -0.061591  -0.014783  -0.008709   0.002406 
  0.121910   0.337952   0.866753   0.288599  -0.250956   0.027044   0.000310   0.057400   0.046445  -0.066921  -0.061536   0.002636 
  0.121961   0.407133   0.886307   0.294844  -0.239038   0.015642   0.000051   0.069181   0.019554   0.006245   0.011918  -0.011402 
  0.121834   0.402194   0.882026   0.299772  -0.212625   0.011459  -0.000127  -0.004939  -0.004281   0.004928   0.026413  -0.004183 
  0.121832   0.369954   0.895662   0.293641  -0.218412   0.011516  -0.000002  -0.032240   0.013636  -0.006131  -0.005787   0.000057 
  0.121749   0.283068   0.935544   0.244252  -0.253820   0.003037  -0.000083  -0.086886   0.039882  -0.049389  -0.035408  -0.008479 
  0.121669   0.290803   0.926465   0.215432  -0.255310   0.001547  -0.000080   0.007735  -0.009079  -0.028820  -0.001490  -0.001490 
  0.124217   0.363359   0.905523   0.212854  -0.249580   0.014439   0.002548   0.072556  -0.020942  -0.002578   0.005730   0.012892 
  0.121813   0.412777   0.921450   0.241559  -0.234741   0.031455  -0.002404   0.049418   0.015927   0.028705   0.014839   0.017016 
  0.121862   0.336090   0.920850   0.242304  -0.243450   0.032773   0.000049  -0.076687  -0.000600   0.000745  -0.008709   0.001318 
  0.121961   0.311935   0.932874   0.242533  -0.258977   0.035466   0.000099  -0.024155   0.012024   0.000229  -0.015527   0.002693 
  0.121845   0.318337   0.942061   0.240814  -0.267457   0.022976  -0.000116   0.006402   0.009187  -0.001719  -0.008480  -0.012490 
  0.128446   0.303620   0.953310   0.236173  -0.281838   0.032258   0.006601  -0.014717   0.011249  -0.004641  -0.014381   0.009282 
  0.139315   0.327429   0.967351   0.243278  -0.281953   0.037185   0.010869   0.023809   0.014041   0.007105  -0.000115   0.004927 
  0.139098   0.343278   0.967798   0.212453  -0.284130   0.039419  -0.000217   0.015849   0.000447  -0.030825  -0.002177   0.002234 
  0.145092   0.315344   1.030132  -0.006131  -0.206322   0.074599   0.005994  -0.027934   0.062334  -0.218584   0.077808   0.035180 
  0.114850   0.541459   0.667498   1.034704  -0.200191  -0.000917  -0.030242   0.226115  -0.362634   1.040835   0.006131  -0.075516 
  0.114449   0.399688   0.822431   0.685315  -0.220761  -0.025439  -0.000401  -0.141771   0.154933  -0.349389  -0.020570  -0.024522 
  0.114413   0.276704   0.897052   0.388637  -0.250956  -0.026700  -0.000036  -0.122984   0.074621  -0.296678  -0.030195  -0.001261 
  0.111586   0.392908   0.880760   0.445246  -0.265337  -0.026012  -0.002827   0.116204  -0.016292   0.056609  -0.014381   0.000688 
  0.114519   0.473380   0.866110   0.508443  -0.256399  -0.029335   0.002933   0.080472  -0.014650   0.063197   0.008938  -0.003323 
  0.114427   0.458578   0.788820   0.499390  -0.238465  -0.024064  -0.000092  -0.014802  -0.077290  -0.009053   0.017934   0.005271 
  0.108231   0.426395   0.769947   0.506323  -0.242017  -0.025840  -0.006196  -0.032183  -0.018873   0.006933  -0.003552  -0.001776 
  0.106038   0.417673   0.764470   0.530960  -0.246085  -0.018736  -0.002193  -0.008722  -0.005477   0.024637  -0.004068   0.007104 
  0.114150   0.360948   0.831744   0.504833  -0.304126  -0.017361   0.008112  -0.056725   0.067274  -0.026127  -0.058041   0.001375 
  0.117715   0.373501   0.820078   0.511021  -0.280119  -0.013522   0.003565   0.012553  -0.011666   0.006188   0.024007   0.003839 
  0.116813   0.427511   0.795193   0.520246  -0.280004  -0.016501  -0.000902   0.054010  -0.024885   0.009225   0.000115  -0.002979 
  0.117302   0.419009   0.776189   0.542648  -0.279260  -0.021658   0.000489  -0.008502  -0.019004   0.022402   0.000744  -0.005157 
  0.115578   0.403173   0.757553   0.534742  -0.275879  -0.006303  -0.001724  -0.015836  -0.018636  -0.007906   0.003381   0.015355 
  0.127532   0.321653   0.899767   0.485582  -0.315413  -0.006875   0.011954  -0.081520   0.142214  -0.049160  -0.039534  -0.000572 
  0.130241   0.324044   0.894971   0.482660  -0.298339  -0.017819   0.002709   0.002391  -0.004796  -0.002922   0.017074  -0.010944 
  0.129553   0.446727   0.829743   0.497270  -0.287052  -0.019079  -0.000688   0.122683  -0.065228   0.014610   0.011287  -0.001260 
  0.125832   0.401248   0.921505   0.486728  -0.274791  -0.001261  -0.003721  -0.045479   0.091762  -0.010542   0.012261   0.017818 
  0.193420   0.303044   1.125979   0.221104  -0.353859   0.075344   0.067588  -0.098204   0.204474  -0.265624  -0.079068   0.076605 
  0.203596   0.319361   0.963214   0.146333  -0.359989   0.064572   0.010176   0.016317  -0.162765  -0.074771  -0.006130  -0.010772 
  0.177178   0.290692   1.207362   0.166559  -0.403477   0.030825  -0.026418  -0.028669   0.244148   0.020226  -0.043488  -0.033747 
  0.169560   0.278646   1.266108   0.256800  -0.457220   0.014610  -0.007618  -0.012046   0.058746   0.090241  -0.053743  -0.016215 
  0.159191   0.460282   1.069302   0.333748  -0.411097   0.008709  -0.010369   0.181636  -0.196806   0.076948   0.046123  -0.005901 
  0.160089   0.448031   0.960893   0.345494  -0.363656   0.007105   0.000898  -0.012251  -0.108409   0.011746   0.047441  -0.001604 
  0.163395   0.411182   0.877598   0.366922  -0.329852   0.008308   0.003306  -0.036849  -0.083295   0.021428   0.033804   0.001203 
  0.163340   0.359420   0.944259   0.408175  -0.385429   0.008422  -0.000055  -0.051762   0.066661   0.041253  -0.055577   0.000114 
  0.163488   0.355206   0.931431   0.433672  -0.370646   0.014553   0.000148  -0.004214  -0.012828   0.025497   0.014783   0.006131 
  0.163509   0.425719   0.874991   0.427598  -0.343775   0.015011   0.000021   0.070513  -0.056440  -0.006074   0.026871   0.000458 
  0.161567   0.305535   1.040039   0.323320  -0.439516   0.000688  -0.001942  -0.120184   0.165048  -0.104278  -0.095741  -0.014323 
  0.163782   0.299035   1.103284   0.362740  -0.466674   0.003552   0.002215  -0.006500   0.063245   0.039420  -0.027158   0.002864 
  0.163710   0.446445   1.052311   0.438943  -0.434932   0.008594  -0.000072   0.147410  -0.050973   0.076203   0.031742   0.005042 
  0.163809   0.457661   1.034080   0.446334  -0.427312   0.015355   0.000099   0.011216  -0.018231   0.007391   0.007620   0.006761 
  0.163651   0.394102   1.010985   0.451777  -0.408290   0.006532  -0.000158  -0.063559  -0.023095   0.005443   0.019022  -0.008823 
  0.165598   0.320128   1.014573   0.401300  -0.435391   0.001146   0.001947  -0.073974   0.003588  -0.050477  -0.027101  -0.005386 
  0.163530   0.320659   1.030199   0.401128  -0.437568  -0.009855  -0.002068   0.000531   0.015626  -0.000172  -0.002177  -0.011001 
  0.167025   0.431675   0.987776   0.406055  -0.411498   0.005271   0.003495   0.111016  -0.042423   0.004927   0.026070   0.015126 
  0.179856   0.463476   1.039278   0.368355  -0.401013   0.025153   0.012831   0.031801   0.051502  -0.037700   0.010485   0.019882 
  0.149701   0.431538   0.926494   0.355692  -0.311517   0.000344  -0.030155  -0.031938  -0.112784  -0.012663   0.089496  -0.024809 
  0.154349   0.411787   0.672792   0.493603  -0.286708   0.000630   0.004648  -0.019751  -0.253702   0.137911   0.024809   0.000286 
  0.159268   0.336774   0.882661   0.466846  -0.344118   0.003667   0.004919  -0.075013   0.209869  -0.026757  -0.057410   0.003037 
  0.142045   0.396875   0.918359   0.365948  -0.304928   0.009339  -0.017223   0.060101   0.035698  -0.100898   0.039190   0.005672 
  0.128128   0.410776   0.875924   0.439802  -0.238293  -0.000286  -0.013917   0.013901  -0.042435   0.073854   0.066635  -0.009625 
  0.131163   0.322930   1.115740   0.306590  -0.339707   0.012089   0.003035  -0.087846   0.239816  -0.133212  -0.101414   0.012375 
  0.139781   0.275166   1.120701   0.319080  -0.368240   0.004756   0.008618  -0.047764   0.004961   0.012490  -0.028533  -0.007333 
  0.110556   0.544979   0.953098   0.781285  -0.236345   0.011631  -0.029225   0.269813  -0.167603   0.462205   0.131895   0.006875 
  0.123944   0.635071   0.554563   1.062665  -0.075229   0.048931   0.013388   0.090092  -0.398535   0.281380   0.161116   0.037300 
  0.119280   0.524359   0.558969   0.926874  -0.158652   0.010485  -0.004664  -0.110712   0.004406  -0.135791  -0.083423  -0.038446 
  0.115841   0.489950   0.561023   0.838065  -0.205692  -0.005844  -0.003439  -0.034409   0.002054  -0.088809  -0.047040  -0.016329 
  0.110793   0.458902   0.663377   0.658271  -0.264305  -0.020455  -0.005048  -0.031048   0.102354  -0.179794  -0.058613  -0.014611 
  0.132764   0.404988   0.655275   0.677866  -0.245226  -0.003094   0.021971  -0.053914  -0.008102   0.019595   0.019079   0.017361 
  0.114594   0.380402   0.690281   0.587568  -0.385371  -0.076547  -0.018170  -0.024586   0.035006  -0.090298  -0.140145  -0.073453 
  0.146851   0.321998   0.766532   0.341827  -0.344233  -0.023147   0.032257  -0.058404   0.076251  -0.245741   0.041138   0.053400 
  0.136033   0.235409   0.974676   0.318278  -0.426223  -0.020168  -0.010818  -0.086589   0.208144  -0.023549  -0.081990   0.002979 
  0.132709   0.412736   0.872264   0.445876  -0.393450  -0.036727  -0.003324   0.177327  -0.102412   0.127598   0.032773  -0.016559 
  0.129238   0.474083   0.717063   0.394424  -0.391903  -0.026643  -0.003471   0.061347  -0.155201  -0.051452   0.001547   0.010084 
  0.128960   0.424717   0.682191   0.377694  -0.392419  -0.018105  -0.000278  -0.049366  -0.034872  -0.016730  -0.000516   0.008538 
  0.124061   0.471533   0.286794   0.463007  -0.303840   0.008136  -0.004899   0.046816  -0.395397   0.085313   0.088579   0.026241 
  0.109914   0.442841   0.313674   0.306933  -0.342915  -0.011574  -0.014147  -0.028692   0.026880  -0.156074  -0.039075  -0.019710 
  0.118605   0.395016   0.357618   0.278629  -0.347785  -0.004756   0.008691  -0.047825   0.043944  -0.028304  -0.004870   0.006818 
  0.108144   0.355437   0.277646   0.372136  -0.335753  -0.028247  -0.010461  -0.039579  -0.079972   0.093507   0.012032  -0.023491 
  0.114054   0.403195   0.287085   0.348015  -0.324294  -0.028705   0.005910   0.047758   0.009439  -0.024121   0.011459  -0.000458 
  0.113128   0.298172   0.293876   0.278400  -0.284474  -0.029507  -0.000926  -0.105023   0.006791  -0.069615   0.039820  -0.000802 
  0.110603   0.349686   0.381820   0.332659  -0.337186  -0.039821  -0.002525   0.051514   0.087944   0.054259  -0.052712  -0.010314 
  0.111703   0.466539   0.433715   0.419978  -0.342571  -0.023090   0.001100   0.116853   0.051895   0.087319  -0.005385   0.016731 
  0.109462   0.445301   0.346877   0.373855  -0.344290  -0.027846  -0.002241  -0.021238  -0.086838  -0.046123  -0.001719  -0.004756 
  0.109486   0.450979   0.294016   0.374027  -0.332201  -0.024809   0.000024   0.005678  -0.052861   0.000172   0.012089   0.003037 
  0.112874   0.366847   0.418418   0.384569  -0.378324  -0.034779   0.003388  -0.084132   0.124402   0.010542  -0.046123  -0.009970 
  0.122681   0.316733   0.524600   0.375975  -0.411040  -0.035237   0.009807  -0.050114   0.106182  -0.008594  -0.032716  -0.000458 
  0.109218   0.423952   0.391293   0.348989  -0.374371  -0.030424  -0.013463   0.107219  -0.133307  -0.026986   0.036669   0.004813 
  0.111662   0.439599   0.335206   0.336097  -0.349390  -0.038274   0.002444   0.015647  -0.056087  -0.012892   0.024981  -0.007850 
  0.119244   0.354952   0.492995   0.341884  -0.413905  -0.036039   0.007582  -0.084647   0.157789   0.005787  -0.064515   0.002235 
  0.119451   0.362420   0.465275   0.388523  -0.408633  -0.029393   0.000207   0.007468  -0.027720   0.046639   0.005272   0.006646 
  0.115626   0.486270   0.461601   0.454527  -0.390528  -0.020340  -0.003825   0.123850  -0.003674   0.066004   0.018105   0.009053 
  0.115132   0.358582   0.490623   0.454585  -0.403362  -0.031914  -0.000494  -0.127688   0.029022   0.000058  -0.012834  -0.011574 
  0.116617   0.374283   0.482008   0.444501  -0.428458  -0.035638   0.001485   0.015701  -0.008615  -0.010084  -0.025096  -0.003724 
  0.112474   0.497680   0.467106   0.476071  -0.420838  -0.032086  -0.004143   0.123397  -0.014902   0.031570   0.007620   0.003552 
  0.111148   0.451497   0.473348   0.462090  -0.410009  -0.039018  -0.001326  -0.046183   0.006242  -0.013981   0.010829  -0.006932 
  0.108923   0.415311   0.499251   0.467476  -0.417056  -0.030309  -0.002225  -0.036186   0.025903   0.005386  -0.007047   0.008709 
  0.108833   0.376947   0.516748   0.415452  -0.425249  -0.039305  -0.000090  -0.038364   0.017497  -0.052024  -0.008193  -0.008996 
  0.110348   0.398968   0.569636   0.220130  -0.422786  -0.004011   0.001515   0.022021   0.052888  -0.195322   0.002463   0.035294 
  0.149153   0.376799   0.583436   0.095741  -0.458825   0.070073   0.038805  -0.022169   0.013800  -0.124389  -0.036039   0.074084 
  0.131256   0.272608   0.657373   0.239668  -0.423874  -0.005271  -0.017897  -0.104191   0.073937   0.143927   0.034951  -0.075344 
  0.121135   0.302733   0.578468   0.252904  -0.453725  -0.013235  -0.010121   0.030125  -0.078905   0.013236  -0.029851  -0.007964 
  0.121027   0.453758   0.523004   0.219844  -0.445761  -0.023892  -0.000108   0.151025  -0.055464  -0.033060   0.007964  -0.010657 
  0.114380   0.427019   0.463715   0.205176  -0.411957  -0.015986  -0.006647  -0.026739  -0.059289  -0.014668   0.033804   0.007906 
  0.112238   0.327003   0.480011   0.231647  -0.426682  -0.022288  -0.002142  -0.100016   0.016296   0.026471  -0.014725  -0.006302 
  0.117886   0.343350   0.509913   0.281551  -0.403190  -0.022288   0.005648   0.016347   0.029902   0.049904   0.023492   0.000000 
  0.117216   0.441560   0.380095   0.277140  -0.323435  -0.028190  -0.000670   0.098210  -0.129818  -0.004411   0.079755  -0.005902 
  0.111054   0.425968   0.281336   0.184722  -0.261842  -0.023090  -0.006162  -0.015592  -0.098759  -0.092418   0.061593   0.005100 
  0.108397   0.399701   0.313206   0.215890  -0.275249  -0.015126  -0.002657  -0.026267   0.031870   0.031168  -0.013407   0.007964 
  0.108905   0.359902   0.364913   0.255883  -0.316502  -0.015470   0.000508  -0.039799   0.051707   0.039993  -0.041253  -0.000344 
  0.109684   0.324803   0.391905   0.251357  -0.308595  -0.018163   0.000779  -0.035099   0.026992  -0.004526   0.007907  -0.002693 
  0.111755   0.382914   0.376078   0.243851  -0.303381  -0.011001   0.002071   0.058111  -0.015827  -0.007506   0.005214   0.007162 
  0.113404   0.417566   0.389273   0.248950  -0.328706  -0.009282   0.001649   0.034652   0.013195   0.005099  -0.025325   0.001719 
  0.109743   0.396756   0.375531   0.267800  -0.321315  -0.003380  -0.003661  -0.020810  -0.013742   0.018850   0.007391   0.005902 
  0.112326   0.374900   0.385311   0.258232  -0.320398  -0.006417   0.002583  -0.021856   0.009780  -0.009568   0.000917  -0.003037 
  0.109930   0.315170   0.438757   0.260982  -0.374944  -0.012204  -0.002396  -0.059730   0.053446   0.002750  -0.054546  -0.005787 
  0.111202   0.374573   0.436294   0.251643  -0.376032  -0.005443   0.001272   0.059403  -0.002463  -0.009339  -0.001088   0.006761 
  0.107591   0.424655   0.446461   0.260008  -0.361479  -0.008422  -0.003611   0.050082   0.010167   0.008365   0.014553  -0.002979 
  0.112640   0.381220   0.489493   0.316616  -0.374256  -0.008594   0.005049  -0.043435   0.043032   0.056608  -0.012777  -0.000172 
  0.124454   0.299539   0.664572   0.282182  -0.434990  -0.014553   0.011814  -0.081681   0.175079  -0.034434  -0.060734  -0.005959 
  0.121723   0.332652   0.674134   0.277483  -0.428916  -0.026127  -0.002731   0.033113   0.009562  -0.004699   0.006074  -0.011574 
  0.132596   0.426913   0.703090  -0.104049  -0.413561   0.033575   0.010873   0.094261   0.028956  -0.381532   0.015355   0.059702 
  0.134632   0.344331   0.775610   0.033976  -0.417056   0.019939   0.002036  -0.082582   0.072520   0.138025  -0.003495  -0.013636 
  0.143845   0.431517   0.684480   0.181398  -0.403190   0.008251   0.009213   0.087186  -0.091130   0.147422   0.013866  -0.011688 
  0.187682   0.500591   0.449905   0.262873  -0.471430   0.055462   0.043837   0.069074  -0.234575   0.081475  -0.068240   0.047211 
  0.146453   0.386028   0.498261   0.314783  -0.395627   0.010657  -0.041229  -0.114563   0.048356   0.051910   0.075803  -0.044805 
  0.140083   0.394136   0.560001   0.193144  -0.390070   0.004183  -0.006370   0.008108   0.061740  -0.121639   0.005557  -0.006474 
  0.140017   0.316585   0.697764   0.179393  -0.445933  -0.001432  -0.000066  -0.077551   0.137763  -0.013751  -0.055863  -0.005615 
  0.133209   0.358826   0.612485   0.242304  -0.428974  -0.007792  -0.006808   0.042241  -0.085279   0.062911   0.016959  -0.006360 
  0.129773   0.480650   0.467199   0.265795  -0.372423  -0.003151  -0.003436   0.121824  -0.145286   0.023491   0.056551   0.004641 
  0.124348   0.446240   0.415058   0.256456  -0.337415  -0.005787  -0.005425  -0.034410  -0.052141  -0.009339   0.035008  -0.002636 
  0.124191   0.385654   0.482992   0.181628  -0.364229  -0.000745  -0.000157  -0.060586   0.067934  -0.074828  -0.026814   0.005042 
  0.130465   0.316431   0.542126   0.160084  -0.399753   0.005157   0.006274  -0.069223   0.059134  -0.021544  -0.035524   0.005902 
  0.124181   0.434390   0.496191   0.213599  -0.381132  -0.004641  -0.006284   0.117959  -0.045935   0.053515   0.018621  -0.009798 
  0.124347   0.464798   0.431402   0.248148  -0.346296   0.000000   0.000166   0.030408  -0.064789   0.034549   0.034836   0.004641 
  0.124382   0.436729   0.395579   0.247289  -0.347041   0.002005   0.000035  -0.028069  -0.035823  -0.000859  -0.000745   0.002005 
  0.124396   0.387665   0.389550   0.200707  -0.332831   0.000057   0.000014  -0.049064  -0.006029  -0.046582   0.014210  -0.001948 
  0.124077   0.320572   0.495822   0.199389  -0.390757  -0.004927  -0.000319  -0.067093   0.106272  -0.001318  -0.057926  -0.004984 
  0.124238   0.435780   0.444504   0.238236  -0.370016  -0.000688   0.000161   0.115208  -0.051318   0.038847   0.020741   0.004239 
  0.124273   0.424708   0.404962   0.244195  -0.350650  -0.002750   0.000035  -0.011072  -0.039542   0.005959   0.019366  -0.002062 
  0.115938   0.429905   0.383116   0.200650  -0.351510  -0.008193  -0.008335   0.005197  -0.021846  -0.043545  -0.000860  -0.005443 
  0.113493   0.382274   0.352910   0.247002  -0.314038  -0.011688  -0.002445  -0.047631  -0.030206   0.046352   0.037472  -0.003495 
  0.116168   0.390987   0.334355   0.255826  -0.310486  -0.005443   0.002675   0.008713  -0.018555   0.008824   0.003552   0.006245 
  0.124390   0.417654   0.323996   0.146104  -0.273129   0.005443   0.008222   0.026667  -0.010359  -0.109722   0.037357   0.010886 
  0.127274   0.362854   0.372259   0.044462  -0.294615   0.025038   0.002884  -0.054800   0.048263  -0.101642  -0.021486   0.019595 
  0.130003   0.268884   0.382145   0.044748  -0.307392   0.022345   0.002729  -0.093970   0.009886   0.000286  -0.012777  -0.002693 
  0.129055   0.356547   0.347987   0.032429  -0.312663   0.027674  -0.000948   0.087663  -0.034158  -0.012319  -0.005271   0.005329 
  0.127860   0.405664   0.368628   0.090241  -0.321372   0.016043  -0.001195   0.049117   0.020641   0.057812  -0.008709  -0.011631 
  0.122403   0.435450   0.290831   0.042743  -0.278572   0.048243  -0.005457   0.029786  -0.077797  -0.047498   0.042800   0.032200 
  0.139908   0.427696   0.420278   0.166903  -0.293927   0.040508   0.017505  -0.007754   0.129447   0.124160  -0.015355  -0.007735 
  0.134011   0.379515   0.411707   0.199332  -0.284531   0.040164  -0.005897  -0.048181  -0.008571   0.032429   0.009396  -0.000344 
  0.138913   0.306482   0.459926   0.164840  -0.329393   0.031742   0.004902  -0.073033   0.048219  -0.034492  -0.044862  -0.008422 
  0.131834   0.370973   0.418548   0.162376  -0.315184   0.016329  -0.007079   0.064491  -0.041378  -0.002464   0.014209  -0.015413 
  0.135579   0.459934   0.389103   0.239439  -0.298339   0.008938   0.003745   0.088961  -0.029445   0.077063   0.016845  -0.007391 
  0.135016   0.406590   0.381342   0.119175  -0.222766   0.046925  -0.000563  -0.053344  -0.007761  -0.120264   0.075573   0.037987 
  0.123653   0.431334   0.371607   0.108919  -0.201910   0.101986  -0.011363   0.024744  -0.009735  -0.010256   0.020856   0.055061 
  0.122810   0.371987   0.362117   0.131723  -0.232735   0.051165  -0.000843  -0.059347  -0.009490   0.022804  -0.030825  -0.050821 
  0.130902   0.252789   0.452355   0.113503  -0.268603   0.039133   0.008092  -0.119198   0.090238  -0.018220  -0.035868  -0.012032 
  0.143891   0.376682   0.550303   0.163006  -0.374657   0.036956   0.012989   0.123893   0.097948   0.049503  -0.106054  -0.002177 
  0.160679   0.525238   0.397839   0.386002  -0.414993   0.046238   0.016788   0.148556  -0.152464   0.222996  -0.040336   0.009282 
  0.154760   0.634649   0.147737   0.968700  -0.493546  -0.032028  -0.005919   0.109411  -0.250102   0.582698  -0.078553  -0.078266 
  0.143831   0.505071   0.234265   0.913066  -0.444386  -0.006188  -0.010929  -0.129578   0.086528  -0.055634   0.049160   0.025840 
  0.156729   0.599447   0.225477   1.019177  -0.470742   0.020569   0.012898   0.094376  -0.008788   0.106111  -0.026356   0.026757 
  0.137887   0.547532   0.208963   0.837321  -0.401013   0.006073  -0.018842  -0.051915  -0.016514  -0.181856   0.069729  -0.014496 
  0.132351   0.503415   0.233446   0.685773  -0.377407  -0.024981  -0.005536  -0.044117   0.024483  -0.151548   0.023606  -0.031054 
  0.131873   0.464082   0.269468   0.641598  -0.357583  -0.023892  -0.000478  -0.039333   0.036022  -0.044175   0.019824   0.001089 
  0.130583   0.387222   0.379763   0.638390  -0.352885  -0.041711  -0.001290  -0.076860   0.110295  -0.003208   0.004698  -0.017819 
  0.128348   0.475828   0.382849   0.570838  -0.322289  -0.031627  -0.002235   0.088606   0.003086  -0.067552   0.030596   0.010084 
  0.128027   0.481341   0.388539   0.535601  -0.328649  -0.024752  -0.000321   0.005513   0.005690  -0.035237  -0.006360   0.006875 
  0.128275   0.471064   0.384396   0.536231  -0.329336  -0.030138   0.000248  -0.010277  -0.004143   0.000630  -0.000687  -0.005386 
  0.124782   0.477699   0.381957   0.529298  -0.330769  -0.020455  -0.003493   0.006635  -0.002439  -0.006933  -0.001433   0.009683 
  0.137715   0.482283   0.489202   0.424791  -0.331284   0.002177   0.012933   0.004584   0.107245  -0.104507  -0.000515   0.022632 
  0.137190   0.564214   0.383217   1.008578  -0.333118  -0.030882  -0.000525   0.081931  -0.105985   0.583787  -0.001834  -0.033059 
  0.155227   0.557541   0.305577   0.883329  -0.279030  -0.022173   0.018037  -0.006673  -0.077640  -0.125249   0.054088   0.008709 
  0.147149   0.450527   0.275408   0.531819  -0.186383  -0.006818  -0.008078  -0.107014  -0.030169  -0.351510   0.092647   0.015355 
  0.115866   0.376230   0.290551   0.405425  -0.197327  -0.015241  -0.031283  -0.074297   0.015143  -0.126394  -0.010944  -0.008423 
  0.118024   0.341731   0.349730   0.413446  -0.258920  -0.027044   0.002158  -0.034499   0.059179   0.008021  -0.061593  -0.011803 
  0.121439   0.457147   0.359034   0.406571  -0.262300  -0.027158   0.003415   0.115416   0.009304  -0.006875  -0.003380  -0.000114 
  0.120783   0.478338   0.377886   0.431781  -0.281666  -0.017819  -0.000656   0.021191   0.018852   0.025210  -0.019366   0.009339 
  0.120766   0.302489   0.435630   0.362052  -0.330196  -0.021486  -0.000017  -0.175849   0.057744  -0.069729  -0.048530  -0.003667 
  0.120827   0.404711   0.445969   0.357182  -0.332831  -0.016501   0.000061   0.102222   0.010339  -0.004870  -0.002635   0.004985 
  0.123379   0.493807   0.455867   0.280864  -0.344233  -0.009568   0.002552   0.089096   0.009898  -0.076318  -0.011402   0.006933 
  0.123115   0.396235   0.505441   0.281150  -0.351968  -0.006417  -0.000264  -0.097572   0.049574   0.000286  -0.007735   0.003151 
  0.123006   0.368431   0.546020   0.355921  -0.342629  -0.016157  -0.000109  -0.027804   0.040579   0.074771   0.009339  -0.009740 
  0.101770   0.424617   0.673857   0.416655  -0.317419  -0.031169  -0.021236   0.056186   0.127837   0.060734   0.025210  -0.015012 
  0.129084   0.415973   0.509356   0.286021  -0.225058   0.000286   0.027314  -0.008644  -0.164501  -0.130634   0.092361   0.031455 
  0.136804   0.436325   0.275399   0.231188  -0.130921   0.009053   0.007720   0.020352  -0.233957  -0.054833   0.094137   0.008767 
  0.124058   0.357369   0.354790   0.257946  -0.144156   0.004813  -0.012746  -0.078956   0.079391   0.026758  -0.013235  -0.004240 
  0.118142   0.401138   0.380927   0.321888  -0.166960  -0.013006  -0.005916   0.043769   0.026137   0.063942  -0.022804  -0.017819 
  0.120570   0.363618   0.468845   0.287854  -0.220073  -0.011803   0.002428  -0.037520   0.087918  -0.034034  -0.053113   0.001203 
  0.120899   0.308551   0.537211   0.327617  -0.274275  -0.013579   0.000329  -0.055067   0.068366   0.039763  -0.054202  -0.001776 
  0.119251   0.445992   0.537260   0.368297  -0.274791  -0.016157  -0.001648   0.137441   0.000049   0.040680  -0.000516  -0.002578 
  0.118218   0.447695   0.531777   0.396487  -0.249409   0.003953  -0.001033   0.001703  -0.005483   0.028190   0.025382   0.020110 
  0.120356   0.438658   0.556722   0.421754  -0.271353  -0.009454   0.002138  -0.009037   0.024945   0.025267  -0.021944  -0.013407 
  0.121443   0.339216   0.665246   0.372365  -0.289974  -0.016043   0.001087  -0.099442   0.108524  -0.049389  -0.018621  -0.006589 
  0.117135   0.367642   0.670820   0.400096  -0.292552  -0.013980  -0.004308   0.028426   0.005574   0.027731  -0.002578   0.002063 
  0.124120   0.461561   0.652510   0.406399  -0.278572  -0.015011   0.006985   0.093919  -0.018310   0.006303   0.013980  -0.001031 
  0.130444   0.456637   0.630364   0.417686  -0.291177  -0.014553   0.006324  -0.004924  -0.022146   0.011287  -0.012605   0.000458 
  0.117523   0.464049   0.641245   0.407488  -0.280577  -0.012089  -0.012921   0.007412   0.010881  -0.010198   0.010600   0.002464 
  0.135373   0.406689   0.646255   0.290776  -0.311059  -0.015413   0.017850  -0.057360   0.005010  -0.116712  -0.030482  -0.003324 
  0.157744   0.467076   0.610223   0.340394  -0.339936   0.011402   0.022371   0.060387  -0.036032   0.049618  -0.028877   0.026815 
  0.142023   0.442375   0.663780   0.285448  -0.239840   0.018105  -0.015721  -0.024701   0.053557  -0.054946   0.100096   0.006703 
  0.131187   0.347580   0.689106   0.275822  -0.262758   0.006933  -0.010836  -0.094795   0.025326  -0.009626  -0.022918  -0.011172 
  0.128204   0.314744   0.685133   0.232564  -0.292896   0.004354  -0.002983  -0.032836  -0.003973  -0.043258  -0.030138  -0.002579 
  0.128296   0.460480   0.646266   0.268488  -0.296219  -0.001719   0.000092   0.145736  -0.038867   0.035924  -0.003323  -0.006073 
  0.131807   0.490625   0.620481   0.263904  -0.310199   0.007277   0.003511   0.030145  -0.025785  -0.004584  -0.013980   0.008996 
  0.128187   0.449467   0.610138   0.284531  -0.315929   0.002750  -0.003620  -0.041158  -0.010343   0.020627  -0.005730  -0.004527 
  0.128018   0.383167   0.669652   0.295360  -0.319997  -0.003037  -0.000169  -0.066300   0.059514   0.010829  -0.004068  -0.005787 
  0.128044   0.380878   0.683150   0.303438  -0.327044  -0.014439   0.000026  -0.002289   0.013498   0.008078  -0.007047  -0.011402 
  0.130696   0.453689   0.635678   0.290089  -0.323148  -0.003896   0.002652   0.072811  -0.047472  -0.013349   0.003896   0.010543 
  0.127897   0.437642   0.594338   0.321200  -0.311976  -0.012261  -0.002799  -0.016047  -0.041340   0.031111   0.011172  -0.008365 
  0.130436   0.412658   0.597255   0.353916  -0.296276  -0.001776   0.002539  -0.024984   0.002917   0.032716   0.015700   0.010485 
  0.128262   0.334401   0.664035   0.330711  -0.319768  -0.005959  -0.002174  -0.078257   0.066780  -0.023205  -0.023492  -0.004183 
  0.129129   0.381134   0.636836   0.311574  -0.324409  -0.001547   0.000867   0.046733  -0.027199  -0.019137  -0.004641   0.004412 
  0.127338   0.467497   0.646225   0.356036  -0.296792  -0.004641  -0.001791   0.086363   0.009389   0.044462   0.027617  -0.003094 
  0.138009   0.491046   0.614925   0.167647  -0.254565   0.072995   0.010671   0.023549  -0.031300  -0.188389   0.042227   0.077636 
  0.113882   0.395357   0.187531  -0.024523  -0.090126   0.173778  -0.024127  -0.095689  -0.427394  -0.192170   0.164439   0.100783 
  0.098669   0.290053   0.257719  -0.062739  -0.131207   0.105940  -0.015213  -0.105304   0.070188  -0.038216  -0.041081  -0.067838 
  0.098346   0.269097   0.243080   0.004011  -0.141177   0.083996  -0.000323  -0.020956  -0.014639   0.066750  -0.009970  -0.021944 
  0.097886   0.389977   0.256805   0.020054  -0.183862   0.061192  -0.000460   0.120880   0.013725   0.016043  -0.042685  -0.022804 
  0.102630   0.381560   0.279978   0.023147  -0.198931   0.049905   0.004744  -0.008417   0.023173   0.003093  -0.015069  -0.011287 
  0.108421   0.400289   0.330379   0.020054  -0.203515   0.046811   0.005791   0.018729   0.050401  -0.003093  -0.004584  -0.003094 
  0.103882   0.304661   0.377517   0.051222  -0.209473   0.051452  -0.004539  -0.095628   0.047138   0.031168  -0.005958   0.004641 
  0.110454   0.339814   0.363490   0.096142  -0.213942   0.033346   0.006572   0.035153  -0.014027   0.044920  -0.004469  -0.018106 
  0.128396   0.431668   0.284691   0.328935  -0.230329   0.029794   0.017942   0.091854  -0.078799   0.232793  -0.016387  -0.003552 
  0.092621   0.624470   0.013838   1.314365  -0.247747  -0.071047  -0.035775   0.192802  -0.270853   0.985430  -0.017418  -0.100841 
  0.097629   0.489782   0.111342   0.927504  -0.228266  -0.080443   0.005008  -0.134688   0.097504  -0.386861   0.019481  -0.009396 
  0.098153   0.451060   0.207920   0.692821  -0.215776  -0.047957   0.000524  -0.038722   0.096578  -0.234683   0.012490   0.032486 
  0.098278   0.460129   0.229648   0.699868  -0.222709  -0.042112   0.000125   0.009069   0.021728   0.007047  -0.006933   0.005845 
  0.098098   0.379355   0.266015   0.656094  -0.220875  -0.044748  -0.000180  -0.080774   0.036367  -0.043774   0.001834  -0.002636 
  0.098042   0.395422   0.248891   0.684856  -0.225230  -0.043258  -0.000056   0.016067  -0.017124   0.028762  -0.004355   0.001490 
  0.098302   0.534462   0.255576   0.761862  -0.231131  -0.015871   0.000260   0.139040   0.006685   0.077006  -0.005901   0.027387 
  0.100573   0.467501   0.298818   0.694597  -0.234168  -0.037300   0.002271  -0.066961   0.043242  -0.067265  -0.003037  -0.021429 
  0.097876   0.457500   0.273472   0.662740  -0.249981  -0.041425  -0.002697  -0.010001  -0.025346  -0.031857  -0.015813  -0.004125 
  0.097846   0.395322   0.262197   0.580292  -0.255310  -0.035122  -0.000030  -0.062178  -0.011275  -0.082448  -0.005329   0.006303 
  0.097791   0.331463   0.254854   0.541789  -0.253305  -0.036326  -0.000055  -0.063859  -0.007343  -0.038503   0.002005  -0.001204 
  0.104782   0.504571   0.258605   0.553821  -0.275249  -0.032028   0.006991   0.173108   0.003751   0.012032  -0.021944   0.004298 
  0.097829   0.490969   0.291862   0.570723  -0.268488  -0.045149  -0.006953  -0.013602   0.033257   0.016902   0.006761  -0.013121 
  0.097610   0.428060   0.302766   0.587912  -0.278859  -0.041081  -0.000219  -0.062909   0.010904   0.017189  -0.010371   0.004068 
  0.097670   0.360240   0.362883   0.587683  -0.282927  -0.032945   0.000060  -0.067820   0.060117  -0.000229  -0.004068   0.008136 
  0.097703   0.413937   0.328866   0.597480  -0.282067  -0.028934   0.000033   0.053697  -0.034017   0.009797   0.000860   0.004011 
  0.101337   0.474540   0.298102   0.606934  -0.287568  -0.023262   0.003634   0.060603  -0.030764   0.009454  -0.005501   0.005672 
  0.097540   0.447631   0.289281   0.627045  -0.291005  -0.022575  -0.003797  -0.026909  -0.008821   0.020111  -0.003437   0.000687 
  0.097667   0.417542   0.308917   0.644176  -0.284187  -0.029335   0.000127  -0.030089   0.019636   0.017131   0.006818  -0.006760 
  0.097403   0.327809   0.387555   0.627160  -0.311918  -0.033805  -0.000264  -0.089733   0.078638  -0.017016  -0.027731  -0.004470 
  0.104046   0.422014   0.385366   0.634436  -0.302865  -0.034206   0.006643   0.094205  -0.002189   0.007276   0.009053  -0.000401 
  0.109379   0.469613   0.374251   0.647614  -0.273587  -0.040050   0.005333   0.047599  -0.011115   0.013178   0.029278  -0.005844 
  0.107627   0.457207   0.357729   0.659245  -0.281953  -0.022804  -0.001752  -0.012406  -0.016522   0.011631  -0.008366   0.017246 
  0.107110   0.427863   0.372776   0.657870  -0.286880  -0.018564  -0.000517  -0.029344   0.015047  -0.001375  -0.004927   0.004240 
  0.109718   0.351563   0.433758   0.611632  -0.295417  -0.029794   0.002608  -0.076300   0.060982  -0.046238  -0.008537  -0.011230 
  0.112904   0.411920   0.385597   0.624008  -0.292323  -0.025439   0.003186   0.060357  -0.048161   0.012376   0.003094   0.004355 
  0.110609   0.478140   0.366456   0.637358  -0.281322  -0.021028  -0.002295   0.066220  -0.019141   0.013350   0.011001   0.004411 
  0.109418   0.458948   0.343027   0.641942  -0.306704  -0.019423  -0.001191  -0.019192  -0.023429   0.004584  -0.025382   0.001605 
  0.107913   0.412332   0.386638   0.632775  -0.299199  -0.028820  -0.001505  -0.046616   0.043611  -0.009167   0.007505  -0.009397 
  0.109833   0.338921   0.416704   0.602121  -0.303840  -0.029106   0.001920  -0.073411   0.030066  -0.030654  -0.004641  -0.000286 
  0.111717   0.449957   0.359346   0.612377  -0.292896  -0.023147   0.001884   0.111036  -0.057358   0.010256   0.010944   0.005959 
  0.108864   0.474630   0.321162   0.592209  -0.293526  -0.011058  -0.002853   0.024673  -0.038184  -0.020168  -0.000630   0.012089 
  0.105853   0.440329   0.307828   0.592381  -0.298053  -0.018048  -0.003011  -0.034301  -0.013334   0.000172  -0.004527  -0.006990 
  0.104322   0.384328   0.343554   0.589459  -0.322518  -0.027617  -0.001531  -0.056001   0.035726  -0.002922  -0.024465  -0.009569 
  0.103292   0.411457   0.277340   0.547633  -0.355749  -0.033346  -0.001030   0.027129  -0.066214  -0.041826  -0.033231  -0.005729 
  0.067308   0.406325   0.235217   0.552560  -0.306647  -0.077063  -0.035984  -0.005132  -0.042123   0.004927   0.049102  -0.043717 
  0.072994   0.407127   0.216880   0.520188  -0.326643  -0.064802   0.005686   0.000802  -0.018337  -0.032372  -0.019996   0.012261 
  0.090602   0.273781   0.467717   0.467534  -0.265967  -0.045837   0.017608  -0.133346   0.250837  -0.052654   0.060676   0.018965 
  0.117020   0.364757   0.381453   0.330081  -0.220474   0.000000   0.026418   0.090976  -0.086264  -0.137453   0.045493   0.045837 
  0.116300   0.444864   0.281666   0.520016  -0.222651   0.013522  -0.000720   0.080107  -0.099787   0.189935  -0.002177   0.013522 
  0.118147   0.332154   0.437420   0.412300  -0.199905  -0.008594   0.001847  -0.112710   0.155754  -0.107716   0.022746  -0.022116 
  0.123716   0.395929   0.477258   0.405941  -0.230386   0.013751   0.005569   0.063775   0.039838  -0.006359  -0.030481   0.022345 
  0.122982   0.310871   0.513924   0.423301  -0.238293   0.015642  -0.000734  -0.085058   0.036666   0.017360  -0.007907   0.001891 
  0.119166   0.323304   0.496378   0.418488  -0.249466   0.001833  -0.003816   0.012433  -0.017546  -0.004813  -0.011173  -0.013809 
  0.124531   0.432523   0.489869   0.459569  -0.247231   0.014954   0.005365   0.109219  -0.006509   0.041081   0.002235   0.013121 
  0.127800   0.445010   0.460258   0.491139  -0.258404   0.016845   0.003269   0.012487  -0.029611   0.031570  -0.011173   0.001891 
  0.123894   0.384772   0.457605   0.453095  -0.253419   0.018449  -0.003906  -0.060238  -0.002653  -0.038044   0.004985   0.001604 
  0.126964   0.295777   0.505132   0.451663  -0.254737   0.000917   0.003070  -0.088995   0.047527  -0.001432  -0.001318  -0.017532 
  0.123896   0.365388   0.496064   0.454241  -0.237147   0.013178  -0.003068   0.069611  -0.009068   0.002578   0.017590   0.012261 
  0.126254   0.468532   0.462738   0.497557  -0.240986   0.002292   0.002358   0.103144  -0.033326   0.043316  -0.003839  -0.010886 
  0.123703   0.433821   0.453700   0.515433  -0.262185  -0.009454  -0.002551  -0.034711  -0.009038   0.017876  -0.021199  -0.011746 
  0.119126   0.404521   0.447753   0.517610  -0.252904  -0.001662  -0.004577  -0.029300  -0.005947   0.002177   0.009281   0.007792 
  0.121242   0.377525   0.492873   0.527694  -0.267972  -0.012777   0.002116  -0.026996   0.045120   0.010084  -0.015068  -0.011115 
  0.117428   0.327556   0.523732   0.511308  -0.266483   0.007391  -0.003814  -0.049969   0.030859  -0.016386   0.001489   0.020168 
  0.115238   0.433749   0.474467   0.471143  -0.240700  -0.004927  -0.002190   0.106193  -0.049265  -0.040165   0.025783  -0.012318 
  0.096240   0.459302   0.243850   0.546946  -0.180997  -0.023262  -0.018998   0.025553  -0.230617   0.075803   0.059703  -0.018335 
  0.111644   0.448591   0.117303   0.625441  -0.189248  -0.009110   0.015404  -0.010711  -0.126547   0.078495  -0.008251   0.014152 
  0.105545   0.354811   0.492049   0.486097  -0.253992  -0.016157  -0.006099  -0.093780   0.374746  -0.139344  -0.064744  -0.007047 
  0.105788   0.397234   0.433276   0.503974  -0.257487  -0.023720   0.000243   0.042423  -0.058773   0.017877  -0.003495  -0.007563 
  0.103759   0.481053   0.176820   0.750575  -0.250153  -0.094882  -0.002029   0.083819  -0.256456   0.246601   0.007334  -0.071162 
  0.096998   0.723868  -0.176029   1.421394  -0.283328  -0.156131  -0.006761   0.242815  -0.352849   0.670819  -0.033175  -0.061249 
  0.108331   0.499468   0.036804   0.949792  -0.278056  -0.077922   0.011333  -0.224400   0.212833  -0.471602   0.005272   0.078209 
  0.114606   0.514650   0.121558   0.831820  -0.254966  -0.067265   0.006275   0.015182   0.084754  -0.117972   0.023090   0.010657 
  0.114988   0.451134   0.240601   0.739803  -0.244538  -0.060676   0.000382  -0.063516   0.119043  -0.092017   0.010428   0.006589 
  0.139812   0.341360   0.360973   0.662683  -0.285218  -0.016444   0.024824  -0.109774   0.120372  -0.077120  -0.040680   0.044232 
  0.131215   0.392625   0.403637   0.646239  -0.311918  -0.032143  -0.008597   0.051265   0.042664  -0.016444  -0.026700  -0.015699 
  0.133532   0.499740   0.398076   0.664459  -0.316846  -0.044003   0.002317   0.107115  -0.005561   0.018220  -0.004928  -0.011860 
  0.131185   0.456205   0.444358   0.688351  -0.328992  -0.040565  -0.002347  -0.043535   0.046282   0.023892  -0.012146   0.003438 
  0.138893   0.346501   0.765396   0.862760  -0.357067  -0.054546   0.007708  -0.109704   0.321038   0.174409  -0.028075  -0.013981 
  0.176744   0.323755   1.266193   0.928306  -0.506208  -0.036268   0.037851  -0.022746   0.500797   0.065546  -0.149141   0.018278 
  0.188286   0.494879   1.249172   0.962741  -0.517553  -0.041769   0.011542   0.171124  -0.017021   0.034435  -0.011345  -0.005501 
  0.178295   0.677876   1.083482   0.952772  -0.487816  -0.046868  -0.009991   0.182997  -0.165690  -0.009969   0.029737  -0.005099 
  0.181670   0.628835   0.942452   0.927275  -0.481514  -0.022460   0.003375  -0.049041  -0.141030  -0.025497   0.006302   0.024408 
  0.161415   0.551241   0.610068   0.820476  -0.407889  -0.028247  -0.020255  -0.077594  -0.332384  -0.106799   0.073625  -0.005787 
  0.139194   0.545299   0.403867   0.814631  -0.389382  -0.024007  -0.022221  -0.005942  -0.206201  -0.005845   0.018507   0.004240 
  0.142331   0.455354   0.472341   0.833539  -0.406685  -0.026241   0.003137  -0.089945   0.068474   0.018908  -0.017303  -0.002234 
  0.151071   0.386886   0.578496   0.810678  -0.405654  -0.026814   0.008740  -0.068468   0.106155  -0.022861   0.001031  -0.000573 
  0.158823   0.479749   0.574995   0.835430  -0.397117  -0.023549   0.007752   0.092863  -0.003501   0.024752   0.008537   0.003265 
  0.158041   0.586393   0.570398   0.865052  -0.393507  -0.032315  -0.000782   0.106644  -0.004597   0.029622   0.003610  -0.008766 
  0.159857   0.530156   0.589195   0.903325  -0.387892  -0.033289   0.001816  -0.056237   0.018797   0.038273   0.005615  -0.000974 
  0.158425   0.507074   0.676226   0.844540  -0.378782  -0.022002  -0.001432  -0.023082   0.087031  -0.058785   0.009110   0.011287 
  0.174940   1.060020   0.434163   2.069581  -0.361479  -0.111612   0.016515   0.552946  -0.242063   1.225041   0.017303  -0.089610 
  0.165473   0.920948   0.591359   1.730275  -0.295474  -0.076834  -0.009467  -0.139072   0.157196  -0.339306   0.066005   0.034778 
