  0.000000   0.000000   0.000000   0.000000   0.000000   0.000000   0.000000   0.000000   0.000000   0.000000   0.000000   0.000000 
  0.014309   0.023916  -0.003637  -0.017303  -0.026643  -0.016215   0.014309   0.023916  -0.003637  -0.017303  -0.026643  -0.016215 
  0.017567   0.120438  -0.050853  -0.076089  -0.037300   0.006761   0.003258   0.096522  -0.047216  -0.058786  -0.010657   0.022976 
  0.027821   0.151029  -0.023499  -0.053629  -0.026643   0.026070   0.010254   0.030591   0.027354   0.022460   0.010657   0.019309 
  0.027571   0.126313  -0.001160  -0.029106  -0.035638   0.006704  -0.000250  -0.024716   0.022339   0.024523  -0.008995  -0.019366 
  0.027697   0.204957   0.009045  -0.026356  -0.027101   0.006704   0.000126   0.078644   0.010205   0.002750   0.008537   0.000000 
  0.027553   0.185466   0.044158  -0.037414  -0.034721  -0.008365  -0.000144  -0.019491   0.035113  -0.011058  -0.007620  -0.015069 
  0.024289   0.166060   0.055917  -0.050821  -0.032028  -0.003380  -0.003264  -0.019406   0.011759  -0.013407   0.002693   0.004985 
  0.023741   0.153279   0.087175  -0.065546  -0.032143  -0.007105  -0.000548  -0.012781   0.031258  -0.014725  -0.000115  -0.003725 
  0.027579   0.080104   0.166592  -0.075630  -0.032659   0.003323   0.003838  -0.073175   0.079417  -0.010084  -0.000516   0.010428 
  0.027417   0.156338   0.128346  -0.074026  -0.041081   0.008480  -0.000162   0.076234  -0.038246   0.001604  -0.008422   0.005157 
  0.027677   0.250854   0.088774  -0.101012  -0.028075   0.005730   0.000260   0.094516  -0.039572  -0.026986   0.013006  -0.002750 
  0.022938   0.158005   0.090778  -0.077292  -0.032659   0.001318  -0.004739  -0.092849   0.002004   0.023720  -0.004584  -0.004412 
  0.018108   0.100953   0.143780  -0.078381  -0.057238   0.007678  -0.004830  -0.057052   0.053002  -0.001089  -0.024579   0.006360 
  0.017666   0.201189   0.108674  -0.061822  -0.044633   0.002693  -0.000442   0.100236  -0.035106   0.016559   0.012605  -0.004985 
  0.016275   0.201373   0.121293  -0.068640  -0.027215   0.008251  -0.001391   0.000184   0.012619  -0.006818   0.017418   0.005558 
  0.023290   0.166886   0.106379  -0.062796  -0.030023  -0.003266   0.007015  -0.034487  -0.014914   0.005844  -0.002808  -0.011517 
  0.023173   0.149023   0.134268  -0.081818  -0.028075  -0.006360  -0.000117  -0.017863   0.027889  -0.019022   0.001948  -0.003094 
  0.023092   0.112325   0.178577  -0.070474  -0.025382  -0.004813  -0.000081  -0.036698   0.044309   0.011344   0.002693   0.001547 
  0.027765   0.185025   0.127715  -0.075344  -0.019939  -0.004526   0.004673   0.072700  -0.050862  -0.004870   0.005443   0.000287 
  0.018752   0.203527   0.096301  -0.076375  -0.010485  -0.016845  -0.009013   0.018502  -0.031414  -0.001031   0.009454  -0.012319 
  0.023584   0.132922   0.148664  -0.077808  -0.013178  -0.011860   0.004832  -0.070605   0.052363  -0.001433  -0.002693   0.004985 
  0.027678   0.087813   0.173056  -0.056666  -0.024809  -0.013121   0.004094  -0.045109   0.024392   0.021142  -0.011631  -0.001261 
  0.030306   0.201510   0.156522  -0.042571  -0.016157  -0.025611   0.002628   0.113697  -0.016534   0.014095   0.008652  -0.012490 
  0.027778   0.220509   0.138290  -0.050936  -0.008251  -0.025611  -0.002528   0.018999  -0.018232  -0.008365   0.007906   0.000000 
  0.027779   0.180126   0.117041  -0.059588  -0.006990  -0.025611   0.000001  -0.040383  -0.021249  -0.008652   0.001261   0.000000 
  0.029263   0.138594   0.166372  -0.053457  -0.013808  -0.025611   0.001484  -0.041532   0.049331   0.006131  -0.006818   0.000000 
  0.034015   0.126584   0.123867  -0.065890  -0.013808  -0.007219   0.004752  -0.012010  -0.042505  -0.012433   0.000000   0.018392 
  0.030105   0.236279   0.065330  -0.033633  -0.031341  -0.010600  -0.003910   0.109695  -0.058537   0.032257  -0.017533  -0.003381 
  0.023626   0.184165   0.079983  -0.039248  -0.038216  -0.009855  -0.006479  -0.052114   0.014653  -0.005615  -0.006875   0.000745 
  0.033395   0.106413   0.154682  -0.039878  -0.050936  -0.001203   0.009769  -0.077752   0.074699  -0.000630  -0.012720   0.008652 
  0.030825   0.118387   0.173841  -0.045206  -0.040966  -0.009053  -0.002570   0.011974   0.019159  -0.005328   0.009970  -0.007850 
  0.014736   0.189516   0.163927   0.008422   0.155386   0.033117  -0.016089   0.071129  -0.009914   0.053628   0.196352   0.042170 
  0.014568   0.166325   0.200841  -0.030711   0.063885  -0.001662  -0.000168  -0.023191   0.036914  -0.039133  -0.091501  -0.034779 
  0.031310   0.120213   0.191809  -0.001089  -0.191826  -0.041711   0.016742  -0.046112  -0.009032   0.029622  -0.255711  -0.040049 
  0.024847   0.049138   0.266436   0.000630  -0.077521  -0.019595  -0.006463  -0.071075   0.074627   0.001719   0.114305   0.022116 
  0.030922   0.083114   0.256970   0.002406  -0.059874  -0.014267   0.006075   0.033976  -0.009466   0.001776   0.017647   0.005328 
  0.028369   0.249737   0.107161   0.025726  -0.057124   0.004985  -0.002553   0.166623  -0.149809   0.023320   0.002750   0.019252 
  0.008114   0.223904   0.046566  -0.020283  -0.044633   0.010600  -0.020255  -0.025833  -0.060595  -0.046009   0.012491   0.005615 
  0.016821   0.133260   0.068304  -0.026413  -0.037414  -0.011115   0.008707  -0.090644   0.021738  -0.006130   0.007219  -0.021715 
  0.015078   0.092984   0.163609  -0.010313  -0.040966  -0.007219  -0.001743  -0.040276   0.095305   0.016100  -0.003552   0.003896 
  0.026385   0.093278   0.197078  -0.028934  -0.019939  -0.001776   0.011307   0.000294   0.033469  -0.018621   0.021027   0.005443 
  0.021358   0.205816   0.134846  -0.015928  -0.024866  -0.008881  -0.005027   0.112538  -0.062232   0.013006  -0.004927  -0.007105 
  0.016897   0.157188   0.152602  -0.024866  -0.024809  -0.020225  -0.004461  -0.048628   0.017756  -0.008938   0.000057  -0.011344 
  0.020130   0.069125   0.192000  -0.032659  -0.030080  -0.017704   0.003233  -0.088063   0.039398  -0.007793  -0.005271   0.002521 
  0.027407   0.129694   0.189861  -0.041196  -0.037815  -0.017590   0.007277   0.060569  -0.002139  -0.008537  -0.007735   0.000114 
  0.026625   0.205703   0.176021  -0.049561  -0.022059  -0.022746  -0.000782   0.076009  -0.013840  -0.008365   0.015756  -0.005156 
  0.019501   0.177397   0.172448  -0.050707  -0.011459  -0.022746  -0.007124  -0.028306  -0.003573  -0.001146   0.010600   0.000000 
  0.018164   0.131891   0.196975  -0.017017  -0.007219  -0.025439  -0.001337  -0.045506   0.024527   0.033690   0.004240  -0.002693 
  0.022329   0.048433   0.260240  -0.035753  -0.026070  -0.027158   0.004165  -0.083458   0.063265  -0.018736  -0.018851  -0.001719 
  0.014054   0.135115   0.236623  -0.031570  -0.016616  -0.033919  -0.008275   0.086682  -0.023617   0.004183   0.009454  -0.006761 
  0.021602   0.193179   0.198729  -0.045092  -0.010313  -0.032659   0.007548   0.058064  -0.037894  -0.013522   0.006303   0.001260 
  0.018992   0.174977   0.192763  -0.051681  -0.008480  -0.035638  -0.002610  -0.018202  -0.005966  -0.006589   0.001833  -0.002979 
  0.019328   0.080096   0.271343  -0.064343  -0.008881  -0.030424   0.000336  -0.094881   0.078580  -0.012662  -0.000401   0.005214 
  0.022217   0.124681   0.248064  -0.081704  -0.009110  -0.034492   0.002889   0.044585  -0.023279  -0.017361  -0.000229  -0.004068 
  0.033992   0.167639   0.254933  -0.109664  -0.004870  -0.046868   0.011775   0.042958   0.006869  -0.027960   0.004240  -0.012376 
  0.023954   0.116786   0.247598  -0.071677   0.002349  -0.046868  -0.010038  -0.050853  -0.007335   0.037987   0.007219   0.000000 
  0.021072   0.046268   0.320914  -0.057468  -0.012834  -0.040909  -0.002882  -0.070518   0.073316   0.014209  -0.015183   0.005959 
  0.024474   0.079293   0.354349  -0.068812  -0.004354  -0.046868   0.003402   0.033025   0.033435  -0.011344   0.008480  -0.005959 
  0.034064   0.161801   0.300361  -0.071333   0.001089  -0.046868   0.009590   0.082508  -0.053988  -0.002521   0.005443   0.000000 
  0.023345   0.172787   0.267080  -0.077578   0.004927  -0.046868  -0.010719   0.010986  -0.033281  -0.006245   0.003838   0.000000 
  0.021275   0.120422   0.269764  -0.070818   0.000745  -0.046868  -0.002070  -0.052365   0.002684   0.006760  -0.004182   0.000000 
  0.033886   0.033886   0.354134  -0.062796  -0.016157  -0.038617   0.012611  -0.086536   0.084370   0.008022  -0.016902   0.008251 
  0.034020   0.072813   0.368550  -0.054087  -0.000115  -0.046868   0.000134   0.038927   0.014416   0.008709   0.016042  -0.008251 
  0.033994   0.158262   0.345053  -0.055061  -0.002005  -0.046868  -0.000026   0.085449  -0.023497  -0.000974  -0.001890   0.000000 
  0.022533   0.152853   0.308277  -0.050248  -0.003724  -0.046868  -0.011461  -0.005409  -0.036776   0.004813  -0.001719   0.000000 
  0.020607   0.128568   0.305586  -0.050134  -0.008824  -0.046868  -0.001926  -0.024285  -0.002691   0.000114  -0.005100   0.000000 
  0.017579   0.066456   0.390294  -0.092705   0.001719  -0.046868  -0.003028  -0.062112   0.084708  -0.042571   0.010543   0.000000 
  0.010123   0.027930   0.435261  -0.096142   0.000344  -0.056608  -0.007456  -0.038526   0.044967  -0.003437  -0.001375  -0.009740 
  0.017643   0.136848   0.377229  -0.111956   0.004584  -0.046868   0.007520   0.108918  -0.058032  -0.015814   0.004240   0.009740 
  0.019527   0.143987   0.315510  -0.077578  -0.007391  -0.034148   0.001884   0.007139  -0.061719   0.034378  -0.011975   0.012720 
  0.019888   0.106814   0.307466  -0.089267  -0.006990  -0.046868   0.000361  -0.037173  -0.008044  -0.011689   0.000401  -0.012720 
  0.015401   0.032281   0.383497  -0.102789   0.008537  -0.037128  -0.004487  -0.074533   0.076031  -0.013522   0.015527   0.009740 
  0.017856   0.074775   0.328867  -0.077235   0.001662  -0.046868   0.002455   0.042494  -0.054630   0.025554  -0.006875  -0.009740 
  0.017689   0.206995   0.228142  -0.090126  -0.017533  -0.007907  -0.000167   0.132220  -0.100725  -0.012891  -0.019195   0.038961 
  0.030120   0.194995   0.028557  -0.105653  -0.017647  -0.020970   0.012431  -0.012000  -0.199585  -0.015527  -0.000114  -0.013063 
  0.059381   0.179284  -0.145510  -0.061249   0.005386   0.002063   0.029261  -0.015711  -0.174067   0.044404   0.023033   0.023033 
  0.056245   0.156476  -0.079552  -0.085944   0.000688  -0.011173  -0.003136  -0.022808   0.065958  -0.024695  -0.004698  -0.013236 
  0.054250   0.077845   0.044023  -0.051795  -0.001031  -0.032487  -0.001995  -0.078631   0.123575   0.034149  -0.001719  -0.021314 
  0.056706   0.226577   0.026832  -0.044805   0.003839  -0.044863   0.002456   0.148732  -0.017191   0.006990   0.004870  -0.012376 
  0.049957   0.158301   0.084269  -0.078323   0.030424  -0.044691  -0.006749  -0.068276   0.057437  -0.033518   0.026585   0.000172 
  0.045681   0.114222   0.122341  -0.105768   0.032086  -0.051165  -0.004276  -0.044079   0.038072  -0.027445   0.001662  -0.006474 
  0.041046   0.056542   0.217043  -0.089897   0.027044  -0.051165  -0.004635  -0.057680   0.094702   0.015871  -0.005042   0.000000 
  0.042212   0.155055   0.211257  -0.135906   0.024064  -0.041998   0.001166   0.098513  -0.005786  -0.046009  -0.002980   0.009167 
  0.041601   0.184524   0.205844  -0.126738   0.032372  -0.037185  -0.000611   0.029469  -0.005413   0.009168   0.008308   0.004813 
  0.037295   0.145687   0.184946  -0.089267   0.024064  -0.051165  -0.004306  -0.038837  -0.020898   0.037471  -0.008308  -0.013980 
  0.034844   0.112884   0.199059  -0.098205   0.038044  -0.036268  -0.002451  -0.032803   0.014113  -0.008938   0.013980   0.014897 
  0.038756   0.101182   0.219116  -0.076203   0.024064  -0.041826   0.003912  -0.011702   0.020057   0.022002  -0.013980  -0.005558 
  0.038519   0.138862   0.213282  -0.071906   0.024064  -0.051222  -0.000237   0.037680  -0.005834   0.004297   0.000000  -0.009396 
  0.037323   0.150117   0.170652  -0.064973   0.024064  -0.051165  -0.001196   0.011255  -0.042630   0.006933   0.000000   0.000057 
  0.037269   0.122669   0.213925  -0.069844   0.024064  -0.051222  -0.000054  -0.027448   0.043273  -0.004871   0.000000  -0.000057 
  0.027737   0.017233   0.294385  -0.050649   0.024694  -0.063827  -0.009532  -0.105436   0.080460   0.019195   0.000630  -0.012605 
  0.016408   0.100440   0.254802  -0.058556   0.010714  -0.057238  -0.011329   0.083207  -0.039583  -0.007907  -0.013980   0.006589 
  0.020989   0.185600   0.237116  -0.048530   0.013751  -0.052655   0.004581   0.085160  -0.017686   0.010026   0.003037   0.004583 
  0.030282   0.138022   0.167581  -0.064114   0.016902  -0.042456   0.009293  -0.047578  -0.069535  -0.015584   0.003151   0.010199 
  0.025854   0.201747  -0.013244  -0.109091  -0.018793  -0.022231  -0.004428   0.063725  -0.180825  -0.044977  -0.035695   0.020225 
  0.022893   0.050374   0.189029  -0.074771   0.003610  -0.046066  -0.002961  -0.151373   0.202273   0.034320   0.022403  -0.023835 
  0.020956   0.019311   0.275340  -0.049962   0.020111  -0.050191  -0.001937  -0.031063   0.086311   0.024809   0.016501  -0.004125 
  0.020250   0.138598   0.281778  -0.111097   0.016902  -0.055863  -0.000706   0.119287   0.006438  -0.061135  -0.003209  -0.005672 
  0.023285   0.144548   0.299306  -0.048186   0.031054  -0.055806   0.003035   0.005950   0.017528   0.062911   0.014152   0.000057 
  0.015811   0.101245   0.300255  -0.056666   0.034950  -0.055863  -0.007474  -0.043303   0.000949  -0.008480   0.003896  -0.000057 
  0.011760   0.078072   0.338941  -0.064630   0.038445  -0.055863  -0.004051  -0.023173   0.038686  -0.007964   0.003495   0.000000 
  0.010999   0.023678   0.394945  -0.090642   0.056666  -0.055863  -0.000761  -0.054394   0.056004  -0.026012   0.018221   0.000000 
  0.009334   0.021606   0.404063  -0.094366   0.054832  -0.055863  -0.001665  -0.002072   0.009118  -0.003724  -0.001834   0.000000 
  0.005798   0.080356   0.366968  -0.102559   0.044633  -0.063942  -0.003536   0.058750  -0.037095  -0.008193  -0.010199  -0.008079 
  0.007682   0.137270   0.335852  -0.106284   0.037300  -0.055806   0.001884   0.056914  -0.031116  -0.003725  -0.007333   0.008136 
  0.019642   0.112471   0.335580  -0.077636   0.024179  -0.066349   0.011960  -0.024799  -0.000272   0.028648  -0.013121  -0.010543 
  0.017519   0.082638   0.322000  -0.081016   0.020856  -0.061421  -0.002123  -0.029833  -0.013580  -0.003380  -0.003323   0.004928 
  0.016592   0.031319   0.400889  -0.075745   0.017246  -0.068870  -0.000927  -0.051319   0.078889   0.005271  -0.003610  -0.007449 
  0.017772   0.059718   0.379419  -0.071219   0.011803  -0.080558   0.001180   0.028399  -0.021470   0.004526  -0.005443  -0.011688 
  0.018054   0.134457   0.374839  -0.083365   0.011860  -0.080558   0.000282   0.074739  -0.004580  -0.012146   0.000057   0.000000 
  0.017624   0.086346   0.371352  -0.056608   0.023720  -0.089381  -0.000430  -0.048111  -0.003487   0.026757   0.011860  -0.008823 
  0.015322   0.082451   0.363781  -0.036096   0.020970  -0.090413  -0.002302  -0.003895  -0.007571   0.020512  -0.002750  -0.001032 
  0.014508   0.052126   0.396049  -0.014725   0.014840  -0.097346  -0.000814  -0.030325   0.032268   0.021371  -0.006130  -0.006933 
  0.013908   0.069593   0.384297  -0.013178   0.015871  -0.092647  -0.000600   0.017467  -0.011752   0.001547   0.001031   0.004699 
  0.015431   0.132869   0.396632  -0.026471   0.019137  -0.113675   0.001523   0.063276   0.012335  -0.013293   0.003266  -0.021028 
  0.012820   0.081604   0.407810  -0.036612   0.024809  -0.101528  -0.002611  -0.051265   0.011178  -0.010141   0.005672   0.012147 
  0.014943   0.068835   0.420510  -0.019137   0.033690  -0.100783   0.002123  -0.012769   0.012700   0.017475   0.008881   0.000745 
  0.009890   0.061593   0.432959  -0.021199   0.032200  -0.105080  -0.005053  -0.007242   0.012449  -0.002062  -0.001490  -0.004297 
  0.014351   0.095764   0.415444  -0.029049   0.025840  -0.108232   0.004461   0.034171  -0.017515  -0.007850  -0.006360  -0.003152 
  0.016206   0.090156   0.419288  -0.090012   0.037070  -0.090126   0.001855  -0.005608   0.003844  -0.060963   0.011230   0.018106 
  0.010348   0.045237   0.428925  -0.088808   0.048931  -0.090699  -0.005858  -0.044919   0.009637   0.001204   0.011861  -0.000573 
  0.014437  -0.004560   0.456963  -0.083423   0.034492  -0.094481   0.004089  -0.049797   0.028038   0.005385  -0.014439  -0.003782 
  0.015718   0.095027   0.398468  -0.051910   0.031971  -0.098663   0.001281   0.099587  -0.058495   0.031513  -0.002521  -0.004182 
  0.014216   0.094601   0.399607  -0.030940   0.036555  -0.102216  -0.001502  -0.000426   0.001139   0.020970   0.004584  -0.003553 
  0.013164   0.071840   0.387183  -0.033862   0.030882  -0.089439  -0.001052  -0.022761  -0.012424  -0.002922  -0.005673   0.012777 
  0.011577   0.051272   0.428286  -0.033862   0.030080  -0.108461  -0.001587  -0.020568   0.041103   0.000000  -0.000802  -0.019022 
  0.009909   0.034697   0.448011  -0.041196   0.033060  -0.107200  -0.001668  -0.016575   0.019725  -0.007334   0.002980   0.001261 
  0.015081   0.099782   0.415029  -0.029908   0.041597  -0.114190   0.005172   0.065085  -0.032982   0.011288   0.008537  -0.006990 
  0.010492   0.117818   0.312163  -0.006875   0.027273  -0.112930  -0.004589   0.018036  -0.102866   0.023033  -0.014324   0.001260 
  0.001897   0.100809   0.353342  -0.019538   0.032716  -0.137624  -0.008595  -0.017009   0.041179  -0.012663   0.005443  -0.024694 
 -0.001259   0.021265   0.448940  -0.074083   0.028419  -0.121639  -0.003156  -0.079544   0.095598  -0.054545  -0.004297   0.015985 
  0.005899   0.083686   0.363026  -0.033289   0.034034  -0.122957   0.007158   0.062421  -0.085914   0.040794   0.005615  -0.001318 
  0.019486   0.163826   0.246858  -0.045092   0.040508  -0.127941   0.013587   0.080140  -0.116168  -0.011803   0.006474  -0.004984 
  0.032136   0.140609   0.111306  -0.145990   0.054202  -0.104737   0.012650  -0.023217  -0.135552  -0.100898   0.013694   0.023204 
  0.027404   0.001572   0.286207  -0.132181   0.050478  -0.113102  -0.004732  -0.139037   0.174901   0.013809  -0.003724  -0.008365 
  0.021981   0.022509   0.302973  -0.038904   0.011402  -0.122670  -0.005423   0.020937   0.016766   0.093277  -0.039076  -0.009568 
  0.013092   0.096426   0.287578  -0.010256   0.020111  -0.128973  -0.008889   0.073917  -0.015395   0.028648   0.008709  -0.006303 
  0.013136   0.139040   0.271577   0.016157   0.020397  -0.147823   0.000044   0.042614  -0.016001   0.026413   0.000286  -0.018850 
  0.024087   0.138495   0.275986  -0.019767   0.045321  -0.128973   0.010951  -0.000545   0.004409  -0.035924   0.024924   0.018850 
  0.011166   0.139359   0.231913  -0.080787   0.041539  -0.117857  -0.012921   0.000864  -0.044073  -0.061020  -0.003782   0.011116 
  0.013717   0.042300   0.280179  -0.033174   0.034320  -0.104278   0.002551  -0.097059   0.048266   0.047613  -0.007219   0.013579 
  0.009702   0.022961   0.328360  -0.011058   0.023892  -0.109263  -0.004015  -0.019339   0.048181   0.022116  -0.010428  -0.004985 
  0.014216   0.092484   0.334003  -0.006417   0.018163  -0.128973   0.004514   0.069523   0.005643   0.004641  -0.005729  -0.019710 
  0.017439   0.159868   0.319582   0.002005   0.024465  -0.122212   0.003223   0.067384  -0.014421   0.008422   0.006302   0.006761 
  0.016551   0.125574   0.313869   0.005672   0.026757  -0.120092  -0.000888  -0.034294  -0.005713   0.003667   0.002292   0.002120 
  0.017032   0.076505   0.351330   0.001891   0.022345  -0.118774   0.000481  -0.049069   0.037461  -0.003781  -0.004412   0.001318 
  0.020895   0.043871   0.388713  -0.012032   0.015011  -0.119061   0.003863  -0.032634   0.037383  -0.013923  -0.007334  -0.000287 
  0.024029   0.116173   0.348975  -0.010313   0.034320  -0.128973   0.003134   0.072302  -0.039738   0.001719   0.019309  -0.009912 
  0.020212   0.100600   0.371238  -0.016558   0.028877  -0.119462  -0.003817  -0.015573   0.022263  -0.006245  -0.005443   0.009511 
  0.015629   0.045326   0.418445  -0.019481   0.036669  -0.124332  -0.004583  -0.055274   0.047207  -0.002923   0.007792  -0.004870 
  0.017892   0.043006   0.416796  -0.025096   0.055119  -0.128973   0.002263  -0.002320  -0.001649  -0.005615   0.018450  -0.004641 
  0.016644   0.101001   0.398303  -0.022918   0.056551  -0.128973  -0.001248   0.057995  -0.018493   0.002178   0.001432   0.000000 
  0.016290   0.066479   0.401256  -0.031226   0.061879  -0.124160  -0.000354  -0.034522   0.002953  -0.008308   0.005328   0.004813 
  0.014330   0.030315   0.437523  -0.031226   0.051051  -0.128916  -0.001960  -0.036164   0.036267   0.000000  -0.010828  -0.004756 
  0.009644   0.040492   0.433232  -0.008594   0.057582  -0.128973  -0.004686   0.010177  -0.004291   0.022632   0.006531  -0.000057 
  0.018057   0.097180   0.368228  -0.003896   0.053743  -0.128973   0.008413   0.056688  -0.065004   0.004698  -0.003839   0.000000 
  0.025827   0.061479   0.349574   0.005730   0.052139  -0.106398   0.007770  -0.035701  -0.018654   0.009626  -0.001604   0.022575 
  0.026177   0.045769   0.352488   0.005730   0.041253  -0.128973   0.000350  -0.015710   0.002914   0.000000  -0.010886  -0.022575 
  0.022462   0.133192   0.317752  -0.034091   0.051509  -0.128973  -0.003715   0.087423  -0.034736  -0.039821   0.010256   0.000000 
  0.015971   0.089723   0.322982  -0.031054   0.063140  -0.128973  -0.006491  -0.043469   0.005230   0.003037   0.011631   0.000000 
  0.018255   0.045040   0.351872  -0.013350   0.056379  -0.121524   0.002284  -0.044683   0.028890   0.017704  -0.006761   0.007449 
  0.018932   0.020716   0.380588  -0.031112   0.060504  -0.123129   0.000677  -0.024324   0.028716  -0.017762   0.004125  -0.001605 
  0.019093   0.152916   0.274440  -0.031112   0.055348  -0.128973   0.000161   0.132200  -0.106148   0.000000  -0.005156  -0.005844 
  0.009918   0.082673   0.236019  -0.058442   0.055290  -0.097346  -0.009175  -0.070243  -0.038421  -0.027330  -0.000058   0.031627 
  0.014988   0.067835   0.271226  -0.082391   0.043602  -0.101585   0.005070  -0.014838   0.035207  -0.023949  -0.011688  -0.004239 
  0.035819   0.033151   0.314947  -0.011860   0.051394  -0.096887   0.020831  -0.034684   0.043721   0.070531   0.007792   0.004698 
  0.035964   0.025908   0.325431   0.003953   0.066750  -0.088579   0.000145  -0.007243   0.010484   0.015813   0.015356   0.008308 
  0.036271   0.146919   0.265821  -0.041310   0.073339  -0.099981   0.000307   0.121011  -0.059610  -0.045263   0.006589  -0.011402 
  0.036435   0.111637   0.247809  -0.043086   0.090642  -0.107430   0.000164  -0.035282  -0.018012  -0.001776   0.017303  -0.007449 
  0.026492   0.047634   0.286051  -0.026986   0.087433  -0.098721  -0.009943  -0.064003   0.038242   0.016100  -0.003209   0.008709 
  0.026010   0.024072   0.318093  -0.008136   0.078151  -0.092705  -0.000482  -0.023562   0.032042   0.018850  -0.009282   0.006016 
  0.022266   0.143457   0.221188  -0.022976   0.060791  -0.106169  -0.003744   0.119385  -0.096905  -0.014840  -0.017360  -0.013464 
  0.016679   0.180996   0.185244  -0.043258   0.064572  -0.102789  -0.005587   0.037539  -0.035944  -0.020282   0.003781   0.003380 
  0.003870   0.097760   0.203042  -0.101929   0.115050  -0.083193  -0.012809  -0.083236   0.017798  -0.058671   0.050478   0.019596 
  0.009794   0.000398   0.276960  -0.039305   0.075000  -0.077808   0.005924  -0.097362   0.073918   0.062624  -0.040050   0.005385 
  0.013193   0.064421   0.308554  -0.023720   0.076662  -0.110065   0.003399   0.064023   0.031594   0.015585   0.001662  -0.032257 
  0.012964   0.137866   0.293727  -0.030596   0.080558  -0.107315  -0.000229   0.073445  -0.014827  -0.006876   0.003896   0.002750 
  0.011428   0.138760   0.276215  -0.060734   0.059015  -0.103304  -0.001536   0.000894  -0.017512  -0.030138  -0.021543   0.004011 
  0.019064   0.087516   0.241992  -0.045837   0.073912  -0.113388   0.007636  -0.051244  -0.034223   0.014897   0.014897  -0.010084 
  0.012803   0.013882   0.281388  -0.006589   0.054030  -0.118201  -0.006261  -0.073634   0.039396   0.039248  -0.019882  -0.004813 
  0.006771   0.062068   0.308290  -0.005443   0.049446  -0.127254  -0.006032   0.048186   0.026902   0.001146  -0.004584  -0.009053 
  0.018669   0.125982   0.267679  -0.019939   0.046868  -0.127254   0.011898   0.063914  -0.040611  -0.014496  -0.002578   0.000000 
  0.018698   0.141508   0.264378  -0.028762   0.050764  -0.119519   0.000029   0.015526  -0.003301  -0.008823   0.003896   0.007735 
  0.018732   0.090995   0.283865  -0.020512   0.056150  -0.127254   0.000034  -0.050513   0.019487   0.008250   0.005386  -0.007735 
  0.018976   0.034939   0.338229  -0.008594   0.073453  -0.127254   0.000244  -0.056056   0.054364   0.011918   0.017303   0.000000 
  0.016065   0.007181   0.370735  -0.016272   0.063656  -0.130176  -0.002911  -0.027758   0.032506  -0.007678  -0.009797  -0.002922 
  0.013856   0.096044   0.330106   0.016100   0.062567  -0.132353  -0.002209   0.088863  -0.040629   0.032372  -0.001089  -0.002177 
  0.018705   0.111342   0.320913  -0.009225   0.053686  -0.131723   0.004849   0.015298  -0.009193  -0.025325  -0.008881   0.000630 
  0.018834   0.093447   0.330510  -0.009511   0.063484  -0.130291   0.000129  -0.017895   0.009597  -0.000286   0.009798   0.001432 
  0.009020   0.041362   0.382506  -0.005329   0.052884  -0.131035  -0.009814  -0.052085   0.051996   0.004182  -0.010600  -0.000744 
  0.023867   0.064379   0.345404  -0.022918   0.059588  -0.114362   0.014847   0.023017  -0.037102  -0.017589   0.006704   0.016673 
  0.018302   0.125870   0.333699  -0.045722   0.067208  -0.116826  -0.005565   0.061491  -0.011705  -0.022804   0.007620  -0.002464 
  0.010886   0.066592   0.355284  -0.043831   0.085657  -0.121123  -0.007416  -0.059278   0.021585   0.001891   0.018449  -0.004297 
  0.010819  -0.000784   0.407661  -0.054202   0.084225  -0.123301  -0.000067  -0.067376   0.052377  -0.010371  -0.001432  -0.002178 
  0.012162   0.036149   0.385521  -0.064515   0.080329  -0.121524   0.001343   0.036933  -0.022140  -0.010313  -0.003896   0.001777 
  0.012273   0.136428   0.329318  -0.067724   0.076948  -0.127254   0.000111   0.100279  -0.056203  -0.003209  -0.003381  -0.005730 
  0.009545   0.073327   0.339830  -0.050535   0.082964  -0.120264  -0.002728  -0.063101   0.010512   0.017189   0.006016   0.006990 
  0.013409   0.017142   0.365373  -0.063656   0.075745  -0.127197   0.003864  -0.056185   0.025543  -0.013121  -0.007219  -0.006933 
  0.013511   0.108120   0.316915  -0.068526   0.077349  -0.120894   0.000102   0.090978  -0.048458  -0.004870   0.001604   0.006303 
  0.013304   0.078500   0.332674  -0.068812   0.071792  -0.127254  -0.000207  -0.029620   0.015759  -0.000286  -0.005557  -0.006360 
  0.013752   0.019842   0.359858  -0.067953   0.058556  -0.112873   0.000448  -0.058658   0.027184   0.000859  -0.013236   0.014381 
  0.019985   0.034942   0.324477  -0.047498   0.057238  -0.104622   0.006233   0.015100  -0.035381   0.020455  -0.001318   0.008251 
  0.018853   0.135951   0.292652  -0.019137   0.057525  -0.127254  -0.001132   0.101009  -0.031825   0.028361   0.000287  -0.022632 
  0.007619   0.049759   0.343787  -0.052254   0.078323  -0.127254  -0.011234  -0.086192   0.051135  -0.033117   0.020798   0.000000 
  0.016664   0.002006   0.373521  -0.070531   0.067380  -0.113560   0.009045  -0.047753   0.029734  -0.018277  -0.010943   0.013694 
  0.021964   0.110031   0.343295  -0.080615   0.076547  -0.120149   0.005300   0.108025  -0.030226  -0.010084   0.009167  -0.006589 
  0.018260   0.039671   0.378684  -0.065661   0.070588  -0.117342  -0.003704  -0.070360   0.035389   0.014954  -0.005959   0.002807 
  0.019894   0.017288   0.388688  -0.073854   0.074141  -0.101757   0.001634  -0.022383   0.010004  -0.008193   0.003553   0.015585 
  0.018074   0.123086   0.321641  -0.085084   0.083308  -0.116253  -0.001820   0.105798  -0.067047  -0.011230   0.009167  -0.014496 
  0.029447   0.091136   0.307785  -0.046123   0.062911  -0.117284   0.011373  -0.031950  -0.013856   0.038961  -0.020397  -0.001031 
  0.029173   0.010488   0.356904  -0.028190   0.050535  -0.119691  -0.000274  -0.080648   0.049119   0.017933  -0.012376  -0.002407 
  0.029123   0.064656   0.352889  -0.003495   0.032945  -0.117686  -0.000050   0.054168  -0.004015   0.024695  -0.017590   0.002005 
  0.026039   0.130715   0.335044  -0.024007   0.042685  -0.127254  -0.003084   0.066059  -0.017845  -0.020512   0.009740  -0.009568 
  0.029376   0.097949   0.310242  -0.007105   0.058499  -0.127254   0.003337  -0.032766  -0.024802   0.016902   0.015814   0.000000 
  0.023829   0.046010   0.343147  -0.012949   0.050077  -0.123587  -0.005547  -0.051939   0.032905  -0.005844  -0.008422   0.003667 
  0.029262   0.032257   0.336409  -0.010886   0.047957  -0.102961   0.005433  -0.013753  -0.006738   0.002063  -0.002120   0.020626 
  0.033301   0.134734   0.317949  -0.007964   0.046925  -0.127254   0.004039   0.102477  -0.018460   0.002922  -0.001032  -0.024293 
  0.022282   0.076656   0.346300  -0.006761   0.051795  -0.127254  -0.011019  -0.058078   0.028351   0.001203   0.004870   0.000000 
  0.017980   0.064594   0.364722  -0.007448   0.063713  -0.123415  -0.004302  -0.012062   0.018422  -0.000687   0.011918   0.003839 
  0.017821   0.035961   0.411537  -0.072078   0.072995  -0.127254  -0.000159  -0.028633   0.046815  -0.064630   0.009282  -0.003839 
  0.016691   0.001294   0.429644  -0.053113   0.066349  -0.127254  -0.001130  -0.034667   0.018107   0.018965  -0.006646   0.000000 
  0.019651   0.107052   0.394537  -0.064229   0.065203  -0.127254   0.002960   0.105758  -0.035107  -0.011116  -0.001146   0.000000 
  0.023182   0.093501   0.357337  -0.084798   0.061478  -0.127254   0.003531  -0.013551  -0.037200  -0.020569  -0.003725   0.000000 
  0.020408   0.040746   0.375568  -0.072365   0.060848  -0.120092  -0.002774  -0.052755   0.018231   0.012433  -0.000630   0.007162 
  0.020818  -0.018980   0.403780  -0.069385   0.046696  -0.117972   0.000410  -0.059726   0.028212   0.002980  -0.014152   0.002120 
  0.017245   0.063461   0.373137  -0.076146   0.048988  -0.127254  -0.003573   0.082441  -0.030643  -0.006761   0.002292  -0.009282 
  0.026840   0.095235   0.344871  -0.088121   0.057410  -0.118430   0.009595   0.031774  -0.028266  -0.011975   0.008422   0.008824 
  0.019779   0.127012   0.298764  -0.025955   0.023835  -0.127254  -0.007061   0.031777  -0.046107   0.062166  -0.033575  -0.008824 
  0.018083   0.075335   0.309052  -0.012949   0.036440  -0.127254  -0.001696  -0.051677   0.010288   0.013006   0.012605   0.000000 
  0.015665   0.029469   0.339303  -0.016157   0.038560  -0.133499  -0.002418  -0.045866   0.030251  -0.003208   0.002120  -0.006245 
  0.013420   0.096639   0.302113  -0.013866   0.045837  -0.137223  -0.002245   0.067170  -0.037190   0.002291   0.007277  -0.003724 
  0.023839   0.108956   0.299131  -0.004412   0.047670  -0.127254   0.010419   0.012317  -0.002982   0.009454   0.001833   0.009969 
  0.019242   0.097764   0.285572  -0.000802   0.052884  -0.127254  -0.004597  -0.011192  -0.013559   0.003610   0.005214   0.000000 
  0.028287   0.085059   0.275756   0.007563   0.045092  -0.127254   0.009045  -0.012705  -0.009816   0.008365  -0.007792   0.000000 
  0.027843   0.130585   0.052003  -0.064630   0.017704  -0.081532  -0.000444   0.045526  -0.223753  -0.072193  -0.027388   0.045722 
  0.051854   0.179757  -0.193378   0.064916   0.056436   0.016788   0.024011   0.049172  -0.245381   0.129546   0.038732   0.098320 
  0.026477   0.035544  -0.020016   0.046238   0.021772  -0.030023  -0.025377  -0.144213   0.173362  -0.018678  -0.034664  -0.046811 
  0.029954  -0.023545   0.112425   0.098090   0.033403  -0.048759   0.003477  -0.059089   0.132441   0.051852   0.011631  -0.018736 
  0.026308   0.105479   0.127272   0.062911   0.023778  -0.062281  -0.003646   0.129024   0.014847  -0.035179  -0.009625  -0.013522 
  0.018073   0.151358   0.100500   0.081589   0.016558  -0.061822  -0.008235   0.045879  -0.026772   0.018678  -0.007220   0.000459 
  0.026277   0.085084   0.147216   0.066750   0.022288  -0.065203   0.008204  -0.066274   0.046716  -0.014839   0.005730  -0.003381 
  0.018709  -0.008937   0.233630   0.061536   0.024179  -0.062338  -0.007568  -0.094021   0.086414  -0.005214   0.001891   0.002865 
  0.019176   0.047630   0.250280   0.032086   0.018678  -0.079985   0.000467   0.056567   0.016650  -0.029450  -0.005501  -0.017647 
  0.021204   0.137262   0.215019   0.002292   0.022403  -0.085714   0.002028   0.089632  -0.035261  -0.029794   0.003725  -0.005729 
  0.026277   0.093126   0.198494   0.003667   0.023778  -0.082792   0.005073  -0.044136  -0.016525   0.001375   0.001375   0.002922 
  0.026154   0.064540   0.200693   0.035409   0.015069  -0.093278  -0.000123  -0.028586   0.002199   0.031742  -0.008709  -0.010486 
  0.020166   0.017397   0.242505   0.043029   0.013980  -0.082621  -0.005988  -0.047143   0.041812   0.007620  -0.001089   0.010657 
  0.026068   0.079214   0.231160   0.028190   0.014782  -0.109091   0.005902   0.061817  -0.011345  -0.014839   0.000802  -0.026470 
  0.016679   0.122718   0.211929   0.001432   0.002636  -0.109091  -0.009389   0.043504  -0.019231  -0.026758  -0.012146   0.000000 
  0.015763   0.138987   0.197038   0.012548   0.016673  -0.099637  -0.000916   0.016269  -0.014891   0.011116   0.014037   0.009454 
  0.026095   0.085424   0.199764   0.006016   0.006646  -0.099351   0.010332  -0.053563   0.002726  -0.006532  -0.010027   0.000286 
  0.025909   0.052803   0.258151   0.028533   0.004354  -0.101127  -0.000186  -0.032621   0.058387   0.022517  -0.002292  -0.001776 
  0.012492  -0.006824   0.274624   0.036612   0.013579  -0.094653  -0.013417  -0.059627   0.016473   0.008079   0.009225   0.006474 
  0.010578   0.053526   0.286463   0.019652   0.003094  -0.112357  -0.001914   0.060350   0.011839  -0.016960  -0.010485  -0.017704 
  0.014054   0.112946   0.247497   0.009855   0.002464  -0.109091   0.003476   0.059420  -0.038966  -0.009797  -0.000630   0.003266 
  0.016506   0.143627   0.217433   0.001031   0.007162  -0.100611   0.002452   0.030681  -0.030064  -0.008824   0.004698   0.008480 
  0.022646   0.085040   0.216230   0.002521   0.013006  -0.100153   0.006140  -0.058587  -0.001203   0.001490   0.005844   0.000458 
  0.026274   0.059535   0.256077  -0.018564   0.026814  -0.085829   0.003628  -0.025505   0.039847  -0.021085   0.013808   0.014324 
  0.026291   0.021361   0.329277  -0.068755   0.037701  -0.084511   0.000017  -0.038174   0.073200  -0.050191   0.010887   0.001318 
  0.026423   0.096777   0.308520  -0.035810   0.045149  -0.089267   0.000132   0.075416  -0.020757   0.032945   0.007448  -0.004756 
  0.026298   0.027154   0.374352  -0.035294   0.038560  -0.082907  -0.000125  -0.069623   0.065832   0.000516  -0.006589   0.006360 
  0.026400   0.076458   0.350419  -0.034893   0.047842  -0.094309   0.000102   0.049304  -0.023933   0.000401   0.009282  -0.011402 
  0.014332   0.075694   0.370908  -0.028762   0.049790  -0.109091  -0.012068  -0.000764   0.020489   0.006131   0.001948  -0.014782 
  0.014454  -0.003962   0.405825  -0.015069   0.048186  -0.087204   0.000122  -0.079656   0.034917   0.013693  -0.001604   0.021887 
  0.014811   0.047681   0.394121  -0.030424   0.058041  -0.109148   0.000357   0.051643  -0.011704  -0.015355   0.009855  -0.021944 
  0.018648   0.106881   0.383074  -0.053801   0.049446  -0.109148   0.003837   0.059200  -0.011047  -0.023377  -0.008595   0.000000 
  0.026415   0.060068   0.381499  -0.060046   0.057468  -0.100440   0.007767  -0.046813  -0.001575  -0.006245   0.008022   0.008708 
  0.019760   0.034204   0.391845  -0.009912   0.058843  -0.105367  -0.006655  -0.025864   0.010346   0.050134   0.001375  -0.004927 
  0.026197  -0.017843   0.422638   0.006016   0.039878  -0.108690   0.006437  -0.052047   0.030793   0.015928  -0.018965  -0.003323 
  0.015416   0.071218   0.384438  -0.002063   0.041196  -0.115508  -0.010781   0.089061  -0.038200  -0.008079   0.001318  -0.006818 
  0.016611   0.136543   0.369515  -0.007792   0.033805  -0.130348   0.001195   0.065325  -0.014923  -0.005729  -0.007391  -0.014840 
  0.012002   0.085342   0.370951  -0.010313   0.032945  -0.116597  -0.004609  -0.051201   0.001436  -0.002521  -0.000860   0.013751 
  0.016029   0.039116   0.406965  -0.010256   0.042055  -0.108232   0.004027  -0.046226   0.036014   0.000057   0.009110   0.008365 
  0.014411  -0.012756   0.419627  -0.001547   0.040623  -0.121983  -0.001618  -0.051872   0.012662   0.008709  -0.001432  -0.013751 
  0.014642   0.091927   0.383470  -0.001318   0.026012  -0.132984   0.000231   0.104683  -0.036157   0.000229  -0.014611  -0.011001 
  0.018798   0.091518   0.396702  -0.008652   0.048472  -0.126853   0.004156  -0.000409   0.013232  -0.007334   0.022460   0.006131 
  0.015880   0.035970   0.408877  -0.010199   0.054030  -0.121295  -0.002918  -0.055548   0.012175  -0.001547   0.005558   0.005558 
  0.014318   0.006491   0.473884  -0.046066   0.056666  -0.124504  -0.001562  -0.029479   0.065007  -0.035867   0.002636  -0.003209 
  0.018534   0.042233   0.451009  -0.067494   0.057869  -0.121009   0.004216   0.035742  -0.022875  -0.021428   0.001203   0.003495 
  0.016380   0.060802   0.425215  -0.044232   0.052827  -0.117972  -0.002154   0.018569  -0.025794   0.023262  -0.005042   0.003037 
  0.011517   0.030704   0.439989  -0.008365   0.040737  -0.132697  -0.004863  -0.030098   0.014774   0.035867  -0.012090  -0.014725 
  0.015430  -0.032182   0.476194  -0.028705   0.044863  -0.125191   0.003913  -0.062886   0.036205  -0.020340   0.004126   0.007506 
  0.017356   0.098176   0.455398  -0.021486   0.041253  -0.121524   0.001926   0.130358  -0.020796   0.007219  -0.003610   0.003667 
  0.009531   0.063522   0.439728  -0.014439   0.050535  -0.119805  -0.007825  -0.034654  -0.015670   0.007047   0.009282   0.001719 
  0.016822   0.062842   0.427163  -0.015928   0.040795  -0.124733   0.007291  -0.000680  -0.012565  -0.001489  -0.009740  -0.004928 
  0.010182  -0.006245   0.482643  -0.018507   0.053400  -0.132697  -0.006640  -0.069087   0.055480  -0.002579   0.012605  -0.007964 
  0.015997   0.007104   0.484209  -0.022002   0.037586  -0.132697   0.005815   0.013349   0.001566  -0.003495  -0.015814   0.000000 
  0.025991   0.113175   0.447846  -0.027903   0.039534  -0.129431   0.009994   0.106071  -0.036363  -0.005901   0.001948   0.003266 
  0.026131   0.068580   0.433263  -0.007964   0.047842  -0.120837   0.000140  -0.044595  -0.014583   0.019939   0.008308   0.008594 
  0.016623   0.029632   0.461335  -0.021429   0.045436  -0.132697  -0.009508  -0.038948   0.028072  -0.013465  -0.002406  -0.011860 
  0.015803  -0.031163   0.518931  -0.045722   0.042513  -0.124504  -0.000820  -0.060795   0.057596  -0.024293  -0.002923   0.008193 
  0.014680   0.017975   0.492067  -0.035810   0.041081  -0.132697  -0.001123   0.049138  -0.026864   0.009912  -0.001432  -0.008193 
  0.018774   0.103807   0.455291  -0.025439   0.040680  -0.126223   0.004094   0.085832  -0.036776   0.010371  -0.000401   0.006474 
  0.018682   0.096055   0.455004  -0.020397   0.042112  -0.132697  -0.000092  -0.007752  -0.000287   0.005042   0.001432  -0.006474 
  0.013871   0.026452   0.491633  -0.044175   0.045034  -0.125306  -0.004811  -0.069603   0.036629  -0.023778   0.002922   0.007391 
  0.014081  -0.025359   0.518865  -0.060218   0.058213  -0.132697   0.000210  -0.051811   0.027232  -0.016043   0.013179  -0.007391 
  0.022195   0.075353   0.484053  -0.084053   0.130291  -0.097288   0.008114   0.100712  -0.034812  -0.023835   0.072078   0.035409 
  0.019536   0.054106   0.479568  -0.110867   0.251357  -0.065489  -0.002659  -0.021247  -0.004485  -0.026814   0.121066   0.031799 
  0.019571   0.001665   0.509445  -0.052999   0.131207  -0.098090   0.000035  -0.052441   0.029877   0.057868  -0.120150  -0.032601 
  0.026879   0.058793   0.488294  -0.055119   0.112529  -0.102158   0.007308   0.057128  -0.021151  -0.002120  -0.018678  -0.004068 
  0.020424   0.072475   0.460834  -0.041654   0.114534  -0.113331  -0.006455   0.013682  -0.027460   0.013465   0.002005  -0.011173 
  0.016543   0.040496   0.470386  -0.055978   0.106742  -0.100841  -0.003881  -0.031979   0.009552  -0.014324  -0.007792   0.012490 
  0.015082  -0.020085   0.497151  -0.050478   0.110352  -0.110867  -0.001461  -0.060581   0.026765   0.005500   0.003610  -0.010026 
  0.019690   0.058858   0.449721  -0.046295   0.103190  -0.109721   0.004608   0.078943  -0.047430   0.004183  -0.007162   0.001146 
  0.032384   0.142431   0.326399  -0.092876   0.090986  -0.106914   0.012694   0.083573  -0.123322  -0.046581  -0.012204   0.002807 
  0.029011   0.101630   0.171954  -0.159340   0.053285  -0.085944  -0.003373  -0.040801  -0.154445  -0.066464  -0.037701   0.020970 
  0.029821   0.001353   0.212968  -0.075688   0.042227  -0.082277   0.000810  -0.100277   0.041014   0.083652  -0.011058   0.003667 
  0.030580   0.057479   0.287151  -0.055806   0.051165  -0.082907   0.000759   0.056126   0.074183   0.019882   0.008938  -0.000630 
  0.027532   0.068553   0.366620  -0.042571   0.078037  -0.093048  -0.003048   0.011074   0.079469   0.013235   0.026872  -0.010141 
  0.029615   0.020891   0.402636  -0.039935   0.081704  -0.108576   0.002083  -0.047662   0.036016   0.002636   0.003667  -0.015528 
  0.029745   0.013688   0.434606  -0.052025   0.078896  -0.108404   0.000130  -0.007203   0.031970  -0.012090  -0.002808   0.000172 
  0.020710   0.106978   0.426110  -0.062166   0.091215  -0.111784  -0.009035   0.093290  -0.008496  -0.010141   0.012319  -0.003380 
  0.019731   0.091070   0.390784  -0.061765   0.094710  -0.109492  -0.000979  -0.015908  -0.035326   0.000401   0.003495   0.002292 
  0.016144   0.070524   0.372113  -0.049389   0.094080  -0.113560  -0.003587  -0.020546  -0.018671   0.012376  -0.000630  -0.004068 
  0.015509  -0.015995   0.455785  -0.055462   0.093220  -0.114362  -0.000635  -0.086519   0.083672  -0.006073  -0.000860  -0.000802 
  0.017304   0.078350   0.456703  -0.065776   0.091387  -0.110524   0.001795   0.094345   0.000918  -0.010314  -0.001833   0.003838 
  0.014080   0.090739   0.477959  -0.082334   0.094022  -0.110524  -0.003224   0.012389   0.021256  -0.016558   0.002635   0.000000 
  0.015915   0.026027   0.479206  -0.055520   0.086860  -0.110524   0.001835  -0.064712   0.001247   0.026814  -0.007162   0.000000 
  0.014769   0.026674   0.449290  -0.066750   0.088808  -0.110524  -0.001146   0.000647  -0.029916  -0.011230   0.001948   0.000000 
  0.022726   0.138980   0.415128  -0.065145   0.088407  -0.105195   0.007957   0.112306  -0.034162   0.001605  -0.000401   0.005329 
  0.022485   0.106365   0.395406  -0.057754   0.088694  -0.101700  -0.000241  -0.032615  -0.019722   0.007391   0.000287   0.003495 
  0.023830   0.071726   0.392035  -0.066921   0.086230  -0.103018   0.001345  -0.034639  -0.003371  -0.009167  -0.002464  -0.001318 
  0.022998  -0.009762   0.434839  -0.051394   0.084225  -0.110524  -0.000832  -0.081488   0.042804   0.015527  -0.002005  -0.007506 
  0.016521   0.055535   0.431679  -0.044977   0.089267  -0.110524  -0.006477   0.065297  -0.003160   0.006417   0.005042   0.000000 
  0.018218   0.113033   0.418206  -0.058041   0.080042  -0.110524   0.001697   0.057498  -0.013473  -0.013064  -0.009225   0.000000 
  0.020546   0.126684   0.357657  -0.068010   0.076891  -0.099294   0.002328   0.013651  -0.060549  -0.009969  -0.003151   0.011230 
  0.022737   0.037986   0.409956  -0.077636   0.075401  -0.101184   0.002191  -0.088698   0.052299  -0.009626  -0.001490  -0.001890 
  0.018761  -0.007449   0.451805  -0.050191   0.073510  -0.110524  -0.003976  -0.045435   0.041849   0.027445  -0.001891  -0.009340 
  0.023552   0.084493   0.452523  -0.046983   0.076547  -0.110524   0.004791   0.091942   0.000718   0.003208   0.003037   0.000000 
  0.019170   0.112162   0.441623  -0.059759   0.083595  -0.106398  -0.004382   0.027669  -0.010900  -0.012776   0.007048   0.004126 
  0.011173   0.094101   0.394086  -0.035695   0.075057  -0.110524  -0.007997  -0.018061  -0.047537   0.024064  -0.008538  -0.004126 
  0.022556   0.021091   0.432259  -0.038847   0.075974  -0.105080   0.011383  -0.073010   0.038173  -0.003152   0.000917   0.005444 
  0.032199   0.036693   0.435689  -0.034377   0.073167  -0.097231   0.009643   0.015602   0.003430   0.004470  -0.002807   0.007849 
  0.032106   0.080207   0.447994  -0.037185   0.065718  -0.097918  -0.000093   0.043514   0.012305  -0.002808  -0.007449  -0.000687 
  0.032186   0.113873   0.419261  -0.020856   0.075344  -0.096773   0.000080   0.033666  -0.028733   0.016329   0.009626   0.001145 
  0.030067   0.094867   0.380490  -0.041597   0.074542  -0.096773  -0.002119  -0.019006  -0.038771  -0.020741  -0.000802   0.000000 
  0.018844   0.069503   0.408903  -0.026757   0.079068  -0.103476  -0.011223  -0.025364   0.028413   0.014840   0.004526  -0.006703 
  0.024098   0.005046   0.443888  -0.026757   0.073969  -0.096830   0.005254  -0.064457   0.034985   0.000000  -0.005099   0.006646 
  0.024455   0.063682   0.458735  -0.030424   0.069844  -0.096830   0.000357   0.058636   0.014847  -0.003667  -0.004125   0.000000 
  0.017851   0.090595   0.437363  -0.039190   0.071219  -0.096773  -0.006604   0.026913  -0.021372  -0.008766   0.001375   0.000057 
  0.025087   0.088572   0.430119  -0.047842   0.073797  -0.090928   0.007236  -0.002023  -0.007244  -0.008652   0.002578   0.005845 
  0.032099   0.053171   0.428632  -0.055749   0.069500  -0.092189   0.007012  -0.035401  -0.001487  -0.007907  -0.004297  -0.001261 
  0.023225   0.007416   0.461440  -0.041081   0.072938  -0.091788  -0.008874  -0.045755   0.032808   0.014668   0.003438   0.000401 
  0.032087   0.028852   0.471146  -0.054717   0.073969  -0.096773   0.008862   0.021436   0.009706  -0.013636   0.001031  -0.004985 
  0.032084   0.028690   0.489966  -0.046524   0.069958  -0.091387  -0.000003  -0.000162   0.018820   0.008193  -0.004011   0.005386 
  0.032087   0.076502   0.481002  -0.045436   0.070703  -0.093736   0.000003   0.047812  -0.008964   0.001088   0.000745  -0.002349 
  0.031620   0.095462   0.501292  -0.064515   0.071620  -0.096773  -0.000467   0.018960   0.020290  -0.019079   0.000917  -0.003037 
  0.032459   0.041869   0.495128  -0.039878   0.071448  -0.088694   0.000839  -0.053593  -0.006164   0.024637  -0.000172   0.008079 
  0.030396   0.009495   0.498606  -0.041081   0.075802  -0.085772  -0.002063  -0.032374   0.003478  -0.001203   0.004354   0.002922 
  0.029020   0.003705   0.512052  -0.051566   0.077235  -0.089897  -0.001376  -0.005790   0.013446  -0.010485   0.001433  -0.004125 
  0.033719   0.067905   0.469260  -0.047269   0.073682  -0.086975   0.004699   0.064200  -0.042792   0.004297  -0.003553   0.002922 
  0.032484   0.105812   0.473304  -0.058327   0.076719  -0.096773  -0.001235   0.037907   0.004044  -0.011058   0.003037  -0.009798 
  0.030013   0.049536   0.488831  -0.039821   0.078094  -0.091731  -0.002471  -0.056276   0.015527   0.018506   0.001375   0.005042 
  0.032034   0.017238   0.514003  -0.063770   0.074083  -0.090585   0.002021  -0.032298   0.025172  -0.023949  -0.004011   0.001146 
  0.023293   0.046725   0.516067  -0.039935   0.084339  -0.096773  -0.008741   0.029487   0.002064   0.023835   0.010256  -0.006188 
  0.028371   0.027412   0.537687  -0.040623   0.089152  -0.100325   0.005078  -0.019313   0.021620  -0.000688   0.004813  -0.003552 
  0.030875   0.028361   0.516258  -0.038445   0.086918  -0.096773   0.002504   0.000949  -0.021429   0.002178  -0.002234   0.003552 
  0.041466   0.059112   0.422357  -0.058728   0.076203  -0.061708   0.010591   0.030751  -0.093901  -0.020283  -0.010715   0.035065 
  0.059582   0.055320   0.350487  -0.010371   0.084397  -0.052598   0.018116  -0.003792  -0.071870   0.048357   0.008194   0.009110 
  0.051616   0.003263   0.387342  -0.024981   0.072594  -0.041711  -0.007966  -0.052057   0.036855  -0.014610  -0.011803   0.010887 
  0.051614  -0.043309   0.412433   0.029737   0.079412  -0.034607  -0.000002  -0.046572   0.025091   0.054718   0.006818   0.007104 
  0.046562   0.139714   0.313509  -0.009454   0.063484  -0.051967  -0.005052   0.183023  -0.098924  -0.039191  -0.015928  -0.017360 
  0.043323   0.161084   0.247938   0.014496   0.054087  -0.057296  -0.003239   0.021370  -0.065571   0.023950  -0.009397  -0.005329 
  0.037900   0.081603   0.255478   0.017017   0.052827  -0.057697  -0.005423  -0.079481   0.007540   0.002521  -0.001260  -0.000401 
  0.035105   0.054892   0.322826  -0.008079   0.060046  -0.062682  -0.002795  -0.026711   0.067348  -0.025096   0.007219  -0.004985 
  0.035871   0.007222   0.352220  -0.012261   0.072422  -0.062682   0.000766  -0.047670   0.029394  -0.004182   0.012376   0.000000 
  0.035833   0.025052   0.353761  -0.002750   0.064572  -0.062739  -0.000038   0.017830   0.001541   0.009511  -0.007850  -0.000057 
  0.035503   0.119981   0.328114  -0.027215   0.052025  -0.062682  -0.000330   0.094929  -0.025647  -0.024465  -0.012547   0.000057 
  0.025379   0.084824   0.341743  -0.066807   0.053858  -0.062682  -0.010124  -0.035157   0.013629  -0.039592   0.001833   0.000000 
  0.022046   0.042841   0.391423  -0.042857   0.055691  -0.062739  -0.003333  -0.041983   0.049680   0.023950   0.001833  -0.000057 
  0.031855  -0.009682   0.432285  -0.045722   0.044691  -0.072193   0.009809  -0.052523   0.040862  -0.002865  -0.011000  -0.009454 
  0.027924   0.104124   0.379179  -0.066807   0.035638  -0.078495  -0.003931   0.113806  -0.053106  -0.021085  -0.009053  -0.006302 
  0.025006   0.109099   0.381006  -0.100554   0.042972  -0.082219  -0.002918   0.004975   0.001827  -0.033747   0.007334  -0.003724 
  0.026210   0.046186   0.394872  -0.091387   0.049790  -0.062682   0.001204  -0.062913   0.013866   0.009167   0.006818   0.019537 
  0.024042   0.011863   0.417209  -0.086058   0.030138  -0.062739  -0.002168  -0.034323   0.022337   0.005329  -0.019652  -0.000057 
  0.028992   0.057967   0.402373  -0.092876   0.027617  -0.074198   0.004950   0.046104  -0.014836  -0.006818  -0.002521  -0.011459 
  0.025930   0.118464   0.380745  -0.098148   0.049446  -0.076203  -0.003062   0.060497  -0.021628  -0.005272   0.021829  -0.002005 
  0.031092   0.101641   0.352928  -0.090413   0.051509  -0.078151   0.005162  -0.016823  -0.027817   0.007735   0.002063  -0.001948 
  0.035043   0.088390   0.339066  -0.092590   0.061879  -0.062739   0.003951  -0.013251  -0.013862  -0.002177   0.010370   0.015412 
  0.029859   0.019000   0.434562  -0.084798   0.054660  -0.084511  -0.005184  -0.069390   0.095496   0.007792  -0.007219  -0.021772 
  0.030846  -0.013607   0.455786  -0.076776   0.047899  -0.077349   0.000987  -0.032607   0.021224   0.008022  -0.006761   0.007162 
  0.029252   0.074605   0.440425  -0.093048   0.052598  -0.077750  -0.001594   0.088212  -0.015361  -0.016272   0.004699  -0.000401 
