  0.000000   0.000000   0.000000   0.000000   0.000000   0.000000   0.000000   0.000000   0.000000   0.000000   0.000000   0.000000 
  0.004845  -0.051359   0.046770  -0.020111  -0.019652   0.000000   0.004845  -0.051359   0.046770  -0.020111  -0.019652   0.000000 
  0.012264   0.156218  -0.028731  -0.022517  -0.010657   0.004584   0.007419   0.207577  -0.075501  -0.002406   0.008995   0.004584 
  0.013460   0.128747   0.008868   0.006818   0.000000   0.012834   0.001196  -0.027471   0.037599   0.029335   0.010657   0.008250 
  0.000706   0.059086   0.080600  -0.060963  -0.015584   0.000000  -0.012754  -0.069661   0.071732  -0.067781  -0.015584  -0.012834 
  0.001689   0.234856  -0.015122  -0.059702   0.030252  -0.033862   0.000983   0.175770  -0.095722   0.001261   0.045836  -0.033862 
  0.002839   0.171064  -0.005905  -0.027903   0.047727  -0.019251   0.001150  -0.063792   0.009217   0.031799   0.017475   0.014611 
  0.006242   0.147759   0.012633  -0.027903   0.026986  -0.017704   0.003403  -0.023305   0.018538   0.000000  -0.020741   0.001547 
  0.000921   0.125670   0.020134  -0.002979   0.051623  -0.010657  -0.005321  -0.022089   0.007501   0.024924   0.024637   0.007047 
  0.007603   0.219086   0.012366   0.028934   0.007105  -0.000745   0.006682   0.093416  -0.007768   0.031913  -0.044518   0.009912 
  0.001390   0.129962   0.053852   0.066921   0.038503   0.045092  -0.006213  -0.089124   0.041486   0.037987   0.031398   0.045837 
  0.004967   0.125568   0.004629   0.085772   0.027273   0.021199   0.003577  -0.004394  -0.049223   0.018851  -0.011230  -0.023893 
  0.017120   0.273883  -0.008960   0.089897   0.068354   0.022231   0.012153   0.148315  -0.013589   0.004125   0.041081   0.001032 
 -0.005195   0.233117   0.017453   0.000688   0.074141   0.045665  -0.022315  -0.040766   0.026413  -0.089209   0.005787   0.023434 
 -0.016083   0.050220  -0.009002   0.102388   0.020168   0.007334  -0.010888  -0.182897  -0.026455   0.101700  -0.053973  -0.038331 
 -0.004643   0.132749   0.011344   0.139687  -0.002235   0.047957   0.011440   0.082529   0.020346   0.037299  -0.022403   0.040623 
  0.046970   0.263456   0.006094   0.016902  -0.002235   0.049790   0.051613   0.130707  -0.005250  -0.122785   0.000000   0.001833 
  0.026772   0.107609   0.043482  -0.000917   0.011631   0.014267  -0.020198  -0.155847   0.037388  -0.017819   0.013866  -0.035523 
  0.028294   0.204909  -0.013137  -0.015241   0.008594   0.008938   0.001522   0.097300  -0.056619  -0.014324  -0.003037  -0.005329 
  0.027155   0.210875   0.010885  -0.011860   0.016157   0.012147  -0.001139   0.005966   0.024022   0.003381   0.007563   0.003209 
  0.023792   0.099227   0.043618   0.013407  -0.002235  -0.000286  -0.003363  -0.111648   0.032733   0.025267  -0.018392  -0.012433 
  0.032851   0.238977   0.013782  -0.000802   0.018220   0.005615   0.009059   0.139750  -0.029836  -0.014209   0.020455   0.005901 
  0.032785   0.181786   0.070928  -0.023778   0.025898   0.006303  -0.000066  -0.057191   0.057146  -0.022976   0.007678   0.000688 
  0.009654   0.105863   0.104187  -0.001547   0.018507  -0.002922  -0.023131  -0.075923   0.033259   0.022231  -0.007391  -0.009225 
  0.009749   0.233162   0.024830   0.002406   0.028705  -0.004985   0.000095   0.127299  -0.079357   0.003953   0.010198  -0.002063 
  0.016932   0.193956   0.024807   0.003953   0.025153  -0.004641   0.007183  -0.039206  -0.000023   0.001547  -0.003552   0.000344 
 -0.003512   0.091510   0.100141  -0.012032   0.024809  -0.011516  -0.020444  -0.102446   0.075334  -0.015985  -0.000344  -0.006875 
  0.005224   0.205241   0.037643  -0.026585   0.019022  -0.009454   0.008736   0.113731  -0.062498  -0.014553  -0.005787   0.002062 
 -0.001174   0.192129   0.036316   0.008021   0.032372  -0.012433  -0.006398  -0.013112  -0.001327   0.034606   0.013350  -0.002979 
  0.018229   0.127561   0.048706   0.011402   0.006818  -0.009969   0.019403  -0.064568   0.012390   0.003381  -0.025554   0.002464 
  0.028389   0.260676   0.021959   0.019595   0.039133  -0.002750   0.010160   0.133115  -0.026747   0.008193   0.032315   0.007219 
  0.020815   0.176729   0.023305   0.039477   0.050592  -0.001031  -0.007574  -0.083947   0.001346   0.019882   0.011459   0.001719 
  0.018096   0.118113   0.055493   0.013465   0.022689  -0.013980  -0.002719  -0.058616   0.032188  -0.026012  -0.027903  -0.012949 
  0.007581   0.144471   0.046827   0.013465   0.029908  -0.022976  -0.010515   0.026358  -0.008666   0.000000   0.007219  -0.008996 
  0.007604   0.234414   0.040128  -0.001261   0.027559  -0.021257   0.000023   0.089943  -0.006699  -0.014726  -0.002349   0.001719 
  0.010227   0.130262   0.062266   0.022517   0.018621  -0.025153   0.002623  -0.104152   0.022138   0.023778  -0.008938  -0.003896 
  0.017443   0.171296   0.044346   0.024293   0.020340  -0.010542   0.007216   0.041034  -0.017920   0.001776   0.001719   0.014611 
  0.013809   0.253356   0.031266   0.026241   0.016387  -0.013808  -0.003634   0.082060  -0.013080   0.001948  -0.003953  -0.003266 
  0.014823   0.192349   0.030726   0.022689   0.015527  -0.010256   0.001014  -0.061007  -0.000540  -0.003552  -0.000860   0.003552 
  0.004430   0.103992   0.081682   0.016387  -0.002235  -0.017017  -0.010393  -0.088357   0.050956  -0.006302  -0.017762  -0.006761 
  0.021027   0.239106   0.015818   0.011516   0.009626  -0.010141   0.016597   0.135114  -0.065864  -0.004871   0.011861   0.006876 
  0.022661   0.184700   0.039470   0.009110   0.016100  -0.015928   0.001634  -0.054406   0.023652  -0.002406   0.006474  -0.005787 
  0.011112   0.117283   0.063594   0.000458   0.010084  -0.019137  -0.011549  -0.067417   0.024124  -0.008652  -0.006016  -0.003209 
  0.027781   0.257024   0.026719   0.006990   0.024637  -0.012089   0.016669   0.139741  -0.036875   0.006532   0.014553   0.007048 
  0.022758   0.159837   0.054777  -0.004927   0.023147  -0.013694  -0.005023  -0.097187   0.028058  -0.011917  -0.001490  -0.001605 
  0.015860   0.107516   0.076208   0.012376   0.030481  -0.019824  -0.006898  -0.052321   0.021431   0.017303   0.007334  -0.006130 
  0.030108   0.235120   0.034773   0.018163   0.033289  -0.012433   0.014248   0.127604  -0.041435   0.005787   0.002808   0.007391 
  0.020310   0.149123   0.119618   0.014439   0.036211  -0.023491  -0.009798  -0.085997   0.084845  -0.003724   0.002922  -0.011058 
  0.016938   0.094107   0.119684   0.006360   0.026872  -0.029049  -0.003372  -0.055016   0.000066  -0.008079  -0.009339  -0.005558 
  0.029321   0.259020   0.039813   0.020168   0.026872  -0.013923   0.012383   0.164913  -0.079871   0.013808   0.000000   0.015126 
  0.017696   0.149949   0.084918  -0.013866   0.043831  -0.007219  -0.011625  -0.109071   0.045105  -0.034034   0.016959   0.006704 
  0.015661   0.122764   0.074485  -0.002578   0.019251  -0.021715  -0.002035  -0.027185  -0.010433   0.011288  -0.024580  -0.014496 
  0.025598   0.255558   0.037373   0.007678   0.019251  -0.022059   0.009937   0.132794  -0.037112   0.010256   0.000000  -0.000344 
  0.023305   0.157958   0.083010  -0.009282   0.027101  -0.018220  -0.002293  -0.097600   0.045637  -0.016960   0.007850   0.003839 
  0.016411   0.144691   0.075463   0.000458   0.040737  -0.019309  -0.006894  -0.013267  -0.007547   0.009740   0.013636  -0.001089 
  0.021313   0.254060   0.020900   0.004412   0.033403  -0.025669   0.004902   0.109369  -0.054563   0.003954  -0.007334  -0.006360 
  0.017475   0.167150   0.066005   0.013465   0.035924  -0.028361  -0.003838  -0.086910   0.045105   0.009053   0.002521  -0.002692 
  0.011472   0.110924   0.115442  -0.013866   0.022002  -0.028304  -0.006003  -0.056226   0.049437  -0.027331  -0.013922   0.000057 
  0.018576   0.237748   0.032405   0.014324   0.022002  -0.020569   0.007104   0.126824  -0.083037   0.028190   0.000000   0.007735 
  0.024217   0.187789   0.056509   0.009397   0.022002  -0.020626   0.005641  -0.049959   0.024104  -0.004927   0.000000  -0.000057 
  0.014510   0.105095   0.090795   0.004584   0.023205  -0.008136  -0.009707  -0.082694   0.034286  -0.004813   0.001203   0.012490 
  0.021909   0.259995   0.024572   0.012376  -0.010313  -0.015527   0.007399   0.154900  -0.066223   0.007792  -0.033518  -0.007391 
  0.024265   0.225030   0.035282   0.013923   0.000745  -0.013579   0.002356  -0.034965   0.010710   0.001547   0.011058   0.001948 
  0.015505   0.115419   0.112918  -0.022804  -0.005901  -0.019366  -0.008760  -0.109611   0.077636  -0.036727  -0.006646  -0.005787 
  0.022095   0.213930   0.024017   0.014954   0.002063  -0.025325   0.006590   0.098511  -0.088901   0.037758   0.007964  -0.005959 
  0.025237   0.214292   0.041855   0.001375   0.000344  -0.017819   0.003142   0.000362   0.017838  -0.013579  -0.001719   0.007506 
  0.023446   0.116807   0.081733  -0.012433   0.006245  -0.021085  -0.001791  -0.097485   0.039878  -0.013808   0.005901  -0.003266 
  0.039768   0.242259   0.029064   0.006016   0.020798  -0.022288   0.016322   0.125452  -0.052669   0.018449   0.014553  -0.001203 
  0.031312   0.170042   0.072030   0.016902   0.030309  -0.024293  -0.008456  -0.072217   0.042966   0.010886   0.009511  -0.002005 
  0.017416   0.135513   0.090422  -0.007391   0.006532  -0.022632  -0.013896  -0.034529   0.018392  -0.024293  -0.023777   0.001661 
  0.031408   0.237595   0.051600  -0.025611   0.008824  -0.024007   0.013992   0.102082  -0.038822  -0.018220   0.002292  -0.001375 
  0.026426   0.142887   0.094597  -0.012032   0.012147  -0.018220  -0.004982  -0.094708   0.042997   0.013579   0.003323   0.005787 
  0.024179   0.142673   0.091200  -0.017704   0.013006  -0.022173  -0.002247  -0.000214  -0.003397  -0.005672   0.000859  -0.003953 
  0.032215   0.259185   0.034567   0.011803   0.024293  -0.018621   0.008036   0.116512  -0.056633   0.029507   0.011287   0.003552 
  0.033145   0.151884   0.071530   0.002979   0.012605  -0.020741   0.000930  -0.107301   0.036963  -0.008824  -0.011688  -0.002120 
  0.023244   0.116461   0.091393   0.006532  -0.000286  -0.026012  -0.009901  -0.035423   0.019863   0.003553  -0.012891  -0.005271 
  0.027979   0.254345   0.039381   0.001547   0.002235  -0.023606   0.004735   0.137884  -0.052012  -0.004985   0.002521   0.002406 
  0.036089   0.139307   0.088808  -0.001318   0.001719  -0.023549   0.008110  -0.115038   0.049427  -0.002865  -0.000516   0.000057 
  0.031330   0.147702   0.062959  -0.001318  -0.006417  -0.022173  -0.004759   0.008395  -0.025849   0.000000  -0.008136   0.001376 
  0.033964   0.189774   0.084904  -0.001318  -0.000745  -0.018678   0.002634   0.042072   0.021945   0.000000   0.005672   0.003495 
  0.045480   0.167128   0.060441   0.009339  -0.011918  -0.013808   0.011516  -0.022646  -0.024463   0.010657  -0.011173   0.004870 
  0.079142   0.193600   0.089820   0.027731   0.021486   0.000286   0.033662   0.026472   0.029379   0.018392   0.033404   0.014094 
  0.070567   0.131453   0.086848  -0.001318   0.006245   0.011688  -0.008575  -0.062147  -0.002972  -0.029049  -0.015241   0.011402 
  0.077910   0.256140   0.021249   0.015183   0.006532   0.014610   0.007343   0.124687  -0.065599   0.016501   0.000287   0.002922 
  0.082038   0.190397   0.039404   0.016387  -0.004526   0.027101   0.004128  -0.065743   0.018155   0.001204  -0.011058   0.012491 
  0.077931   0.100905   0.096451   0.027445  -0.007563   0.025955  -0.004107  -0.089492   0.057047   0.011058  -0.003037  -0.001146 
  0.087289   0.217317   0.032134   0.009683  -0.006532   0.026929   0.009358   0.116412  -0.064317  -0.017762   0.001031   0.000974 
  0.086179   0.213087   0.040330   0.032028  -0.006589   0.030424  -0.001110  -0.004230   0.008196   0.022345  -0.000057   0.003495 
  0.084411   0.094797   0.116657   0.022403  -0.005271   0.018678  -0.001768  -0.118290   0.076327  -0.009625   0.001318  -0.011746 
  0.087091   0.232930   0.046296   0.035867  -0.008537   0.022918   0.002680   0.138133  -0.070361   0.013464  -0.003266   0.004240 
  0.087067   0.169313   0.079846   0.016043  -0.014668   0.018621  -0.000024  -0.063617   0.033550  -0.019824  -0.006131  -0.004297 
  0.084607   0.120699   0.083901   0.018793  -0.018850   0.025669  -0.002460  -0.048614   0.004055   0.002750  -0.004182   0.007048 
  0.085136   0.231296   0.035681   0.008709  -0.008938   0.018850   0.000529   0.110597  -0.048220  -0.010084   0.009912  -0.006819 
  0.065574   0.095080   0.118895  -0.001318  -0.018908   0.013579  -0.019562  -0.136216   0.083214  -0.010027  -0.009970  -0.005271 
  0.065351   0.205787   0.053690   0.016272  -0.013694   0.012433  -0.000223   0.110707  -0.065205   0.017590   0.005214  -0.001146 
  0.071627   0.218414   0.041908   0.022976  -0.002807   0.006532   0.006276   0.012627  -0.011782   0.006704   0.010887  -0.005901 
  0.064092   0.085717   0.110177  -0.001318  -0.009053   0.010256  -0.007535  -0.132697   0.068269  -0.024294  -0.006246   0.003724 
  0.059727   0.229274   0.043364   0.030195  -0.004756   0.010600  -0.004365   0.143557  -0.066813   0.031513   0.004297   0.000344 
  0.065698   0.209420   0.033365   0.028304  -0.011746   0.017876   0.005971  -0.019854  -0.009999  -0.001891  -0.006990   0.007276 
  0.057782   0.081249   0.112413  -0.001318  -0.014267   0.008251  -0.007916  -0.128171   0.079048  -0.029622  -0.002521  -0.009625 
  0.072997   0.216312   0.035666   0.000974  -0.018850   0.004756   0.015215   0.135063  -0.076747   0.002292  -0.004583  -0.003495 
  0.072218   0.180051   0.051569   0.006474  -0.017762   0.014152  -0.000779  -0.036261   0.015903   0.005500   0.001088   0.009396 
  0.063632   0.082358   0.108779   0.037471  -0.039362   0.022345  -0.008586  -0.097693   0.057210   0.030997  -0.021600   0.008193 
  0.070768   0.195486   0.032160   0.026070  -0.013636   0.016730   0.007136   0.113128  -0.076619  -0.011401   0.025726  -0.005615 
  0.075375   0.221739   0.032233   0.026070  -0.013121   0.020798   0.004607   0.026253   0.000073   0.000000   0.000515   0.004068 
  0.059708   0.061973   0.132810  -0.003552  -0.022173   0.009740  -0.015667  -0.159766   0.100577  -0.029622  -0.009052  -0.011058 
  0.072544   0.182706   0.042237   0.026070  -0.028132   0.010141   0.012836   0.120733  -0.090573   0.029622  -0.005959   0.000401 
  0.071033   0.209497   0.049606   0.026070  -0.039362   0.010829  -0.001511   0.026791   0.007369   0.000000  -0.011230   0.000688 
  0.074364   0.109641   0.066452   0.017819  -0.038216   0.011975   0.003331  -0.099856   0.016846  -0.008251   0.001146   0.001146 
  0.079608   0.268074   0.007465   0.082391  -0.066520  -0.013636   0.005244   0.158433  -0.058987   0.064572  -0.028304  -0.025611 
  0.076414   0.113811   0.070985   0.034091  -0.061765  -0.001375  -0.003194  -0.154263   0.063520  -0.048300   0.004755   0.012261 
  0.066769   0.128292   0.051900   0.026070  -0.051394  -0.006761  -0.009645   0.014481  -0.019085  -0.008021   0.010371  -0.005386 
  0.048579   0.256884   0.000552   0.026070  -0.045092  -0.006818  -0.018190   0.128592  -0.051348   0.000000   0.006302  -0.000057 
  0.055054   0.093998   0.067540   0.040394  -0.054030  -0.009798   0.006475  -0.162886   0.066988   0.014324  -0.008938  -0.002980 
  0.062290   0.219801   0.012204   0.032945  -0.053113  -0.012949   0.007236   0.125803  -0.055336  -0.007449   0.000917  -0.003151 
  0.067061   0.177105   0.031140   0.026070  -0.057410   0.000745   0.004771  -0.042696   0.018936  -0.006875  -0.004297   0.013694 
  0.060775   0.083557   0.063249   0.017533  -0.074886  -0.007907  -0.006286  -0.093548   0.032109  -0.008537  -0.017476  -0.008652 
  0.066335   0.213665   0.025395   0.005730  -0.061249  -0.009798   0.005560   0.130108  -0.037854  -0.011803   0.013637  -0.001891 
  0.066948   0.158106   0.016547   0.016558  -0.067380  -0.006474   0.000613  -0.055559  -0.008848   0.010828  -0.006131   0.003324 
  0.031568   0.204577  -0.057583   0.099981  -0.039018  -0.037128  -0.035380   0.046471  -0.074130   0.083423   0.028362  -0.030654 
  0.048395   0.233869  -0.050239   0.085829  -0.022002  -0.002922   0.016827   0.029292   0.007344  -0.014152   0.017016   0.034206 
  0.068818   0.160512   0.001715   0.066921  -0.028075   0.006073   0.020423  -0.073357   0.051954  -0.018908  -0.006073   0.008995 
  0.069085   0.126029   0.001614   0.060734  -0.048988  -0.002865   0.000267  -0.034483  -0.000101  -0.006187  -0.020913  -0.008938 
  0.072559   0.247089  -0.021618   0.020626  -0.050134  -0.005672   0.003474   0.121060  -0.023232  -0.040108  -0.001146  -0.002807 
  0.037471   0.188171  -0.133629  -0.040909  -0.037414  -0.029679  -0.035088  -0.058918  -0.112011  -0.061535   0.012720  -0.024007 
  0.098222   0.013564  -0.003192  -0.013923  -0.031856   0.026986   0.060751  -0.174607   0.130437   0.026986   0.005558   0.056665 
  0.080605   0.112439  -0.007883  -0.078724  -0.070130  -0.010428  -0.017617   0.098875  -0.004691  -0.064801  -0.038274  -0.037414 
  0.082383   0.176823  -0.041471   0.034721  -0.025210   0.005500   0.001778   0.064384  -0.033588   0.113445   0.044920   0.015928 
  0.078946   0.096542   0.000518   0.055176  -0.045264   0.003782  -0.003437  -0.080281   0.041989   0.020455  -0.020054  -0.001718 
  0.080715   0.106475  -0.011150   0.030080  -0.031341   0.010600   0.001769   0.009933  -0.011668  -0.025096   0.013923   0.006818 
  0.095271   0.232364  -0.040080   0.050821  -0.034549   0.018564   0.014556   0.125889  -0.028930   0.020741  -0.003208   0.007964 
  0.086156   0.090616   0.037296   0.046925  -0.030481   0.021371  -0.009115  -0.141748   0.077376  -0.003896   0.004068   0.002807 
  0.087863   0.123088   0.002674   0.024694  -0.043316   0.008537   0.001707   0.032472  -0.034622  -0.022231  -0.012835  -0.012834 
  0.097087   0.222839  -0.026872   0.041597  -0.033346   0.019652   0.009224   0.099751  -0.029546   0.016903   0.009970   0.011115 
  0.090454   0.084483   0.002553   0.027903  -0.040795   0.020054  -0.006633  -0.138356   0.029425  -0.013694  -0.007449   0.000402 
  0.088623   0.173597  -0.031854   0.038159  -0.036497   0.016043  -0.001831   0.089114  -0.034407   0.010256   0.004298  -0.004011 
  0.090986   0.197529  -0.041558   0.059015  -0.035753   0.019137   0.002363   0.023932  -0.009704   0.020856   0.000744   0.003094 
  0.088863   0.087628   0.012265   0.036727  -0.047097   0.009225  -0.002123  -0.109901   0.053823  -0.022288  -0.011344  -0.009912 
  0.097071   0.119894  -0.021624   0.016902  -0.056322   0.012949   0.008208   0.032266  -0.033889  -0.019825  -0.009225   0.003724 
  0.094251   0.219669  -0.023577   0.025497  -0.044232   0.016960  -0.002820   0.099775  -0.001953   0.008595   0.012090   0.004011 
  0.086455   0.102885   0.024474   0.013923  -0.049733   0.006589  -0.007796  -0.116784   0.048051  -0.011574  -0.005501  -0.010371 
  0.078153   0.058291   0.054945  -0.007162  -0.060504  -0.007391  -0.008302  -0.044594   0.030471  -0.021085  -0.010771  -0.013980 
  0.103528   0.200578  -0.002888   0.017704  -0.050248   0.004526   0.025375   0.142287  -0.057833   0.024866   0.010256   0.011917 
  0.105169   0.167798  -0.017410   0.038159  -0.047613   0.010542   0.001641  -0.032780  -0.014522   0.020455   0.002635   0.006016 
  0.097557   0.087489   0.030583   0.029393  -0.039763   0.014840  -0.007612  -0.080309   0.047993  -0.008766   0.007850   0.004298 
  0.099819   0.158377   0.001926   0.029335  -0.040279   0.007277   0.002262   0.070888  -0.028657  -0.000058  -0.000516  -0.007563 
  0.086292   0.209530  -0.023470   0.037185  -0.043373   0.010657  -0.013527   0.051153  -0.025396   0.007850  -0.003094   0.003380 
  0.084953   0.137196   0.006446   0.032888  -0.045264   0.013694  -0.001339  -0.072334   0.029916  -0.004297  -0.001891   0.003037 
  0.076312   0.046408  -0.013797   0.131895  -0.087032  -0.024293  -0.008641  -0.090788  -0.020243   0.099007  -0.041768  -0.037987 
  0.089978   0.229020  -0.035882   0.030309  -0.050077   0.001604   0.013666   0.182612  -0.022085  -0.101586   0.036955   0.025897 
  0.144914   0.129879   0.030907   0.041539  -0.046410   0.008881   0.054936  -0.099141   0.066789   0.011230   0.003667   0.007277 
  0.163135   0.056817   0.072677   0.027330  -0.052540   0.009511   0.018221  -0.073062   0.041770  -0.014209  -0.006130   0.000630 
  0.116687   0.238050  -0.016199  -0.011918  -0.042685   0.003839  -0.046448   0.181233  -0.088876  -0.039248   0.009855  -0.005672 
  0.099532   0.228296  -0.115798   0.093965  -0.025726   0.032258  -0.017155  -0.009754  -0.099599   0.105883   0.016959   0.028419 
  0.078036   0.169331  -0.048326   0.062166  -0.041253  -0.042227  -0.021496  -0.058965   0.067472  -0.031799  -0.015527  -0.074485 
  0.026929   0.053677   0.056875   0.023205  -0.029278  -0.041081  -0.051107  -0.115654   0.105201  -0.038961   0.011975   0.001146 
  0.051397   0.224997  -0.009468   0.030882  -0.024809  -0.030195   0.024468   0.171320  -0.066343   0.007677   0.004469   0.010886 
  0.053587   0.190717  -0.006087   0.030825  -0.037357  -0.029221   0.002190  -0.034280   0.003381  -0.000057  -0.012548   0.000974 
  0.048153   0.097582   0.061307   0.011860  -0.042456  -0.037987  -0.005434  -0.093135   0.067394  -0.018965  -0.005099  -0.008766 
  0.057562   0.123190   0.014460   0.002120  -0.067323  -0.026700   0.009409   0.025608  -0.046847  -0.009740  -0.024867   0.011287 
  0.067313   0.234300   0.003150   0.002578  -0.054374  -0.016329   0.009751   0.111110  -0.011310   0.000458   0.012949   0.010371 
  0.066766   0.152498   0.003074   0.037701  -0.062510  -0.019538  -0.000547  -0.081802  -0.000076   0.035123  -0.008136  -0.003209 
  0.058857   0.078938   0.027018   0.028533  -0.050535  -0.029679  -0.007909  -0.073560   0.023944  -0.009168   0.011975  -0.010141 
  0.058442   0.228332  -0.002259   0.017131  -0.067781  -0.041425  -0.000415   0.149394  -0.029277  -0.011402  -0.017246  -0.011746 
  0.060223   0.147403   0.018590   0.010600  -0.062968  -0.029049   0.001781  -0.080929   0.020849  -0.006531   0.004813   0.012376 
  0.054542   0.074641   0.022358   0.017934  -0.056035  -0.018507  -0.005681  -0.072762   0.003768   0.007334   0.006933   0.010542 
  0.066968   0.230243  -0.019288  -0.011918  -0.062968  -0.022575   0.012426   0.155602  -0.041646  -0.029852  -0.006933  -0.004068 
  0.070659   0.147822  -0.000909   0.019996  -0.073052  -0.018392   0.003691  -0.082421   0.018379   0.031914  -0.010084   0.004183 
  0.070881   0.072088   0.024913   0.013923  -0.088350  -0.032716   0.000222  -0.075734   0.025822  -0.006073  -0.015298  -0.014324 
  0.074797   0.260551  -0.080779  -0.001146  -0.047555  -0.034206   0.003916   0.188463  -0.105692  -0.015069   0.040795  -0.001490 
  0.064934   0.173169  -0.043539   0.042227  -0.010542  -0.003037  -0.009863  -0.087382   0.037240   0.043373   0.037013   0.031169 
  0.060571   0.075078   0.031402   0.001432  -0.044805  -0.011803  -0.004363  -0.098091   0.074941  -0.040795  -0.034263  -0.008766 
  0.077061   0.206434  -0.030671   0.000802  -0.047957  -0.008766   0.016490   0.131356  -0.062073  -0.000630  -0.003152   0.003037 
  0.079777   0.192286  -0.042309   0.036727  -0.023663  -0.007334   0.002716  -0.014148  -0.011638   0.035925   0.024294   0.001432 
  0.070188   0.108629   0.042190   0.017762  -0.062281  -0.009626  -0.009589  -0.083657   0.084499  -0.018965  -0.038618  -0.002292 
  0.070436   0.154872  -0.001822   0.012662  -0.027731  -0.011688   0.000248   0.046243  -0.044012  -0.005100   0.034550  -0.002062 
  0.061521   0.235590  -0.034539  -0.008308  -0.072536  -0.038331  -0.008915   0.080718  -0.032717  -0.020970  -0.044805  -0.026643 
  0.068069   0.119828   0.025135   0.008709  -0.055004  -0.018277   0.006548  -0.115762   0.059674   0.017017   0.017532   0.020054 
  0.068451   0.111964   0.021708  -0.003953  -0.067036  -0.022288   0.000382  -0.007864  -0.003427  -0.012662  -0.012032  -0.004011 
  0.072528   0.248863  -0.026528   0.024866  -0.045321  -0.014095   0.004077   0.136899  -0.048236   0.028819   0.021715   0.008193 
  0.071585   0.135313   0.014333   0.024752  -0.046180  -0.011918  -0.000943  -0.113550   0.040861  -0.000114  -0.000859   0.002177 
  0.062196   0.089361   0.038126   0.018105  -0.045092  -0.016387  -0.009389  -0.045952   0.023793  -0.006647   0.001088  -0.004469 
  0.067865   0.221496  -0.027258   0.027846  -0.041425  -0.018163   0.005669   0.132135  -0.065384   0.009741   0.003667  -0.001776 
  0.061767   0.176212  -0.016999   0.037414  -0.041654  -0.017246  -0.006098  -0.045284   0.010259   0.009568  -0.000229   0.000917 
  0.050561   0.073393   0.050357   0.018105  -0.059874  -0.024752  -0.011206  -0.102819   0.067356  -0.019309  -0.018220  -0.007506 
  0.071927   0.200651  -0.043872   0.023434  -0.045149  -0.013522   0.021366   0.127258  -0.094229   0.005329   0.014725   0.011230 
  0.109626   0.196906  -0.041030   0.018105  -0.046925   0.018564   0.037699  -0.003745   0.002842  -0.005329  -0.001776   0.032086 
  0.086323   0.086408   0.042843  -0.025096  -0.072536   0.008881  -0.023303  -0.110498   0.083873  -0.043201  -0.025611  -0.009683 
  0.076982   0.157581  -0.044797  -0.031112  -0.050478  -0.015699  -0.009341   0.071173  -0.087640  -0.006016   0.022058  -0.024580 
  0.079731   0.233571  -0.044873  -0.015986  -0.055004  -0.007907   0.002749   0.075990  -0.000076   0.015126  -0.004526   0.007792 
  0.068331   0.109157   0.013652   0.004927  -0.059187  -0.014095  -0.011400  -0.124414   0.058525   0.020913  -0.004183  -0.006188 
  0.057996   0.138101  -0.016426   0.008365  -0.058614  -0.030195  -0.010335   0.028944  -0.030078   0.003438   0.000573  -0.016100 
  0.058142   0.244964  -0.037314   0.021543  -0.056952  -0.024351   0.000146   0.106863  -0.020888   0.013178   0.001662   0.005844 
  0.064330   0.143956  -0.000636   0.016960  -0.055806  -0.021199   0.006188  -0.101008   0.036678  -0.004583   0.001146   0.003152 
  0.059083   0.062941   0.028144   0.006761  -0.072536  -0.019538  -0.005247  -0.081015   0.028780  -0.010199  -0.016730   0.001661 
  0.070661   0.240686  -0.022885   0.008308  -0.059989  -0.015413   0.011578   0.177745  -0.051029   0.001547   0.012547   0.004125 
  0.071082   0.160478   0.013554   0.001432  -0.056952  -0.016558   0.000421  -0.080208   0.036439  -0.006876   0.003037  -0.001145 
  0.070144   0.074778   0.029192   0.001432  -0.052196  -0.022460  -0.000938  -0.085700   0.015638   0.000000   0.004756  -0.005902 
  0.060677   0.214657   0.002945   0.019481  -0.044863  -0.029851  -0.009467   0.139879  -0.026247   0.018049   0.007333  -0.007391 
  0.065290   0.179094  -0.014863   0.019022  -0.049045  -0.020283   0.004613  -0.035563  -0.017808  -0.000459  -0.004182   0.009568 
  0.057401   0.082999   0.032162   0.023205  -0.055233  -0.007277  -0.007889  -0.096095   0.047025   0.004183  -0.006188   0.013006 
  0.067089   0.167602   0.010786   0.016043  -0.049045  -0.010141   0.009688   0.084603  -0.021376  -0.007162   0.006188  -0.002864 
  0.071764   0.208677  -0.009079   0.026299  -0.048873  -0.009110   0.004675   0.041075  -0.019865   0.010256   0.000172   0.001031 
  0.066664   0.130589   0.022872   0.015298  -0.061765  -0.009454  -0.005100  -0.078088   0.031951  -0.011001  -0.012892  -0.000344 
  0.066271   0.105773   0.020747   0.007047  -0.056551  -0.010772  -0.000393  -0.024816  -0.002125  -0.008251   0.005214  -0.001318 
  0.079201   0.209666  -0.019139  -0.001776  -0.055520  -0.018564   0.012930   0.103893  -0.039886  -0.008823   0.001031  -0.007792 
  0.065099   0.134588   0.025645  -0.006704  -0.061364  -0.015413  -0.014102  -0.075078   0.044784  -0.004928  -0.005844   0.003151 
  0.061572   0.065175   0.025474  -0.005386  -0.066635  -0.031112  -0.003527  -0.069413  -0.000171   0.001318  -0.005271  -0.015699 
  0.080655   0.246519  -0.032252   0.017590  -0.065890  -0.013407   0.019083   0.181344  -0.057726   0.022976   0.000745   0.017705 
  0.075277   0.138032   0.011111   0.007277  -0.062796  -0.010772  -0.005378  -0.108487   0.043363  -0.010313   0.003094   0.002635 
  0.078207   0.119662   0.019739   0.001432  -0.057525  -0.004584   0.002930  -0.018370   0.008628  -0.005845   0.005271   0.006188 
  0.089122   0.245728  -0.032934   0.012548  -0.054717  -0.005042   0.010915   0.126066  -0.052673   0.011116   0.002808  -0.000458 
  0.092362   0.172766  -0.001449   0.019652  -0.044805  -0.005844   0.003240  -0.072962   0.031485   0.007104   0.009912  -0.000802 
  0.086946   0.100424  -0.001499   0.019996  -0.052941  -0.007563  -0.005416  -0.072342  -0.000050   0.000344  -0.008136  -0.001719 
  0.092932   0.215792  -0.038273   0.007678  -0.062338  -0.010084   0.005986   0.115368  -0.036774  -0.012318  -0.009397  -0.002521 
  0.080865   0.129117   0.015177  -0.099924  -0.077120  -0.018105  -0.012067  -0.086675   0.053450  -0.107602  -0.014782  -0.008021 
  0.078713   0.070877   0.003291  -0.014209  -0.087777  -0.010428  -0.002152  -0.058240  -0.011886   0.085715  -0.010657   0.007677 
  0.083582   0.218630  -0.040955   0.013063  -0.060103  -0.006761   0.004869   0.147753  -0.044246   0.027272   0.027674   0.003667 
  0.094667   0.186743  -0.028575  -0.002578  -0.054546   0.004297   0.011085  -0.031887   0.012380  -0.015641   0.005557   0.011058 
  0.084819   0.124399   0.015692   0.015814  -0.055348  -0.003094  -0.009848  -0.062344   0.044267   0.018392  -0.000802  -0.007391 
  0.097405   0.125189  -0.020301  -0.001662  -0.063255  -0.005615   0.012586   0.000790  -0.035993  -0.017476  -0.007907  -0.002521 
  0.103407   0.255950  -0.060829  -0.004813  -0.061879  -0.002521   0.006002   0.130761  -0.040528  -0.003151   0.001376   0.003094 
  0.101796   0.200401  -0.052334   0.050707  -0.056379   0.011287  -0.001611  -0.055549   0.008495   0.055520   0.005500   0.013808 
  0.079380   0.078082  -0.001006   0.004354  -0.056379   0.001318  -0.022416  -0.122319   0.051328  -0.046353   0.000000  -0.009969 
  0.095862   0.250949  -0.091759   0.066979  -0.053743   0.003151   0.016482   0.172867  -0.090753   0.062625   0.002636   0.001833 
  0.073942   0.225810  -0.156308   0.175669  -0.074771  -0.012089  -0.021920  -0.025139  -0.064549   0.108690  -0.021028  -0.015240 
  0.090634   0.177786  -0.100474   0.112701  -0.072823  -0.001261   0.016692  -0.048024   0.055834  -0.062968   0.001948   0.010828 
  0.086754   0.090393  -0.043609   0.110122  -0.062051   0.001432  -0.003880  -0.087393   0.056865  -0.002579   0.010772   0.002693 
  0.094031   0.220061  -0.089783   0.083824  -0.067895  -0.006073   0.007277   0.129668  -0.046174  -0.026298  -0.005844  -0.007505 
  0.086213   0.158003  -0.041907   0.080157  -0.068755  -0.006474  -0.007818  -0.062058   0.047876  -0.003667  -0.000860  -0.000401 
  0.072290   0.070135  -0.000957   0.056723  -0.081589  -0.013063  -0.013923  -0.087868   0.040950  -0.023434  -0.012834  -0.006589 
  0.083818   0.246849  -0.063227   0.055978  -0.084740  -0.020111   0.011528   0.176714  -0.062270  -0.000745  -0.003151  -0.007048 
  0.082804   0.114761   0.003518   0.051337  -0.082850  -0.010714  -0.001014  -0.132088   0.066745  -0.004641   0.001890   0.009397 
  0.068621   0.160027  -0.009965   0.045722  -0.071161  -0.036669  -0.014183   0.045266  -0.013483  -0.005615   0.011689  -0.025955 
  0.082151   0.227762  -0.029341   0.050363  -0.051108  -0.012319   0.013530   0.067735  -0.019376   0.004641   0.020053   0.024350 
  0.067232   0.084718   0.023438   0.029622  -0.064057  -0.024122  -0.014919  -0.143044   0.052779  -0.020741  -0.012949  -0.011803 
  0.078634   0.157013  -0.029253   0.016043  -0.050363  -0.016902   0.011402   0.072295  -0.052691  -0.013579   0.013694   0.007220 
  0.125285   0.293272  -0.270140   0.094939  -0.096372  -0.015413   0.046651   0.136259  -0.240887   0.078896  -0.046009   0.001489 
  0.074697   0.060420  -0.201508   0.174408  -0.086574  -0.005672  -0.050588  -0.232852   0.068632   0.079469   0.009798   0.009741 
  0.060079   0.115837  -0.180788   0.125592  -0.081704  -0.009740  -0.014618   0.055417   0.020720  -0.048816   0.004870  -0.004068 
  0.076113   0.203084  -0.106121   0.128457  -0.067666  -0.027674   0.016034   0.087247   0.074667   0.002865   0.014038  -0.017934 
  0.069743   0.042251  -0.047275   0.079240  -0.075630  -0.032544  -0.006370  -0.160833   0.058846  -0.049217  -0.007964  -0.004870 
  0.094652   0.212448  -0.169532   0.102961  -0.084740  -0.014897   0.024909   0.170197  -0.122257   0.023721  -0.009110   0.017647 
  0.080092   0.212920  -0.140900   0.129145  -0.079240  -0.028820  -0.014560   0.000472   0.028632   0.026184   0.005500  -0.013923 
  0.076501   0.105528  -0.086738   0.104966  -0.076203  -0.031914  -0.003591  -0.107392   0.054162  -0.024179   0.003037  -0.003094 
  0.077489   0.098787  -0.110061   0.084339  -0.073682  -0.024637   0.000988  -0.006741  -0.023323  -0.020627   0.002521   0.007277 
  0.077494   0.249696  -0.141697   0.108805  -0.073854  -0.014782   0.000005   0.150909  -0.031636   0.024466  -0.000172   0.009855 
  0.073003   0.156926  -0.122353   0.102330  -0.097346  -0.031685  -0.004491  -0.092770   0.019344  -0.006475  -0.023492  -0.016903 
  0.071905   0.072889  -0.089147   0.073797  -0.097346  -0.023434  -0.001098  -0.084037   0.033206  -0.028533   0.000000   0.008251 
  0.076378   0.225750  -0.160584   0.108747  -0.085027  -0.018965   0.004473   0.152861  -0.071437   0.034950   0.012319   0.004469 
  0.086715   0.208164  -0.156655   0.133270  -0.080902  -0.004584   0.010337  -0.017586   0.003929   0.024523   0.004125   0.014381 
  0.084216   0.108165  -0.104110   0.119863  -0.075745  -0.008422  -0.002499  -0.099999   0.052545  -0.013407   0.005157  -0.003838 
  0.086895   0.179970  -0.173724   0.137223  -0.101184  -0.015986   0.002679   0.071805  -0.069614   0.017360  -0.025439  -0.007564 
  0.083421   0.226718  -0.158538   0.149828  -0.084740  -0.007678  -0.003474   0.046748   0.015186   0.012605   0.016444   0.008308 
  0.077364   0.089256  -0.114696   0.105080  -0.106513  -0.025955  -0.006057  -0.137462   0.043842  -0.044748  -0.021773  -0.018277 
  0.083733   0.243612  -0.214481   0.139401  -0.103591  -0.009568   0.006369   0.154356  -0.099785   0.034321   0.002922   0.016387 
  0.089124   0.214812  -0.200254   0.158079  -0.099809  -0.010600   0.005391  -0.028800   0.014227   0.018678   0.003782  -0.001032 
  0.079747   0.110352  -0.119785   0.117227  -0.105023  -0.018163  -0.009377  -0.104460   0.080469  -0.040852  -0.005214  -0.007563 
  0.080287   0.203848  -0.172995   0.139401  -0.108690  -0.011918   0.000540   0.093496  -0.053210   0.022174  -0.003667   0.006245 
  0.085339   0.222621  -0.187156   0.147136  -0.086918  -0.010886   0.005052   0.018773  -0.014161   0.007735   0.021772   0.001032 
  0.078244   0.104912  -0.098469   0.121696  -0.093106  -0.014324  -0.007095  -0.117709   0.088687  -0.025440  -0.006188  -0.003438 
  0.082440   0.179873  -0.181089   0.121352  -0.114305  -0.000630   0.004196   0.074961  -0.082620  -0.000344  -0.021199   0.013694 
  0.084989   0.227514  -0.171303   0.095913  -0.104565  -0.016444   0.002549   0.047641   0.009786  -0.025439   0.009740  -0.015814 
  0.090059   0.152131  -0.145292   0.113159  -0.099867  -0.008308   0.005070  -0.075383   0.026011   0.017246   0.004698   0.008136 
  0.084158   0.107602  -0.133163   0.085600  -0.112873  -0.017819  -0.005901  -0.044529   0.012129  -0.027559  -0.013006  -0.009511 
  0.085661   0.258134  -0.174369   0.130692  -0.100726  -0.017246   0.001503   0.150532  -0.041206   0.045092   0.012147   0.000573 
  0.084253   0.188745  -0.159303   0.121639  -0.093163  -0.015986  -0.001408  -0.069389   0.015066  -0.009053   0.007563   0.001260 
  0.075865   0.106171  -0.120472   0.095913  -0.103476  -0.023434  -0.008388  -0.082574   0.038831  -0.025726  -0.010313  -0.007448 
  0.087756   0.234341  -0.175763   0.104851  -0.101872  -0.027273   0.011891   0.128170  -0.055291   0.008938   0.001604  -0.003839 
  0.092640   0.191262  -0.190226   0.158366  -0.099580  -0.015011   0.004884  -0.043079  -0.014463   0.053515   0.002292   0.012262 
  0.095012   0.145916  -0.159120   0.123243  -0.104049  -0.014496   0.002372  -0.045346   0.031106  -0.035123  -0.004469   0.000515 
  0.082827   0.105400  -0.144424   0.109320  -0.110695  -0.019423  -0.012185  -0.040516   0.014696  -0.013923  -0.006646  -0.004927 
  0.088227   0.232995  -0.160411   0.112414  -0.111669  -0.027215   0.005400   0.127595  -0.015987   0.003094  -0.000974  -0.007792 
  0.087991   0.210163  -0.165935   0.127197  -0.097288  -0.019309  -0.000236  -0.022832  -0.005524   0.014783   0.014381   0.007906 
  0.079299   0.115094  -0.106698   0.117284  -0.107831  -0.020225  -0.008692  -0.095069   0.059237  -0.009913  -0.010543  -0.000916 
  0.087275   0.154346  -0.133841   0.099924  -0.112128  -0.016558   0.007976   0.039252  -0.027143  -0.017360  -0.004297   0.003667 
  0.087562   0.226188  -0.173121   0.124676  -0.117628  -0.019939   0.000287   0.071842  -0.039280   0.024752  -0.005500  -0.003381 
  0.084706   0.113366  -0.112911   0.098835  -0.111841  -0.018105  -0.002856  -0.112822   0.060210  -0.025841   0.005787   0.001834 
  0.091785   0.132199  -0.138953   0.099064  -0.127827  -0.018335   0.007079   0.018833  -0.026042   0.000229  -0.015986  -0.000230 
  0.093119   0.270986  -0.182616   0.131780  -0.117342  -0.012777   0.001334   0.138787  -0.043663   0.032716   0.010485   0.005558 
  0.084488   0.133141  -0.130660   0.117972  -0.104622  -0.014152  -0.008631  -0.137845   0.051956  -0.013808   0.012720  -0.001375 
  0.080767   0.116861  -0.131856   0.097632  -0.103648  -0.016845  -0.003721  -0.016280  -0.001196  -0.020340   0.000974  -0.002693 
  0.085427   0.252594  -0.193075   0.126967  -0.107659  -0.021028   0.004660   0.135733  -0.061219   0.029335  -0.004011  -0.004183 
  0.083571   0.188098  -0.171498   0.143641  -0.114534  -0.020340  -0.001856  -0.064496   0.021577   0.016674  -0.006875   0.000688 
  0.088048   0.081287  -0.099220   0.114362  -0.102502  -0.023778   0.004477  -0.106811   0.072278  -0.029279   0.012032  -0.003438 
  0.094684   0.208138  -0.178218   0.117857  -0.127827  -0.023033   0.006636   0.126851  -0.078998   0.003495  -0.025325   0.000745 
  0.110660   0.235963  -0.165649   0.139515  -0.116081  -0.011746   0.015976   0.027825   0.012569   0.021658   0.011746   0.011287 
  0.108488   0.099996  -0.074677   0.112071  -0.092475  -0.005558  -0.002172  -0.135967   0.090972  -0.027444   0.023606   0.006188 
  0.111661   0.151147  -0.108870   0.112815  -0.103877   0.001662   0.003173   0.051151  -0.034193   0.000744  -0.011402   0.007220 
  0.107972   0.253453  -0.149674   0.128686  -0.101356  -0.009167  -0.003689   0.102306  -0.040804   0.015871   0.002521  -0.010829 
  0.105252   0.112939  -0.098025   0.099294  -0.099465  -0.003839  -0.002720  -0.140514   0.051649  -0.029392   0.001891   0.005328 
  0.106356   0.142913  -0.110596   0.103648  -0.095111  -0.003266   0.001104   0.029974  -0.012571   0.004354   0.004354   0.000573 
  0.106188   0.240438  -0.155098   0.097288  -0.104622  -0.010485  -0.000168   0.097525  -0.044502  -0.006360  -0.009511  -0.007219 
  0.096605   0.147451  -0.130114   0.121868  -0.106627  -0.009683  -0.009583  -0.092987   0.024984   0.024580  -0.002005   0.000802 
  0.103237   0.051319  -0.068138   0.058843  -0.121524  -0.004240   0.006632  -0.096132   0.061976  -0.063025  -0.014897   0.005443 
  0.132442   0.214647  -0.114447   0.071104  -0.123644   0.005042   0.029205   0.163328  -0.046309   0.012261  -0.002120   0.009282 
  0.122874   0.193974  -0.114575   0.094366  -0.109263  -0.005558  -0.009568  -0.020673  -0.000128   0.023262   0.014381  -0.010600 
  0.108361   0.073036  -0.067394   0.105825  -0.090413  -0.010084  -0.014513  -0.120938   0.047181   0.011459   0.018850  -0.004526 
  0.117643   0.194920  -0.110793   0.104622  -0.108117  -0.002865   0.009282   0.121884  -0.043399  -0.001203  -0.017704   0.007219 
  0.103808   0.203867  -0.118005   0.096887  -0.101986  -0.009969  -0.013835   0.008947  -0.007212  -0.007735   0.006131  -0.007104 
  0.099509   0.056627  -0.049921   0.080787  -0.099809  -0.005901  -0.004299  -0.147240   0.068084  -0.016100   0.002177   0.004068 
  0.093198   0.166986  -0.121017   0.082219  -0.100497  -0.020397  -0.006311   0.110359  -0.071096   0.001432  -0.000688  -0.014496 
  0.104590   0.207974  -0.148503   0.149771  -0.077578  -0.018736   0.011392   0.040988  -0.027486   0.067552   0.022919   0.001661 
  0.119399   0.124288  -0.121611   0.141521  -0.120092   0.002464   0.014809  -0.083686   0.026892  -0.008250  -0.042514   0.021200 
  0.113616   0.151345  -0.145946   0.085313  -0.125019  -0.018736  -0.005783   0.027057  -0.024335  -0.056208  -0.004927  -0.021200 
  0.104413   0.236570  -0.133495   0.079011  -0.120837  -0.014954  -0.009203   0.085225   0.012451  -0.006302   0.004182   0.003782 
  0.101095   0.079382  -0.064382   0.078266  -0.118258  -0.009740  -0.003318  -0.157188   0.069113  -0.000745   0.002579   0.005214 
  0.112605   0.169875  -0.125247   0.087204  -0.126337  -0.017876   0.011510   0.090493  -0.060865   0.008938  -0.008079  -0.008136 
  0.111283   0.208082  -0.149374   0.130119  -0.129603  -0.011918  -0.001322   0.038207  -0.024127   0.042915  -0.003266   0.005958 
  0.108055   0.107616  -0.082733   0.086860  -0.115623  -0.007792  -0.003228  -0.100466   0.066641  -0.043259   0.013980   0.004126 
  0.104222   0.172512  -0.155217   0.108174  -0.124389  -0.017303  -0.003833   0.064896  -0.072484   0.021314  -0.008766  -0.009511 
  0.108887   0.238913  -0.152225   0.134874  -0.105482  -0.004469   0.004665   0.066401   0.002992   0.026700   0.018907   0.012834 
  0.116557   0.150974  -0.118292   0.112529  -0.111727   0.004870   0.007670  -0.087939   0.033933  -0.022345  -0.006245   0.009339 
  0.111139   0.117892  -0.110913   0.098434  -0.111784   0.002177  -0.005418  -0.033082   0.007379  -0.014095  -0.000057  -0.002693 
  0.103869   0.215410  -0.133617   0.057238  -0.107831  -0.011173  -0.007270   0.097518  -0.022704  -0.041196   0.003953  -0.013350 
  0.082624   0.193030  -0.251128   0.044118  -0.120436  -0.013579  -0.021245  -0.022380  -0.117511  -0.013120  -0.012605  -0.002406 
  0.104107   0.108255  -0.184980   0.096543  -0.082850   0.025210   0.021483  -0.084775   0.066148   0.052425   0.037586   0.038789 
  0.118130   0.094671  -0.201989   0.300287  -0.087433   0.056666   0.014023  -0.013584  -0.017009   0.203744  -0.004583   0.031456 
  0.127035   0.210068  -0.238937   0.265623  -0.117857   0.056666   0.008905   0.115397  -0.036948  -0.034664  -0.030424   0.000000 
  0.142940   0.267455  -0.255051   0.294558  -0.124103   0.056723   0.015905   0.057387  -0.016114   0.028935  -0.006246   0.000057 
  0.134402   0.203496  -0.211170   0.280234  -0.117857   0.056723  -0.008538  -0.063959   0.043881  -0.014324   0.006246   0.000000 
  0.131976   0.142793  -0.217690   0.280176  -0.132296   0.046123  -0.002426  -0.060703  -0.006520  -0.000058  -0.014439  -0.010600 
  0.126939   0.268761  -0.248297   0.305215  -0.132869   0.032315  -0.005037   0.125968  -0.030607   0.025039  -0.000573  -0.013808 
  0.107900   0.257236  -0.245661   0.299313  -0.127884   0.032258  -0.019039  -0.011525   0.002636  -0.005902   0.004985  -0.000057 
  0.097282   0.096884  -0.173068   0.262357  -0.133900   0.030940  -0.010618  -0.160352   0.072593  -0.036956  -0.006016  -0.001318 
  0.102645   0.224084  -0.207125   0.214745  -0.139515   0.004240   0.005363   0.127200  -0.034057  -0.047612  -0.005615  -0.026700 
  0.122417   0.241829  -0.243189   0.255425  -0.130749   0.018105   0.019772   0.017745  -0.036064   0.040680   0.008766   0.013865 
  0.117000   0.175203  -0.262371   0.259321  -0.141635   0.044404  -0.005417  -0.066626  -0.019182   0.003896  -0.010886   0.026299 
  0.117506   0.095104  -0.231530   0.248033  -0.140890   0.039018   0.000506  -0.080099   0.030841  -0.011288   0.000745  -0.005386 
  0.112090   0.234029  -0.264044   0.268545  -0.137911   0.022460  -0.005416   0.138925  -0.032514   0.020512   0.002979  -0.016558 
  0.104269   0.219842  -0.230125   0.247919  -0.129947   0.022460  -0.007821  -0.014187   0.033919  -0.020626   0.007964   0.000000 
  0.102188   0.098828  -0.181774   0.204431  -0.129374   0.013923  -0.002081  -0.121014   0.048351  -0.043488   0.000573  -0.008537 
  0.106819   0.271299  -0.270683   0.238121  -0.132984   0.004068   0.004631   0.172471  -0.088909   0.033690  -0.003610  -0.009855 
  0.101591   0.197973  -0.228011   0.237892  -0.125822   0.013808  -0.005228  -0.073326   0.042672  -0.000229   0.007162   0.009740 
  0.093051   0.129490  -0.188114   0.214172  -0.133270   0.008709  -0.008540  -0.068483   0.039897  -0.023720  -0.007448  -0.005099 
  0.102649   0.257332  -0.252051   0.235486  -0.112873   0.010886   0.009598   0.127842  -0.063937   0.021314   0.020397   0.002177 
  0.093506   0.202825  -0.244262   0.223052  -0.123415   0.010829  -0.009143  -0.054507   0.007789  -0.012434  -0.010542  -0.000057 
  0.085616   0.113130  -0.169480   0.213713  -0.121524   0.008594  -0.007890  -0.089695   0.074782  -0.009339   0.001891  -0.002235 
  0.085696   0.245274  -0.237426   0.238121  -0.123702   0.006474   0.000080   0.132144  -0.067946   0.024408  -0.002178  -0.002120 
  0.085229   0.238273  -0.229417   0.227579  -0.121639   0.002693  -0.000467  -0.007001   0.008009  -0.010542   0.002063  -0.003781 
  0.075492   0.131416  -0.151581   0.192457  -0.128113  -0.011173  -0.009737  -0.106857   0.077836  -0.035122  -0.006474  -0.013866 
  0.078105   0.107735  -0.156695   0.096142  -0.171945  -0.020569   0.002613  -0.023681  -0.005114  -0.096315  -0.043832  -0.009396 
  0.097602   0.270992  -0.276135   0.264191  -0.125707   0.009110   0.019497   0.163257  -0.119440   0.168049   0.046238   0.029679 
  0.092475   0.171844  -0.186286   0.178075  -0.152292  -0.018793  -0.005127  -0.099148   0.089849  -0.086116  -0.026585  -0.027903 
  0.090574   0.139811  -0.186124   0.169080  -0.130806  -0.005672  -0.001901  -0.032033   0.000162  -0.008995   0.021486   0.013121 
  0.098865   0.298813  -0.226522   0.170054  -0.134072  -0.008652   0.008291   0.159002  -0.040398   0.000974  -0.003266  -0.002980 
  0.089264   0.201366  -0.210120   0.181341  -0.133728  -0.009798  -0.009601  -0.097447   0.016402   0.011287   0.000344  -0.001146 
  0.077981   0.141302  -0.191342   0.146104  -0.135275  -0.014095  -0.011283  -0.060064   0.018778  -0.035237  -0.001547  -0.004297 
  0.082701   0.291660  -0.236498   0.161517  -0.129546  -0.017475   0.004720   0.150358  -0.045156   0.015413   0.005729  -0.003380 
  0.073630   0.195979  -0.214868   0.171658  -0.158480  -0.043373  -0.009071  -0.095681   0.021630   0.010141  -0.028934  -0.025898 
  0.075092   0.120300  -0.181859   0.157334  -0.143526  -0.025096   0.001462  -0.075679   0.033009  -0.014324   0.014954   0.018277 
  0.082039   0.273086  -0.236005   0.156131  -0.142265  -0.022345   0.006947   0.152786  -0.054146  -0.001203   0.001261   0.002751 
  0.078906   0.214748  -0.209116   0.177044  -0.138255  -0.025840  -0.003133  -0.058338   0.026889   0.020913   0.004010  -0.003495 
  0.074155   0.142794  -0.194521   0.142666  -0.149427  -0.031112  -0.004751  -0.071954   0.014595  -0.034378  -0.011172  -0.005272 
  0.086615   0.267827  -0.215510   0.106169  -0.149886  -0.038789   0.012460   0.125033  -0.020989  -0.036497  -0.000459  -0.007677 
  0.086715   0.134975  -0.154716   0.116081  -0.142265  -0.022804   0.000100  -0.132852   0.060794   0.009912   0.007621   0.015985 
  0.093429   0.208492  -0.224006   0.143010  -0.142380  -0.004011   0.006714   0.073517  -0.069290   0.026929  -0.000115   0.018793 
  0.107131   0.356571  -0.276941   0.099867  -0.112873   0.009397   0.013702   0.148079  -0.052935  -0.043143   0.029507   0.013408 
  0.089665   0.240672  -0.253173   0.098205  -0.100268   0.002235  -0.017466  -0.115899   0.023768  -0.001662   0.012605  -0.007162 
  0.094347   0.185185  -0.269994   0.164553  -0.125478  -0.009167   0.004682  -0.055487  -0.016821   0.066348  -0.025210  -0.011402 
  0.099469   0.291230  -0.304617   0.147193  -0.140547  -0.028820   0.005122   0.106045  -0.034623  -0.017360  -0.015069  -0.019653 
  0.093496   0.226265  -0.267092   0.101184  -0.143297  -0.026471  -0.005973  -0.064965   0.037525  -0.046009  -0.002750   0.002349 
  0.087653   0.114493  -0.202985   0.087319  -0.139458  -0.017418  -0.005843  -0.111772   0.064107  -0.013865   0.003839   0.009053 
  0.093734   0.254729  -0.285474   0.142838  -0.132640  -0.013006   0.006081   0.140236  -0.082489   0.055519   0.006818   0.004412 
  0.099722   0.268014  -0.280808   0.129603  -0.134301  -0.009225   0.005988   0.013285   0.004666  -0.013235  -0.001661   0.003781 
  0.069798   0.257637  -0.354203   0.182258  -0.136364  -0.066635  -0.029924  -0.010377  -0.073395   0.052655  -0.002063  -0.057410 
  0.065191   0.148454  -0.241178   0.180424  -0.159053  -0.092189  -0.004607  -0.109183   0.113025  -0.001834  -0.022689  -0.025554 
  0.042832   0.244673  -0.315584   0.153667  -0.071620  -0.042915  -0.022359   0.096219  -0.074406  -0.026757   0.087433   0.049274 
  0.053250   0.240818  -0.258494   0.115852  -0.088178  -0.047154   0.010418  -0.003855   0.057090  -0.037815  -0.016558  -0.004239 
  0.036668   0.130881  -0.212885   0.101242  -0.085944  -0.050535  -0.016582  -0.109937   0.045609  -0.014610   0.002234  -0.003381 
  0.067394   0.282104  -0.268169   0.100153  -0.107773  -0.040508   0.030726   0.151223  -0.055284  -0.001089  -0.021829   0.010027 
  0.072629   0.254083  -0.258188   0.118144  -0.100268  -0.035810   0.005235  -0.028021   0.009981   0.017991   0.007505   0.004698 
  0.066666   0.188722  -0.234556   0.116597  -0.100325  -0.039076  -0.005963  -0.065361   0.023632  -0.001547  -0.000057  -0.003266 
  0.059511   0.126897  -0.188260   0.068698  -0.113560  -0.047441  -0.007155  -0.061825   0.046296  -0.047899  -0.013235  -0.008365 
  0.058954   0.299892  -0.258308   0.117055  -0.107716  -0.043946  -0.000557   0.172995  -0.070048   0.048357   0.005844   0.003495 
  0.076049   0.227854  -0.266372   0.142609  -0.108805  -0.041024   0.017095  -0.072038  -0.008064   0.025554  -0.001089   0.002922 
  0.060255   0.146216  -0.224501   0.113961  -0.106914  -0.047154  -0.015794  -0.081638   0.041871  -0.028648   0.001891  -0.006130 
  0.065735   0.186120  -0.242831   0.102388  -0.117399  -0.047269   0.005480   0.039904  -0.018330  -0.011573  -0.010485  -0.000115 
  0.073662   0.287273  -0.250736   0.096200  -0.117456  -0.048931   0.007927   0.101153  -0.007905  -0.006188  -0.000057  -0.001662 
  0.067481   0.148064  -0.212517   0.113961  -0.112529  -0.043258  -0.006181  -0.139209   0.038219   0.017761   0.004927   0.005673 
  0.070420   0.188709  -0.250624   0.110638  -0.097632  -0.044347   0.002939   0.040645  -0.038107  -0.003323   0.014897  -0.001089 
  0.075918   0.305115  -0.263134   0.096200  -0.112242  -0.044863   0.005498   0.116406  -0.012510  -0.014438  -0.014610  -0.000516 
  0.076048   0.182409  -0.232914   0.127311  -0.109378  -0.038159   0.000130  -0.122706   0.030220   0.031111   0.002864   0.006704 
