  0.000000   0.000000   0.000000   0.000000   0.000000   0.000000   0.000000   0.000000   0.000000   0.000000   0.000000   0.000000 
  0.008769   0.067573  -0.016516  -0.012147   0.010714   0.023262   0.008769   0.067573  -0.016516  -0.012147   0.010714   0.023262 
 -0.016604  -0.013677  -0.052351   0.001261   0.045951  -0.014553  -0.025373  -0.081250  -0.035835   0.013408   0.035237  -0.037815 
 -0.024812   0.033151  -0.083918  -0.028190   0.045951  -0.014553  -0.008208   0.046828  -0.031567  -0.029451   0.000000   0.000000 
  0.016682   0.051950  -0.115717  -0.017246   0.115336   0.072422   0.041494   0.018799  -0.031799   0.010944   0.069385   0.086975 
 -0.091633  -0.035229  -0.038282  -0.141807   0.186784   0.104106  -0.108315  -0.087179   0.077435  -0.124561   0.071448   0.031684 
 -0.130458   0.025373   0.007599  -0.035122   0.186899   0.082792  -0.038825   0.060602   0.045881   0.106685   0.000115  -0.021314 
 -0.075473  -0.006054  -0.091010   0.066864   0.123988   0.096429   0.054985  -0.031427  -0.098609   0.101986  -0.062911   0.013637 
 -0.126958   0.039498  -0.164880   0.155443   0.104737   0.056436  -0.051485   0.045552  -0.073870   0.088579  -0.019251  -0.039993 
 -0.041449   0.078021  -0.052123   0.111268   0.145474   0.155558   0.085509   0.038523   0.112757  -0.044175   0.040737   0.099122 
 -0.115113   0.024846   0.209656   0.255826   0.239955   0.147136  -0.073664  -0.053175   0.261779   0.144558   0.094481  -0.008422 
 -0.168904   0.038244   0.094693  -0.027960   0.204890   0.034148  -0.053791   0.013398  -0.114963  -0.283786  -0.035065  -0.112988 
 -0.264939   0.072055   0.156083   0.246945   0.218698   0.044404  -0.096035   0.033811   0.061390   0.274905   0.013808   0.010256 
 -0.175676   0.168877   0.295804   0.158824   0.248836   0.106742   0.089263   0.096822   0.139721  -0.088121   0.030138   0.062338 
 -0.166958  -0.017359   0.383471   0.135619   0.295933   0.093449   0.008718  -0.186236   0.087667  -0.023205   0.047097  -0.013293 
 -0.165183   0.170084   0.243929   0.181513   0.279833   0.085027   0.001775   0.187443  -0.139542   0.045894  -0.016100  -0.008422 
 -0.078135   0.248844   0.226878   0.156417   0.234855   0.073052   0.087048   0.078760  -0.017051  -0.025096  -0.044978  -0.011975 
 -0.059839   0.151623   0.124879   0.000974   0.135734   0.062452   0.018296  -0.097221  -0.101999  -0.155443  -0.099121  -0.010600 
 -0.087782   0.068447   0.257109  -0.075172   0.184492   0.026012  -0.027943  -0.083176   0.132230  -0.076146   0.048758  -0.036440 
 -0.158148  -0.006728   0.450965  -0.009568   0.304241  -0.015527  -0.070366  -0.075175   0.193856   0.065604   0.119749  -0.041539 
 -0.143423   0.190255   0.368807   0.101815   0.279718  -0.026872   0.014725   0.196983  -0.082158   0.111383  -0.024523  -0.011345 
 -0.132772   0.345526   0.267460   0.115336   0.235543  -0.026872   0.010651   0.155271  -0.101347   0.013521  -0.044175   0.000000 
 -0.120388   0.223884   0.267191   0.169252   0.204317   0.005157   0.012384  -0.121642  -0.000269   0.053916  -0.031226   0.032029 
 -0.107561   0.158237   0.358242   0.281322   0.192170   0.026356   0.012827  -0.065647   0.091051   0.112070  -0.012147   0.021199 
 -0.098856   0.201046   0.397515   0.162548   0.180253   0.042284   0.008705   0.042809   0.039273  -0.118774  -0.011917   0.015928 
 -0.114793   0.266409   0.401026   0.149771   0.220703   0.029908  -0.015937   0.065363   0.003511  -0.012777   0.040450  -0.012376 
 -0.114843   0.091527   0.335594   0.119462   0.226662   0.060848  -0.000050  -0.174882  -0.065432  -0.030309   0.005959   0.030940 
 -0.045026  -0.079558   0.278772   0.001776   0.086803   0.045264   0.069817  -0.171085  -0.056822  -0.117686  -0.139859  -0.015584 
 -0.029044   0.007656   0.093573   0.205062   0.106112   0.135734   0.015982   0.087214  -0.185199   0.203286   0.019309   0.090470 
 -0.027139   0.083494  -0.198266   0.460200   0.104164   0.227751   0.001905   0.075838  -0.291839   0.255138  -0.001948   0.092017 
  0.106911   0.415939  -0.851340   2.591889   0.005099   0.163121   0.134050   0.332445  -0.653074   2.131689  -0.099065  -0.064630 
  0.191304   0.565375  -0.815842   4.945543  -0.353400  -0.237033   0.084393   0.149436   0.035498   2.353654  -0.358499  -0.400154 
  0.171861   1.100664  -0.139557   4.822815  -0.164324  -0.312205  -0.019443   0.535289   0.676285  -0.122728   0.189076  -0.075172 
 -0.020015   1.440199   1.385974   3.390592   0.130004  -0.259836  -0.191876   0.339535   1.525531  -1.432223   0.294328   0.052369 
  0.010023   1.303840   1.497894   3.255890   0.071333  -0.395455   0.030038  -0.136359   0.111920  -0.134702  -0.058671  -0.135619 
  0.138744   0.975822   1.551365   2.120746  -0.216177  -0.277942   0.128721  -0.328018   0.053471  -1.135144  -0.287510   0.117513 
  0.137732   0.884612   0.582159   1.950348  -0.196696  -0.244596  -0.001012  -0.091210  -0.969206  -0.170398   0.019481   0.033346 
  0.149161   0.665344   0.867632   1.582108  -0.164553  -0.304470   0.011429  -0.219268   0.285473  -0.368240   0.032143  -0.059874 
  0.147184   0.557184   1.084515   1.162818  -0.139229  -0.191425  -0.001977  -0.108160   0.216883  -0.419290   0.025324   0.113045 
  0.174154   0.461994   1.389516   0.992879  -0.285963  -0.110180   0.026970  -0.095190   0.305001  -0.169939  -0.146734   0.081245 
  0.131127   0.419142   1.398568   1.018776  -0.317992  -0.214687  -0.043027  -0.042852   0.009052   0.025897  -0.032029  -0.104507 
  0.130266   0.701798   1.382737   1.115262  -0.314038  -0.240241  -0.000861   0.282656  -0.015831   0.096486   0.003954  -0.025554 
  0.127241   0.730314   1.368977   1.202123  -0.356838  -0.256169  -0.003025   0.028516  -0.013760   0.086861  -0.042800  -0.015928 
  0.130368   0.685516   1.389793   1.236558  -0.355635  -0.273473   0.003127  -0.044798   0.020816   0.034435   0.001203  -0.017304 
  0.133244   0.654785   1.463437   1.219254  -0.328591  -0.262988   0.002876  -0.030731   0.073644  -0.017304   0.027044   0.010485 
  0.131994   0.663466   1.496935   1.210660  -0.328534  -0.255596  -0.001250   0.008681   0.033498  -0.008594   0.000057   0.007392 
  0.134145   0.695190   1.478358   1.216447  -0.328534  -0.267915   0.002151   0.031724  -0.018577   0.005787   0.000000  -0.012319 
  0.130550   0.582434   1.475415   1.126378  -0.328534  -0.274046  -0.003595  -0.112756  -0.002943  -0.090069   0.000000  -0.006131 
  0.120366   0.540136   1.372404   1.051549  -0.307163  -0.277713  -0.010184  -0.042298  -0.103011  -0.074829   0.021371  -0.003667 
  0.112917   0.696938   1.378701   1.055560  -0.284359  -0.285849  -0.007449   0.156802   0.006297   0.004011   0.022804  -0.008136 
  0.132302   0.683028   1.356391   1.052352  -0.312262  -0.279030   0.019385  -0.013910  -0.022310  -0.003208  -0.027903   0.006819 
  0.122867   0.684812   1.366419   1.037340  -0.283098  -0.305387  -0.009435   0.001784   0.010028  -0.015012   0.029164  -0.026357 
  0.105308   0.516817   1.435605   1.015281  -0.271639  -0.267514  -0.017559  -0.167995   0.069186  -0.022059   0.011459   0.037873 
  0.112683   0.490141   1.410602   0.896450  -0.251242  -0.248148   0.007375  -0.026676  -0.025003  -0.118831   0.020397   0.019366 
 -0.030321   0.728914   1.220308   1.346909   0.057468  -0.273645  -0.143004   0.238773  -0.190294   0.450459   0.308710  -0.025497 
  0.051309   0.612999   1.174121   1.302505  -0.011345  -0.253018   0.081630  -0.115915  -0.046187  -0.044404  -0.068813   0.020627 
  0.072862   0.561674   0.894706   1.198914  -0.157506  -0.247059   0.021553  -0.051325  -0.279415  -0.103591  -0.146161   0.005959 
  0.121666   0.505055   1.346647   0.986863  -0.118831  -0.154928   0.048804  -0.056619   0.451941  -0.212051   0.038675   0.092131 
  0.136974   0.711300   1.200477   1.150327  -0.204661  -0.209301   0.015308   0.206245  -0.146170   0.163464  -0.085830  -0.054373 
  0.121827   0.646814   1.254092   1.140186  -0.217552  -0.253247  -0.015147  -0.064486   0.053615  -0.010141  -0.012891  -0.043946 
  0.127411   0.541906   1.313672   1.021297  -0.241215  -0.283958   0.005584  -0.104908   0.059580  -0.118889  -0.023663  -0.030711 
  0.147562   0.604009   1.392070   0.875422  -0.245684  -0.292552   0.020151   0.062103   0.078398  -0.145875  -0.004469  -0.008594 
  0.131884   0.676425   1.184348   1.092573  -0.226548  -0.335352  -0.015678   0.072416  -0.207722   0.217151   0.019136  -0.042800 
  0.119140   0.573682   1.251933   0.969731  -0.184492  -0.330998  -0.012744  -0.102743   0.067585  -0.122842   0.042056   0.004354 
  0.116204   0.432784   1.419139   0.874104  -0.220073  -0.332831  -0.002936  -0.140898   0.167206  -0.095627  -0.035581  -0.001833 
  0.114165   0.573470   1.313185   0.860468  -0.196066  -0.316903  -0.002039   0.140686  -0.105954  -0.013636   0.024007   0.015928 
  0.114212   0.568032   1.320940   0.731782  -0.178877  -0.329795   0.000047  -0.005438   0.007755  -0.128686   0.017189  -0.012892 
  0.105310   0.542163   1.286939   0.760086  -0.148339  -0.333748  -0.008902  -0.025869  -0.034001   0.028304   0.030538  -0.003953 
  0.119430   0.542451   1.293702   0.798932  -0.182716  -0.327102   0.014120   0.000288   0.006763   0.038846  -0.034377   0.006646 
  0.121011   0.465095   1.281341   0.806553  -0.198415  -0.348473   0.001581  -0.077356  -0.012361   0.007621  -0.015699  -0.021371 
  0.146617   0.556539   1.189229   0.821392  -0.215031  -0.348473   0.025606   0.091444  -0.092112   0.014839  -0.016616   0.000000 
  0.183501   0.593477   1.041797   0.801339  -0.190451  -0.284302   0.036884   0.036938  -0.147432  -0.020053   0.024580   0.064171 
  0.179641   0.497806   1.061659   0.773550  -0.180482  -0.273587  -0.003860  -0.095671   0.019862  -0.027789   0.009969   0.010715 
  0.149778   0.460527   1.155247   0.803516  -0.186211  -0.270780  -0.029863  -0.037279   0.093588   0.029966  -0.005729   0.002807 
  0.118264   0.413182   1.247497   0.759971  -0.187013  -0.338561  -0.031514  -0.047345   0.092250  -0.043545  -0.000802  -0.067781 
  0.112956   0.490066   1.274268   0.776587  -0.173148  -0.333519  -0.005308   0.076884   0.026771   0.016616   0.013865   0.005042 
  0.120117   0.566146   1.250819   0.810449  -0.173033  -0.341827   0.007161   0.076080  -0.023449   0.033862   0.000115  -0.008308 
  0.131409   0.650849   1.291438   0.885564  -0.192399  -0.341884   0.011292   0.084703   0.040619   0.075115  -0.019366  -0.000057 
  0.158412   0.562817   1.260595   0.869292  -0.228152  -0.314095   0.027003  -0.088032  -0.030843  -0.016272  -0.035753   0.027789 
  0.132440   0.585900   1.292122   0.900403  -0.210218  -0.318794  -0.025972   0.023083   0.031527   0.031111   0.017934  -0.004699 
  0.120914   0.530739   1.291975   0.903153  -0.220646  -0.325268  -0.011526  -0.055161  -0.000147   0.002750  -0.010428  -0.006474 
  0.128385   0.570963   1.257145   0.939937  -0.213427  -0.332545   0.007471   0.040224  -0.034830   0.036784   0.007219  -0.007277 
  0.136747   0.569952   1.253264   0.924582  -0.222308  -0.327331   0.008362  -0.001011  -0.003881  -0.015355  -0.008881   0.005214 
  0.134200   0.492381   1.210858   0.837836  -0.212281  -0.334722  -0.002547  -0.077571  -0.042406  -0.086746   0.010027  -0.007391 
  0.134075   0.388530   1.115830   0.760945  -0.190623  -0.332487  -0.000125  -0.103851  -0.095028  -0.076891   0.021658   0.002235 
  0.135406   0.533966   1.031017   0.719291  -0.170971  -0.337988   0.001331   0.145436  -0.084813  -0.041654   0.019652  -0.005501 
  0.129608   0.637747   1.096063   0.682679  -0.220761  -0.331112  -0.005798   0.103781   0.065046  -0.036612  -0.049790   0.006876 
  0.093082   0.629516   1.240401   0.576109  -0.260639  -0.297537  -0.036526  -0.008231   0.144338  -0.106570  -0.039878   0.033575 
  0.028203   0.349621   1.888336   0.732469  -0.217094  -0.369271  -0.064879  -0.279895   0.647935   0.156360   0.043545  -0.071734 
 -0.020482   0.270651   2.358443   0.554337  -0.185581  -0.344290  -0.048685  -0.078970   0.470107  -0.178132   0.031513   0.024981 
 -0.006735   0.238532   2.327766   0.660678  -0.143182  -0.369157   0.013747  -0.032119  -0.030677   0.106341   0.042399  -0.024867 
 -0.008146   0.303447   2.199589   0.650880  -0.074943  -0.319825  -0.001411   0.064915  -0.128177  -0.009798   0.068239   0.049332 
  0.046774   0.388780   1.834475   0.859379  -0.096887  -0.273473   0.054920   0.085333  -0.365114   0.208499  -0.021944   0.046352 
  0.077592   0.580637   1.448329   1.389824  -0.128457  -0.335123   0.030818   0.191857  -0.386146   0.530445  -0.031570  -0.061650 
  0.107568   0.730343   1.047586   2.233561  -0.206437  -0.363771   0.029976   0.149706  -0.400743   0.843737  -0.077980  -0.028648 
  0.140560   0.651116   0.694789   1.949546  -0.195436  -0.326471   0.032992  -0.079227  -0.352797  -0.284015   0.011001   0.037300 
  0.328697   0.709224  -0.439459   3.111046  -0.291750  -0.244939   0.188137   0.058108  -1.134248   1.161500  -0.096314   0.081532 
  0.372341   0.449569  -0.585611   2.983964  -0.220818  -0.147136   0.043644  -0.259655  -0.146152  -0.127082   0.070932   0.097803 
  0.128954   0.247327   0.311463   1.251512  -0.155386  -0.121925  -0.243387  -0.202242   0.897074  -1.732452   0.065432   0.025211 
  0.145929   0.570908   0.495471   0.735048  -0.198186  -0.428286   0.016975   0.323581   0.184008  -0.516464  -0.042800  -0.306361 
  0.137885   0.626733   0.247493   1.228937  -0.197499  -0.430922  -0.008044   0.055825  -0.247978   0.493889   0.000687  -0.002636 
  0.202057   0.814047  -0.884195   3.310378  -0.340452  -0.292151   0.064172   0.187314  -1.131688   2.081441  -0.142953   0.138771 
  0.156650   0.888419  -0.908359   2.894927  -0.184951  -0.239611  -0.045407   0.074372  -0.024164  -0.415451   0.155501   0.052540 
  0.179551   0.845948  -1.053441   3.209824  -0.300230  -0.299141   0.022901  -0.042471  -0.145082   0.314897  -0.115279  -0.059530 
  0.183513   0.868355  -1.127205   3.274339  -0.249924  -0.307105   0.003962   0.022407  -0.073764   0.064515   0.050306  -0.007964 
  0.183666   0.914588  -1.105552   3.162899  -0.292151  -0.296047   0.000153   0.046233   0.021653  -0.111440  -0.042227   0.011058 
  0.173641   0.753643  -1.211919   3.245863  -0.290833  -0.292667  -0.010025  -0.160945  -0.106367   0.082964   0.001318   0.003380 
  0.158660   0.745387  -1.266884   3.230680  -0.297537  -0.290089  -0.014981  -0.008256  -0.054965  -0.015183  -0.006704   0.002578 
  0.148610   0.868715  -1.176154   3.168972  -0.304699  -0.314611  -0.010050   0.123328   0.090730  -0.061708  -0.007162  -0.024522 
  0.144625   0.860006  -1.040858   3.074778  -0.333977  -0.321487  -0.003985  -0.008709   0.135296  -0.094194  -0.029278  -0.006876 
  0.145732   0.882578  -0.934991   3.059022  -0.323034  -0.323148   0.001107   0.022572   0.105867  -0.015756   0.010943  -0.001661 
  0.123217   0.902956  -0.521538   2.942769  -0.225745  -0.287224  -0.022515   0.020378   0.413453  -0.116253   0.097289   0.035924 
  0.117465   0.761356   0.177534   2.188183  -0.343889  -0.344863  -0.005752  -0.141600   0.699072  -0.754586  -0.118144  -0.057639 
  0.080682   0.748282   0.545743   2.382244  -0.516464  -0.432297  -0.036783  -0.013074   0.368209   0.194061  -0.172575  -0.087434 
 -0.005326   0.757418   0.665048   2.359440  -0.372308  -0.408863  -0.086008   0.009136   0.119305  -0.022804   0.144156   0.023434 
  0.101706   0.871013   0.334946   2.081613  -0.461575  -0.299714   0.107032   0.113595  -0.330102  -0.277827  -0.089267   0.109149 
  0.152369   0.753952   0.167018   1.905199  -0.511880  -0.220703   0.050663  -0.117061  -0.167928  -0.176414  -0.050305   0.079011 
  0.076858   0.653067   0.074921   1.462933  -0.285505  -0.218641  -0.075511  -0.100885  -0.092097  -0.442266   0.226375   0.002062 
  0.167190   0.788332   0.070339   1.884000  -0.469654  -0.438427   0.090332   0.135265  -0.004582   0.421067  -0.184149  -0.219786 
  0.123078   0.746176  -0.053614   1.702487  -0.424562  -0.403420  -0.044112  -0.042156  -0.123953  -0.181513   0.045092   0.035007 
  0.103538   0.602802  -0.163874   1.194044  -0.403019  -0.433213  -0.019540  -0.143374  -0.110260  -0.508443   0.021543  -0.029793 
  0.151366   0.500612   0.036630   0.970705  -0.339420  -0.403248   0.047828  -0.102190   0.200504  -0.223339   0.063599   0.029965 
  0.169326   0.122275   0.546027   0.453725  -0.175726  -0.222709   0.017960  -0.378337   0.509397  -0.516980   0.163694   0.180539 
  0.238676   0.125303   0.477273   0.484894   0.027158  -0.071963   0.069350   0.003028  -0.068754   0.031169   0.202884   0.150746 
  0.182853   0.056522   0.678914   0.225058  -0.415910  -0.246200  -0.055823  -0.068781   0.201641  -0.259836  -0.443068  -0.174237 
  0.224831   0.189813   0.557651   0.303209  -0.209817  -0.166960   0.041978   0.133291  -0.121263   0.078151   0.206093   0.079240 
  0.186616   0.145798   0.603432   0.472919  -0.210906  -0.217151  -0.038215  -0.044015   0.045781   0.169710  -0.001089  -0.050191 
  0.166348   0.209719   0.601527   0.379756  -0.247747  -0.242247  -0.020268   0.063921  -0.001905  -0.093163  -0.036841  -0.025096 
  0.119960   0.022038   0.714067   0.120264  -0.297136  -0.272556  -0.046388  -0.187681   0.112540  -0.259492  -0.049389  -0.030309 
  0.127011   0.258921   0.565674   0.176528  -0.308079  -0.298110   0.007051   0.236883  -0.148393   0.056264  -0.010943  -0.025554 
  0.148545   0.362032   0.527260   0.274676  -0.340050  -0.314840   0.021534   0.103111  -0.038414   0.098148  -0.031971  -0.016730 
  0.173694   0.075003   0.504778   0.096830  -0.143526  -0.205233   0.025149  -0.287029  -0.022482  -0.177846   0.196524   0.109607 
  0.193588  -0.017993   0.664894   0.194290  -0.069041  -0.052311   0.019894  -0.092996   0.160116   0.097460   0.074485   0.152922 
  0.213480   0.022862   0.711152   0.358213  -0.086689  -0.034549   0.019892   0.040855   0.046258   0.163923  -0.017648   0.017762 
  0.199981   0.095293   0.790129   0.405826  -0.092705  -0.066062  -0.013499   0.072431   0.078977   0.047613  -0.006016  -0.031513 
  0.225051  -0.126248   1.020377  -0.088522  -0.434760  -0.296735   0.025070  -0.221541   0.230248  -0.494348  -0.342055  -0.230673 
  0.111605  -0.469452   1.969615  -1.405351  -0.867573  -0.573244  -0.113446  -0.343204   0.949238  -1.316829  -0.432813  -0.276509 
 -0.131825  -0.280112   2.119675  -1.605370  -1.371260  -1.132623  -0.243430   0.189340   0.150060  -0.200019  -0.503687  -0.559379 
  0.091128  -0.150839   1.596997  -1.507738  -0.989670  -0.740090   0.222953   0.129273  -0.522678   0.097632   0.381590   0.392533 
  0.236025   0.090225  -0.139635   0.009110  -0.360333  -0.685372   0.144897   0.241064  -1.736632   1.516848   0.629337   0.054718 
  0.252180   0.028317   0.058040  -0.244596  -0.264248  -0.508099   0.016155  -0.061908   0.197675  -0.253706   0.096085   0.177273 
  0.238991  -0.115029   0.203896  -0.786327  -0.328992  -0.667381  -0.013189  -0.143346   0.145856  -0.541731  -0.064744  -0.159282 
  0.243780  -0.103444   0.264233  -0.885907  -0.318106  -0.649047   0.004789   0.011585   0.060337  -0.099580   0.010886   0.018334 
  0.237653  -0.125467   0.280215  -0.882928  -0.312434  -0.670418  -0.006127  -0.022023   0.015982   0.002979   0.005672  -0.021371 
  0.227764  -0.088618   0.305478  -0.911232  -0.326185  -0.684283  -0.009889   0.036849   0.025263  -0.028304  -0.013751  -0.013865 
  0.251945  -0.080139   0.301897  -0.860926  -0.325727  -0.643432   0.024181   0.008479  -0.003581   0.050306   0.000458   0.040851 
  0.246610  -0.033259   0.262506  -0.774009  -0.343202  -0.644406  -0.005335   0.046880  -0.039391   0.086917  -0.017475  -0.000974 
  0.237777  -0.048630   0.283743  -0.736480  -0.325727  -0.630597  -0.008833  -0.015371   0.021237   0.037529   0.017475   0.013809 
  0.116034  -0.195067   0.367930  -0.857890  -0.303954  -0.961423  -0.121743  -0.146437   0.084187  -0.121410   0.021773  -0.330826 
  0.079906  -0.236588   0.272198  -0.883501  -0.314955  -1.341982  -0.036128  -0.041521  -0.095732  -0.025611  -0.011001  -0.380559 
 -0.029413  -0.375364   0.051276  -0.927848  -0.171945  -1.364327  -0.109319  -0.138776  -0.220922  -0.044347   0.143010  -0.022345 
  0.081827  -0.140438   0.157376  -0.737339  -0.268889  -0.964861   0.111240   0.234926   0.106100   0.190509  -0.096944   0.399466 
  0.072293  -0.279875   0.341007  -1.046221  -0.343488  -0.950537  -0.009534  -0.139437   0.183631  -0.308882  -0.074599   0.014324 
  0.103735  -0.193579   0.350369  -1.053899  -0.264019  -0.856686   0.031442   0.086296   0.009362  -0.007678   0.079469   0.093851 
  0.127133  -0.176482   0.951359  -0.801625  -0.769883  -0.910716   0.023398   0.017097   0.600990   0.252274  -0.505864  -0.054030 
  0.115924  -0.216192   0.762726  -0.720208  -0.361364  -0.722672  -0.011209  -0.039710  -0.188633   0.081417   0.408519   0.188044 
  0.146628   0.061975   0.313767  -0.696889  -0.338790  -0.731839   0.030704   0.278167  -0.448959   0.023319   0.022574  -0.009167 
  0.140371   0.080685   0.212254  -0.557603  -0.308538  -0.726740  -0.006257   0.018710  -0.101513   0.139286   0.030252   0.005099 
  0.144869  -0.056400   0.416209  -0.846087  -0.282182  -0.763409   0.004498  -0.137085   0.203955  -0.288484   0.026356  -0.036669 
  0.163248  -0.080661   0.376120  -0.855369  -0.308022  -0.788103   0.018379  -0.024261  -0.040089  -0.009282  -0.025840  -0.024694 
  0.137708  -0.124814   0.440292  -0.805980  -0.271181  -0.815548  -0.025540  -0.044153   0.064172   0.049389   0.036841  -0.027445 
  0.122644  -0.011776   0.417078  -0.710525  -0.317992  -0.799047  -0.015064   0.113038  -0.023214   0.095455  -0.046811   0.016501 
  0.116385   0.052868   0.434544  -0.688924  -0.371735  -0.803344  -0.006259   0.064644   0.017466   0.021601  -0.053743  -0.004297 
  0.130140  -0.073510   0.459495  -0.801740  -0.341311  -0.820590   0.013755  -0.126378   0.024951  -0.112816   0.030424  -0.017246 
  0.125143  -0.045009   0.250394  -0.532908  -0.393622  -0.862072  -0.004997   0.028501  -0.209101   0.268832  -0.052311  -0.041482 
  0.145729  -0.018426   0.157433  -0.766732  -0.352025  -1.024391   0.020586   0.026583  -0.092961  -0.233824   0.041597  -0.162319 
  0.209654  -0.085641   0.253058  -0.803974  -0.367381  -0.906305   0.063925  -0.067215   0.095625  -0.037242  -0.015356   0.118086 
  0.207705   0.003000   0.135179  -0.693737  -0.298511  -0.876454  -0.001949   0.088641  -0.117879   0.110237   0.068870   0.029851 
  0.212827   0.079040   0.154853  -0.592897  -0.287911  -0.879605   0.005122   0.076040   0.019674   0.100840   0.010600  -0.003151 
  0.245575  -0.050698   0.168838  -0.794692  -0.367151  -0.969559   0.032748  -0.129738   0.013985  -0.201795  -0.079240  -0.089954 
  0.275683   0.161136   0.355759  -1.026568  -0.649276  -0.925441   0.030108   0.211834   0.186921  -0.231876  -0.282125   0.044118 
  0.148675   0.249259   0.825951  -0.283500  -0.468737  -0.765357  -0.127008   0.088123   0.470192   0.743068   0.180539   0.160084 
  0.180357   0.299165   0.578869  -0.301720  -0.448397  -0.776301   0.031682   0.049906  -0.247082  -0.018220   0.020340  -0.010944 
  0.199150   0.162165   0.260264  -0.313580  -0.255539  -0.744158   0.018793  -0.137000  -0.318605  -0.011860   0.192858   0.032143 
  0.158414   0.105676   0.369075  -0.105310  -0.236746  -0.739287  -0.040736  -0.056489   0.108811   0.208270   0.018793   0.004871 
  0.205475   0.209616   0.081740  -0.180138  -0.247059  -0.680044   0.047061   0.103940  -0.287335  -0.074828  -0.010313   0.059243 
  0.232123   0.096377   0.065264  -0.214687  -0.159511  -0.719921   0.026648  -0.113239  -0.016476  -0.034549   0.087548  -0.039877 
  0.229928   0.182702   0.001835  -0.323836  -0.227235  -0.764097  -0.002195   0.086325  -0.063429  -0.109149  -0.067724  -0.044176 
  0.217918   0.035201   0.104405  -0.415681  -0.230157  -0.789994  -0.012010  -0.147501   0.102570  -0.091845  -0.002922  -0.025897 
  0.213255   0.102561   0.210971  -0.404795  -0.210046  -0.781686  -0.004663   0.067360   0.106566   0.010886   0.020111   0.008308 
  0.211339   0.124597   0.195098  -0.392190  -0.205978  -0.783806  -0.001916   0.022036  -0.015873   0.012605   0.004068  -0.002120 
  0.211676   0.036545   0.230445  -0.422155  -0.194519  -0.812569   0.000337  -0.088052   0.035347  -0.029965   0.011459  -0.028763 
  0.337127   0.112624   0.271767  -0.258805  -0.361193  -0.912550   0.125451   0.076079   0.041322   0.163350  -0.166674  -0.099981 
  0.261673   0.255465   0.256162  -0.244768  -0.247460  -0.859666  -0.075454   0.142841  -0.015605   0.014037   0.113733   0.052884 
  0.238219   0.178300   0.194986  -0.225115  -0.236001  -0.809475  -0.023454  -0.077165  -0.061176   0.019653   0.011459   0.050191 
  0.179610   0.008326   0.101134  -0.429432  -0.233079  -0.848321  -0.058609  -0.169974  -0.093852  -0.204317   0.002922  -0.038846 
  0.179599  -0.023793   0.076912  -0.460601  -0.235829  -0.853249  -0.000011  -0.032119  -0.024222  -0.031169  -0.002750  -0.004928 
  0.197756   0.005290   0.078881  -0.373454  -0.223167  -0.876224   0.018157   0.029083   0.001969   0.087147   0.012662  -0.022975 
  0.197924   0.100641   0.125336  -0.313179  -0.225459  -0.859838   0.000168   0.095351   0.046455   0.060275  -0.002292   0.016386 
  0.205730   0.170980   0.134995  -0.290833  -0.243564  -0.846259   0.007806   0.070339   0.009659   0.022346  -0.018105   0.013579 
  0.214451   0.140676   0.148147  -0.300688  -0.225860  -0.844654   0.008721  -0.030304   0.013152  -0.009855   0.017704   0.001605 
  0.214469   0.119340   0.156832  -0.315471  -0.228667  -0.847004   0.000018  -0.021336   0.008685  -0.014783  -0.002807  -0.002350 
  0.220380   0.122593   0.148062  -0.323664  -0.225172  -0.837378   0.005911   0.003253  -0.008770  -0.008193   0.003495   0.009626 
  0.223334   0.140751   0.143018  -0.323778  -0.221677  -0.831362   0.002954   0.018158  -0.005044  -0.000114   0.003495   0.006016 
  0.214384   0.140208   0.157826  -0.330769  -0.231532  -0.828783  -0.008950  -0.000543   0.014808  -0.006991  -0.009855   0.002579 
  0.214231   0.112235   0.163476  -0.357927  -0.234741  -0.835544  -0.000153  -0.027973   0.005650  -0.027158  -0.003209  -0.006761 
  0.228514   0.083965   0.158332  -0.343832  -0.214745  -0.827408   0.014283  -0.028270  -0.005144   0.014095   0.019996   0.008136 
  0.214776   0.018945   0.199123  -0.347613  -0.198072  -0.849009  -0.013738  -0.065020   0.040791  -0.003781   0.016673  -0.021601 
  0.194293  -0.011806   0.323191  -0.451663  -0.169538  -0.856114  -0.020483  -0.030751   0.124068  -0.104050   0.028534  -0.007105 
  0.110075  -0.085222   0.669985  -0.537377  -0.114362  -0.872099  -0.084218  -0.073416   0.346794  -0.085714   0.055176  -0.015985 
  0.095878  -0.028397   0.907945  -0.286479  -0.186842  -0.839039  -0.014197   0.056825   0.237960   0.250898  -0.072480   0.033060 
  0.107885   0.266178   0.957320  -0.254794  -0.117284  -0.876797   0.012007   0.294575   0.049375   0.031685   0.069558  -0.037758 
  0.117710   0.363880   0.917673  -0.202140  -0.112644  -0.903039   0.009825   0.097702  -0.039647   0.052654   0.004640  -0.026242 
  0.117305   0.431103   1.079430  -0.038961  -0.109607  -0.897538  -0.000405   0.067223   0.161757   0.163179   0.003037   0.005501 
  0.124273   0.357531   1.228856   0.007277  -0.135275  -0.908940   0.006968  -0.073572   0.149426   0.046238  -0.025668  -0.011402 
  0.133300   0.400575   1.187125   0.079584  -0.170340  -0.937072   0.009027   0.043044  -0.041731   0.072307  -0.035065  -0.028132 
  0.143454   0.327836   1.154539   0.076433  -0.165871  -0.929681   0.010154  -0.072739  -0.032586  -0.003151   0.004469   0.007391 
  0.141976   0.341907   1.113229   0.077980  -0.175153  -0.909341  -0.001478   0.014071  -0.041310   0.001547  -0.009282   0.020340 
  0.145941   0.318713   1.116267   0.075860  -0.197670  -0.867458   0.003965  -0.023194   0.003038  -0.002120  -0.022517   0.041883 
  0.128580   0.331285   1.100309   0.069328  -0.167304  -0.870495  -0.017361   0.012572  -0.015958  -0.006532   0.030366  -0.003037 
  0.134224   0.347443   1.067326   0.064859  -0.171085  -0.884360   0.005644   0.016158  -0.032983  -0.004469  -0.003781  -0.013865 
  0.138515   0.340305   1.051516   0.086803  -0.186211  -0.885392   0.004291  -0.007138  -0.015810   0.021944  -0.015126  -0.001032 
  0.150322   0.331897   1.036418   0.085543  -0.199332  -0.888142   0.011807  -0.008408  -0.015098  -0.001260  -0.013121  -0.002750 
  0.169009   0.321981   1.041013   0.133556  -0.275765  -0.864020   0.018687  -0.009916   0.004595   0.048013  -0.076433   0.024122 
  0.163409   0.216455   1.116307   0.056035  -0.228610  -0.793031  -0.005600  -0.105526   0.075294  -0.077521   0.047155   0.070989 
  0.166092   0.149516   1.006978   0.044290  -0.277312  -0.807412   0.002683  -0.066939  -0.109329  -0.011745  -0.048702  -0.014381 
  0.168101   0.239874   0.922968   0.042342  -0.340452  -0.823799   0.002009   0.090358  -0.084010  -0.001948  -0.063140  -0.016387 
  0.152435   0.257173   1.042018  -0.076203  -0.287052  -0.815605  -0.015666   0.017299   0.119050  -0.118545   0.053400   0.008194 
  0.141146   0.076435   1.165513  -0.461804  -0.235944  -0.796698  -0.011289  -0.180738   0.123495  -0.385601   0.051108   0.018907 
  0.263027   0.083049   1.066118  -0.294042  -0.109550  -0.239726   0.121881   0.006614  -0.099395   0.167762   0.126394   0.556972 
  0.297718   0.108309   1.011221  -0.175898  -0.121352  -0.139802   0.034691   0.025260  -0.054897   0.118144  -0.011802   0.099924 
  0.223816   0.120163   1.149223  -0.222823  -0.156246  -0.296162  -0.073902   0.011854   0.138002  -0.046925  -0.034894  -0.156360 
  0.260328   0.058946   1.121497  -0.162147  -0.035638  -0.270264   0.036512  -0.061217  -0.027726   0.060676   0.120608   0.025898 
  0.245749   0.093815   1.175788  -0.220130  -0.028132  -0.276223  -0.014579   0.034869   0.054291  -0.057983   0.007506  -0.005959 
  0.234512   0.080596   1.128065  -0.152579  -0.081475  -0.297766  -0.011237  -0.013219  -0.047723   0.067551  -0.053343  -0.021543 
  0.205865   0.014330   0.576625   0.010199  -0.126452  -0.268603  -0.028647  -0.066266  -0.551440   0.162778  -0.044977   0.029163 
  0.223421  -0.069080   0.785413  -0.280004  -0.215260  -0.292323   0.017556  -0.083410   0.208788  -0.290203  -0.088808  -0.023720 
  0.231368  -0.036646   0.786182  -0.228266  -0.286536  -0.291234   0.007947   0.032434   0.000769   0.051738  -0.071276   0.001089 
  0.223603  -0.003040   0.869409  -0.301777  -0.269290  -0.270608  -0.007765   0.033606   0.083227  -0.073511   0.017246   0.020626 
  0.270794  -0.031165   0.765068  -0.055978  -0.269004  -0.198644   0.047191  -0.028125  -0.104341   0.245799   0.000286   0.071964 
  0.270407   0.067365   0.666715   0.023033  -0.284416  -0.258003  -0.000387   0.098530  -0.098353   0.079011  -0.015412  -0.059359 
  0.271789  -0.129418   0.369821  -0.410352  -0.168049  -0.283156   0.001382  -0.196783  -0.296894  -0.433385   0.116367  -0.025153 
  0.235697  -0.148231   0.386853  -0.441464  -0.140031  -0.326987  -0.036092  -0.018813   0.017032  -0.031112   0.028018  -0.043831 
  0.231653  -0.209132   0.636729  -0.722442   0.005730  -0.327388  -0.004044  -0.060901   0.249876  -0.280978   0.145761  -0.000401 
  0.219284  -0.249259   0.580056  -1.050232  -0.083136  -0.590605  -0.012369  -0.040127  -0.056673  -0.327790  -0.088866  -0.263217 
 -0.044821  -0.170939   2.048775   0.038274   0.028877  -0.737110  -0.264105   0.078320   1.468719   1.088506   0.112013  -0.146505 
 -0.161253   0.567791   3.064630   2.065685   0.208327  -0.896679  -0.116432   0.738730   1.015855   2.027411   0.179450  -0.159569 
 -0.157593   0.824869   3.579051   2.210471   0.059645  -1.180350   0.003660   0.257078   0.514421   0.144786  -0.148682  -0.283671 
 -0.129326   1.136465   3.089737   2.026838  -0.002922  -1.155140   0.028267   0.311596  -0.489314  -0.183633  -0.062567   0.025210 
 -0.098356   1.065359   2.878467   1.911731  -0.081074  -1.173188   0.030970  -0.071106  -0.211270  -0.115107  -0.078152  -0.018048 
  0.109118   0.808785   1.244479   0.708520  -0.178992  -1.038601   0.207474  -0.256574  -1.633988  -1.203211  -0.097918   0.134587 
  0.180946   0.524363   0.360419   0.073797  -0.184550  -0.903383   0.071828  -0.284422  -0.884060  -0.634723  -0.005558   0.135218 
  0.168223   0.268542   0.373009  -0.042628  -0.169825  -0.860182  -0.012723  -0.255821   0.012590  -0.116425   0.014725   0.043201 
  0.149174   0.224751   0.362184  -0.078954  -0.096601  -0.873933  -0.019049  -0.043791  -0.010825  -0.036326   0.073224  -0.013751 
  0.077715   0.263339   0.361931  -0.062510  -0.030481  -0.789822  -0.071459   0.038588  -0.000253   0.016444   0.066120   0.084111 
  0.019209   0.171777   0.432937  -0.033805   0.032372  -0.773436  -0.058506  -0.091562   0.071006   0.028705   0.062853   0.016386 
  0.028570   0.222349   0.434697  -0.014610   0.000115  -0.802026   0.009361   0.050572   0.001760   0.019195  -0.032257  -0.028590 
  0.030522   0.154738   0.510086  -0.181971  -0.035581  -0.822481   0.001952  -0.067611   0.075389  -0.167361  -0.035696  -0.020455 
  0.025799   0.159639   0.573379  -0.445532  -0.035581  -0.847519  -0.004723   0.004901   0.063293  -0.263561   0.000000  -0.025038 
  0.000666   0.113230   0.543270  -0.363427  -0.049332  -0.868318  -0.025133  -0.046409  -0.030109   0.082105  -0.013751  -0.020799 
  0.028540   0.179161   0.591865  -0.489822  -0.027731  -0.857718   0.027874   0.065931   0.048595  -0.126395   0.021601   0.010600 
  0.088257   0.161811   0.701673  -0.227579  -0.205004  -0.791026   0.059717  -0.017350   0.109808   0.262243  -0.177273   0.066692 
  0.084514   0.118226   0.678899  -0.266712  -0.138770  -0.786327  -0.003743  -0.043585  -0.022774  -0.039133   0.066234   0.004699 
  0.091823   0.261493   0.620078  -0.263618  -0.153725  -0.801625   0.007309   0.143267  -0.058821   0.003094  -0.014955  -0.015298 
  0.091264   0.101044   0.674510  -0.300058  -0.133385  -0.822194  -0.000559  -0.160449   0.054432  -0.036440   0.020340  -0.020569 
  0.091496   0.237317   0.759762  -0.289057  -0.152292  -0.834284   0.000232   0.136273   0.085252   0.011001  -0.018907  -0.012090 
  0.110594   0.056631   0.801046  -0.332717  -0.177330  -0.846316   0.019098  -0.180686   0.041284  -0.043660  -0.025038  -0.012032 
  0.123243   0.220210   0.740629  -0.335639  -0.164955  -0.865625   0.012649   0.163579  -0.060417  -0.002922   0.012375  -0.019309 
  0.123033   0.182429   0.740715  -0.325154  -0.143068  -0.878459  -0.000210  -0.037781   0.000086   0.010485   0.021887  -0.012834 
  0.101976   0.172346   0.696910  -0.284588  -0.119519  -0.865739  -0.021057  -0.010083  -0.043805   0.040566   0.023549   0.012720 
  0.096824   0.249029   0.732244  -0.283958  -0.139802  -0.872729  -0.005152   0.076683   0.035334   0.000630  -0.020283  -0.006990 
  0.083238   0.080801   0.742839  -0.297537  -0.103247  -0.879605  -0.013586  -0.168228   0.010595  -0.013579   0.036555  -0.006876 
  0.089034   0.277397   0.739141  -0.294099  -0.123301  -0.880350   0.005796   0.196596  -0.003698   0.003438  -0.020054  -0.000745 
  0.082056   0.089199   0.850862  -0.327102  -0.107258  -0.899601  -0.006978  -0.188198   0.111721  -0.033003   0.016043  -0.019251 
  0.090362   0.184875   0.777975  -0.283041  -0.090527  -0.889975   0.008306   0.095676  -0.072887   0.044061   0.016731   0.009626 
  0.081706   0.216624   0.804327  -0.279145  -0.063713  -0.927848  -0.008656   0.031749   0.026352   0.003896   0.026814  -0.037873 
  0.040411   0.074348   0.959886  -0.201108   0.020913  -0.969044  -0.041295  -0.142276   0.155559   0.078037   0.084626  -0.041196 
  0.040026   0.244219   1.016009  -0.127712  -0.019022  -0.964001  -0.000385   0.169871   0.056123   0.073396  -0.039935   0.005043 
  0.065765   0.329302   1.092237  -0.147823  -0.020455  -0.946698   0.025739   0.085083   0.076228  -0.020111  -0.001433   0.017303 
  0.198760   0.120718   0.858056   0.406800  -0.179737  -0.691102   0.132995  -0.208584  -0.234181   0.554623  -0.159282   0.255596 
  0.226088   0.386429   0.550192   1.278842  -0.296620  -0.891408   0.027328   0.265711  -0.307864   0.872042  -0.116883  -0.200306 
  0.299726   0.847146   0.070083   1.823094  -0.288828  -0.970132   0.073638   0.460717  -0.480109   0.544252   0.007792  -0.078724 
  0.354684   0.942255  -0.118098   2.419887  -0.382850  -1.000499   0.054958   0.095109  -0.188181   0.596793  -0.094022  -0.030367 
  0.440882   0.936900  -0.563098   3.232800  -0.528382  -1.022730   0.086198  -0.005355  -0.445000   0.812913  -0.145532  -0.022231 
  0.400098   0.970158  -0.532713   3.303732  -0.413790  -0.926129  -0.040784   0.033258   0.030385   0.070932   0.114592   0.096601 
  0.239442   0.809621   0.043275   2.358237  -0.143526  -0.682622  -0.160656  -0.160537   0.575988  -0.945495   0.270264   0.243507 
  0.342331   0.561701   0.507406   1.624679  -0.352827  -0.564936   0.102889  -0.247920   0.464131  -0.733558  -0.209301   0.117686 
  0.288232   0.609759   0.636789   1.600729  -0.338332  -0.689211  -0.054099   0.048058   0.129383  -0.023950   0.014495  -0.124275 
  0.188087   0.733099   1.911567   2.098401  -0.344806  -1.017516  -0.100145   0.123340   1.274778   0.497672  -0.006474  -0.328305 
 -0.036836   0.724456   2.893450   0.777848   0.101299  -1.144598  -0.224923  -0.008643   0.981883  -1.320553   0.446105  -0.127082 
 -0.128065   0.841465   1.225806   1.266810   0.370475  -1.133253  -0.091229   0.117009  -1.667644   0.488962   0.269176   0.011345 
 -0.098595   0.689539   1.339479   1.102142   0.247460  -1.073322   0.029470  -0.151926   0.113673  -0.164668  -0.123015   0.059931 
 -0.100750   0.657508   1.431742   1.106897   0.238866  -1.080197  -0.002155  -0.032031   0.092263   0.004755  -0.008594  -0.006875 
 -0.103955   0.602596   1.480643   1.151817   0.196467  -1.098761  -0.003205  -0.054912   0.048901   0.044920  -0.042399  -0.018564 
 -0.061750   0.762002   1.316193   1.185965   0.118774  -1.141733   0.042205   0.159406  -0.164450   0.034148  -0.077693  -0.042972 
 -0.058822   0.613103   1.179894   0.886939  -0.014037  -1.159323   0.002928  -0.148899  -0.136299  -0.299026  -0.132811  -0.017590 
 -0.053031   0.504859   1.395924   0.825632  -0.004297  -1.126722   0.005791  -0.108244   0.216030  -0.061307   0.009740   0.032601 
 -0.057560   0.587671   1.429171   0.790223   0.002521  -1.151473  -0.004529   0.082812   0.033247  -0.035409   0.006818  -0.024751 
 -0.047344   0.610115   1.480215   0.787015   0.004813  -1.135545   0.010216   0.022444   0.051044  -0.003208   0.002292   0.015928 
 -0.010542   0.544480   1.447071   0.756591   0.007277  -1.099964   0.036802  -0.065635  -0.033144  -0.030424   0.002464   0.035581 
 -0.013719   0.476637   1.341353   0.714994   0.010714  -1.092802  -0.003177  -0.067843  -0.105718  -0.041597   0.003437   0.007162 
 -0.033476   0.541846   1.330127   0.694310   0.040394  -1.079166  -0.019757   0.065209  -0.011226  -0.020684   0.029680   0.013636 
 -0.061078   0.578177   1.333237   0.661766   0.069041  -1.105293  -0.027602   0.036331   0.003110  -0.032544   0.028647  -0.026127 
 -0.055089   0.543491   1.413696   0.601548   0.051509  -1.036824   0.005989  -0.034686   0.080459  -0.060218  -0.017532   0.068469 
 -0.143319   0.488948   1.658026   0.422900   0.238236  -1.003765  -0.088230  -0.054543   0.244330  -0.178648   0.186727   0.033059 
 -0.126181   0.402686   1.551100   0.184722   0.351968  -1.086557   0.017138  -0.086262  -0.106926  -0.238178   0.113732  -0.082792 
 -0.213599   0.479231   1.788346   0.629222   0.359989  -1.197023  -0.087418   0.076545   0.237246   0.444500   0.008021  -0.110466 
 -0.139604   0.477226   1.875077   0.500078   0.141062  -1.042611   0.073995  -0.002005   0.086731  -0.129144  -0.218927   0.154412 
 -0.128644   0.415140   1.640878   0.520761   0.222480  -1.048054   0.010960  -0.062086  -0.234199   0.020683   0.081418  -0.005443 
 -0.118108   0.576346   1.675983   0.517667   0.205577  -1.087474   0.010536   0.161206   0.035105  -0.003094  -0.016903  -0.039420 
 -0.107827   0.515658   1.646730   0.431265   0.166903  -1.082718   0.010281  -0.060688  -0.029253  -0.086402  -0.038674   0.004756 
 -0.107952   0.498733   1.657662   0.417113   0.156761  -1.090339  -0.000125  -0.016925   0.010932  -0.014152  -0.010142  -0.007621 
 -0.103037   0.483627   1.649683   0.367839   0.139859  -1.103803   0.004915  -0.015106  -0.007979  -0.049274  -0.016902  -0.013464 
 -0.088457   0.468876   1.601510   0.362568   0.128572  -1.082145   0.014580  -0.014751  -0.048173  -0.005271  -0.011287   0.021658 
 -0.088097   0.505226   1.571714   0.347155   0.118717  -1.063524   0.000360   0.036350  -0.029796  -0.015413  -0.009855   0.018621 
 -0.078548   0.446179   1.562361   0.329393   0.140317  -1.043528   0.009549  -0.059047  -0.009353  -0.017762   0.021600   0.019996 
 -0.083530   0.477568   1.565551   0.310371   0.134244  -1.082375  -0.004982   0.031389   0.003190  -0.019022  -0.006073  -0.038847 
 -0.096488   0.429428   1.559584   0.269577   0.142609  -1.088505  -0.012958  -0.048140  -0.005967  -0.040794   0.008365  -0.006130 
 -0.102102   0.417927   1.543691   0.235944   0.183690  -1.077103  -0.005614  -0.011501  -0.015893  -0.033633   0.041081   0.011402 
 -0.101947   0.448391   1.545271   0.239726   0.177273  -1.082833   0.000155   0.030464   0.001580   0.003782  -0.006417  -0.005730 
 -0.111927   0.292594   1.609200   0.182945   0.198129  -1.088276  -0.009980  -0.155797   0.063929  -0.056781   0.020856  -0.005443 
 -0.111634   0.396469   1.585450   0.147594   0.214229  -1.095896   0.000293   0.103875  -0.023750  -0.035351   0.016100  -0.007620 
 -0.104622   0.353969   1.586922   0.174638   0.212224  -1.107871   0.007012  -0.042500   0.001472   0.027044  -0.002005  -0.011975 
 -0.120442   0.415898   1.776380   0.048186   0.133098  -1.160068  -0.015820   0.061929   0.189458  -0.126452  -0.079126  -0.052197 
 -0.072894   0.367615   1.628209   0.152006   0.238007  -1.093032   0.047548  -0.048283  -0.148171   0.103820   0.104909   0.067036 
 -0.100666   0.416210   1.563747   0.179737   0.270092  -1.100938  -0.027772   0.048595  -0.064462   0.027731   0.032085  -0.007906 
 -0.105115   0.424391   1.639119   0.238007   0.146734  -1.133196  -0.004449   0.008181   0.075372   0.058270  -0.123358  -0.032258 
 -0.116224   0.416203   1.791036   0.188847   0.133098  -1.131191  -0.011109  -0.008188   0.151917  -0.049160  -0.013636   0.002005 
 -0.143122   0.367338   2.047301   0.201567   0.084339  -1.093605  -0.026898  -0.048865   0.256265   0.012720  -0.048759   0.037586 
 -0.113667   0.447540   1.990962   0.200822   0.078037  -1.087531   0.029455   0.080202  -0.056339  -0.000745  -0.006302   0.006074 
 -0.118069   0.432779   1.982890   0.200879   0.094882  -1.104720  -0.004402  -0.014761  -0.008072   0.000057   0.016845  -0.017189 
 -0.122506   0.501536   1.918989   0.260753   0.100783  -1.141275  -0.004437   0.068757  -0.063901   0.059874   0.005901  -0.036555 
 -0.107696   0.515764   1.837134   0.276968   0.069099  -1.128784   0.014810   0.014228  -0.081855   0.016215  -0.031684   0.012491 
 -0.116932   0.461309   1.872952   0.255654   0.089267  -1.142879  -0.009236  -0.054455   0.035818  -0.021314   0.020168  -0.014095 
 -0.131930   0.418447   1.851802   0.236345   0.097231  -1.158120  -0.014998  -0.042862  -0.021150  -0.019309   0.007964  -0.015241 
 -0.120718   0.448988   1.834971   0.283041   0.063656  -1.152906   0.011212   0.030541  -0.016831   0.046696  -0.033575   0.005214 
 -0.098824   0.448329   1.834722   0.313981   0.036555  -1.105465   0.021894  -0.000659  -0.000249   0.030940  -0.027101   0.047441 
 -0.089396   0.448897   1.851197   0.290375   0.044232  -1.109705   0.009428   0.000568   0.016475  -0.023606   0.007677  -0.004240 
 -0.092520   0.439895   1.905101   0.171429   0.044691  -1.113658  -0.003124  -0.009002   0.053904  -0.118946   0.000459  -0.003953 
 -0.137024   0.320605   2.131458  -0.135447   0.132067  -1.078536  -0.044504  -0.119290   0.226357  -0.306876   0.087376   0.035122 
 -0.397878  -0.618939   3.435539  -2.858716   0.770456  -1.057565  -0.260854  -0.939544   1.304081  -2.723269   0.638389   0.020971 
 -0.703390  -1.487488   4.509100  -4.649037   1.194445  -1.315740  -0.305512  -0.868549   1.073561  -1.790321   0.423989  -0.258175 
 -1.351411  -3.101699   6.736953  -7.024348   1.323762  -2.109917  -0.648021  -1.614211   2.227853  -2.375311   0.129317  -0.794177 
 -0.015669  -0.685902   4.776530  -1.789061  -0.505693  -1.291561   1.335742   2.415797  -1.960423   5.235287  -1.829455   0.818356 
 -0.027018  -0.010061   3.129419  -0.890606  -0.244939  -0.728401  -0.011349   0.675841  -1.647111   0.898455   0.260754   0.563160 
 -0.082378  -0.291073   3.406424  -1.205732  -0.141005  -0.757278  -0.055360  -0.281012   0.277005  -0.315126   0.103934  -0.028877 
 -0.090135  -0.136585   3.445922  -1.204300  -0.190279  -0.721125  -0.007757   0.154488   0.039498   0.001432  -0.049274   0.036153 
 -0.063761  -0.174171   3.277082  -0.396143  -0.318966  -0.767019   0.026374  -0.037586  -0.168840   0.808157  -0.128687  -0.045894 
 -0.104656   0.105151   3.863726   0.024809  -0.092705  -0.849410  -0.040895   0.279322   0.586644   0.420952   0.226261  -0.082391 
 -0.629390  -0.369316   6.114693  -1.026225   0.413847  -1.322157  -0.524734  -0.474467   2.250967  -1.051034   0.506552  -0.472747 
 -0.679679  -0.414626   6.073089  -1.167745   0.490566  -1.342440  -0.050289  -0.045310  -0.041604  -0.141520   0.076719  -0.020283 
 -0.689104  -0.265690   5.940041  -1.093261   0.529642  -1.403174  -0.009425   0.148936  -0.133048   0.074484   0.039076  -0.060734 
 -0.676393  -0.325026   6.022019  -1.057107   0.510276  -1.480638   0.012711  -0.059336   0.081978   0.036154  -0.019366  -0.077464 
 -0.556180  -0.387985   6.048003  -0.866713   0.410925  -1.324449   0.120213  -0.062959   0.025984   0.190394  -0.099351   0.156189 
 -0.521980  -0.167363   5.952741  -0.869292   0.422957  -1.231859   0.034200   0.220622  -0.095262  -0.002579   0.012032   0.092590 
 -0.540565  -0.239183   5.915629  -0.890033   0.448626  -1.295859  -0.018585  -0.071820  -0.037112  -0.020741   0.025669  -0.064000 
 -0.571836  -0.103608   5.850992  -0.908940   0.449715  -1.335278  -0.031271   0.135575  -0.064637  -0.018907   0.001089  -0.039419 
 -0.585957   0.050462   5.673386  -0.906362   0.460200  -1.366905  -0.014121   0.154070  -0.177606   0.002578   0.010485  -0.031627 
 -0.541774   0.042431   5.394548  -0.576052   0.361193  -1.396757   0.044183  -0.008031  -0.278838   0.330310  -0.099007  -0.029852 
 -0.547688   0.215289   5.197432  -0.493603   0.274561  -1.403460  -0.005914   0.172858  -0.197116   0.082449  -0.086632  -0.006703 
 -0.470336   0.099804   3.840022  -1.031381   0.127941  -1.374927   0.077352  -0.115485  -1.357410  -0.537778  -0.146620   0.028533 
 -0.324356  -0.090234   3.894107  -0.918795   0.115050  -1.454052   0.145980  -0.190038   0.054085   0.112586  -0.012891  -0.079125 
 -0.298433   0.164711   3.944730  -0.740777   0.209989  -1.351493   0.025923   0.254945   0.050623   0.178018   0.094939   0.102559 
 -0.286686   0.260976   4.280654  -0.563504   0.189649  -1.336138   0.011747   0.096265   0.335924   0.177273  -0.020340   0.015355 
 -0.126386   0.270149   4.348370  -0.524199   0.107143  -0.802427   0.160300   0.009173   0.067716   0.039305  -0.082506   0.533711 
 -0.085703   0.223533   4.343052  -0.535716   0.034664  -0.731610   0.040683  -0.046616  -0.005318  -0.011517  -0.072479   0.070817 
 -0.339089   0.266197   4.579858  -0.455501   0.057067  -1.414461  -0.253386   0.042664   0.236806   0.080215   0.022403  -0.682851 
 -0.234739   0.270535   4.398043  -0.143411  -0.067208  -1.143624   0.104350   0.004338  -0.181815   0.312090  -0.124275   0.270837 
 -0.593058   0.396570   4.702378  -0.055176  -0.219156  -1.777029  -0.358319   0.126035   0.304335   0.088235  -0.151948  -0.633405 
 -0.546215   0.083614   6.154424  -0.404279   0.001089  -1.576837   0.046843  -0.312956   1.452046  -0.349103   0.220245   0.200192 
 -0.592342   0.551488   7.205196  -0.006933   0.210276  -1.577639  -0.046127   0.467874   1.050772   0.397346   0.209187  -0.000802 
 -0.581437   0.810521   7.077396   0.273587   0.147021  -1.618434   0.010905   0.259033  -0.127800   0.280520  -0.063255  -0.040795 
 -0.530060   0.643683   6.082292   0.062739   0.108404  -1.744370   0.051377  -0.166838  -0.995104  -0.210848  -0.038617  -0.125936 
 -0.526394   0.536375   5.893139   0.233022   0.167819  -1.720707   0.003666  -0.107308  -0.189153   0.170283   0.059415   0.023663 
 -0.519089   0.908378   5.574700   0.433672   0.146104  -1.746605   0.007305   0.372003  -0.318439   0.200650  -0.021715  -0.025898 
 -0.467204   0.890423   5.400864   0.477503   0.129145  -1.717155   0.051885  -0.017955  -0.173836   0.043831  -0.016959   0.029450 
 -0.448697   0.619376   5.493889   0.426051   0.141521  -1.651150   0.018507  -0.271047   0.093025  -0.051452   0.012376   0.066005 
 -0.456289   0.546275   5.427716   0.399466   0.144385  -1.646795  -0.007592  -0.073101  -0.066173  -0.026585   0.002864   0.004355 
 -0.449685   0.675208   5.354018   0.377121   0.147078  -1.635565   0.006604   0.128933  -0.073698  -0.022345   0.002693   0.011230 
 -0.420703   0.566555   5.034008   0.124103   0.095340  -1.612074   0.028982  -0.108653  -0.320010  -0.253018  -0.051738   0.023491 
 -0.410667   0.470859   4.710253  -0.022345   0.156990  -1.655676   0.010036  -0.095696  -0.323755  -0.146448   0.061650  -0.043602 
 -0.444672   0.343125   4.585420  -0.176013   0.203572  -1.623304  -0.034005  -0.127734  -0.124833  -0.153668   0.046582   0.032372 
 -0.431767   0.481414   4.495726  -0.112987   0.175841  -1.623247   0.012905   0.138289  -0.089694   0.063026  -0.027731   0.000057 
 -0.426694   0.603625   4.525173  -0.057983   0.148167  -1.614767   0.005073   0.122211   0.029447   0.055004  -0.027674   0.008480 
 -0.425829   0.540465   4.586748  -0.007448   0.152178  -1.609782   0.000865  -0.063160   0.061575   0.050535   0.004011   0.004985 
 -0.426605   0.439343   4.638602  -0.018678   0.161173  -1.596891  -0.000776  -0.101122   0.051854  -0.011230   0.008995   0.012891 
 -0.427902   0.433916   4.650754  -0.020168   0.147479  -1.595745  -0.001297  -0.005427   0.012152  -0.001490  -0.013694   0.001146 
 -0.420094   0.450852   4.668411  -0.041138   0.149313  -1.605600   0.007808   0.016936   0.017657  -0.020970   0.001834  -0.009855 
 -0.415353   0.419973   4.654821  -0.034091   0.157793  -1.606344   0.004741  -0.030879  -0.013590   0.007047   0.008480  -0.000744 
 -0.412641   0.446072   4.642807  -0.024523   0.162835  -1.601417   0.002712   0.026099  -0.012014   0.009568   0.005042   0.004927 
 -0.411179   0.429667   4.646753  -0.023606   0.163408  -1.605657   0.001462  -0.016405   0.003946   0.000917   0.000573  -0.004240 
 -0.404931   0.450195   4.650286  -0.020168   0.155100  -1.591448   0.006248   0.020528   0.003533   0.003438  -0.008308   0.014209 
 -0.407614   0.440494   4.656204  -0.027044   0.146219  -1.587208  -0.002683  -0.009701   0.005918  -0.006876  -0.008881   0.004240 
