  0.000000  -0.002285  -0.000018  -0.005271   0.000000   0.000000   0.000000   0.000000   0.000000   0.000000   0.000000   0.000000 
  0.015916  -0.030819   0.058225   0.111440   0.043430   0.019423   0.015916  -0.028534   0.058243   0.116711   0.043430   0.019423 
  0.007039   0.078864   0.153803   0.097517   0.000286   0.012834  -0.008877   0.109683   0.095578  -0.013923  -0.043144  -0.006589 
  0.030431   0.120875   0.129569   0.062682   0.020626   0.022976   0.023392   0.042011  -0.024234  -0.034835   0.020340   0.010142 
  0.031767   0.125006   0.136881  -0.103935   0.020626  -0.008881   0.001336   0.004131   0.007312  -0.166617   0.000000  -0.031857 
  0.055036   0.121155   0.075624  -0.109492   0.050936  -0.000458   0.023269  -0.003851  -0.061257  -0.005557   0.030310   0.008423 
  0.058738   0.104495   0.052306  -0.016788   0.033518   0.015355   0.003702  -0.016660  -0.023318   0.092704  -0.017418   0.015813 
  0.010895   0.103440  -0.383879   0.154584  -0.047727   0.052426  -0.047843  -0.001055  -0.436185   0.171372  -0.081245   0.037071 
  0.052598   0.112575  -0.340571   0.278286  -0.037128   0.068984   0.041703   0.009135   0.043308   0.123702   0.010599   0.016558 
  0.084695   0.061993  -0.145083   0.229985  -0.012892   0.021944   0.032097  -0.050582   0.195488  -0.048301   0.024236  -0.047040 
  0.082447   0.282191  -0.138802   0.414764  -0.029049  -0.010371  -0.002248   0.220198   0.006281   0.184779  -0.016157  -0.032315 
  0.064603   0.226098  -0.051277   0.248320   0.054316   0.034435  -0.017844  -0.056093   0.087525  -0.166444   0.083365   0.044806 
  0.060069   0.158132   0.065230   0.165757   0.031283   0.065432  -0.004534  -0.067966   0.116507  -0.082563  -0.023033   0.030997 
  0.063834   0.185457   0.076445   0.071906   0.018908   0.057181   0.003765   0.027325   0.011215  -0.093851  -0.012375  -0.008251 
  0.066857   0.206844   0.061835   0.069099   0.004584   0.062510   0.003023   0.021387  -0.014610  -0.002807  -0.014324   0.005329 
  0.073124   0.181442   0.081717   0.060447  -0.021543   0.081589   0.006267  -0.025402   0.019882  -0.008652  -0.026127   0.019079 
  0.083145   0.160882   0.115592   0.031398  -0.021543   0.083423   0.010021  -0.020560   0.033875  -0.029049   0.000000   0.001834 
  0.078147   0.193975   0.097094   0.048530  -0.046238   0.061879  -0.004998   0.033093  -0.018498   0.017132  -0.024695  -0.021544 
  0.077046   0.172758   0.126191   0.016960  -0.051394   0.055978  -0.001101  -0.021217   0.029097  -0.031570  -0.005156  -0.005901 
  0.082679   0.166898   0.139949  -0.001948  -0.050077   0.060504   0.005633  -0.005860   0.013758  -0.018908   0.001317   0.004526 
  0.072013   0.131831   0.168585  -0.025898  -0.030309   0.045321  -0.010666  -0.035067   0.028636  -0.023950   0.019768  -0.015183 
  0.074953   0.136116   0.193878  -0.085142  -0.018335   0.051165   0.002940   0.004285   0.025293  -0.059244   0.011974   0.005844 
  0.077372   0.183508   0.188186  -0.148224  -0.029679   0.027559   0.002419   0.047392  -0.005692  -0.063082  -0.011344  -0.023606 
  0.085916   0.133241   0.179002  -0.134760  -0.019194   0.032659   0.008544  -0.050267  -0.009184   0.013464   0.010485   0.005100 
  0.082710   0.112223   0.180417  -0.139057  -0.013121   0.045951  -0.003206  -0.021018   0.001415  -0.004297   0.006073   0.013292 
  0.078256   0.131947   0.191558  -0.170398  -0.009110   0.046066  -0.004454   0.019724   0.011141  -0.031341   0.004011   0.000115 
  0.079058   0.173269   0.204890  -0.197212  -0.023549   0.033862   0.000802   0.041322   0.013332  -0.026814  -0.014439  -0.012204 
  0.076500   0.155731   0.178768  -0.214916  -0.021715   0.047785  -0.002558  -0.017538  -0.026122  -0.017704   0.001834   0.013923 
  0.078776   0.114107   0.207329  -0.204718  -0.015413   0.043430   0.002276  -0.041624   0.028561   0.010198   0.006302  -0.004355 
  0.074147   0.058291   0.225863  -0.229584   0.006933   0.075000  -0.004629  -0.055816   0.018534  -0.024866   0.022346   0.031570 
  0.047032   0.143052   0.140799  -0.241559  -0.022173   0.069213  -0.027115   0.084761  -0.085064  -0.011975  -0.029106  -0.005787 
  0.045774   0.216578   0.260852  -0.313752  -0.011402   0.069156  -0.001258   0.073526   0.120053  -0.072193   0.010771  -0.000057 
  0.046559   0.141770   0.225740  -0.270894  -0.011402   0.069156   0.000785  -0.074808  -0.035112   0.042858   0.000000   0.000000 
  0.050136   0.099474   0.284136  -0.297251  -0.034549   0.069156   0.003577  -0.042296   0.058396  -0.026357  -0.023147   0.000000 
  0.063896   0.108038   0.235023  -0.294672  -0.036669   0.069156   0.013760   0.008564  -0.049113   0.002579  -0.002120   0.000000 
  0.048741   0.159226   0.138153  -0.270493  -0.021429   0.069156  -0.015155   0.051188  -0.096870   0.024179   0.015240   0.000000 
  0.061601   0.112369   0.163274  -0.289286  -0.033747   0.069156   0.012860  -0.046857   0.025121  -0.018793  -0.012318   0.000000 
  0.035907   0.065580   0.252304  -0.182143  -0.065260   0.053514  -0.025694  -0.046789   0.089030   0.107143  -0.031513  -0.015642 
  0.045244   0.080118   0.270516  -0.192514  -0.055348   0.041883   0.009337   0.014538   0.018212  -0.010371   0.009912  -0.011631 
  0.050235   0.151475   0.257623  -0.221907  -0.058270   0.048186   0.004991   0.071357  -0.012893  -0.029393  -0.002922   0.006303 
  0.059553   0.120957   0.269456  -0.267113  -0.066005   0.040279   0.009318  -0.030518   0.011833  -0.045206  -0.007735  -0.007907 
  0.046671   0.140927   0.281468  -0.275650  -0.047154   0.044977  -0.012882   0.019970   0.012012  -0.008537   0.018851   0.004698 
  0.045272   0.105285   0.280216  -0.313351  -0.057926   0.056837  -0.001399  -0.035642  -0.001252  -0.037701  -0.010772   0.011860 
  0.041761   0.069985   0.215625  -0.312835  -0.050649   0.053743  -0.003511  -0.035300  -0.064591   0.000516   0.007277  -0.003094 
  0.039322   0.192154   0.203300  -0.333060  -0.049675   0.044863  -0.002439   0.122169  -0.012325  -0.020225   0.000974  -0.008880 
  0.035964   0.142592   0.198526  -0.361078  -0.055462   0.046295  -0.003358  -0.049562  -0.004774  -0.028018  -0.005787   0.001432 
  0.043302   0.123224   0.249303  -0.375287  -0.053858   0.054717   0.007338  -0.019368   0.050777  -0.014209   0.001604   0.008422 
  0.029878   0.083110   0.311925  -0.447480  -0.054889   0.051394  -0.013424  -0.040114   0.062622  -0.072193  -0.001031  -0.003323 
  0.046015   0.141158   0.322009  -0.469539  -0.062567   0.054431   0.016137   0.058048   0.010084  -0.022059  -0.007678   0.003037 
  0.045989   0.141599   0.347123  -0.479222  -0.059301   0.044977  -0.000026   0.000441   0.025114  -0.009683   0.003266  -0.009454 
  0.042179   0.100839   0.370794  -0.498359  -0.063770   0.048701  -0.003810  -0.040760   0.023671  -0.019137  -0.004469   0.003724 
  0.045910   0.058108   0.356643  -0.520933  -0.071161   0.045149   0.003731  -0.042731  -0.014151  -0.022574  -0.007391  -0.003552 
  0.045596   0.156679   0.384230  -0.545227  -0.086116   0.047555  -0.000314   0.098571   0.027587  -0.024294  -0.014955   0.002406 
  0.045959   0.112161   0.395501  -0.628019  -0.071161   0.054259   0.000363  -0.044518   0.011271  -0.082792   0.014955   0.006704 
  0.046098   0.034730   0.439579  -0.672079  -0.071219   0.069156   0.000139  -0.077431   0.044078  -0.044060  -0.000058   0.014897 
  0.050932   0.077448   0.451005  -0.645953  -0.064286   0.052827   0.004834   0.042718   0.011426   0.026126   0.006933  -0.016329 
  0.054531   0.165425   0.297459  -0.636728  -0.066692   0.051853   0.003599   0.087977  -0.153546   0.009225  -0.002406  -0.000974 
  0.046010   0.109619   0.277226  -0.649906  -0.067953   0.059416  -0.008521  -0.055806  -0.020233  -0.013178  -0.001261   0.007563 
  0.042054   0.013986   0.393207  -0.643145  -0.091788   0.054374  -0.003956  -0.095633   0.115981   0.006761  -0.023835  -0.005042 
  0.058087   0.148069   0.382599  -0.614555  -0.085944   0.069156   0.016033   0.134083  -0.010608   0.028590   0.005844   0.014782 
  0.059099   0.124502   0.368141  -0.603210  -0.065833   0.054660   0.001012  -0.023567  -0.014458   0.011345   0.020111  -0.014496 
  0.073233   0.055306   0.318664  -0.529642  -0.024179   0.031856   0.014134  -0.069196  -0.049477   0.073568   0.041654  -0.022804 
  0.060838   0.029488   0.319151  -0.602007  -0.065374   0.035753  -0.012395  -0.025818   0.000487  -0.072365  -0.041195   0.003897 
  0.096616   0.130557   0.433781  -0.671621  -0.044977   0.041826   0.035778   0.101069   0.114630  -0.069614   0.020397   0.006073 
  0.087626   0.134836   0.566369  -0.674830  -0.040279   0.053170  -0.008990   0.004279   0.132588  -0.003209   0.004698   0.011344 
  0.119835   0.037414   0.787231  -0.745647   0.036383   0.065890   0.032209  -0.097422   0.220862  -0.070817   0.076662   0.012720 
  0.139697   0.044942   0.806235  -0.797557   0.056494   0.090527   0.019862   0.007528   0.019004  -0.051910   0.020111   0.024637 
  0.141523   0.098317   0.672683  -0.779624   0.059817   0.079068   0.001826   0.053375  -0.133552   0.017933   0.003323  -0.011459 
  0.133180   0.098180   0.678410  -0.837550   0.042800   0.069156  -0.008343  -0.000137   0.005727  -0.057926  -0.017017  -0.009912 
  0.150262   0.029685   0.772353  -0.859666   0.056837   0.069156   0.017082  -0.068495   0.093943  -0.022116   0.014037   0.000000 
  0.146020  -0.041213   0.732015  -0.868833   0.056723   0.090585  -0.004242  -0.070898  -0.040338  -0.009167  -0.000114   0.021429 
  0.138971   0.174233   0.675372  -0.868948   0.044290   0.069156  -0.007049   0.215446  -0.056643  -0.000115  -0.012433  -0.021429 
  0.098072   0.089333   0.610590  -0.905560   0.048300   0.064286  -0.040899  -0.084900  -0.064782  -0.036612   0.004010  -0.004870 
  0.085993  -0.012288   0.618949  -0.909456   0.019538   0.020283  -0.012079  -0.101621   0.008359  -0.003896  -0.028762  -0.044003 
  0.073986  -0.003652   0.677270  -0.838810   0.004526   0.014610  -0.012007   0.008636   0.058321   0.070646  -0.015012  -0.005673 
  0.082295   0.082144   0.669949  -0.864708   0.018908   0.022918   0.008309   0.085796  -0.007321  -0.025898   0.014382   0.008308 
  0.081294   0.053195   0.673894  -0.865854   0.008995   0.044404  -0.001001  -0.028949   0.003945  -0.001146  -0.009913   0.021486 
  0.086382  -0.023463   0.721148  -0.928879   0.025153   0.044404   0.005088  -0.076658   0.047254  -0.063025   0.016158   0.000000 
  0.096007   0.057231   0.703058  -0.893585   0.020741   0.044347   0.009625   0.080694  -0.018090   0.035294  -0.004412  -0.000057 
  0.100465   0.067432   0.674354  -0.840300   0.025096   0.044404   0.004458   0.010201  -0.028704   0.053285   0.004355   0.000057 
  0.098081   0.038844   0.677838  -0.888600   0.005672   0.044404  -0.002384  -0.028588   0.003484  -0.048300  -0.019424   0.000000 
  0.100510  -0.021225   0.731526  -0.927447   0.046753   0.052540   0.002429  -0.060069   0.053688  -0.038847   0.041081   0.008136 
  0.089159   0.039411   0.772320  -0.962225   0.031685   0.044404  -0.011351   0.060636   0.040794  -0.034778  -0.015068  -0.008136 
  0.100401   0.078519   0.834856  -1.031439   0.053801   0.028132   0.011242   0.039108   0.062536  -0.069214   0.022116  -0.016272 
  0.081459  -0.011771   0.897239  -1.035908   0.050191   0.027158  -0.018942  -0.090290   0.062383  -0.004469  -0.003610  -0.000974 
  0.083696   0.071474   0.769581  -1.040892   0.034664   0.024064   0.002237   0.083245  -0.127658  -0.004984  -0.015527  -0.003094 
  0.092773   0.086556   0.729020  -0.981248   0.025153   0.013121   0.009077   0.015082  -0.040561   0.059644  -0.009511  -0.010943 
  0.091910   0.006419   0.733505  -1.009781   0.025153   0.035237  -0.000863  -0.080137   0.004485  -0.028533   0.000000   0.022116 
  0.097381  -0.003989   0.770954  -0.993566  -0.002979   0.022460   0.005471  -0.010408   0.037449   0.016215  -0.028132  -0.012777 
  0.083754   0.087084   0.756372  -0.965950  -0.029908   0.010600  -0.013627   0.091073  -0.014582   0.027616  -0.026929  -0.011860 
  0.083953   0.034362   0.738337  -0.960564  -0.028992   0.026070   0.000199  -0.052722  -0.018035   0.005386   0.000916   0.015470 
  0.083867   0.028190   0.745232  -0.976778  -0.030997   0.019939  -0.000086  -0.006172   0.006895  -0.016214  -0.002005  -0.006131 
  0.083907   0.014127   0.761580  -0.971565  -0.034034   0.018793   0.000040  -0.014063   0.016348   0.005213  -0.003037  -0.001146 
  0.083982   0.037192   0.747888  -0.988295  -0.007105   0.023090   0.000075   0.023065  -0.013692  -0.016730   0.026929   0.004297 
  0.091518   0.019840   0.752942  -1.003249  -0.003839   0.022976   0.007536  -0.017352   0.005054  -0.014954   0.003266  -0.000114 
  0.100459   0.027713   0.759971  -1.008177   0.002750   0.033919   0.008941   0.007873   0.007029  -0.004928   0.006589   0.010943 
  0.100436  -0.038103   0.801683  -1.049315   0.008021   0.026643  -0.000023  -0.065816   0.041712  -0.041138   0.005271  -0.007276 
  0.090669   0.027658   0.762520  -1.082948   0.007964   0.022517  -0.009767   0.065761  -0.039163  -0.033633  -0.000057  -0.004126 
  0.101335   0.020646   0.762346  -1.067420   0.008021   0.019939   0.010666  -0.007012  -0.000174   0.015528   0.000057  -0.002578 
  0.089507  -0.076373   0.752045  -1.075270   0.007964   0.044404  -0.011828  -0.097019  -0.010301  -0.007850  -0.000057   0.024465 
  0.074864   0.061771   0.670356  -1.133998  -0.105424   0.027617  -0.014643   0.138144  -0.081689  -0.058728  -0.113388  -0.016787 
  0.072775   0.047324   0.696755  -1.160526  -0.105711   0.016444  -0.002089  -0.014447   0.026399  -0.026528  -0.000287  -0.011173 
  0.078074  -0.058791   0.749304  -1.150900  -0.090298   0.035008   0.005299  -0.106115   0.052549   0.009626   0.015413   0.018564 
  0.078463   0.008100   0.756261  -1.138983  -0.082678   0.027903   0.000389   0.066891   0.006957   0.011917   0.007620  -0.007105 
  0.081538   0.041966   0.772948  -1.164078  -0.084740   0.035294   0.003075   0.033866   0.016687  -0.025095  -0.002062   0.007391 
  0.083109  -0.032219   0.790427  -1.156573  -0.087147   0.041883   0.001571  -0.074185   0.017479   0.007505  -0.002407   0.006589 
  0.084669  -0.049840   0.798972  -1.161844  -0.069041   0.031685   0.001560  -0.017621   0.008545  -0.005271   0.018106  -0.010198 
  0.081462   0.053478   0.756823  -1.139556  -0.076604   0.045779  -0.003207   0.103318  -0.042149   0.022288  -0.007563   0.014094 
  0.084314  -0.012212   0.759597  -1.197023  -0.087147   0.045665   0.002852  -0.065690   0.002774  -0.057467  -0.010543  -0.000114 
  0.085758  -0.031831   0.774273  -1.182184  -0.075974   0.047842   0.001444  -0.019619   0.014676   0.014839   0.011173   0.002177 
  0.081600  -0.033221   0.811970  -1.186767  -0.087147   0.035122  -0.004158  -0.001390   0.037697  -0.004583  -0.011173  -0.012720 
  0.083194   0.029173   0.793713  -1.188658  -0.087147   0.034779   0.001594   0.062394  -0.018257  -0.001891   0.000000  -0.000343 
  0.088383  -0.050532   0.805817  -1.194445  -0.087090   0.039133   0.005189  -0.079705   0.012104  -0.005787   0.000057   0.004354 
  0.081093  -0.015237   0.772817  -1.191466  -0.070359   0.037414  -0.007290   0.035295  -0.033000   0.002979   0.016731  -0.001719 
  0.084794   0.069930   0.783630  -1.180350  -0.087090   0.030080   0.003701   0.085167   0.010813   0.011116  -0.016731  -0.007334 
  0.073482   0.027534   0.764114  -1.182356  -0.091444   0.028419  -0.011312  -0.042396  -0.019516  -0.002006  -0.004354  -0.001661 
  0.079378  -0.042722   0.806299  -1.178460  -0.087090   0.033518   0.005896  -0.070256   0.042185   0.003896   0.004354   0.005099 
  0.076889  -0.015534   0.813111  -1.232661  -0.105310   0.029565  -0.002489   0.027188   0.006812  -0.054201  -0.018220  -0.003953 
  0.077302  -0.014052   0.822158  -1.223265  -0.104508   0.017819   0.000413   0.001482   0.009047   0.009396   0.000802  -0.011746 
  0.073613  -0.062142   0.831717  -1.240396  -0.108060   0.038445  -0.003689  -0.048090   0.009559  -0.017131  -0.003552   0.020626 
  0.079603  -0.081981   0.852312  -1.232031  -0.106513   0.033633   0.005990  -0.019839   0.020595   0.008365   0.001547  -0.004812 
  0.091464   0.038856   0.776644  -1.274831  -0.109550   0.028648   0.011861   0.120837  -0.075668  -0.042800  -0.003037  -0.004985 
  0.095218   0.102677   0.773821  -1.300099  -0.122957   0.023090   0.003754   0.063821  -0.002823  -0.025268  -0.013407  -0.005558 
  0.104510  -0.012317   0.857123  -1.352868  -0.084626   0.023434   0.009292  -0.114994   0.083302  -0.052769   0.038331   0.000344 
  0.101864  -0.124141   0.923951  -1.376474  -0.077063   0.061306  -0.002646  -0.111824   0.066828  -0.023606   0.007563   0.037872 
  0.101032   0.002709   0.906143  -1.399220  -0.077063   0.062968  -0.000832   0.126850  -0.017808  -0.022746   0.000000   0.001662 
  0.103993   0.110954   0.948614  -1.380427  -0.077063   0.063942   0.002961   0.108245   0.042471   0.018793   0.000000   0.000974 
  0.113138  -0.022811   0.971247  -1.328002  -0.077006   0.054546   0.009145  -0.133765   0.022633   0.052425   0.000057  -0.009396 
  0.108246  -0.062190   0.976047  -1.331497  -0.053915   0.054889  -0.004892  -0.039379   0.004800  -0.003495   0.023091   0.000343 
  0.099625   0.025442   0.974254  -1.314136  -0.077006   0.047785  -0.008621   0.087632  -0.001793   0.017361  -0.023091  -0.007104 
  0.111465  -0.042007   0.995811  -1.254434  -0.077006   0.049618   0.011840  -0.067449   0.021557   0.059702   0.000000   0.001833 
  0.123773  -0.038669   0.972977  -1.280733  -0.051853   0.049675   0.012308   0.003338  -0.022834  -0.026299   0.025153   0.000057 
  0.130259   0.031098   0.994904  -1.306344  -0.038904   0.046238   0.006486   0.069767   0.021927  -0.025611   0.012949  -0.003437 
  0.124063  -0.009876   1.012103  -1.308521  -0.039248   0.038274  -0.006196  -0.040974   0.017199  -0.002177  -0.000344  -0.007964 
  0.128484  -0.041692   1.021481  -1.295916  -0.032372   0.060562   0.004421  -0.031816   0.009378   0.012605   0.006876   0.022288 
  0.128107  -0.036748   1.022709  -1.328861  -0.036784   0.060562  -0.000377   0.004944   0.001228  -0.032945  -0.004412   0.000000 
  0.128153   0.024140   1.029777  -1.347883  -0.043659   0.052196   0.000046   0.060888   0.007068  -0.019022  -0.006875  -0.008366 
  0.113699  -0.006796   1.013632  -1.279415  -0.037529   0.038102  -0.014454  -0.030936  -0.016145   0.068468   0.006130  -0.014094 
  0.100250  -0.048754   1.018783  -1.291160  -0.048644   0.060562  -0.013449  -0.041958   0.005151  -0.011745  -0.011115   0.022460 
  0.089354  -0.007118   1.019801  -1.300786  -0.062796   0.051967  -0.010896   0.041636   0.001018  -0.009626  -0.014152  -0.008595 
  0.089399  -0.020367   1.034341  -1.292822  -0.078266   0.050879   0.000045  -0.013249   0.014540   0.007964  -0.015470  -0.001088 
  0.062021  -0.072275   1.063241  -1.334304  -0.072135   0.054030  -0.027378  -0.051908   0.028900  -0.041482   0.006131   0.003151 
  0.058522   0.077534   1.014663  -1.317574  -0.086803   0.034664  -0.003499   0.149809  -0.048578   0.016730  -0.014668  -0.019366 
  0.058767  -0.016173   1.063746  -1.333903  -0.111097   0.042628   0.000245  -0.093707   0.049083  -0.016329  -0.024294   0.007964 
  0.078617  -0.072561   1.062078  -1.319522  -0.089897   0.040394   0.019850  -0.056388  -0.001668   0.014381   0.021200  -0.002234 
  0.078726  -0.011497   1.031393  -1.307031  -0.072135   0.057353   0.000109   0.061064  -0.030685   0.012491   0.017762   0.016959 
  0.082486  -0.030587   1.046569  -1.323361  -0.076948   0.047040   0.003760  -0.019090   0.015176  -0.016330  -0.004813  -0.010313 
  0.096117  -0.041948   1.054088  -1.328403  -0.072135   0.031742   0.013631  -0.011361   0.007519  -0.005042   0.004813  -0.015298 
  0.084884  -0.063872   1.066585  -1.330981  -0.072193   0.043831  -0.011233  -0.021924   0.012497  -0.002578  -0.000058   0.012089 
  0.078136  -0.026819   1.081920  -1.355217  -0.092017   0.054145  -0.006748   0.037053   0.015335  -0.024236  -0.019824   0.010314 
  0.078228  -0.024834   1.088777  -1.340034  -0.098778   0.063656   0.000092   0.001985   0.006857   0.015183  -0.006761   0.009511 
  0.078121  -0.046680   1.091177  -1.332471  -0.098950   0.054603  -0.000107  -0.021846   0.002400   0.007563  -0.000172  -0.009053 
  0.072321  -0.052495   1.098487  -1.338258  -0.097918   0.053457  -0.005800  -0.005815   0.007310  -0.005787   0.001032  -0.001146 
  0.072618  -0.076483   1.119047  -1.411711  -0.094653   0.051394   0.000297  -0.023988   0.020560  -0.073453   0.003265  -0.002063 
  0.080540   0.004056   1.073247  -1.338716  -0.103648   0.048816   0.007922   0.080539  -0.045800   0.072995  -0.008995  -0.002578 
  0.078016  -0.021006   1.071175  -1.367478  -0.099236   0.046467  -0.002524  -0.025062  -0.002072  -0.028762   0.004412  -0.002349 
  0.062706  -0.077112   1.133154  -1.413029  -0.121238   0.049733  -0.015310  -0.056106   0.061979  -0.045551  -0.022002   0.003266 
  0.067487  -0.054783   1.058111  -1.393892  -0.103648   0.051623   0.004781   0.022329  -0.075043   0.019137   0.017590   0.001890 
  0.060996  -0.011893   1.150490  -1.409190  -0.103591   0.050420  -0.006491   0.042890   0.092379  -0.015298   0.000057  -0.001203 
  0.059829  -0.135080   1.369074  -1.565894  -0.123301   0.028877  -0.001167  -0.123187   0.218584  -0.156704  -0.019710  -0.021543 
  0.060820  -0.140965   1.409482  -1.554205  -0.096257   0.033403   0.000991  -0.005885   0.040408   0.011689   0.027044   0.004526 
  0.044827  -0.002821   1.351322  -1.512895  -0.089439   0.050306  -0.015993   0.138144  -0.058160   0.041310   0.006818   0.016903 
  0.041947   0.120320   1.149913  -1.458922  -0.103591   0.030940  -0.002880   0.123141  -0.201409   0.053973  -0.014152  -0.019366 
  0.039398   0.017214   1.053814  -1.454797  -0.128056   0.023549  -0.002549  -0.103106  -0.096099   0.004125  -0.024465  -0.007391 
  0.053994  -0.054776   1.091790  -1.418185  -0.117915   0.038445   0.014596  -0.071990   0.037976   0.036612   0.010141   0.014896 
  0.047938  -0.019307   1.074889  -1.408789  -0.110352   0.046868  -0.006056   0.035469  -0.016901   0.009396   0.007563   0.008423 
  0.036626   0.012848   1.044065  -1.462074  -0.103591   0.033060  -0.011312   0.032155  -0.030824  -0.053285   0.006761  -0.013808 
  0.054628  -0.029138   1.040136  -1.427123  -0.127884   0.048186   0.018002  -0.041986  -0.003929   0.034951  -0.024293   0.015126 
  0.058773  -0.076730   1.054501  -1.389938  -0.127827   0.042915   0.004145  -0.047592   0.014365   0.037185   0.000057  -0.005271 
  0.047212   0.032156   1.005597  -1.410164  -0.112873   0.006818  -0.011561   0.108886  -0.048904  -0.020226   0.014954  -0.036097 
  0.040442  -0.000927   1.008196  -1.354988  -0.114305   0.013808  -0.006770  -0.033083   0.002599   0.055176  -0.001432   0.006990 
  0.040944  -0.108079   1.057565  -1.458235  -0.112758   0.038904   0.000502  -0.107152   0.049369  -0.103247   0.001547   0.025096 
  0.008568  -0.007688   1.010174  -1.485221  -0.095397   0.018564  -0.032376   0.100391  -0.047391  -0.026986   0.017361  -0.020340 
 -0.009183   0.044482   1.070972  -1.566581  -0.114133   0.022861  -0.017751   0.052170   0.060798  -0.081360  -0.018736   0.004297 
 -0.002608   0.025774   1.057075  -1.501207  -0.132754   0.020569   0.006575  -0.018708  -0.013897   0.065374  -0.018621  -0.002292 
  0.011146  -0.036895   1.183895  -1.537590  -0.142151   0.015298   0.013754  -0.062669   0.126820  -0.036383  -0.009397  -0.005271 
  0.016484  -0.106950   1.434171  -1.635107  -0.200994  -0.017475   0.005338  -0.070055   0.250276  -0.097517  -0.058843  -0.032773 
  0.040786   0.096831   1.244710  -1.568587  -0.185237  -0.006933   0.024302   0.203781  -0.189461   0.066520   0.015757   0.010542 
  0.033366   0.120789   0.947223  -1.456459  -0.236574  -0.039133  -0.007420   0.023958  -0.297487   0.112128  -0.051337  -0.032200 
  0.052962  -0.018579   0.980909  -1.433254  -0.213599  -0.029794   0.019596  -0.139368   0.033686   0.023205   0.022975   0.009339 
  0.051583  -0.106846   1.024931  -1.449125  -0.195436  -0.007506  -0.001379  -0.088267   0.044022  -0.015871   0.018163   0.022288 
  0.041105   0.068092   0.934940  -1.470038  -0.195035   0.001318  -0.010478   0.174938  -0.089991  -0.020913   0.000401   0.008824 
  0.042837   0.023589   0.929739  -1.484304  -0.178820   0.006933   0.001732  -0.044503  -0.005201  -0.014266   0.016215   0.005615 
  0.044018  -0.048400   1.002238  -1.553289  -0.183346   0.015986   0.001181  -0.071989   0.072499  -0.068985  -0.004526   0.009053 
  0.045777  -0.035903   1.022624  -1.532261  -0.197785   0.013579   0.001759   0.012497   0.020386   0.021028  -0.014439  -0.002407 
  0.039461   0.016168   1.015571  -1.550768  -0.178820   0.000573  -0.006316   0.052071  -0.007053  -0.018507   0.018965  -0.013006 
  0.043510  -0.026464   1.010395  -1.530428  -0.178820   0.000688   0.004049  -0.042632  -0.005176   0.020340   0.000000   0.000115 
  0.042819  -0.081552   1.090927  -1.536845  -0.178820   0.009339  -0.000691  -0.055088   0.080532  -0.006417   0.000000   0.008651 
  0.042449  -0.088194   1.077178  -1.515130  -0.182029  -0.006704  -0.000370  -0.006642  -0.013749   0.021715  -0.003209  -0.016043 
  0.052259   0.011764   1.079924  -1.604454  -0.186784  -0.020798   0.009810   0.099958   0.002746  -0.089324  -0.004755  -0.014094 
  0.044903  -0.089725   1.118837  -1.584515  -0.203572  -0.026127  -0.007356  -0.101489   0.038913   0.019939  -0.016788  -0.005329 
  0.039705  -0.142874   1.142108  -1.631383  -0.204489  -0.015355  -0.005198  -0.053149   0.023271  -0.046868  -0.000917   0.010772 
  0.038318   0.015265   1.049292  -1.571623  -0.202082  -0.012032  -0.001387   0.158139  -0.092816   0.059760   0.002407   0.003323 
  0.035972   0.010638   1.019138  -1.533120  -0.180081  -0.019824  -0.002346  -0.004627  -0.030154   0.038503   0.022001  -0.007792 
  0.044127  -0.036193   1.037337  -1.564404  -0.179909  -0.017246   0.008155  -0.046831   0.018199  -0.031284   0.000172   0.002578 
  0.073001  -0.080503   1.094459  -1.579244  -0.174236  -0.005500   0.028874  -0.044310   0.057122  -0.014840   0.005673   0.011746 
  0.065136   0.028193   0.660620  -1.495706  -0.195092   0.024637  -0.007865   0.108696  -0.433839   0.083538  -0.020856   0.030137 
  0.048142   0.071121   0.649229  -1.644847  -0.129087   0.037873  -0.016994   0.042928  -0.011391  -0.149141   0.066005   0.013236 
  0.045785  -0.240740   1.330444  -1.665015  -0.097747   0.030711  -0.002357  -0.311861   0.681215  -0.020168   0.031340  -0.007162 
  0.057140  -0.128912   1.386097  -1.606001  -0.106112   0.010027   0.011355   0.111828   0.055653   0.059014  -0.008365  -0.020684 
  0.049449   0.025127   1.381700  -1.591619  -0.101815   0.030023  -0.007691   0.154039  -0.004397   0.014382   0.004297   0.019996 
  0.043168  -0.041572   1.393971  -1.648801  -0.112128   0.031799  -0.006281  -0.066699   0.012271  -0.057182  -0.010313   0.001776 
  0.043317  -0.118419   1.414952  -1.648858  -0.125764   0.043602   0.000149  -0.076847   0.020981  -0.000057  -0.013636   0.011803 
  0.020273  -0.079074   1.488748  -1.645821  -0.155845   0.071562  -0.023044   0.039345   0.073796   0.003037  -0.030081   0.027960 
  0.020742   0.051632   1.478245  -1.659515  -0.159855   0.054832   0.000469   0.130706  -0.010503  -0.013694  -0.004010  -0.016730 
  0.042509  -0.032160   1.462972  -1.649488  -0.139343   0.046753   0.021767  -0.083792  -0.015273   0.010027   0.020512  -0.008079 
  0.038648  -0.063687   1.484403  -1.721967  -0.137854   0.036669  -0.003861  -0.031527   0.021431  -0.072479   0.001489  -0.010084 
  0.039564  -0.146168   1.557559  -1.721108  -0.162376   0.024580   0.000916  -0.082481   0.073156   0.000859  -0.024522  -0.012089 
  0.024451  -0.052195   1.533066  -1.720019  -0.149198   0.040164  -0.015113   0.093973  -0.024493   0.001089   0.013178   0.015584 
  0.025453  -0.022087   1.521242  -1.708503  -0.150974   0.026356   0.001002   0.030108  -0.011824   0.011516  -0.001776  -0.013808 
  0.048201  -0.212774   2.037334  -1.891334  -0.166788   0.026700   0.022748  -0.190687   0.516092  -0.182831  -0.015814   0.000344 
  0.045216  -0.154733   1.634538  -1.807968  -0.159798   0.030711  -0.002985   0.058041  -0.402796   0.083366   0.006990   0.004011 
  0.036286  -0.106272   1.391757  -1.780180  -0.173778   0.047441  -0.008930   0.048461  -0.242781   0.027788  -0.013980   0.016730 
  0.026846  -0.008993   1.220480  -1.754053  -0.184091   0.020970  -0.009440   0.097279  -0.171277   0.026127  -0.010313  -0.026471 
  0.042023  -0.172212   1.323936  -1.752678  -0.209473   0.003495   0.015177  -0.163219   0.103456   0.001375  -0.025382  -0.017475 
 -0.002345  -0.014501   1.063563  -1.818339  -0.253820   0.038331  -0.044368   0.157711  -0.260373  -0.065661  -0.044347   0.034836 
  0.025924  -0.066901   1.115622  -1.837590  -0.181227   0.021371   0.028269  -0.052400   0.052059  -0.019251   0.072593  -0.016960 
  0.054175  -0.154867   1.196059  -1.785738  -0.170054  -0.000286   0.028251  -0.087966   0.080437   0.051852   0.011173  -0.021657 
  0.051978  -0.080989   1.183837  -1.811864  -0.180825  -0.003953  -0.002197   0.073878  -0.012222  -0.026126  -0.010771  -0.003667 
  0.066023  -0.074618   1.116560  -1.844408  -0.147136  -0.026012   0.014045   0.006371  -0.067277  -0.032544   0.033689  -0.022059 
  0.060700  -0.097505   1.113180  -1.815245  -0.173320  -0.004870  -0.005323  -0.022887  -0.003380   0.029163  -0.026184   0.021142 
  0.047367  -0.140069   1.194640  -1.828251  -0.193545   0.001948  -0.013333  -0.042564   0.081460  -0.013006  -0.020225   0.006818 
  0.042527  -0.106309   1.195929  -1.841945  -0.207640   0.004985  -0.004840   0.033760   0.001289  -0.013694  -0.014095   0.003037 
  0.042329  -0.050144   0.945657  -1.819313  -0.203572   0.000573  -0.000198   0.056165  -0.250272   0.022632   0.004068  -0.004412 
  0.019935  -0.098347   0.755912  -1.671776  -0.218755   0.006933  -0.022394  -0.048203  -0.189745   0.147537  -0.015183   0.006360 
  0.042487  -0.241581   1.135202  -1.714118  -0.227522  -0.004068   0.022552  -0.143234   0.379290  -0.042342  -0.008767  -0.011001 
  0.037349  -0.055576   1.181653  -1.835356  -0.220646  -0.009798  -0.005138   0.186005   0.046451  -0.121238   0.006876  -0.005730 
  0.049290  -0.127719   1.331069  -1.846299  -0.175898  -0.020168   0.011941  -0.072143   0.149416  -0.010943   0.044748  -0.010370 
  0.041274  -0.169380   1.309662  -1.858274  -0.200936  -0.005730  -0.008016  -0.041661  -0.021407  -0.011975  -0.025038   0.014438 
  0.042464  -0.066293   1.269942  -1.848419  -0.219500  -0.021772   0.001190   0.103087  -0.039720   0.009855  -0.018564  -0.016042 
  0.040389  -0.036619   1.296616  -1.922102  -0.228094  -0.019194  -0.002075   0.029674   0.026674  -0.073683  -0.008594   0.002578 
  0.029259  -0.277623   1.356175  -1.825558  -0.227006  -0.057983  -0.011130  -0.241004   0.059559   0.096544   0.001088  -0.038789 
  0.014685  -0.007485   1.481076  -1.790035  -0.200994  -0.017819  -0.014574   0.270138   0.124901   0.035523   0.026012   0.040164 
  0.042274  -0.133374   1.305951  -1.853805  -0.225516  -0.004068   0.027589  -0.125889  -0.175125  -0.063770  -0.024522   0.013751 
  0.046102  -0.012577   1.388424  -1.847044  -0.232907  -0.005386   0.003828   0.120797   0.082473   0.006761  -0.007391  -0.001318 
  0.033531  -0.108111   1.331035  -1.824756  -0.209588  -0.003610  -0.012571  -0.095534  -0.057389   0.022288   0.023319   0.001776 
  0.039541  -0.094452   1.344302  -1.889959  -0.220531   0.000172   0.006010   0.013659   0.013267  -0.065203  -0.010943   0.003782 
  0.036194  -0.046841   1.353579  -1.882911  -0.227350  -0.002750  -0.003347   0.047611   0.009277   0.007048  -0.006819  -0.002922 
  0.041365  -0.061800   1.364407  -1.853461  -0.222136  -0.005214   0.005171  -0.014959   0.010828   0.029450   0.005214  -0.002464 
  0.042740  -0.080162   1.361198  -1.848305  -0.240986  -0.005901   0.001375  -0.018362  -0.003209   0.005156  -0.018850  -0.000687 
  0.066167  -0.041705   1.243503  -1.804932  -0.244195  -0.002349   0.023427   0.038457  -0.117695   0.043373  -0.003209   0.003552 
  0.059605  -0.056567   1.004664  -1.600328  -0.246830  -0.021887  -0.006562  -0.014862  -0.238839   0.204604  -0.002635  -0.019538 
  0.061121  -0.197227   1.279215  -1.726265  -0.223339  -0.023606   0.001516  -0.140660   0.274551  -0.125937   0.023491  -0.001719 
  0.057167  -0.143284   1.343943  -1.827506  -0.255768  -0.002521  -0.003954   0.053943   0.064728  -0.101241  -0.032429   0.021085 
  0.057226  -0.196866   1.427628  -1.900272  -0.260639  -0.004927   0.000059  -0.053582   0.083685  -0.072766  -0.004871  -0.002406 
  0.056780  -0.084023   1.405404  -1.916429  -0.252159  -0.012319  -0.000446   0.112843  -0.022224  -0.016157   0.008480  -0.007392 
  0.063393  -0.076735   1.411629  -1.937972  -0.254336  -0.011574   0.006613   0.007288   0.006225  -0.021543  -0.002177   0.000745 
  0.069590  -0.125565   1.448669  -1.932128  -0.273931  -0.009683   0.006197  -0.048830   0.037040   0.005844  -0.019595   0.001891 
  0.057318  -0.183437   1.475772  -2.005639  -0.249007   0.003380  -0.012272  -0.057872   0.027103  -0.073511   0.024924   0.013063 
  0.049235  -0.044207   1.199614  -1.920096  -0.287396   0.013407  -0.008083   0.139230  -0.276158   0.085543  -0.038389   0.010027 
  0.039653  -0.034751   0.959210  -1.843893  -0.266826   0.006303  -0.009582   0.009456  -0.240404   0.076203   0.020570  -0.007104 
  0.062378  -0.171065   1.389754  -1.903595  -0.253591  -0.011115   0.022725  -0.136314   0.430544  -0.059702   0.013235  -0.017418 
  0.060234  -0.163017   1.348510  -1.863201  -0.253591  -0.004698  -0.002144   0.008048  -0.041244   0.040394   0.000000   0.006417 
  0.056198  -0.130864   1.390235  -1.868129  -0.261040  -0.001662  -0.004036   0.032153   0.041725  -0.004928  -0.007449   0.003036 
  0.055952  -0.038990   1.317835  -1.893969  -0.263274  -0.003839  -0.000246   0.091874  -0.072400  -0.025840  -0.002234  -0.002177 
  0.063112  -0.070189   1.330539  -1.890875  -0.262816  -0.011058   0.007160  -0.031199   0.012704   0.003094   0.000458  -0.007219 
  0.061136  -0.110834   1.366942  -1.943702  -0.260524  -0.012147  -0.001976  -0.040645   0.036403  -0.052827   0.002292  -0.001089 
  0.056162  -0.156335   1.381459  -1.922273  -0.270551  -0.002922  -0.004974  -0.045501   0.014517   0.021429  -0.010027   0.009225 
  0.053853  -0.066956   1.326453  -1.899412  -0.273587  -0.010600  -0.002309   0.089379  -0.055006   0.022861  -0.003036  -0.007678 
  0.049064  -0.086438   1.338306  -1.936483  -0.253591  -0.027502  -0.004789  -0.019482   0.011853  -0.037071   0.019996  -0.016902 
  0.050064  -0.140966   1.372416  -1.937514  -0.253591  -0.013866   0.001000  -0.054528   0.034110  -0.001031   0.000000   0.013636 
  0.057374  -0.138146   1.365133  -1.937342  -0.259550  -0.011345   0.007310   0.002820  -0.007283   0.000172  -0.005959   0.002521 
  0.060676  -0.047437   1.330956  -1.953328  -0.244195  -0.029221   0.003302   0.090709  -0.034177  -0.015986   0.015355  -0.017876 
  0.050192  -0.106111   1.334913  -1.929493  -0.247804  -0.026986  -0.010484  -0.058674   0.003957   0.023835  -0.003609   0.002235 
  0.052165  -0.172727   1.410934  -1.949260  -0.251758  -0.021715   0.001973  -0.066616   0.076021  -0.019767  -0.003954   0.005271 
  0.059263  -0.065806   1.316360  -1.990627  -0.286422  -0.024523   0.007098   0.106921  -0.094574  -0.041367  -0.034664  -0.002808 
  0.057032   0.011128   1.085379  -1.959917  -0.252388  -0.003094  -0.002231   0.076934  -0.230981   0.030710   0.034034   0.021429 
  0.065383  -0.321839   1.587871  -2.150998  -0.259263   0.011345   0.008351  -0.332967   0.502492  -0.191081  -0.006875   0.014439 
  0.073310  -0.047740   1.344477  -2.115589  -0.224084  -0.001089   0.007927   0.274099  -0.243394   0.035409   0.035179  -0.012434 
  0.069957  -0.079591   1.340640  -2.076514  -0.210562  -0.000057  -0.003353  -0.031851  -0.003837   0.039075   0.013522   0.001032 
  0.055884  -0.155575   1.361921  -2.053996  -0.227350  -0.011345  -0.014073  -0.075984   0.021281   0.022518  -0.016788  -0.011288 
  0.066679  -0.069619   1.336376  -2.036636  -0.240757  -0.003209   0.010795   0.085956  -0.025545   0.017360  -0.013407   0.008136 
  0.070667  -0.105131   1.345513  -2.038469  -0.235658  -0.004183   0.003988  -0.035512   0.009137  -0.001833   0.005099  -0.000974 
  0.070279  -0.122591   1.368481  -2.035031  -0.225917  -0.001318  -0.000388  -0.017460   0.022968   0.003438   0.009741   0.002865 
  0.060998  -0.201585   1.419230  -2.072503  -0.214172   0.001490  -0.009281  -0.078994   0.050749  -0.037472   0.011745   0.002808 
  0.061539  -0.114992   1.429422  -2.098573  -0.240069  -0.006589   0.000541   0.086593   0.010192  -0.026070  -0.025897  -0.008079 
  0.062709  -0.062784   1.317942  -2.016697  -0.242820  -0.008365   0.001170   0.052208  -0.111480   0.081876  -0.002751  -0.001776 
  0.067819  -0.183402   1.438626  -2.029417  -0.243908  -0.002464   0.005110  -0.120618   0.120684  -0.012720  -0.001088   0.005901 
  0.064288  -0.131480   1.416302  -2.034057  -0.239668  -0.005787  -0.003531   0.051922  -0.022324  -0.004640   0.004240  -0.003323 
  0.062425  -0.094608   1.359555  -2.029646  -0.248091  -0.008422  -0.001863   0.036872  -0.056747   0.004411  -0.008423  -0.002635 
  0.072317  -0.089842   1.147137  -1.950578  -0.260696  -0.001261   0.009892   0.004766  -0.212418   0.079068  -0.012605   0.007161 
  0.078686  -0.154702   1.304091  -2.006269  -0.261498   0.005443   0.006369  -0.064860   0.156954  -0.055691  -0.000802   0.006704 
  0.083483  -0.218663   1.418693  -2.044084  -0.255826  -0.003724   0.004797  -0.063961   0.114602  -0.037815   0.005672  -0.009167 
  0.129086  -0.199018   1.478439  -2.166067  -0.272785   0.030596   0.045603   0.019645   0.059746  -0.121983  -0.016959   0.034320 
  0.094603  -0.103227   1.356592  -1.925539  -0.237720   0.031283  -0.034483   0.095791  -0.121847   0.240528   0.035065   0.000687 
  0.103425  -0.156470   1.240560  -1.784534  -0.221849  -0.012032   0.008822  -0.053243  -0.116032   0.141005   0.015871  -0.043315 
  0.069483  -0.026091   1.154547  -1.823725  -0.203228  -0.009282  -0.033942   0.130379  -0.086013  -0.039191   0.018621   0.002750 
  0.070007  -0.068124   1.156366  -1.842231  -0.224370  -0.001604   0.000524  -0.042033   0.001819  -0.018506  -0.021142   0.007678 
  0.090081  -0.150630   1.226091  -1.855123  -0.210963   0.015126   0.020074  -0.082506   0.069725  -0.012892   0.013407   0.016730 
  0.089995  -0.125755   1.195765  -1.816047  -0.199618   0.017418  -0.000086   0.024875  -0.030326   0.039076   0.011345   0.002292 
  0.075980  -0.070037   1.119987  -1.858904  -0.222193  -0.005271  -0.014015   0.055718  -0.075778  -0.042857  -0.022575  -0.022689 
  0.083827  -0.136308   1.215469  -1.869504  -0.236059   0.005500   0.007847  -0.066271   0.095482  -0.010600  -0.013866   0.010771 
  0.096331  -0.207994   1.279148  -1.861884  -0.242991  -0.001318   0.012504  -0.071686   0.063679   0.007620  -0.006932  -0.006818 
  0.091056  -0.080664   1.134651  -1.787227  -0.201910   0.000229  -0.005275   0.127330  -0.144497   0.074657   0.041081   0.001547 
  0.086067  -0.110512   1.138710  -1.782873  -0.234913  -0.002865  -0.004989  -0.029848   0.004059   0.004354  -0.033003  -0.003094 
  0.092938  -0.162062   1.188896  -1.808828  -0.216349   0.000000   0.006871  -0.051550   0.050186  -0.025955   0.018564   0.002865 
  0.096817  -0.168044   1.222608  -1.880619  -0.244137  -0.030309   0.003879  -0.005982   0.033712  -0.071791  -0.027788  -0.030309 
  0.091302  -0.064615   1.151106  -1.842690  -0.217896  -0.024408  -0.005515   0.103429  -0.071502   0.037929   0.026241   0.005901 
  0.088878  -0.152120   1.172002  -1.870192  -0.202827  -0.017934  -0.002424  -0.087505   0.020896  -0.027502   0.015069   0.006474 
  0.089621  -0.176491   1.191379  -1.898438  -0.234855  -0.006360   0.000743  -0.024371   0.019377  -0.028246  -0.032028   0.011574 
  0.087867  -0.070705   1.151497  -1.869676  -0.209932  -0.008422  -0.001754   0.105786  -0.039882   0.028762   0.024923  -0.002062 
  0.089758  -0.101260   1.155776  -1.864577  -0.239840  -0.010313   0.001891  -0.030555   0.004279   0.005099  -0.029908  -0.001891 
  0.075438  -0.189488   1.217776  -1.931383  -0.236918  -0.007162  -0.014320  -0.088228   0.062000  -0.066806   0.002922   0.003151 
  0.084093  -0.138416   1.187200  -1.887552  -0.232220  -0.002235   0.008655   0.051072  -0.030576   0.043831   0.004698   0.004927 
  0.091336  -0.067752   1.171606  -1.912132  -0.230673  -0.010829   0.007243   0.070664  -0.015594  -0.024580   0.001547  -0.008594 
  0.081747  -0.121348   1.132839  -1.769523  -0.223683   0.010371  -0.009589  -0.053596  -0.038767   0.142609   0.006990   0.021200 
  0.078155  -0.191470   1.212648  -1.798343  -0.213140   0.000630  -0.003592  -0.070122   0.079809  -0.028820   0.010543  -0.009741 
  0.065496  -0.096634   1.161059  -1.874661  -0.245856   0.002349  -0.012659   0.094836  -0.051589  -0.076318  -0.032716   0.001719 
  0.066287  -0.065201   1.139266  -1.907606  -0.257774  -0.003037   0.000791   0.031433  -0.021793  -0.032945  -0.011918  -0.005386 
  0.072493  -0.138198   1.168213  -1.907606  -0.253935   0.008881   0.006206  -0.072997   0.028947   0.000000   0.003839   0.011918 
  0.081638  -0.164575   1.187187  -1.907606  -0.265222   0.014553   0.009145  -0.026377   0.018974   0.000000  -0.011287   0.005672 
  0.075298  -0.065977   1.084139  -1.887781  -0.252101   0.001432  -0.006340   0.098598  -0.103048   0.019825   0.013121  -0.013121 
  0.074902  -0.086352   0.900199  -2.060929  -0.280463  -0.027559  -0.000396  -0.020375  -0.183940  -0.173148  -0.028362  -0.028991 
  0.103844  -0.123520   1.141644  -1.951494  -0.267800  -0.025382   0.028942  -0.037168   0.241445   0.109435   0.012663   0.002177 
  0.114967  -0.278582   1.449794  -1.963011  -0.272843  -0.045951   0.011123  -0.155062   0.308150  -0.011517  -0.005043  -0.020569 
  0.139827  -0.056592   1.223935  -1.939978  -0.249294  -0.008709   0.024860   0.221990  -0.225859   0.023033   0.023549   0.037242 
  0.151930  -0.174396   1.280209  -1.984382  -0.244424   0.006245   0.012103  -0.117804   0.056274  -0.044404   0.004870   0.014954 
  0.139933  -0.139142   1.227721  -1.921471  -0.250211   0.011058  -0.011997   0.035254  -0.052488   0.062911  -0.005787   0.004813 
  0.134984  -0.052504   1.187923  -1.934306  -0.235772  -0.007334  -0.004949   0.086638  -0.039798  -0.012835   0.014439  -0.018392 
  0.139793  -0.106291   1.217686  -1.958026  -0.244481  -0.003266   0.004809  -0.053787   0.029763  -0.023720  -0.008709   0.004068 
  0.136937  -0.193222   1.284800  -2.008618  -0.251643   0.006073  -0.002856  -0.086931   0.067114  -0.050592  -0.007162   0.009339 
  0.122260  -0.129141   1.268016  -2.046319  -0.279603  -0.005844  -0.014677   0.064081  -0.016784  -0.037701  -0.027960  -0.011917 
  0.126228  -0.078304   1.209866  -1.968339  -0.254221  -0.011803   0.003968   0.050837  -0.058150   0.077980   0.025382  -0.005959 
  0.124938  -0.152241   1.246060  -1.974584  -0.259779  -0.007448  -0.001290  -0.073937   0.036194  -0.006245  -0.005558   0.004355 
  0.099586  -0.199095   1.290968  -2.007701  -0.304355   0.005730  -0.025352  -0.046854   0.044908  -0.033117  -0.044576   0.013178 
  0.109352  -0.080577   1.191667  -1.935967  -0.280577  -0.007850   0.009766   0.118518  -0.099301   0.071734   0.023778  -0.013580 
  0.166413  -0.045249   0.885690  -1.837533  -0.128171  -0.054603   0.057061   0.035328  -0.305977   0.098434   0.152406  -0.046753 
  0.157452  -0.004764   0.105549  -1.839596  -0.106112  -0.107601  -0.008961   0.040485  -0.780141  -0.002063   0.022059  -0.052998 
  0.114288   0.071899  -0.241048  -1.893912  -0.235085  -0.095226  -0.043164   0.076663  -0.346597  -0.054316  -0.128973   0.012375 
  0.089198  -0.242783   0.379984  -1.659630  -0.360906  -0.101242  -0.025090  -0.314682   0.621032   0.234282  -0.125821  -0.006016 
  0.094646  -0.152476   0.750960  -1.696012  -0.290776  -0.069729   0.005448   0.090307   0.370976  -0.036382   0.070130   0.031513 
  0.097511  -0.127443   0.851687  -1.744828  -0.274447  -0.060218   0.002865   0.025033   0.100727  -0.048816   0.016329   0.009511 
  0.095995  -0.102912   0.684082  -1.823553  -0.282468  -0.048530  -0.001516   0.024531  -0.167605  -0.078725  -0.008021   0.011688 
  0.078110   0.020526   0.257421  -1.864118  -0.376777  -0.040394  -0.017885   0.123438  -0.426661  -0.040565  -0.094309   0.008136 
  0.120564  -0.282778   1.186464  -1.931613  -0.315012  -0.064343   0.042454  -0.303304   0.929043  -0.067495   0.061765  -0.023949 
  0.098789  -0.237600   1.685095  -2.098229  -0.269691  -0.045264  -0.021775   0.045178   0.498631  -0.166616   0.045321   0.019079 
  0.108626  -0.194639   1.361479  -2.150196  -0.327044  -0.033976   0.009837   0.042961  -0.323616  -0.051967  -0.057353   0.011288 
  0.114257  -0.184008   1.326690  -2.123955  -0.314726  -0.027788   0.005631   0.010631  -0.034789   0.026241   0.012318   0.006188 
  0.108112  -0.131700   1.293391  -2.124470  -0.324581  -0.025497  -0.006145   0.052308  -0.033299  -0.000515  -0.009855   0.002291 
  0.111496  -0.133496   1.292862  -2.090494  -0.320341  -0.032086   0.003384  -0.001796  -0.000529   0.033976   0.004240  -0.006589 
  0.111505  -0.147090   1.313637  -2.084822  -0.319825  -0.030596   0.000009  -0.013594   0.020775   0.005672   0.000516   0.001490 
  0.111767  -0.186508   1.337007  -2.106422  -0.331628  -0.027044   0.000262  -0.039418   0.023370  -0.021600  -0.011803   0.003552 
  0.111664  -0.114269   1.350017  -2.146529  -0.332258  -0.032200  -0.000103   0.072239   0.013010  -0.040107  -0.000630  -0.005156 
  0.107893  -0.201809   1.370202  -2.120631  -0.331743  -0.036268  -0.003771  -0.087540   0.020185   0.025898   0.000515  -0.004068 
  0.111673  -0.118219   1.328896  -2.043626  -0.339248  -0.030367   0.003780   0.083590  -0.041306   0.077005  -0.007505   0.005901 
  0.117701  -0.129791   1.337573  -2.109974  -0.316445  -0.052311   0.006028  -0.011572   0.008677  -0.066348   0.022803  -0.021944 
  0.111726  -0.184340   1.370425  -2.092442  -0.326529  -0.039305  -0.005975  -0.054549   0.032852   0.017532  -0.010084   0.013006 
  0.115401  -0.196218   1.384759  -2.095994  -0.320684  -0.035581   0.003675  -0.011878   0.014334  -0.003552   0.005845   0.003724 
  0.111271  -0.095601   1.344172  -2.085967  -0.306303  -0.047441  -0.004130   0.100617  -0.040587   0.010027   0.014381  -0.011860 
  0.111656  -0.197948   1.436605  -2.089692  -0.320513  -0.033919   0.000385  -0.102347   0.092433  -0.003725  -0.014210   0.013522 
  0.105883  -0.244611   1.457821  -1.964615  -0.282124  -0.034091  -0.005773  -0.046663   0.021216   0.125077   0.038389  -0.000172 
  0.102009  -0.221943   1.293627  -1.983752  -0.240528  -0.034206  -0.003874   0.022668  -0.164194  -0.019137   0.041596  -0.000115 
  0.112267  -0.087590   1.234251  -2.031078  -0.291120  -0.016329   0.010258   0.134353  -0.059376  -0.047326  -0.050592   0.017877 
  0.105889  -0.092246   1.218497  -2.033943  -0.161058   0.015298  -0.006378  -0.004656  -0.015754  -0.002865   0.130062   0.031627 
  0.069460  -0.106139   1.271202  -2.053423  -0.141349   0.059072  -0.036429  -0.013893   0.052705  -0.019480   0.019709   0.043774 
  0.095865  -0.178234   1.331424  -2.055142  -0.140718   0.039190   0.026405  -0.072095   0.060222  -0.001719   0.000631  -0.019882 
  0.126343  -0.079793   1.096322  -2.071701  -0.158079   0.080558   0.030478   0.098441  -0.235102  -0.016559  -0.017361   0.041368 
  0.147914  -0.120635   1.199902  -1.976189  -0.100955   0.062739   0.021571  -0.040842   0.103580   0.095512   0.057124  -0.017819 
  0.137154  -0.152595   1.212995  -1.994065  -0.112586   0.025153  -0.010760  -0.031960   0.013093  -0.017876  -0.011631  -0.037586 
  0.105197  -0.134454   1.171959  -1.994237  -0.167189   0.063197  -0.031957   0.018141  -0.041036  -0.000172  -0.054603   0.038044 
  0.113600  -0.096002   1.155474  -1.985585  -0.148167   0.044633   0.008403   0.038452  -0.016485   0.008652   0.019022  -0.018564 
  0.108960  -0.089060   1.152203  -1.930008  -0.139916   0.034320  -0.004640   0.006942  -0.003271   0.055577   0.008251  -0.010313 
  0.111060  -0.135782   1.183171  -1.965303  -0.149026   0.058843   0.002100  -0.046722   0.030968  -0.035295  -0.009110   0.024523 
  0.127933  -0.107897   1.217949  -1.972121  -0.147766   0.058384   0.016873   0.027885   0.034778  -0.006818   0.001260  -0.000459 
  0.127758  -0.080713   1.226001  -2.023973  -0.139401   0.043086  -0.000175   0.027184   0.008052  -0.051852   0.008365  -0.015298 
  0.127787  -0.116935   1.265511  -2.029588  -0.160084   0.026643   0.000029  -0.036222   0.039510  -0.005615  -0.020683  -0.016443 
  0.122365  -0.187798   1.229395  -2.065857  -0.163809   0.033919  -0.005422  -0.070863  -0.036116  -0.036269  -0.003725   0.007276 
  0.054421  -0.042443   0.780966  -1.990283  -0.172231   0.055921  -0.067944   0.145355  -0.448429   0.075574  -0.008422   0.022002 
 -0.029958   0.157039  -0.534648  -1.512437  -0.155501   0.059301  -0.084379   0.199482  -1.315614   0.477846   0.016730   0.003380 
 -0.024954   0.124150  -1.274118  -1.439213  -0.140718   0.063885   0.005004  -0.032889  -0.739470   0.073224   0.014783   0.004584 
  0.002212   0.132562  -0.920708  -1.516562  -0.276681   0.061937   0.027166   0.008412   0.353410  -0.077349  -0.135963  -0.001948 
  0.004497  -0.103276  -0.096901  -1.313105  -0.248778   0.066864   0.002285  -0.235838   0.823807   0.203457   0.027903   0.004927 
 -0.018017  -0.100477   0.393528  -1.133998  -0.163236   0.099637  -0.022514   0.002799   0.490429   0.179107   0.085542   0.032773 
  0.019041   0.090331   0.246819  -1.131191  -0.159053   0.083308   0.037058   0.190808  -0.146709   0.002807   0.004183  -0.016329 
  0.012389   0.034881   0.235585  -1.188143  -0.161460   0.083881  -0.006652  -0.055450  -0.011234  -0.056952  -0.002407   0.000573 
  0.011517  -0.004672   0.240111  -1.199716  -0.160829   0.083996  -0.000872  -0.039553   0.004526  -0.011573   0.000631   0.000115 
  0.014247   0.000780   0.254450  -1.207623  -0.145531   0.097059   0.002730   0.005452   0.014339  -0.007907   0.015298   0.013063 
  0.014421   0.029017   0.241147  -1.220858  -0.136077   0.099351   0.000174   0.028237  -0.013303  -0.013235   0.009454   0.002292 
  0.014291  -0.014754   0.263722  -1.239881  -0.150230   0.095569  -0.000130  -0.043771   0.022575  -0.019023  -0.014153  -0.003782 
  0.016473  -0.005164   0.281630  -1.217249  -0.140375   0.092991   0.002182   0.009590   0.017908   0.022632   0.009855  -0.002578 
  0.011496  -0.068960   0.265246  -1.192325  -0.127540   0.114534  -0.004977  -0.063796  -0.016384   0.024924   0.012835   0.021543 
  0.012354   0.037020   0.259749  -1.218509  -0.144042   0.093679   0.000858   0.105980  -0.005497  -0.026184  -0.016502  -0.020855 
  0.017558  -0.003134   0.290448  -1.266810  -0.145359   0.090928   0.005204  -0.040154   0.030699  -0.048301  -0.001317  -0.002751 
