  0.000000   0.000000   0.000000   0.000000   0.000000   0.000000   0.000000   0.000000   0.000000   0.000000   0.000000   0.000000 
  0.002431   0.042341  -0.048587  -0.004927   0.007678   0.000000   0.002431   0.042341  -0.048587  -0.004927   0.007678   0.000000 
  0.000349   0.001866  -0.007462   0.000000   0.012032   0.000458  -0.002082  -0.040475   0.041125   0.004927   0.004354   0.000458 
 -0.001356   0.053749   0.001761  -0.010829   0.024580   0.007448  -0.001705   0.051883   0.009223  -0.010829   0.012548   0.006990 
 -0.005027   0.121122  -0.010437   0.010313   0.018621   0.003782  -0.003671   0.067373  -0.012198   0.021142  -0.005959  -0.003666 
 -0.003796   0.142553  -0.027803   0.031455   0.019652   0.000688   0.001231   0.021431  -0.017366   0.021142   0.001031  -0.003094 
 -0.013499   0.030993  -0.003973   0.000000   0.016960   0.008652  -0.009703  -0.111560   0.023830  -0.031455  -0.002692   0.007964 
 -0.023303   0.114238  -0.010405   0.003266   0.003266   0.003323  -0.009804   0.083245  -0.006432   0.003266  -0.013694  -0.005329 
 -0.029033   0.151190  -0.010377   0.019882  -0.005901   0.009110  -0.005730   0.036952   0.000028   0.016616  -0.009167   0.005787 
 -0.029069   0.150721  -0.026426   0.043889  -0.009110  -0.007506  -0.000036  -0.000469  -0.016049   0.024007  -0.003209  -0.016616 
 -0.028957   0.039279  -0.005974   0.016272  -0.002693   0.009110   0.000112  -0.111442   0.020452  -0.027617   0.006417   0.016616 
 -0.029004   0.116230  -0.018740   0.037643  -0.003839  -0.008021  -0.000047   0.076951  -0.012766   0.021371  -0.001146  -0.017131 
 -0.029188   0.170802  -0.028804   0.058213  -0.012892  -0.015470  -0.000184   0.054572  -0.010064   0.020570  -0.009053  -0.007449 
 -0.025414   0.079486  -0.028789   0.052827  -0.002063  -0.002922   0.003774  -0.091316   0.000015  -0.005386   0.010829   0.012548 
 -0.029026   0.070847  -0.028850   0.041138  -0.002063  -0.000516  -0.003612  -0.008639  -0.000061  -0.011689   0.000000   0.002406 
 -0.029038   0.142198  -0.042735   0.051967  -0.002120  -0.016387  -0.000012   0.071351  -0.013885   0.010829  -0.000057  -0.015871 
 -0.033334   0.165623  -0.063979   0.074828  -0.016501  -0.021830  -0.004296   0.023425  -0.021244   0.022861  -0.014381  -0.005443 
 -0.029213   0.065137  -0.051831   0.058213  -0.016387  -0.012032   0.004121  -0.100486   0.012148  -0.016615   0.000114   0.009798 
 -0.029251   0.095540  -0.084655   0.058213  -0.017876  -0.015069  -0.000038   0.030403  -0.032824   0.000000  -0.001489  -0.003037 
 -0.035491   0.154443  -0.084569   0.096028  -0.007047  -0.039477  -0.006240   0.058903   0.000086   0.037815   0.010829  -0.024408 
 -0.046130   0.165431  -0.122763   0.132296  -0.002636  -0.038274  -0.010639   0.010988  -0.038194   0.036268   0.004411   0.001203 
 -0.040228   0.074216  -0.089940   0.095168  -0.006818  -0.015069   0.005902  -0.091215   0.032823  -0.037128  -0.004182   0.023205 
 -0.036387   0.121131  -0.126274   0.120035  -0.012605  -0.033461   0.003841   0.046915  -0.036334   0.024867  -0.005787  -0.018392 
 -0.034907   0.192175  -0.137204   0.148683  -0.000286  -0.040795   0.001480   0.071044  -0.010930   0.028648   0.012319  -0.007334 
 -0.029946   0.120028  -0.155288   0.144500   0.002807  -0.036326   0.004961  -0.072147  -0.018084  -0.004183   0.003093   0.004469 
 -0.026762   0.047155  -0.095826   0.105539  -0.018449  -0.030825   0.003184  -0.072873   0.059462  -0.038961  -0.021256   0.005501 
 -0.046442   0.143263  -0.108955   0.112357  -0.022288  -0.049790  -0.019680   0.096108  -0.013129   0.006818  -0.003839  -0.018965 
 -0.046445   0.175454  -0.075136   0.075000  -0.019194  -0.057181  -0.000003   0.032191   0.033819  -0.037357   0.003094  -0.007391 
 -0.027624   0.125072  -0.109588   0.125535  -0.013923  -0.036898   0.018821  -0.050382  -0.034452   0.050535   0.005271   0.020283 
 -0.026821   0.063299  -0.131249   0.081303   0.002464  -0.022632   0.000803  -0.061773  -0.021661  -0.044232   0.016387   0.014266 
 -0.032199   0.162769  -0.105697   0.108633  -0.006474  -0.025497  -0.005378   0.099470   0.025552   0.027330  -0.008938  -0.002865 
 -0.026909   0.178467  -0.149318   0.142666   0.000630  -0.042915   0.005290   0.015698  -0.043621   0.034033   0.007104  -0.017418 
 -0.026786   0.134027  -0.145549   0.131666   0.003953  -0.025783   0.000123  -0.044440   0.003769  -0.011000   0.003323   0.017132 
 -0.016174   0.096977  -0.157175   0.152235   0.025669  -0.011459   0.010612  -0.037050  -0.011626   0.020569   0.021716   0.014324 
 -0.018767   0.240333  -0.180065   0.181914   0.014725  -0.025726  -0.002593   0.143356  -0.022890   0.029679  -0.010944  -0.014267 
 -0.018960   0.146617  -0.155612   0.170168   0.048931  -0.013980  -0.000193  -0.093716   0.024453  -0.011746   0.034206   0.011746 
 -0.010823   0.061475  -0.196266   0.201796  -0.046524  -0.086402   0.008137  -0.085142  -0.040654   0.031628  -0.095455  -0.072422 
 -0.008137   0.133687  -0.247548   0.304756  -0.025726  -0.022804   0.002686   0.072212  -0.051282   0.102960   0.020798   0.063598 
  0.005675   0.176816  -0.386725   0.387491  -0.039763  -0.027044   0.013812   0.043129  -0.139177   0.082735  -0.014037  -0.004240 
  0.008035   0.109100  -0.224345   0.167991   0.017475  -0.015814   0.002360  -0.067716   0.162380  -0.219500   0.057238   0.011230 
 -0.002783   0.123072  -0.228409   0.187128  -0.007620  -0.020397  -0.010818   0.013972  -0.004064   0.019137  -0.025095  -0.004583 
 -0.006861   0.239733  -0.234060   0.209187  -0.007448  -0.026757  -0.004078   0.116661  -0.005651   0.022059   0.000172  -0.006360 
  0.004112   0.152301  -0.204084   0.190279  -0.001719  -0.008537   0.010973  -0.087432   0.029976  -0.018908   0.005729   0.018220 
  0.007332   0.113843  -0.201149   0.226834  -0.001719  -0.001146   0.003220  -0.038458   0.002935   0.036555   0.000000   0.007391 
  0.010521   0.237519  -0.244480   0.271983  -0.001719  -0.022689   0.003189   0.123676  -0.043331   0.045149   0.000000  -0.021543 
  0.021449   0.178506  -0.267234   0.278859   0.029164  -0.024637   0.010928  -0.059013  -0.022754   0.006876   0.030883  -0.001948 
  0.016971   0.107357  -0.264073   0.265681   0.020741  -0.001261  -0.004478  -0.071149   0.003161  -0.013178  -0.008423   0.023376 
  0.015581   0.210307  -0.261769   0.306189   0.009683  -0.024351  -0.001390   0.102950   0.002304   0.040508  -0.011058  -0.023090 
  0.022104   0.167942  -0.248550   0.303553   0.032143  -0.024351   0.006523  -0.042365   0.013219  -0.002636   0.022460   0.000000 
  0.016993   0.094026  -0.242147   0.297308   0.032200  -0.017647  -0.005111  -0.073916   0.006403  -0.006245   0.000057   0.006704 
  0.018301   0.214697  -0.301203   0.317419   0.028533  -0.022403   0.001308   0.120671  -0.059056   0.020111  -0.003667  -0.004756 
  0.015491   0.153811  -0.260206   0.314840   0.002406  -0.007678  -0.002810  -0.060886   0.040997  -0.002579  -0.026127   0.014725 
  0.019318   0.084130  -0.286040   0.293870   0.032200  -0.017590   0.003827  -0.069681  -0.025834  -0.020970   0.029794  -0.009912 
  0.019536   0.192837  -0.302804   0.292953   0.027731  -0.021429   0.000218   0.108707  -0.016764  -0.000917  -0.004469  -0.003839 
  0.018026   0.221636  -0.282644   0.307506   0.032028  -0.023950  -0.001510   0.028799   0.020160   0.014553   0.004297  -0.002521 
  0.016602   0.093687  -0.087440  -0.013063   0.044633  -0.013751  -0.001424  -0.127949   0.195204  -0.320569   0.012605   0.010199 
  0.031155   0.075080   0.011531  -0.086402   0.076834  -0.016100   0.014553  -0.018607   0.098971  -0.073339   0.032201  -0.002349 
  0.023694   0.070609  -0.155126   0.035638   0.083365  -0.036154  -0.007461  -0.004471  -0.166657   0.122040   0.006531  -0.020054 
  0.005217   0.049816  -0.233362   0.088694   0.059301  -0.002693  -0.018477  -0.020793  -0.078236   0.053056  -0.024064   0.033461 
 -0.005846   0.169051  -0.262918   0.143239   0.051452  -0.002693  -0.011063   0.119235  -0.029556   0.054545  -0.007849   0.000000 
 -0.005790   0.218945  -0.284111   0.233423   0.053170  -0.002693   0.000056   0.049894  -0.021193   0.090184   0.001718   0.000000 
  0.005801   0.168713  -0.263143   0.230043   0.052655  -0.002693   0.011591  -0.050232   0.020968  -0.003380  -0.000515   0.000000 
  0.003083   0.091596  -0.239511   0.201452   0.046925  -0.002693  -0.002718  -0.077117   0.023632  -0.028591  -0.005730   0.000000 
 -0.002736   0.179377  -0.237313   0.221964   0.048128  -0.002750  -0.005819   0.087781   0.002198   0.020512   0.001203  -0.000057 
 -0.005301   0.178676  -0.252223   0.253190   0.048128  -0.002693  -0.002565  -0.000701  -0.014910   0.031226   0.000000   0.000057 
 -0.002737   0.130176  -0.256691   0.230043   0.048128  -0.002750   0.002564  -0.048500  -0.004468  -0.023147   0.000000  -0.000057 
 -0.002433   0.067749  -0.278580   0.240184   0.068411  -0.001432   0.000304  -0.062427  -0.021889   0.010141   0.020283   0.001318 
 -0.004781   0.178250  -0.291409   0.252674   0.061192   0.003610  -0.002348   0.110501  -0.012829   0.012490  -0.007219   0.005042 
 -0.011349   0.204564  -0.266753   0.264649   0.058213  -0.004813  -0.006568   0.026314   0.024656   0.011975  -0.002979  -0.008423 
 -0.009493   0.149734  -0.257490   0.242075   0.036784  -0.001662   0.001856  -0.054830   0.009263  -0.022574  -0.021429   0.003151 
 -0.002228   0.076406  -0.244830   0.243392   0.085313   0.007162   0.007265  -0.073328   0.012660   0.001317   0.048529   0.008824 
 -0.007638   0.169562  -0.241925   0.208327   0.073281  -0.000401  -0.005410   0.093156   0.002905  -0.035065  -0.012032  -0.007563 
 -0.007419   0.162738  -0.249681   0.214515   0.076375  -0.004240   0.000219  -0.006824  -0.007756   0.006188   0.003094  -0.003839 
 -0.018455   0.066164  -0.237216   0.168851   0.079469   0.005901  -0.011036  -0.096574   0.012465  -0.045664   0.003094   0.010141 
 -0.008223   0.094005  -0.212326   0.134416   0.083652   0.014152   0.010232   0.027841   0.024890  -0.034435   0.004183   0.008251 
 -0.021097   0.177534  -0.221085   0.130692   0.077464   0.016501  -0.012874   0.083529  -0.008759  -0.003724  -0.006188   0.002349 
 -0.017970   0.157504  -0.236253   0.150344   0.082105   0.005901   0.003127  -0.020030  -0.015168   0.019652   0.004641  -0.010600 
 -0.021904   0.105896  -0.299434   0.265509   0.047326  -0.023491  -0.003934  -0.051608  -0.063181   0.115165  -0.034779  -0.029392 
 -0.003584   0.125824  -0.254130   0.163293   0.140260  -0.007964   0.018320   0.019928   0.045304  -0.102216   0.092934   0.015527 
 -0.022872   0.081629  -0.113359   0.014037   0.108232  -0.003323  -0.019288  -0.044195   0.140771  -0.149256  -0.032028   0.004641 
 -0.000019   0.096311  -0.058905  -0.173606   0.180825   0.030080   0.022853   0.014682   0.054454  -0.187643   0.072593   0.033403 
  0.002873   0.035647  -0.110018  -0.041998   0.173434   0.046581   0.002892  -0.060664  -0.051113   0.131608  -0.007391   0.016501 
 -0.002713   0.078480  -0.196733   0.151261   0.135619   0.024007  -0.005586   0.042833  -0.086715   0.193259  -0.037815  -0.022574 
 -0.011610   0.185018  -0.222144   0.178992   0.110867   0.017189  -0.008897   0.106538  -0.025411   0.027731  -0.024752  -0.006818 
 -0.007275   0.155111  -0.222081   0.178133   0.106627   0.015584   0.004335  -0.029907   0.000063  -0.000859  -0.004240  -0.001605 
 -0.014279   0.048440  -0.210727   0.125019   0.110867   0.020397  -0.007004  -0.106671   0.011354  -0.053114   0.004240   0.004813 
 -0.012126   0.181738  -0.278594   0.152006   0.110867   0.011860   0.002153   0.133298  -0.067867   0.026987   0.000000  -0.008537 
 -0.012276   0.224963  -0.302762   0.246257   0.110867   0.002120  -0.000150   0.043225  -0.024168   0.094251   0.000000  -0.009740 
 -0.011489   0.134544  -0.276027   0.205291   0.116941   0.009683   0.000787  -0.090419   0.026735  -0.040966   0.006074   0.007563 
 -0.003984   0.090380  -0.275911   0.199676   0.110867   0.010428   0.007505  -0.044164   0.000116  -0.005615  -0.006074   0.000745 
 -0.013410   0.201780  -0.321092   0.242648   0.107372   0.005042  -0.009426   0.111400  -0.045181   0.042972  -0.003495  -0.005386 
 -0.014869   0.207339  -0.306420   0.228324   0.100783   0.005157  -0.001459   0.005559   0.014672  -0.014324  -0.006589   0.000115 
 -0.012844   0.050904  -0.244320   0.179393   0.115967   0.005157   0.002025  -0.156435   0.062100  -0.048931   0.015184   0.000000 
 -0.012720   0.173523  -0.288682   0.217323   0.105023   0.003209   0.000124   0.122619  -0.044362   0.037930  -0.010944  -0.001948 
 -0.008179   0.210175  -0.292246   0.251987   0.105711   0.003782   0.004541   0.036652  -0.003564   0.034664   0.000688   0.000573 
 -0.013547   0.096338  -0.277196   0.232850   0.093163   0.015126  -0.005368  -0.113837   0.015050  -0.019137  -0.012548   0.011344 
 -0.007840   0.144073  -0.300129   0.218125   0.101643   0.016157   0.005707   0.047735  -0.022933  -0.014725   0.008480   0.001031 
 -0.015597   0.180010  -0.300132   0.258003   0.089611  -0.000688  -0.007757   0.035937  -0.000003   0.039878  -0.012032  -0.016845 
 -0.012285   0.188531  -0.310174   0.262300   0.091387   0.007162   0.003312   0.008521  -0.010042   0.004297   0.001776   0.007850 
 -0.011974   0.083589  -0.281413   0.218125   0.105080   0.008480   0.000311  -0.104942   0.028761  -0.044175   0.013693   0.001318 
 -0.012082   0.151823  -0.290625   0.219958   0.104106   0.018392  -0.000108   0.068234  -0.009212   0.001833  -0.000974   0.009912 
 -0.011912   0.193654  -0.307954   0.252044   0.110867   0.000917   0.000170   0.041831  -0.017329   0.032086   0.006761  -0.017475 
 -0.013401   0.049650  -0.121436  -0.067151   0.028361  -0.035523  -0.001489  -0.144004   0.186518  -0.319195  -0.082506  -0.036440 
  0.013636   0.059607  -0.128974   0.101872   0.035638  -0.025611   0.027037   0.009957  -0.007538   0.169023   0.007277   0.009912 
  0.015131   0.143962  -0.221957   0.141578   0.112185   0.001719   0.001495   0.084355  -0.092983   0.039706   0.076547   0.027330 
  0.006875   0.085940  -0.262569   0.188847   0.121582   0.012261  -0.008256  -0.058022  -0.040612   0.047269   0.009397   0.010542 
  0.002998   0.057386  -0.284796   0.207869   0.101986   0.010542  -0.003877  -0.028554  -0.022227   0.019022  -0.019596  -0.001719 
  0.003403   0.198801  -0.257614   0.172231   0.102044   0.007850   0.000405   0.141415   0.027182  -0.035638   0.000058  -0.002692 
 -0.002431   0.195792  -0.231474   0.191081   0.083652   0.008995  -0.005834  -0.003009   0.026140   0.018850  -0.018392   0.001145 
 -0.006063   0.090075  -0.222372   0.216578   0.089267   0.009339  -0.003632  -0.105717   0.009102   0.025497   0.005615   0.000344 
 -0.005971   0.042131  -0.217714   0.187758   0.093449   0.014152   0.000092  -0.047944   0.004658  -0.028820   0.004182   0.004813 
 -0.010287   0.187706  -0.250158   0.213541   0.087605   0.008308  -0.004316   0.145575  -0.032444   0.025783  -0.005844  -0.005844 
 -0.011422   0.171228  -0.267361   0.238522   0.080271  -0.001432  -0.001135  -0.016478  -0.017203   0.024981  -0.007334  -0.009740 
 -0.008864   0.100583  -0.237561   0.243507   0.098434   0.018507   0.002558  -0.070645   0.029800   0.004985   0.018163   0.019939 
 -0.008092   0.072393  -0.269111   0.241387   0.101070   0.009167   0.000772  -0.028190  -0.031550  -0.002120   0.002636  -0.009340 
 -0.012314   0.194729  -0.299511   0.257430   0.078381   0.008881  -0.004222   0.122336  -0.030400   0.016043  -0.022689  -0.000286 
 -0.011220   0.118450  -0.175938   0.154126   0.072250   0.003552   0.001094  -0.076279   0.123573  -0.103304  -0.006131  -0.005329 
 -0.006540  -0.000144  -0.147629   0.058957   0.087032  -0.020684   0.004680  -0.118594   0.028309  -0.095169   0.014782  -0.024236 
 -0.020438   0.092617  -0.292864   0.182430   0.150344   0.005730  -0.013898   0.092761  -0.145235   0.123473   0.063312   0.026414 
 -0.042965   0.083707  -0.342380   0.225745   0.068583  -0.004011  -0.022527  -0.008910  -0.049516   0.043315  -0.081761  -0.009741 
 -0.024954   0.015346  -0.192383   0.159569   0.094595   0.007850   0.018011  -0.068361   0.149997  -0.066176   0.026012   0.011861 
 -0.023100   0.132681  -0.149273   0.156246   0.114019   0.011746   0.001854   0.117335   0.043110  -0.003323   0.019424   0.003896 
 -0.027997   0.246733  -0.307299   0.268144   0.087319   0.010600  -0.004897   0.114052  -0.158026   0.111898  -0.026700  -0.001146 
 -0.031910   0.181406  -0.309001   0.254164   0.110065   0.013350  -0.003913  -0.065327  -0.001702  -0.013980   0.022746   0.002750 
 -0.026188   0.074173  -0.263462   0.178133   0.092762   0.018449   0.005722  -0.107233   0.045539  -0.076031  -0.017303   0.005099 
 -0.015488   0.294598  -0.169667   0.079125   0.096887   0.018392   0.010700   0.220425   0.093795  -0.099008   0.004125  -0.000057 
 -0.016335   0.188300  -0.162369   0.051566   0.060504  -0.002406  -0.000847  -0.106298   0.007298  -0.027559  -0.036383  -0.020798 
 -0.018711   0.089244  -0.241574   0.152063   0.085256   0.018449  -0.002376  -0.099056  -0.079205   0.100497   0.024752   0.020855 
 -0.032170   0.173030  -0.276480   0.209703   0.089897   0.014610  -0.013459   0.083786  -0.034906   0.057640   0.004641  -0.003839 
 -0.035207   0.176689  -0.308677   0.234340   0.064114  -0.014037  -0.003037   0.003659  -0.032197   0.024637  -0.025783  -0.028647 
 -0.022868   0.160961  -0.299233   0.250956   0.049045  -0.003495   0.012339  -0.015728   0.009444   0.016616  -0.015069   0.010542 
 -0.016599   0.060546  -0.259735   0.252904   0.051509   0.002636   0.006269  -0.100415   0.039498   0.001948   0.002464   0.006131 
 -0.020561   0.188843  -0.281094   0.280176   0.060848   0.003151  -0.003962   0.128297  -0.021359   0.027272   0.009339   0.000515 
 -0.026756   0.199345  -0.295102   0.280176   0.059301  -0.007219  -0.006195   0.010502  -0.014008   0.000000  -0.001547  -0.010370 
 -0.034916   0.143682  -0.298932   0.323893   0.063999  -0.012662  -0.008160  -0.055663  -0.003830   0.043717   0.004698  -0.005443 
 -0.015123   0.059835  -0.199240   0.161402   0.043316   0.008709   0.019793  -0.083847   0.099692  -0.162491  -0.020683   0.021371 
 -0.004762   0.192400  -0.210373   0.198473   0.050821   0.005214   0.010361   0.132565  -0.011133   0.037071   0.007505  -0.003495 
 -0.026370   0.043859  -0.223643  -0.060562  -0.022918   0.014267  -0.021608  -0.148541  -0.013270  -0.259035  -0.073739   0.009053 
 -0.046945   0.028231  -0.078889  -0.025153  -0.005099  -0.039935  -0.020575  -0.015628   0.144754   0.035409   0.017819  -0.054202 
 -0.016589   0.144350  -0.222383   0.221792   0.084168   0.019595   0.030356   0.116119  -0.143494   0.246945   0.089267   0.059530 
 -0.024776   0.060406  -0.221058   0.025382   0.070417   0.029278  -0.008187  -0.083944   0.001325  -0.196410  -0.013751   0.009683 
 -0.013985   0.062437  -0.245610   0.171830   0.078667   0.013407   0.010791   0.002031  -0.024552   0.146448   0.008250  -0.015871 
 -0.027119   0.172433  -0.245316   0.212281   0.057811   0.016215  -0.013134   0.109996   0.000294   0.040451  -0.020856   0.002808 
 -0.027023   0.180215  -0.256552   0.254107   0.063083   0.005386   0.000096   0.007782  -0.011236   0.041826   0.005272  -0.010829 
 -0.027239   0.115425  -0.256643   0.264191   0.055978   0.007563  -0.000216  -0.064790  -0.000091   0.010084  -0.007105   0.002177 
 -0.027094   0.136505  -0.265247   0.305100   0.061822   0.006761   0.000145   0.021080  -0.008604   0.040909   0.005844  -0.000802 
 -0.035873   0.221140  -0.294482   0.336326   0.059072  -0.001662  -0.008779   0.084635  -0.029235   0.031226  -0.002750  -0.008423 
 -0.045121   0.239456  -0.336289   0.395742   0.052082  -0.019710  -0.009248   0.018316  -0.041807   0.059416  -0.006990  -0.018048 
 -0.026802   0.179181  -0.285358   0.351051   0.073510  -0.002693   0.018319  -0.060275   0.050931  -0.044691   0.021428   0.017017 
 -0.026808   0.110956  -0.285347   0.346983   0.071505   0.009167  -0.000006  -0.068225   0.000011  -0.004068  -0.002005   0.011860 
 -0.026860   0.219522  -0.325051   0.402503   0.074255   0.012490  -0.000052   0.108566  -0.039704   0.055520   0.002750   0.003323 
 -0.027040   0.228172  -0.373660   0.460543   0.070760  -0.010141  -0.000180   0.008650  -0.048609   0.058040  -0.003495  -0.022631 
 -0.027319   0.184925  -0.337924   0.405368   0.052712  -0.011345  -0.000279  -0.043247   0.035736  -0.055175  -0.018048  -0.001204 
 -0.026607   0.118444  -0.333506   0.407029   0.069729   0.005615   0.000712  -0.066481   0.004418   0.001661   0.017017   0.016960 
 -0.030844   0.223559  -0.375822   0.438084   0.069041   0.005672  -0.004237   0.105115  -0.042316   0.031055  -0.000688   0.000057 
 -0.042883   0.260095  -0.432896   0.522022   0.064687  -0.013636  -0.012039   0.036536  -0.057074   0.083938  -0.004354  -0.019308 
 -0.036589   0.259244  -0.513703   0.588600   0.049847  -0.003380   0.006294  -0.000851  -0.080807   0.066578  -0.014840   0.010256 
 -0.026169   0.141458  -0.377425   0.506724   0.052941  -0.000573   0.010420  -0.117786   0.136278  -0.081876   0.003094   0.002807 
 -0.031733   0.263923  -0.392090   0.478477   0.045264  -0.016215  -0.005564   0.122465  -0.014665  -0.028247  -0.007677  -0.015642 
 -0.043463   0.272503  -0.435468   0.521735   0.024236  -0.034034  -0.011730   0.008580  -0.043378   0.043258  -0.021028  -0.017819 
 -0.026351   0.225201  -0.389894   0.516751   0.046238  -0.016501   0.017112  -0.047302   0.045574  -0.004984   0.022002   0.017533 
 -0.020485   0.131962  -0.377377   0.470055   0.062395  -0.002464   0.005866  -0.093239   0.012517  -0.046696   0.016157   0.014037 
 -0.032201   0.258674  -0.432063   0.494749   0.040623  -0.014725  -0.011716   0.126712  -0.054686   0.024694  -0.021772  -0.012261 
 -0.035863   0.284374  -0.395300   0.514573   0.045951  -0.016043  -0.003662   0.025700   0.036763   0.019824   0.005328  -0.001318 
 -0.026497   0.202938  -0.392318   0.510505   0.036841  -0.014037   0.009366  -0.081436   0.002982  -0.004068  -0.009110   0.002006 
 -0.021827   0.142108  -0.403282   0.474123   0.043946   0.005615   0.004670  -0.060830  -0.010964  -0.036382   0.007105   0.019652 
 -0.018089   0.246680  -0.409158   0.515433   0.065088   0.004412   0.003738   0.104572  -0.005876   0.041310   0.021142  -0.001203 
 -0.026130   0.243094  -0.405326   0.528382   0.055978  -0.009798  -0.008041  -0.003586   0.003832   0.012949  -0.009110  -0.014210 
 -0.031680   0.243768  -0.408864   0.546201   0.041024  -0.007792  -0.005550   0.000674  -0.003538   0.017819  -0.014954   0.002006 
 -0.022514   0.157042  -0.365325   0.510677   0.059358   0.000917   0.009166  -0.086726   0.043539  -0.035524   0.018334   0.008709 
 -0.026131   0.232581  -0.372948   0.499791   0.050592  -0.015011  -0.003617   0.075539  -0.007623  -0.010886  -0.008766  -0.015928 
 -0.026136   0.255049  -0.373888   0.493374   0.051280  -0.016157  -0.000005   0.022468  -0.000940  -0.006417   0.000688  -0.001146 
 -0.026482   0.201958  -0.295825   0.342801   0.033805  -0.013178  -0.000346  -0.053091   0.078063  -0.150573  -0.017475   0.002979 
 -0.018283   0.086800  -0.197985   0.201567   0.048530   0.005672   0.008199  -0.115158   0.097840  -0.141234   0.014725   0.018850 
 -0.016357   0.188106  -0.230606   0.208385   0.044404   0.012089   0.001926   0.101306  -0.032621   0.006818  -0.004126   0.006417 
 -0.026703   0.187188  -0.335632   0.339248  -0.025325  -0.053113  -0.010346  -0.000918  -0.105026   0.130863  -0.069729  -0.065202 
 -0.000807   0.031712  -0.223909   0.118144  -0.020340  -0.116196   0.025896  -0.155476   0.111723  -0.221104   0.004985  -0.063083 
  0.100908   0.271228  -0.547625   0.410410   0.105252  -0.002578   0.101715   0.239516  -0.323716   0.292266   0.125592   0.113618 
  0.083682   0.189726  -0.387659   0.319481   0.136364   0.016329  -0.017226  -0.081502   0.159966  -0.090929   0.031112   0.018907 
  0.072275   0.069602  -0.102675   0.125592   0.145646   0.025955  -0.011407  -0.120124   0.284984  -0.193889   0.009282   0.009626 
  0.039307   0.176948  -0.126026   0.110065   0.117170   0.018449  -0.032968   0.107346  -0.023351  -0.015527  -0.028476  -0.007506 
  0.016753   0.096348  -0.187583   0.120722   0.112529   0.046639  -0.022554  -0.080600  -0.061557   0.010657  -0.004641   0.028190 
  0.006923   0.172792  -0.227164   0.141864   0.111612   0.040508  -0.009830   0.076444  -0.039581   0.021142  -0.000917  -0.006131 
  0.004089   0.184385  -0.254002   0.159741   0.104450   0.032945  -0.002834   0.011593  -0.026838   0.017877  -0.007162  -0.007563 
  0.005425   0.189635  -0.266612   0.188847   0.104622   0.017647   0.001336   0.005250  -0.012610   0.029106   0.000172  -0.015298 
  0.014445   0.157134  -0.247546   0.152349   0.098893   0.053228   0.009020  -0.032501   0.019066  -0.036498  -0.005729   0.035581 
 -0.008312   0.180956  -0.509317   0.522251   0.084110   0.053400  -0.022757   0.023822  -0.261771   0.369902  -0.014783   0.000172 
  0.002282   0.223056  -0.439046   0.367381   0.167132   0.080386   0.010594   0.042100   0.070271  -0.154870   0.083022   0.026986 
  0.000342   0.121913  -0.358150   0.275364   0.123702   0.082735  -0.001940  -0.101143   0.080896  -0.092017  -0.043430   0.002349 
 -0.002913   0.075021  -0.380380   0.307850   0.096028   0.066119  -0.003255  -0.046892  -0.022230   0.032486  -0.027674  -0.016616 
 -0.002982   0.242453  -0.448851   0.391559   0.101757   0.052082  -0.000069   0.167432  -0.068471   0.083709   0.005729  -0.014037 
 -0.006165   0.280319  -0.448999   0.445647   0.092705   0.019824  -0.003183   0.037866  -0.000148   0.054088  -0.009052  -0.032258 
 -0.003008   0.222824  -0.416307   0.447308   0.104966   0.020111   0.003157  -0.057495   0.032692   0.001661   0.012261   0.000287 
 -0.003360   0.125328  -0.386921   0.418832   0.096543   0.025783  -0.000352  -0.097496   0.029386  -0.028476  -0.008423   0.005672 
 -0.006193   0.266080  -0.460891   0.453897   0.093679   0.016960  -0.002833   0.140752  -0.073970   0.035065  -0.002864  -0.008823 
 -0.006226   0.257859  -0.439860   0.499676   0.111669   0.022861  -0.000033  -0.008221   0.021031   0.045779   0.017990   0.005901 
 -0.002394   0.150843  -0.411294   0.467018   0.096601   0.028591   0.003832  -0.107016   0.028566  -0.032658  -0.015068   0.005730 
 -0.003720   0.238890  -0.434278   0.490796   0.104966   0.023892  -0.001326   0.088047  -0.022984   0.023778   0.008365  -0.004699 
 -0.005557   0.271091  -0.494056   0.543680   0.106570   0.016272  -0.001837   0.032201  -0.059778   0.052884   0.001604  -0.007620 
 -0.003891   0.202034  -0.435515   0.487243   0.106341   0.024465   0.001666  -0.069057   0.058541  -0.056437  -0.000229   0.008193 
 -0.004115   0.164634  -0.459977   0.494692   0.114706   0.023090  -0.000224  -0.037400  -0.024462   0.007449   0.008365  -0.001375 
 -0.006463   0.253083  -0.484164   0.511250   0.106914   0.022976  -0.002348   0.088449  -0.024187   0.016558  -0.007792  -0.000114 
 -0.005520   0.190044  -0.491484   0.537434   0.106685   0.025840   0.000943  -0.063039  -0.007320   0.026184  -0.000229   0.002864 
  0.013896   0.123798  -0.496257   0.584302   0.088293   0.054030   0.019416  -0.066246  -0.004773   0.046868  -0.018392   0.028190 
 -0.012514   0.122479  -0.496904   0.619310   0.089897   0.032830  -0.026410  -0.001319  -0.000647   0.035008   0.001604  -0.021200 
 -0.027545   0.245977  -0.549558   0.765300   0.097288   0.000516  -0.015031   0.123498  -0.052654   0.145990   0.007391  -0.032314 
 -0.010406   0.297279  -0.551397   0.672824   0.104966   0.014324   0.017139   0.051302  -0.001839  -0.092476   0.007678   0.013808 
 -0.013774   0.223075  -0.520417   0.660964   0.118488   0.023778  -0.003368  -0.074204   0.030980  -0.011860   0.013522   0.009454 
 -0.009885   0.168708  -0.512373   0.636728   0.123129   0.030940   0.003889  -0.054367   0.008044  -0.024236   0.004641   0.007162 
 -0.017625   0.275005  -0.553020   0.704165   0.131035   0.023491  -0.007740   0.106297  -0.040647   0.067437   0.007906  -0.007449 
 -0.010098   0.249239  -0.573057   0.682106   0.121639   0.024236   0.007527  -0.025766  -0.020037  -0.022059  -0.009396   0.000745 
 -0.013927   0.182393  -0.532664   0.647385   0.143010   0.036039  -0.003829  -0.066846   0.040393  -0.034721   0.021371   0.011803 
 -0.017599   0.268696  -0.550884   0.692190   0.123702   0.024809  -0.003672   0.086303  -0.018220   0.044805  -0.019308  -0.011230 
 -0.017057   0.268674  -0.560377   0.702217   0.135505   0.027044   0.000542  -0.000022  -0.009493   0.010027   0.011803   0.002235 
 -0.024985   0.167065  -0.510982   0.633348   0.127082   0.031685  -0.007928  -0.101609   0.049395  -0.068869  -0.008423   0.004641 
 -0.018077   0.206896  -0.576531   0.659704   0.104221   0.026986   0.006908   0.039831  -0.065549   0.026356  -0.022861  -0.004699 
 -0.017459   0.290312  -0.583777   0.716197   0.134129   0.025726   0.000618   0.083416  -0.007246   0.056493   0.029908  -0.001260 
 -0.010117   0.186453  -0.519366   0.654891   0.117113   0.025267   0.007342  -0.103859   0.064411  -0.061306  -0.017016  -0.000459 
 -0.014699   0.194776  -0.553760   0.671850   0.151204   0.027273  -0.004582   0.008323  -0.034394   0.016959   0.034091   0.002006 
 -0.018209   0.298169  -0.615041   0.722099   0.140604   0.024981  -0.003510   0.103393  -0.061281   0.050249  -0.010600  -0.002292 
 -0.016376   0.209872  -0.530154   0.661308   0.126280   0.036669   0.001833  -0.088297   0.084887  -0.060791  -0.014324   0.011688 
 -0.009653   0.181759  -0.546253   0.659016   0.135848   0.034836   0.006723  -0.028113  -0.016099  -0.002292   0.009568  -0.001833 
 -0.009143   0.295454  -0.563825   0.675632   0.158136   0.033976   0.000510   0.113695  -0.017572   0.016616   0.022288  -0.000860 
 -0.009562   0.203735  -0.524158   0.630941   0.139286   0.044863  -0.000419  -0.091719   0.039667  -0.044691  -0.018850   0.010887 
 -0.004235   0.145659  -0.523609   0.615242   0.139000   0.056723   0.005327  -0.058076   0.000549  -0.015699  -0.000286   0.011860 
 -0.005699   0.279783  -0.556988   0.645322   0.153896   0.039591  -0.001464   0.134124  -0.033379   0.030080   0.014896  -0.017132 
 -0.009731   0.249463  -0.551573   0.674314   0.139630   0.033575  -0.004032  -0.030320   0.005415   0.028992  -0.014266  -0.006016 
 -0.007294   0.145750  -0.515595   0.649677   0.151146   0.059301   0.002437  -0.103713   0.035978  -0.024637   0.011516   0.025726 
 -0.009440   0.221760  -0.553417   0.660277   0.150459   0.059301  -0.002146   0.076010  -0.037822   0.010600  -0.000687   0.000000 
 -0.015109   0.276623  -0.589710   0.705941   0.127082   0.046066  -0.005669   0.054863  -0.036293   0.045664  -0.023377  -0.013235 
 -0.009659   0.257662  -0.558868   0.679012   0.138828   0.057124   0.005450  -0.018961   0.030842  -0.026929   0.011746   0.011058 
 -0.032405   0.074288  -0.332497   0.301376   0.096200   0.060161  -0.022746  -0.183374   0.226371  -0.377636  -0.042628   0.003037 
 -0.004669   0.156940  -0.347846   0.380157   0.133327   0.085657   0.027736   0.082652  -0.015349   0.078781   0.037127   0.025496 
 -0.002828   0.140269  -0.348235   0.277483   0.155902   0.085657   0.001841  -0.016671  -0.000389  -0.102674   0.022575   0.000000 
 -0.013755   0.106366  -0.404222   0.358213   0.166100   0.066005  -0.010927  -0.033903  -0.055987   0.080730   0.010198  -0.019652 
 -0.008353   0.134542  -0.471705   0.406571   0.153839   0.069213   0.005402   0.028176  -0.067483   0.048358  -0.012261   0.003208 
 -0.004793   0.285412  -0.503703   0.468909   0.138598   0.062281   0.003560   0.150870  -0.031998   0.062338  -0.015241  -0.006932 
  0.005739   0.279726  -0.504135   0.519272   0.139343   0.036383   0.010532  -0.005686  -0.000432   0.050363   0.000745  -0.025898 
 -0.004928   0.138083  -0.475556   0.500708   0.152178   0.059301  -0.010667  -0.141643   0.028579  -0.018564   0.012835   0.022918 
 -0.009562   0.220856  -0.481240   0.533366   0.160657   0.062796  -0.004634   0.082773  -0.005684   0.032658   0.008479   0.003495 
 -0.019991   0.240949  -0.537285   0.576682   0.152063   0.053514  -0.010429   0.020093  -0.056045   0.043316  -0.008594  -0.009282 
 -0.038269   0.247234  -0.551663   0.512568   0.124676   0.025611  -0.018278   0.006285  -0.014378  -0.064114  -0.027387  -0.027903 
 -0.022611   0.054979  -0.343049   0.231933   0.092647   0.007735   0.015658  -0.192255   0.208614  -0.280635  -0.032029  -0.017876 
 -0.008022   0.158829  -0.558019   0.509130   0.034091  -0.036669   0.014589   0.103850  -0.214970   0.277197  -0.058556  -0.044404 
 -0.009017   0.126645  -0.551536   0.637874   0.098606   0.039076  -0.000995  -0.032184   0.006483   0.128744   0.064515   0.075745 
 -0.021762   0.205922  -0.540722   0.612091   0.102044   0.038102  -0.012745   0.079277   0.010814  -0.025783   0.003438  -0.000974 
 -0.019530   0.317375  -0.576174   0.667095   0.113560   0.025439   0.002232   0.111453  -0.035452   0.055004   0.011516  -0.012663 
 -0.016337   0.268837  -0.569975   0.652885   0.143870   0.051165   0.003193  -0.048538   0.006199  -0.014210   0.030310   0.025726 
 -0.013662   0.151357  -0.556410   0.607794   0.165757   0.041998   0.002675  -0.117480   0.013565  -0.045091   0.021887  -0.009167 
 -0.013391   0.268003  -0.593822   0.618508   0.147193   0.051165   0.000271   0.116646  -0.037412   0.010714  -0.018564   0.009167 
 -0.010235   0.254524  -0.576178   0.646067   0.153954   0.032258   0.003156  -0.013479   0.017644   0.027559   0.006761  -0.018907 
 -0.013521   0.236489  -0.575355   0.650193   0.173549   0.038274  -0.003286  -0.018035   0.000823   0.004126   0.019595   0.006016 
 -0.013827   0.197273  -0.588051   0.654261   0.157678   0.041310  -0.000306  -0.039216  -0.012696   0.004068  -0.015871   0.003036 
 -0.022594   0.295970  -0.621724   0.718489   0.159110   0.035695  -0.008767   0.098697  -0.033673   0.064228   0.001432  -0.005615 
 -0.031989   0.288578  -0.621941   0.733214   0.144844   0.036898  -0.009395  -0.007392  -0.000217   0.014725  -0.014266   0.001203 
 -0.023619   0.181175  -0.575394   0.692534   0.151834   0.040050   0.008370  -0.107403   0.046547  -0.040680   0.006990   0.003152 
 -0.021987   0.237454  -0.606950   0.716656   0.145990   0.041196   0.001632   0.056279  -0.031556   0.024122  -0.005844   0.001146 
 -0.018753   0.275275  -0.537781   0.692305   0.046811   0.001261   0.003234   0.037821   0.069169  -0.024351  -0.099179  -0.039935 
 -0.026554   0.147843  -0.435880   0.559551   0.080615  -0.004068  -0.007801  -0.127432   0.101901  -0.132754   0.033804  -0.005329 
 -0.016820   0.259221  -0.390135   0.435563   0.132984  -0.008652   0.009734   0.111378   0.045745  -0.123988   0.052369  -0.004584 
 -0.016540   0.285266  -0.523931   0.572156   0.143068  -0.001948   0.000280   0.026045  -0.133796   0.136593   0.010084   0.006704 
 -0.016141   0.297572  -0.621608   0.722099   0.155673   0.017762   0.000399   0.012306  -0.097677   0.149943   0.012605   0.019710 
 -0.016476   0.220561  -0.617925   0.662798   0.143641   0.017762  -0.000335  -0.077011   0.003683  -0.059301  -0.012032   0.000000 
 -0.035833   0.265506  -0.632645   0.709666   0.160371   0.028190  -0.019357   0.044945  -0.014720   0.046868   0.016730   0.010428 
 -0.033953   0.224289  -0.545524   0.712989   0.172804   0.050535   0.001880  -0.041217   0.087121   0.003323   0.012433   0.022345 
 -0.029927   0.184326  -0.542109   0.744501   0.165929   0.040737   0.004026  -0.039963   0.003415   0.031512  -0.006875  -0.009798 
  0.000389   0.255907  -0.539686   0.754242   0.172976   0.059702   0.030316   0.071581   0.002423   0.009741   0.007047   0.018965 
 -0.006973   0.299661  -0.500681   0.682622   0.210447   0.043545  -0.007362   0.043754   0.039005  -0.071620   0.037471  -0.016157 
 -0.007084   0.245849  -0.485871   0.658042   0.196238   0.055921  -0.000111  -0.053812   0.014810  -0.024580  -0.014209   0.012376 
  0.002966   0.258179  -0.482655   0.661365   0.187071   0.057067   0.010050   0.012330   0.003216   0.003323  -0.009167   0.001146 
  0.002444   0.227072  -0.489276   0.643890   0.168908   0.051280  -0.000522  -0.031107  -0.006621  -0.017475  -0.018163  -0.005787 
 -0.006736   0.242808  -0.477295   0.641713   0.151490   0.054259  -0.009180   0.015736   0.011981  -0.002177  -0.017418   0.002979 
 -0.029179   0.243022  -0.505659   0.633290   0.115279   0.064114  -0.022443   0.000214  -0.028364  -0.008423  -0.036211   0.009855 
 -0.019065   0.277644  -0.527230   0.663084   0.154985   0.057353   0.010114   0.034622  -0.021571   0.029794   0.039706  -0.006761 
 -0.011897   0.220814  -0.512274   0.608710   0.159053   0.061020   0.007168  -0.056830   0.014956  -0.054374   0.004068   0.003667 
 -0.016220   0.248023  -0.542792   0.613466   0.146734   0.068698  -0.004323   0.027209  -0.030518   0.004756  -0.012319   0.007678 
 -0.016284   0.292410  -0.546046   0.656953   0.140661   0.049847  -0.000064   0.044387  -0.003254   0.043487  -0.006073  -0.018851 
  0.000111   0.316620  -0.595766   0.668126   0.112873   0.049274   0.016395   0.024210  -0.049720   0.011173  -0.027788  -0.000573 
  0.010989   0.212720  -0.592192   0.580062   0.162663   0.056035   0.010878  -0.103900   0.003574  -0.088064   0.049790   0.006761 
  0.004934   0.372701  -0.646679   0.697060   0.184492   0.067265  -0.006055   0.159981  -0.054487   0.116998   0.021829   0.011230 
  0.006533   0.373563  -0.714150   0.756247   0.183690   0.041138   0.001599   0.000862  -0.067471   0.059187  -0.000802  -0.026127 
 -0.002205   0.303573  -0.686914   0.747252   0.172346   0.051738  -0.008738  -0.069990   0.027236  -0.008995  -0.011344   0.010600 
 -0.000816   0.251953  -0.658235   0.732297   0.179450   0.056264   0.001389  -0.051620   0.028679  -0.014955   0.007104   0.004526 
 -0.002628   0.349379  -0.709258   0.765185   0.183060   0.048472  -0.001812   0.097426  -0.051023   0.032888   0.003610  -0.007792 
 -0.003842   0.344709  -0.756462   0.782775   0.188961   0.044232  -0.001214  -0.004670  -0.047204   0.017590   0.005901  -0.004240 
 -0.008625   0.225346  -0.670416   0.738485   0.186899   0.060562  -0.004783  -0.119363   0.086046  -0.044290  -0.002062   0.016330 
 -0.015061   0.301095  -0.680554   0.734417   0.202140   0.051623  -0.006436   0.075749  -0.010138  -0.004068   0.015241  -0.008939 
 -0.015765   0.379708  -0.727461   0.787645   0.178877   0.029908  -0.000704   0.078613  -0.046907   0.053228  -0.023263  -0.021715 
 -0.009745   0.286593  -0.715936   0.768737   0.177789   0.042055   0.006020  -0.093115   0.011525  -0.018908  -0.001088   0.012147 
 -0.003772   0.228985  -0.681237   0.774352   0.172976   0.049217   0.005973  -0.057608   0.034699   0.005615  -0.004813   0.007162 
 -0.002607   0.337687  -0.716280   0.807183   0.189363   0.044003   0.001165   0.108702  -0.035043   0.032831   0.016387  -0.005214 
 -0.003457   0.360089  -0.758087   0.846144   0.173606   0.033289  -0.000850   0.022402  -0.041807   0.038961  -0.015757  -0.010714 
  0.002191   0.263206  -0.678812   0.803631   0.173606   0.045722   0.005648  -0.096883   0.079275  -0.042513   0.000000   0.012433 
 -0.002224   0.281314  -0.699606   0.791369   0.173893   0.050420  -0.004415   0.018108  -0.020794  -0.012262   0.000287   0.004698 
 -0.010045   0.329254  -0.707575   0.805120   0.204832   0.044118  -0.007821   0.047940  -0.007969   0.013751   0.030939  -0.006302 
 -0.005888   0.337118  -0.768294   0.852618   0.179565   0.045951   0.004157   0.007864  -0.060719   0.047498  -0.025267   0.001833 
 -0.000473   0.256638  -0.749602   0.836060   0.191597   0.055634   0.005415  -0.080480   0.018692  -0.016558   0.012032   0.009683 
 -0.006631   0.351070  -0.751557   0.843394   0.193029   0.051394  -0.006158   0.094432  -0.001955   0.007334   0.001432  -0.004240 
 -0.008888   0.365587  -0.785162   0.863104   0.180367   0.038102  -0.002257   0.014517  -0.033605   0.019710  -0.012662  -0.013292 
  0.003291   0.291001  -0.701538   0.695915   0.239496   0.055634   0.012179  -0.074586   0.083624  -0.167189   0.059129   0.017532 
  0.012287   0.242699  -0.643186   0.561728   0.232334   0.049389   0.008996  -0.048302   0.058352  -0.134187  -0.007162  -0.006245 
  0.023069   0.235704  -0.709431   0.521563   0.254107   0.051165   0.010782  -0.006995  -0.066245  -0.040165   0.021773   0.001776 
  0.011545   0.126772  -0.600742   0.480883   0.210505   0.067323  -0.011524  -0.108932   0.108689  -0.040680  -0.043602   0.016158 
 -0.000528   0.297746  -0.608569   0.546774   0.190165   0.066177  -0.012073   0.170974  -0.007827   0.065891  -0.020340  -0.001146 
 -0.009229   0.340450  -0.655517   0.657584   0.196696   0.061536  -0.008701   0.042704  -0.046948   0.110810   0.006531  -0.004641 
 -0.008484   0.239217  -0.648902   0.661766   0.172174   0.066807   0.000745  -0.101233   0.006615   0.004182  -0.024522   0.005271 
 -0.015881   0.243837  -0.684620   0.704452   0.209473   0.051051  -0.007397   0.004620  -0.035718   0.042686   0.037299  -0.015756 
 -0.021971   0.341670  -0.724246   0.763925   0.206723   0.056895  -0.006090   0.097833  -0.039626   0.059473  -0.002750   0.005844 
 -0.017543   0.370142  -0.774924   0.802542   0.207296   0.042800   0.004428   0.028472  -0.050678   0.038617   0.000573  -0.014095 
 -0.013764   0.233266  -0.697818   0.732870   0.208270   0.048701   0.003779  -0.136876   0.077106  -0.069672   0.000974   0.005901 
 -0.017093   0.303376  -0.703143   0.764440   0.200478   0.054775  -0.003329   0.070110  -0.005325   0.031570  -0.007792   0.006074 
 -0.018151   0.346758  -0.706068   0.758023   0.203629   0.042571  -0.001058   0.043382  -0.002925  -0.006417   0.003151  -0.012204 
 -0.013471   0.280226  -0.701749   0.724333   0.184607   0.056895   0.004680  -0.066532   0.004319  -0.033690  -0.019022   0.014324 
 -0.005927   0.230181  -0.678902   0.730808   0.185810   0.043430   0.007544  -0.050045   0.022847   0.006475   0.001203  -0.013465 
 -0.015465   0.340335  -0.713546   0.762893   0.192972   0.049274  -0.009538   0.110154  -0.034644   0.032085   0.007162   0.005844 
 -0.024128   0.328785  -0.736475   0.761289   0.189191   0.047441  -0.008663  -0.011550  -0.022929  -0.001604  -0.003781  -0.001833 
 -0.016836   0.258931  -0.675030   0.739574   0.172575   0.043258   0.007292  -0.069854   0.061445  -0.021715  -0.016616  -0.004183 
 -0.017155   0.272697  -0.688709   0.734876   0.179794   0.049217  -0.000319   0.013766  -0.013679  -0.004698   0.007219   0.005959 
 -0.020574   0.375239  -0.755447   0.760601   0.177789   0.040623  -0.003419   0.102542  -0.066738   0.025725  -0.002005  -0.008594 
 -0.006154   0.303111  -0.740303   0.791026   0.184779   0.057811   0.014420  -0.072128   0.015144   0.030425   0.006990   0.017188 
 -0.005509   0.279524  -0.751226   0.756304   0.205692   0.054947   0.000645  -0.023587  -0.010923  -0.034722   0.020913  -0.002864 
 -0.015224   0.396262  -0.809762   0.800537   0.185810   0.048300  -0.009715   0.116738  -0.058536   0.044233  -0.019882  -0.006647 
 -0.018754   0.392714  -0.796270   0.823054   0.198702   0.046868  -0.003530  -0.003548   0.013492   0.022517   0.012892  -0.001432 
 -0.020243   0.257799  -0.710873   0.769540   0.184607   0.051280  -0.001489  -0.134915   0.085397  -0.053514  -0.014095   0.004412 
 -0.018278   0.327200  -0.776354   0.788390   0.182086   0.053686   0.001965   0.069401  -0.065481   0.018850  -0.002521   0.002406 
 -0.021155   0.380486  -0.786205   0.857145   0.177732   0.039477  -0.002877   0.053286  -0.009851   0.068755  -0.004354  -0.014209 
 -0.017062   0.278662  -0.742071   0.796297   0.188274   0.054947   0.004093  -0.101824   0.044134  -0.060848   0.010542   0.015470 
 -0.021874   0.317910  -0.774855   0.819100   0.201165   0.058384  -0.004812   0.039248  -0.032784   0.022803   0.012891   0.003437 
 -0.025354   0.392375  -0.778640   0.840357   0.196353   0.048931  -0.003480   0.074465  -0.003785   0.021257  -0.004812  -0.009453 
 -0.023906   0.230330  -0.579545   0.575593   0.166444   0.038732   0.001448  -0.162045   0.199095  -0.264764  -0.029909  -0.010199 
 -0.027401   0.212647  -0.619435   0.438656   0.200764   0.041539  -0.003495  -0.017683  -0.039890  -0.136937   0.034320   0.002807 
  0.010810   0.050422  -0.513514  -0.004297   0.208900   0.057124   0.038211  -0.162225   0.105921  -0.442953   0.008136   0.015585 
  0.003720   0.064293  -0.592819   0.208557   0.215375   0.049962  -0.007090   0.013871  -0.079305   0.212854   0.006475  -0.007162 
 -0.000246   0.175440  -0.615698   0.202426   0.218354   0.059874  -0.003966   0.111147  -0.022879  -0.006131   0.002979   0.009912 
 -0.019852   0.276994  -0.576918   0.214745   0.215432   0.034091  -0.019606   0.101554   0.038780   0.012319  -0.002922  -0.025783 
 -0.010454   0.258523  -0.644721   0.386517   0.120092   0.020225   0.009398  -0.018471  -0.067803   0.171772  -0.095340  -0.013866 
 -0.022178   0.146931  -0.646592   0.379012   0.167819   0.026127  -0.011724  -0.111592  -0.001871  -0.007505   0.047727   0.005902 
 -0.029639   0.218900  -0.668539   0.416426   0.163178   0.032773  -0.007461   0.071969  -0.021947   0.037414  -0.004641   0.006646 
 -0.026945   0.266785  -0.687554   0.443068   0.152980   0.022059   0.002694   0.047885  -0.019015   0.026642  -0.010198  -0.010714 
 -0.029799   0.256768  -0.706154   0.470742   0.151547   0.019824  -0.002854  -0.010017  -0.018600   0.027674  -0.001433  -0.002235 
 -0.028496   0.159887  -0.686810   0.420207   0.145417   0.029164   0.001303  -0.096881   0.019344  -0.050535  -0.006130   0.009340 
 -0.032511   0.246633  -0.734021   0.491197   0.151834   0.029851  -0.004015   0.086746  -0.047211   0.070990   0.006417   0.000687 
 -0.030547   0.328557  -0.787495   0.512282   0.173320   0.027101   0.001964   0.081924  -0.053474   0.021085   0.021486  -0.002750 
 -0.028620   0.231890  -0.746239   0.505864   0.156246   0.033174   0.001927  -0.096667   0.041256  -0.006418  -0.017074   0.006073 
 -0.026863   0.189647  -0.757662   0.526720   0.158079   0.031112   0.001757  -0.042243  -0.011423   0.020856   0.001833  -0.002062 
 -0.022655   0.289509  -0.712995   0.492744   0.166502   0.030138   0.004208   0.099862   0.044667  -0.033976   0.008423  -0.000974 
 -0.001042   0.286468  -0.690881   0.497270   0.149714   0.016100   0.021613  -0.003041   0.022114   0.004526  -0.016788  -0.014038 
  0.000852   0.240096  -0.646701   0.504146   0.164553   0.029966   0.001894  -0.046372   0.044180   0.006876   0.014839   0.013866 
 -0.000237   0.165587  -0.674110   0.481055   0.189420   0.037185  -0.001089  -0.074509  -0.027409  -0.023091   0.024867   0.007219 
 -0.002432   0.296546  -0.754242   0.546659   0.204890   0.030138  -0.002195   0.130959  -0.080132   0.065604   0.015470  -0.007047 
  0.001284   0.311196  -0.817568   0.593584   0.211078   0.030711   0.003716   0.014650  -0.063326   0.046925   0.006188   0.000573 
  0.000094   0.246992  -0.758262   0.589975   0.211364   0.037643  -0.001190  -0.064204   0.059306  -0.003609   0.000286   0.006932 
 -0.008756   0.218700  -0.762237   0.580979   0.204775   0.042112  -0.008850  -0.028292  -0.003975  -0.008996  -0.006589   0.004469 
 -0.006724   0.312753  -0.775681   0.626644   0.195493   0.040050   0.002032   0.094053  -0.013444   0.045665  -0.009282  -0.002062 
 -0.007859   0.324350  -0.799593   0.672366   0.210276   0.030481  -0.001135   0.011597  -0.023912   0.045722   0.014783  -0.009569 
 -0.017821   0.228627  -0.724121   0.610315   0.195035   0.036154  -0.009962  -0.095723   0.075472  -0.062051  -0.015241   0.005673 
 -0.008037   0.253589  -0.732531   0.591350   0.192227   0.039591   0.009784   0.024962  -0.008410  -0.018965  -0.002808   0.003437 
 -0.001274   0.245909  -0.633482   0.398779   0.208729   0.016215   0.006763  -0.007680   0.099049  -0.192571   0.016502  -0.023376 
 -0.009194   0.219290  -0.601453   0.456246   0.171200   0.027903  -0.007920  -0.026619   0.032029   0.057467  -0.037529   0.011688 
  0.006519   0.357827  -0.714354   0.520074   0.217781   0.054431   0.015713   0.138537  -0.112901   0.063828   0.046581   0.026528 
 -0.003717   0.174821  -0.515652   0.106398   0.134072   0.024122  -0.010236  -0.183006   0.198702  -0.413676  -0.083709  -0.030309 
 -0.006357   0.082894  -0.592686   0.229985   0.190451   0.040107  -0.002640  -0.091927  -0.077034   0.123587   0.056379   0.015985 
 -0.007980   0.241802  -0.648792   0.315528   0.171142   0.035924  -0.001623   0.158908  -0.056106   0.085543  -0.019309  -0.004183 
 -0.022151   0.281226  -0.700528   0.426281   0.187185   0.044118  -0.014171   0.039424  -0.051736   0.110753   0.016043   0.008194 
 -0.021781   0.220310  -0.707913   0.439688   0.197556   0.042227   0.000370  -0.060916  -0.007385   0.013407   0.010371  -0.001891 
 -0.022228   0.178692  -0.722772   0.448225   0.182831   0.039305  -0.000447  -0.041618  -0.014859   0.008537  -0.014725  -0.002922 
 -0.022485   0.261823  -0.724765   0.495895   0.177216   0.043659  -0.000257   0.083131  -0.001993   0.047670  -0.005615   0.004354 
 -0.022522   0.273497  -0.750475   0.504833   0.176414   0.022804  -0.000037   0.011674  -0.025710   0.008938  -0.000802  -0.020855 
 -0.022357   0.215704  -0.708959   0.478076   0.177789   0.035638   0.000165  -0.057793   0.041516  -0.026757   0.001375   0.012834 
 -0.021733   0.143709  -0.680247   0.410123   0.195149   0.039591   0.000624  -0.071995   0.028712  -0.067953   0.017360   0.003953 
 -0.022274   0.235831  -0.692618   0.465643   0.174981   0.040680  -0.000541   0.092122  -0.012371   0.055520  -0.020168   0.001089 
 -0.022139   0.285723  -0.702577   0.452293   0.181456   0.017819   0.000135   0.049892  -0.009959  -0.013350   0.006475  -0.022861 
 -0.021899   0.209175  -0.678453   0.419462   0.184722   0.025898   0.000240  -0.076548   0.024124  -0.032831   0.003266   0.008079 
 -0.022999   0.157502  -0.611017   0.419692   0.142265   0.044977  -0.001100  -0.051673   0.067436   0.000230  -0.042457   0.019079 
 -0.021978   0.256567  -0.649080   0.429546   0.182143   0.044977   0.001021   0.099065  -0.038063   0.009854   0.039878   0.000000 
 -0.022412   0.272838  -0.647976   0.476071   0.175153   0.019194  -0.000434   0.016271   0.001104   0.046525  -0.006990  -0.025783 
 -0.025302   0.159475  -0.621734   0.432125   0.199504   0.042456  -0.002890  -0.113363   0.026242  -0.043946   0.024351   0.023262 
 -0.022037   0.184982  -0.659845   0.456189   0.186784   0.045206   0.003265   0.025507  -0.038111   0.024064  -0.012720   0.002750 
 -0.021755   0.307539  -0.716564   0.506094   0.199332   0.043946   0.000282   0.122557  -0.056719   0.049905   0.012548  -0.001260 
 -0.021497   0.309934  -0.781587   0.561957   0.213599   0.029335   0.000258   0.002395  -0.065023   0.055863   0.014267  -0.014611 
 -0.021577   0.187196  -0.755211   0.501739   0.205062   0.047384  -0.000080  -0.122738   0.026376  -0.060218  -0.008537   0.018049 
 -0.021819   0.240862  -0.752276   0.524428   0.201337   0.048759  -0.000242   0.053666   0.002935   0.022689  -0.003725   0.001375 
 -0.017351   0.312459  -0.814307   0.554795   0.218526   0.033690   0.004468   0.071597  -0.062031   0.030367   0.017189  -0.015069 
