  0.000000  -0.000021   0.000023   0.003323   0.000000   0.000000   0.000000   0.000000   0.000000   0.000000   0.000000   0.000000 
  0.013873   0.027486  -0.029185   0.029049   0.022918   0.037128   0.013873   0.027507  -0.029208   0.025726   0.022918   0.037128 
  0.029842   0.117091  -0.046134   0.056780   0.027101   0.055691   0.015969   0.089605  -0.016949   0.027731   0.004183   0.018563 
  0.049172   0.086806  -0.075663   0.136536   0.040680   0.108003   0.019330  -0.030285  -0.029529   0.079756   0.013579   0.052312 
  0.029994   0.048619   0.105287   0.011631   0.018220   0.070359  -0.019178  -0.038187   0.180950  -0.124905  -0.022460  -0.037644 
  0.030599   0.009104   0.292267   0.109664   0.074599   0.055691   0.000605  -0.039515   0.186980   0.098033   0.056379  -0.014668 
 -0.000761   0.180298   0.237510  -0.043774  -0.026012   0.043086  -0.031360   0.171194  -0.054757  -0.153438  -0.100611  -0.012605 
 -0.000050   0.126791   0.241209   0.052712  -0.027445   0.030539   0.000711  -0.053507   0.003699   0.096486  -0.001433  -0.012547 
  0.004170   0.059578   0.304411   0.002349  -0.038216   0.057697   0.004220  -0.067213   0.063202  -0.050363  -0.010771   0.027158 
 -0.003083   0.156677   0.231376   0.018392  -0.040279   0.051051  -0.007253   0.097099  -0.073035   0.016043  -0.002063  -0.006646 
  0.003792   0.137621   0.238034  -0.009683  -0.051566   0.043316   0.006875  -0.019056   0.006658  -0.028075  -0.011287  -0.007735 
  0.001617   0.080168   0.267524   0.020283  -0.022002   0.048358  -0.002175  -0.057453   0.029490   0.029966   0.029564   0.005042 
  0.004346   0.062957   0.259617   0.030080  -0.022861   0.057525   0.002729  -0.017211  -0.007907   0.009797  -0.000859   0.009167 
  0.004149   0.148538   0.235879   0.030195  -0.026757   0.051681  -0.000197   0.085581  -0.023738   0.000115  -0.003896  -0.005844 
 -0.003586   0.110044   0.252905   0.023663  -0.028648   0.055061  -0.007735  -0.038494   0.017026  -0.006532  -0.001891   0.003380 
 -0.017089   0.062842   0.262120   0.018105  -0.010371   0.056608  -0.013503  -0.047202   0.009215  -0.005558   0.018277   0.001547 
 -0.012464   0.193213   0.213093   0.031398  -0.003610   0.064057   0.004625   0.130371  -0.049027   0.013293   0.006761   0.007449 
 -0.009814   0.139595   0.230503   0.073510   0.030252   0.092819   0.002650  -0.053618   0.017410   0.042112   0.033862   0.028762 
 -0.008816   0.103056   0.240087   0.176299  -0.003495   0.115909   0.000998  -0.036539   0.009584   0.102789  -0.033747   0.023090 
 -0.011078   0.216989   0.202116   0.190279   0.029794   0.120665  -0.002262   0.113933  -0.037971   0.013980   0.033289   0.004756 
 -0.013174   0.155992   0.234975   0.155845   0.032601   0.108919  -0.002096  -0.060997   0.032859  -0.034434   0.002807  -0.011746 
  0.003044   0.133745   0.249088   0.171200   0.030309   0.108919   0.016218  -0.022247   0.014113   0.015355  -0.002292   0.000000 
  0.043843   0.092169   0.335193   0.153725   0.087548   0.131780   0.040799  -0.041576   0.086105  -0.017475   0.057239   0.022861 
  0.015485   0.145790   0.261469   0.124045   0.053228   0.139573  -0.028358   0.053621  -0.073724  -0.029680  -0.034320   0.007793 
 -0.001233   0.183230   0.224570   0.206666   0.042170   0.100898  -0.016718   0.037440  -0.036899   0.082621  -0.011058  -0.038675 
  0.002285   0.121952   0.290477   0.132468   0.025382   0.106627   0.003518  -0.061278   0.065907  -0.074198  -0.016788   0.005729 
 -0.003177   0.104321   0.303941   0.127483   0.014840   0.098262  -0.005462  -0.017631   0.013464  -0.004985  -0.010542  -0.008365 
 -0.004622   0.125238   0.303035   0.125134   0.010371   0.108232  -0.001445   0.020917  -0.000906  -0.002349  -0.004469   0.009970 
 -0.002407   0.144849   0.292907   0.138770   0.007563   0.090470   0.002215   0.019611  -0.010128   0.013636  -0.002808  -0.017762 
 -0.009023   0.144165   0.297638   0.131150   0.021715   0.098950  -0.006616  -0.000684   0.004731  -0.007620   0.014152   0.008480 
 -0.008658   0.126112   0.299341   0.133327   0.014037   0.096314   0.000365  -0.018053   0.001703   0.002177  -0.007678  -0.002636 
 -0.006022   0.088775   0.355731   0.105940   0.028591   0.104278   0.002636  -0.037337   0.056390  -0.027387   0.014554   0.007964 
 -0.007175   0.155431   0.337331   0.111326   0.020856   0.112071  -0.001153   0.066656  -0.018400   0.005386  -0.007735   0.007793 
 -0.008829   0.174766   0.317638   0.127025   0.004240   0.109779  -0.001654   0.019335  -0.019693   0.015699  -0.016616  -0.002292 
 -0.005048   0.132565   0.322428   0.117571   0.005214   0.107143   0.003781  -0.042201   0.004790  -0.009454   0.000974  -0.002636 
 -0.008014   0.110190   0.333090   0.105252   0.022403   0.107945  -0.002966  -0.022375   0.010662  -0.012319   0.017189   0.000802 
 -0.011221   0.118348   0.289342   0.127025   0.011345   0.093793  -0.003207   0.008158  -0.043748   0.021773  -0.011058  -0.014152 
 -0.007758   0.168514   0.286137   0.123873  -0.003610   0.109550   0.003463   0.050166  -0.003205  -0.003152  -0.014955   0.015757 
 -0.010983   0.147286   0.288945   0.125592   0.024752   0.099695  -0.003225  -0.021228   0.002808   0.001719   0.028362  -0.009855 
 -0.004344   0.122614   0.309280   0.119233   0.028132   0.093278   0.006639  -0.024672   0.020335  -0.006359   0.003380  -0.006417 
 -0.006095   0.132291   0.299031   0.113216   0.030367   0.101242  -0.001751   0.009677  -0.010249  -0.006017   0.002235   0.007964 
 -0.007847   0.189564   0.282652   0.120894   0.025038   0.107945  -0.001752   0.057273  -0.016379   0.007678  -0.005329   0.006703 
 -0.010476   0.140721   0.293831   0.133098   0.021028   0.112472  -0.002629  -0.048843   0.011179   0.012204  -0.004010   0.004527 
 -0.013638   0.092230   0.313761   0.104565   0.029737   0.103476  -0.003162  -0.048491   0.019930  -0.028533   0.008709  -0.008996 
 -0.018354   0.144195   0.287267   0.134244   0.023434   0.107773  -0.004716   0.051965  -0.026494   0.029679  -0.006303   0.004297 
 -0.019919   0.214105   0.285397   0.137854   0.007964   0.110753  -0.001565   0.069910  -0.001870   0.003610  -0.015470   0.002980 
 -0.016932   0.159126   0.313929   0.110753   0.016788   0.112644   0.002987  -0.054979   0.028532  -0.027101   0.008824   0.001891 
 -0.015900   0.133781   0.325793   0.120436   0.017246   0.114190   0.001032  -0.025345   0.011864   0.009683   0.000458   0.001546 
 -0.019314   0.110068   0.359251   0.110810   0.029966   0.113216  -0.003414  -0.023713   0.033458  -0.009626   0.012720  -0.000974 
 -0.019439   0.160485   0.338675   0.101757   0.021772   0.118602  -0.000125   0.050417  -0.020576  -0.009053  -0.008194   0.005386 
 -0.023899   0.153622   0.325253   0.118717   0.019767   0.110581  -0.004460  -0.006863  -0.013422   0.016960  -0.002005  -0.008021 
 -0.019140   0.133985   0.299108   0.134187   0.028705   0.116769   0.004759  -0.019637  -0.026145   0.015470   0.008938   0.006188 
 -0.019305   0.091846   0.297057   0.077578   0.001375   0.113102  -0.000165  -0.042139  -0.002051  -0.056609  -0.027330  -0.003667 
 -0.015730   0.172046   0.233615   0.114190   0.003610   0.117227   0.003575   0.080200  -0.063442   0.036612   0.002235   0.004125 
 -0.014223   0.183767   0.259138   0.124790   0.022517   0.127598   0.001507   0.011721   0.025523   0.010600   0.018907   0.010371 
 -0.018964   0.147187   0.259153   0.114248   0.012720   0.110180  -0.004741  -0.036580   0.000015  -0.010542  -0.009797  -0.017418 
 -0.012557   0.126888   0.279112   0.216521   0.067494   0.111498   0.006407  -0.020299   0.019959   0.102273   0.054774   0.001318 
 -0.015995   0.113173   0.314536   0.109721   0.003380   0.111211  -0.003438  -0.013715   0.035424  -0.106800  -0.064114  -0.000287 
 -0.019083   0.193348   0.305015   0.118430   0.017361   0.116253  -0.003088   0.080175  -0.009521   0.008709   0.013981   0.005042 
 -0.008414   0.126884   0.338555   0.095741   0.022976   0.114477   0.010669  -0.066464   0.033540  -0.022689   0.005615  -0.001776 
 -0.013934   0.102073   0.318233   0.104794   0.008995   0.108174  -0.005520  -0.024811  -0.020322   0.009053  -0.013981  -0.006303 
  0.008552   0.199867   0.347512   0.117227   0.020455   0.110294   0.022486   0.097794   0.029279   0.012433   0.011460   0.002120 
  0.008030   0.204308   0.357674   0.156074   0.025611   0.102330  -0.000522   0.004441   0.010162   0.038847   0.005156  -0.007964 
 -0.012167   0.197209   0.290279   0.020970   0.040623   0.116024  -0.020197  -0.007099  -0.067395  -0.135104   0.015012   0.013694 
 -0.024364   0.162565   0.390909  -0.118545   0.040623   0.100440  -0.012197  -0.034644   0.100630  -0.139515   0.000000  -0.015584 
 -0.014344   0.104294   0.502334  -0.130004  -0.037987   0.090527   0.010020  -0.058271   0.111425  -0.011459  -0.078610  -0.009913 
 -0.011987   0.112501   0.492003  -0.035294  -0.013636   0.109148   0.002357   0.008207  -0.010331   0.094710   0.024351   0.018621 
 -0.011456   0.156491   0.426761   0.103820   0.040050   0.126223   0.000531   0.043990  -0.065242   0.139114   0.053686   0.017075 
 -0.016860   0.176890   0.426121   0.089267   0.006474   0.126280  -0.005404   0.020399  -0.000640  -0.014553  -0.033576   0.000057 
 -0.029995   0.144290   0.445582   0.014381  -0.013121   0.107544  -0.013135  -0.032600   0.019461  -0.074886  -0.019595  -0.018736 
 -0.021551   0.089592   0.511503  -0.024293  -0.023835   0.114821   0.008444  -0.054698   0.065921  -0.038674  -0.010714   0.007277 
 -0.025311   0.160872   0.435902   0.077922   0.057009   0.129374  -0.003760   0.071280  -0.075601   0.102215   0.080844   0.014553 
 -0.026991   0.150861   0.469570   0.009110  -0.050248   0.126280  -0.001680  -0.010011   0.033668  -0.068812  -0.107257  -0.003094 
 -0.018576   0.130405   0.475083   0.027960  -0.004354   0.126280   0.008415  -0.020456   0.005513   0.018850   0.045894   0.000000 
 -0.017157   0.094653   0.481218   0.029737   0.004183   0.121410   0.001419  -0.035752   0.006135   0.001777   0.008537  -0.004870 
 -0.020080   0.086190   0.498825  -0.005157  -0.033690   0.102674  -0.002923  -0.008463   0.017607  -0.034894  -0.037873  -0.018736 
 -0.029921   0.141764   0.464534   0.050535  -0.009969   0.101127  -0.009841   0.055574  -0.034291   0.055692   0.023721  -0.001547 
 -0.016597   0.143946   0.442770   0.093278   0.044118   0.121295   0.013324   0.002182  -0.021764   0.042743   0.054087   0.020168 
 -0.005606   0.127536   0.424092   0.054259   0.021142   0.109550   0.010991  -0.016410  -0.018678  -0.039019  -0.022976  -0.011745 
 -0.009226   0.092745   0.461869   0.018793   0.007563   0.126280  -0.003620  -0.034791   0.037777  -0.035466  -0.013579   0.016730 
 -0.015611   0.099847   0.475628   0.018277   0.083251   0.137624  -0.006385   0.007102   0.013759  -0.000516   0.075688   0.011344 
 -0.026757   0.163354   0.465223  -0.048071   0.048186   0.126223  -0.011146   0.063507  -0.010405  -0.066348  -0.035065  -0.011401 
 -0.025447   0.098934   0.504566  -0.037815   0.045493   0.129374   0.001310  -0.064420   0.039343   0.010256  -0.002693   0.003151 
 -0.024592   0.070588   0.506784  -0.039133   0.047613   0.126223   0.000855  -0.028346   0.002218  -0.001318   0.002120  -0.003151 
 -0.031682   0.185996   0.431120  -0.018621   0.009167   0.110466  -0.007090   0.115408  -0.075664   0.020512  -0.038446  -0.015757 
 -0.031556   0.158989   0.389496   0.004927   0.040852   0.099236   0.000126  -0.027007  -0.041624   0.023548   0.031685  -0.011230 
 -0.030935   0.138986   0.343246   0.078438   0.087892   0.114362   0.000621  -0.020003  -0.046250   0.073511   0.047040   0.015126 
 -0.036529   0.077164   0.431013  -0.002235   0.027158   0.115967  -0.005594  -0.061822   0.087767  -0.080673  -0.060734   0.001605 
 -0.047829   0.143845   0.425599  -0.035466   0.016616   0.114592  -0.011300   0.066681  -0.005414  -0.033231  -0.010542  -0.001375 
 -0.047957   0.185063   0.400406  -0.030367   0.025325   0.100783  -0.000128   0.041218  -0.025193   0.005099   0.008709  -0.013809 
 -0.047700   0.141306   0.376495  -0.024293   0.040279   0.109034   0.000257  -0.043757  -0.023911   0.006074   0.014954   0.008251 
 -0.042223   0.099206   0.414965  -0.014267   0.040909   0.116196   0.005477  -0.042100   0.038470   0.010026   0.000630   0.007162 
 -0.047486   0.119219   0.419958  -0.011918   0.048530   0.126280  -0.005263   0.020013   0.004993   0.002349   0.007621   0.010084 
 -0.047717   0.165807   0.394682  -0.004526   0.026241   0.126280  -0.000231   0.046588  -0.025276   0.007392  -0.022289   0.000000 
 -0.047709   0.131697   0.409271  -0.013465   0.031513   0.114821   0.000008  -0.034110   0.014589  -0.008939   0.005272  -0.011459 
 -0.047705   0.095060   0.449079  -0.066291   0.009397   0.126280   0.000004  -0.036637   0.039808  -0.052826  -0.022116   0.011459 
 -0.038388   0.059144   0.463444  -0.010199   0.045034   0.126280   0.009317  -0.035916   0.014365   0.056092   0.035637   0.000000 
 -0.038724   0.095755   0.442691  -0.007563   0.047269   0.135333  -0.000336   0.036611  -0.020753   0.002636   0.002235   0.009053 
 -0.047295   0.112589   0.491571   0.003839   0.068698   0.126280  -0.008571   0.016834   0.048880   0.011402   0.021429  -0.009053 
 -0.039274   0.080747   0.450384   0.045779   0.114878   0.126280   0.008021  -0.031842  -0.041187   0.041940   0.046180   0.000000 
 -0.031541   0.185689   0.270852   0.052082   0.086803   0.135963   0.007733   0.104942  -0.179532   0.006303  -0.028075   0.009683 
 -0.035375   0.151540   0.101799  -0.002177   0.058843   0.100440  -0.003834  -0.034149  -0.169053  -0.054259  -0.027960  -0.035523 
 -0.040582   0.160883  -0.064286   0.125535   0.109836   0.083824  -0.005207   0.009343  -0.166085   0.127712   0.050993  -0.016616 
 -0.028346   0.083565   0.096349   0.094366   0.083938   0.079813   0.012236  -0.077318   0.160635  -0.031169  -0.025898  -0.004011 
 -0.036756   0.064424   0.341895   0.083480   0.081131   0.112987  -0.008410  -0.019141   0.245546  -0.010886  -0.002807   0.033174 
 -0.034968   0.188559   0.272105   0.020283   0.043201   0.115394   0.001788   0.124135  -0.069790  -0.063197  -0.037930   0.002407 
 -0.034243   0.156158   0.167490   0.202426   0.094653   0.115566   0.000725  -0.032401  -0.104615   0.182143   0.051452   0.000172 
 -0.034563   0.118002   0.272036   0.076834   0.061822   0.130348  -0.000320  -0.038156   0.104546  -0.125592  -0.032831   0.014782 
 -0.034773   0.103858   0.287314   0.076891   0.047154   0.121582  -0.000210  -0.014144   0.015278   0.000057  -0.014668  -0.008766 
 -0.026916   0.119707   0.334225   0.076834   0.029679   0.138083   0.007857   0.015849   0.046911  -0.000057  -0.017475   0.016501 
 -0.034205   0.100159   0.329786   0.082105   0.078896   0.146276  -0.007289  -0.019548  -0.004439   0.005271   0.049217   0.008193 
 -0.043987   0.046604   0.341427   0.065604   0.054374   0.153896  -0.009782  -0.053555   0.011641  -0.016501  -0.024522   0.007620 
 -0.050906   0.069946   0.346418   0.074083   0.055462   0.142609  -0.006919   0.023342   0.004991   0.008479   0.001088  -0.011287 
 -0.046908   0.107102   0.343353   0.044576   0.035581   0.135963   0.003998   0.037156  -0.003065  -0.029507  -0.019881  -0.006646 
 -0.050985   0.099675   0.340492   0.072078   0.042857   0.109034  -0.004077  -0.007427  -0.002861   0.027502   0.007276  -0.026929 
 -0.041467   0.096594   0.303493   0.073281   0.031971   0.101872   0.009518  -0.003081  -0.036999   0.001203  -0.010886  -0.007162 
 -0.035109   0.122066   0.269944   0.094137   0.028762   0.107086   0.006358   0.025472  -0.033549   0.020856  -0.003209   0.005214 
  0.003507   0.093595   0.180494   0.270952   0.003323   0.112930   0.038616  -0.028471  -0.089450   0.176815  -0.025439   0.005844 
 -0.019756   0.269212  -0.071081   0.927218   0.031685   0.127311  -0.023263   0.175617  -0.251575   0.656266   0.028362   0.014381 
 -0.045862   0.426920  -0.614148   0.915357   0.028132   0.114076  -0.026106   0.157708  -0.543067  -0.011861  -0.003553  -0.013235 
 -0.047425   0.258921  -0.560553   0.823398  -0.042915   0.118774  -0.001563  -0.167999   0.053595  -0.091959  -0.071047   0.004698 
 -0.051782   0.152639  -0.424972   0.729146  -0.055634   0.119347  -0.004357  -0.106282   0.135581  -0.094252  -0.012719   0.000573 
 -0.045732   0.192564  -0.369593   0.664345  -0.027387   0.126796   0.006050   0.039925   0.055379  -0.064801   0.028247   0.007449 
 -0.034083   0.253610  -0.313666   0.552159  -0.019939   0.121295   0.011649   0.061046   0.055927  -0.112186   0.007448  -0.005501 
 -0.037536   0.139739  -0.216150   0.471372  -0.019939   0.116368  -0.003453  -0.113871   0.097516  -0.080787   0.000000  -0.004927 
 -0.044110   0.139388  -0.177352   0.397289   0.005329   0.124618  -0.006574  -0.000351   0.038798  -0.074083   0.025268   0.008250 
 -0.047920   0.202225  -0.213350   0.442495  -0.013636   0.117915  -0.003810   0.062837  -0.035998   0.045206  -0.018965  -0.006703 
 -0.046356   0.166848  -0.201001   0.450975  -0.001375   0.104393   0.001564  -0.035377   0.012349   0.008480   0.012261  -0.013522 
 -0.035970   0.132254  -0.105969   0.360792   0.003323   0.098663   0.010386  -0.034594   0.095032  -0.090183   0.004698  -0.005730 
 -0.019936   0.116528   0.019247   0.235027  -0.003953   0.082334   0.016034  -0.015726   0.125216  -0.125765  -0.007276  -0.016329 
 -0.032501   0.212454  -0.016447   0.244825  -0.014782   0.091100  -0.012565   0.095926  -0.035694   0.009798  -0.010829   0.008766 
 -0.036106   0.170738  -0.014958   0.255081  -0.010943   0.084511  -0.003605  -0.041716   0.001489   0.010256   0.003839  -0.006589 
 -0.042779   0.165055  -0.003138   0.245512  -0.016788   0.088006  -0.006673  -0.005683   0.011820  -0.009569  -0.005845   0.003495 
 -0.046342   0.132962  -0.008209   0.248664  -0.017246   0.096429  -0.003563  -0.032093  -0.005071   0.003152  -0.000458   0.008423 
 -0.047256   0.188931  -0.046687   0.250440  -0.032659   0.096200  -0.000914   0.055969  -0.038478   0.001776  -0.015413  -0.000229 
 -0.038293   0.197897  -0.046819   0.246085  -0.020798   0.091731   0.008963   0.008966  -0.000132  -0.004355   0.011861  -0.004469 
 -0.045782   0.167351  -0.057428   0.238064  -0.016501   0.087892  -0.007489  -0.030546  -0.010609  -0.008021   0.004297  -0.003839 
 -0.042417   0.139405  -0.042265   0.236689  -0.017303   0.091731   0.003365  -0.027946   0.015163  -0.001375  -0.000802   0.003839 
 -0.039733   0.145160  -0.028873   0.213599  -0.009454   0.096085   0.002684   0.005755   0.013392  -0.023090   0.007849   0.004354 
 -0.044931   0.188001  -0.052248   0.214916  -0.014668   0.094996  -0.005198   0.042841  -0.023375   0.001317  -0.005214  -0.001089 
 -0.048135   0.116899  -0.030312   0.204603  -0.001318   0.094022  -0.003204  -0.071102   0.021936  -0.010313   0.013350  -0.000974 
 -0.063340   0.125756  -0.051862   0.193431  -0.001490   0.121754  -0.015205   0.008857  -0.021550  -0.011172  -0.000172   0.027732 
 -0.062864   0.202024  -0.043811   0.214172   0.004354   0.126967   0.000476   0.076268   0.008051   0.020741   0.005844   0.005213 
 -0.058268   0.151447  -0.076095   0.207182  -0.003610   0.104794   0.004596  -0.050577  -0.032284  -0.006990  -0.007964  -0.022173 
 -0.051245   0.190681  -0.065781   0.199447  -0.001891   0.113045   0.007023   0.039234   0.010314  -0.007735   0.001719   0.008251 
 -0.055882   0.155108  -0.054615   0.195608  -0.001261   0.102388  -0.004637  -0.035573   0.011166  -0.003839   0.000630  -0.010657 
 -0.058061   0.137274  -0.026636   0.181800   0.002464   0.106799  -0.002179  -0.017834   0.027979  -0.013808   0.003725   0.004411 
 -0.059198   0.183132  -0.024501   0.177445  -0.005042   0.122097  -0.001137   0.045858   0.002135  -0.004355  -0.007506   0.015298 
 -0.061295   0.205672  -0.028835   0.194004  -0.013636   0.113847  -0.002097   0.022540  -0.004334   0.016559  -0.008594  -0.008250 
 -0.060716   0.137166  -0.003322   0.177216  -0.007964   0.094252   0.000579  -0.068506   0.025513  -0.016788   0.005672  -0.019595 
 -0.060588   0.152289  -0.013941   0.195149  -0.007907   0.101528   0.000128   0.015123  -0.010619   0.017933   0.000057   0.007276 
 -0.060460   0.190548  -0.059904   0.193946  -0.015986   0.105195   0.000128   0.038259  -0.045963  -0.001203  -0.008079   0.003667 
 -0.054207   0.147190  -0.033628   0.198988  -0.005959   0.100325   0.006253  -0.043358   0.026276   0.005042   0.010027  -0.004870 
 -0.063234   0.159075  -0.020113   0.189821  -0.006016   0.117972  -0.009027   0.011885   0.013515  -0.009167  -0.000057   0.017647 
 -0.062286   0.182642  -0.039019   0.214057  -0.005329   0.119404   0.000948   0.023567  -0.018906   0.024236   0.000687   0.001432 
 -0.060901   0.158853  -0.043255   0.202426  -0.007391   0.096658   0.001385  -0.023789  -0.004236  -0.011631  -0.002062  -0.022746 
 -0.064025   0.107207  -0.030568   0.180138  -0.003094   0.102388  -0.003124  -0.051646   0.012687  -0.022288   0.004297   0.005730 
 -0.060083   0.192422  -0.044578   0.229871   0.002235   0.103190   0.003942   0.085215  -0.014010   0.049733   0.005329   0.000802 
 -0.047067   0.163518  -0.014229   0.166616  -0.013063   0.116654   0.013016  -0.028904   0.030349  -0.063255  -0.015298   0.013464 
 -0.054933   0.119970  -0.030340   0.198530   0.004240   0.120894  -0.007866  -0.043548  -0.016111   0.031914   0.017303   0.004240 
 -0.065643   0.165670  -0.014858   0.198530  -0.002292   0.125420  -0.010710   0.045700   0.015482   0.000000  -0.006532   0.004526 
 -0.057557   0.180366  -0.035483   0.209359  -0.011574   0.113503   0.008086   0.014696  -0.020625   0.010829  -0.009282  -0.011917 
 -0.063975   0.149479  -0.040257   0.189420  -0.016272   0.108461  -0.006418  -0.030887  -0.004774  -0.019939  -0.004698  -0.005042 
 -0.059985   0.101609  -0.014057   0.152865  -0.020741   0.106226   0.003990  -0.047870   0.026200  -0.036555  -0.004469  -0.002235 
 -0.057690   0.122504  -0.044276   0.177044  -0.021314   0.103763   0.002295   0.020895  -0.030219   0.024179  -0.000573  -0.002463 
 -0.058769   0.154541  -0.036595   0.158308  -0.014782   0.104221  -0.001079   0.032037   0.007681  -0.018736   0.006532   0.000458 
 -0.054786   0.146199  -0.022963   0.179450  -0.005787   0.097575   0.003983  -0.008342   0.013632   0.021142   0.008995  -0.006646 
 -0.041912   0.122494  -0.014448   0.152980  -0.007277   0.100268   0.012874  -0.023705   0.008515  -0.026470  -0.001490   0.002693 
 -0.034475   0.172222  -0.003059   0.110695  -0.032888   0.113216   0.007437   0.049728   0.011389  -0.042285  -0.025611   0.012948 
 -0.031982   0.120032  -0.032716   0.172861   0.009626   0.144958   0.002493  -0.052190  -0.029657   0.062166   0.042514   0.031742 
 -0.033426   0.123359  -0.042806   0.192113  -0.019022   0.099179  -0.001444   0.003327  -0.010090   0.019252  -0.028648  -0.045779 
 -0.032640   0.071476  -0.025518   0.164496   0.015241   0.131379   0.000786  -0.051883   0.017288  -0.027617   0.034263   0.032200 
 -0.033358   0.140253  -0.027732   0.179221   0.036211   0.141807  -0.000718   0.068777  -0.002214   0.014725   0.020970   0.010428 
 -0.019390   0.128871  -0.029771   0.172575   0.019538   0.125592   0.013968  -0.011382  -0.002039  -0.006646  -0.016673  -0.016215 
 -0.018896   0.056472  -0.006863   0.191597   0.047670   0.150058   0.000494  -0.072399   0.022908   0.019022   0.028132   0.024466 
 -0.038193   0.113452  -0.005552   0.175096   0.023319   0.154068  -0.019297   0.056980   0.001311  -0.016501  -0.024351   0.004010 
 -0.029074   0.151260  -0.028526   0.166559   0.028533   0.132181   0.009119   0.037808  -0.022974  -0.008537   0.005214  -0.021887 
 -0.029604   0.074899   0.042926   0.143583   0.020970   0.126394  -0.000530  -0.076361   0.071452  -0.022976  -0.007563  -0.005787 
 -0.054548   0.041985   0.069534   0.135734   0.021601   0.124962  -0.024944  -0.032914   0.026608  -0.007849   0.000631  -0.001432 
 -0.055873   0.161366   0.005949   0.149485   0.010657   0.130233  -0.001325   0.119381  -0.063585   0.013751  -0.010944   0.005271 
 -0.048707   0.140783   0.009752   0.148969  -0.001375   0.122613   0.007166  -0.020583   0.003803  -0.000516  -0.012032  -0.007620 
 -0.055081   0.075573   0.035361   0.130577  -0.004927   0.119347  -0.006374  -0.065210   0.025609  -0.018392  -0.003552  -0.003266 
 -0.060601   0.073691   0.046559   0.120264  -0.003610   0.118717  -0.005520  -0.001882   0.011198  -0.010313   0.001317  -0.000630 
 -0.056089   0.150087   0.006788   0.165814  -0.002349   0.114534   0.004512   0.076396  -0.039771   0.045550   0.001261  -0.004183 
 -0.051005   0.129762   0.040668   0.098491  -0.046983   0.093736   0.005084  -0.020325   0.033880  -0.067323  -0.044634  -0.020798 
 -0.058747   0.072822   0.050679   0.120780  -0.044519   0.103705  -0.007742  -0.056940   0.010011   0.022289   0.002464   0.009969 
 -0.067290   0.124849   0.069523   0.074943  -0.062567   0.121066  -0.008543   0.052027   0.018844  -0.045837  -0.018048   0.017361 
 -0.058168   0.146022   0.007423   0.132296  -0.031398   0.112815   0.009122   0.021173  -0.062100   0.057353   0.031169  -0.008251 
 -0.055148   0.125732   0.014174   0.124676  -0.024981   0.118545   0.003020  -0.020290   0.006751  -0.007620   0.006417   0.005730 
 -0.057914   0.101517   0.046183   0.122498  -0.018621   0.109263  -0.002766  -0.024215   0.032009  -0.002178   0.006360  -0.009282 
 -0.043903   0.137956   0.026137   0.119462  -0.014954   0.117628   0.014011   0.036439  -0.020046  -0.003036   0.003667   0.008365 
 -0.027417   0.144971   0.040431   0.128343  -0.013293   0.124790   0.016486   0.007015   0.014294   0.008881   0.001661   0.007162 
 -0.045593   0.094068   0.112136   0.170512   0.026585   0.129775  -0.018176  -0.050903   0.071705   0.042169   0.039878   0.004985 
 -0.049693   0.096761   0.125155   0.194405   0.045722   0.132754  -0.004100   0.002693   0.013019   0.023893   0.019137   0.002979 
 -0.057993   0.155285   0.100532   0.171142   0.022403   0.145130  -0.008300   0.058524  -0.024623  -0.023263  -0.023319   0.012376 
 -0.055313   0.136445   0.087898   0.176242   0.028934   0.132754   0.002680  -0.018840  -0.012634   0.005100   0.006531  -0.012376 
 -0.053441   0.119394   0.105862   0.169710   0.011516   0.127540   0.001872  -0.017051   0.017964  -0.006532  -0.017418  -0.005214 
 -0.047325   0.095185   0.140532   0.138885   0.023549   0.133270   0.006116  -0.024209   0.034670  -0.030825   0.012033   0.005730 
 -0.051282   0.138800   0.114385   0.154011   0.016272   0.122785  -0.003957   0.043615  -0.026147   0.015126  -0.007277  -0.010485 
 -0.053247   0.127307   0.106689   0.171945   0.000974   0.124905  -0.001965  -0.011493  -0.007696   0.017934  -0.015298   0.002120 
 -0.052718   0.095320   0.125152   0.164783  -0.000401   0.118545   0.000529  -0.031987   0.018463  -0.007162  -0.001375  -0.006360 
 -0.077037   0.099508   0.119270   0.164210  -0.021715   0.121295  -0.024319   0.004188  -0.005882  -0.000573  -0.021314   0.002750 
 -0.074819   0.148968   0.112975   0.103304  -0.020397   0.107831   0.002218   0.049460  -0.006295  -0.060906   0.001318  -0.013464 
 -0.077419   0.168691   0.070235   0.088121  -0.080959   0.089725  -0.002600   0.019723  -0.042740  -0.015183  -0.060562  -0.018106 
 -0.064517   0.120895   0.125988  -0.042972  -0.101986   0.062223   0.012902  -0.047796   0.055753  -0.131093  -0.021027  -0.027502 
 -0.074699   0.102092   0.097529   0.014725  -0.108576   0.063025  -0.010182  -0.018803  -0.028459   0.057697  -0.006590   0.000802 
 -0.077768   0.085724   0.125511   0.022804  -0.098663   0.081475  -0.003069  -0.016368   0.027982   0.008079   0.009913   0.018450 
 -0.086033   0.145723   0.092235   0.043201  -0.110524   0.077693  -0.008265   0.059999  -0.033276   0.020397  -0.011861  -0.003782 
 -0.068959   0.160893   0.107204   0.027960  -0.079469   0.098434   0.017074   0.015170   0.014969  -0.015241   0.031055   0.020741 
 -0.063932   0.127627  -0.045619   0.117055  -0.077693   0.090413   0.005027  -0.033266  -0.152823   0.089095   0.001776  -0.008021 
 -0.052712   0.143995  -0.374434   0.154412  -0.098549   0.076891   0.011220   0.016368  -0.328815   0.037357  -0.020856  -0.013522 
 -0.046966   0.137440  -0.227076   0.166387  -0.069041   0.078037   0.005746  -0.006555   0.147358   0.011975   0.029508   0.001146 
 -0.064556   0.143529  -0.400228   0.177445  -0.085313   0.085256  -0.017590   0.006089  -0.173152   0.011058  -0.016272   0.007219 
 -0.094057  -0.017851   0.350867   0.251930   0.020340   0.155329  -0.029501  -0.161380   0.751095   0.074485   0.105653   0.070073 
 -0.084395   0.069023   0.563202   0.096429  -0.063713   0.146620   0.009662   0.086874   0.212335  -0.155501  -0.084053  -0.008709 
 -0.063732   0.144390   0.774564   0.181685  -0.137739   0.134015   0.020663   0.075367   0.211362   0.085256  -0.074026  -0.012605 
 -0.029107   0.117836   0.925858   0.245054   0.030539   0.143927   0.034625  -0.026554   0.151294   0.063369   0.168278   0.009912 
 -0.039340   0.101902   0.842577   0.290490   0.050306   0.137395  -0.010233  -0.015934  -0.083281   0.045436   0.019767  -0.006532 
 -0.031861   0.233433   0.863014   0.239267   0.026528   0.139515   0.007479   0.131531   0.020437  -0.051223  -0.023778   0.002120 
 -0.030875   0.160530   0.992845   0.184263   0.044347   0.129890   0.000986  -0.072903   0.129831  -0.055004   0.017819  -0.009625 
 -0.046341   0.103192   1.087928   0.112071   0.033346   0.128801  -0.015466  -0.057338   0.095083  -0.072192  -0.011001  -0.001089 
 -0.044024   0.109904   1.097068   0.090585   0.037070   0.148683   0.002317   0.006712   0.009140  -0.021486   0.003724   0.019882 
 -0.044106   0.215531   1.048375   0.095397   0.054947   0.143984  -0.000082   0.105627  -0.048693   0.004812   0.017877  -0.004699 
 -0.048916   0.156417   1.080727   0.064973   0.044232   0.143984  -0.004810  -0.059114   0.032352  -0.030424  -0.010715   0.000000 
 -0.049223   0.113310   1.106527   0.095168   0.031226   0.143984  -0.000307  -0.043107   0.025800   0.030195  -0.013006   0.000000 
 -0.059791   0.148047   1.081647   0.069786   0.017303   0.156704  -0.010568   0.034737  -0.024880  -0.025382  -0.013923   0.012720 
 -0.048166   0.213886   1.087094   0.053915   0.005901   0.160657   0.011625   0.065839   0.005447  -0.015871  -0.011402   0.003953 
 -0.046170   0.149246   1.138987   0.041253   0.023377   0.160657   0.001996  -0.064640   0.051893  -0.012662   0.017476   0.000000 
 -0.056791   0.107124   1.188349   0.031513   0.025840   0.158136  -0.010621  -0.042122   0.049362  -0.009740   0.002463  -0.002521 
 -0.061839   0.141900   1.163196   0.018793   0.011574   0.162090  -0.005048   0.034776  -0.025153  -0.012720  -0.014266   0.003954 
 -0.059983   0.199345   1.156350   0.033690   0.027502   0.161517   0.001856   0.057445  -0.006846   0.014897   0.015928  -0.000573 
 -0.059948   0.130063   1.170924   0.026872   0.020455   0.149026   0.000035  -0.069282   0.014574  -0.006818  -0.007047  -0.012491 
 -0.070391   0.102987   1.170228   0.017647   0.014324   0.161058  -0.010443  -0.027076  -0.000696  -0.009225  -0.006131   0.012032 
 -0.060999   0.170480   1.125180   0.092705   0.091387   0.173205   0.009392   0.067493  -0.045048   0.075058   0.077063   0.012147 
 -0.041059   0.208287   1.144330   0.024523   0.043659   0.152636   0.019940   0.037807   0.019150  -0.068182  -0.047728  -0.020569 
 -0.042393   0.123547   1.179982  -0.001375   0.034893   0.159110  -0.001334  -0.084740   0.035652  -0.025898  -0.008766   0.006474 
 -0.056192   0.097725   1.225418   0.004698   0.018048   0.155042  -0.013799  -0.025822   0.045436   0.006073  -0.016845  -0.004068 
 -0.058835   0.171234   1.231798   0.000745   0.013636   0.161689  -0.002643   0.073509   0.006380  -0.003953  -0.004412   0.006647 
 -0.058923   0.141970   1.218726   0.005157   0.018736   0.158595  -0.000088  -0.029264  -0.013072   0.004412   0.005100  -0.003094 
 -0.058829   0.117445   1.246079  -0.009798   0.015814   0.149542   0.000094  -0.024525   0.027353  -0.014955  -0.002922  -0.009053 
 -0.058832   0.109018   1.262648  -0.022231   0.022116   0.146563  -0.000003  -0.008427   0.016569  -0.012433   0.006302  -0.002979 
 -0.068818   0.164072   1.227957  -0.003037   0.011860   0.157506  -0.009986   0.055054  -0.034691   0.019194  -0.010256   0.010943 
 -0.056723   0.142975   1.210280   0.003380   0.026757   0.153782   0.012095  -0.021097  -0.017677   0.006417   0.014897  -0.003724 
 -0.057070   0.100956   1.227985   0.002979   0.028705   0.139744  -0.000347  -0.042019   0.017705  -0.000401   0.001948  -0.014038 
 -0.076226   0.093340   1.123445  -0.003438   0.019996   0.136307  -0.019156  -0.007616  -0.104540  -0.006417  -0.008709  -0.003437 
 -0.071102   0.177796   0.965975  -0.022575   0.018850   0.132640   0.005124   0.084456  -0.157470  -0.019137  -0.001146  -0.003667 
 -0.067380   0.092224   1.127529  -0.029622   0.024866   0.126509   0.003722  -0.085572   0.161554  -0.007047   0.006016  -0.006131 
 -0.062564   0.089287   1.160503  -0.059129   0.029278   0.136822   0.004816  -0.002937   0.032974  -0.029507   0.004412   0.010313 
 -0.076214   0.060593   1.228559  -0.082506   0.016788   0.141979  -0.013650  -0.028694   0.068056  -0.023377  -0.012490   0.005157 
 -0.069042   0.112909   1.240590  -0.115050   0.013235   0.140203   0.007172   0.052316   0.012031  -0.032544  -0.003553  -0.001776 
 -0.062780   0.192664   1.177919  -0.054374   0.044404   0.144615   0.006262   0.079755  -0.062671   0.060676   0.031169   0.004412 
 -0.051270   0.113421   1.157395  -0.065604   0.027387   0.138197   0.011510  -0.079243  -0.020524  -0.011230  -0.017017  -0.006418 
 -0.046363   0.127280   1.170469  -0.091272   0.023950   0.127999   0.004907   0.013859   0.013074  -0.025668  -0.003437  -0.010198 
 -0.046780   0.108878   1.175258  -0.085485   0.027502   0.134359  -0.000417  -0.018402   0.004789   0.005787   0.003552   0.006360 
 -0.053914   0.109656   1.188361  -0.088866   0.025096   0.131265  -0.007134   0.000778   0.013103  -0.003381  -0.002406  -0.003094 
 -0.061441   0.090739   1.212493  -0.092132   0.019137   0.137510  -0.007527  -0.018917   0.024132  -0.003266  -0.005959   0.006245 
 -0.058139   0.136597   1.192034  -0.069786   0.023377   0.131723   0.003302   0.045858  -0.020459   0.022346   0.004240  -0.005787 
 -0.058908   0.133753   1.187533  -0.080042   0.037471   0.138885  -0.000769  -0.002844  -0.004501  -0.010256   0.014094   0.007162 
 -0.058973   0.114084   1.179256  -0.092705   0.025554   0.124790  -0.000065  -0.019669  -0.008277  -0.012663  -0.011917  -0.014095 
 -0.058962   0.094979   1.220598  -0.083652   0.036383   0.126796   0.000011  -0.019105   0.041342   0.009053   0.010829   0.002006 
 -0.061370   0.095320   1.238306  -0.100325   0.033174   0.132525  -0.002408   0.000341   0.017708  -0.016673  -0.003209   0.005729 
 -0.057049   0.149249   1.179012  -0.080615   0.039248   0.136307   0.004321   0.053929  -0.059294   0.019710   0.006074   0.003782 
 -0.043692   0.122502   1.218483  -0.122441   0.068812   0.127540   0.013357  -0.026747   0.039471  -0.041826   0.029564  -0.008767 
 -0.029585   0.057168   1.274736  -0.153209   0.115222   0.136822   0.014107  -0.065334   0.056253  -0.030768   0.046410   0.009282 
 -0.050269   0.105304   1.234737  -0.172575   0.076547   0.127655  -0.020684   0.048136  -0.039999  -0.019366  -0.038675  -0.009167 
 -0.057542   0.164995   1.194988  -0.138598   0.056608   0.125707  -0.007273   0.059691  -0.039749   0.033977  -0.019939  -0.001948 
 -0.071636   0.113738   1.222987  -0.132067   0.048300   0.136020  -0.014094  -0.051257   0.027999   0.006531  -0.008308   0.010313 
 -0.069579   0.082030   1.258652  -0.130176   0.067666   0.144786   0.002057  -0.031708   0.035665   0.001891   0.019366   0.008766 
 -0.069854   0.118653   1.177859  -0.038216   0.128973   0.162319  -0.000275   0.036623  -0.080793   0.091960   0.061307   0.017533 
 -0.066741   0.149238   1.175567  -0.122670   0.049733   0.140948   0.003113   0.030585  -0.002292  -0.084454  -0.079240  -0.021371 
 -0.066725   0.091922   1.226030  -0.104450   0.056780   0.138312   0.000016  -0.057316   0.050463   0.018220   0.007047  -0.002636 
 -0.061813   0.138095   1.183978  -0.120436   0.065432   0.133671   0.004912   0.046173  -0.042052  -0.015986   0.008652  -0.004641 
 -0.062644   0.108632   1.197099  -0.134530   0.059244   0.136077  -0.000831  -0.029463   0.013121  -0.014094  -0.006188   0.002406 
 -0.062843   0.083494   1.235902  -0.132181   0.075974   0.135103  -0.000199  -0.025138   0.038803   0.002349   0.016730  -0.000974 
 -0.061289   0.099305   1.221440  -0.133270   0.066349   0.136479   0.001554   0.015811  -0.014462  -0.001089  -0.009625   0.001376 
 -0.066830   0.125463   1.165350  -0.163694   0.057582   0.139458  -0.005541   0.026158  -0.056090  -0.030424  -0.008767   0.002979 
 -0.067006   0.075827   1.049067  -0.106341   0.079469   0.139286  -0.000176  -0.049636  -0.116283   0.057353   0.021887  -0.000172 
 -0.143594   0.154800   0.183144  -0.097346   0.017590   0.152636  -0.076588   0.078973  -0.865923   0.008995  -0.061879   0.013350 
 -0.172114   0.347926  -1.812882  -0.055462  -0.073224   0.131265  -0.028520   0.193126  -1.996026   0.041884  -0.090814  -0.021371 
 -0.109995   0.313172  -1.918898  -0.006933  -0.106971   0.132124   0.062119  -0.034754  -0.106016   0.048529  -0.033747   0.000859 
 -0.077730   0.130333   0.140760   1.122138  -0.071276   0.167418   0.032265  -0.182839   2.059658   1.129071   0.035695   0.035294 
 -0.052510   0.316973   0.619401   1.210545  -0.063140   0.120894   0.025220   0.186640   0.478641   0.088407   0.008136  -0.046524 
 -0.052467   0.403460   0.581616   1.233578  -0.064458   0.115165   0.000043   0.086487  -0.037785   0.023033  -0.001318  -0.005729 
 -0.069739   0.386792   0.593482   1.186538   0.000745   0.143984  -0.017272  -0.016668   0.011866  -0.047040   0.065203   0.028819 
 -0.078424   0.370579   0.600388   0.936098   0.115279   0.173434  -0.008685  -0.016213   0.006906  -0.250440   0.114534   0.029450 
 -0.089378   0.314543   0.602549   0.834169   0.132067   0.180253  -0.010954  -0.056036   0.002161  -0.101929   0.016788   0.006819 
 -0.085417   0.274699   0.672380   0.754242   0.135447   0.171715   0.003961  -0.039844   0.069831  -0.079927   0.003380  -0.008538 
 -0.088150   0.276081   0.695919   0.764784   0.150459   0.179737  -0.002733   0.001382   0.023539   0.010542   0.015012   0.008022 
 -0.093904   0.249730   0.712250   0.736423   0.128113   0.181284  -0.005754  -0.026351   0.016331  -0.028361  -0.022346   0.001547 
 -0.100013   0.260642   0.709260   0.676491   0.144328   0.179450  -0.006109   0.010912  -0.002990  -0.059932   0.016215  -0.001834 
 -0.083579   0.282040   0.711185   0.682679   0.163637   0.190967   0.016434   0.021398   0.001925   0.006188   0.019309   0.011517 
 -0.090191   0.257602   0.691901   0.650307   0.163981   0.182888  -0.006612  -0.024438  -0.019284  -0.032372   0.000344  -0.008079 
 -0.096677   0.240792   0.710416   0.667496   0.169939   0.194233  -0.006486  -0.016810   0.018515   0.017189   0.005958   0.011345 
 -0.107732   0.207354   0.748098   0.671793   0.180310   0.194175  -0.011055  -0.033438   0.037682   0.004297   0.010371  -0.000058 
 -0.106058   0.268566   0.692433   0.636384   0.161116   0.195894   0.001674   0.061212  -0.055665  -0.035409  -0.019194   0.001719 
 -0.102913   0.273960   0.695643   0.627102   0.165642   0.189305   0.003145   0.005394   0.003210  -0.009282   0.004526  -0.006589 
 -0.116700   0.128169   0.721204   0.623607   0.132697   0.188446  -0.013787  -0.145791   0.025561  -0.003495  -0.032945  -0.000859 
 -0.128607   0.189203   0.709275   0.562014   0.072594   0.188961  -0.011907   0.061034  -0.011929  -0.061593  -0.060103   0.000515 
 -0.157143   0.227369   0.630192   0.510620  -0.036555   0.210447  -0.028536   0.038166  -0.079083  -0.051394  -0.109149   0.021486 
 -0.140612   0.360400   0.611734   0.486842  -0.088808   0.183919   0.016531   0.133031  -0.018458  -0.023778  -0.052253  -0.026528 
 -0.111983   0.267366   0.759032   0.437969  -0.028591   0.155902   0.028629  -0.093034   0.147298  -0.048873   0.060217  -0.028017 
 -0.110002   0.218932   0.822273   0.456705  -0.008136   0.164095   0.001981  -0.048434   0.063241   0.018736   0.020455   0.008193 
 -0.108019   0.249970   0.797015   0.496984  -0.000917   0.167991   0.001983   0.031038  -0.025258   0.040279   0.007219   0.003896 
 -0.106154   0.252513   0.770949   0.472977   0.013636   0.160887   0.001865   0.002543  -0.026066  -0.024007   0.014553  -0.007104 
 -0.103012   0.233669   0.748639   0.466044   0.009511   0.163866   0.003142  -0.018844  -0.022310  -0.006933  -0.004125   0.002979 
 -0.097554   0.246050   0.716054   0.580578   0.088350   0.162777   0.005458   0.012381  -0.032585   0.114534   0.078839  -0.001089 
 -0.104836   0.237458   0.737235   0.561671   0.088465   0.169596  -0.007282  -0.008592   0.021181  -0.018907   0.000115   0.006819 
 -0.106066   0.239468   0.728032   0.507469   0.039992   0.169710  -0.001230   0.002010  -0.009203  -0.054202  -0.048473   0.000114 
 -0.100762   0.234478   0.743506   0.507469   0.046524   0.163522   0.005304  -0.004990   0.015474   0.000000   0.006532  -0.006188 
 -0.099666   0.219905   0.764216   0.466273   0.030653   0.163408   0.001096  -0.014573   0.020710  -0.041196  -0.015871  -0.000114 
 -0.101396   0.198448   0.764018   0.481342   0.049790   0.163694  -0.001730  -0.021457  -0.000198   0.015069   0.019137   0.000286 
 -0.105048   0.182496   0.823583   0.485123   0.048759   0.165470  -0.003652  -0.015952   0.059565   0.003781  -0.001031   0.001776 
 -0.107137   0.203699   0.822031   0.461059   0.061937   0.173606  -0.002089   0.021203  -0.001552  -0.024064   0.013178   0.008136 
 -0.097910   0.187532   0.850852   0.399409   0.009397   0.181284   0.009227  -0.016167   0.028821  -0.061650  -0.052540   0.007678 
 -0.105277   0.189000   0.839593   0.454871   0.052426   0.175210  -0.007367   0.001468  -0.011259   0.055462   0.043029  -0.006074 
 -0.107452   0.172801   0.806671   0.523168   0.101242   0.179851  -0.002175  -0.016199  -0.032922   0.068297   0.048816   0.004641 
 -0.109431   0.188646   0.807646   0.442610   0.074771   0.177273  -0.001979   0.015845   0.000975  -0.080558  -0.026471  -0.002578 
 -0.098823   0.235130   0.777008   0.451892   0.068927   0.183289   0.010608   0.046484  -0.030638   0.009282  -0.005844   0.006016 
 -0.091215   0.186294   0.805819   0.445131   0.061478   0.171429   0.007608  -0.048836   0.028811  -0.006761  -0.007449  -0.011860 
 -0.088634   0.164697   0.809812   0.454814   0.049160   0.173492   0.002581  -0.021597   0.003993   0.009683  -0.012318   0.002063 
 -0.085718   0.132425   0.804043   0.454356   0.017819   0.183690   0.002916  -0.032272  -0.005769  -0.000458  -0.031341   0.010198 
 -0.088851   0.236960   0.758082   0.457507   0.010313   0.163579  -0.003133   0.104535  -0.045961   0.003151  -0.007506  -0.020111 
 -0.091124   0.195959   0.761837   0.453324   0.038274   0.163064  -0.002273  -0.041001   0.003755  -0.004183   0.027961  -0.000515 
 -0.094231   0.140389   0.735128   0.498817   0.069500   0.165298  -0.003107  -0.055570  -0.026709   0.045493   0.031226   0.002234 
 -0.084304   0.163295   0.747462   0.386116  -0.004068   0.183346   0.009927   0.022906   0.012334  -0.112701  -0.073568   0.018048 
 -0.057304   0.211645   0.717537   0.411155   0.003037   0.182544   0.027000   0.048350  -0.029925   0.025039   0.007105  -0.000802 
 -0.054160   0.216157   0.778864   0.380902   0.006188   0.174981   0.003144   0.004512   0.061327  -0.030253   0.003151  -0.007563 
 -0.079350   0.193888   0.782628   0.415853  -0.001203   0.153381  -0.025190  -0.022269   0.003764   0.034951  -0.007391  -0.021600 
 -0.093242   0.259949   0.739685   0.426510  -0.020913   0.156360  -0.013892   0.066061  -0.042943   0.010657  -0.019710   0.002979 
 -0.081342   0.253564   0.744466   0.433729  -0.011803   0.154011   0.011900  -0.006385   0.004781   0.007219   0.009110  -0.002349 
 -0.075216   0.205842   0.746645   0.432927   0.007850   0.154011   0.006126  -0.047722   0.002179  -0.000802   0.019653   0.000000 
 -0.079619   0.144418   0.785568   0.388523  -0.010428   0.142495  -0.004403  -0.061424   0.038923  -0.044404  -0.018278  -0.011516 
 -0.081520   0.231445   0.740446   0.419061  -0.018507   0.142323  -0.001901   0.087027  -0.045122   0.030538  -0.008079  -0.000172 
 -0.076211   0.238510   0.730293   0.455444  -0.000917   0.155558   0.005309   0.007065  -0.010153   0.036383   0.017590   0.013235 
 -0.076195   0.176306   0.761382   0.456074  -0.002807   0.155902   0.000016  -0.062204   0.031089   0.000630  -0.001890   0.000344 
 -0.080604   0.179966   0.746413   0.480139   0.016501   0.153839  -0.004409   0.003660  -0.014969   0.024065   0.019308  -0.002063 
 -0.077044   0.207272   0.757304   0.410582  -0.029851   0.148052   0.003560   0.027306   0.010891  -0.069557  -0.046352  -0.005787 
 -0.075847   0.208190   0.725424   0.480311   0.000229   0.152063   0.001197   0.000918  -0.031880   0.069729   0.030080   0.004011 
 -0.077213   0.167941   0.762046   0.481972   0.000573   0.149313  -0.001366  -0.040249   0.036622   0.001661   0.000344  -0.002750 
 -0.081909   0.186565   0.763679   0.493087   0.002177   0.151777  -0.004696   0.018624   0.001633   0.011115   0.001604   0.002464 
 -0.065291   0.269181   0.736714   0.488160  -0.007047   0.156876   0.016618   0.082616  -0.026965  -0.004927  -0.009224   0.005099 
 -0.074275   0.213475   0.722930   0.535429   0.016215   0.155272  -0.008984  -0.055706  -0.013784   0.047269   0.023262  -0.001604 
 -0.080796   0.161861   0.814565   0.499906   0.011631   0.150344  -0.006521  -0.051614   0.091635  -0.035523  -0.004584  -0.004928 
 -0.093945   0.206379   0.795995   0.485754   0.005959   0.153725  -0.013149   0.044518  -0.018570  -0.014152  -0.005672   0.003381 
 -0.084839   0.210194   0.769566   0.482430  -0.007105   0.148854   0.009106   0.003815  -0.026429  -0.003324  -0.013064  -0.004871 
 -0.081826   0.182804   0.807031   0.485295   0.003724   0.150172   0.003013  -0.027390   0.037465   0.002865   0.010829   0.001318 
 -0.094458   0.167610   0.829682   0.523225   0.023262   0.170971  -0.012632  -0.015194   0.022651   0.037930   0.019538   0.020799 
 -0.098256   0.164980   0.820861   0.457106   0.010829   0.160199  -0.003798  -0.002630  -0.008821  -0.066119  -0.012433  -0.010772 
 -0.089025   0.203121   0.777275   0.504489  -0.004240   0.160887   0.009231   0.038141  -0.043586   0.047383  -0.015069   0.000688 
 -0.093863   0.189328   0.786687   0.529929   0.026413   0.164897  -0.004838  -0.013793   0.009412   0.025440   0.030653   0.004010 
 -0.096560   0.142521   0.845240   0.475899   0.011230   0.171028  -0.002697  -0.046807   0.058553  -0.054030  -0.015183   0.006131 
 -0.093968   0.215864   0.777619   0.481456   0.017590   0.164095   0.002592   0.073343  -0.067621   0.005557   0.006360  -0.006933 
 -0.093927   0.224339   0.756085   0.502770   0.041368   0.170971   0.000041   0.008475  -0.021534   0.021314   0.023778   0.006876 
 -0.093895   0.142144   0.858190   0.387319  -0.022173   0.162720   0.000032  -0.082195   0.102105  -0.115451  -0.063541  -0.008251 
 -0.093904   0.183626   0.799502   0.459627   0.028934   0.156131  -0.000009   0.041482  -0.058688   0.072308   0.051107  -0.006589 
 -0.079558   0.225816   0.762798   0.468336   0.031914   0.152407   0.014346   0.042190  -0.036704   0.008709   0.002980  -0.003724 
 -0.081452   0.201319   0.755029   0.480482   0.057296   0.161288  -0.001894  -0.024497  -0.007769   0.012146   0.025382   0.008881 
 -0.078223   0.171277   0.816254   0.452637   0.063541   0.170971   0.003229  -0.030042   0.061225  -0.027845   0.006245   0.009683 
 -0.077947   0.204489   0.775376   0.457736   0.064572   0.164840   0.000276   0.033212  -0.040878   0.005099   0.001031  -0.006131 
 -0.075854   0.239344   0.759074   0.434359   0.034492   0.152235   0.002093   0.034855  -0.016302  -0.023377  -0.030080  -0.012605 
 -0.087618   0.188674   0.776913   0.466158   0.049389   0.157449  -0.011764  -0.050670   0.017839   0.031799   0.014897   0.005214 
 -0.098849   0.138890   0.855594   0.454126   0.038617   0.151834  -0.011231  -0.049784   0.078681  -0.012032  -0.010772  -0.005615 
 -0.110010   0.213964   0.823439   0.471029   0.002177   0.150802  -0.011161   0.075074  -0.032155   0.016903  -0.036440  -0.001032 
 -0.100166   0.181824   0.837453   0.369099  -0.053572   0.150860   0.009844  -0.032140   0.014014  -0.101930  -0.055749   0.000058 
 -0.093901   0.163307   0.780990   0.545800   0.074599   0.158194   0.006265  -0.018517  -0.056463   0.176701   0.128171   0.007334 
 -0.103313   0.154999   0.837214   0.475498   0.010657   0.156819  -0.009412  -0.008308   0.056224  -0.070302  -0.063942  -0.001375 
 -0.096390   0.224558   0.777679   0.460429   0.013006   0.147766   0.006923   0.069559  -0.059535  -0.015069   0.002349  -0.009053 
 -0.090755   0.205736   0.786067   0.462090   0.017246   0.158480   0.005635  -0.018822   0.008388   0.001661   0.004240   0.010714 
 -0.105903   0.150295   0.811032   0.486155   0.018105   0.146333  -0.015148  -0.055441   0.024965   0.024065   0.000859  -0.012147 
 -0.103799   0.164655   0.819133   0.474581   0.002464   0.151777   0.002104   0.014360   0.008101  -0.011574  -0.015641   0.005444 
 -0.097550   0.228858   0.777152   0.489822   0.010313   0.142208   0.006249   0.064203  -0.041981   0.015241   0.007849  -0.009569 
 -0.087947   0.216677   0.788654   0.454757   0.016558   0.150401   0.009603  -0.012181   0.011502  -0.035065   0.006245   0.008193 
 -0.094211   0.155786   0.838794   0.456418   0.009511   0.153954  -0.006264  -0.060891   0.050140   0.001661  -0.007047   0.003553 
 -0.100437   0.154301   0.860241   0.463523   0.008422   0.163694  -0.006226  -0.001485   0.021447   0.007105  -0.001089   0.009740 
 -0.096364   0.224867   0.823084   0.457278   0.017704   0.151375   0.004073   0.070566  -0.037157  -0.006245   0.009282  -0.012319 
 -0.092633   0.208500   0.823112   0.454928   0.012949   0.149427   0.003731  -0.016367   0.000028  -0.002350  -0.004755  -0.001948 
 -0.087668   0.139340   0.853300   0.449485   0.002063   0.151204   0.004965  -0.069160   0.030188  -0.005443  -0.010886   0.001777 
 -0.092635   0.182002   0.830954   0.503343   0.027387   0.149943  -0.004967   0.042662  -0.022346   0.053858   0.025324  -0.001261 
 -0.090302   0.213603   0.808268   0.476529   0.032659   0.144901   0.002333   0.031601  -0.022686  -0.026814   0.005272  -0.005042 
 -0.091196   0.175256   0.818113   0.468508   0.018220   0.141463  -0.000894  -0.038347   0.009845  -0.008021  -0.014439  -0.003438 
 -0.092727   0.138590   0.868787   0.468508   0.025726   0.150688  -0.001531  -0.036666   0.050674   0.000000   0.007506   0.009225 
 -0.087560   0.199036   0.840127   0.473378   0.016215   0.148797   0.005167   0.060446  -0.028660   0.004870  -0.009511  -0.001891 
 -0.080472   0.216076   0.840432   0.478935   0.015413   0.142094   0.007088   0.017040   0.000305   0.005557  -0.000802  -0.006703 
