 -0.000016   0.000003   0.000019  -0.004584  -0.004354   0.000000   0.000000   0.000000   0.000000   0.000000   0.000000   0.000000 
 -0.000176   0.060720  -0.050199   0.000000  -0.012319   0.000000  -0.000160   0.060717  -0.050218   0.004584  -0.007965   0.000000 
  0.000000   0.018630  -0.000247   0.000000   0.000000   0.000000   0.000176  -0.042090   0.049952   0.000000   0.012319   0.000000 
  0.000000   0.089432  -0.045792   0.004240   0.000000   0.000000   0.000000   0.070802  -0.045545   0.004240   0.000000   0.000000 
  0.001088   0.104156  -0.077331   0.080214   0.059015  -0.040107   0.001088   0.014724  -0.031539   0.075974   0.059015  -0.040107 
 -0.011113   0.060360  -0.012744  -0.003266   0.065661  -0.009110  -0.012201  -0.043796   0.064587  -0.083480   0.006646   0.030997 
  0.001082   0.130939  -0.023740  -0.000057   0.052368  -0.009110   0.012195   0.070579  -0.010996   0.003209  -0.013293   0.000000 
  0.007217   0.032290   0.048418  -0.033747   0.035008  -0.009053   0.006135  -0.098649   0.072158  -0.033690  -0.017360   0.000057 
  0.010773   0.132152  -0.005550  -0.013350   0.051623  -0.018335   0.003556   0.099862  -0.053968   0.020397   0.016615  -0.009282 
  0.005101   0.128576  -0.011490  -0.035351   0.063541  -0.023205  -0.005672  -0.003576  -0.005940  -0.022001   0.011918  -0.004870 
  0.010124   0.047525   0.009273  -0.029164   0.063484  -0.024236   0.005023  -0.081051   0.020763   0.006187  -0.000057  -0.001031 
  0.013987   0.131383  -0.031145  -0.000057   0.039763  -0.009110   0.003863   0.083858  -0.040418   0.029107  -0.023721   0.015126 
  0.010744   0.100640  -0.019099  -0.028419   0.040050  -0.028018  -0.003243  -0.030743   0.012046  -0.028362   0.000287  -0.018908 
  0.012583   0.053205   0.005182  -0.023377   0.052311  -0.009053   0.001839  -0.047435   0.024281   0.005042   0.012261   0.018965 
  0.000764   0.116677   0.016262  -0.006990   0.040050  -0.021543  -0.011819   0.063472   0.011080   0.016387  -0.012261  -0.012490 
  0.060958  -0.000465   0.265653  -0.107601  -0.030195  -0.085027   0.060194  -0.117142   0.249391  -0.100611  -0.070245  -0.063484 
  0.139226  -0.064490   0.831722   0.226605  -0.196123  -0.136135   0.078268  -0.064025   0.566069   0.334206  -0.165928  -0.051108 
  0.087211   0.453589   0.961167  -0.845743   0.343832   0.097517  -0.052015   0.518079   0.129445  -1.072348   0.539955   0.233652 
  0.036331  -0.227974   1.956369  -2.856195   1.108903   0.508214  -0.050880  -0.681563   0.995202  -2.010452   0.765071   0.410697 
  0.119703  -0.683739   1.281044  -1.781039   0.740319   0.048530   0.083372  -0.455765  -0.675325   1.075156  -0.368584  -0.459684 
  0.238208  -0.498700   1.713286  -1.592593   0.719062  -0.206437   0.118505   0.185039   0.432242   0.188446  -0.021257  -0.254967 
  0.516870  -0.107778   2.447371  -0.863963   0.407087  -0.470169   0.278662   0.390922   0.734085   0.728630  -0.311975  -0.263732 
  0.114418   0.262370   2.367018  -2.363967   0.897023  -0.327617  -0.402452   0.370148  -0.080353  -1.500004   0.489936   0.142552 
  0.080202   0.094653   0.725486  -1.287665   0.633233  -0.132009  -0.034216  -0.167717  -1.641532   1.076302  -0.263790   0.195608 
 -0.051218   0.143922  -0.883840  -0.572098   0.567858   0.007162  -0.131420   0.049269  -1.609326   0.715567  -0.065375   0.139171 
 -0.017800  -0.030030  -0.155919  -0.306131   0.507068  -0.137395   0.033418  -0.173952   0.727921   0.265967  -0.060790  -0.144557 
  0.014217  -0.033761   0.114593  -0.241845   0.316502  -0.110294   0.032017  -0.003731   0.270512   0.064286  -0.190566   0.027101 
  0.095213  -0.247830   1.954428  -0.676319   0.431093  -0.042571   0.080996  -0.214069   1.839835  -0.434474   0.114591   0.067723 
  0.172347  -0.450873   3.289342  -0.884704   0.379585   0.016902   0.077134  -0.203043   1.334914  -0.208385  -0.051508   0.059473 
  0.038046   0.115925   1.518731  -0.915529   0.564192  -0.061364  -0.134301   0.566798  -1.770611  -0.030825   0.184607  -0.078266 
  0.062868   0.028757   1.186011  -0.414592   0.410123  -0.147709   0.024822  -0.087168  -0.332720   0.500937  -0.154069  -0.086345 
  0.122562  -0.207462   2.076258  -0.196582   0.252560  -0.071906   0.059694  -0.236219   0.890247   0.218010  -0.157563   0.075803 
  0.100774  -0.029211   2.352352  -0.337701   0.203629  -0.022460  -0.021788   0.178251   0.276094  -0.141119  -0.048931   0.049446 
  0.121043  -0.130722   2.971637  -0.551644   0.209817  -0.025611   0.020269  -0.101511   0.619285  -0.213943   0.006188  -0.003151 
  0.134678   0.004730   2.587278  -0.410753   0.298912  -0.100497   0.013635   0.135452  -0.384359   0.140891   0.089095  -0.074886 
  0.112072   0.043683   2.206720  -0.624352   0.371850  -0.095226  -0.022606   0.038953  -0.380558  -0.213599   0.072938   0.005271 
  0.114684  -0.054504   2.033813  -0.580062   0.424046  -0.096773   0.002612  -0.098187  -0.172907   0.044290   0.052196  -0.001547 
  0.092019  -0.065512   1.975167  -0.579318   0.392820  -0.063083  -0.022665  -0.011008  -0.058646   0.000744  -0.031226   0.033690 
  0.112090  -0.039894   1.929940  -0.619883   0.405597  -0.101127   0.020071   0.025618  -0.045227  -0.040565   0.012777  -0.038044 
 -0.007631  -0.025756   1.450069  -0.715338   0.642057  -0.096944  -0.119721   0.014138  -0.479871  -0.095455   0.236460   0.004183 
  0.035181  -0.169659   1.742732  -0.850613   0.504719  -0.098148   0.042812  -0.143903   0.292663  -0.135275  -0.137338  -0.001204 
  0.066626  -0.137252   2.027139  -0.419921   0.373740  -0.105596   0.031445   0.032407   0.284407   0.430692  -0.130979  -0.007448 
  0.131964  -0.216133   2.472854   0.254565   0.529184   0.212739   0.065338  -0.078881   0.445715   0.674486   0.155444   0.318335 
  0.096185   0.016430   2.365191   1.555981   0.407717   0.285906  -0.035779   0.232563  -0.107663   1.301416  -0.121467   0.073167 
  0.364590   0.123450   3.219755   2.054340   0.258633   0.622977   0.268405   0.107020   0.854564   0.498359  -0.149084   0.337071 
  0.455951   0.710587   3.170250   3.418954   0.252674   0.512625   0.091361   0.587137  -0.049505   1.364614  -0.005959  -0.110352 
  0.758156   0.732093   2.911680   5.030398  -0.477847   0.769597   0.302205   0.021506  -0.258570   1.611444  -0.730521   0.256972 
  0.853650   0.650457   1.931536   6.133742  -0.941943   0.683825   0.095494  -0.081636  -0.980144   1.103344  -0.464096  -0.085772 
  0.620648   0.927527   1.012380   6.748984  -1.138238   0.541445  -0.233002   0.277070  -0.919156   0.615242  -0.196295  -0.142380 
  0.582589   0.917028   0.599286   6.568617  -1.018375   0.449485  -0.038059  -0.010499  -0.413094  -0.180367   0.119863  -0.091960 
  0.512225   0.798042   0.764363   5.964548  -0.783061   0.333748  -0.070364  -0.118986   0.165077  -0.604069   0.235314  -0.115737 
  0.425599   1.329134   0.700931   4.624686  -0.593126  -0.057926  -0.086626   0.531092  -0.063432  -1.339862   0.189935  -0.391674 
  0.483297   0.690553   1.696589   2.614807  -0.535830  -0.060275   0.057698  -0.638581   0.995658  -2.009879   0.057296  -0.002349 
  0.830107  -0.241080   4.777553   1.503613  -0.551816   0.224370   0.346810  -0.931633   3.080964  -1.111194  -0.015986   0.284645 
  1.104545  -0.263407   6.431825   0.389497  -0.986404   0.307105   0.274438  -0.022327   1.654272  -1.114116  -0.434588   0.082735 
  0.465122   0.638565   2.874114   0.647213  -0.403190   0.174466  -0.639423   0.901972  -3.557711   0.257716   0.583214  -0.132639 
  0.362391  -0.095299   3.112576   0.367037  -0.199618   0.154584  -0.102731  -0.733864   0.238462  -0.280176   0.203572  -0.019882 
  0.343425  -0.372566   4.347545   0.151777  -0.059129   0.173148  -0.018966  -0.277267   1.234969  -0.215260   0.140489   0.018564 
  0.412221  -0.256556   3.898981   0.389611  -0.234626   0.199905   0.068796   0.116010  -0.448564   0.237834  -0.175497   0.026757 
  0.364424  -0.111409   3.075005   0.425020  -0.426051   0.212625  -0.047797   0.145147  -0.823976   0.035409  -0.191425   0.012720 
  0.382102  -0.129910   3.031185   0.423874  -0.493947   0.234340   0.017678  -0.018501  -0.043820  -0.001146  -0.067896   0.021715 
  0.379349  -0.114099   2.963993   0.446048  -0.510677   0.221276  -0.002753   0.015811  -0.067192   0.022174  -0.016730  -0.013064 
  0.341392  -0.057587   2.461441   0.323836  -0.279947   0.128514  -0.037957   0.056512  -0.502552  -0.122212   0.230730  -0.092762 
  0.350542  -0.232991   2.620301   0.289516  -0.252101   0.131207   0.009150  -0.175404   0.158860  -0.034320   0.027846   0.002693 
  0.448284  -0.360469   3.204963   0.458252  -0.438026   0.199389   0.097742  -0.127478   0.584662   0.168736  -0.185925   0.068182 
  0.343248   0.177086   3.429854  -0.005901  -0.070015  -0.007735  -0.105036   0.537555   0.224891  -0.464153   0.368011  -0.207124 
  0.306799   2.773592   4.498700   2.176839  -0.056952   0.037815  -0.036449   2.596506   1.068846   2.182740   0.013063   0.045550 
  0.175718   2.007624   3.910143   2.549777  -0.290490   0.128629  -0.131081  -0.765968  -0.588557   0.372938  -0.233538   0.090814 
  0.222489   0.582851   4.183888   1.507738  -0.804490   0.321487   0.046771  -1.424773   0.273745  -1.042039  -0.514000   0.192858 
  0.265839   0.319147   4.446656   1.342669  -1.025365   0.372594   0.043350  -0.263704   0.262768  -0.165069  -0.220875   0.051107 
  0.203080   0.147193   4.899271   0.933577  -0.606877   0.337415  -0.062759  -0.171954   0.452615  -0.409092   0.418488  -0.035179 
  0.117567   0.506387   3.083317   1.138238  -0.757909   0.297938  -0.085513   0.359194  -1.815954   0.204661  -0.151032  -0.039477 
  0.066228   0.289190   2.422077   1.284858  -0.939078   0.390585  -0.051339  -0.217197  -0.661240   0.146620  -0.181169   0.092647 
  0.023683   0.297996   2.319589   1.284858  -0.875021   0.408691  -0.042545   0.008806  -0.102488   0.000000   0.064057   0.018106 
  0.043828   0.178087   3.191382   1.248933  -0.888199   0.491942   0.020145  -0.119909   0.871793  -0.035925  -0.013178   0.083251 
 -0.043947   0.025012   3.821653   1.525615  -0.657756   0.584245  -0.087775  -0.153075   0.630271   0.276682   0.230443   0.092303 
  0.015431  -0.100140   3.582608   1.754053  -0.754757   0.570895   0.059378  -0.125152  -0.239045   0.228438  -0.097001  -0.013350 
  0.430047  -0.232899   5.958372   0.235085  -0.791656   0.627331   0.414616  -0.132759   2.375764  -1.518968  -0.036899   0.056436 
  0.505871  -1.157809   8.675030  -0.827638   0.094825   0.792401   0.075824  -0.924910   2.716658  -1.062723   0.886481   0.165070 
  0.525960  -0.727237   8.194040  -0.946240   0.074886   0.686575   0.020089   0.430572  -0.480990  -0.118602  -0.019939  -0.105826 
  0.945186  -0.569235   6.860273  -0.802141  -0.448741   0.429260   0.419226   0.158002  -1.333767   0.144099  -0.523627  -0.257315 
  0.394201  -0.684885   6.765732  -0.101929  -0.002521   0.809647  -0.550985  -0.115650  -0.094541   0.700212   0.446220   0.380387 
 -0.035369   0.309549   2.259902  -0.448454   0.019767   0.334894  -0.429570   0.994434  -4.505830  -0.346525   0.022288  -0.474753 
 -0.207423  -0.352159   4.599899  -0.124389  -0.268660   0.083766  -0.172054  -0.661708   2.339997   0.324065  -0.288427  -0.251128 
 -0.111911  -0.202300   4.721766  -0.066578  -0.331227   0.110294   0.095512   0.149859   0.121867   0.057811  -0.062567   0.026528 
 -0.231619  -0.165496   4.360884  -0.108690  -0.037414   0.089267  -0.119708   0.036804  -0.360882  -0.042112   0.293813  -0.021027 
 -0.360339  -0.107491   3.555272  -0.007792  -0.020741   0.172403  -0.128720   0.058005  -0.805612   0.100898   0.016673   0.083136 
 -0.233143  -0.212379   3.518269   0.091158  -0.188274   0.273874   0.127196  -0.104888  -0.037003   0.098950  -0.167533   0.101471 
 -0.207026  -0.171183   3.349246   0.208614  -0.303782   0.287166   0.026117   0.041196  -0.169023   0.117456  -0.115508   0.013292 
 -0.196313  -0.160652   3.271611   0.244997  -0.325669   0.274389   0.010713   0.010531  -0.077635   0.036383  -0.021887  -0.012777 
 -0.199332  -0.167497   3.243149   0.286250  -0.348072   0.283958  -0.003019  -0.006845  -0.028462   0.041253  -0.022403   0.009569 
 -0.259083  -0.150113   3.079511   0.531246  -0.254680   0.270837  -0.059751   0.017384  -0.163638   0.244996   0.093392  -0.013121 
 -0.215411  -0.131331   3.045295   0.576224  -0.219787   0.349733   0.043672   0.018782  -0.034216   0.044978   0.034893   0.078896 
 -0.206891  -0.145380   3.037736   0.535257  -0.357755   0.404508   0.008520  -0.014049  -0.007559  -0.040967  -0.137968   0.054775 
 -0.195393  -0.117298   3.013467   0.523741  -0.399982   0.344806   0.011498   0.028082  -0.024269  -0.011516  -0.042227  -0.059702 
 -0.195890  -0.084446   2.986799   0.641541  -0.453897   0.369959  -0.000497   0.032852  -0.026668   0.117800  -0.053915   0.025153 
 -0.203962  -0.102465   2.990653   0.615185  -0.421353   0.358843  -0.008072  -0.018019   0.003854  -0.026356   0.032544  -0.011116 
 -0.204287  -0.142709   2.978481   0.541101  -0.441178   0.358901  -0.000325  -0.040244  -0.012172  -0.074084  -0.019825   0.000058 
 -0.217043  -0.148361   2.933738   0.486040  -0.420265   0.377980  -0.012756  -0.005652  -0.044743  -0.055061   0.020913   0.019079 
 -0.206661  -0.050620   2.926052   0.513599  -0.371678   0.306246   0.010382   0.097741  -0.007686   0.027559   0.048587  -0.071734 
 -0.206507  -0.074470   2.938818   0.552446  -0.384512   0.324695   0.000154  -0.023850   0.012766   0.038847  -0.012834   0.018449 
 -0.213230  -0.129315   2.936525   0.550269  -0.362109   0.313580  -0.006723  -0.054845  -0.002293  -0.002177   0.022403  -0.011115 
 -0.226618  -0.138286   2.900150   0.517324  -0.327445   0.337988  -0.013388  -0.008971  -0.036375  -0.032945   0.034664   0.024408 
 -0.207212  -0.061981   2.861410   0.511823  -0.348301   0.289000   0.019406   0.076305  -0.038740  -0.005501  -0.020856  -0.048988 
 -0.215193  -0.065152   2.858405   0.569577  -0.343030   0.286250  -0.007981  -0.003171  -0.003005   0.057754   0.005271  -0.002750 
 -0.215030  -0.095128   2.873497   0.531877  -0.350192   0.306991   0.000163  -0.029976   0.015092  -0.037700  -0.007162   0.020741 
 -0.222285  -0.113492   2.872638   0.533538  -0.369787   0.337644  -0.007255  -0.018364  -0.000859   0.001661  -0.019595   0.030653 
 -0.207134  -0.147049   2.831139   0.500937  -0.346124   0.326357   0.015151  -0.033557  -0.041499  -0.032601   0.023663  -0.011287 
 -0.212792  -0.067929   2.770827   0.440032  -0.347728   0.307736  -0.005658   0.079120  -0.060312  -0.060905  -0.001604  -0.018621 
 -0.207139  -0.026609   2.762396   0.525918  -0.346468   0.284817   0.005653   0.041320  -0.008431   0.085886   0.001260  -0.022919 
 -0.217791  -0.095846   2.763797   0.526434  -0.409608   0.302464  -0.010652  -0.069237   0.001401   0.000516  -0.063140   0.017647 
 -0.220682  -0.095940   2.705907   0.520532  -0.460257   0.311173  -0.002891  -0.000094  -0.057890  -0.005902  -0.050649   0.008709 
 -0.245477   0.054925   2.296915   0.574963  -0.402503   0.306361  -0.024795   0.150865  -0.408992   0.054431   0.057754  -0.004812 
 -0.228638  -0.109490   2.577287   0.540242  -0.407545   0.314210   0.016839  -0.164415   0.280372  -0.034721  -0.005042   0.007849 
 -0.176193  -0.082708   2.593513   0.764097  -0.482774   0.230673   0.052445   0.026782   0.016226   0.223855  -0.075229  -0.083537 
 -0.126958  -0.026129   3.040884   0.674314  -0.476472   0.231933   0.049235   0.056579   0.447371  -0.089783   0.006302   0.001260 
 -0.135131  -0.085068   2.916658   0.588428  -0.434417   0.270723  -0.008173  -0.058939  -0.124226  -0.085886   0.042055   0.038790 
 -0.194133  -0.005855   2.340386   0.564249  -0.430979   0.297193  -0.059002   0.079213  -0.576272  -0.024179   0.003438   0.026470 
 -0.177910   0.044331   2.269024   0.878745  -0.475956   0.307449   0.016223   0.050186  -0.071362   0.314496  -0.044977   0.010256 
 -0.153631  -0.028386   2.527544   0.681018  -0.427713   0.352541   0.024279  -0.072717   0.258520  -0.197727   0.048243   0.045092 
 -0.164074  -0.092266   2.674102   0.262472  -0.494291   0.295532  -0.010443  -0.063880   0.146558  -0.418546  -0.066578  -0.057009 
 -0.225916  -0.243963   3.067296  -0.439631  -0.357125   0.390872  -0.061842  -0.151697   0.393194  -0.702103   0.137166   0.095340 
 -0.082172  -0.383954   4.204702  -1.497712  -0.159626   0.466273   0.143744  -0.139991   1.137406  -1.058081   0.197499   0.075401 
 -0.013048  -0.104960   4.743722  -1.640206  -0.187930   0.490968   0.069124   0.278994   0.539020  -0.142494  -0.028304   0.024695 
 -0.047834  -0.191330   4.667948  -1.546241  -0.321315   0.553821  -0.034786  -0.086370  -0.075774   0.093965  -0.133385   0.062853 
 -0.025405  -0.284513   4.488792  -1.419618  -0.336326   0.560696   0.022429  -0.093183  -0.179156   0.126623  -0.015011   0.006875 
 -0.036643  -0.183890   4.515421  -1.350347  -0.339076   0.518355  -0.011238   0.100623   0.026629   0.069271  -0.002750  -0.042341 
 -0.032041  -0.126596   4.532796  -1.268242  -0.371162   0.511078   0.004602   0.057294   0.017375   0.082105  -0.032086  -0.007277 
 -0.018100  -0.276595   4.370269  -1.177486  -0.426281   0.548492   0.013941  -0.149999  -0.162527   0.090756  -0.055119   0.037414 
 -0.779488  -0.047273   3.322861  -0.338905  -0.037242   0.313236  -0.761388   0.229322  -1.047408   0.838581   0.389039  -0.235256 
 -2.297662   0.242581   1.112095   1.785680   2.302488  -0.186326  -1.518174   0.289854  -2.210766   2.124585   2.339730  -0.499562 
  2.363151   0.067942   0.569443   1.872827  -1.409075  -0.484207   4.660813  -0.174639  -0.542652   0.087147  -3.711563  -0.297881 
  0.202745   0.467062   0.639778   1.108100   0.767821  -0.732068  -2.160406   0.399120   0.070335  -0.764727   2.176896  -0.247861 
  0.098775   0.244489   0.765122   0.797729   0.572328  -0.838237  -0.103970  -0.222573   0.125344  -0.310371  -0.195493  -0.106169 
  0.204758   0.389504   0.061297   1.165969   0.251930  -0.798130   0.105983   0.145015  -0.703825   0.368240  -0.320398   0.040107 
  0.279997   0.026565   1.286525   0.705483   0.139802  -0.694654   0.075239  -0.362939   1.225228  -0.460486  -0.112128   0.103476 
  0.440761  -0.166365   3.393102   0.473378  -0.033174  -0.636155   0.160764  -0.192930   2.106577  -0.232105  -0.172976   0.058499 
  0.622296  -0.491651   5.954696  -0.185180  -0.076433  -0.587282   0.181535  -0.325286   2.561594  -0.658558  -0.043259   0.048873 
  0.615218  -0.008511   4.626835  -0.001662  -0.149771  -0.534340  -0.007078   0.483140  -1.327861   0.183518  -0.073338   0.052942 
  0.619312  -0.053576   4.705530  -0.127369  -0.222480  -0.458595   0.004094  -0.045065   0.078695  -0.125707  -0.072709   0.075745 
  0.564578   0.298950   2.701546  -0.111727  -0.043946  -0.569004  -0.054734   0.352526  -2.003984   0.015642   0.178534  -0.110409 
  0.477371  -0.175648   3.616839  -0.005844  -0.158136  -0.432411  -0.087207  -0.474598   0.915293   0.105883  -0.114190   0.136593 
  0.442409  -0.015568   3.211857   0.301433  -0.282984  -0.464210  -0.034962   0.160080  -0.404982   0.307277  -0.124848  -0.031799 
  0.428504   0.049703   2.744167   0.434187  -0.281723  -0.563160  -0.013905   0.065271  -0.467690   0.132754   0.001261  -0.098950 
  0.458979  -0.016946   2.784366   0.517381  -0.294901  -0.527121   0.030475  -0.066649   0.040199   0.083194  -0.013178   0.036039 
  0.443019  -0.108046   2.920075   0.297881  -0.303152  -0.491942  -0.015960  -0.091100   0.135709  -0.219500  -0.008251   0.035179 
  0.300642  -0.367935   3.360343  -1.532949  -0.035409  -0.162720  -0.142377  -0.259889   0.440268  -1.830830   0.267743   0.329222 
  0.317493  -0.631324   3.536145  -2.343340  -0.169710  -0.033805   0.016851  -0.263389   0.175802  -0.810391  -0.134301   0.128915 
  0.404509  -1.243287   4.628929  -2.238546  -0.191196  -0.079870   0.087016  -0.611963   1.092784   0.104794  -0.021486  -0.046065 
  0.300054  -1.034019   4.160476  -1.207337  -0.265451  -0.217552  -0.104455   0.209268  -0.468453   1.031209  -0.074255  -0.137682 
  0.242764  -0.767623   3.679351  -0.613810  -0.287625  -0.228954  -0.057290   0.266396  -0.481125   0.593527  -0.022174  -0.011402 
  0.320952  -0.281035   3.276109  -0.207411  -0.331800  -0.119576   0.078188   0.486588  -0.403242   0.406399  -0.044175   0.109378 
  0.357918   0.050158   2.200330   0.183518  -0.685028  -0.107716   0.036966   0.331193  -1.075779   0.390929  -0.353228   0.011860 
  0.285945  -0.050662   2.071154  -0.196639  -0.621717  -0.138713  -0.071973  -0.100820  -0.129176  -0.380157   0.063311  -0.030997 
  0.199620  -0.129395   1.953187  -0.445417  -0.463466  -0.116310  -0.086325  -0.078733  -0.117967  -0.248778   0.158251   0.022403 
  0.246244  -0.175590   1.836439  -0.430005  -0.589975  -0.073912   0.046624  -0.046195  -0.116748   0.015412  -0.126509   0.042398 
  0.271448  -0.176687   1.815897  -0.290948  -0.721297  -0.091673   0.025204  -0.001097  -0.020542   0.139057  -0.131322  -0.017761 
  0.273015  -0.147228   1.856509  -0.226204  -0.707889  -0.061708   0.001567   0.029459   0.040612   0.064744   0.013408   0.029965 
  0.322564  -0.180804   2.543658  -0.071047  -0.597595  -0.023491   0.049549  -0.033576   0.687149   0.155157   0.110294   0.038217 
  0.384608  -0.159041   2.755012  -0.000573  -0.757164  -0.013522   0.062044   0.021763   0.211354   0.070474  -0.159569   0.009969 
  0.382420  -0.086341   2.662426   0.021772  -0.771144  -0.017991  -0.002188   0.072700  -0.092586   0.022345  -0.013980  -0.004469 
  0.274354  -0.009903   2.520420   0.226949  -0.639249  -0.012548  -0.108066   0.076438  -0.142006   0.205177   0.131895   0.005443 
  0.277201  -0.102499   2.531927   0.210619  -0.779223  -0.044805   0.002847  -0.092596   0.011507  -0.016330  -0.139974  -0.032257 
  0.288944  -0.108299   2.589183   0.094939  -0.742668  -0.024351   0.011743  -0.005800   0.057256  -0.115680   0.036555   0.020454 
  0.277933  -0.041947   2.495582   0.059931  -0.643833  -0.022632  -0.011011   0.066352  -0.093601  -0.035008   0.098835   0.001719 
  0.287844  -0.053362   2.495463   0.086459  -0.684742  -0.022632   0.009911  -0.011415  -0.000119   0.026528  -0.040909   0.000000 
  0.293584  -0.092194   2.514654   0.037414  -0.695456  -0.029106   0.005740  -0.038832   0.019191  -0.049045  -0.010714  -0.006474 
  0.320825  -0.119393   2.494295   0.058671  -0.761919  -0.025325   0.027241  -0.027199  -0.020359   0.021257  -0.066463   0.003781 
  0.316018  -0.073900   2.496909   0.081876  -0.740605  -0.030080  -0.004807   0.045493   0.002614   0.023205   0.021314  -0.004755 
  0.308300  -0.065728   2.462755   0.102846  -0.692649  -0.035810  -0.007718   0.008172  -0.034154   0.020970   0.047956  -0.005730 
  0.320387  -0.124006   2.482779   0.061135  -0.740548  -0.021429   0.012087  -0.058278   0.020024  -0.041711  -0.047899   0.014381 
  0.331207   0.012215   2.362554   0.171372  -0.844826  -0.025153   0.010820   0.136221  -0.120225   0.110237  -0.104278  -0.003724 
  0.348966  -0.045387   2.592238   0.007850  -0.781056  -0.021429   0.017759  -0.057602   0.229684  -0.163522   0.063770   0.003724 
  0.380102  -0.146788   2.692346  -0.029565  -0.838065   0.002578   0.031136  -0.101401   0.100108  -0.037415  -0.057009   0.024007 
  0.411339  -0.062148   2.772469   0.327388  -0.884246  -0.054431   0.031237   0.084640   0.080123   0.356953  -0.046181  -0.057009 
  0.383846   0.030935   2.699645   0.416082  -0.952141  -0.051108  -0.027493   0.093083  -0.072824   0.088694  -0.067895   0.003323 
  0.375052   0.051846   2.438325   0.163408  -1.041236   0.021887  -0.008794   0.020911  -0.261320  -0.252674  -0.089095   0.072995 
  0.375475  -0.043101   2.427006   0.201796  -1.045419   0.019538   0.000423  -0.094947  -0.011319   0.038388  -0.004183  -0.002349 
  0.395817  -0.084151   2.529434   0.220531  -1.093375   0.030367   0.020342  -0.041050   0.102428   0.018735  -0.047956   0.010829 
  0.388212  -0.002118   2.477815   0.226662  -1.076072   0.028591  -0.007605   0.082033  -0.051619   0.006131   0.017303  -0.001776 
  0.393104  -0.027689   2.481066   0.194405  -1.044846   0.019481   0.004892  -0.025571   0.003251  -0.032257   0.031226  -0.009110 
  0.380501  -0.085890   2.484237   0.198072  -1.050346   0.043946  -0.012603  -0.058201   0.003171   0.003667  -0.005500   0.024465 
  0.384843  -0.016317   2.392908   0.237606  -1.050633   0.019481   0.004342   0.069573  -0.091329   0.039534  -0.000287  -0.024465 
  0.360932  -0.094525   2.657771  -0.017762  -0.836633  -0.015584  -0.023911  -0.078208   0.264863  -0.255368   0.214000  -0.035065 
  0.352389  -0.149874   2.517198   0.144844  -0.729662   0.101815  -0.008543  -0.055349  -0.140573   0.162606   0.106971   0.117399 
  0.354958  -0.051229   2.506527   0.160428  -0.826721   0.065317   0.002569   0.098645  -0.010671   0.015584  -0.097059  -0.036498 
  0.347481  -0.037525   2.533651   0.097116  -0.744902   0.046467  -0.007477   0.013704   0.027124  -0.063312   0.081819  -0.018850 
  0.348023  -0.127879   2.508472   0.097116  -0.768050   0.047441   0.000542  -0.090354  -0.025179   0.000000  -0.023148   0.000974 
  0.348105  -0.100216   2.490356   0.097116  -0.778191   0.047269   0.000082   0.027663  -0.018116   0.000000  -0.010141  -0.000172 
  0.396697   0.008700   2.484613   0.175096  -0.955751   0.013579   0.048592   0.108916  -0.005743   0.077980  -0.177560  -0.033690 
  0.385986  -0.081328   2.509224   0.211708  -0.909685   0.000286  -0.010711  -0.090028   0.024611   0.036612   0.046066  -0.013293 
  0.394966  -0.133438   2.713431   0.232850  -0.918566   0.027846   0.008980  -0.052110   0.204207   0.021142  -0.008881   0.027560 
  0.388896  -0.062288   2.843721   0.344978  -0.937359   0.045378  -0.006070   0.071150   0.130290   0.112128  -0.018793   0.017532 
  0.539253   0.027715   2.513851   0.730693  -1.385183   0.067838   0.150357   0.090003  -0.329870   0.385715  -0.447824   0.022460 
  0.435978  -0.046070   2.513157   0.429145  -1.178861   0.033174  -0.103275  -0.073785  -0.000694  -0.301548   0.206322  -0.034664 
  0.415269  -0.031679   2.530188   0.376491  -1.110679   0.025153  -0.020709   0.014391   0.017031  -0.052654   0.068182  -0.008021 
  0.429455  -0.062298   2.622151   0.393851  -1.137894   0.030138   0.014186  -0.030619   0.091963   0.017360  -0.027215   0.004985 
  0.467452  -0.086281   2.976316   0.402904  -1.198055   0.054488   0.037997  -0.023983   0.354165   0.009053  -0.060161   0.024350 
  0.489741  -0.020428   2.976835   0.335811  -1.152447   0.021715   0.022289   0.065853   0.000519  -0.067093   0.045608  -0.032773 
  0.501423  -0.027465   2.946364   0.218469  -1.100423   0.005329   0.011682  -0.007037  -0.030471  -0.117342   0.052024  -0.016386 
  0.492621   0.042694   2.994943  -0.031856  -1.028115   0.005901  -0.008802   0.070159   0.048579  -0.250325   0.072308   0.000572 
  0.409356  -0.053468   2.860222  -0.104393  -1.036824   0.202827  -0.083265  -0.096162  -0.134721  -0.072537  -0.008709   0.196926 
  0.344365  -0.130985   2.539702   0.035409  -0.926530   0.076031  -0.064991  -0.077517  -0.320520   0.139802   0.110294  -0.126796 
  0.400838  -0.123908   2.903163  -0.164783  -1.026511   0.158652   0.056473   0.007077   0.363461  -0.200192  -0.099981   0.082621 
  0.456891  -0.210927   3.416482  -0.100955  -1.142592   0.122957   0.056053  -0.087019   0.513319   0.063828  -0.116081  -0.035695 
  0.444593  -0.084888   3.217988  -0.046238  -1.128899   0.111555  -0.012298   0.126039  -0.198494   0.054717   0.013693  -0.011402 
  0.418510  -0.043394   3.023480   0.039591  -1.075728   0.105023  -0.026083   0.041494  -0.194508   0.085829   0.053171  -0.006532 
  0.418034  -0.089750   2.954267   0.063255  -1.120705   0.096543  -0.000476  -0.046356  -0.069213   0.023664  -0.044977  -0.008480 
  0.419298  -0.106802   2.838248   0.067494  -1.125175   0.061192   0.001264  -0.017052  -0.116019   0.004239  -0.004470  -0.035351 
  0.393839   0.026044   2.661159   0.121066  -1.068280   0.065031  -0.025459   0.132846  -0.177089   0.053572   0.056895   0.003839 
  0.383107  -0.025809   2.529955   0.112128  -1.058654   0.040336  -0.010732  -0.051853  -0.131204  -0.008938   0.009626  -0.024695 
  0.388158  -0.080350   2.516272   0.014324  -1.062321   0.071391   0.005051  -0.054541  -0.013683  -0.097804  -0.003667   0.031055 
  0.377277  -0.010679   2.482766   0.071849  -1.032069   0.064744  -0.010881   0.069671  -0.033506   0.057525   0.030252  -0.006647 
  0.373612  -0.050554   2.523051   0.101700  -1.042554   0.056322  -0.003665  -0.039875   0.040285   0.029851  -0.010485  -0.008422 
  0.377017  -0.107966   2.574151   0.093679  -1.015510   0.063885   0.003405  -0.057412   0.051100  -0.008021   0.027044   0.007563 
  0.372036  -0.018335   2.524948   0.105424  -1.043242   0.073109  -0.004981   0.089631  -0.049203   0.011745  -0.027732   0.009224 
  0.372618  -0.024733   2.484345   0.141521  -1.064899   0.061249   0.000582  -0.006398  -0.040603   0.036097  -0.021657  -0.011860 
  0.372257  -0.082414   2.517440   0.141521  -1.050862   0.071047  -0.000361  -0.057681   0.033095   0.000000   0.014037   0.009798 
  0.360446  -0.030743   2.475577   0.149026  -1.059571   0.051509  -0.011811   0.051671  -0.041863   0.007505  -0.008709  -0.019538 
  0.362702  -0.036742   2.458310   0.182372  -1.064097   0.062109   0.002256  -0.005999  -0.017267   0.033346  -0.004526   0.010600 
  0.371586  -0.101535   2.560017   0.133556  -1.026568   0.044003   0.008884  -0.064793   0.101707  -0.048816   0.037529  -0.018106 
  0.398910  -0.081737   2.656778   0.259263  -1.068681   0.020397   0.027324   0.019798   0.096761   0.125707  -0.042113  -0.023606 
  0.366876   0.016405   2.756326  -0.017361  -0.849295   0.097861  -0.032034   0.098142   0.099548  -0.276624   0.219386   0.077464 
  0.432693  -0.051347   2.835840   0.228610  -0.932088   0.093965   0.065817  -0.067752   0.079514   0.245971  -0.082793  -0.003896 
  0.432904  -0.034657   2.806568   0.218526  -1.043471   0.092934   0.000211   0.016690  -0.029272  -0.010084  -0.111383  -0.001031 
  0.427505  -0.042013   2.757323   0.231188  -1.054013   0.108404  -0.005399  -0.007356  -0.049245   0.012662  -0.010542   0.015470 
  0.428293  -0.021339   2.732858   0.225917  -1.060087   0.113732   0.000788   0.020674  -0.024465  -0.005271  -0.006074   0.005328 
  0.437888  -0.026818   2.668953   0.194519  -1.225900   0.165184   0.009595  -0.005479  -0.063905  -0.031398  -0.165813   0.051452 
  0.408980   0.015782   2.565571   0.306074  -1.268643   0.132582  -0.028908   0.042600  -0.103382   0.111555  -0.042743  -0.032602 
  0.377362   0.049533   2.304391   1.159781  -1.016198   0.236918  -0.031618   0.033751  -0.261180   0.853707   0.252445   0.104336 
  0.358462  -0.056429   2.635733   0.221162  -1.125404   0.132697  -0.018900  -0.105962   0.331342  -0.938619  -0.109206  -0.104221 
  0.370322  -0.036017   2.658923   0.171142  -1.090281   0.137854   0.011860   0.020412   0.023190  -0.050020   0.035123   0.005157 
  0.351283   0.011573   2.540621   0.285390  -1.140644   0.091960  -0.019039   0.047590  -0.118302   0.114248  -0.050363  -0.045894 
  0.353526  -0.005582   2.445020   0.286995  -1.057680   0.068870   0.002243  -0.017155  -0.095601   0.001605   0.082964  -0.023090 
  0.361648   0.006152   2.362075   0.276108  -1.096011   0.112815   0.008122   0.011734  -0.082945  -0.010887  -0.038331   0.043945 
  0.347701  -0.018826   2.267510   0.076948  -1.126091   0.152407  -0.013947  -0.024978  -0.094565  -0.199160  -0.030080   0.039592 
  0.349560  -0.014367   2.233596  -0.034091  -1.218853   0.173434   0.001859   0.004459  -0.033914  -0.111039  -0.092762   0.021027 
  0.301589  -0.000277   1.976827  -0.068182  -1.094063   0.103705  -0.047971   0.014090  -0.256769  -0.034091   0.124790  -0.069729 
  0.274321   0.017722   1.912676   0.051910  -1.125805   0.066406  -0.027268   0.017999  -0.064151   0.120092  -0.031742  -0.037299 
  0.289569  -0.061486   1.929947  -0.002521  -0.989670   0.080443   0.015248  -0.079208   0.017271  -0.054431   0.136135   0.014037 
  0.354582  -0.203333   2.463224   0.111268  -1.076989   0.110810   0.065013  -0.141847   0.533277   0.113789  -0.087319   0.030367 
  0.364973   0.062084   2.347783   0.499161  -1.128784   0.107487   0.010391   0.265417  -0.115441   0.387893  -0.051795  -0.003323 
  0.368989   0.158142   2.267734   0.724104  -1.162359   0.078151   0.004016   0.096058  -0.080049   0.224943  -0.033575  -0.029336 
  0.354373   0.106255   2.370311   0.526892  -1.081744   0.074771  -0.014616  -0.051887   0.102577  -0.197212   0.080615  -0.003380 
  0.340674   0.078547   2.394606   0.339191  -1.085927   0.078151  -0.013699  -0.027708   0.024295  -0.187701  -0.004183   0.003380 
  0.311036   0.113831   2.034080   0.250841  -1.059857   0.057811  -0.029638   0.035284  -0.360526  -0.088350   0.026070  -0.020340 
  0.292137   0.144805   1.857017   0.170684  -1.046336   0.046983  -0.018899   0.030974  -0.177063  -0.080157   0.013521  -0.010828 
  0.298363   0.062400   1.827467   0.165871  -0.993853  -0.009568   0.006226  -0.082405  -0.029550  -0.004813   0.052483  -0.056551 
  0.371245  -0.128164   2.465829   0.246085  -0.931629  -0.037242   0.072882  -0.190564   0.638362   0.080214   0.062224  -0.027674 
  0.370605   0.037724   2.469644   0.158022  -0.886308   0.006016  -0.000640   0.165888   0.003815  -0.088063   0.045321   0.043258 
  0.362557   0.047976   2.440503   0.190337  -0.970304   0.000573  -0.008048   0.010252  -0.029141   0.032315  -0.083996  -0.005443 
  0.351422   0.024748   2.400657   0.157162  -0.995801   0.035982  -0.011135  -0.023228  -0.039846  -0.033175  -0.025497   0.035409 
  0.348577  -0.011067   2.376633   0.326643  -0.850728   0.023205  -0.002845  -0.035815  -0.024024   0.169481   0.145073  -0.012777 
  0.310398  -0.003334   2.445302   0.375058  -0.793776   0.066635  -0.038179   0.007733   0.068669   0.048415   0.056952   0.043430 
  0.487320   0.095127   2.348331   0.396028  -1.202295   0.057468   0.176922   0.098461  -0.096971   0.020970  -0.408519  -0.009167 
  0.455679  -0.122349   2.891788   0.124561  -1.082088   0.113102  -0.031641  -0.217476   0.543457  -0.271467   0.120207   0.055634 
  0.405808   0.019387   2.581248  -0.148740  -0.885678   0.053572  -0.049871   0.141736  -0.310540  -0.273301   0.196410  -0.059530 
  0.410318   0.055789   2.754674   1.142707  -1.250309  -0.087777   0.004510   0.036402   0.173426   1.291447  -0.364631  -0.141349 
  0.512841   0.095104   3.115340   0.657011  -1.389938   0.045951   0.102523   0.039315   0.360666  -0.485696  -0.139629   0.133728 
  0.495755   0.164675   3.006386   0.616560  -1.341581   0.038388  -0.017086   0.069571  -0.108954  -0.040451   0.048357  -0.007563 
  0.457124   0.144587   2.787964   0.584073  -1.351665   0.042628  -0.038631  -0.020088  -0.218422  -0.032487  -0.010084   0.004240 
  0.476635   0.053859   2.793051   0.569004  -1.424087   0.036096   0.019511  -0.090728   0.005087  -0.015069  -0.072422  -0.006532 
  0.494869  -0.029345   3.016272   0.445016  -1.429415   0.083595   0.018234  -0.083204   0.223221  -0.123988  -0.005328   0.047499 
  0.493270   0.131718   3.000367   0.466044  -1.374812   0.062510  -0.001599   0.161063  -0.015905   0.021028   0.054603  -0.021085 
  0.477876   0.103406   2.971934   0.399122  -1.347196   0.061478  -0.015394  -0.028312  -0.028433  -0.066922   0.027616  -0.001032 
  0.477526   0.097476   2.964435   0.376204  -1.378479   0.035065  -0.000350  -0.005930  -0.007499  -0.022918  -0.031283  -0.026413 
  0.480627   0.085600   2.990590   0.415795  -1.368968   0.033747   0.003101  -0.011876   0.026155   0.039591   0.009511  -0.001318 
  0.460363   0.065338   2.916979   0.418718  -1.327486   0.014439  -0.020264  -0.020262  -0.073611   0.002923   0.041482  -0.019308 
  0.460028   0.069945   2.637688   0.354260  -1.200003  -0.019251  -0.000335   0.004607  -0.279291  -0.064458   0.127483  -0.033690 
  0.398606   0.051001   2.429695   0.241330  -1.038257  -0.077063  -0.061422  -0.018944  -0.207993  -0.112930   0.161746  -0.057812 
  0.391392   0.084918   2.208001   0.160027  -0.959131  -0.104737  -0.007214   0.033917  -0.221694  -0.081303   0.079126  -0.027674 
  0.390928   0.098805   2.046085   0.108919  -0.886709  -0.099294  -0.000464   0.013887  -0.161916  -0.051108   0.072422   0.005443 
  0.371394   0.008130   2.109582  -0.288713  -0.855942  -0.045206  -0.019534  -0.090675   0.063497  -0.397632   0.030767   0.054088 
  0.418226  -0.239868   2.575690   0.007448  -0.890434   0.012490   0.046832  -0.247998   0.466108   0.296161  -0.034492   0.057696 
  0.415127   0.056883   2.588036  -0.055691  -0.903153   0.028877  -0.003099   0.296751   0.012346  -0.063139  -0.012719   0.016387 
  0.471569  -0.081632   2.892495   0.132926  -0.971794   0.000344   0.056442  -0.138515   0.304459   0.188617  -0.068641  -0.028533 
  0.456848  -0.028741   2.875081   0.111899  -0.942401   0.028820  -0.014721   0.052891  -0.017414  -0.021027   0.029393   0.028476 
  0.424007   0.004815   2.589697   0.217266  -0.979529   0.009568  -0.032841   0.033556  -0.285384   0.105367  -0.037128  -0.019252 
  0.436850   0.000052   2.599443   0.289859  -1.007374   0.031169   0.012843  -0.004763   0.009746   0.072593  -0.027845   0.021601 
  0.427142  -0.079857   2.670798   0.329107  -1.128211   0.034607  -0.009708  -0.079909   0.071355   0.039248  -0.120837   0.003438 
  0.407229  -0.045041   2.630201   0.250554  -1.211462   0.053743  -0.019913   0.034816  -0.040597  -0.078553  -0.083251   0.019136 
  0.419074   0.038812   2.590572   0.279030  -1.252944   0.035523   0.011845   0.083853  -0.039629   0.028476  -0.041482  -0.018220 
  0.433442  -0.025070   2.700782   0.344233  -1.350232   0.051280   0.014368  -0.063882   0.110210   0.065203  -0.097288   0.015757 
  0.447001   0.010271   2.801789   0.350020  -1.342497   0.036612   0.013559   0.035341   0.101007   0.005787   0.007735  -0.014668 
  0.466002  -0.007891   2.812460   0.320799  -1.324335   0.057353   0.019001  -0.018162   0.010671  -0.029221   0.018162   0.020741 
  0.458929  -0.050818   2.796676   0.259493  -1.290129   0.048358  -0.007073  -0.042927  -0.015784  -0.061306   0.034206  -0.008995 
  0.450138  -0.031545   2.730180   0.412358  -1.252027   0.042628  -0.008791   0.019273  -0.066496   0.152865   0.038102  -0.005730 
  0.468369   0.006209   2.621223   0.455100  -1.324163   0.063770   0.018231   0.037754  -0.108957   0.042742  -0.072136   0.021142 
  0.437615  -0.020600   3.099814   0.301777  -1.272195   0.084168  -0.030754  -0.026809   0.478591  -0.153323   0.051968   0.020398 
  0.484853  -0.048629   3.390633   0.393278  -1.383407   0.093220   0.047238  -0.028029   0.290819   0.091501  -0.111212   0.009052 
  0.493773   0.052115   3.079542   0.552904  -1.525328   0.092074   0.008920   0.100744  -0.311091   0.159626  -0.141921  -0.001146 
  0.524962   0.103768   2.852622   0.469711  -1.499259   0.091559   0.031189   0.051653  -0.226920  -0.083193   0.026069  -0.000515 
  0.497136   0.090141   2.686928   0.468508  -1.395725   0.062796  -0.027826  -0.013627  -0.165694  -0.001203   0.103534  -0.028763 
  0.420014   0.197817   2.094159   0.673340  -1.280618   0.050134  -0.077122   0.107676  -0.592769   0.204832   0.115107  -0.012662 
  0.236583   0.326368   1.825856   1.957396  -1.301359  -0.070875  -0.183431   0.128551  -0.268303   1.284056  -0.020741  -0.121009 
  0.605383  -0.156722   2.999878   0.857832  -1.420019   0.228037   0.368800  -0.483090   1.174022  -1.099564  -0.118660   0.298912 
  0.762953  -0.146283   3.366320   1.078880  -1.355618   0.340853   0.157570   0.010439   0.366442   0.221048   0.064401   0.112816 
  0.788722   0.039528   2.373091   1.319579  -1.411424   0.338905   0.025769   0.185811  -0.993229   0.240699  -0.055806  -0.001948 
  0.784613   0.048199   3.096287   1.273800  -1.220114   0.375746  -0.004109   0.008671   0.723196  -0.045779   0.191310   0.036841 
  0.723258   0.653406   2.714481   1.349487  -1.275519   0.198988  -0.061355   0.605207  -0.381806   0.075687  -0.055405  -0.176758 
  0.792357   0.390393   5.051965   0.529069  -1.483846   0.576166   0.069099  -0.263013   2.337484  -0.820418  -0.208327   0.377178 
  0.620444   0.256714   4.317878   0.407545  -1.783045   0.410753  -0.171913  -0.133679  -0.734087  -0.121524  -0.299199  -0.165413 
  0.500265   0.050692   3.630428   0.624524  -1.427467   0.254508  -0.120179  -0.206022  -0.687450   0.216979   0.355578  -0.156245 
  0.467458  -0.139957   4.242850   0.538237  -1.555752   0.422728  -0.032807  -0.190649   0.612422  -0.086287  -0.128285   0.168220 
  0.501892  -0.021030   4.319698   0.597710  -1.512666   0.432583   0.034434   0.118927   0.076848   0.059473   0.043086   0.009855 
  0.462787  -0.121204   4.118579  -0.209244  -1.501894   0.509302  -0.039105  -0.100174  -0.201119  -0.806954   0.010772   0.076719 
  0.339054  -0.083404   3.417163   0.285963  -1.544350   0.422786  -0.123733   0.037800  -0.701416   0.495207  -0.042456  -0.086516 
  0.414992  -0.078751   3.774622   0.814746  -1.378938   0.250841   0.075938   0.004653   0.357459   0.528783   0.165412  -0.171945 
  0.328847  -0.021856   3.809009   0.794578  -0.876912   0.259779  -0.086145   0.056895   0.034387  -0.020168   0.502026   0.008938 
  0.523028   0.111111   3.789030   1.342784  -1.198800   0.185352   0.194181   0.132967  -0.019979   0.548206  -0.321888  -0.074427 
  0.336295  -0.163862   4.553759   1.399679  -1.092344   0.461632  -0.186733  -0.274973   0.764729   0.056895   0.106456   0.276280 
  0.463669  -0.086166   4.965189   1.043299  -1.223609   0.309340   0.127374   0.077696   0.411430  -0.356380  -0.131265  -0.152292 
  0.501703  -0.144863   5.460791   1.070113  -1.158922   0.364630   0.038034  -0.058697   0.495602   0.026814   0.064687   0.055290 
  0.669728  -0.312895   5.918266   0.611346  -1.167058   0.517152   0.168025  -0.168032   0.457475  -0.458767  -0.008136   0.152522 
  0.449732   0.088995   4.545569   0.660334  -1.036710   0.395914  -0.219996   0.401890  -1.372697   0.048988   0.130348  -0.121238 
  0.269385   0.094191   3.522102   0.744329  -0.691216   0.178992  -0.180347   0.005196  -1.023467   0.083995   0.345494  -0.216922 
  0.280518   0.093536   2.950790   0.796812  -0.851129   0.158079   0.011133  -0.000655  -0.571312   0.052483  -0.159913  -0.020913 
  0.229222   0.040425   2.643153   0.637989  -0.763237   0.145245  -0.051296  -0.053111  -0.307637  -0.158823   0.087892  -0.012834 
  0.469772   0.830924   3.445094   1.722254  -1.613736  -0.020626   0.240550   0.790499   0.801941   1.084265  -0.850499  -0.165871 
  0.430296   0.457759   2.969464   1.147004  -1.254949   0.156876  -0.039476  -0.373165  -0.475630  -0.575250   0.358787   0.177502 
  0.582724   0.153604   3.035198   0.568202  -1.461386   0.215547   0.152428  -0.304155   0.065734  -0.578802  -0.206437   0.058671 
  0.555396   0.050235   3.151719   0.575708  -1.352581   0.214859  -0.027328  -0.103369   0.116521   0.007506   0.108805  -0.000688 
  0.510368   0.097324   2.822102   0.637072  -1.308693   0.204088  -0.045028   0.047089  -0.329617   0.061364   0.043888  -0.010771 
  0.525276   0.054937   2.958114   0.654203  -1.318892   0.204088   0.014908  -0.042387   0.136012   0.017131  -0.010199   0.000000 
  0.537275   0.007526   3.185190   0.615586  -1.242058   0.183690   0.011999  -0.047411   0.227076  -0.038617   0.076834  -0.020398 
  0.537365  -0.017897   3.154677   0.640911  -1.248418   0.186383   0.000090  -0.025423  -0.030513   0.025325  -0.006360   0.002693 
  0.509062  -0.119837   2.903193   0.646869  -1.280389   0.224428  -0.028303  -0.101940  -0.251484   0.005958  -0.031971   0.038045 
  0.474446  -0.041941   3.095201   1.428957  -1.155484   0.109206  -0.034616   0.077896   0.192008   0.782088   0.124905  -0.115222 
  0.502636   0.600041   3.518081   2.279971  -1.098246   0.191884   0.028190   0.641982   0.422880   0.851014   0.057238   0.082678 
  0.647249   0.818161   3.363872   2.680927  -1.230943   0.200822   0.144613   0.218120  -0.154209   0.400956  -0.132697   0.008938 
  0.600330   0.940063   2.809055   3.391452  -1.139327   0.133041  -0.046919   0.121902  -0.554817   0.710525   0.091616  -0.067781 
  0.170762   0.799268   0.529623   6.268674  -0.908826   0.022116  -0.429568  -0.140795  -2.279432   2.877222   0.230501  -0.110925 
  0.013019   0.648279  -0.169945   6.440561  -0.521334  -0.054488  -0.157743  -0.150989  -0.699568   0.171887   0.387492  -0.076604 
  0.093405   1.005675   0.478281   5.399783  -0.905445  -0.106112   0.080386   0.357396   0.648226  -1.040778  -0.384111  -0.051624 
  0.161906   0.763348   1.608912   3.730700  -0.988581  -0.052999   0.068501  -0.242327   1.130631  -1.669083  -0.083136   0.053113 
 -0.151612   0.554166   1.208642   2.933372   1.326168   0.285047  -0.313518  -0.209182  -0.400270  -0.797328   2.314749   0.338046 
 -0.093614   0.516516   1.426762   3.099301   0.297709   0.169252   0.057998  -0.037650   0.218120   0.165929  -1.028459  -0.115795 
 -0.063521   0.555704   1.565766   2.958410   0.004698   0.162090   0.030093   0.039188   0.139004  -0.140891  -0.293011  -0.007162 
 -0.053566   0.554704   1.657091   2.808066  -0.026585   0.168163   0.009955  -0.001000   0.091325  -0.150344  -0.031283   0.006073 
 -0.049067   0.534992   1.628365   2.773689  -0.082162   0.134645   0.004499  -0.019712  -0.028726  -0.034377  -0.055577  -0.033518 
 -0.040331   0.445087   1.789551   2.532359  -0.127082   0.176356   0.008736  -0.089905   0.161186  -0.241330  -0.044920   0.041711 
 -0.034227   0.185403   2.919746   2.796607   0.173606   0.278286   0.006104  -0.259684   1.130195   0.264248   0.300688   0.101930 
  0.044624   0.028180   2.854756   2.874243  -0.013694   0.147365   0.078851  -0.157223  -0.064990   0.077636  -0.187300  -0.130921 
  0.041257  -0.184264   3.145589   2.943972  -0.123702   0.174981  -0.003367  -0.212444   0.290833   0.069729  -0.110008   0.027616 
  0.568576  -0.131060   3.629045   2.290685  -0.696717  -0.329680   0.527319   0.053204   0.483456  -0.653287  -0.573015  -0.504661 
  0.011510   0.363653   3.042163   3.166623  -0.078266   0.152292  -0.557066   0.494713  -0.586882   0.875938   0.618451   0.481972 
  0.039064   0.419043   3.198264   2.968494  -0.372996   0.067552   0.027554   0.055390   0.156101  -0.198129  -0.294730  -0.084740 
 -0.004336   0.293339   3.227499   2.835855  -0.420035   0.055061  -0.043400  -0.125704   0.029235  -0.132639  -0.047039  -0.012491 
  0.056568   0.335322   3.334394   2.735186  -0.539784   0.108060   0.060904   0.041983   0.106895  -0.100669  -0.119749   0.052999 
 -0.100663   0.709687   1.927980   3.404802  -0.558462   0.095799  -0.157231   0.374365  -1.406414   0.669616  -0.018678  -0.012261 
 -0.102591   0.324928   1.767546   2.848288  -0.530788   0.086173  -0.001928  -0.384759  -0.160434  -0.556514   0.027674  -0.009626 
 -0.054708   0.331549   1.769072   2.790648  -0.584016   0.100497   0.047883   0.006621   0.001526  -0.057640  -0.053228   0.014324 
 -0.058671   0.338255   1.990061   2.897390  -0.598340   0.102617  -0.003963   0.006706   0.220989   0.106742  -0.014324   0.002120 
 -0.007641   0.368377   2.858933   2.932455  -0.641999   0.092705   0.051030   0.030122   0.868872   0.035065  -0.043659  -0.009912 
 -0.004787   0.367099   3.025037   2.722524  -0.593871   0.067151   0.002854  -0.001278   0.166104  -0.209931   0.048128  -0.025554 
  0.011943   0.401257   2.998244   2.721607  -0.604528   0.069271   0.016730   0.034158  -0.026793  -0.000917  -0.010657   0.002120 
  0.013502   0.401713   2.998402   2.690381  -0.637301   0.052827   0.001559   0.000456   0.000158  -0.031226  -0.032773  -0.016444 
  0.019949   0.375193   2.978460   2.595040  -0.653115   0.052999   0.006447  -0.026520  -0.019942  -0.095341  -0.015814   0.000172 
  0.025263   0.368775   2.976166   2.565533  -0.658271   0.023663   0.005314  -0.006418  -0.002294  -0.029507  -0.005156  -0.029336 
  0.027788   0.446214   2.785645   2.873040  -0.676950   0.013751   0.002525   0.077439  -0.190521   0.307507  -0.018679  -0.009912 
 -0.012653   0.497696   2.466610   3.279782  -0.661480   0.059072  -0.040441   0.051482  -0.319035   0.406742   0.015470   0.045321 
 -0.001823   0.431570   2.533976   2.909995  -0.603325   0.009912   0.010830  -0.066126   0.067366  -0.369787   0.058155  -0.049160 
 -0.001545   0.450308   2.543673   3.003559  -0.635181  -0.010657   0.000278   0.018738   0.009697   0.093564  -0.031856  -0.020569 
 -0.047764   0.378787   2.704631   2.831672  -0.520761   0.015470  -0.046219  -0.071521   0.160958  -0.171887   0.114420   0.026127 
 -0.042689   0.515645   2.690366   2.626668  -0.535143   0.025038   0.005075   0.136858  -0.014265  -0.205004  -0.014382   0.009568 
 -0.084476   0.476473   2.747056   2.503482  -0.524829   0.013006  -0.041787  -0.039172   0.056690  -0.123186   0.010314  -0.012032 
 -0.074746   0.403121   2.719843   2.502508  -0.522423  -0.025210   0.009730  -0.073352  -0.027213  -0.000974   0.002406  -0.038216 
 -0.066507   0.383541   2.721532   2.486121  -0.565739  -0.019710   0.008239  -0.019580   0.001689  -0.016387  -0.043316   0.005500 
 -0.058598   0.394798   2.711048   2.528520  -0.559092  -0.036096   0.007909   0.011257  -0.010484   0.042399   0.006647  -0.016386 
 -0.047073   0.360414   2.782214   2.465781  -0.549409  -0.026700   0.011525  -0.034384   0.071166  -0.062739   0.009683   0.009396 
 -0.045654   0.345948   2.819494   2.340647  -0.527236   0.040107   0.001419  -0.014466   0.037280  -0.125134   0.022173   0.066807 
 -0.044226   0.301157   2.773434   2.312973  -0.519615   0.028533   0.001428  -0.044791  -0.046060  -0.027674   0.007621  -0.011574 
 -0.041468   0.392434   2.755679   2.336522  -0.549524   0.004011   0.002758   0.091277  -0.017755   0.023549  -0.029909  -0.024522 
 -0.031857   0.358713   2.775321   2.326381  -0.555654   0.017876   0.009611  -0.033721   0.019642  -0.010141  -0.006130   0.013865 
 -0.001921   0.283293   2.783638   2.242901  -0.563619   0.050936   0.029936  -0.075420   0.008317  -0.083480  -0.007965   0.033060 
  0.006477   0.418769   2.713310   2.262954  -0.557545   0.006417   0.008398   0.135476  -0.070328   0.020053   0.006074  -0.044519 
  0.005443   0.367437   2.730718   2.273611  -0.601147  -0.003896  -0.001034  -0.051332   0.017408   0.010657  -0.043602  -0.010313 
  0.000164   0.305084   2.677361   2.222904  -0.630368   0.005500  -0.005279  -0.062353  -0.053357  -0.050707  -0.029221   0.009396 
 -0.033689   0.466584   2.571162   2.162400  -0.654776  -0.014553  -0.033853   0.161500  -0.106199  -0.060504  -0.024408  -0.020053 
 -0.011801   0.335647   2.658706   2.148993  -0.706915   0.002693   0.021888  -0.130937   0.087544  -0.013407  -0.052139   0.017246 
 -0.008644   0.316181   2.653998   2.140513  -0.709264   0.002979   0.003157  -0.019466  -0.004708  -0.008480  -0.002349   0.000286 
 -0.003367   0.419186   2.560388   2.170765  -0.725995  -0.024293   0.005277   0.103005  -0.093610   0.030252  -0.016731  -0.027272 
  0.011847   0.318849   2.581849   2.107969  -0.748512  -0.001031   0.015214  -0.100337   0.021461  -0.062796  -0.022517   0.023262 
