  0.000000   0.000000   0.000000   0.000000   0.000000   0.000000   0.000000   0.000000   0.000000   0.000000   0.000000   0.000000 
  0.000000  -0.037515   0.000000   0.000000   0.000000   0.000000   0.000000  -0.037515   0.000000   0.000000   0.000000   0.000000 
  0.000000   0.120999   0.012763   0.000000   0.000000   0.000000   0.000000   0.158514   0.012763   0.000000   0.000000   0.000000 
  0.000000   0.100710   0.062265   0.000000   0.000000   0.000000   0.000000  -0.020289   0.049502   0.000000   0.000000   0.000000 
  0.000000   0.019460   0.088920   0.000000   0.000000   0.000000   0.000000  -0.081250   0.026655   0.000000   0.000000   0.000000 
  0.000000   0.072044   0.132071  -0.024179   0.000000   0.000000   0.000000   0.052584   0.043151  -0.024179   0.000000   0.000000 
  0.000000   0.129602   0.131518  -0.006990   0.000000   0.000000   0.000000   0.057558  -0.000553   0.017189   0.000000   0.000000 
  0.000000   0.031100   0.162375  -0.015699   0.000000   0.000000   0.000000  -0.098502   0.030857  -0.008709   0.000000   0.000000 
  0.000000   0.017266   0.147781  -0.016730   0.000000   0.000000   0.000000  -0.013834  -0.014594  -0.001031   0.000000   0.000000 
  0.000000   0.154379   0.141253   0.000000   0.000000   0.000000   0.000000   0.137113  -0.006528   0.016730   0.000000   0.000000 
  0.000000   0.125576   0.176134  -0.008881   0.000000   0.000000   0.000000  -0.028803   0.034881  -0.008881   0.000000   0.000000 
  0.000000   0.018683   0.166167  -0.005730   0.000000   0.000000   0.000000  -0.106893  -0.009967   0.003151   0.000000   0.000000 
  0.000000   0.107637   0.156827   0.000000   0.000000   0.000000   0.000000   0.088954  -0.009340   0.005730   0.000000   0.000000 
  0.000000   0.136851   0.173489   0.000000   0.000000   0.000000   0.000000   0.029214   0.016662   0.000000   0.000000   0.000000 
  0.000000   0.087913   0.168377   0.000000   0.000000   0.000000   0.000000  -0.048938  -0.005112   0.000000   0.000000   0.000000 
  0.000000   0.004230   0.185053  -0.005730   0.000000   0.000000   0.000000  -0.083683   0.016676  -0.005730   0.000000   0.000000 
  0.000000   0.113912   0.154313  -0.003380   0.000000   0.000000   0.000000   0.109682  -0.030740   0.002350   0.000000   0.000000 
  0.000000   0.154275   0.176266   0.000000   0.000000   0.000000   0.000000   0.040363   0.021953   0.003380   0.000000   0.000000 
  0.000000   0.102476   0.178493   0.003782   0.000000   0.000000   0.000000  -0.051799   0.002227   0.003782   0.000000   0.000000 
  0.000000   0.018347   0.182350   0.000000   0.000000   0.000000   0.000000  -0.084129   0.003857  -0.003782   0.000000   0.000000 
  0.000024   0.095670   0.161616  -0.006589  -0.000057   0.000000   0.000024   0.077323  -0.020734  -0.006589  -0.000057   0.000000 
 -0.003214   0.122485   0.180347  -0.008365   0.013235   0.008652  -0.003238   0.026815   0.018731  -0.001776   0.013292   0.008652 
  0.000039   0.057677   0.198769  -0.019882   0.007448   0.005730   0.003253  -0.064808   0.018422  -0.011517  -0.005787  -0.002922 
 -0.002474   0.033162   0.196733  -0.036612   0.015069   0.005157  -0.002513  -0.024515  -0.002036  -0.016730   0.007621  -0.000573 
 -0.005928   0.135676   0.179407  -0.002292   0.002406   0.010313  -0.003454   0.102514  -0.017326   0.034320  -0.012663   0.005156 
  0.002406   0.073913   0.202682  -0.018105   0.016788   0.002406   0.008334  -0.061763   0.023275  -0.015813   0.014382  -0.007907 
  0.002859   0.029378   0.195614  -0.008709   0.011345  -0.002922   0.000453  -0.044535  -0.007068   0.009396  -0.005443  -0.005328 
 -0.002827   0.123240   0.189943  -0.004985   0.007506   0.005615  -0.005686   0.093862  -0.005671   0.003724  -0.003839   0.008537 
 -0.002909   0.103910   0.189950  -0.006417   0.005787   0.002636  -0.000082  -0.019330   0.000007  -0.001432  -0.001719  -0.002979 
 -0.002752   0.018795   0.231459  -0.022976   0.006073   0.001432   0.000157  -0.085115   0.041509  -0.016559   0.000286  -0.001204 
 -0.002840   0.112148   0.181920   0.001031   0.008881   0.002406  -0.000088   0.093353  -0.049539   0.024007   0.002808   0.000974 
 -0.002924   0.130038   0.183527   0.001089   0.004584   0.002120  -0.000084   0.017890   0.001607   0.000058  -0.004297  -0.000286 
  0.005050   0.029885   0.189831   0.011001   0.012319  -0.000859   0.007974  -0.100153   0.006304   0.009912   0.007735  -0.002979 
  0.001324   0.110309   0.187464  -0.005730   0.009855  -0.001891  -0.003726   0.080424  -0.002367  -0.016731  -0.002464  -0.001032 
 -0.002788   0.113173   0.203030  -0.043086   0.009339   0.003438  -0.004112   0.002864   0.015566  -0.037356  -0.000516   0.005329 
 -0.002756   0.019546   0.194323  -0.005787   0.009626  -0.000115   0.000032  -0.093627  -0.008707   0.037299   0.000287  -0.003553 
 -0.002735   0.122938   0.194809  -0.003438   0.017131   0.006073   0.000021   0.103392   0.000486   0.002349   0.007505   0.006188 
  0.000855   0.103392   0.192768   0.002693   0.011918   0.001719   0.003590  -0.019546  -0.002041   0.006131  -0.005213  -0.004354 
 -0.002837   0.013911   0.201383  -0.013579   0.000516  -0.005386  -0.003692  -0.089481   0.008615  -0.016272  -0.011402  -0.007105 
 -0.002908   0.120800   0.186628  -0.007448  -0.004412   0.001604  -0.000071   0.106889  -0.014755   0.006131  -0.004928   0.006990 
  0.003168   0.120655   0.184257  -0.021543   0.003896  -0.001662   0.006076  -0.000145  -0.002371  -0.014095   0.008308  -0.003266 
 -0.002889   0.027643   0.188491  -0.010714  -0.003266  -0.001662  -0.006057  -0.093012   0.004234   0.010829  -0.007162   0.000000 
 -0.002889   0.074730   0.185113  -0.046639  -0.003094  -0.001662   0.000000   0.047087  -0.003378  -0.035925   0.000172   0.000000 
 -0.002940   0.118834   0.184914   0.010485   0.000115   0.001719  -0.000051   0.044104  -0.000199   0.057124   0.003209   0.003381 
 -0.002898   0.063504   0.210070  -0.040451  -0.000573  -0.001662   0.000042  -0.055330   0.025156  -0.050936  -0.000688  -0.003381 
 -0.002912   0.026977   0.202547  -0.029908  -0.004641  -0.001662  -0.000014  -0.036527  -0.007523   0.010543  -0.004068   0.000000 
 -0.002941   0.115521   0.194992  -0.029908  -0.004183  -0.001662  -0.000029   0.088544  -0.007555   0.000000   0.000458   0.000000 
  0.003043   0.064053   0.195110  -0.053858   0.008824   0.000229   0.005984  -0.051468   0.000118  -0.023950   0.013007   0.001891 
 -0.000217   0.012187   0.194912  -0.008308   0.005615  -0.002807  -0.003260  -0.051866  -0.000198   0.045550  -0.003209  -0.003036 
 -0.002939   0.124751   0.170291  -0.000802   0.006589   0.006474  -0.002722   0.112564  -0.024621   0.007506   0.000974   0.009281 
  0.007052   0.100965   0.176796  -0.001547   0.011574   0.000286   0.009991  -0.023786   0.006505  -0.000745   0.004985  -0.006188 
  0.004736   0.021855   0.166820   0.002578   0.011058  -0.004240  -0.002316  -0.079110  -0.009976   0.004125  -0.000516  -0.004526 
  0.002274   0.072973   0.200298  -0.038216   0.012204   0.001719  -0.002462   0.051118   0.033478  -0.040794   0.001146   0.005959 
  0.003382   0.119872   0.200392  -0.042857   0.013579   0.004813   0.001108   0.046899   0.000094  -0.004641   0.001375   0.003094 
 -0.002939   0.012688   0.178112  -0.006188   0.003266   0.000516  -0.006321  -0.107184  -0.022280   0.036669  -0.010313  -0.004297 
  0.000962   0.083677   0.188698  -0.058900   0.009912   0.003094   0.003901   0.070989   0.010586  -0.052712   0.006646   0.002578 
  0.001253   0.110127   0.206044  -0.042857   0.003323  -0.002406   0.000291   0.026450   0.017346   0.016043  -0.006589  -0.005500 
 -0.002846   0.033680   0.202956  -0.034836   0.010141   0.004011  -0.004099  -0.076447  -0.003088   0.008021   0.006818   0.006417 
  0.001199   0.020487   0.185679  -0.029106   0.008136   0.001146   0.004045  -0.013193  -0.017277   0.005730  -0.002005  -0.002865 
  0.001045   0.109585   0.181804  -0.074198   0.007850  -0.000630  -0.000154   0.089098  -0.003875  -0.045092  -0.000286  -0.001776 
  0.002948   0.103965   0.202529  -0.064802   0.008136  -0.004183   0.001903  -0.005620   0.020725   0.009396   0.000286  -0.003553 
  0.004919   0.047013   0.194840  -0.042857   0.008365  -0.003896   0.001971  -0.056952  -0.007689   0.021945   0.000229   0.000287 
 -0.002797   0.034214   0.185948  -0.042857   0.005099   0.004985  -0.007716  -0.012799  -0.008892   0.000000  -0.003266   0.008881 
  0.005083   0.127906   0.199002  -0.042857   0.010714  -0.002464   0.007880   0.093692   0.013054   0.000000   0.005615  -0.007449 
 -0.002836   0.113268   0.181405  -0.013636   0.004240   0.001432  -0.007919  -0.014638  -0.017597   0.029221  -0.006474   0.003896 
  0.001411   0.044918   0.169190  -0.028132   0.008938   0.000344   0.004247  -0.068350  -0.012215  -0.014496   0.004698  -0.001088 
 -0.002962   0.026345   0.140597   0.009855  -0.002235  -0.004584  -0.004373  -0.018573  -0.028593   0.037987  -0.011173  -0.004928 
 -0.002855   0.150357   0.157631  -0.009683   0.007162   0.012204   0.000107   0.124012   0.017034  -0.019538   0.009397   0.016788 
  0.002827   0.118326   0.183816  -0.042857   0.014840   0.003610   0.005682  -0.032031   0.026185  -0.033174   0.007678  -0.008594 
  0.007051   0.027885   0.160310   0.011001   0.008193  -0.002922   0.004224  -0.090441  -0.023506   0.053858  -0.006647  -0.006532 
  0.001371   0.104332   0.143259   0.020626   0.002120  -0.000630  -0.005680   0.076447  -0.017051   0.009625  -0.006073   0.002292 
 -0.000494   0.166424   0.159970   0.047842   0.004297  -0.000802  -0.001865   0.062092   0.016711   0.027216   0.002177  -0.000172 
  0.003533   0.103923   0.179829  -0.029908   0.010428   0.000344   0.004027  -0.062501   0.019859  -0.077750   0.006131   0.001146 
  0.004294   0.024098   0.171656  -0.027330   0.011860  -0.002521   0.000761  -0.079825  -0.008173   0.002578   0.001432  -0.002865 
  0.002113   0.041500   0.160299  -0.000344   0.004354  -0.004297  -0.002181   0.017402  -0.011357   0.026986  -0.007506  -0.001776 
 -0.003058   0.148500   0.163724  -0.006474   0.000974  -0.000745  -0.005171   0.107000   0.003425  -0.006130  -0.003380   0.003552 
 -0.002964   0.098671   0.160303  -0.003094   0.005329  -0.006646   0.000094  -0.049829  -0.003421   0.003380   0.004355  -0.005901 
 -0.000019   0.024023   0.169697  -0.006474   0.007391   0.000401   0.002945  -0.074648   0.009394  -0.003380   0.002062   0.007047 
 -0.002973   0.149280   0.145017   0.006303   0.004125   0.004297  -0.002954   0.125257  -0.024680   0.012777  -0.003266   0.003896 
 -0.002893   0.110195   0.175145  -0.044805   0.004870   0.002979   0.000080  -0.039085   0.030128  -0.051108   0.000745  -0.001318 
  0.002852   0.037941   0.182044  -0.005157   0.007334  -0.003667   0.005745  -0.072254   0.006899   0.039648   0.002464  -0.006646 
 -0.002996   0.104412   0.152102   0.019194   0.003896   0.002005  -0.005848   0.066471  -0.029942   0.024351  -0.003438   0.005672 
 -0.002935   0.119720   0.161887  -0.001547   0.005558   0.001547   0.000061   0.015308   0.009785  -0.020741   0.001662  -0.000458 
 -0.002920   0.092869   0.149735  -0.005672   0.008709   0.002063   0.000015  -0.026851  -0.012152  -0.004125   0.003151   0.000516 
 -0.000543   0.037814   0.165414  -0.005672   0.006761  -0.001089   0.002377  -0.055055   0.015679   0.000000  -0.001948  -0.003152 
 -0.002930   0.089323   0.147702  -0.005672   0.004068   0.000057  -0.002387   0.051509  -0.017712   0.000000  -0.002693   0.001146 
 -0.002823   0.115254   0.159675  -0.009740   0.007219   0.005443   0.000107   0.025931   0.011973  -0.004068   0.003151   0.005386 
  0.004895   0.078170   0.159658  -0.012204   0.012089  -0.000057   0.007718  -0.037084  -0.000017  -0.002464   0.004870  -0.005500 
 -0.002961   0.011577   0.168341  -0.001432  -0.001146  -0.004641  -0.007856  -0.066593   0.008683   0.010772  -0.013235  -0.004584 
 -0.002923   0.109769   0.140874  -0.005672   0.003610   0.003037   0.000038   0.098192  -0.027467  -0.004240   0.004756   0.007678 
 -0.002874   0.121632   0.157696  -0.005672   0.006360   0.002521   0.000049   0.011863   0.016822   0.000000   0.002750  -0.000516 
  0.005650   0.029619   0.170262  -0.036784   0.010886  -0.003323   0.008524  -0.092013   0.012566  -0.031112   0.004526  -0.005844 
 -0.002893   0.060462   0.160759  -0.006818   0.008422   0.002865  -0.008543   0.030843  -0.009503   0.029966  -0.002464   0.006188 
 -0.002972   0.142400   0.143398   0.016329   0.000344   0.001776  -0.000079   0.081938  -0.017361   0.023147  -0.008078  -0.001089 
 -0.000236   0.044147   0.153676  -0.005787   0.006073   0.000172   0.002736  -0.098253   0.010278  -0.022116   0.005729  -0.001604 
 -0.002921   0.047324   0.141597  -0.007506   0.002464   0.001146  -0.002685   0.003177  -0.012079  -0.001719  -0.003609   0.000974 
 -0.002940   0.140479   0.150094  -0.011001  -0.000859   0.003782  -0.000019   0.093155   0.008497  -0.003495  -0.003323   0.002636 
  0.003600   0.031203   0.171681  -0.027330   0.011975  -0.000229   0.006540  -0.109276   0.021587  -0.016329   0.012834  -0.004011 
 -0.002872   0.043737   0.154209  -0.036784   0.002235   0.001375  -0.006472   0.012534  -0.017472  -0.009454  -0.009740   0.001604 
  0.000189   0.125408   0.142263  -0.012605   0.006990   0.001261   0.003061   0.081671  -0.011946   0.024179   0.004755  -0.000114 
 -0.002950   0.020067   0.131986   0.014095   0.001833   0.003380  -0.003139  -0.105341  -0.010277   0.026700  -0.005157   0.002119 
 -0.002960   0.143895   0.130587  -0.007162   0.003323   0.004870  -0.000010   0.123828  -0.001399  -0.021257   0.001490   0.001490 
  0.000644   0.063452   0.133100  -0.027559   0.009855  -0.000057   0.003604  -0.080443   0.002513  -0.020397   0.006532  -0.004927 
  0.001587   0.044355   0.135652  -0.006532   0.006761  -0.001490   0.000943  -0.019097   0.002552   0.021027  -0.003094  -0.001433 
 -0.002953   0.130174   0.133163  -0.014897   0.002406   0.004641  -0.004540   0.085819  -0.002489  -0.008365  -0.004355   0.006131 
  0.004306   0.031930   0.155645  -0.037987   0.005157  -0.002005   0.007259  -0.098244   0.022482  -0.023090   0.002751  -0.006646 
  0.001717   0.057741   0.162356  -0.060447   0.006646   0.002750  -0.002589   0.025811   0.006711  -0.022460   0.001489   0.004755 
 -0.002820   0.104848   0.162528  -0.088465   0.005042   0.012720  -0.004537   0.047107   0.000172  -0.028018  -0.001604   0.009970 
  0.001513   0.015893   0.140308  -0.015069   0.008193  -0.002177   0.004333  -0.088955  -0.022220   0.073396   0.003151  -0.014897 
 -0.002915   0.058690   0.157816  -0.056723   0.006646   0.005157  -0.004428   0.042797   0.017508  -0.041654  -0.001547   0.007334 
  0.001354   0.109132   0.149127  -0.061249   0.014267   0.000917   0.004269   0.050442  -0.008689  -0.004526   0.007621  -0.004240 
  0.003902   0.021891   0.125107  -0.018965   0.011459  -0.002521   0.002548  -0.087241  -0.024020   0.042284  -0.002808  -0.003438 
  0.002335   0.087058   0.147776  -0.061249   0.021371   0.007162  -0.001567   0.065167   0.022669  -0.042284   0.009912   0.009683 
  0.007249   0.089862   0.182413  -0.061249   0.022632   0.005099   0.004914   0.002804   0.034637   0.000000   0.001261  -0.002063 
 -0.002877   0.005298   0.187417   0.005443   0.010027   0.008422  -0.010126  -0.084564   0.005004   0.066692  -0.012605   0.003323 
  0.007238   0.088607   0.174561  -0.015241   0.016730   0.004985   0.010115   0.083309  -0.012856  -0.020684   0.006703  -0.003437 
  0.003383   0.123485   0.174542  -0.010199   0.014954   0.001833  -0.003855   0.034878  -0.000019   0.005042  -0.001776  -0.003152 
  0.007216   0.068929   0.174530  -0.011631   0.015871   0.002406   0.003833  -0.054556  -0.000012  -0.001432   0.000917   0.000573 
  0.005101   0.019273   0.174506  -0.010371   0.015986   0.000344  -0.002115  -0.049656  -0.000024   0.001260   0.000115  -0.002062 
 -0.002756   0.119855   0.158412  -0.003552   0.016788   0.004870  -0.007857   0.100582  -0.016094   0.006819   0.000802   0.004526 
  0.003923   0.080755   0.181948  -0.006589   0.018621   0.004584   0.006679  -0.039100   0.023536  -0.003037   0.001833  -0.000286 
  0.003691   0.020749   0.158900   0.001776   0.012147   0.000516  -0.000232  -0.060006  -0.023048   0.008365  -0.006474  -0.004068 
  0.000631   0.120333   0.135476   0.008881   0.017074   0.011459  -0.003060   0.099584  -0.023424   0.007105   0.004927   0.010943 
  0.007354   0.053105   0.476441  -0.095397   0.022632  -0.003323   0.006723  -0.067228   0.340965  -0.104278   0.005558  -0.014782 
  0.002989   0.023312   0.525891  -0.085485   0.013636  -0.006188  -0.004365  -0.029793   0.049450   0.009912  -0.008996  -0.002865 
 -0.019760   0.161867   0.362623  -0.060103  -0.023549  -0.003495  -0.022749   0.138555  -0.163268   0.025382  -0.037185   0.002693 
 -0.011772   0.163601   0.352265  -0.060103  -0.015756  -0.011803   0.007988   0.001734  -0.010358   0.000000   0.007793  -0.008308 
 -0.012443   0.036736   0.432974  -0.038216  -0.015928   0.000630  -0.000671  -0.126865   0.080709   0.021887  -0.000172   0.012433 
 -0.011356   0.087482   0.439148  -0.060103  -0.001776   0.016329   0.001087   0.050746   0.006174  -0.021887   0.014152   0.015699 
  0.008651   0.201417   0.414572  -0.066234   0.023663   0.003953   0.020007   0.113935  -0.024576  -0.006131   0.025439  -0.012376 
 -0.014193   0.196659   0.387898   0.116941   0.055749   0.029164  -0.022844  -0.004758  -0.026674   0.183175   0.032086   0.025211 
 -0.014193   0.119821   0.395929   0.122957   0.048530   0.022345   0.000000  -0.076838   0.008031   0.006016  -0.007219  -0.006819 
 -0.009004   0.125885   0.382711   0.067265   0.034206   0.022116   0.005189   0.006064  -0.013218  -0.055692  -0.014324  -0.000229 
 -0.010429   0.203291   0.395445   0.037414   0.034206   0.019194  -0.001425   0.077406   0.012734  -0.029851   0.000000  -0.002922 
 -0.008823   0.171620   0.421859   0.014439   0.038789   0.019882   0.001606  -0.031671   0.026414  -0.022975   0.004583   0.000688 
 -0.006728   0.074440   0.417442   0.018908   0.034206   0.012089   0.002095  -0.097180  -0.004417   0.004469  -0.004583  -0.007793 
 -0.014271   0.137318   0.395042   0.025955   0.034206   0.021486  -0.007543   0.062878  -0.022400   0.007047   0.000000   0.009397 
 -0.014324   0.219701   0.412019   0.026471   0.026070   0.022517  -0.000053   0.082383   0.016977   0.000516  -0.008136   0.001031 
 -0.014288   0.181080   0.409843   0.022173   0.034206   0.021429   0.000036  -0.038621  -0.002176  -0.004298   0.008136  -0.001088 
 -0.014210   0.080333   0.417634   0.002063   0.048530   0.017876   0.000078  -0.100747   0.007791  -0.020110   0.014324  -0.003553 
 -0.007392   0.153487   0.422225   0.003094   0.048530   0.027215   0.006818   0.073154   0.004591   0.001031   0.000000   0.009339 
 -0.007489   0.190665   0.441189   0.002693   0.052540   0.023950  -0.000097   0.037178   0.018964  -0.000401   0.004010  -0.003265 
 -0.004216   0.120274   0.446547   0.007277   0.048530   0.019710   0.003273  -0.070391   0.005358   0.004584  -0.004010  -0.004240 
 -0.004158   0.090302   0.455569   0.016329   0.034206   0.019423   0.000058  -0.029972   0.009022   0.009052  -0.014324  -0.000287 
 -0.008310   0.185580   0.455807   0.020111   0.048530   0.022918  -0.004152   0.095278   0.000238   0.003782   0.014324   0.003495 
 -0.007963   0.144510   0.466145   0.002979   0.048530   0.019824   0.000347  -0.041070   0.010338  -0.017132   0.000000  -0.003094 
 -0.004173   0.077315   0.439413  -0.012376   0.048530   0.019767   0.003790  -0.067195  -0.026732  -0.015355   0.000000  -0.000057 
 -0.004231   0.198527   0.426323  -0.000344   0.034206   0.024637  -0.000058   0.121212  -0.013090   0.012032  -0.014324   0.004870 
 -0.007485   0.158564   0.449870  -0.012376   0.048530   0.019595  -0.003254  -0.039963   0.023547  -0.012032   0.014324  -0.005042 
 -0.004192   0.068076   0.492511  -0.012376   0.057238   0.019996   0.003293  -0.090488   0.042641   0.000000   0.008708   0.000401 
 -0.004291   0.129100   0.465243  -0.017131   0.034206   0.018449  -0.000099   0.061024  -0.027268  -0.004755  -0.023032  -0.001547 
 -0.009169   0.185180   0.459317  -0.012376   0.034206   0.017704  -0.004878   0.056080  -0.005926   0.004755   0.000000  -0.000745 
 -0.004312   0.101449   0.475365  -0.048358   0.034206   0.008136   0.004857  -0.083731   0.016048  -0.035982   0.000000  -0.009568 
  0.004822   0.073230   0.543096  -0.051566   0.065489   0.011688   0.009134  -0.028219   0.067731  -0.003208   0.031283   0.003552 
  0.000606   0.170131   0.532502  -0.070989   0.048530   0.006016  -0.004216   0.096901  -0.010594  -0.019423  -0.016959  -0.005672 
  0.000677   0.100199   0.510702  -0.058957   0.025210   0.001375   0.000071  -0.069932  -0.021800   0.012032  -0.023320  -0.004641 
 -0.001822   0.083162   0.459504  -0.029450   0.011918   0.003782  -0.002499  -0.017037  -0.051198   0.029507  -0.013292   0.002407 
 -0.012042   0.178441   0.471763   0.017590   0.025554   0.014610  -0.010220   0.095279   0.012259   0.047040   0.013636   0.010828 
 -0.010557   0.141605   0.479551   0.012490   0.024866   0.015814   0.001485  -0.036836   0.007788  -0.005100  -0.000688   0.001204 
 -0.006141   0.047315   0.490883  -0.006761   0.034206   0.004870   0.004416  -0.094290   0.011332  -0.019251   0.009340  -0.010944 
 -0.000431   0.152144   0.502150  -0.023090   0.038789   0.004698   0.005710   0.104829   0.011267  -0.016329   0.004583  -0.000172 
  0.006740   0.152134   0.524587  -0.027788   0.048530   0.005901   0.007171  -0.000010   0.022437  -0.004698   0.009741   0.001203 
 -0.002558   0.102442   0.418345  -0.045894   0.028075   0.009110  -0.009298  -0.049692  -0.106242  -0.018106  -0.020455   0.003209 
 -0.002476   0.039753   0.330804  -0.002464   0.016730   0.007678   0.000082  -0.062689  -0.087541   0.043430  -0.011345  -0.001432 
 -0.002574   0.150833   0.308200   0.053743   0.026528   0.011345  -0.000098   0.111080  -0.022604   0.056207   0.009798   0.003667 
 -0.002554   0.146368   0.336002   0.067953   0.029908   0.008594   0.000020  -0.004465   0.027802   0.014210   0.003380  -0.002751 
 -0.011927  -0.006698   0.598638   0.065661   0.069442   0.024236  -0.009373  -0.153066   0.262636  -0.002292   0.039534   0.015642 
 -0.011449   0.150130   0.670491   0.005615   0.080844   0.022403   0.000478   0.156828   0.071853  -0.060046   0.011402  -0.001833 
 -0.016232   0.147373   0.773491  -0.000115   0.168965   0.019996  -0.004783  -0.002757   0.103000  -0.005730   0.088121  -0.002407 
 -0.019298   0.061988   0.767014   0.005615   0.174408   0.035237  -0.003066  -0.085385  -0.006477   0.005730   0.005443   0.015241 
 -0.020768   0.137983   0.760145   0.019079   0.152980   0.026471  -0.001470   0.075995  -0.006869   0.013464  -0.021428  -0.008766 
 -0.023031   0.190948   0.802091  -0.013522   0.178476   0.029679  -0.002263   0.052965   0.041946  -0.032601   0.025496   0.003208 
 -0.020392   0.082188   0.801960  -0.012777   0.178476   0.030825   0.002639  -0.108760  -0.000131   0.000745   0.000000   0.001146 
 -0.022773   0.082714   0.809658  -0.063770   0.185123   0.033862  -0.002381   0.000526   0.007698  -0.050993   0.006647   0.003037 
 -0.024117   0.195562   0.817125  -0.039076   0.169538   0.030596  -0.001344   0.112848   0.007467   0.024694  -0.015585  -0.003266 
 -0.022535   0.077402   0.838661  -0.068010   0.175440   0.019652   0.001582  -0.118160   0.021536  -0.028934   0.005902  -0.010944 
 -0.019268   0.089758   0.834045  -0.123186   0.143870   0.021142   0.003267   0.012356  -0.004616  -0.055176  -0.031570   0.001490 
 -0.023658   0.173531   0.852253  -0.091501   0.151433   0.028361  -0.004390   0.083773   0.018208   0.031685   0.007563   0.007219 
 -0.022210   0.071280   0.871005  -0.091960   0.132411   0.012032   0.001448  -0.102251   0.018752  -0.000459  -0.019022  -0.016329 
 -0.020306   0.107914   0.817912  -0.104450   0.152120   0.022689   0.001904   0.036634  -0.053093  -0.012490   0.019709   0.010657 
 -0.026302   0.178546   0.881073  -0.152349   0.145359   0.026643  -0.005996   0.070632   0.063161  -0.047899  -0.006761   0.003954 
 -0.021364   0.083196   0.877067  -0.092705   0.147422   0.016043   0.004938  -0.095350  -0.004006   0.059644   0.002063  -0.010600 
 -0.024521   0.065825   0.845770  -0.100841   0.167074   0.020856  -0.003157  -0.017371  -0.031297  -0.008136   0.019652   0.004813 
 -0.017804   0.165519   0.878727  -0.165184   0.116540   0.025955   0.006717   0.099694   0.032957  -0.064343  -0.050534   0.005099 
 -0.020943   0.119450   0.883112  -0.107544   0.156417   0.028361  -0.003139  -0.046069   0.004385   0.057640   0.039877   0.002406 
 -0.023526   0.055685   0.874647  -0.080329   0.167132   0.022059  -0.002583  -0.063765  -0.008465   0.027215   0.010715  -0.006302 
 -0.019197   0.113224   0.865012  -0.163408   0.132869   0.021772   0.004329   0.057539  -0.009635  -0.083079  -0.034263  -0.000287 
 -0.019186   0.155220   0.870683  -0.136249   0.140375   0.024981   0.000011   0.041996   0.005671   0.027159   0.007506   0.003209 
 -0.025291   0.083652   0.870642  -0.105596   0.157735   0.019652  -0.006105  -0.071568  -0.000041   0.030653   0.017360  -0.005329 
 -0.022483   0.063954   0.895911  -0.139286   0.164897   0.025439   0.002808  -0.019698   0.025269  -0.033690   0.007162   0.005787 
 -0.019214   0.158341   0.886016  -0.155157   0.153495   0.031856   0.003269   0.094387  -0.009895  -0.015871  -0.011402   0.006417 
 -0.024178   0.140898   0.930088  -0.161689   0.126108   0.023778  -0.004964  -0.017443   0.044072  -0.006532  -0.027387  -0.008078 
 -0.020785   0.049117   0.958420  -0.121123   0.140088   0.039248   0.003393  -0.091781   0.028332   0.040566   0.013980   0.015470 
 -0.024283   0.129049   0.903113  -0.126394   0.157563   0.030825  -0.003498   0.079932  -0.055307  -0.005271   0.017475  -0.008423 
 -0.019054   0.164811   0.919805  -0.145531   0.170340   0.025439   0.005229   0.035762   0.016692  -0.019137   0.012777  -0.005386 
 -0.014085   0.098404   0.955315  -0.130921   0.122498   0.012204   0.004969  -0.066407   0.035510   0.014610  -0.047842  -0.013235 
 -0.024659   0.063413   0.904992  -0.093679   0.148797   0.020283  -0.010574  -0.034991  -0.050323   0.037242   0.026299   0.008079 
 -0.022260   0.164888   0.914987  -0.171601   0.132239   0.021314   0.002399   0.101475   0.009995  -0.077922  -0.016558   0.001031 
 -0.021795   0.118850   0.918164  -0.133958   0.145589   0.025611   0.000465  -0.046038   0.003177   0.037643   0.013350   0.004297 
 -0.019209   0.057010   0.918184  -0.097632   0.139114   0.020111   0.002586  -0.061840   0.000020   0.036326  -0.006475  -0.005500 
 -0.022393   0.133652   0.903492  -0.131838   0.170340   0.030252  -0.003184   0.076642  -0.014692  -0.034206   0.031226   0.010141 
 -0.024074   0.140655   0.949576  -0.168106   0.158652   0.025439  -0.001681   0.007003   0.046084  -0.036268  -0.011688  -0.004813 
 -0.023115   0.054205   0.946832  -0.148511   0.159454   0.039649   0.000959  -0.086450  -0.002744   0.019595   0.000802   0.014210 
 -0.018829   0.108150   0.915239  -0.152292   0.143927   0.027215   0.004286   0.053945  -0.031593  -0.003781  -0.015527  -0.012434 
 -0.019743   0.155518   0.920984  -0.128686   0.155902   0.025439  -0.000914   0.047368   0.005745   0.023606   0.011975  -0.001776 
 -0.022512   0.105934   0.924074  -0.124848   0.162548   0.024064  -0.002769  -0.049584   0.003090   0.003838   0.006646  -0.001375 
 -0.019966   0.056916   0.971583  -0.132697   0.124103   0.027674   0.002546  -0.049018   0.047509  -0.007849  -0.038445   0.003610 
 -0.014902   0.108314   0.921169  -0.144557   0.136077   0.019137   0.005064   0.051398  -0.050414  -0.011860   0.011974  -0.008537 
 -0.018612   0.137387   0.940722  -0.167590   0.125650   0.020225  -0.003710   0.029073   0.019553  -0.023033  -0.010427   0.001088 
 -0.022791   0.101756   0.934019  -0.147995   0.144271   0.022746  -0.004179  -0.035631  -0.006703   0.019595   0.018621   0.002521 
 -0.022505   0.058663   0.950054  -0.112930   0.141578   0.015756   0.000286  -0.043093   0.016035   0.035065  -0.002693  -0.006990 
 -0.023540   0.115152   0.893214  -0.150917   0.160314   0.023319  -0.001035   0.056489  -0.056840  -0.037987   0.018736   0.007563 
 -0.012984   0.146017   0.914062  -0.158480   0.162892   0.026986   0.010556   0.030865   0.020848  -0.007563   0.002578   0.003667 
 -0.021070   0.082666   0.921868  -0.133499   0.147422   0.016157  -0.008086  -0.063351   0.007806   0.024981  -0.015470  -0.010829 
 -0.023449   0.097530   0.922993  -0.162835   0.128171   0.012032  -0.002379   0.014864   0.001125  -0.029336  -0.019251  -0.004125 
 -0.017734   0.130969   0.917057  -0.151662   0.147250   0.022632   0.005715   0.033439  -0.005936   0.011173   0.019079   0.010600 
 -0.021556   0.082351   0.951827  -0.158308   0.157162   0.020054  -0.003822  -0.048618   0.034770  -0.006646   0.009912  -0.002578 
 -0.020886   0.056950   0.924277  -0.124790   0.141864   0.013923   0.000670  -0.025401  -0.027550   0.033518  -0.015298  -0.006131 
 -0.018796   0.132632   0.908933  -0.180768   0.125019   0.013522   0.002090   0.075682  -0.015344  -0.055978  -0.016845  -0.000401 
 -0.022721   0.132703   0.903783  -0.158996   0.144328   0.019824  -0.003925   0.000071  -0.005150   0.021772   0.019309   0.006302 
 -0.013384   0.086106   0.952586  -0.169997   0.131780   0.004641   0.009337  -0.046597   0.048803  -0.011001  -0.012548  -0.015183 
 -0.013045   0.067577   0.915155  -0.147078   0.145359   0.014209   0.000339  -0.018529  -0.037431   0.022919   0.013579   0.009568 
 -0.017270   0.145903   0.895370  -0.194118   0.121524   0.017418  -0.004225   0.078326  -0.019785  -0.047040  -0.023835   0.003209 
 -0.020597   0.124638   0.941803  -0.144213   0.149427   0.021199  -0.003327  -0.021265   0.046433   0.049905   0.027903   0.003781 
 -0.019283   0.058582   0.926570  -0.137052   0.154355   0.021772   0.001314  -0.066056  -0.015233   0.007161   0.004928   0.000573 
  0.000768   0.115168   1.000367  -0.188618   0.145818   0.004011   0.020051   0.056586   0.073797  -0.051566  -0.008537  -0.017761 
  0.005914   0.106758   1.229550  -0.242189   0.338446   0.031398   0.005146  -0.008410   0.229183  -0.053571   0.192628   0.027387 
 -0.002616   0.039128   1.183045  -0.082506   0.274332   0.039821  -0.008530  -0.067630  -0.046505   0.159683  -0.064114   0.008423 
 -0.028898   0.090662   0.993965   0.321257   0.370990   0.011058  -0.026282   0.051534  -0.189080   0.403763   0.096658  -0.028763 
 -0.028107   0.182605   0.957446  -0.103476   0.258117   0.034435   0.000791   0.091943  -0.036519  -0.424733  -0.112873   0.023377 
 -0.021929   0.128900   0.978579  -0.180195   0.271926   0.037758   0.006178  -0.053705   0.021133  -0.076719   0.013809   0.003323 
 -0.012462   0.116838   1.005443  -0.168851   0.273244   0.024637   0.009467  -0.012062   0.026864   0.011344   0.001318  -0.013121 
 -0.017906   0.120068   1.055408  -0.180195   0.252159   0.029221  -0.005444   0.003230   0.049965  -0.011344  -0.021085   0.004584 
 -0.005489   0.125731   1.106844  -0.218698   0.257086   0.024293   0.012417   0.005663   0.051436  -0.038503   0.004927  -0.004928 
  0.004193   0.104809   1.137715  -0.227120   0.278171   0.021314   0.009682  -0.020922   0.030871  -0.008422   0.021085  -0.002979 
  0.001821   0.059235   1.146565  -0.286593   0.243965   0.028533  -0.002372  -0.045574   0.008850  -0.059473  -0.034206   0.007219 
 -0.006956   0.117247   1.137935  -0.295131   0.217437   0.025325  -0.008777   0.058012  -0.008630  -0.008538  -0.026528  -0.003208 
 -0.009408   0.117657   1.117997  -0.317132   0.225230   0.024064  -0.002452   0.000410  -0.019938  -0.022001   0.007793  -0.001261 
 -0.010526   0.096544   1.150178  -0.349046   0.248606   0.034435  -0.001118  -0.021113   0.032181  -0.031914   0.023376   0.010371 
 -0.013094   0.105165   1.155708  -0.276796   0.295417   0.071906  -0.002568   0.008621   0.005530   0.072250   0.046811   0.037471 
 -0.014168   0.029845   1.172484  -0.320054   0.270665   0.063713  -0.001074  -0.075320   0.016776  -0.043258  -0.024752  -0.008193 
 -0.000230   0.041071   1.132010  -0.271983   0.253075   0.050649   0.013938   0.011226  -0.040474   0.048071  -0.017590  -0.013064 
  0.002668   0.150718   1.130947  -0.302522   0.258805   0.056895   0.002898   0.109647  -0.001063  -0.030539   0.005730   0.006246 
 -0.004306   0.110121   1.155378  -0.293183   0.268373   0.058957  -0.006974  -0.040597   0.024431   0.009339   0.009568   0.002062 
 -0.007894   0.060331   1.150878  -0.257487   0.241788   0.049102  -0.003588  -0.049790  -0.004500   0.035696  -0.026585  -0.009855 
 -0.002646   0.038988   1.127327  -0.245742   0.254622   0.051509   0.005248  -0.021343  -0.023551   0.011745   0.012834   0.002407 
 -0.012055   0.123943   1.138902  -0.319997   0.267800   0.042513  -0.009409   0.084955   0.011575  -0.074255   0.013178  -0.008996 
 -0.013476   0.112543   1.196939  -0.384283   0.262300   0.047269  -0.001421  -0.011400   0.058037  -0.064286  -0.005500   0.004756 
 -0.013890   0.083512   1.197610  -0.377808   0.248893   0.044175  -0.000414  -0.029031   0.000671   0.006475  -0.013407  -0.003094 
 -0.007968   0.024401   1.180552  -0.382564   0.219615   0.030367   0.005922  -0.059111  -0.017058  -0.004756  -0.029278  -0.013808 
 -0.007147   0.036182   1.143984  -0.402159   0.214057   0.036784   0.000821   0.011781  -0.036568  -0.019595  -0.005558   0.006417 
 -0.005486   0.107264   1.141475  -0.419520   0.212739   0.031742   0.001661   0.071082  -0.002509  -0.017361  -0.001318  -0.005042 
 -0.003980   0.081558   1.085793  -0.416082   0.211135   0.037471   0.001506  -0.025706  -0.055682   0.003438  -0.001604   0.005729 
 -0.002759   0.013929   0.984321  -0.356036   0.171945   0.039305   0.001221  -0.067629  -0.101472   0.060046  -0.039190   0.001834 
  0.003769   0.087104   0.977062  -0.376261   0.137338   0.021028   0.006528   0.073175  -0.007259  -0.020225  -0.034607  -0.018277 
 -0.000282   0.120684   1.003403  -0.349046   0.168278   0.024465  -0.004051   0.033580   0.026341   0.027215   0.030940   0.003437 
 -0.006379   0.044378   1.148558  -0.391158   0.180654   0.024408  -0.006097  -0.076306   0.145155  -0.042112   0.012376  -0.000057 
 -0.003871   0.064692   0.941190  -0.364344   0.130978   0.024408   0.002508   0.020314  -0.207368   0.026814  -0.049676   0.000000 
 -0.003757   0.117931   0.950021  -0.343603   0.150802   0.015355   0.000114   0.053239   0.008831   0.020741   0.019824  -0.009053 
 -0.015013   0.034845   1.237525  -0.454012   0.150860   0.021028  -0.011256  -0.083086   0.287504  -0.110409   0.000058   0.005673 
 -0.010249  -0.015592   1.338806  -0.473149   0.150917   0.019137   0.004764  -0.050437   0.101281  -0.019137   0.000057  -0.001891 
 -0.014176   0.089345   1.329814  -0.467591   0.150917   0.024465  -0.003927   0.104937  -0.008992   0.005558   0.000000   0.005328 
 -0.019192   0.127773   1.261064  -0.445188   0.150917   0.019538  -0.005016   0.038428  -0.068750   0.022403   0.000000  -0.004927 
 -0.024840   0.124382   0.764580  -0.371105  -0.038159  -0.011173  -0.005648  -0.003391  -0.496484   0.074083  -0.189076  -0.030711 
 -0.024796   0.040287   0.880607  -0.364516  -0.100153  -0.007391   0.000044  -0.084095   0.116027   0.006589  -0.061994   0.003782 
 -0.019638   0.130760   0.888335  -0.408003  -0.050936  -0.014037   0.005158   0.090473   0.007728  -0.043487   0.049217  -0.006646 
  0.003519   0.086842   0.852676  -0.384455   0.011345  -0.002693   0.023157  -0.043918  -0.035659   0.023548   0.062281   0.011344 
  0.002840  -0.117967   1.480179  -0.569692   0.091444   0.003495  -0.000679  -0.204809   0.627503  -0.185237   0.080099   0.006188 
 -0.002084   0.028950   1.725896  -0.571984   0.057582   0.000458  -0.004924   0.146917   0.245717  -0.002292  -0.033862  -0.003037 
  0.001885   0.047799   1.497847  -0.557660   0.058442  -0.003667   0.003969   0.018849  -0.228049   0.014324   0.000860  -0.004125 
  0.001706   0.011880   1.546744  -0.568489   0.082850   0.005157  -0.000179  -0.035919   0.048897  -0.010829   0.024408   0.008824 
  0.001600   0.051246   1.632833  -0.582641   0.086001   0.012490  -0.000106   0.039366   0.086089  -0.014152   0.003151   0.007333 
  0.007043   0.046181   1.736805  -0.590949   0.061077   0.007162   0.005443  -0.005065   0.103972  -0.008308  -0.024924  -0.005328 
  0.001206  -0.012579   1.914886  -0.581495   0.113446   0.013293  -0.005837  -0.058760   0.178081   0.009454   0.052369   0.006131 
  0.014064   0.027160   2.123759  -0.324523  -0.011918  -0.038159   0.012858   0.039739   0.208873   0.256972  -0.125364  -0.051452 
  0.031264   0.198144   1.921177  -0.284416   0.066921  -0.013980   0.017200   0.170984  -0.202582   0.040107   0.078839   0.024179 
  0.021612   0.086960   1.599201  -0.455903   0.060504  -0.013063  -0.009652  -0.111184  -0.321976  -0.171487  -0.006417   0.000917 
  0.015710   0.006491   1.616971  -0.471659   0.072995  -0.013866  -0.005902  -0.080469   0.017770  -0.015756   0.012491  -0.000803 
  0.016197   0.108695   1.651918  -0.507297   0.049618  -0.009969   0.000487   0.102204   0.034947  -0.035638  -0.023377   0.003897 
  0.016367   0.084104   1.694905  -0.491655   0.039649  -0.013694   0.000170  -0.024591   0.042987   0.015642  -0.009969  -0.003725 
  0.019832   0.014196   1.685762  -0.526147   0.043487  -0.015413   0.003465  -0.069908  -0.009143  -0.034492   0.003838  -0.001719 
  0.016458   0.017531   1.683068  -0.545914   0.043029  -0.009339  -0.003374   0.003335  -0.002694  -0.019767  -0.000458   0.006074 
  0.016193   0.118046   1.692293  -0.536976   0.048587  -0.010600  -0.000265   0.100515   0.009225   0.008938   0.005558  -0.001261 
  0.016188   0.045952   1.694106  -0.560295   0.053514  -0.008594  -0.000005  -0.072094   0.001813  -0.023319   0.004927   0.002006 
  0.015829  -0.020394   1.691477  -0.556628   0.071963  -0.006532  -0.000359  -0.066346  -0.002629   0.003667   0.018449   0.002062 
  0.013781   0.091887   1.673609  -0.561327   0.037013  -0.013063  -0.002048   0.112281  -0.017868  -0.004699  -0.034950  -0.006531 
  0.019903   0.112881   1.671984  -0.552847   0.051509  -0.013694   0.006122   0.020994  -0.001625   0.008480   0.014496  -0.000631 
  0.019804   0.051537   1.668217  -0.530903   0.042743  -0.016272  -0.000099  -0.061344  -0.003767   0.021944  -0.008766  -0.002578 
  0.016395   0.027476   1.665317  -0.524199   0.041769  -0.012548  -0.003409  -0.024061  -0.002900   0.006704  -0.000974   0.003724 
  0.016165   0.124054   1.675839  -0.573703   0.049962  -0.011918  -0.000230   0.096578   0.010522  -0.049504   0.008193   0.000630 
  0.016194   0.065023   1.692028  -0.541331   0.047613  -0.020283   0.000029  -0.059031   0.016189   0.032372  -0.002349  -0.008365 
  0.013672  -0.007890   1.634997  -0.547862   0.037701  -0.010542  -0.002522  -0.072913  -0.057031  -0.006531  -0.009912   0.009741 
  0.016079   0.099630   1.524870  -0.532278   0.048530  -0.011287   0.002407   0.107520  -0.110127   0.015584   0.010829  -0.000745 
  0.015978   0.066455   1.276431  -0.469367   0.042915  -0.012892  -0.000101  -0.033175  -0.248439   0.062911  -0.005615  -0.001605 
  0.016223  -0.075302   1.525102  -0.519329   0.047785  -0.014324   0.000245  -0.141757   0.248671  -0.049962   0.004870  -0.001432 
  0.011628   0.069016   1.517207  -0.547289   0.039935  -0.008938  -0.004595   0.144318  -0.007895  -0.027960  -0.007850   0.005386 
  0.009338   0.059536   1.523569  -0.539726   0.052196  -0.004985  -0.002290  -0.009480   0.006362   0.007563   0.012261   0.003953 
  0.016169   0.004779   1.283173  -0.511136   0.036956  -0.013350   0.006831  -0.054757  -0.240396   0.028590  -0.015240  -0.008365 
  0.013408   0.098051   1.055516  -0.494463   0.054259  -0.010371  -0.002761   0.093272  -0.227657   0.016673   0.017303   0.002979 
 -0.004441   0.060066   1.167710  -0.423359   0.073682  -0.014095  -0.017849  -0.037985   0.112194   0.071104   0.019423  -0.003724 
  0.015906  -0.022173   1.122123  -0.502942   0.043430  -0.008995   0.020347  -0.082239  -0.045587  -0.079583  -0.030252   0.005100 
  0.042558   0.020658   1.461940  -0.594959   0.072365   0.011746   0.026652   0.042831   0.339817  -0.092017   0.028935   0.020741 
  0.020765   0.087032   1.623613  -0.593642   0.064916   0.008480  -0.021793   0.066374   0.161673   0.001317  -0.007449  -0.003266 
  0.004351   0.009913   1.552451  -0.553133   0.042857  -0.001547  -0.016414  -0.077119  -0.071162   0.040509  -0.022059  -0.010027 
 -0.000158   0.057360   1.536425  -0.605158   0.043086   0.016501  -0.004509   0.047447  -0.016026  -0.052025   0.000229   0.018048 
  0.016541   0.123456   1.553849  -0.593584   0.055634   0.007277   0.016699   0.066096   0.017424   0.011574   0.012548  -0.009224 
  0.000561   0.069241   1.564517  -0.629108   0.072708   0.006761  -0.015980  -0.054215   0.010668  -0.035524   0.017074  -0.000516 
  0.006352   0.052710   1.613759  -0.625842   0.055921   0.011746   0.005791  -0.016531   0.049242   0.003266  -0.016787   0.004985 
  0.011575  -0.070125   1.653802  -0.611575   0.018220  -0.009454   0.005223  -0.122835   0.040043   0.014267  -0.037701  -0.021200 
  0.015713  -0.015574   1.637554  -0.628936   0.030195  -0.004297   0.004138   0.054551  -0.016248  -0.017361   0.011975   0.005157 
  0.011387   0.106121   1.619271  -0.617935   0.028705   0.003209  -0.004326   0.121695  -0.018283   0.011001  -0.001490   0.007506 
  0.011400   0.106444   1.650166  -0.595762   0.022517  -0.003266   0.000013   0.000323   0.030895   0.022173  -0.006188  -0.006475 
  0.011554   0.038797   1.659443  -0.586422   0.018736  -0.001432   0.000154  -0.067647   0.009277   0.009340  -0.003781   0.001834 
  0.012265  -0.032999   1.647968  -0.591006   0.030080  -0.005386   0.000711  -0.071796  -0.011475  -0.004584   0.011344  -0.003954 
  0.013016   0.054608   1.632512  -0.598340   0.033403   0.001031   0.000751   0.087607  -0.015456  -0.007334   0.003323   0.006417 
  0.007237   0.101366   1.634672  -0.593069   0.045493   0.003610  -0.005779   0.046758   0.002160   0.005271   0.012090   0.002579 
  0.012660   0.073566   1.654532  -0.600975   0.024637   0.000344   0.005423  -0.027800   0.019860  -0.007906  -0.020856  -0.003266 
  0.014322   0.006287   1.662525  -0.601147   0.046410   0.002979   0.001662  -0.067279   0.007993  -0.000172   0.021773   0.002635 
  0.012123  -0.025413   1.631794  -0.588542   0.025382  -0.002063  -0.002199  -0.031700  -0.030731   0.012605  -0.021028  -0.005042 
  0.011605   0.113577   1.624290  -0.585334   0.038159   0.005787  -0.000518   0.138990  -0.007504   0.003208   0.012777   0.007850 
  0.007367   0.100046   1.654022  -0.586308   0.040680   0.003209  -0.004238  -0.013531   0.029732  -0.000974   0.002521  -0.002578 
  0.014967   0.009408   1.679640  -0.617133   0.039821  -0.001776   0.007600  -0.090638   0.025618  -0.030825  -0.000859  -0.004985 
  0.018126  -0.014957   1.646522  -0.595590   0.039305  -0.008193   0.003159  -0.024365  -0.033118   0.021543  -0.000516  -0.006417 
  0.007543   0.092303   1.650200  -0.591865   0.028419   0.001776  -0.010583   0.107260   0.003678   0.003725  -0.010886   0.009969 
  0.015353   0.087419   1.656064  -0.593470   0.031685  -0.003839   0.007810  -0.004884   0.005864  -0.001605   0.003266  -0.005615 
  0.014214   0.030343   1.647186  -0.570093   0.041769  -0.009167  -0.001139  -0.057076  -0.008878   0.023377   0.010084  -0.005328 
  0.014483   0.010960   1.493968  -0.596793   0.032659   0.001089   0.000269  -0.019383  -0.153218  -0.026700  -0.009110   0.010256 
  0.014860   0.115497   1.178183  -0.520532   0.021028  -0.006360   0.000377   0.104537  -0.315785   0.076261  -0.011631  -0.007449 
 -0.010238   0.040768   1.532775  -0.441521   0.049217   0.004756  -0.025098  -0.074729   0.354592   0.079011   0.028189   0.011116 
 -0.024261   0.006043   2.064982  -0.087090   0.216349   0.065546  -0.014023  -0.034725   0.532207   0.354431   0.167132   0.060790 
 -0.024858   0.152716   2.096825  -0.079412   0.240012   0.065031  -0.000597   0.146673   0.031843   0.007678   0.023663  -0.000515 
 -0.043080   0.224076   1.762896  -0.217437   0.391445   0.032888  -0.018222   0.071360  -0.333929  -0.138025   0.151433  -0.032143 
 -0.003706  -0.037098   1.934167   0.057697   0.218182   0.009110   0.039374  -0.261174   0.171271   0.275134  -0.173263  -0.023778 
  0.001890  -0.045389   1.752567   0.460314   0.206265   0.035294   0.005596  -0.008291  -0.181600   0.402617  -0.011917   0.026184 
  0.019858   0.285789   1.652894   1.247043   0.105711   0.027617   0.017968   0.331178  -0.099673   0.786729  -0.100554  -0.007677 
  0.000697   0.536358   1.461336   1.397387   0.083996   0.054374  -0.019161   0.250569  -0.191558   0.150344  -0.021715   0.026757 
 -0.050618   0.429855   1.364265   0.675861   0.233538   0.085714  -0.051315  -0.106503  -0.097071  -0.721526   0.149542   0.031340 
 -0.069117   0.276524   1.556272   0.308194   0.323263   0.085027  -0.018499  -0.153331   0.192007  -0.367667   0.089725  -0.000687 
 -0.061985   0.221733   1.606407   0.097861   0.337816   0.072021   0.007132  -0.054791   0.050135  -0.210333   0.014553  -0.013006 
 -0.052039   0.184874   1.684780  -0.015069   0.323263   0.074771   0.009946  -0.036859   0.078373  -0.112930  -0.014553   0.002750 
 -0.041558   0.085579   1.976339   0.005443   0.158022   0.054030   0.010481  -0.099295   0.291559   0.020512  -0.165241  -0.020741 
 -0.025584  -0.007228   2.376647   0.025382   0.253018   0.051222   0.015974  -0.092807   0.400308   0.019939   0.094996  -0.002808 
 -0.023934   0.035051   2.072283   0.019309   0.157220   0.072307   0.001650   0.042279  -0.304364  -0.006073  -0.095798   0.021085 
 -0.027170   0.095621   1.977854   0.095512   0.151834   0.055863  -0.003236   0.060570  -0.094429   0.076203  -0.005386  -0.016444 
 -0.013513   0.077397   2.018470   0.067781   0.193259   0.077407   0.013657  -0.018224   0.040616  -0.027731   0.041425   0.021544 
 -0.003983  -0.016049   2.181678   0.104106   0.248320   0.044404   0.009530  -0.093446   0.163208   0.036325   0.055061  -0.033003 
  0.020125  -0.024794   2.253813   0.028075   0.277025  -0.001948   0.024108  -0.008745   0.072135  -0.076031   0.028705  -0.046352 
  0.090238   0.070338   2.439448   0.007047   0.341024  -0.029966   0.070113   0.095132   0.185635  -0.021028   0.063999  -0.028018 
  0.060155   0.133248   2.311368  -0.074255   0.187071   0.000516  -0.030083   0.062910  -0.128080  -0.081302  -0.153953   0.030482 
  0.001636   0.051473   2.294586  -0.088808   0.132411   0.018793  -0.058519  -0.081775  -0.016782  -0.014553  -0.054660   0.018277 
  0.013587   0.039689   2.443223  -0.016730   0.164725   0.026299   0.011951  -0.011784   0.148637   0.072078   0.032314   0.007506 
  0.015900   0.088088   2.390057  -0.042399   0.137166   0.011115   0.002313   0.048399  -0.053166  -0.025669  -0.027559  -0.015184 
  0.021851   0.059930   2.375113  -0.056837   0.139229   0.004870   0.005951  -0.028158  -0.014944  -0.014438   0.002063  -0.006245 
  0.026797   0.057514   2.343594  -0.070531   0.123071  -0.003839   0.004946  -0.002416  -0.031519  -0.013694  -0.016158  -0.008709 
  0.025355   0.039336   2.341670  -0.044060   0.105023  -0.011574  -0.001442  -0.018178  -0.001924   0.026471  -0.018048  -0.007735 
  0.026306   0.019246   2.324779  -0.044060   0.105080  -0.012319   0.000951  -0.020090  -0.016891   0.000000   0.000057  -0.000745 
  0.027335   0.104641   2.320826  -0.077808   0.094767  -0.015011   0.001029   0.085395  -0.003953  -0.033748  -0.010313  -0.002692 
  0.023817   0.075970   2.325549  -0.090470   0.087834  -0.014439  -0.003518  -0.028671   0.004723  -0.012662  -0.006933   0.000572 
  0.020373   0.060763   2.328672  -0.076203   0.112644  -0.007334  -0.003444  -0.015207   0.003123   0.014267   0.024810   0.007105 
  0.027300   0.035113   2.316319  -0.070989   0.087663  -0.020798   0.006927  -0.025650  -0.012353   0.005214  -0.024981  -0.013464 
  0.027433   0.042263   2.314248  -0.113732   0.099465  -0.009969   0.000133   0.007150  -0.002071  -0.042743   0.011802   0.010829 
  0.029919   0.100848   2.298273  -0.117972   0.080386  -0.021715   0.002486   0.058585  -0.015975  -0.004240  -0.019079  -0.011746 
  0.034644   0.074166   2.310038  -0.114477   0.080386  -0.024752   0.004725  -0.026682   0.011765   0.003495   0.000000  -0.003037 
  0.031445   0.051764   2.301709  -0.093449   0.083480  -0.017418  -0.003199  -0.022402  -0.008329   0.021028   0.003094   0.007334 
  0.033044   0.036144   2.286179  -0.081016   0.079527  -0.024981   0.001599  -0.015620  -0.015530   0.012433  -0.003953  -0.007563 
  0.028599   0.104959   2.281396  -0.125191   0.073281  -0.019996  -0.004445   0.068815  -0.004783  -0.044175  -0.006246   0.004985 
  0.027843   0.089427   2.295835  -0.132239   0.086459  -0.018048  -0.000756  -0.015532   0.014439  -0.007048   0.013178   0.001948 
  0.031111   0.035865   2.280683  -0.105825   0.077750  -0.024752   0.003268  -0.053562  -0.015152   0.026414  -0.008709  -0.006704 
  0.029110   0.067298   2.268444  -0.118660   0.068526  -0.020512  -0.002001   0.031433  -0.012239  -0.012835  -0.009224   0.004240 
  0.031958   0.106147   2.254300  -0.134588   0.075917  -0.021142   0.002848   0.038849  -0.014144  -0.015928   0.007391  -0.000630 
  0.035348   0.071744   2.254018  -0.118831   0.078954  -0.024924   0.003390  -0.034403  -0.000282   0.015757   0.003037  -0.003782 
  0.031829   0.034382   2.245193  -0.144901   0.076547  -0.023262  -0.003519  -0.037362  -0.008825  -0.026070  -0.002407   0.001662 
  0.029271   0.104626   2.241869  -0.156016   0.073396  -0.022689  -0.002558   0.070244  -0.003324  -0.011115  -0.003151   0.000573 
  0.027331   0.086893   2.242289  -0.144099   0.068583  -0.019194  -0.001940  -0.017733   0.000420   0.011917  -0.004813   0.003495 
  0.025875   0.039570   2.244336  -0.143526   0.058442  -0.034950  -0.001456  -0.047323   0.002047   0.000573  -0.010141  -0.015756 
  0.025259   0.068350   2.235482  -0.133499   0.064802  -0.020225  -0.000616   0.028780  -0.008854   0.010027   0.006360   0.014725 
  0.026313   0.103112   2.231951  -0.146047   0.056837  -0.030424   0.001054   0.034762  -0.003531  -0.012548  -0.007965  -0.010199 
  0.030070   0.055773   2.255640  -0.132353   0.071505  -0.029565   0.003757  -0.047339   0.023689   0.013694   0.014668   0.000859 
  0.027199   0.062244   2.247010  -0.145531   0.060161  -0.027387  -0.002871   0.006471  -0.008630  -0.013178  -0.011344   0.002178 
  0.021072   0.111760   2.233632  -0.194863   0.049160  -0.021028  -0.006127   0.049516  -0.013378  -0.049332  -0.011001   0.006359 
  0.022491   0.071508   2.218706  -0.194978   0.038617  -0.023033   0.001419  -0.040252  -0.014926  -0.000115  -0.010543  -0.002005 
  0.011707   0.021967   2.195892  -0.184550   0.011746  -0.034607  -0.010784  -0.049541  -0.022814   0.010428  -0.026871  -0.011574 
  0.011382   0.081283   2.168237  -0.200994   0.002406  -0.037758  -0.000325   0.059316  -0.027655  -0.016444  -0.009340  -0.003151 
