  0.000000   0.000000   0.000000   0.000000   0.000000   0.000000   0.000000   0.000000   0.000000   0.000000   0.000000   0.000000 
 -0.006258  -0.034597  -0.017089   0.007162   0.078610   0.061364  -0.006258  -0.034597  -0.017089   0.007162   0.078610   0.061364 
 -0.067219   0.148749   0.068791   0.111039   0.189477   0.121639  -0.060961   0.183346   0.085880   0.103877   0.110867   0.060275 
 -0.007891   0.036977   0.354848   0.080329   0.139573   0.077750   0.059328  -0.111772   0.286057  -0.030710  -0.049904  -0.043889 
  0.004615  -0.097304   0.720278  -0.173835   0.311173   0.060161   0.012506  -0.134281   0.365430  -0.254164   0.171600  -0.017589 
 -0.012432  -0.054240   0.768260  -0.203114   0.345895   0.091387  -0.017047   0.043064   0.047982  -0.029279   0.034722   0.031226 
  0.003299   0.062884   0.443864  -0.153324   0.151777   0.077750   0.015731   0.117124  -0.324396   0.049790  -0.194118  -0.013637 
  0.034179   0.233741  -0.028801  -0.259779   0.057468   0.034492   0.030880   0.170857  -0.472665  -0.106455  -0.094309  -0.043258 
  0.040064   0.202988  -0.044383  -0.255138   0.074141   0.033633   0.005885  -0.030753  -0.015582   0.004641   0.016673  -0.000859 
  0.038360   0.183630  -0.009917  -0.255138   0.074141   0.033346  -0.001704  -0.019358   0.034466   0.000000   0.000000  -0.000287 
  0.041950   0.145790   0.043316  -0.205635   0.047785   0.034664   0.003590  -0.037840   0.053233   0.049503  -0.026356   0.001318 
  0.046448   0.176501   0.037389  -0.215489   0.067552   0.046467   0.004498   0.030711  -0.005927  -0.009854   0.019767   0.011803 
  0.035547   0.191111   0.039111  -0.219386   0.074083   0.049675  -0.010901   0.014610   0.001722  -0.003897   0.006531   0.003208 
  0.043715   0.185825   0.124097  -0.233423   0.066864   0.056207   0.008168  -0.005286   0.084986  -0.014037  -0.007219   0.006532 
  0.040491   0.152874   0.257957  -0.274962   0.074141   0.047613  -0.003224  -0.032951   0.133860  -0.041539   0.007277  -0.008594 
  0.046411   0.131398   0.288995  -0.276338   0.056322   0.049389   0.005920  -0.021476   0.031038  -0.001376  -0.017819   0.001776 
  0.042624   0.221250   0.191667  -0.188045   0.037701   0.041998  -0.003787   0.089852  -0.097328   0.088293  -0.018621  -0.007391 
  0.034628   0.201118   0.160256  -0.244768   0.041597   0.055462  -0.007996  -0.020132  -0.031411  -0.056723   0.003896   0.013464 
  0.034767   0.195378   0.117075  -0.226662   0.045493   0.053113   0.000139  -0.005740  -0.043181   0.018106   0.003896  -0.002349 
  0.025565   0.177181   0.149449  -0.187300   0.055978   0.060791  -0.009202  -0.018197   0.032374   0.039362   0.010485   0.007678 
  0.039069   0.114960   0.233423  -0.196009   0.047441   0.064687   0.013504  -0.062221   0.083974  -0.008709  -0.008537   0.003896 
  0.040658   0.148471   0.226087  -0.159683   0.051738   0.068698   0.001589   0.033511  -0.007336   0.036326   0.004297   0.004011 
  0.041557   0.130504   0.263821  -0.153266   0.052025   0.061192   0.000899  -0.017967   0.037734   0.006417   0.000287  -0.007506 
  0.055118   0.183976   0.373368  -0.105596   0.146276   0.066979   0.013561   0.053472   0.109547   0.047670   0.094251   0.005787 
  0.046920   0.103761   0.700696  -0.047212   0.248148   0.108518  -0.008198  -0.080215   0.327328   0.058384   0.101872   0.041539 
  0.094872   0.148571   0.482187  -0.000229   0.136249   0.099465   0.047952   0.044810  -0.218509   0.046983  -0.111899  -0.009053 
  0.094245   0.237394   0.418479   0.011803   0.161001   0.088751  -0.000627   0.088823  -0.063708   0.012032   0.024752  -0.010714 
  0.073474   0.198722   0.412594   0.020626   0.184321   0.091845  -0.020771  -0.038672  -0.005885   0.008823   0.023320   0.003094 
  0.060684   0.169932   0.340185  -0.020856   0.175210   0.088751  -0.012790  -0.028790  -0.072409  -0.041482  -0.009111  -0.003094 
  0.054793   0.172661   0.339462  -0.040050   0.172861   0.088751  -0.005891   0.002729  -0.000723  -0.019194  -0.002349   0.000000 
  0.054779   0.135480   0.355656  -0.046639   0.170111   0.088751  -0.000014  -0.037181   0.016194  -0.006589  -0.002750   0.000000 
  0.050795   0.197804   0.307614  -0.036383   0.169137   0.088751  -0.003984   0.062324  -0.048042   0.010256  -0.000974   0.000000 
  0.040003   0.212653   0.309352  -0.040164   0.158079   0.088751  -0.010792   0.014849   0.001738  -0.003781  -0.011058   0.000000 
  0.050952   0.182016   0.311790  -0.044462   0.162605   0.088751   0.010949  -0.030637   0.002438  -0.004298   0.004526   0.000000 
  0.051447   0.148238   0.416455  -0.052598   0.161402   0.062166   0.000495  -0.033778   0.104665  -0.008136  -0.001203  -0.026585 
  0.054707   0.142813   0.469885  -0.060905   0.173492   0.057525   0.003260  -0.005425   0.053430  -0.008307   0.012090  -0.004641 
  0.054707   0.183932   0.466557  -0.044404   0.146276   0.083079   0.000000   0.041119  -0.003328   0.016501  -0.027216   0.025554 
  0.054814   0.193270   0.421670  -0.033633   0.176299   0.082964   0.000107   0.009338  -0.044887   0.010771   0.030023  -0.000115 
  0.054885   0.191133   0.403473  -0.033060   0.181055   0.082391   0.000071  -0.002137  -0.018197   0.000573   0.004756  -0.000573 
  0.054686   0.153963   0.476280  -0.044462   0.176127   0.075688  -0.000199  -0.037170   0.072807  -0.011402  -0.004928  -0.006703 
  0.049908   0.186823   0.442027  -0.115737   0.180424   0.084798  -0.004778   0.032860  -0.034253  -0.071275   0.004297   0.009110 
  0.054642   0.208131   0.368970  -0.013006   0.149313   0.081589   0.004734   0.021308  -0.073057   0.102731  -0.031111  -0.003209 
  0.065211   0.235026   0.230721   0.017361   0.118488   0.053858   0.010569   0.026895  -0.138249   0.030367  -0.030825  -0.027731 
  0.063215   0.269002  -0.086988   0.299084   0.121009   0.042628  -0.001996   0.033976  -0.317709   0.281723   0.002521  -0.011230 
  0.094735   0.191607   0.017252   0.121181   0.050649   0.008594   0.031520  -0.077395   0.104240  -0.177903  -0.070360  -0.034034 
  0.051175   0.148368   0.519012   0.078438   0.197785   0.052884  -0.043560  -0.043239   0.501760  -0.042743   0.147136   0.044290 
  0.019909   0.243255   0.252441  -0.072365   0.110982   0.088465  -0.031266   0.094887  -0.266571  -0.150803  -0.086803   0.035581 
  0.019373   0.252375   0.171865  -0.166559   0.071161   0.080787  -0.000536   0.009120  -0.080576  -0.094194  -0.039821  -0.007678 
  0.077136   0.207965   0.375821  -0.184206   0.041539   0.052884   0.057763  -0.044410   0.203956  -0.017647  -0.029622  -0.027903 
  0.065991   0.129852   1.000768  -0.083480   0.144615   0.069500  -0.011145  -0.078113   0.624947   0.100726   0.103076   0.016616 
  0.058774   0.202706   0.914634  -0.119003   0.264821   0.083652  -0.007217   0.072854  -0.086134  -0.035523   0.120206   0.014152 
  0.047712   0.270997   0.805675   0.266024   0.176070   0.080099  -0.011062   0.068291  -0.108959   0.385027  -0.088751  -0.003553 
  0.042800   0.223155   0.513585   0.113961   0.093449   0.097976  -0.004912  -0.047842  -0.292090  -0.152063  -0.082621   0.017877 
  0.038818   0.204415   0.758865   0.153381   0.224428   0.097976  -0.003982  -0.018740   0.245280   0.039420   0.130979   0.000000 
  0.032896   0.045592   1.175991   0.099695   0.117170   0.098033  -0.005922  -0.158823   0.417126  -0.053686  -0.107258   0.000057 
  0.010029   0.086226   1.193762   0.141692   0.083652   0.104450  -0.022867   0.040634   0.017771   0.041997  -0.033518   0.006417 
  0.018536   0.184011   1.266242   0.139974   0.080672   0.097976   0.008507   0.097785   0.072480  -0.001718  -0.002980  -0.006474 
  0.013514   0.093858   1.623236  -0.412759   0.052139   0.155386  -0.005022  -0.090153   0.356994  -0.552733  -0.028533   0.057410 
  0.032636  -0.003726   1.839174  -0.939593  -0.016788   0.134473   0.019122  -0.097584   0.215938  -0.526834  -0.068927  -0.020913 
  0.030654   0.139693   2.353800  -1.036022  -0.125764   0.182143  -0.001982   0.143419   0.514626  -0.096429  -0.108976   0.047670 
  0.055325   0.167043   2.313003  -0.963772  -0.091731   0.205233   0.024671   0.027350  -0.040797   0.072250   0.034033   0.023090 
  0.038637   0.251003   1.999962  -0.311001   0.109836   0.189706  -0.016688   0.083960  -0.313041   0.652771   0.201567  -0.015527 
  0.031135   0.128010   1.989358  -0.634207   0.128171   0.180253  -0.007502  -0.122993  -0.010604  -0.323206   0.018335  -0.009453 
  0.036892   0.110388   1.773546  -0.383481   0.107487   0.193316   0.005757  -0.017622  -0.215812   0.250726  -0.020684   0.013063 
  0.020161   0.080989   1.618558  -0.447938   0.112300   0.180825  -0.016731  -0.029399  -0.154988  -0.064457   0.004813  -0.012491 
  0.021675   0.073627   1.603092  -0.404909   0.128858   0.188045   0.001514  -0.007362  -0.015466   0.043029   0.016558   0.007220 
  0.044109   0.115225   1.457706  -0.088407   0.071333   0.198644   0.022434   0.041598  -0.145386   0.316502  -0.057525   0.010599 
  0.054917   0.071855   1.651222  -0.464440   0.052483   0.185295   0.010808  -0.043370   0.193516  -0.376033  -0.018850  -0.013349 
  0.057123   0.117636   1.539971  -0.604413   0.091329   0.186039   0.002206   0.045781  -0.111251  -0.139973   0.038846   0.000744 
  0.056602   0.094238   1.535133  -0.282468   0.095512   0.145417  -0.000521  -0.023398  -0.004838   0.321945   0.004183  -0.040622 
  0.058075   0.089957   1.485559   0.082850   0.361823   0.108404   0.001473  -0.004281  -0.049574   0.365318   0.266311  -0.037013 
  0.052604   0.017023   1.822906   0.153324   0.506495   0.069385  -0.005471  -0.072934   0.337347   0.070474   0.144672  -0.039019 
  0.018011   0.054174   2.104989   0.190337   0.100096   0.172861  -0.034593   0.037151   0.282083   0.037013  -0.406399   0.103476 
  0.021821  -0.016259   2.194157  -0.027387  -0.080501   0.246429   0.003810  -0.070433   0.089168  -0.217724  -0.180597   0.073568 
  0.090106   0.204536   1.699428   1.269904  -0.222480   0.061536   0.068285   0.220795  -0.494729   1.297291  -0.141979  -0.184893 
  0.093510   0.417290   1.908362   1.351378  -0.137911   0.116769   0.003404   0.212754   0.208934   0.081474   0.084569   0.055233 
  0.121767   0.198157   2.912719   1.286519  -0.247403   0.222480   0.028257  -0.219133   1.004357  -0.064859  -0.109492   0.105711 
  0.110898   0.203524   3.036339   1.498457  -0.243679   0.243049  -0.010869   0.005367   0.123620   0.211938   0.003724   0.020569 
  0.015426   0.378428   2.455168   1.612532  -0.015527   0.262988  -0.095472   0.174904  -0.581171   0.114075   0.228152   0.019939 
  0.017873   0.269971   2.362630   1.825386   0.011631   0.217953   0.002447  -0.108457  -0.092538   0.212854   0.027158  -0.045035 
  0.007444   0.214098   2.333611   1.771643   0.164840   0.199962  -0.010429  -0.055873  -0.029019  -0.053743   0.153209  -0.017991 
 -0.032709   0.155671   2.524205   1.544637   0.236230   0.221907  -0.040153  -0.058427   0.190594  -0.227006   0.071390   0.021945 
 -0.023422   0.228749   2.536815   1.591734   0.199905   0.229355   0.009287   0.073078   0.012610   0.047097  -0.036325   0.007448 
 -0.019094   0.358697   2.350980   1.682605   0.228381   0.218755   0.004328   0.129948  -0.185835   0.090871   0.028476  -0.010600 
 -0.000181   0.370969   2.189003   1.535641   0.183117   0.196983   0.018913   0.012272  -0.161977  -0.146964  -0.045264  -0.021772 
 -0.000372   0.277109   2.142624   1.348456   0.162663   0.185925  -0.000191  -0.093860  -0.046379  -0.187185  -0.020454  -0.011058 
  0.000084   0.274672   2.117407   1.218968   0.208671   0.165642   0.000456  -0.002437  -0.025217  -0.129488   0.046008  -0.020283 
 -0.000774   0.262189   2.116023   1.165511   0.180253   0.180825  -0.000858  -0.012483  -0.001384  -0.053457  -0.028418   0.015183 
  0.007708   0.226647   2.133063   0.815090   0.086173   0.184779   0.008482  -0.035542   0.017040  -0.350421  -0.094080   0.003954 
  0.023113   0.202273   2.172918   0.783119   0.052196   0.187529   0.015405  -0.024374   0.039855  -0.031971  -0.033977   0.002750 
  0.019183   0.281729   2.095751   0.959762   0.125134   0.172747  -0.003930   0.079456  -0.077167   0.176643   0.072938  -0.014782 
  0.020157   0.364148   2.058220   1.194388   0.056035   0.169481   0.000974   0.082419  -0.037531   0.234626  -0.069099  -0.003266 
  0.006034   0.340259   1.920767   1.117783   0.062682   0.172460  -0.014123  -0.023889  -0.137453  -0.076605   0.006647   0.002979 
  0.011410   0.388540   1.708127   1.153937   0.067208   0.166215   0.005376   0.048281  -0.212640   0.036154   0.004526  -0.006245 
  0.029301   0.303874   1.920884   1.122883   0.060504   0.159569   0.017891  -0.084666   0.212757  -0.031054  -0.006704  -0.006646 
  0.013499   0.281757   2.078909   1.112741   0.081933   0.175039  -0.015802  -0.022117   0.158025  -0.010142   0.021429   0.015470 
  0.027009   0.356932   2.211830   1.129758   0.053056   0.182086   0.013510   0.075175   0.132921   0.017017  -0.028877   0.007047 
  0.022458   0.307136   2.231954   1.135201   0.031742   0.198301  -0.004551  -0.049796   0.020124   0.005443  -0.021314   0.016215 
  0.027161   0.348104   2.041004   1.126435   0.021887   0.189305   0.004703   0.040968  -0.190950  -0.008766  -0.009855  -0.008996 
  0.028708   0.379235   1.683534   1.073837   0.117227   0.133556   0.001547   0.031131  -0.357470  -0.052598   0.095340  -0.055749 
  0.028675   0.364440   1.619515   1.047711   0.104393   0.119920  -0.000033  -0.014795  -0.064019  -0.026126  -0.012834  -0.013636 
  0.036644   0.231736   2.179061   0.890663   0.186440   0.140088   0.007969  -0.132704   0.559546  -0.157048   0.082047   0.020168 
  0.035019   0.257652   2.230825   1.093375   0.200650   0.138083  -0.001625   0.025916   0.051764   0.202712   0.014210  -0.002005 
  0.058632   0.275657   2.392081   1.197711   0.438943   0.118889   0.023613   0.018005   0.161256   0.104336   0.238293  -0.019194 
  0.031686   0.227727   2.552493   1.118643   0.319481   0.140661  -0.026946  -0.047930   0.160412  -0.079068  -0.119462   0.021772 
  0.057978   0.259521   2.556609   1.198227   0.060619   0.152464   0.026292   0.031794   0.004116   0.079584  -0.258862   0.011803 
  0.061298   0.314262   2.507267   1.232146   0.172804   0.127197   0.003320   0.054741  -0.049342   0.033919   0.112185  -0.025267 
  0.049428   0.313348   2.459290   1.198857   0.226433   0.110008  -0.011870  -0.000914  -0.047977  -0.033289   0.053629  -0.017189 
  0.041952   0.312228   2.405875   1.209858   0.199962   0.104221  -0.007476  -0.001120  -0.053415   0.011001  -0.026471  -0.005787 
  0.041243   0.366782   2.322020   1.286233   0.240298   0.134702  -0.000709   0.054554  -0.083855   0.076375   0.040336   0.030481 
  0.042059   0.341334   1.924693   1.220114   0.192571   0.163236   0.000816  -0.025448  -0.397327  -0.066119  -0.047727   0.028534 
  0.059609   0.169247   0.571458  -0.006875   0.035924   0.054546   0.017550  -0.172087  -1.353235  -1.226989  -0.156647  -0.108690 
  0.065332   0.170828   0.410079  -0.208385   0.083595   0.061135   0.005723   0.001581  -0.161379  -0.201510   0.047671   0.006589 
  0.040351   0.142379   0.438648  -0.175210   0.108289   0.078037  -0.024981  -0.028449   0.028569   0.033175   0.024694   0.016902 
 -0.098746   0.144911   0.435804  -0.157334  -0.004011   0.098663  -0.139097   0.002532  -0.002844   0.017876  -0.112300   0.020626 
 -0.273551   0.148709   0.529656  -0.038904  -0.399753   0.206895  -0.174805   0.003798   0.093852   0.118430  -0.395742   0.108232 
 -0.326755   0.118334   0.681371   0.075860  -0.700899   0.301949  -0.053204  -0.030375   0.151715   0.114764  -0.301146   0.095054 
 -0.102904   0.167926   0.620158   0.065947  -0.102674   0.218984   0.223851   0.049592  -0.061213  -0.009913   0.598225  -0.082965 
 -0.047684   0.156131   1.084482   0.113388   0.281036   0.169767   0.055220  -0.011795   0.464324   0.047441   0.383710  -0.049217 
 -0.070481   0.072908   1.376177   0.045378   0.297823   0.169309  -0.022797  -0.083223   0.291695  -0.068010   0.016787  -0.000458 
 -0.080646   0.146850   0.752677  -0.270837   0.143239   0.141750  -0.010165   0.073942  -0.623500  -0.316215  -0.154584  -0.027559 
 -0.083470   0.181094   0.549399  -0.258920   0.053743   0.121524  -0.002824   0.034244  -0.203278   0.011917  -0.089496  -0.020226 
 -0.075533   0.141816   0.583787  -0.527064   0.122155   0.121524   0.007937  -0.039278   0.034388  -0.268144   0.068412   0.000000 
 -0.064915  -0.022477   1.113198  -0.832508   0.260810   0.112472   0.010618  -0.164293   0.529411  -0.305444   0.138655  -0.009052 
 -0.077609  -0.066613   1.264698  -0.800938   0.354947   0.113388  -0.012694  -0.044136   0.151500   0.031570   0.094137   0.000916 
 -0.082172  -0.016308   1.319556  -0.787473   0.375287   0.092762  -0.004563   0.050305   0.054858   0.013465   0.020340  -0.020626 
 -0.064460  -0.042619   1.394331  -0.812798   0.330310   0.121524   0.017712  -0.026311   0.074775  -0.025325  -0.044977   0.028762 
 -0.047355  -0.032030   1.396766  -0.823054   0.286536   0.121524   0.017105   0.010589   0.002435  -0.010256  -0.043774   0.000000 
  0.040579  -0.049468   1.549104  -0.630884   0.011631   0.257487   0.087934  -0.017438   0.152338   0.192170  -0.274905   0.135963 
  0.006871   0.002705   1.455623  -0.765987   0.116253   0.226777  -0.033708   0.052173  -0.093481  -0.135103   0.104622  -0.030710 
 -0.014740   0.014304   1.396278  -0.847290   0.200191   0.181742  -0.021611   0.011599  -0.059345  -0.081303   0.083938  -0.045035 
 -0.012482   0.030511   1.307651  -0.702160   0.175669   0.170741   0.002258   0.016207  -0.088627   0.145130  -0.024522  -0.011001 
  0.029716  -0.026354   1.578753  -0.607736   0.173778   0.189191   0.042198  -0.056865   0.271102   0.094424  -0.001891   0.018450 
  0.034394  -0.023107   1.668761  -0.544081   0.143010   0.200363   0.004678   0.003247   0.090008   0.063655  -0.030768   0.011172 
  0.055691   0.017749   1.806376  -0.436995   0.212395   0.200879   0.021297   0.040856   0.137615   0.107086   0.069385   0.000516 
  0.099248   0.008975   2.156267  -0.207812   0.066119   0.235772   0.043557  -0.008774   0.349891   0.229183  -0.146276   0.034893 
  0.047260  -0.078370   2.150207   0.034950   0.069500   0.227407  -0.051988  -0.087345  -0.006060   0.242762   0.003381  -0.008365 
 -0.024261  -0.012890   2.075396   0.879318   0.295016   0.350249  -0.071521   0.065480  -0.074811   0.844368   0.225516   0.122842 
 -0.071834   0.104174   2.197960   1.590817   0.316903   0.316903  -0.047573   0.117064   0.122564   0.711499   0.021887  -0.033346 
 -0.022619   0.064355   2.403225   0.379355   0.230730   0.220933   0.049215  -0.039819   0.205265  -1.211462  -0.086173  -0.095970 
  0.037480   0.049387   2.494607   0.291922   0.254565   0.258289   0.060099  -0.014968   0.091382  -0.087433   0.023835   0.037356 
  0.010592  -0.054761   2.492593   0.416884   0.200650   0.223224  -0.026888  -0.104148  -0.002014   0.124962  -0.053915  -0.035065 
  0.022133   0.080453   2.398348   0.285333   0.173664   0.218068   0.011541   0.135214  -0.094245  -0.131551  -0.026986  -0.005156 
  0.057237   0.149507   2.039309   0.060390   0.186784   0.257315   0.035104   0.069054  -0.359039  -0.224943   0.013120   0.039247 
  0.109565   0.024600   1.060628  -0.732928  -0.027044   0.192113   0.052328  -0.124907  -0.978681  -0.793318  -0.213828  -0.065202 
  0.115095  -0.018240   0.838993  -0.990988  -0.077636   0.118545   0.005530  -0.042840  -0.221635  -0.258060  -0.050592  -0.073568 
  0.075889   0.093267   0.440167  -0.698092  -0.035065   0.080787  -0.039206   0.111507  -0.398826   0.292896   0.042571  -0.037758 
  0.076023   0.118068   0.382816  -0.609971   0.011574   0.078896   0.000134   0.024801  -0.057351   0.088121   0.046639  -0.001891 
  0.057219   0.128587   0.427016  -0.625498  -0.047441   0.088064  -0.018804   0.010519   0.044200  -0.015527  -0.059015   0.009168 
  0.053483   0.089237   0.582371  -0.565853  -0.099351   0.118660  -0.003736  -0.039350   0.155355   0.059645  -0.051910   0.030596 
  0.057150   0.057341   0.616964  -0.542648  -0.101929   0.116540   0.003667  -0.031896   0.034593   0.023205  -0.002578  -0.002120 
  0.057037   0.068774   0.619266  -0.523970  -0.122326   0.123587  -0.000113   0.011433   0.002302   0.018678  -0.020397   0.007047 
  0.059977   0.069877   0.651575  -0.502713  -0.098090   0.123587   0.002940   0.001103   0.032309   0.021257   0.024236   0.000000 
  0.054280   0.049499   0.655137  -0.521048  -0.101929   0.123587  -0.005697  -0.020378   0.003562  -0.018335  -0.003839   0.000000 
  0.052579   0.099162   0.621885  -0.517094  -0.121467   0.120894  -0.001701   0.049663  -0.033252   0.003954  -0.019538  -0.002693 
  0.046336   0.125288   0.551649  -0.410868  -0.146906   0.121181  -0.006243   0.026126  -0.070236   0.106226  -0.025439   0.000287 
  0.043806   0.131067   0.549638  -0.405883  -0.153266   0.120608  -0.002530   0.005779  -0.002011   0.004985  -0.006360  -0.000573 
  0.040163   0.130323   0.529113  -0.383824  -0.128916   0.115852  -0.003643  -0.000744  -0.020525   0.022059   0.024350  -0.004756 
  0.056741   0.114508   0.604798  -0.413561  -0.151777   0.098721   0.016578  -0.015815   0.075685  -0.029737  -0.022861  -0.017131 
  0.056840   0.100093   0.585940  -0.411670  -0.131666   0.098778   0.000099  -0.014415  -0.018858   0.001891   0.020111   0.000057 
  0.032393   0.152435   0.395994  -0.231360  -0.053801   0.117915  -0.024447   0.052342  -0.189946   0.180310   0.077865   0.019137 
  0.023576   0.073706   0.572269  -0.325727  -0.013866   0.098721  -0.008817  -0.078729   0.176275  -0.094367   0.039935  -0.019194 
  0.021232   0.007633   0.925068  -0.318507   0.164668   0.083766  -0.002344  -0.066073   0.352799   0.007220   0.178534  -0.014955 
  0.053672   0.074057   1.063387  -0.232735   0.369672   0.065260   0.032440   0.066424   0.138319   0.085772   0.205004  -0.018506 
  0.067859   0.097200   1.034182  -0.103820   0.371391   0.075459   0.014187   0.023143  -0.029205   0.128915   0.001719   0.010199 
  0.060194   0.158313   0.851806   0.017475   0.350192   0.098778  -0.007665   0.061113  -0.182376   0.121295  -0.021199   0.023319 
  0.035126   0.148048   0.723479  -0.107372   0.346926   0.089095  -0.025068  -0.010265  -0.128327  -0.124847  -0.003266  -0.009683 
  0.039155   0.074235   0.836732  -0.118602   0.346926   0.080902   0.004029  -0.073813   0.113253  -0.011230   0.000000  -0.008193 
  0.038917   0.105339   0.781184  -0.125363   0.335982   0.095340  -0.000238   0.031104  -0.055548  -0.006761  -0.010944   0.014438 
  0.034773   0.151447   0.585534  -0.081704   0.259435   0.092762  -0.004144   0.046108  -0.195650   0.043659  -0.076547  -0.002578 
 -0.002376   0.157101   0.167553  -0.214057   0.031398   0.082277  -0.037149   0.005654  -0.417981  -0.132353  -0.228037  -0.010485 
  0.019241   0.139354   0.069322  -0.280635   0.025210   0.071677   0.021617  -0.017747  -0.098231  -0.066578  -0.006188  -0.010600 
  0.020905   0.122135   0.040728  -0.305157   0.024122   0.068125   0.001664  -0.017219  -0.028594  -0.024522  -0.001088  -0.003552 
  0.030976   0.187084   0.009902  -0.307048  -0.001833   0.045206   0.010071   0.064949  -0.030826  -0.001891  -0.025955  -0.022919 
  0.031004   0.190252   0.040802  -0.278859  -0.007334   0.038274   0.000028   0.003168   0.030900   0.028189  -0.005501  -0.006932 
  0.043307   0.115958   0.365572  -0.326758   0.043258   0.064114   0.012303  -0.074294   0.324770  -0.047899   0.050592   0.025840 
  0.044532   0.034475   0.581132  -0.420150   0.094996   0.069557   0.001225  -0.081483   0.215560  -0.093392   0.051738   0.005443 
  0.055165   0.112800   0.528386  -0.448168   0.097174   0.064114   0.010633   0.078325  -0.052746  -0.028018   0.002178  -0.005443 
  0.057943   0.110484   0.513087  -0.465872   0.119404   0.077120   0.002778  -0.002316  -0.015299  -0.017704   0.022230   0.013006 
  0.013687   0.220764  -0.129549  -0.204489   0.078495   0.044060  -0.044256   0.110280  -0.642636   0.261383  -0.040909  -0.033060 
  0.002975   0.106604  -0.215916  -0.175096   0.066921   0.125134  -0.010712  -0.114160  -0.086367   0.029393  -0.011574   0.081074 
  0.026291   0.063393   0.082444  -0.248377   0.061249   0.101242   0.023316  -0.043211   0.298360  -0.073281  -0.005672  -0.023892 
  0.051660   0.060498   0.290170  -0.266655   0.115680   0.096314   0.025369  -0.002895   0.207726  -0.018278   0.054431  -0.004928 
  0.039000   0.102811   0.451648  -0.463695   0.132926   0.068984  -0.012660   0.042313   0.161478  -0.197040   0.017246  -0.027330 
  0.039057   0.101778   0.375110  -0.238408   0.115967   0.066921   0.000057  -0.001033  -0.076538   0.225287  -0.016959  -0.002063 
  0.029213   0.077072   0.456024  -0.161345   0.122040   0.065088  -0.009844  -0.024706   0.080914   0.077063   0.006073  -0.001833 
  0.036627   0.082522   0.603119  -0.397805   0.157563   0.077063   0.007414   0.005450   0.147095  -0.236460   0.035523   0.011975 
  0.033721   0.067393   0.572886  -0.356208   0.157334   0.068526  -0.002906  -0.015129  -0.030233   0.041597  -0.000229  -0.008537 
  0.020520   0.106745   0.431361  -0.297709   0.136364   0.101299  -0.013201   0.039352  -0.141525   0.058499  -0.020970   0.032773 
  0.024675   0.125324   0.404921  -0.338217   0.121696   0.086402   0.004155   0.018579  -0.026440  -0.040508  -0.014668  -0.014897 
  0.020879   0.097946   0.404908  -0.299542   0.130864   0.086345  -0.003796  -0.027378  -0.000013   0.038675   0.009168  -0.000057 
  0.022299   0.088474   0.431832  -0.303496   0.125134   0.096028   0.001420  -0.009472   0.026924  -0.003954  -0.005730   0.009683 
  0.021305   0.086172   0.424831  -0.288656   0.125936   0.101299  -0.000994  -0.002302  -0.007001   0.014840   0.000802   0.005271 
  0.021023   0.086993   0.451807  -0.315127   0.123530   0.101299  -0.000282   0.000821   0.026976  -0.026471  -0.002406   0.000000 
  0.008786   0.118990   0.454110  -0.297308   0.149886   0.101242  -0.012237   0.031997   0.002303   0.017819   0.026356  -0.000057 
  0.023828   0.126957   0.427306  -0.173664   0.174122   0.080902   0.015042   0.007967  -0.026804   0.123644   0.024236  -0.020340 
  0.050086   0.031268   0.835516  -0.355119   0.465414   0.067437   0.026258  -0.095689   0.408210  -0.181455   0.291292  -0.013465 
  0.055743   0.074117   0.661355  -0.465528   0.303324   0.030711   0.005657   0.042849  -0.174161  -0.110409  -0.162090  -0.036726 
  0.070898   0.176499   0.615990  -0.279718   0.441521  -0.001776   0.015155   0.102382  -0.045365   0.185810   0.138197  -0.032487 
  0.076962   0.122016   0.680251  -0.208499   0.530559  -0.018449   0.006064  -0.054483   0.064261   0.071219   0.089038  -0.016673 
  0.064038   0.124130   0.789916  -0.218068   0.495437  -0.012261  -0.012924   0.002114   0.109665  -0.009569  -0.035122   0.006188 
  0.060426   0.192036   0.874994  -0.420895   0.414363   0.009740  -0.003612   0.067906   0.085078  -0.202827  -0.081074   0.022001 
  0.036067   0.145825   0.568189  -0.306017   0.282411   0.022288  -0.024359  -0.046211  -0.306805   0.114878  -0.131952   0.012548 
  0.034911   0.177551   0.398776  -0.434187   0.153266   0.051681  -0.001156   0.031726  -0.169413  -0.128170  -0.129145   0.029393 
  0.032722   0.045079   0.867124  -0.370761   0.191540   0.075115  -0.002189  -0.132472   0.468348   0.063426   0.038274   0.023434 
  0.071134   0.112380   0.242962  -0.063083   0.252445   0.233939   0.038412   0.067301  -0.624162   0.307678   0.060905   0.158824 
  0.317192   0.027254   0.987986   1.162646   2.186063   2.963853   0.246058  -0.085126   0.745024   1.225729   1.933618   2.729914 
  0.494077   0.042318   1.074767   0.115222   1.579301   1.662838   0.176885   0.015064   0.086781  -1.047424  -0.606762  -1.301015 
  0.360158   0.127060   0.912704  -0.530215   0.789249   0.899486  -0.133919   0.084742  -0.162063  -0.645437  -0.790052  -0.763352 
 -0.050711   0.305949   0.249113   0.263331   0.455043  -0.509073  -0.410869   0.178889  -0.663591   0.793546  -0.334206  -1.408559 
 -0.014114   0.311045   0.262518   0.570150   0.468221  -0.228152   0.036597   0.005096   0.013405   0.306819   0.013178   0.280921 
  0.053885   0.214029   0.323020   0.088006   0.348931   0.029335   0.067999  -0.097016   0.060502  -0.482144  -0.119290   0.257487 
  0.046523   0.229284   0.323220   0.082162   0.370016   0.039821  -0.007362   0.015255   0.000200  -0.005844   0.021085   0.010486 
  0.047655   0.220737   0.346512  -0.009167   0.350077   0.049332   0.001132  -0.008547   0.023292  -0.091329  -0.019939   0.009511 
  0.069624   0.262514   0.323101   0.047326   0.284645   0.046639   0.021969   0.041777  -0.023411   0.056493  -0.065432  -0.002693 
  0.080807   0.344383   0.353144   0.004698   0.377235  -0.001719   0.011183   0.081869   0.030043  -0.042628   0.092590  -0.048358 
  0.095882   0.253058   0.655662  -0.111669   0.512453   0.024179   0.015075  -0.091325   0.302518  -0.116367   0.135218   0.025898 
  0.062319   0.102051   0.977355  -0.342973   0.689096   0.083652  -0.033563  -0.151007   0.321693  -0.231304   0.176643   0.059473 
  0.020350   0.101466   0.984773  -0.338847   0.548263   0.108404  -0.041969  -0.000585   0.007418   0.004126  -0.140833   0.024752 
  0.066895   0.113202   0.851775  -0.116482   0.544424   0.104622   0.046545   0.011736  -0.132998   0.222365  -0.003839  -0.003782 
  0.066852   0.145522   1.066208   0.446621   0.886480   0.288255  -0.000043   0.032320   0.214433   0.563103   0.342056   0.183633 
 -0.017001   0.510412   1.704481   3.092941   1.676188   1.050747  -0.083853   0.364890   0.638273   2.646320   0.789708   0.762492 
  0.072081   0.447018   1.905295   1.320439   1.032298   0.441865   0.089082  -0.063394   0.200814  -1.772502  -0.643890  -0.608882 
  0.009599   0.443263   1.779021   1.525443   1.024277   0.447022  -0.062482  -0.003755  -0.126274   0.205004  -0.008021   0.005157 
 -0.017441   0.438398   1.483764   1.606516   1.041981   0.441464  -0.027040  -0.004865  -0.295257   0.081073   0.017704  -0.005558 
 -0.013738   0.347399   1.555161   1.275691   1.001015   0.426796   0.003703  -0.090999   0.071397  -0.330825  -0.040966  -0.014668 
 -0.040570   0.317499   1.400763   1.250079   0.876912   0.324695  -0.026832  -0.029900  -0.154398  -0.025612  -0.124103  -0.102101 
 -0.072658   0.501982   1.296894   1.740818   0.925040   0.394138  -0.032088   0.184483  -0.103869   0.490739   0.048128   0.069443 
 -0.124037   0.619269   1.035596   2.103213   1.167172   0.626529  -0.051379   0.117287  -0.261298   0.362395   0.242132   0.232391 
 -0.192785   0.548018   1.042427   2.021223   1.245381   0.619883  -0.068748  -0.071251   0.006831  -0.081990   0.078209  -0.006646 
 -0.139317   0.447726   1.031894   1.693148   1.078937   0.517324   0.053468  -0.100292  -0.010533  -0.328075  -0.166444  -0.102559 
 -0.036740   0.371335   1.104216   1.118987   0.614325   0.284072   0.102577  -0.076391   0.072322  -0.574161  -0.464612  -0.233252 
 -0.097373   0.422243   0.829856   1.072405   0.807928   0.325096  -0.060633   0.050908  -0.274360  -0.046582   0.193603   0.041024 
 -0.236521   0.328609   0.838253   0.880636   1.086385   0.292495  -0.139148  -0.093634   0.008397  -0.191769   0.278457  -0.032601 
 -0.105658  -0.067776   1.400819   0.600231   0.866198   0.329050   0.130863  -0.396385   0.562566  -0.280405  -0.220187   0.036555 
 -0.079326  -0.045349   2.210786   0.609283   0.583959   0.292323   0.026332   0.022427   0.809967   0.009052  -0.282239  -0.036727 
 -0.069487   0.066650   2.231069   0.776587   0.523741   0.297422   0.009839   0.111999   0.020283   0.167304  -0.060218   0.005099 
 -0.088563   0.140877   2.011493   1.389251   0.625670   0.375746  -0.019076   0.074227  -0.219576   0.612664   0.101929   0.078324 
 -0.029904   0.379118   1.401266   2.925637   0.656438   0.452923   0.058659   0.238241  -0.610227   1.536386   0.030768   0.077177 
 -0.057499   0.806255   0.792505   5.949250   0.564192   0.335066  -0.027595   0.427137  -0.608761   3.023613  -0.092246  -0.117857 
 -0.105858   0.217992   0.639591   1.773992   0.310486   0.269978  -0.048359  -0.588263  -0.152914  -4.175258  -0.253706  -0.065088 
 -0.008568   0.153025  -0.116797  -0.140375   0.213312   0.162491   0.097290  -0.064967  -0.756388  -1.914367  -0.097174  -0.107487 
 -0.007277   0.121019  -0.059602  -0.053400   0.217896   0.164038   0.001291  -0.032006   0.057195   0.086975   0.004584   0.001547 
 -0.102410   0.338267  -0.584990   1.352639   0.286880   0.268603  -0.095133   0.217248  -0.525388   1.406039   0.068984   0.104565 
 -0.178423   0.546308  -1.019862   1.996128   0.415967   0.306532  -0.076013   0.208041  -0.434872   0.643489   0.129087   0.037929 
 -0.216920   0.565490  -1.187562   1.562857   0.793718   0.311001  -0.038497   0.019182  -0.167700  -0.433271   0.377751   0.004469 
 -0.196932   0.530259  -1.228090   1.496680   0.706342   0.305902   0.019988  -0.035231  -0.040528  -0.066177  -0.087376  -0.005099 
 -0.201216   0.521823  -1.194062   1.518854   0.704108   0.310658  -0.004284  -0.008436   0.034028   0.022174  -0.002234   0.004756 
 -0.224391   0.514971  -0.871535   1.585030   0.642916   0.328763  -0.023175  -0.006852   0.322527   0.066176  -0.061192   0.018105 
 -0.130564   0.383236  -0.125741   1.366275   0.447079   0.291292   0.093827  -0.131735   0.745794  -0.218755  -0.195837  -0.037471 
 -0.070349   0.318386   0.081628   1.005484   0.460887   0.218412   0.060215  -0.064850   0.207369  -0.360791   0.013808  -0.072880 
 -0.068151   0.236562   0.146056   1.028345   0.477732   0.135390   0.002198  -0.081824   0.064428   0.022861   0.016845  -0.083022 
 -0.030970   0.311868   0.105036   1.652697   0.480368   0.077235   0.037181   0.075306  -0.041020   0.624352   0.002636  -0.058155 
 -0.056864   0.142324   0.469238   1.153421   0.618221   0.087892  -0.025894  -0.169544   0.364202  -0.499276   0.137853   0.010657 
 -0.017047  -0.066407   0.719804   0.826262   0.586995   0.092132   0.039817  -0.208731   0.250566  -0.327159  -0.031226   0.004240 
  0.013285  -0.102844   0.773334   1.315855   0.558004   0.036555   0.030332  -0.036437   0.053530   0.489593  -0.028991  -0.055577 
  0.084206  -0.006032   1.138642   1.933160   0.371678  -0.024580   0.070921   0.096812   0.365308   0.617305  -0.186326  -0.061135 
  0.087001   0.001224   1.240464   2.468818   0.441636   0.056322   0.002795   0.007256   0.101822   0.535658   0.069958   0.080902 
  0.105053   0.205291   1.132447   3.897431   0.372480   0.187013   0.018052   0.204067  -0.108017   1.428613  -0.069156   0.130691 
  0.019015   0.370293   1.123745   4.435094   0.383939   0.223511  -0.086038   0.165002  -0.008702   0.537663   0.011459   0.036498 
 -0.153240   0.541107   1.128743   5.149000   0.410066   0.187013  -0.172255   0.170814   0.004998   0.713906   0.026127  -0.036498 
 -0.261079   0.867990   0.958680   5.062598   0.340910   0.087261  -0.107839   0.326883  -0.170063  -0.086402  -0.069156  -0.099752 
 -0.259844   0.908843   1.306080   4.524189   0.340910   0.154298   0.001235   0.040853   0.347400  -0.538409   0.000000   0.067037 
 -0.322666   0.783933   2.039374   3.509997   0.639249   0.414650  -0.062822  -0.124910   0.733294  -1.014192   0.298339   0.260352 
 -0.308347   0.679357   2.194176   3.230737   0.717171   0.548550   0.014319  -0.104576   0.154802  -0.279260   0.077922   0.133900 
 -0.284900   0.899016   1.996270   3.701422   0.661422   0.532851   0.023447   0.219659  -0.197906   0.470685  -0.055749  -0.015699 
 -0.194861   0.857224   1.780611   3.269183   0.390012   0.413504   0.090039  -0.041792  -0.215659  -0.432239  -0.271410  -0.119347 
 -0.127399   0.856510   1.534919   3.273766   0.189821   0.394424   0.067462  -0.000714  -0.245692   0.004583  -0.200191  -0.019080 
 -0.147231   0.870988   1.374143   3.312097   0.208786   0.385314  -0.019832   0.014478  -0.160776   0.038331   0.018965  -0.009110 
 -0.146235   0.879426   1.295023   3.234576   0.205291   0.375115   0.000996   0.008438  -0.079120  -0.077521  -0.003495  -0.010199 
 -0.157301   0.804344   1.343093   3.045958   0.240585   0.397518  -0.011066  -0.075082   0.048070  -0.188618   0.035294   0.022403 
 -0.145943   0.744108   1.332469   2.956634   0.209989   0.398148   0.011358  -0.060236  -0.010624  -0.089324  -0.030596   0.000630 
 -0.193603   0.800704   1.348040   3.001038   0.222078   0.392304  -0.047660   0.056596   0.015571   0.044404   0.012089  -0.005844 
 -0.597717   0.701579   1.813179   3.304763  -0.150688   0.602236  -0.404114  -0.099125   0.465139   0.303725  -0.372766   0.209932 
 -0.944568   0.613129   2.213873   3.305909  -0.625097   0.271066  -0.346851  -0.088450   0.400694   0.001146  -0.474409  -0.331170 
 -1.082662   0.592119   2.086751   3.253082  -0.901148  -0.330940  -0.138094  -0.021010  -0.127122  -0.052827  -0.276051  -0.602006 
 -1.456430   0.378579   2.510894   2.893437  -1.128555  -0.522251  -0.373768  -0.213540   0.424143  -0.359645  -0.227407  -0.191311 
 -0.909170   0.162989   2.978458   0.997749  -1.653270   0.567572   0.547260  -0.215590   0.467564  -1.895688  -0.524715   1.089823 
 -0.451092   0.113055   2.521826   0.236918  -0.242017   0.359416   0.458078  -0.049934  -0.456632  -0.760831   1.411253  -0.208156 
 -0.310563   0.086207   2.643081  -0.081761   0.024293   0.167647   0.140529  -0.026848   0.121255  -0.318679   0.266310  -0.191769 
 -0.499478   0.225215   2.501675   1.317345  -0.769425   0.072594  -0.188915   0.139008  -0.141406   1.399106  -0.793718  -0.095053 
 -0.750978   0.422891   2.098664   2.249490  -1.234151  -0.206036  -0.251500   0.197676  -0.403011   0.932145  -0.464726  -0.278630 
 -0.530693   0.440262   1.776041   2.176094  -1.063983  -0.062911   0.220285   0.017371  -0.322623  -0.073396   0.170168   0.143125 
 -0.208261   0.514060   1.485744   2.131861  -0.816465   0.132468   0.322432   0.073798  -0.290297  -0.044233   0.247518   0.195379 
 -0.141460   0.478148   1.421669   2.069867  -0.837435   0.132926   0.066801  -0.035912  -0.064075  -0.061994  -0.020970   0.000458 
 -0.143019   0.395804   1.443316   2.041850  -0.819272   0.180023  -0.001559  -0.082344   0.021647  -0.028017   0.018163   0.047097 
 -0.093695   0.341888   1.385069   1.720707  -0.765242   0.230673   0.049324  -0.053916  -0.058247  -0.321143   0.054030   0.050650 
 -0.081930   0.362468   1.208600   1.509114  -0.693795   0.130978   0.011765   0.020580  -0.176469  -0.211593   0.071447  -0.099695 
 -0.191245   0.008742   2.002340  -0.021715  -0.265279   0.190967  -0.109315  -0.353726   0.793740  -1.530829   0.428516   0.059989 
 -0.185315   0.137482   1.658824   0.377293  -0.287911   0.169309   0.005930   0.128740  -0.343516   0.399008  -0.022632  -0.021658 
 -0.193574   0.212502   0.741707   0.464325  -0.197155   0.131379  -0.008259   0.075020  -0.917117   0.087032   0.090756  -0.037930 
 -0.183026   0.168673   0.477634   0.502255   0.004011   0.089782   0.010548  -0.043829  -0.264073   0.037930   0.201166  -0.041597 
 -0.164543   0.203485   0.897368   1.025308   0.124733   0.089782   0.018483   0.034812   0.419734   0.523053   0.120722   0.000000 
 -0.187671   0.330746   0.665099   1.142822   0.124045   0.076662  -0.023128   0.127261  -0.232269   0.117514  -0.000688  -0.013120 
 -0.164332   0.354702   0.514607   1.153994   0.334034   0.011574   0.023339   0.023956  -0.150492   0.011172   0.209989  -0.065088 
 -0.187337   0.348982   0.471550   1.059800   0.167705   0.056780  -0.023005  -0.005720  -0.043057  -0.094194  -0.166329   0.045206 
 -0.191655   0.279495   0.555529   1.103230   0.186498   0.040394  -0.004318  -0.069487   0.083979   0.043430   0.018793  -0.016386 
 -0.188292   0.347138   0.696486   1.155312   0.277082   0.053113   0.003363   0.067643   0.140957   0.052082   0.090584   0.012719 
 -0.189737   0.338849   0.653925   1.115434   0.314153   0.030252  -0.001445  -0.008289  -0.042561  -0.039878   0.037071  -0.022861 
 -0.170423   0.334487   0.545946   0.969273   0.330367   0.029278   0.019314  -0.004362  -0.107979  -0.146161   0.016214  -0.000974 
 -0.158497   0.318692   0.603677   1.018776   0.304699   0.033633   0.011926  -0.015795   0.057731   0.049503  -0.025668   0.004355 
 -0.124031   0.339802   0.934144   1.283082   0.401414  -0.020397   0.034466   0.021110   0.330467   0.264306   0.096715  -0.054030 
 -0.130380   0.420669   1.131470   1.246584   0.134129   0.088350  -0.006349   0.080867   0.197326  -0.036498  -0.267285   0.108747 
 -0.143554   0.454063   1.042666   0.963543  -0.027273   0.155157  -0.013174   0.033394  -0.088804  -0.283041  -0.161402   0.066807 
 -0.206657   0.436654   1.209734   0.755216   0.056322   0.158996  -0.063103  -0.017409   0.167068  -0.208327   0.083595   0.003839 
 -0.118811   0.564504  -0.217137   0.673798   0.392820   0.148167   0.087846   0.127850  -1.426871  -0.081418   0.336498  -0.010829 
 -0.310480   0.489021   0.295896   1.662151   0.681934   0.354145  -0.191669  -0.075483   0.513033   0.988353   0.289114   0.205978 
 -0.223284   0.633588   1.024656   3.667847   0.343431   0.332888   0.087196   0.144567   0.728760   2.005696  -0.338503  -0.021257 
 -0.346677   1.114211   1.521457   5.594990   0.356666   0.595762  -0.123393   0.480623   0.496801   1.927143   0.013235   0.262874 
 -0.278973   1.245592   1.707616   6.237505   0.279833   0.628363   0.067704   0.131381   0.186159   0.642515  -0.076833   0.032601 
 -0.208092   1.454677   1.705149   7.870148   0.166444   0.639765   0.070881   0.209085  -0.002467   1.632643  -0.113389   0.011402 
 -0.448450   1.669577   1.954600   9.030903   0.207697   0.713619  -0.240358   0.214900   0.249451   1.160755   0.041253   0.073854 
 -0.499052   1.872028   1.876034   8.976186   0.107258   0.624696  -0.050602   0.202451  -0.078566  -0.054717  -0.100439  -0.088923 
 -0.471238   1.985224   2.118251   7.371217   0.433672   0.638218   0.027814   0.113196   0.242217  -1.604969   0.326414   0.013522 
 -0.471669   1.533662   1.892866   5.629597   0.589975   0.761346  -0.000431  -0.451562  -0.225385  -1.741620   0.156303   0.123128 
 -0.523806   1.443105   1.779101   5.386204   0.783061   0.842936  -0.052137  -0.090557  -0.113765  -0.243393   0.193086   0.081590 
 -0.515370   1.344685   1.824966   4.822299   0.885220   0.868318   0.008436  -0.098420   0.045865  -0.563905   0.102159   0.025382 
 -0.179260   1.052193   1.730820   3.509596   0.224313   0.441292   0.336110  -0.292492  -0.094146  -1.312703  -0.660907  -0.427026 
 -0.249192   0.954778   1.642865   3.379420   0.443355   0.456017  -0.069932  -0.097415  -0.087955  -0.130176   0.219042   0.014725 
 -0.253181   0.975627   1.616055   3.368132   0.446678   0.458595  -0.003989   0.020849  -0.026810  -0.011288   0.003323   0.002578 
 -0.271990   0.958402   1.640634   3.343381   0.501968   0.487816  -0.018809  -0.017225   0.024579  -0.024751   0.055290   0.029221 
 -0.304506   0.902872   1.716622   3.251650   0.601949   0.532507  -0.032516  -0.055530   0.075988  -0.091731   0.099981   0.044691 
 -0.210632   0.887556   1.962327   3.255317   0.765701   0.354317   0.093874  -0.015316   0.245705   0.003667   0.163752  -0.178190 
 -0.192710   0.818686   1.632226   2.989465   0.916503   0.272327   0.017922  -0.068870  -0.330101  -0.265852   0.150802  -0.081990 
 -0.166589   0.789549   1.170797   2.671759   0.891866   0.191884   0.026121  -0.029137  -0.461429  -0.317706  -0.024637  -0.080443 
 -0.123252   0.622530   1.072804   1.807395   1.141045   0.038331   0.043337  -0.167019  -0.097993  -0.864364   0.249179  -0.153553 
 -0.200981   0.309417   1.920805   1.063983   1.334992  -0.008766  -0.077729  -0.313113   0.848001  -0.743412   0.193947  -0.047097 
 -0.173859   0.441510   1.800959   1.386214   0.951167   0.050707   0.027122   0.132093  -0.119846   0.322231  -0.383825   0.059473 
 -0.135739   0.557227   1.719991   1.646509   0.693966   0.092074   0.038120   0.115717  -0.080968   0.260295  -0.257201   0.041367 
 -0.129222   0.582784   1.687321   1.657567   0.671678   0.100325   0.006517   0.025557  -0.032670   0.011058  -0.022288   0.008251 
 -0.122727   0.612065   1.652026   1.677105   0.660448   0.099809   0.006495   0.029281  -0.035295   0.019538  -0.011230  -0.000516 
 -0.116554   0.558184   1.677217   1.573514   0.664115   0.113675   0.006173  -0.053881   0.025191  -0.103591   0.003667   0.013866 
 -0.126624   0.539640   1.603071   1.590760   0.662912   0.104794  -0.010070  -0.018544  -0.074146   0.017246  -0.001203  -0.008881 
 -0.844969   0.565554   1.908899   1.802754  -0.439860   0.539096  -0.718345   0.025914   0.305828   0.211994  -1.102772   0.434302 
 -0.701883   0.577623   1.791913   1.635680  -0.093163   0.561556   0.143086   0.012069  -0.116986  -0.167074   0.346697   0.022460 
 -0.338474   0.504246   1.487993   1.480236   0.172288   0.290948   0.363409  -0.073377  -0.303920  -0.155444   0.265451  -0.270608 
 -0.296500   0.469931   1.416014   1.413200   0.204661   0.276681   0.041974  -0.034315  -0.071979  -0.067036   0.032373  -0.014267 
 -0.280449   0.620364   1.237358   1.554836   0.210104   0.256227   0.016051   0.150433  -0.178656   0.141636   0.005443  -0.020454 
 -0.273872   0.614020   1.149281   1.557414   0.221104   0.245799   0.006577  -0.006344  -0.088077   0.002578   0.011000  -0.010428 
 -0.272346   0.615863   0.962239   1.483273   0.198587   0.220417   0.001526   0.001843  -0.187042  -0.074141  -0.022517  -0.025382 
 -0.252298   0.585391   0.741098   1.287665   0.241559   0.219386   0.020048  -0.030472  -0.221141  -0.195608   0.042972  -0.001031 
 -0.242730   0.533204   0.966002   1.447864   0.434245   0.190279   0.009568  -0.052187   0.224904   0.160199   0.192686  -0.029107 
 -0.229148   0.540146   0.782321   1.540798   0.239324   0.095226   0.013582   0.006942  -0.183681   0.092934  -0.194921  -0.095053 
 -0.197033   0.471607   0.384006   1.430217   0.463351  -0.047613   0.032115  -0.068539  -0.398315  -0.110581   0.224027  -0.142839 
 -0.253949   0.448374   0.144816   1.238620   0.536346  -0.083881  -0.056916  -0.023233  -0.239190  -0.191597   0.072995  -0.036268 
 -0.202698   0.473023   0.101983   1.032814   0.404623  -0.011803   0.051251   0.024649  -0.042833  -0.205806  -0.131723   0.072078 
 -0.154848   0.361807   0.577628   0.957069   0.349160   0.076433   0.047850  -0.111216   0.475645  -0.075745  -0.055463   0.088236 
 -0.162617   0.427039   0.615099   1.090511   0.373225   0.088808  -0.007769   0.065232   0.037471   0.133442   0.024065   0.012375 
 -0.184332   0.513546   0.873315   1.344847   0.258690   0.178362  -0.021715   0.086507   0.258216   0.254336  -0.114535   0.089554 
 -0.184957   0.520320   0.958194   1.664672   0.268431   0.182602  -0.000625   0.006774   0.084879   0.319825   0.009741   0.004240 
 -0.163745   0.623718   0.670793   1.580447   0.315471   0.125478   0.021212   0.103398  -0.287401  -0.084225   0.047040  -0.057124 
 -0.154790   0.553875   0.593796   1.393261   0.323893   0.096658   0.008955  -0.069843  -0.076997  -0.187186   0.008422  -0.028820 
 -0.161448   0.570674   0.539445   1.345133   0.329737   0.084397  -0.006658   0.016799  -0.054351  -0.048128   0.005844  -0.012261 
 -0.152780   0.590927   0.530942   1.366791   0.321315   0.095455   0.008668   0.020253  -0.008503   0.021658  -0.008422   0.011058 
 -0.160548   0.570845   0.528101   1.328288   0.322518   0.091100  -0.007768  -0.020082  -0.002841  -0.038503   0.001203  -0.004355 
 -0.145744   0.493908   0.708589   1.282509   0.343947   0.076261   0.014804  -0.076937   0.180488  -0.045779   0.021429  -0.014839 
 -0.147796   0.514863   0.682817   1.298208   0.346009   0.081417  -0.002052   0.020955  -0.025772   0.015699   0.002062   0.005156 
 -0.159139   0.593120   0.615696   1.310985   0.372021   0.094481  -0.011343   0.078257  -0.067121   0.012777   0.026012   0.013064 
 -0.156307   0.585277   0.525223   1.348170   0.331914   0.100726   0.002832  -0.007843  -0.090473   0.037185  -0.040107   0.006245 
 -0.154585   0.502585   0.712794   1.265205   0.329737   0.086860   0.001722  -0.082692   0.187571  -0.082965  -0.002177  -0.013866 
 -0.138732   0.508653   0.734069   1.296603   0.350364   0.086918   0.015853   0.006068   0.021275   0.031398   0.020627   0.000058 
 -0.151071   0.597252   0.662002   1.311672   0.389210   0.086918  -0.012339   0.088599  -0.072067   0.015069   0.038846   0.000000 
 -0.153370   0.579393   0.619987   1.321756   0.367610   0.086860  -0.002299  -0.017859  -0.042015   0.010084  -0.021600  -0.000058 
 -0.147511   0.504877   0.772923   1.221260   0.328935   0.102903   0.005859  -0.074516   0.152936  -0.100496  -0.038675   0.016043 
 -0.154858   0.513280   0.758882   1.111252   0.313179   0.117456  -0.007347   0.008403  -0.014041  -0.110008  -0.015756   0.014553 
 -0.156198   0.584684   0.607012   1.165969   0.307277   0.095226  -0.001340   0.071404  -0.151870   0.054717  -0.005902  -0.022230 
 -0.143781   0.521666   0.677077   1.042325   0.308137   0.105482   0.012417  -0.063018   0.070065  -0.123644   0.000860   0.010256 
 -0.130025   0.490301   0.705455   1.095266   0.304871   0.086860   0.013756  -0.031365   0.028378   0.052941  -0.003266  -0.018622 
 -0.137879   0.575166   0.672281   1.105293   0.323091   0.094996  -0.007854   0.084865  -0.033174   0.010027   0.018220   0.008136 
 -0.145935   0.561350   0.638485   1.135717   0.333175   0.106627  -0.008056  -0.013816  -0.033796   0.030424   0.010084   0.011631 
 -0.136695   0.521182   0.724536   1.098360   0.324581   0.102445   0.009240  -0.040168   0.086051  -0.037357  -0.008594  -0.004182 
 -0.140454   0.528524   0.723465   1.052352   0.322403   0.110524  -0.003759   0.007342  -0.001071  -0.046008  -0.002178   0.008079 
 -0.140509   0.557599   0.706202   1.050805   0.318221   0.107659  -0.000055   0.029075  -0.017263  -0.001547  -0.004182  -0.002865 
 -0.135060   0.540775   0.724257   1.050747   0.322461   0.090871   0.005449  -0.016824   0.018055  -0.000058   0.004240  -0.016788 
 -0.138705   0.505161   0.614908   1.105694   0.347671   0.093621  -0.003645  -0.035614  -0.109349   0.054947   0.025210   0.002750 
 -0.151279   0.575267   0.391299   1.182986   0.364860   0.086918  -0.012574   0.070106  -0.223609   0.077292   0.017189  -0.006703 
 -0.167282   0.561584   0.299300   1.177027   0.356895   0.085256  -0.016003  -0.013683  -0.091999  -0.005959  -0.007965  -0.001662 
 -0.158316   0.506807   0.325541   1.111424   0.336842   0.073568   0.008966  -0.054777   0.026241  -0.065603  -0.020053  -0.011688 
 -0.143941   0.473877   0.421989   1.062665   0.331857   0.072365   0.014375  -0.032930   0.096448  -0.048759  -0.004985  -0.001203 
 -0.145492   0.550576   0.520026   1.035850   0.362969   0.086116  -0.001551   0.076699   0.098037  -0.026815   0.031112   0.013751 
 -0.148519   0.510213   0.557112   1.034991   0.368928   0.076948  -0.003027  -0.040363   0.037086  -0.000859   0.005959  -0.009168 
 -0.135930   0.512990   0.656207   0.984972   0.350135   0.077407   0.012589   0.002777   0.099095  -0.050019  -0.018793   0.000459 
 -0.134939   0.453013   0.746896   0.908253   0.338675   0.103419   0.000991  -0.059977   0.090689  -0.076719  -0.011460   0.026012 
