  0.000000   0.000000   0.000000   0.000000   0.000000   0.000000   0.000000   0.000000   0.000000   0.000000   0.000000   0.000000 
 -0.003247   0.095334  -0.067157  -0.011975   0.004183   0.000000  -0.003247   0.095334  -0.067157  -0.011975   0.004183   0.000000 
  0.000099   0.123530  -0.050640  -0.008480   0.005099   0.000000   0.003346   0.028196   0.016517   0.003495   0.000916   0.000000 
  0.007091   0.037038  -0.011789   0.000000  -0.012892   0.000000   0.006992  -0.086492   0.038851   0.008480  -0.017991   0.000000 
  0.024077   0.048632  -0.000818  -0.006761  -0.015241   0.000000   0.016986   0.011594   0.010971  -0.006761  -0.002349   0.000000 
  0.019598   0.224173   0.008750  -0.005558  -0.034206   0.000000  -0.004479   0.175541   0.009568   0.001203  -0.018965   0.000000 
  0.015846   0.115733   0.028247   0.006073  -0.037643   0.000000  -0.003752  -0.108440   0.019497   0.011631  -0.003437   0.000000 
  0.029102   0.001651   0.056870   0.000000  -0.033232   0.000000   0.013256  -0.114082   0.028623  -0.006073   0.004411   0.000000 
  0.013669   0.237169   0.043442   0.010256  -0.044175   0.000000  -0.015433   0.235518  -0.013428   0.010256  -0.010943   0.000000 
  0.019941   0.184822   0.040015   0.010313  -0.034893  -0.008480   0.006272  -0.052347  -0.003427   0.000057   0.009282  -0.008480 
  0.017502   0.049267   0.064508   0.000000  -0.032143  -0.008079  -0.002439  -0.135555   0.024493  -0.010313   0.002750   0.000401 
  0.021183   0.091766   0.040894   0.000000  -0.027044  -0.006761   0.003681   0.042499  -0.023614   0.000000   0.005099   0.001318 
  0.018092   0.224353   0.035731   0.000000  -0.038102  -0.003037  -0.003091   0.132587  -0.005163   0.000000  -0.011058   0.003724 
  0.023735   0.155988   0.031377   0.014324  -0.026814   0.000000   0.005643  -0.068365  -0.004354   0.014324   0.011288   0.003037 
  0.023919   0.021431   0.057014   0.000000  -0.015069  -0.008995   0.000184  -0.134557   0.025637  -0.014324   0.011745  -0.008995 
  0.023670   0.169144   0.031045   0.000000  -0.029335  -0.003782  -0.000249   0.147713  -0.025969   0.000000  -0.014266   0.005213 
  0.023749   0.199230   0.049312   0.000000  -0.025096  -0.009740   0.000079   0.030086   0.018267   0.000000   0.004239  -0.005958 
  0.023929   0.023540   0.076650  -0.006818  -0.016730  -0.021772   0.000180  -0.175690   0.027338  -0.006818   0.008366  -0.012032 
  0.023596   0.108096   0.066705   0.000000  -0.028304  -0.015126  -0.000333   0.084556  -0.009945   0.006818  -0.011574   0.006646 
  0.025758   0.234703   0.064161   0.000000  -0.032372  -0.016387   0.002162   0.126607  -0.002544   0.000000  -0.004068  -0.001261 
  0.023745   0.111321   0.054127   0.009740  -0.025669  -0.017475  -0.002013  -0.123382  -0.010034   0.009740   0.006703  -0.001088 
  0.023563   0.034275   0.039379   0.005042  -0.037586  -0.019481  -0.000182  -0.077046  -0.014748  -0.004698  -0.011917  -0.002006 
  0.015181   0.209054   0.035509   0.006188  -0.033518  -0.005099  -0.008382   0.174779  -0.003870   0.001146   0.004068   0.014382 
  0.018461   0.168852   0.041623  -0.006704  -0.033002  -0.007047   0.003280  -0.040202   0.006114  -0.012892   0.000516  -0.001948 
  0.015707   0.014107   0.044324  -0.003782  -0.017418   0.000000  -0.002754  -0.154745   0.002701   0.002922   0.015584   0.007047 
  0.021288   0.151178   0.031281  -0.005271  -0.023950  -0.005558   0.005581   0.137071  -0.013043  -0.001489  -0.006532  -0.005558 
  0.019480   0.214484   0.054896   0.001948  -0.032028  -0.017647  -0.001808   0.063306   0.023615   0.007219  -0.008078  -0.012089 
  0.020298   0.091678   0.044600  -0.005959  -0.039763  -0.021887   0.000818  -0.122806  -0.010296  -0.007907  -0.007735  -0.004240 
  0.021926   0.021325   0.042383  -0.006933  -0.012032  -0.016043   0.001628  -0.070353  -0.002217  -0.000974   0.027731   0.005844 
  0.015332   0.210859   0.049613  -0.012662  -0.024580  -0.004698  -0.006594   0.189534   0.007230  -0.005729  -0.012548   0.011345 
  0.017534   0.166875   0.042703  -0.001146  -0.024809  -0.014439   0.002202  -0.043984  -0.006910   0.011516  -0.000229  -0.009741 
  0.015492   0.026304   0.006835  -0.009568  -0.024924  -0.016215  -0.002042  -0.140571  -0.035868  -0.008422  -0.000115  -0.001776 
  0.013214   0.098862   0.015080   0.001490  -0.026299  -0.009110  -0.002278   0.072558   0.008245   0.011058  -0.001375   0.007105 
  0.015151   0.250513   0.022837  -0.007448  -0.039477  -0.010600   0.001937   0.151651   0.007757  -0.008938  -0.013178  -0.001490 
  0.023645   0.136512   0.039734   0.006875  -0.031971  -0.012376   0.008494  -0.114001   0.016897   0.014323   0.007506  -0.001776 
  0.023176   0.003801   0.047807   0.006875  -0.026012  -0.016558  -0.000469  -0.132711   0.008073   0.000000   0.005959  -0.004182 
  0.015324   0.173038   0.018085   0.007792  -0.028304  -0.009969  -0.007852   0.169237  -0.029722   0.000917  -0.002292   0.006589 
  0.023502   0.221966   0.017743   0.006875  -0.021543  -0.013465   0.008178   0.048928  -0.000342  -0.000917   0.006761  -0.003496 
  0.022918   0.044610   0.020106  -0.007448  -0.026643  -0.023663  -0.000584  -0.177356   0.002363  -0.014323  -0.005100  -0.010198 
  0.020304   0.079599   0.013575   0.000573  -0.028419  -0.013980  -0.002614   0.034989  -0.006531   0.008021  -0.001776   0.009683 
  0.020347   0.222365   0.010139   0.001547  -0.028419  -0.016902   0.000043   0.142766  -0.003436   0.000974   0.000000  -0.002922 
  0.021374   0.144771   0.013487  -0.007448  -0.021429  -0.017303   0.001027  -0.077594   0.003348  -0.008995   0.006990  -0.000401 
  0.024725   0.035258   0.019662  -0.007448  -0.019824  -0.017819   0.003351  -0.109513   0.006175   0.000000   0.001605  -0.000516 
  0.021425   0.211658   0.016625   0.006875  -0.019194  -0.014152  -0.003300   0.176400  -0.003037   0.014323   0.000630   0.003667 
  0.027051   0.167067   0.010635   0.001031  -0.025382  -0.017131   0.005626  -0.044591  -0.005990  -0.005844  -0.006188  -0.002979 
  0.021698   0.031803   0.022245  -0.007448  -0.021142  -0.014782  -0.005353  -0.135264   0.011610  -0.008479   0.004240   0.002349 
  0.015899   0.127329   0.015823  -0.018507  -0.001719  -0.002292  -0.005799   0.095526  -0.006422  -0.011059   0.019423   0.012490 
  0.020393   0.154496   0.009239  -0.007448  -0.014897  -0.017131   0.004494   0.027167  -0.006584   0.011059  -0.013178  -0.014839 
  0.015419   0.149985   0.027551  -0.025439  -0.027387  -0.014954  -0.004974  -0.004511   0.018312  -0.017991  -0.012490   0.002177 
  0.017603   0.063896   0.037535  -0.013636  -0.034034  -0.015928   0.002184  -0.086089   0.009984   0.011803  -0.006647  -0.000974 
  0.020770   0.086676   0.027524  -0.007448  -0.025439  -0.011975   0.003167   0.022780  -0.010011   0.006188   0.008595   0.003953 
  0.021974   0.207495   0.013309  -0.007448  -0.033461  -0.010141   0.001204   0.120819  -0.014215   0.000000  -0.008022   0.001834 
  0.020156   0.069658   0.022139  -0.004985  -0.027215  -0.015527  -0.001818  -0.137837   0.008830   0.002463   0.006246  -0.005386 
  0.015354   0.081270   0.017729  -0.001146  -0.030481  -0.014897  -0.004802   0.011612  -0.004410   0.003839  -0.003266   0.000630 
  0.015129   0.221026   0.034355   0.011860  -0.041196  -0.010542  -0.000225   0.139756   0.016626   0.013006  -0.010715   0.004355 
  0.015328   0.139269   0.027579   0.008709  -0.029966  -0.011173   0.000199  -0.081757  -0.006776  -0.003151   0.011230  -0.000631 
  0.015267   0.033135   0.031972  -0.003209  -0.035351  -0.012834  -0.000061  -0.106134   0.004393  -0.011918  -0.005385  -0.001661 
  0.015168   0.151942   0.027554   0.009053  -0.036898  -0.008136  -0.000099   0.118807  -0.004418   0.012262  -0.001547   0.004698 
  0.015157   0.209748   0.027613   0.004870  -0.037471  -0.008881  -0.000011   0.057806   0.000059  -0.004183  -0.000573  -0.000745 
  0.018904   0.144630   0.037561  -0.012662  -0.033518  -0.004469   0.003747  -0.065118   0.009948  -0.017532   0.003953   0.004412 
  0.021233   0.011206   0.037612  -0.012662  -0.016616  -0.008365   0.002329  -0.133424   0.000051   0.000000   0.016902  -0.003896 
  0.019680   0.163174   0.013098  -0.005558  -0.026356  -0.004526  -0.001553   0.151968  -0.024514   0.007104  -0.009740   0.003839 
  0.031708   0.199237   0.021075  -0.003782  -0.038331  -0.005672   0.012028   0.036063   0.007977   0.001776  -0.011975  -0.001146 
  0.015078   0.066126   0.037732   0.003037  -0.041196  -0.009397  -0.016630  -0.133111   0.016657   0.006819  -0.002865  -0.003725 
  0.015218   0.079906   0.027686   0.002865  -0.034664  -0.006474   0.000140   0.013780  -0.010046  -0.000172   0.006532   0.002923 
  0.015262   0.234387   0.028779   0.009225  -0.033633  -0.007105   0.000044   0.154481   0.001093   0.006360   0.001031  -0.000631 
  0.022159   0.081102   0.027668  -0.000401  -0.037013  -0.013350   0.006897  -0.153285  -0.001111  -0.009626  -0.003380  -0.006245 
  0.015261   0.052967   0.027648   0.004354  -0.034320  -0.010141  -0.006898  -0.028135  -0.000020   0.004755   0.002693   0.003209 
  0.022267   0.226750   0.019948   0.008709  -0.040279  -0.011574   0.007006   0.173783  -0.007700   0.004355  -0.005959  -0.001433 
  0.018572   0.118678   0.030149   0.003438  -0.047842  -0.012720  -0.003695  -0.108072   0.010201  -0.005271  -0.007563  -0.001146 
  0.022194   0.018633   0.031475   0.002349  -0.032086  -0.009855   0.003622  -0.100045   0.001326  -0.001089   0.015756   0.002865 
  0.024460   0.232904   0.020648   0.009167  -0.035237  -0.003610   0.002266   0.214271  -0.010827   0.006818  -0.003151   0.006245 
  0.024213   0.136249   0.031002   0.007105  -0.045951  -0.011631  -0.000247  -0.096655   0.010354  -0.002062  -0.010714  -0.008021 
  0.019231   0.015707   0.027557   0.000630  -0.033518  -0.010084  -0.004982  -0.120542  -0.003445  -0.006475   0.012433   0.001547 
  0.019462   0.213087   0.017487  -0.001833  -0.039706  -0.004354   0.000231   0.197380  -0.010070  -0.002463  -0.006188   0.005730 
  0.027565   0.153769   0.020136   0.002578  -0.031054  -0.015241   0.008103  -0.059318   0.002649   0.004411   0.008652  -0.010887 
  0.031226   0.012101   0.057858   0.006818  -0.025840  -0.014381   0.003661  -0.141668   0.037722   0.004240   0.005214   0.000860 
  0.029908   0.204615   0.028626   0.006818  -0.039534  -0.012032  -0.001318   0.192514  -0.029232   0.000000  -0.013694   0.002349 
  0.027441   0.173996   0.016675   0.006818  -0.033346  -0.004354  -0.002467  -0.030619  -0.011951   0.000000   0.006188   0.007678 
  0.026510   0.021846   0.043469  -0.002865  -0.044060  -0.008938  -0.000931  -0.152150   0.026794  -0.009683  -0.010714  -0.004584 
  0.014864   0.153930   0.029499   0.000286  -0.049790  -0.006303  -0.011646   0.132084  -0.013970   0.003151  -0.005730   0.002635 
  0.014989   0.175684   0.029533   0.006818  -0.044290  -0.006589   0.000125   0.021754   0.000034   0.006532   0.005500  -0.000286 
  0.020998   0.063398   0.065640   0.001318  -0.045607  -0.010027   0.006009  -0.112286   0.036107  -0.005500  -0.001317  -0.003438 
  0.023149   0.063404   0.045582   0.006818  -0.044060  -0.010542   0.002151   0.000006  -0.020058   0.005500   0.001547  -0.000515 
  0.027807   0.233232   0.020831   0.006818  -0.040565  -0.007678   0.004658   0.169828  -0.024751   0.000000   0.003495   0.002864 
  0.028356   0.099623   0.021163  -0.000286  -0.032200  -0.003209   0.000549  -0.133609   0.000332  -0.007104   0.008365   0.004469 
  0.025412   0.063774   0.025934   0.006818  -0.043545  -0.010829  -0.002944  -0.035849   0.004771   0.007104  -0.011345  -0.007620 
  0.026607   0.219282   0.019530   0.006818  -0.038102  -0.002349   0.001195   0.155508  -0.006404   0.000000   0.005443   0.008480 
  0.024847   0.077945   0.039475  -0.007735  -0.052827  -0.012089  -0.001760  -0.141337   0.019945  -0.014553  -0.014725  -0.009740 
  0.025650   0.090616   0.030752   0.006818  -0.040795  -0.010371   0.000803   0.012671  -0.008723   0.014553   0.012032   0.001718 
  0.023015   0.203495   0.030765  -0.013808  -0.039018  -0.002865  -0.002635   0.112879   0.000013  -0.020626   0.001777   0.007506 
  0.024075   0.095740   0.024327  -0.003037  -0.052196  -0.008365   0.001060  -0.107755  -0.006438   0.010771  -0.013178  -0.005500 
  0.022485   0.021428   0.040283  -0.016902  -0.028705  -0.005271  -0.001590  -0.074312   0.015956  -0.013865   0.023491   0.003094 
  0.026087   0.230003   0.022971   0.002063  -0.044519  -0.004870   0.003602   0.208575  -0.017312   0.018965  -0.015814   0.000401 
  0.023302   0.132144   0.020073  -0.000802  -0.043602  -0.013923  -0.002785  -0.097859  -0.002898  -0.002865   0.000917  -0.009053 
  0.024702  -0.016486   0.030990   0.009282  -0.023090  -0.013636   0.001400  -0.148630   0.010917   0.010084   0.020512   0.000287 
  0.036783   0.016606   0.041436  -0.006990  -0.016845   0.006360   0.012081   0.033092   0.010446  -0.016272   0.006245   0.019996 
  0.013608   0.007779   0.052427  -0.032086  -0.044404   0.000802  -0.023175  -0.008827   0.010991  -0.025096  -0.027559  -0.005558 
 -0.006879   0.338448   0.121256  -0.056837  -0.103705  -0.014840  -0.020487   0.330669   0.068829  -0.024751  -0.059301  -0.015642 
  0.004569   0.209095   0.087696  -0.087720  -0.064458  -0.008995   0.011448  -0.129353  -0.033560  -0.030883   0.039247   0.005845 
 -0.006413   0.208562   0.098137  -0.061077  -0.090184  -0.023892  -0.010982  -0.000533   0.010441   0.026643  -0.025726  -0.014897 
  0.007011   0.166610   0.073394  -0.029966  -0.107430  -0.026413   0.013424  -0.041952  -0.024743   0.031111  -0.017246  -0.002521 
 -0.002522   0.147090   0.153695  -0.161689  -0.102330  -0.020512  -0.009533  -0.019520   0.080301  -0.131723   0.005100   0.005901 
  0.011949   0.132366   0.088297  -0.079412  -0.074026  -0.026872   0.014471  -0.014724  -0.065398   0.082277   0.028304  -0.006360 
  0.012984   0.122015   0.076597  -0.063942  -0.097116  -0.025210   0.001035  -0.010351  -0.011700   0.015470  -0.023090   0.001662 
  0.020722   0.115152   0.076597  -0.045550  -0.092361  -0.034950   0.007738  -0.006863   0.000000   0.018392   0.004755  -0.009740 
  0.021841   0.114977   0.085907  -0.059358  -0.083193  -0.028533   0.001119  -0.000175   0.009310  -0.013808   0.009168   0.006417 
  0.028793   0.091831   0.092818  -0.063999  -0.099924  -0.032487   0.006952  -0.023146   0.006911  -0.004641  -0.016731  -0.003954 
  0.021573  -0.003563   0.092929  -0.022689  -0.096658  -0.037643  -0.007220  -0.095394   0.000111   0.041310   0.003266  -0.005156 
  0.026395   0.174878   0.122478  -0.064630  -0.106456  -0.031226   0.004822   0.178441   0.029549  -0.041941  -0.009798   0.006417 
  0.028711   0.194873   0.120969  -0.020455  -0.098606  -0.040279   0.002316   0.019995  -0.001509   0.044175   0.007850  -0.009053 
  0.032038   0.090837   0.085119  -0.029794  -0.104737  -0.035581   0.003327  -0.104036  -0.035850  -0.009339  -0.006131   0.004698 
  0.035061  -0.004857   0.071818  -0.018621  -0.080672  -0.035638   0.003023  -0.095694  -0.013301   0.011173   0.024065  -0.000057 
  0.021527   0.217499   0.067102  -0.028075  -0.115967  -0.034091  -0.013534   0.222356  -0.004716  -0.009454  -0.035295   0.001547 
  0.026909   0.171597   0.078558  -0.042399  -0.093335  -0.040795   0.005382  -0.045902   0.011456  -0.014324   0.022632  -0.006704 
  0.016105   0.059441   0.051393  -0.032200  -0.086746  -0.018965  -0.010804  -0.112156  -0.027165   0.010199   0.006589   0.021830 
  0.018416   0.030825   0.035841  -0.028533  -0.082391  -0.018965   0.002311  -0.028616  -0.015552   0.003667   0.004355   0.000000 
  0.020440   0.209208   0.033625  -0.050363  -0.075745  -0.018965   0.002024   0.178383  -0.002216  -0.021830   0.006646   0.000000 
  0.024389   0.169817   0.025356  -0.027674  -0.081532  -0.030481   0.003949  -0.039391  -0.008269   0.022689  -0.005787  -0.011516 
  0.021520   0.028088   0.046578  -0.050764  -0.085714  -0.030367  -0.002869  -0.141729   0.021222  -0.023090  -0.004182   0.000114 
  0.024270   0.135553   0.026950  -0.017418  -0.084569  -0.033461   0.002750   0.107465  -0.019628   0.033346   0.001145  -0.003094 
  0.024373   0.180986   0.036672  -0.044118  -0.074714  -0.028247   0.000103   0.045433   0.009722  -0.026700   0.009855   0.005214 
  0.024198   0.083341   0.025231  -0.034435  -0.090986  -0.032086  -0.000175  -0.097645  -0.011441   0.009683  -0.016272  -0.003839 
  0.024277   0.043667   0.022956  -0.031226  -0.083709  -0.033289   0.000079  -0.039674  -0.002275   0.003209   0.007277  -0.001203 
  0.023962   0.219134   0.031798  -0.033060  -0.098262  -0.030596  -0.000315   0.175467   0.008842  -0.001834  -0.014553   0.002693 
  0.024193   0.097454   0.041292  -0.033575  -0.092705  -0.034435   0.000231  -0.121680   0.009494  -0.000515   0.005557  -0.003839 
  0.024144  -0.003188   0.061230  -0.038445  -0.084397  -0.027903  -0.000049  -0.100642   0.019938  -0.004870   0.008308   0.006532 
  0.015408   0.187745   0.031415  -0.022861  -0.088121  -0.018965  -0.008736   0.190933  -0.029815   0.015584  -0.003724   0.008938 
  0.021798   0.182825   0.045054  -0.020741  -0.090470  -0.026872   0.006390  -0.004920   0.013639   0.002120  -0.002349  -0.007907 
  0.020236   0.087344   0.036102  -0.043258  -0.073625  -0.027044  -0.001562  -0.095481  -0.008952  -0.022517   0.016845  -0.000172 
  0.024391   0.023464   0.039158  -0.020970  -0.076604  -0.028648   0.004155  -0.063880   0.003056   0.022288  -0.002979  -0.001604 
  0.021122   0.218064   0.039954  -0.024580  -0.089553  -0.023778  -0.003269   0.194600   0.000796  -0.003610  -0.012949   0.004870 
  0.021444   0.155061   0.029292  -0.020225  -0.080214  -0.029164   0.000322  -0.063003  -0.010662   0.004355   0.009339  -0.005386 
  0.027964   0.009636   0.031332  -0.032258  -0.071219  -0.031685   0.006520  -0.145425   0.002040  -0.012033   0.008995  -0.002521 
  0.021806   0.070384   0.032012  -0.011574  -0.076604  -0.026929  -0.006158   0.060748   0.000680   0.020684  -0.005385   0.004756 
  0.013191   0.193893   0.023691  -0.022460  -0.083938  -0.022231  -0.008615   0.123509  -0.008321  -0.010886  -0.007334   0.004698 
  0.018793   0.143264  -0.000946  -0.000802  -0.061306  -0.027731   0.005602  -0.050629  -0.024637   0.021658   0.022632  -0.005500 
  0.013863   0.140195   0.026614  -0.036497  -0.108117  -0.018965  -0.004930  -0.003069   0.027560  -0.035695  -0.046811   0.008766 
  0.029462   0.131155   0.019939  -0.024007  -0.087261  -0.022918   0.015599  -0.009040  -0.006675   0.012490   0.020856  -0.003953 
  0.024296   0.133316   0.027009  -0.026241  -0.087090  -0.026986  -0.005166   0.002161   0.007070  -0.002234   0.000171  -0.004068 
  0.024459   0.109934  -0.005554  -0.036669  -0.084683  -0.024866   0.000163  -0.023382  -0.032563  -0.010428   0.002407   0.002120 
  0.032546  -0.005740  -0.003108   0.002063  -0.059989  -0.025611   0.008087  -0.115674   0.002446   0.038732   0.024694  -0.000745 
  0.024643   0.170431   0.007142  -0.011631  -0.062395  -0.023147  -0.007903   0.176171   0.010250  -0.013694  -0.002406   0.002464 
  0.024707   0.159578   0.010714  -0.011631  -0.059530  -0.018965   0.000064  -0.010853   0.003572   0.000000   0.002865   0.004182 
  0.031687   0.011448  -0.009059  -0.015298  -0.050993  -0.024064   0.006980  -0.148130  -0.019773  -0.003667   0.008537  -0.005099 
  0.031035   0.107452   0.020437  -0.034607  -0.063713  -0.018965  -0.000652   0.096004   0.029496  -0.019309  -0.012720   0.005099 
  0.024955   0.215230  -0.094521  -0.074141  -0.060905  -0.019022  -0.006080   0.107778  -0.114958  -0.039534   0.002808  -0.000057 
  0.034302   0.246378  -0.259038  -0.116883  -0.028132  -0.018965   0.009347   0.031148  -0.164517  -0.042742   0.032773   0.000057 
  0.012231   0.065231  -0.310087  -0.065317  -0.059301  -0.018965  -0.022071  -0.181147  -0.051049   0.051566  -0.031169   0.000000 
  0.015210   0.067981  -0.233181  -0.069786  -0.071734  -0.018965   0.002979   0.002750   0.076906  -0.004469  -0.012433   0.000000 
  0.026702   0.108522  -0.130606  -0.065604  -0.035810  -0.014782   0.011492   0.040541   0.102575   0.004182   0.035924   0.004183 
  0.060281   0.145371  -0.122879  -0.082907  -0.005959   0.005443   0.033579   0.036849   0.007727  -0.017303   0.029851   0.020225 
  0.053119   0.178780  -0.081246  -0.105195  -0.043487  -0.009053  -0.007162   0.033409   0.041633  -0.022288  -0.037528  -0.014496 
  0.044194   0.048665  -0.094420  -0.076375  -0.013866   0.005271  -0.008925  -0.130115  -0.013174   0.028820   0.029621   0.014324 
  0.040859   0.164936  -0.062039  -0.071849  -0.050019  -0.008995  -0.003335   0.116271   0.032381   0.004526  -0.036153  -0.014266 
  0.052034   0.186058  -0.057135  -0.066921  -0.046811  -0.017647   0.011175   0.021122   0.004904   0.004928   0.003208  -0.008652 
  0.040492   0.026174   0.002514  -0.042456  -0.066463  -0.019595  -0.011542  -0.159884   0.059649   0.024465  -0.019652  -0.001948 
  0.028218   0.172739   0.013397  -0.065947  -0.091559  -0.019595  -0.012274   0.146565   0.010883  -0.023491  -0.025096   0.000000 
  0.028516   0.177922   0.028389  -0.062567  -0.075459  -0.019652   0.000298   0.005183   0.014992   0.003380   0.016100  -0.000057 
  0.028527   0.059129   0.025920  -0.062567  -0.076834  -0.019652   0.000011  -0.118793  -0.002469   0.000000  -0.001375   0.000000 
  0.033257   0.064712   0.016700  -0.075516  -0.074656  -0.016157   0.004730   0.005583  -0.009220  -0.012949   0.002178   0.003495 
  0.042382   0.238024   0.004969  -0.068583  -0.070302  -0.019652   0.009125   0.173312  -0.011731   0.006933   0.004354  -0.003495 
  0.028960   0.198905   0.021729  -0.071047  -0.053342   0.004469  -0.013422  -0.039119   0.016760  -0.002464   0.016960   0.024121 
  0.034291   0.096305   0.008306  -0.069328  -0.052483  -0.006073   0.005331  -0.102600  -0.013423   0.001719   0.000859  -0.010542 
  0.035708   0.069318   0.005047  -0.058843  -0.045894  -0.008365   0.001417  -0.026987  -0.003259   0.010485   0.006589  -0.002292 
  0.038843   0.221140  -0.025934  -0.069557  -0.064630  -0.003151   0.003135   0.151822  -0.030981  -0.010714  -0.018736   0.005214 
  0.042780   0.175341  -0.012292  -0.069614  -0.056322  -0.009225   0.003937  -0.045799   0.013642  -0.000057   0.008308  -0.006074 
  0.039052   0.040574  -0.036436  -0.073109  -0.053400  -0.001833  -0.003728  -0.134767  -0.024144  -0.003495   0.002922   0.007392 
  0.035905   0.151246  -0.025925  -0.065489  -0.057181  -0.007219  -0.003147   0.110672   0.010511   0.007620  -0.003781  -0.005386 
  0.037737   0.203899  -0.008020  -0.069614  -0.059817  -0.005500   0.001832   0.052653   0.017905  -0.004125  -0.002636   0.001719 
  0.044579   0.137521  -0.006460  -0.073109  -0.070015  -0.002578   0.006842  -0.066378   0.001560  -0.003495  -0.010198   0.002922 
  0.036733   0.031919  -0.003591  -0.064687  -0.058614  -0.010084  -0.007846  -0.105602   0.002869   0.008422   0.011401  -0.007506 
  0.036877   0.218951   0.000980  -0.073568  -0.070818  -0.002292   0.000144   0.187032   0.004571  -0.008881  -0.012204   0.007792 
  0.036328   0.148683  -0.000544  -0.072823  -0.076662  -0.005157  -0.000549  -0.070268  -0.001524   0.000745  -0.005844  -0.002865 
  0.028658   0.044927   0.000953  -0.063312  -0.069958  -0.010027  -0.007670  -0.103756   0.001497   0.009511   0.006704  -0.004870 
  0.028538   0.254403  -0.001067  -0.078610  -0.079928  -0.008136  -0.000120   0.209476  -0.002020  -0.015298  -0.009970   0.001891 
  0.028433   0.144308   0.001940  -0.069901  -0.079011  -0.009683  -0.000105  -0.110095   0.003007   0.008709   0.000917  -0.001547 
  0.020342   0.045489  -0.001758  -0.065374  -0.073339  -0.010428  -0.008091  -0.098819  -0.003698   0.004527   0.005672  -0.000745 
  0.026373   0.213734  -0.010026  -0.092934  -0.069328  -0.019595   0.006031   0.168245  -0.008268  -0.027560   0.004011  -0.009167 
  0.035833   0.157330  -0.000518  -0.092934  -0.054660  -0.019595   0.009460  -0.056404   0.009508   0.000000   0.014668   0.000000 
  0.021913   0.062658  -0.013773  -0.068927  -0.063025  -0.019652  -0.013920  -0.094672  -0.013255   0.024007  -0.008365  -0.000057 
  0.021703   0.082217  -0.025948  -0.067323  -0.073453  -0.019595  -0.000210   0.019559  -0.012175   0.001604  -0.010428   0.000057 
  0.021566   0.196160  -0.028923  -0.061994  -0.083136  -0.019595  -0.000137   0.113943  -0.002975   0.005329  -0.009683   0.000000 
  0.029393   0.162821  -0.007238  -0.066291  -0.080271  -0.019595   0.007827  -0.033339   0.021685  -0.004297   0.002865   0.000000 
  0.021721   0.024486  -0.011828  -0.062051  -0.071963  -0.019652  -0.007672  -0.138335  -0.004590   0.004240   0.008308  -0.000057 
  0.021798   0.146152  -0.017436  -0.062051  -0.066119  -0.019652   0.000077   0.121666  -0.005608   0.000000   0.005844   0.000000 
  0.026562   0.156557  -0.004050  -0.068125  -0.051623  -0.019652   0.004764   0.010405   0.013386  -0.006074   0.014496   0.000000 
  0.025446   0.146318  -0.001755  -0.067838  -0.063197  -0.019652  -0.001116  -0.010239   0.002295   0.000287  -0.011574   0.000000 
  0.021916   0.042145  -0.004913  -0.062051  -0.059702  -0.019652  -0.003530  -0.104173  -0.003158   0.005787   0.003495   0.000000 
  0.021860   0.168639  -0.010509  -0.076891  -0.064916  -0.019595  -0.000056   0.126494  -0.005596  -0.014840  -0.005214   0.000057 
  0.029218   0.175003   0.001652  -0.077120  -0.067437  -0.019595   0.007358   0.006364   0.012161  -0.000229  -0.002521   0.000000 
  0.024850   0.048310   0.016550  -0.068526  -0.065890  -0.019652  -0.004368  -0.126693   0.014898   0.008594   0.001547  -0.000057 
  0.017129   0.130097   0.013392  -0.082850  -0.070015  -0.012720  -0.007721   0.081787  -0.003158  -0.014324  -0.004125   0.006932 
  0.019524   0.191279   0.022109  -0.082850  -0.073109  -0.019595   0.002395   0.061182   0.008717   0.000000  -0.003094  -0.006875 
  0.019097   0.059685   0.016586  -0.063426  -0.071677  -0.019652  -0.000427  -0.131594  -0.005523   0.019424   0.001432  -0.000057 
  0.015627   0.075397   0.039712  -0.074313  -0.074771  -0.015355  -0.003470   0.015712   0.023126  -0.010887  -0.003094   0.004297 
  0.013940   0.210396   0.025991  -0.078266  -0.083652  -0.019595  -0.001687   0.134999  -0.013721  -0.003953  -0.008881  -0.004240 
  0.014996   0.090747   0.027930  -0.078209  -0.065546  -0.019595   0.001056  -0.119649   0.001939   0.000057   0.018106   0.000000 
  0.019062   0.049501   0.023489  -0.062739  -0.068927  -0.015126   0.004066  -0.041246  -0.004441   0.015470  -0.003381   0.004469 
  0.009661   0.230151   0.020864  -0.068526  -0.083423  -0.019595  -0.009401   0.180650  -0.002625  -0.005787  -0.014496  -0.004469 
  0.021270   0.122532   0.016506  -0.068526  -0.081933  -0.019595   0.011609  -0.107619  -0.004358   0.000000   0.001490   0.000000 
  0.009727   0.012020   0.003962  -0.056952  -0.076203  -0.014037  -0.011543  -0.110512  -0.012544   0.011574   0.005730   0.005558 
  0.009728   0.213539  -0.019482  -0.068526  -0.078839  -0.013980   0.000001   0.201519  -0.023444  -0.011574  -0.002636   0.000057 
  0.020367   0.188977   0.010715  -0.082850  -0.071620  -0.014954   0.010639  -0.024562   0.030197  -0.014324   0.007219  -0.000974 
  0.028091   0.098711  -0.019461  -0.078839  -0.076719  -0.019595   0.007724  -0.090266  -0.030176   0.004011  -0.005099  -0.004641 
  0.027288   0.075204  -0.040868  -0.077407  -0.081646  -0.019595  -0.000803  -0.023507  -0.021407   0.001432  -0.004927   0.000000 
  0.026921   0.257580  -0.046148  -0.088637  -0.098663  -0.019595  -0.000367   0.182376  -0.005280  -0.011230  -0.017017   0.000000 
  0.027341   0.108243  -0.035288  -0.080099  -0.077865  -0.019595   0.000420  -0.149337   0.010860   0.008538   0.020798   0.000000 
  0.025519   0.052731  -0.016473  -0.080099  -0.075860  -0.011975  -0.001822  -0.055512   0.018815   0.000000   0.002005   0.007620 
  0.013800   0.249500   0.017545  -0.084454  -0.093965  -0.013808  -0.011719   0.196769   0.034018  -0.004355  -0.018105  -0.001833 
  0.017290   0.087322   0.018812  -0.078438  -0.080902  -0.019595   0.003490  -0.162178   0.001267   0.006016   0.013063  -0.005787 
  0.009178   0.088141   0.030514  -0.077636  -0.086918  -0.015527  -0.008112   0.000819   0.011702   0.000802  -0.006016   0.004068 
  0.016228   0.190316   0.032349  -0.083537  -0.090642  -0.019652   0.007050   0.102175   0.001835  -0.005901  -0.003724  -0.004125 
  0.012035   0.123407   0.034088  -0.083537  -0.095340  -0.019652  -0.004193  -0.066909   0.001739   0.000000  -0.004698   0.000000 
  0.020061   0.054448   0.035800  -0.077120  -0.083079  -0.019595   0.008026  -0.068959   0.001712   0.006417   0.012261   0.000057 
  0.020384   0.199644   0.038161  -0.083537  -0.091616  -0.019652   0.000323   0.145196   0.002361  -0.006417  -0.008537  -0.000057 
  0.016682   0.139595   0.039197  -0.083537  -0.088694  -0.019652  -0.003702  -0.060049   0.001036   0.000000   0.002922   0.000000 
  0.018238   0.028554   0.027964  -0.065947  -0.075000  -0.019595   0.001556  -0.111041  -0.011233   0.017590   0.013694   0.000057 
  0.016308   0.211357   0.022515  -0.072880  -0.083766  -0.014095  -0.001930   0.182803  -0.005449  -0.006933  -0.008766   0.005500 
  0.012762   0.173685   0.028265  -0.075057  -0.087376  -0.015413  -0.003546  -0.037672   0.005750  -0.002177  -0.003610  -0.001318 
  0.014330   0.044716   0.018749  -0.065604  -0.082792  -0.019595   0.001568  -0.128969  -0.009516   0.009453   0.004584  -0.004182 
  0.011917   0.209005   0.018719  -0.083537  -0.080672  -0.013923  -0.002413   0.164289  -0.000030  -0.017933   0.002120   0.005672 
  0.016356   0.182340   0.016395  -0.090986  -0.072193  -0.019595   0.004439  -0.026665  -0.002324  -0.007449   0.008479  -0.005672 
  0.025070   0.035940   0.073048  -0.069271  -0.078323  -0.019595   0.008714  -0.146400   0.056653   0.021715  -0.006130   0.000000 
  0.011340   0.137138   0.045479  -0.083537  -0.091902  -0.019652  -0.013730   0.101198  -0.027569  -0.014266  -0.013579  -0.000057 
  0.018936   0.222314   0.035372  -0.083537  -0.090527  -0.019652   0.007596   0.085176  -0.010107   0.000000   0.001375   0.000000 
  0.011446   0.092223   0.031219  -0.092017  -0.081303  -0.019652  -0.007490  -0.130091  -0.004153  -0.008480   0.009224   0.000000 
  0.012904   0.038147   0.024127  -0.083595  -0.078323  -0.019595   0.001458  -0.054076  -0.007092   0.008422   0.002980   0.000057 
  0.019213   0.207212   0.002190  -0.103763  -0.061478  -0.019595   0.006309   0.169065  -0.021937  -0.020168   0.016845   0.000000 
  0.019622   0.166839   0.021996  -0.099981  -0.053915  -0.019595   0.000409  -0.040373   0.019806   0.003782   0.007563   0.000000 
  0.013511   0.057785   0.002227  -0.096429  -0.061536  -0.019595  -0.006111  -0.109054  -0.019769   0.003552  -0.007621   0.000000 
  0.013949  -0.025409  -0.016012  -0.085657  -0.059473  -0.019595   0.000438  -0.083194  -0.018239   0.010772   0.002063   0.000000 
  0.014259   0.031533   0.030729  -0.099924  -0.085543  -0.019595   0.000310   0.056942   0.046741  -0.014267  -0.026070   0.000000 
 -0.005261   0.327511  -0.014752  -0.073740  -0.105424  -0.019652  -0.019520   0.295978  -0.045481   0.026184  -0.019881  -0.000057 
 -0.020182   0.286882  -0.014705  -0.096658  -0.113675  -0.019652  -0.014921  -0.040629   0.000047  -0.022918  -0.008251   0.000000 
 -0.014165   0.122231   0.057485  -0.112357  -0.113675  -0.019595   0.006017  -0.164651   0.072190  -0.015699   0.000000   0.000057 
 -0.000635   0.102600   0.052784  -0.092762  -0.101872  -0.019595   0.013530  -0.019631  -0.004701   0.019595   0.011803   0.000000 
 -0.001603   0.152315   0.057426  -0.113503  -0.105596  -0.019595  -0.000968   0.049715   0.004642  -0.020741  -0.003724   0.000000 
  0.005335   0.120030   0.075172  -0.109893  -0.102674  -0.019652   0.006938  -0.032285   0.017746   0.003610   0.002922  -0.000057 
  0.011999   0.130597   0.075583  -0.105997  -0.091329  -0.019595   0.006664   0.010567   0.000411   0.003896   0.011345   0.000057 
  0.011197   0.135826   0.083330  -0.112071  -0.095627  -0.023205  -0.000802   0.005229   0.007747  -0.006074  -0.004298  -0.003610 
  0.016939   0.132571   0.090884  -0.118316  -0.092361  -0.024981   0.005742  -0.003255   0.007554  -0.006245   0.003266  -0.001776 
  0.018155   0.131833   0.111047  -0.131494  -0.099236  -0.033919   0.001216  -0.000738   0.020163  -0.013178  -0.006875  -0.008938 
  0.028499   0.123680   0.132766  -0.130577  -0.092132  -0.034950   0.010344  -0.008153   0.021719   0.000917   0.007104  -0.001031 
  0.028749   0.114449   0.142354  -0.117571  -0.080615  -0.028877   0.000250  -0.009231   0.009588   0.013006   0.011517   0.006073 
  0.021543   0.031597   0.147927  -0.118029  -0.092246  -0.035466  -0.007206  -0.082852   0.005573  -0.000458  -0.011631  -0.006589 
  0.018453   0.086860   0.152836  -0.153209  -0.080157  -0.026814  -0.003090   0.055263   0.004909  -0.035180   0.012089   0.008652 
  0.021842   0.224114   0.169365  -0.144042  -0.104565  -0.026929   0.003389   0.137254   0.016529   0.009167  -0.024408  -0.000115 
  0.015929   0.014182   0.106981  -0.127426  -0.114190  -0.038388  -0.005913  -0.209932  -0.062384   0.016616  -0.009625  -0.011459 
  0.018766   0.051161   0.104517  -0.145016  -0.085657  -0.032143   0.002837   0.036979  -0.002464  -0.017590   0.028533   0.006245 
  0.018736   0.278154   0.103227  -0.129832  -0.099523  -0.019652  -0.000030   0.226993  -0.001290   0.015184  -0.013866   0.012491 
  0.018819   0.198051   0.112899  -0.127369  -0.090757  -0.026127   0.000083  -0.080103   0.009672   0.002463   0.008766  -0.006475 
  0.015745   0.045055   0.116165  -0.127254  -0.087032  -0.023033  -0.003074  -0.152996   0.003266   0.000115   0.003725   0.003094 
  0.012709   0.107621   0.066909  -0.111268  -0.085944  -0.019366  -0.003036   0.062566  -0.049256   0.015986   0.001088   0.003667 
  0.013367   0.205666   0.082384  -0.134817  -0.083251  -0.019481   0.000658   0.098045   0.015475  -0.023549   0.002693  -0.000115 
  0.017469   0.188839   0.077305  -0.120894  -0.084225  -0.029507   0.004102  -0.016827  -0.005079   0.013923  -0.000974  -0.010026 
  0.010364   0.083734   0.067304  -0.120092  -0.090126  -0.031971  -0.007105  -0.105105  -0.010001   0.000802  -0.005901  -0.002464 
  0.016935   0.117853   0.058847  -0.122728  -0.086287  -0.024465   0.006571   0.034119  -0.008457  -0.002636   0.003839   0.007506 
  0.019545   0.193952   0.065846  -0.122728  -0.071963  -0.028018   0.002610   0.076099   0.006999   0.000000   0.014324  -0.003553 
  0.007939   0.144119   0.033715  -0.116482  -0.088637  -0.026814  -0.011606  -0.049833  -0.032131   0.006246  -0.016674   0.001204 
  0.002484   0.004801  -0.079332  -0.097288  -0.091043  -0.010657  -0.005455  -0.139318  -0.113047   0.019194  -0.002406   0.016157 
  0.006887   0.153987  -0.019415  -0.140031  -0.091902  -0.013636   0.004403   0.149186   0.059917  -0.042743  -0.000859  -0.002979 
 -0.004959   0.227373  -0.057431  -0.101127  -0.113446  -0.032487  -0.011846   0.073386  -0.038016   0.038904  -0.021544  -0.018851 
  0.000050   0.076891  -0.021891  -0.122899  -0.114821  -0.021486   0.005009  -0.150482   0.035540  -0.021772  -0.001375   0.011001 
  0.004947   0.039093  -0.014093  -0.115107  -0.092705  -0.027960   0.004897  -0.037798   0.007798   0.007792   0.022116  -0.006474 
 -0.001108   0.217602   0.063230  -0.122899  -0.113560  -0.026413  -0.006055   0.178509   0.077323  -0.007792  -0.020855   0.001547 
 -0.003058   0.132681   0.100520  -0.135505  -0.132296  -0.031054  -0.001950  -0.084921   0.037290  -0.012606  -0.018736  -0.004641 
 -0.002382   0.144825   0.092567  -0.143469  -0.130004  -0.027330   0.000676   0.012144  -0.007953  -0.007964   0.002292   0.003724 
  0.008412   0.155930   0.121873  -0.150974  -0.136593  -0.025611   0.010794   0.011105   0.029306  -0.007505  -0.006589   0.001719 
 -0.001091   0.016880   0.152978  -0.154641  -0.144672  -0.034263  -0.009503  -0.139050   0.031105  -0.003667  -0.008079  -0.008652 
 -0.002517   0.203885   0.158481  -0.184321  -0.147651  -0.034836  -0.001426   0.187005   0.005503  -0.029680  -0.002979  -0.000573 
 -0.003987   0.177032   0.166485  -0.179049  -0.143469  -0.033232  -0.001470  -0.026853   0.008004   0.005272   0.004182   0.001604 
 -0.002035   0.034103   0.157548  -0.152693  -0.124618  -0.034549   0.001952  -0.142929  -0.008937   0.026356   0.018851  -0.001317 
 -0.001697   0.211317   0.157622  -0.173721  -0.129660  -0.030596   0.000338   0.177214   0.000074  -0.021028  -0.005042   0.003953 
  0.003171   0.185981   0.177967  -0.194004  -0.127254  -0.027158   0.004868  -0.025336   0.020345  -0.020283   0.002406   0.003438 
  0.005319   0.014500   0.095362  -0.173606  -0.117055  -0.015298   0.002148  -0.171481  -0.082605   0.020398   0.010199   0.011860 
 -0.006169   0.068024   0.061508  -0.144844  -0.139744  -0.020283  -0.011488   0.053524  -0.033854   0.028762  -0.022689  -0.004985 
 -0.000509   0.204864   0.053415  -0.159913  -0.121410  -0.022002   0.005660   0.136840  -0.008093  -0.015069   0.018334  -0.001719 
  0.003834   0.204929   0.070428  -0.157105  -0.117514  -0.023491   0.004343   0.000065   0.017013   0.002808   0.003896  -0.001489 
  0.011540   0.125369   0.152454  -0.144615  -0.133556  -0.038904   0.007706  -0.079560   0.082026   0.012490  -0.016042  -0.015413 
  0.018022   0.002693   0.208396  -0.083079  -0.143469  -0.017303   0.006482  -0.122676   0.055942   0.061536  -0.009913   0.021601 
  0.019835   0.263338   0.087172  -0.102617  -0.124962  -0.019882   0.001813   0.260645  -0.121224  -0.019538   0.018507  -0.002579 
  0.017413   0.158140   0.097245  -0.104450  -0.124446  -0.022345  -0.002422  -0.105198   0.010073  -0.001833   0.000516  -0.002463 
  0.021773   0.096215   0.097178  -0.105883  -0.120493  -0.027158   0.004360  -0.061925  -0.000067  -0.001433   0.003953  -0.004813 
  0.016961   0.103084   0.103900  -0.112414  -0.116196  -0.028705  -0.004812   0.006869   0.006722  -0.006531   0.004297  -0.001547 
  0.019188   0.139069   0.117511  -0.126853  -0.133385  -0.031971   0.002227   0.035985   0.013611  -0.014439  -0.017189  -0.003266 
  0.016694   0.123709   0.110904  -0.117972  -0.130577  -0.032659  -0.002494  -0.015360  -0.006607   0.008881   0.002808  -0.000688 
  0.017211   0.104613   0.114063  -0.115165  -0.104909  -0.031455   0.000517  -0.019096   0.003159   0.002807   0.025668   0.001204 
  0.017439   0.108171   0.123181  -0.132582  -0.099695  -0.030309   0.000228   0.003558   0.009118  -0.017417   0.005214   0.001146 
  0.017738   0.177243   0.119978  -0.132582  -0.094481  -0.028132   0.000299   0.069072  -0.003203   0.000000   0.005214   0.002177 
  0.025712   0.040493   0.113288  -0.139057  -0.066234  -0.021830   0.007974  -0.136750  -0.006690  -0.006475   0.028247   0.006302 
  0.037141   0.083280   0.156037  -0.169596  -0.064687  -0.005844   0.011429   0.042787   0.042749  -0.030539   0.001547   0.015986 
  0.036389   0.248164   0.185481  -0.179450  -0.057124  -0.023491  -0.000752   0.164884   0.029444  -0.009854   0.007563  -0.017647 
  0.036102   0.057977   0.199920  -0.167647  -0.078323  -0.028132  -0.000287  -0.190187   0.014439   0.011803  -0.021199  -0.004641 
  0.035647   0.043663   0.228701  -0.155214  -0.096715  -0.010256  -0.000455  -0.014314   0.028781   0.012433  -0.018392   0.017876 
  0.035695   0.259748   0.242739  -0.187644  -0.096601  -0.006589   0.000048   0.216085   0.014038  -0.032430   0.000114   0.003667 
  0.035559   0.110342   0.226577  -0.158996  -0.101299  -0.012204  -0.000136  -0.149406  -0.016162   0.028648  -0.004698  -0.005615 
  0.046017   0.033640   0.200177  -0.152636  -0.084053  -0.012032   0.010458  -0.076702  -0.026400   0.006360   0.017246   0.000172 
  0.032910   0.184144   0.144812  -0.158136  -0.061593  -0.017590  -0.013107   0.150504  -0.055365  -0.005500   0.022460  -0.005558 
  0.033756   0.188840   0.096646  -0.136192  -0.057926  -0.014668   0.000846   0.004696  -0.048166   0.021944   0.003667   0.002922 
  0.026555   0.157581   0.089985  -0.171142  -0.051738  -0.002349  -0.007201  -0.031259  -0.006661  -0.034950   0.006188   0.012319 
  0.028952   0.141063   0.058794  -0.137338  -0.057124  -0.006589   0.002397  -0.016518  -0.031191   0.033804  -0.005386  -0.004240 
  0.029389   0.092078   0.090454  -0.139458  -0.062395  -0.003380   0.000437  -0.048985   0.031660  -0.002120  -0.005271   0.003209 
  0.032102   0.207716   0.079566  -0.160199  -0.071391  -0.003724   0.002713   0.115638  -0.010888  -0.020741  -0.008996  -0.000344 
  0.042501   0.089268   0.101122  -0.154641  -0.051051  -0.013980   0.010399  -0.118448   0.021556   0.005558   0.020340  -0.010256 
  0.040364   0.047992   0.108964  -0.154469  -0.051108  -0.018163  -0.002137  -0.041276   0.007842   0.000172  -0.000057  -0.004183 
  0.044090   0.169910   0.090708  -0.203744  -0.082219  -0.021601   0.003726   0.121918  -0.018256  -0.049275  -0.031111  -0.003438 
  0.042754   0.176000   0.101285  -0.210963  -0.092876  -0.018850  -0.001336   0.006090   0.010577  -0.007219  -0.010657   0.002751 
  0.045004   0.209561   0.107412  -0.215375  -0.063197  -0.019423   0.002250   0.033561   0.006127  -0.004412   0.029679  -0.000573 
  0.043049   0.114365   0.159754  -0.218813  -0.060848  -0.014553  -0.001955  -0.095196   0.052342  -0.003438   0.002349   0.004870 
  0.039708   0.119125   0.191576  -0.203801  -0.056780  -0.007334  -0.003341   0.004760   0.031822   0.015012   0.004068   0.007219 
  0.034808   0.203868   0.264573  -0.248950  -0.075229  -0.009053  -0.004900   0.084743   0.072997  -0.045149  -0.018449  -0.001719 
  0.049289   0.047413   0.240194  -0.231188  -0.053400  -0.010943   0.014481  -0.156455  -0.024379   0.017762   0.021829  -0.001890 
  0.043817   0.191488   0.244516  -0.228381  -0.071849  -0.002865  -0.005472   0.144075   0.004322   0.002807  -0.018449   0.008078 
  0.046145   0.191062   0.279022  -0.242132  -0.069672  -0.001375   0.002328  -0.000426   0.034506  -0.013751   0.002177   0.001490 
  0.053474   0.098382   0.352836  -0.281494  -0.065776  -0.012147   0.007329  -0.092680   0.073814  -0.039362   0.003896  -0.010772 
  0.057484   0.112749   0.294183  -0.250440  -0.059530  -0.002521   0.004010   0.014367  -0.058653   0.031054   0.006246   0.009626 
  0.065950   0.177412   0.298401  -0.248549  -0.075688  -0.011459   0.008466   0.064663   0.004218   0.001891  -0.016158  -0.008938 
  0.057486   0.162915   0.310119  -0.255081  -0.057811  -0.000344  -0.008464  -0.014497   0.011718  -0.006532   0.017877   0.011115 
  0.057598   0.065261   0.317290  -0.227063  -0.046868   0.002063   0.000112  -0.097654   0.007171   0.028018   0.010943   0.002407 
  0.057380   0.186742   0.316387  -0.225975  -0.066921   0.003037  -0.000218   0.121481  -0.000903   0.001088  -0.020053   0.000974 
  0.053392   0.159016   0.301313  -0.225975  -0.063369  -0.002005  -0.003988  -0.027726  -0.015074   0.000000   0.003552  -0.005042 
  0.038166   0.030798   0.309273  -0.208729  -0.092418  -0.011688  -0.015226  -0.128218   0.007960   0.017246  -0.029049  -0.009683 
  0.015330   0.127408   0.209516  -0.216120  -0.119576  -0.016100  -0.022836   0.096610  -0.099757  -0.007391  -0.027158  -0.004412 
  0.022727   0.215304   0.180804  -0.222709  -0.101585  -0.002235   0.007397   0.087896  -0.028712  -0.006589   0.017991   0.013865 
  0.047899   0.121064   0.220603  -0.234111  -0.074141  -0.013579   0.025172  -0.094240   0.039799  -0.011402   0.027444  -0.011344 
  0.062387   0.043361   0.201714  -0.220875  -0.055577  -0.001948   0.014488  -0.077703  -0.018889   0.013236   0.018564   0.011631 
  0.071272   0.208263   0.196505  -0.243507  -0.050019   0.006532   0.008885   0.164902  -0.005209  -0.022632   0.005558   0.008480 
  0.062430   0.157549   0.197887  -0.237949  -0.058614   0.010714  -0.008842  -0.050714   0.001382   0.005558  -0.008595   0.004182 
  0.071072   0.049475   0.194316  -0.239496  -0.035409   0.005099   0.008642  -0.108074  -0.003571  -0.001547   0.023205  -0.005615 
  0.062755   0.219282   0.168578  -0.232392  -0.041253   0.005099  -0.008317   0.169807  -0.025738   0.007104  -0.005844   0.000000 
  0.062551   0.202786   0.196846  -0.228954  -0.050077   0.005042  -0.000204  -0.016496   0.028268   0.003438  -0.008824  -0.000057 
  0.074001   0.034816   0.223078  -0.245627  -0.037128   0.005099   0.011450  -0.167970   0.026232  -0.016673   0.012949   0.000057 
  0.062098   0.196694   0.207028  -0.244768  -0.078782  -0.019194  -0.011903   0.161878  -0.016050   0.000859  -0.041654  -0.024293 
  0.043877   0.173585   0.280725  -0.192800  -0.119634  -0.007105  -0.018221  -0.023109   0.073697   0.051968  -0.040852   0.012089 
  0.047963   0.084088   0.304547  -0.220245  -0.092475  -0.006474   0.004086  -0.089497   0.023822  -0.027445   0.027159   0.000631 
  0.052681   0.059899   0.288232  -0.213198  -0.086058  -0.002349   0.004718  -0.024189  -0.016315   0.007047   0.006417   0.004125 
  0.059614   0.229959   0.281676  -0.244882  -0.114935  -0.008881   0.006933   0.170060  -0.006556  -0.031684  -0.028877  -0.006532 
  0.062632   0.074784   0.293832  -0.232621  -0.084626  -0.009110   0.003018  -0.155175   0.012156   0.012261   0.030309  -0.000229 
  0.062642   0.105856   0.260284  -0.212166  -0.085027  -0.000630   0.000010   0.031072  -0.033548   0.020455  -0.000401   0.008480 
  0.058236   0.202028   0.264230  -0.242132  -0.101757  -0.005844  -0.004406   0.096172   0.003946  -0.029966  -0.016730  -0.005214 
  0.062587   0.072292   0.270306  -0.227235  -0.092876  -0.012261   0.004351  -0.129736   0.006076   0.014897   0.008881  -0.006417 
  0.062742   0.116630   0.238306  -0.223396  -0.077521  -0.014324   0.000155   0.044338  -0.032000   0.003839   0.015355  -0.002063 
  0.056658   0.190648   0.239723  -0.241101  -0.093335   0.006646  -0.006084   0.074018   0.001417  -0.017705  -0.015814   0.020970 
  0.051465   0.119792   0.085732  -0.233480  -0.068812  -0.001891  -0.005193  -0.070856  -0.153991   0.007621   0.024523  -0.008537 
  0.039533   0.048993  -0.008069  -0.187529  -0.062510  -0.013866  -0.011932  -0.070799  -0.093801   0.045951   0.006302  -0.011975 
  0.041691   0.209618   0.084347  -0.252101  -0.060218  -0.013866   0.002158   0.160625   0.092416  -0.064572   0.002292   0.000000 
  0.057971   0.039129   0.138978  -0.237376  -0.045206  -0.013923   0.016280  -0.170489   0.054631   0.014725   0.015012  -0.000057 
  0.087044   0.158740  -0.526402  -0.127941   0.026299  -0.014381   0.029073   0.119611  -0.665380   0.109435   0.071505  -0.000458 
  0.144790   0.134753  -2.296017  -0.140375   0.069786   0.021887   0.057746  -0.023987  -1.769615  -0.012434   0.043487   0.036268 
  0.108983   0.104321  -1.842392  -0.293698   0.004412   0.016902  -0.035807  -0.030432   0.453625  -0.153323  -0.065374  -0.004985 
  0.107406   0.134845  -1.410764  -0.433271  -0.044863   0.013063  -0.001577   0.030524   0.431628  -0.139573  -0.049275  -0.003839 
  0.092506   0.097771  -0.863913  -0.401873  -0.068984   0.002521  -0.014900  -0.037074   0.546851   0.031398  -0.024121  -0.010542 
  0.078846   0.122826  -0.696693  -0.346124  -0.139515  -0.000573  -0.013660   0.025055   0.167220   0.055749  -0.070531  -0.003094 
  0.083717   0.204416  -0.673346  -0.279260  -0.182888  -0.003380   0.004871   0.081590   0.023347   0.066864  -0.043373  -0.002807 
  0.085191   0.122021  -0.604210  -0.252961  -0.162720   0.002578   0.001474  -0.082395   0.069136   0.026299   0.020168   0.005958 
  0.098866   0.271033  -0.487234  -0.189305  -0.104737   0.004068   0.013675   0.149012   0.116976   0.063656   0.057983   0.001490 
  0.086430   0.106578  -0.465420  -0.168564  -0.126337  -0.011860  -0.012436  -0.164455   0.021814   0.020741  -0.021600  -0.015928 
  0.074540   0.243454  -0.463139  -0.210791  -0.143354  -0.009740  -0.011890   0.136876   0.002281  -0.042227  -0.017017   0.002120 
  0.082946   0.251099  -0.445301  -0.201395  -0.139802  -0.016387   0.008406   0.007645   0.017838   0.009396   0.003552  -0.006647 
  0.089733   0.185382  -0.416435  -0.181800  -0.139171  -0.014439   0.006787  -0.065717   0.028866   0.019595   0.000631   0.001948 
  0.081567   0.268334  -0.406422  -0.200650  -0.132124  -0.004870  -0.008166   0.082952   0.010013  -0.018850   0.007047   0.009569 
  0.073002   0.100416  -0.325365  -0.151948  -0.133499  -0.002406  -0.008565  -0.167918   0.081057   0.048702  -0.001375   0.002464 
  0.088398   0.240511  -0.337239  -0.185409  -0.058728  -0.016845   0.015396   0.140095  -0.011874  -0.033461   0.074771  -0.014439 
  0.088148   0.255540  -0.370636  -0.173320  -0.047957  -0.003151  -0.000250   0.015029  -0.033397   0.012089   0.010771   0.013694 
  0.053993   0.090860  -0.438841  -0.125019  -0.065031  -0.038789  -0.034155  -0.164680  -0.068205   0.048301  -0.017074  -0.035638 
  0.048405   0.161354  -0.426934  -0.071391  -0.114534  -0.038789  -0.005588   0.070494   0.011907   0.053628  -0.049503   0.000000 
  0.071595   0.250025  -0.425158  -0.127254  -0.083308  -0.038789   0.023190   0.088671   0.001776  -0.055863   0.031226   0.000000 
  0.068483   0.141020  -0.420200  -0.138598  -0.075287  -0.024179  -0.003112  -0.109005   0.004958  -0.011344   0.008021   0.014610 
  0.068173   0.124999  -0.386416  -0.155558  -0.066119  -0.025267  -0.000310  -0.016021   0.033784  -0.016960   0.009168  -0.001088 
  0.071691   0.223966  -0.382523  -0.175955  -0.075459  -0.032945   0.003518   0.098967   0.003893  -0.020397  -0.009340  -0.007678 
  0.063891   0.241953  -0.411747  -0.182143  -0.069901  -0.038732  -0.007800   0.017987  -0.029224  -0.006188   0.005558  -0.005787 
  0.052088   0.109030  -0.390935  -0.155558  -0.084454  -0.038732  -0.011803  -0.132923   0.020812   0.026585  -0.014553   0.000000 
  0.072053   0.200527  -0.390803  -0.153495  -0.058900  -0.038732   0.019965   0.091497   0.000132   0.002063   0.025554   0.000000 
  0.065279   0.172656  -0.331154  -0.167476  -0.068067  -0.033575  -0.006774  -0.027871   0.059649  -0.013981  -0.009167   0.005157 
  0.059477   0.145999  -0.327192  -0.184034  -0.057468  -0.026070  -0.005802  -0.026657   0.003962  -0.016558   0.010599   0.007505 
  0.072086   0.233845  -0.281648  -0.182945  -0.053629  -0.022002   0.012609   0.087846   0.045544   0.001089   0.003839   0.004068 
  0.089294   0.131030  -0.197992  -0.143641  -0.041425  -0.026757   0.017208  -0.102815   0.083656   0.039304   0.012204  -0.004755 
  0.084648   0.205760  -0.216027  -0.155042  -0.045436  -0.036096  -0.004646   0.074730  -0.018035  -0.011401  -0.004011  -0.009339 
  0.094816  -0.029960  -0.154110  -0.069213  -0.022173  -0.063426   0.010168  -0.235720   0.061917   0.085829   0.023263  -0.027330 
  0.077658   0.369125  -0.067843  -0.110810  -0.051681  -0.031283  -0.017158   0.399085   0.086267  -0.041597  -0.029508   0.032143 
  0.085575   0.293389   0.161474  -0.133270  -0.075000  -0.037643   0.007917  -0.075736   0.229317  -0.022460  -0.023319  -0.006360 
  0.071312   0.105263   0.191632  -0.136135  -0.115623  -0.038789  -0.014263  -0.188126   0.030158  -0.002865  -0.040623  -0.001146 
