  0.000000   0.000000   0.000000   0.000000   0.000000   0.000000   0.000000   0.000000   0.000000   0.000000   0.000000   0.000000 
 -0.014587  -0.031402   0.067107   0.045722   0.031341   0.017819  -0.014587  -0.031402   0.067107   0.045722   0.031341   0.017819 
 -0.016058  -0.005771   0.161437   0.052941   0.037013   0.013751  -0.001471   0.025631   0.094330   0.007219   0.005672  -0.004068 
 -0.017681   0.116122   0.168161   0.064515   0.028419   0.013178  -0.001623   0.121893   0.006724   0.011574  -0.008594  -0.000573 
 -0.020021   0.147412   0.167239   0.071677   0.013407   0.024293  -0.002340   0.031290  -0.000922   0.007162  -0.015012   0.011115 
 -0.023693   0.143273   0.149301   0.064744   0.033403   0.029450  -0.003672  -0.004139  -0.017938  -0.006933   0.019996   0.005157 
 -0.034088   0.054439   0.265943   0.093392   0.032544   0.029450  -0.010395  -0.088834   0.116642   0.028648  -0.000859   0.000000 
 -0.036784   0.079042   0.326160   0.116425   0.010313   0.029393  -0.002696   0.024603   0.060217   0.023033  -0.022231  -0.000057 
 -0.035186   0.161318   0.304782   0.114248   0.015699   0.024694   0.001598   0.082276  -0.021378  -0.002177   0.005386  -0.004699 
 -0.034351   0.158155   0.273356   0.092074   0.011746   0.029393   0.000835  -0.003163  -0.031426  -0.022174  -0.003953   0.004699 
 -0.031169   0.088981   0.339859   0.135103  -0.021429   0.029393   0.003182  -0.069174   0.066503   0.043029  -0.033175   0.000000 
 -0.029602   0.020598   0.394101   0.109664  -0.010542   0.048816   0.001567  -0.068383   0.054242  -0.025439   0.010887   0.019423 
 -0.034890   0.128875   0.382913   0.100096  -0.006704   0.029450  -0.005288   0.108277  -0.011188  -0.009568   0.003838  -0.019366 
 -0.035096   0.126440   0.362147   0.101127  -0.021142   0.033575  -0.000206  -0.002435  -0.020766   0.001031  -0.014438   0.004125 
 -0.034913   0.114523   0.343712   0.103763  -0.011345   0.051337   0.000183  -0.011917  -0.018435   0.002636   0.009797   0.017762 
 -0.034952   0.033923   0.409949   0.096830  -0.013350   0.029450  -0.000039  -0.080600   0.066237  -0.006933  -0.002005  -0.021887 
 -0.034841   0.028627   0.473676   0.097403  -0.017590   0.049675   0.000111  -0.005296   0.063727   0.000573  -0.004240   0.020225 
 -0.041159   0.152135   0.417340   0.068984  -0.016501   0.034950  -0.006318   0.123508  -0.056336  -0.028419   0.001089  -0.014725 
 -0.034797   0.165238   0.335064   0.074141   0.023892   0.052426   0.006362   0.013103  -0.082276   0.005157   0.040393   0.017476 
 -0.040610   0.057689   0.367181   0.088808   0.017590   0.055348  -0.005813  -0.107549   0.032117   0.014667  -0.006302   0.002922 
 -0.042052   0.028801   0.415149   0.087032   0.004813   0.055119  -0.001442  -0.028888   0.047968  -0.001776  -0.012777  -0.000229 
 -0.041708   0.138898   0.362214   0.100726   0.002292   0.055119   0.000344   0.110097  -0.052935   0.013694  -0.002521   0.000000 
 -0.035032   0.174131   0.290243   0.088293   0.015928   0.055119   0.006676   0.035233  -0.071971  -0.012433   0.013636   0.000000 
 -0.034971   0.122166   0.276348   0.101585   0.011803   0.055119   0.000061  -0.051965  -0.013895   0.013292  -0.004125   0.000000 
 -0.034881   0.029769   0.334494   0.110982   0.013522   0.055119   0.000090  -0.092397   0.058146   0.009397   0.001719   0.000000 
 -0.035006   0.104159   0.321725   0.109779   0.008308   0.055119  -0.000125   0.074390  -0.012769  -0.001203  -0.005214   0.000000 
 -0.034978   0.151495   0.301666   0.102044   0.008193   0.055119   0.000028   0.047336  -0.020059  -0.007735  -0.000115   0.000000 
 -0.039806   0.114378   0.294883   0.097174   0.011975   0.055119  -0.004828  -0.037117  -0.006783  -0.004870   0.003782   0.000000 
 -0.037812   0.011029   0.343044   0.106971   0.007277   0.048014   0.001994  -0.103349   0.048161   0.009797  -0.004698  -0.007105 
 -0.034849   0.077705   0.333346   0.087090   0.011746   0.052139   0.002963   0.066676  -0.009698  -0.019881   0.004469   0.004125 
 -0.035002   0.157284   0.295742   0.107487   0.008995   0.055119  -0.000153   0.079579  -0.037604   0.020397  -0.002751   0.002980 
 -0.034855   0.085010   0.327876   0.103304   0.013866   0.055119   0.000147  -0.072274   0.032134  -0.004183   0.004871   0.000000 
 -0.034900   0.010289   0.337484   0.110409   0.013063   0.055119  -0.000045  -0.074721   0.009608   0.007105  -0.000803   0.000000 
 -0.035023   0.139138   0.291425   0.101299   0.016043   0.055119  -0.000123   0.128849  -0.046059  -0.009110   0.002980   0.000000 
 -0.034929   0.129994   0.277673   0.106398   0.024981   0.055176   0.000094  -0.009144  -0.013752   0.005099   0.008938   0.000057 
 -0.034955   0.023533   0.346346   0.112644   0.016960   0.055176  -0.000026  -0.106461   0.068673   0.006246  -0.008021   0.000000 
 -0.034962   0.080739   0.334105   0.092876   0.019710   0.055176  -0.000007   0.057206  -0.012241  -0.019768   0.002750   0.000000 
 -0.032923   0.149565   0.287920   0.092418   0.018163   0.055176   0.002039   0.068826  -0.046185  -0.000458  -0.001547   0.000000 
 -0.043598   0.074448   0.324547   0.125879   0.029565   0.034206  -0.010675  -0.075117   0.036627   0.033461   0.011402  -0.020970 
 -0.053767   0.030736   0.353867   0.120035   0.036039   0.037242  -0.010169  -0.043712   0.029320  -0.005844   0.006474   0.003036 
 -0.041655   0.143876   0.319256   0.098205   0.040050   0.055119   0.012112   0.113140  -0.034611  -0.021830   0.004011   0.017877 
 -0.034866   0.161789   0.290190   0.107258   0.035810   0.055119   0.006789   0.017913  -0.029066   0.009053  -0.004240   0.000000 
 -0.034860   0.108356   0.316776   0.122040   0.035982   0.055119   0.000006  -0.053433   0.026586   0.014782   0.000172   0.000000 
 -0.034810   0.025644   0.355240   0.116024   0.036326   0.055119   0.000050  -0.082712   0.038464  -0.006016   0.000344   0.000000 
 -0.034960   0.113286   0.344108   0.128171   0.013579   0.055176  -0.000150   0.087642  -0.011132   0.012147  -0.022747   0.000057 
 -0.125916   0.137516   0.289846   0.067208   0.040852   0.021314  -0.090956   0.024230  -0.054262  -0.060963   0.027273  -0.033862 
 -0.105719   0.094635   0.259324   0.075344   0.036440   0.020512   0.020197  -0.042881  -0.030522   0.008136  -0.004412  -0.000802 
 -0.078668   0.175430   0.248472   0.075287   0.048472   0.030023   0.027051   0.080795  -0.010852  -0.000057   0.012032   0.009511 
 -0.076463   0.076542   0.288305   0.093507   0.039649   0.023835   0.002205  -0.098888   0.039833   0.018220  -0.008823  -0.006188 
 -0.068083   0.026473   0.326191   0.105080   0.033575   0.029622   0.008380  -0.050069   0.037886   0.011573  -0.006074   0.005787 
 -0.069676   0.123933   0.312163   0.100210   0.037357   0.033232  -0.001593   0.097460  -0.014028  -0.004870   0.003782   0.003610 
 -0.058694   0.151331   0.290431   0.105310   0.040394   0.027559   0.010982   0.027398  -0.021732   0.005100   0.003037  -0.005673 
 -0.058738   0.123646   0.280219   0.115050   0.033633   0.030309  -0.000044  -0.027685  -0.010212   0.009740  -0.006761   0.002750 
 -0.065970   0.011726   0.331091   0.127311   0.008079   0.025669  -0.007232  -0.111920   0.050872   0.012261  -0.025554  -0.004640 
 -0.065627   0.096926   0.319912   0.121524   0.027559   0.034549   0.000343   0.085200  -0.011179  -0.005787   0.019480   0.008880 
 -0.064557   0.153864   0.293620   0.112758   0.028591   0.036096   0.001070   0.056938  -0.026292  -0.008766   0.001032   0.001547 
 -0.058726   0.102557   0.309458   0.132296   0.025096   0.046811   0.005831  -0.051307   0.015838   0.019538  -0.003495   0.010715 
 -0.058612   0.005169   0.343073   0.138083   0.024637   0.030711   0.000114  -0.097388   0.033615   0.005787  -0.000459  -0.016100 
 -0.055920   0.136762   0.314423   0.132582   0.021601   0.031914   0.002692   0.131593  -0.028650  -0.005501  -0.003036   0.001203 
 -0.058837   0.139778   0.293512   0.127884   0.009053   0.026872  -0.002917   0.003016  -0.020911  -0.004698  -0.012548  -0.005042 
 -0.058725   0.120491   0.267607   0.125879   0.026643   0.030481   0.000112  -0.019287  -0.025905  -0.002005   0.017590   0.003609 
 -0.058829   0.030896   0.332763   0.138255   0.008995   0.030481  -0.000104  -0.089595   0.065156   0.012376  -0.017648   0.000000 
 -0.037182   0.013931   0.351694   0.130462   0.009740   0.055691   0.021647  -0.016965   0.018931  -0.007793   0.000745   0.025210 
 -0.042274   0.115706   0.372238   0.125134  -0.012662   0.053170  -0.005092   0.101775   0.020544  -0.005328  -0.022402  -0.002521 
 -0.038595   0.173283   0.355302   0.117055   0.006131   0.049389   0.003679   0.057577  -0.016936  -0.008079   0.018793  -0.003781 
 -0.033808   0.129837   0.339327   0.123816   0.009167   0.059301   0.004787  -0.043446  -0.015975   0.006761   0.003036   0.009912 
 -0.036291   0.021685   0.369588   0.145417  -0.000458   0.058556  -0.002483  -0.108152   0.030261   0.021601  -0.009625  -0.000745 
 -0.031776   0.117161   0.366588   0.139916  -0.013808   0.050420   0.004515   0.095476  -0.003000  -0.005501  -0.013350  -0.008136 
 -0.030144   0.163332   0.345167   0.140203  -0.002292   0.049675   0.001632   0.046171  -0.021421   0.000287   0.011516  -0.000745 
 -0.027698   0.124244   0.314192   0.122842   0.009282   0.044576   0.002446  -0.039088  -0.030975  -0.017361   0.011574  -0.005099 
 -0.029944   0.016588   0.352600   0.138598  -0.017876   0.043545  -0.002246  -0.107656   0.038408   0.015756  -0.027158  -0.001031 
 -0.026825   0.074305   0.356436   0.142380  -0.015298   0.042112   0.003119   0.057717   0.003836   0.003782   0.002578  -0.001433 
 -0.026762   0.165557   0.338222   0.127254  -0.017475   0.050019   0.000063   0.091252  -0.018214  -0.015126  -0.002177   0.007907 
 -0.023087   0.141098   0.355070   0.151834  -0.011688   0.056895   0.003675  -0.024459   0.016848   0.024580   0.005787   0.006876 
 -0.030512   0.044944   0.409817   0.206437  -0.033117   0.030481  -0.007425  -0.096154   0.054747   0.054603  -0.021429  -0.026414 
 -0.038271   0.090154   0.390024   0.171085  -0.015355   0.016501  -0.007759   0.045210  -0.019793  -0.035352   0.017762  -0.013980 
 -0.023170   0.160552   0.339460   0.135333  -0.005672   0.030481   0.015101   0.070398  -0.050564  -0.035752   0.009683   0.013980 
 -0.015604   0.154951   0.297226   0.108060   0.014725   0.044404   0.007566  -0.005601  -0.042234  -0.027273   0.020397   0.013923 
 -0.022107   0.032219   0.312553   0.130004   0.017189   0.030481  -0.006503  -0.122732   0.015327   0.021944   0.002464  -0.013923 
 -0.022801   0.092862   0.338670   0.140145   0.011516   0.033919  -0.000694   0.060643   0.026117   0.010141  -0.005673   0.003438 
 -0.031819   0.162675   0.326283   0.124446   0.015928   0.030481  -0.009018   0.069813  -0.012387  -0.015699   0.004412  -0.003438 
 -0.015680   0.128055   0.326240   0.130520   0.009912   0.030481   0.016139  -0.034620  -0.000043   0.006074  -0.006016   0.000000 
 -0.022006   0.016460   0.347533   0.146333   0.010084   0.044805  -0.006326  -0.111595   0.021293   0.015813   0.000172   0.014324 
 -0.022992   0.126436   0.324488   0.135447   0.012777   0.030481  -0.000986   0.109976  -0.023045  -0.010886   0.002693  -0.014324 
 -0.031915   0.186496   0.270128   0.117857   0.035982   0.023205  -0.008923   0.060060  -0.054360  -0.017590   0.023205  -0.007276 
 -0.034415   0.093505   0.307635   0.127598   0.036039   0.030481  -0.002500  -0.092991   0.037507   0.009741   0.000057   0.007276 
 -0.035081   0.031839   0.320913   0.127082   0.036039   0.034377  -0.000666  -0.061666   0.013278  -0.000516   0.000000   0.003896 
 -0.030434   0.182237   0.290318   0.119519   0.032659   0.030481   0.004647   0.150398  -0.030595  -0.007563  -0.003380  -0.003896 
 -0.032342   0.153601   0.297512   0.112071   0.034549   0.030481  -0.001908  -0.028636   0.007194  -0.007448   0.001890   0.000000 
 -0.034866   0.030433   0.344705   0.130061   0.038044   0.030481  -0.002524  -0.123168   0.047193   0.017990   0.003495   0.000000 
 -0.024860   0.151460   0.302851   0.113847   0.027273   0.030481   0.010006   0.121027  -0.041854  -0.016214  -0.010771   0.000000 
 -0.032875   0.184675   0.281475   0.097059   0.034320   0.030481  -0.008015   0.033215  -0.021376  -0.016788   0.007047   0.000000 
 -0.033012   0.078705   0.301263   0.121410   0.041368   0.030481  -0.000137  -0.105970   0.019788   0.024351   0.007048   0.000000 
 -0.033439   0.055188   0.306816   0.114706   0.042170   0.027445  -0.000427  -0.023517   0.005553  -0.006704   0.000802  -0.003036 
 -0.033020   0.168393   0.290638   0.111555   0.040909   0.030481   0.000419   0.113205  -0.016178  -0.003151  -0.001261   0.003036 
 -0.033007   0.162642   0.283801   0.113331   0.041883   0.030481   0.000013  -0.005751  -0.006837   0.001776   0.000974   0.000000 
 -0.035177   0.069660   0.326420   0.117857   0.037815   0.030481  -0.002170  -0.092982   0.042619   0.004526  -0.004068   0.000000 
 -0.039986   0.031305   0.356016   0.125249   0.036039   0.030481  -0.004809  -0.038355   0.029596   0.007392  -0.001776   0.000000 
 -0.032968   0.157659   0.348504   0.115050   0.035466   0.022575   0.007018   0.126354  -0.007512  -0.010199  -0.000573  -0.007906 
 -0.032979   0.155682   0.335229   0.117800   0.033633   0.030481  -0.000011  -0.001977  -0.013275   0.002750  -0.001833   0.007906 
 -0.032943   0.057207   0.377254   0.133098   0.035122   0.030481   0.000036  -0.098475   0.042025   0.015298   0.001489   0.000000 
 -0.032947   0.061318   0.391050   0.121352   0.035581   0.030481  -0.000004   0.004111   0.013796  -0.011746   0.000459   0.000000 
 -0.033015   0.150282   0.365433   0.123988   0.026700   0.030481  -0.000068   0.088964  -0.025617   0.002636  -0.008881   0.000000 
 -0.033025   0.125669   0.371084   0.122212   0.029507   0.030481  -0.000010  -0.024613   0.005651  -0.001776   0.002807   0.000000 
 -0.026530   0.016575   0.407584   0.136708   0.017590   0.044805   0.006495  -0.109094   0.036500   0.014496  -0.011917   0.014324 
 -0.033022   0.106445   0.375945   0.133270   0.025840   0.030481  -0.006492   0.089870  -0.031639  -0.003438   0.008250  -0.014324 
 -0.033046   0.164276   0.359537   0.127082   0.027330   0.052769  -0.000024   0.057831  -0.016408  -0.006188   0.001490   0.022288 
 -0.033018   0.100158   0.368833   0.123472   0.027903   0.030481   0.000028  -0.064118   0.009296  -0.003610   0.000573  -0.022288 
 -0.032981   0.014698   0.399893   0.140260   0.027387   0.030481   0.000037  -0.085460   0.031060   0.016788  -0.000516   0.000000 
 -0.025629   0.137500   0.363295   0.132181   0.023892   0.044805   0.007352   0.122802  -0.036598  -0.008079  -0.003495   0.014324 
 -0.029583   0.158299   0.370497   0.129087   0.000057   0.006188  -0.003954   0.020799   0.007202  -0.003094  -0.023835  -0.038617 
 -0.027865   0.023179   0.428986   0.150917  -0.007448   0.030481   0.001718  -0.135120   0.058489   0.021830  -0.007505   0.024293 
 -0.023061   0.074649   0.419517   0.153495   0.008537   0.030481   0.004804   0.051470  -0.009469   0.002578   0.015985   0.000000 
 -0.033094   0.148711   0.331596   0.103820   0.008422   0.030481  -0.010033   0.074062  -0.087921  -0.049675  -0.000115   0.000000 
 -0.068293   0.179604   0.222008   0.069442   0.135390   0.030481  -0.035199   0.030893  -0.109588  -0.034378   0.126968   0.000000 
 -0.067039   0.063670   0.271085   0.079870   0.098721   0.022804   0.001254  -0.115934   0.049077   0.010428  -0.036669  -0.007677 
 -0.084737   0.016050   0.280145   0.091043   0.086860  -0.009912  -0.017698  -0.047620   0.009060   0.011173  -0.011861  -0.032716 
 -0.076717   0.145019   0.218831   0.043086   0.110294   0.002464   0.008020   0.128969  -0.061314  -0.047957   0.023434   0.012376 
 -0.070941   0.112515   0.220465   0.065718   0.102388   0.030481   0.005776  -0.032504   0.001634   0.022632  -0.007906   0.028017 
 -0.068175   0.172111   0.219539   0.056952   0.112758   0.026700   0.002766   0.059596  -0.000926  -0.008766   0.010370  -0.003781 
 -0.055598   0.043099   0.270870   0.057811   0.101127   0.024351   0.012577  -0.129012   0.051331   0.000859  -0.011631  -0.002349 
 -0.055592   0.080960   0.271873   0.065489   0.103132   0.024752   0.000006   0.037861   0.001003   0.007678   0.002005   0.000401 
 -0.055690   0.181831   0.227657   0.071333   0.094022   0.030481  -0.000098   0.100871  -0.044216   0.005844  -0.009110   0.005729 
 -0.055491   0.110608   0.233025   0.075745   0.110810   0.030481   0.000199  -0.071223   0.005368   0.004412   0.016788   0.000000 
 -0.062182   0.004483   0.289067   0.086517   0.113159   0.030481  -0.006691  -0.106125   0.056042   0.010772   0.002349   0.000000 
 -0.062211   0.119028   0.280004   0.079011   0.116139   0.030481  -0.000029   0.114545  -0.009063  -0.007506   0.002980   0.000000 
 -0.055544   0.133392   0.266639   0.079870   0.111669   0.024580   0.006667   0.014364  -0.013365   0.000859  -0.004470  -0.005901 
 -0.055581   0.134194   0.254127   0.082449   0.110294   0.030481  -0.000037   0.000802  -0.012512   0.002579  -0.001375   0.005901 
 -0.055598   0.101060   0.266069   0.095856   0.100841   0.030481  -0.000017  -0.033134   0.011942   0.013407  -0.009453   0.000000 
 -0.055633   0.020181   0.308890   0.091100   0.104966   0.024752  -0.000035  -0.080879   0.042821  -0.004756   0.004125  -0.005729 
 -0.059664   0.146377   0.276962   0.091215   0.107945   0.026241  -0.004031   0.126196  -0.031928   0.000115   0.002979   0.001489 
 -0.055543   0.144921   0.269241   0.077636   0.115737   0.023147   0.004121  -0.001456  -0.007721  -0.013579   0.007792  -0.003094 
 -0.063027   0.027342   0.303499   0.092705   0.107831   0.030481  -0.007484  -0.117579   0.034258   0.015069  -0.007906   0.007334 
 -0.063536   0.092436   0.293402   0.093220   0.106513   0.030481  -0.000509   0.065094  -0.010097   0.000515  -0.001318   0.000000 
 -0.058588   0.143158   0.261304   0.087720   0.102445   0.024293   0.004948   0.050722  -0.032098  -0.005500  -0.004068  -0.006188 
 -0.059102   0.188701   0.253725   0.076490   0.101528   0.024752  -0.000514   0.045543  -0.007579  -0.011230  -0.000917   0.000459 
 -0.055549   0.080282   0.302702   0.083938   0.108576   0.014725   0.003553  -0.108419   0.048977   0.007448   0.007048  -0.010027 
 -0.064450   0.084983   0.314221   0.087319   0.086860   0.021772  -0.008901   0.004701   0.011519   0.003381  -0.021716   0.007047 
 -0.059538   0.194780   0.290131   0.080730   0.097174   0.013980   0.004912   0.109797  -0.024090  -0.006589   0.010314  -0.007792 
 -0.055653   0.202914   0.241987   0.073224   0.096085   0.025840   0.003885   0.008134  -0.048144  -0.007506  -0.001089   0.011860 
 -0.055636   0.098874   0.289699   0.096601   0.086860   0.030481   0.000017  -0.104040   0.047712   0.023377  -0.009225   0.004641 
 -0.064965   0.046038   0.309052   0.104106   0.106799   0.030481  -0.009329  -0.052836   0.019353   0.007505   0.019939   0.000000 
 -0.062523   0.155797   0.276181   0.107544   0.086860   0.030481   0.002442   0.109759  -0.032871   0.003438  -0.019939   0.000000 
 -0.055675   0.175268   0.257941   0.102044   0.100669   0.025210   0.006848   0.019471  -0.018240  -0.005500   0.013809  -0.005271 
 -0.059724   0.146969   0.253264   0.095226   0.104278   0.030481  -0.004049  -0.028299  -0.004677  -0.006818   0.003609   0.005271 
 -0.061744   0.037840   0.308099   0.112701   0.086860   0.030481  -0.002020  -0.109129   0.054835   0.017475  -0.017418   0.000000 
 -0.055635   0.046135   0.329145   0.110237   0.086860   0.030481   0.006109   0.008295   0.021046  -0.002464   0.000000   0.000000 
 -0.055635   0.190498   0.286520   0.106742   0.086860   0.030481   0.000000   0.144363  -0.042625  -0.003495   0.000000   0.000000 
 -0.059133   0.203670   0.273901   0.099007   0.093850   0.030481  -0.003498   0.013172  -0.012619  -0.007735   0.006990   0.000000 
 -0.055629   0.050216   0.322956   0.127139   0.086860   0.030481   0.003504  -0.153454   0.049055   0.028132  -0.006990   0.000000 
 -0.062943   0.084621   0.329419   0.137395   0.086860   0.030481  -0.007314   0.034405   0.006463   0.010256   0.000000   0.000000 
 -0.055635   0.169086   0.306120   0.122785   0.086860   0.030481   0.007308   0.084465  -0.023299  -0.014610   0.000000   0.000000 
 -0.055640   0.182279   0.281600   0.126681   0.086860   0.030481  -0.000005   0.013193  -0.024520   0.003896   0.000000   0.000000 
 -0.055667   0.105728   0.314200   0.124618   0.086860   0.044347  -0.000027  -0.076551   0.032600  -0.002063   0.000000   0.013866 
 -0.067249   0.044511   0.361555   0.113216   0.083824   0.030481  -0.011582  -0.061217   0.047355  -0.011402  -0.003036  -0.013866 
 -0.061621   0.154917   0.351288   0.120780   0.069213   0.030481   0.005628   0.110406  -0.010267   0.007564  -0.014611   0.000000 
 -0.055701   0.173772   0.306895   0.117284   0.079355   0.030481   0.005920   0.018855  -0.044393  -0.003496   0.010142   0.000000 
 -0.055715   0.099475   0.302091   0.129259   0.079412   0.030481  -0.000014  -0.074297  -0.004804   0.011975   0.000057   0.000000 
 -0.055709   0.028161   0.345056   0.143469   0.074828   0.030481   0.000006  -0.071314   0.042965   0.014210  -0.004584   0.000000 
 -0.055719   0.119753   0.316705   0.136822   0.074886   0.030481  -0.000010   0.091592  -0.028351  -0.006647   0.000058   0.000000 
 -0.055761   0.164756   0.251727   0.121582   0.068927   0.030481  -0.000042   0.045003  -0.064978  -0.015240  -0.005959   0.000000 
 -0.055577   0.144923   0.225986   0.110237   0.086860   0.041368   0.000184  -0.019833  -0.025741  -0.011345   0.017933   0.010887 
 -0.055656   0.117224   0.223552   0.122384   0.083136   0.051738  -0.000079  -0.027699  -0.002434   0.012147  -0.003724   0.010370 
 -0.061492   0.102005   0.236045   0.142552   0.072536   0.055634  -0.005836  -0.015219   0.012493   0.020168  -0.010600   0.003896 
 -0.063617   0.013377   0.297402   0.147594   0.080099   0.053170  -0.002125  -0.088628   0.061357   0.005042   0.007563  -0.002464 
 -0.065747   0.011478   0.273871   0.141291   0.081704   0.045837  -0.002130  -0.001899  -0.023531  -0.006303   0.001605  -0.007333 
 -0.055845   0.085047   0.224070   0.147823   0.057353   0.030481   0.009902   0.073569  -0.049801   0.006532  -0.024351  -0.015356 
 -0.055822   0.215257   0.206093   0.137109   0.063541   0.030481   0.000023   0.130210  -0.017977  -0.010714   0.006188   0.000000 
 -0.055850   0.208097   0.216854   0.131150   0.063598   0.030481  -0.000028  -0.007160   0.010761  -0.005959   0.000057   0.000000 
 -0.055800   0.064420   0.265903   0.135505   0.061822   0.030481   0.000050  -0.143677   0.049049   0.004355  -0.001776   0.000000 
 -0.067343   0.011939   0.297168   0.141234   0.071792   0.030481  -0.011543  -0.052481   0.031265   0.005729   0.009970   0.000000 
 -0.059271   0.177335   0.248275   0.133900   0.075229   0.030481   0.008072   0.165396  -0.048893  -0.007334   0.003437   0.000000 
 -0.055663   0.151650   0.246586   0.142666   0.078782   0.030481   0.003608  -0.025685  -0.001689   0.008766   0.003553   0.000000 
 -0.055811   0.026243   0.290228   0.152006   0.062968   0.030481  -0.000148  -0.125407   0.043642   0.009340  -0.015814   0.000000 
 -0.055669   0.135581   0.272775   0.150230   0.081188   0.039935   0.000142   0.109338  -0.017453  -0.001776   0.018220   0.009454 
 -0.055740   0.155251   0.244048   0.144443   0.069442   0.030481  -0.000071   0.019670  -0.028727  -0.005787  -0.011746  -0.009454 
 -0.055748   0.093313   0.255996   0.145302   0.069328   0.030481  -0.000008  -0.061938   0.011948   0.000859  -0.000114   0.000000 
 -0.055739  -0.012628   0.329386   0.159913   0.062395   0.030481   0.000009  -0.105941   0.073390   0.014611  -0.006933   0.000000 
 -0.068362  -0.034681   0.352326   0.153152   0.062567   0.030481  -0.012623  -0.022053   0.022940  -0.006761   0.000172   0.000000 
 -0.055959   0.065407   0.430234   0.433385   0.006704  -0.028132   0.012403   0.100088   0.077908   0.280233  -0.055863  -0.058613 
 -0.056281   0.249782   0.276221   0.600689   0.018105  -0.062395  -0.000322   0.184375  -0.154013   0.167304   0.011401  -0.034263 
 -0.062245   0.284231   0.275708   0.583156   0.038159  -0.016215  -0.005964   0.034449  -0.000513  -0.017533   0.020054   0.046180 
 -0.053684   0.264470   0.384620   0.516120   0.030882  -0.033633   0.008561  -0.019761   0.108912  -0.067036  -0.007277  -0.017418 
 -0.053752   0.129886   0.440808   0.487816   0.018908  -0.023377  -0.000068  -0.134584   0.056188  -0.028304  -0.011974   0.010256 
 -0.052312   0.165167   0.405259   0.481227   0.029049  -0.024465   0.001440   0.035281  -0.035549  -0.006589   0.010141  -0.001088 
 -0.049657   0.148960   0.348717   0.471659   0.040623  -0.030138   0.002655  -0.016207  -0.056542  -0.009568   0.011574  -0.005673 
 -0.039180   0.148857   0.318592   0.473550   0.044060  -0.047957   0.010477  -0.000103  -0.030125   0.001891   0.003437  -0.017819 
 -0.049379   0.135666   0.307982   0.442037   0.048759  -0.032830  -0.010199  -0.013191  -0.010610  -0.031513   0.004699   0.015127 
 -0.050902   0.189635   0.313508   0.437912   0.034206  -0.030882  -0.001523   0.053969   0.005526  -0.004125  -0.014553   0.001948 
 -0.055719   0.143588   0.334290   0.434187   0.032315  -0.019251  -0.004817  -0.046047   0.020782  -0.003725  -0.001891   0.011631 
 -0.050903   0.142824   0.294700   0.399466   0.037873  -0.038159   0.004816  -0.000764  -0.039590  -0.034721   0.005558  -0.018908 
 -0.055784   0.150193   0.286077   0.399466   0.055577  -0.037471  -0.004881   0.007369  -0.008623   0.000000   0.017704   0.000688 
 -0.055770   0.087184   0.385287   0.464669   0.056035  -0.033805   0.000014  -0.063009   0.099210   0.065203   0.000458   0.003666 
 -0.069727   0.066867   0.382644   0.441750   0.054889  -0.027731  -0.013957  -0.020317  -0.002643  -0.022919  -0.001146   0.006074 
 -0.067049   0.199907   0.316430   0.388179   0.061478  -0.025783   0.002678   0.133040  -0.066214  -0.053571   0.006589   0.001948 
 -0.072469   0.195135   0.295628   0.378209   0.050936  -0.028075  -0.005420  -0.004772  -0.020802  -0.009970  -0.010542  -0.002292 
 -0.055854   0.122934   0.302320   0.404164   0.058327  -0.017647   0.016615  -0.072201   0.006692   0.025955   0.007391   0.010428 
 -0.055792   0.067578   0.330625   0.431781   0.042628  -0.006073   0.000062  -0.055356   0.028305   0.027617  -0.015699   0.011574 
 -0.055818   0.170263   0.273771   0.404279   0.063885  -0.016501  -0.000026   0.102685  -0.056854  -0.027502   0.021257  -0.010428 
 -0.055821   0.165466   0.252222   0.392018   0.053170  -0.006131  -0.000003  -0.004797  -0.021549  -0.012261  -0.010715   0.010370 
 -0.061364   0.124297   0.192755   0.392419   0.069213  -0.015126  -0.005543  -0.041169  -0.059467   0.000401   0.016043  -0.008995 
 -0.073200   0.066341   0.215809   0.402675   0.061593  -0.006073  -0.011836  -0.057956   0.023054   0.010256  -0.007620   0.009053 
 -0.068680   0.136367   0.156814   0.385830   0.094423  -0.015241   0.004520   0.070026  -0.058995  -0.016845   0.032830  -0.009168 
 -0.055621   0.203670   0.139734   0.336613   0.095684  -0.006073   0.013059   0.067303  -0.017080  -0.049217   0.001261   0.009168 
 -0.052989   0.146180   0.108811   0.371334   0.061364  -0.020397   0.002632  -0.057490  -0.030923   0.034721  -0.034320  -0.014324 
 -0.063646   0.186657   0.137017   0.333404   0.074828  -0.024809  -0.010657   0.040477   0.028206  -0.037930   0.013464  -0.004412 
 -0.068480   0.084137   0.151393   0.359531   0.061249  -0.033575  -0.004834  -0.102520   0.014376   0.026127  -0.013579  -0.008766 
 -0.056138   0.107702   0.132599   0.378725   0.044519  -0.011975   0.012342   0.023565  -0.018794   0.019194  -0.016730   0.021600 
 -0.055808   0.225939   0.080319   0.355406   0.081990  -0.006073   0.000330   0.118237  -0.052280  -0.023319   0.037471   0.005902 
 -0.050764   0.190540   0.059875   0.336555   0.088006  -0.002235   0.005044  -0.035399  -0.020444  -0.018851   0.006016   0.003838 
 -0.053437   0.052370   0.138829   0.358557   0.093048  -0.006073  -0.002673  -0.138170   0.078954   0.022002   0.005042  -0.003838 
 -0.053270   0.139220   0.111274   0.298282   0.116769   0.004412   0.000167   0.086850  -0.027555  -0.060275   0.023721   0.010485 
 -0.050678   0.180367   0.090112   0.316158   0.095226   0.007678   0.002592   0.041147  -0.021162   0.017876  -0.021543   0.003266 
 -0.055687   0.190108   0.105511   0.302464   0.108747   0.008136  -0.005009   0.009741   0.015399  -0.013694   0.013521   0.000458 
 -0.051329   0.037148   0.111930   0.320513   0.111498  -0.006073   0.004358  -0.152960   0.006419   0.018049   0.002751  -0.014209 
 -0.051960   0.166736   0.069138   0.317018   0.150287   0.008308  -0.000631   0.129588  -0.042792  -0.003495   0.038789   0.014381 
 -0.055338   0.203616   0.072349   0.330826   0.153495   0.015413  -0.003378   0.036880   0.003211   0.013808   0.003208   0.007105 
 -0.050296   0.186623   0.067297   0.309970   0.150287   0.008365   0.005042  -0.016993  -0.005052  -0.020856  -0.003208  -0.007048 
 -0.051112   0.123500   0.071693   0.319710   0.150287   0.011402  -0.000816  -0.063123   0.004396   0.009740   0.000000   0.003037 
 -0.047576   0.120226   0.066632   0.271181   0.150344  -0.006131   0.003536  -0.003274  -0.005061  -0.048529   0.000057  -0.017533 
 -0.047669   0.156355   0.042776   0.252617   0.150287   0.005099  -0.000093   0.036129  -0.023856  -0.018564  -0.000057   0.011230 
 -0.055542   0.121194   0.046035   0.304527   0.136307   0.007850  -0.007873  -0.035161   0.003259   0.051910  -0.013980   0.002751 
 -0.055456   0.197852   0.064364   0.290375   0.135046   0.019309   0.000086   0.076658   0.018329  -0.014152  -0.001261   0.011459 
 -0.055537   0.090901   0.114174   0.301720   0.135848   0.011688  -0.000081  -0.106951   0.049810   0.011345   0.000802  -0.007621 
 -0.055364   0.085157   0.112839   0.299141   0.143641   0.002464   0.000173  -0.005744  -0.001335  -0.002579   0.007793  -0.009224 
 -0.044318   0.186812   0.083578   0.280807   0.146104   0.008193   0.011046   0.101655  -0.029261  -0.018334   0.002463   0.005729 
 -0.048664   0.157437   0.067754   0.252044   0.158824   0.001031  -0.004346  -0.029375  -0.015824  -0.028763   0.012720  -0.007162 
 -0.055249   0.146821   0.059540   0.277999   0.162204   0.015298  -0.006585  -0.010616  -0.008214   0.025955   0.003380   0.014267 
 -0.055246   0.188074   0.071783   0.274905   0.162777   0.017876   0.000003   0.041253   0.012243  -0.003094   0.000573   0.002578 
 -0.076600   0.011790   0.336084   0.393106   0.150287   0.027731  -0.021354  -0.176284   0.264301   0.118201  -0.012490   0.009855 
 -0.117245  -0.081189   0.912815   0.529127   0.235600   0.075229  -0.040645  -0.092979   0.576731   0.136021   0.085313   0.047498 
 -0.125828   0.121373   1.032431   0.484837   0.363313   0.055520  -0.008583   0.202562   0.119616  -0.044290   0.127713  -0.019709 
 -0.126054   0.161126   1.077782   0.536518   0.379527   0.050420  -0.000226   0.039753   0.045351   0.051681   0.016214  -0.005100 
 -0.139081   0.237676   0.493079   0.302923   0.404508   0.094252  -0.013027   0.076550  -0.584703  -0.233595   0.024981   0.043832 
 -0.084502   0.291469  -0.147083   0.082850   0.234684   0.055004   0.054579   0.053793  -0.640162  -0.220073  -0.169824  -0.039248 
 -0.043977   0.374917  -1.007582  -0.266597  -0.161861  -0.100325   0.040525   0.083448  -0.860499  -0.349447  -0.396545  -0.155329 
  0.015951   0.324378  -1.101472  -0.227292   0.014782  -0.080501   0.059928  -0.050539  -0.093890   0.039305   0.176643   0.019824 
 -0.016881   0.024088  -0.498111   0.067895   0.139401  -0.043717  -0.032832  -0.300290   0.603361   0.295187   0.124619   0.036784 
 -0.043386   0.136331  -0.358233  -0.021028   0.159282  -0.026241  -0.026505   0.112243   0.139878  -0.088923   0.019881   0.017476 
 -0.047522   0.202188  -0.195159   0.027617   0.138083  -0.029851  -0.004136   0.065857   0.163074   0.048645  -0.021199  -0.003610 
 -0.046780   0.167109  -0.099764   0.056666   0.125420  -0.032945   0.000742  -0.035079   0.095395   0.029049  -0.012663  -0.003094 
 -0.044479   0.215278  -0.076511   0.072651   0.121066  -0.029794   0.002301   0.048169   0.023253   0.015985  -0.004354   0.003151 
 -0.047582   0.092654   0.043122   0.102158   0.098320  -0.044118  -0.003103  -0.122624   0.119633   0.029507  -0.022746  -0.014324 
 -0.046568   0.136879   0.071801   0.106799   0.093793  -0.029794   0.001014   0.044225   0.028679   0.004641  -0.004527   0.014324 
 -0.053589   0.198667   0.042197   0.121696   0.100440  -0.029794  -0.007021   0.061788  -0.029604   0.014897   0.006647   0.000000 
 -0.052625   0.199971   0.010340   0.152178   0.095340  -0.019710   0.000964   0.001304  -0.031857   0.030482  -0.005100   0.010084 
 -0.046678   0.213299  -0.016124   0.153381   0.093106  -0.015584   0.005947   0.013328  -0.026464   0.001203  -0.002234   0.004126 
 -0.046754   0.191418  -0.005617   0.142208   0.094309  -0.029794  -0.000076  -0.021881   0.010507  -0.011173   0.001203  -0.014210 
 -0.046796   0.106553   0.049510   0.166960   0.084225  -0.018163  -0.000042  -0.084865   0.055127   0.024752  -0.010084   0.011631 
 -0.046688   0.197013   0.008571   0.149714   0.096944  -0.011001   0.000108   0.090460  -0.040939  -0.017246   0.012719   0.007162 
 -0.046701   0.255257  -0.007491   0.150344   0.093621  -0.010829  -0.000013   0.058244  -0.016062   0.000630  -0.003323   0.000172 
 -0.044161   0.208207  -0.019788   0.154011   0.095741  -0.011173   0.002540  -0.047050  -0.012297   0.003667   0.002120  -0.000344 
 -0.046745   0.120687  -0.006501   0.167647   0.088006  -0.024523  -0.002584  -0.087520   0.013287   0.013636  -0.007735  -0.013350 
 -0.046681   0.117748   0.009008   0.179966   0.091845  -0.016960   0.000064  -0.002939   0.015509   0.012319   0.003839   0.007563 
 -0.043177   0.216220  -0.022277   0.166330   0.104794  -0.016788   0.003504   0.098472  -0.031285  -0.013636   0.012949   0.000172 
 -0.042955   0.206320  -0.032709   0.169767   0.114133  -0.013235   0.000222  -0.009900  -0.010432   0.003437   0.009339   0.003553 
 -0.046702   0.178952  -0.031378   0.184607   0.107659  -0.018736  -0.003747  -0.027368   0.001331   0.014840  -0.006474  -0.005501 
 -0.043290   0.221412  -0.025020   0.181914   0.099179  -0.017876   0.003412   0.042460   0.006358  -0.002693  -0.008480   0.000860 
 -0.043311   0.133160   0.013675   0.198874   0.102158  -0.007391  -0.000021  -0.088252   0.038695   0.016960   0.002979   0.010485 
 -0.040524   0.127788   0.026733   0.198874   0.096887  -0.010313   0.002787  -0.005372   0.013058   0.000000  -0.005271  -0.002922 
 -0.037594   0.261221   0.005873   0.181685   0.090069  -0.020455   0.002930   0.133433  -0.020860  -0.017189  -0.006818  -0.010142 
 -0.028831   0.160450   0.019047   0.191597   0.083251  -0.018392   0.008763  -0.100771   0.013174   0.009912  -0.006818   0.002063 
 -0.043678   0.093370   0.025609   0.199618   0.094423  -0.015756  -0.014847  -0.067080   0.006562   0.008021   0.011172   0.002636 
 -0.046679   0.249588  -0.003264   0.181800   0.101356  -0.016845  -0.003001   0.156218  -0.028873  -0.017818   0.006933  -0.001089 
 -0.046773   0.241772  -0.002456   0.167991   0.102674  -0.008938  -0.000094  -0.007816   0.000808  -0.013809   0.001318   0.007907 
 -0.044612   0.115890   0.016630   0.186899   0.098663  -0.007678   0.002161  -0.125882   0.019086   0.018908  -0.004011   0.001260 
 -0.046708   0.141375   0.000837   0.170226   0.102445  -0.016329  -0.002096   0.025485  -0.015793  -0.016673   0.003782  -0.008651 
 -0.046751   0.254604  -0.044427   0.193832   0.103705  -0.015011  -0.000043   0.113229  -0.045264   0.023606   0.001260   0.001318 
 -0.044096   0.242668  -0.042367   0.170283   0.102731  -0.000401   0.002655  -0.011936   0.002060  -0.023549  -0.000974   0.014610 
 -0.044208   0.127723  -0.025573   0.197040   0.105539  -0.010027  -0.000112  -0.114945   0.016794   0.026757   0.002808  -0.009626 
 -0.046672   0.121627  -0.024054   0.204718   0.104909  -0.015011  -0.002464  -0.006096   0.001519   0.007678  -0.000630  -0.004984 
 -0.046667   0.250122  -0.052153   0.201738   0.110810  -0.018965   0.000005   0.128495  -0.028099  -0.002980   0.005901  -0.003954 
 -0.046634   0.225213  -0.047823   0.178133   0.111211  -0.019137   0.000033  -0.024909   0.004330  -0.023605   0.000401  -0.000172 
 -0.046598   0.113596  -0.008925   0.184550   0.113732  -0.016788   0.000036  -0.111617   0.038898   0.006417   0.002521   0.002349 
 -0.046528   0.152663  -0.018495   0.170283   0.128801  -0.025497   0.000070   0.039067  -0.009570  -0.014267   0.015069  -0.008709 
 -0.051411   0.255533  -0.043494   0.191941   0.128858  -0.017303  -0.004883   0.102870  -0.024999   0.021658   0.000057   0.008194 
 -0.046472   0.218170  -0.038505   0.204832   0.123071  -0.020340   0.004939  -0.037363   0.004989   0.012891  -0.005787  -0.003037 
 -0.057069   0.093180   0.004664   0.210333   0.102158  -0.013465  -0.010597  -0.124990   0.043169   0.005501  -0.020913   0.006875 
 -0.057301   0.184741  -0.030527   0.193889   0.115566  -0.019996  -0.000232   0.091561  -0.035191  -0.016444   0.013408  -0.006531 
 -0.065923   0.250159  -0.042333   0.157678   0.134416  -0.018335  -0.008622   0.065418  -0.011806  -0.036211   0.018850   0.001661 
 -0.067398   0.196927  -0.048188   0.157735   0.145990  -0.021543  -0.001475  -0.053232  -0.005855   0.000057   0.011574  -0.003208 
 -0.066181   0.106058  -0.000206   0.170741   0.135906  -0.025439   0.001217  -0.090869   0.047982   0.013006  -0.010084  -0.003896 
 -0.065510   0.159115   0.015709   0.148969   0.133900  -0.011287   0.000671   0.053057   0.015915  -0.021772  -0.002006   0.014152 
 -0.060323   0.236511  -0.002755   0.151318   0.138885  -0.015584   0.005187   0.077396  -0.018464   0.002349   0.004985  -0.004297 
 -0.058398   0.219700  -0.011718   0.160715   0.135447  -0.019710   0.001925  -0.016811  -0.008963   0.009397  -0.003438  -0.004126 
 -0.061339   0.141689   0.010271   0.164382   0.139057  -0.014095  -0.002941  -0.078011   0.021989   0.003667   0.003610   0.005615 
 -0.058009   0.140595   0.002669   0.159855   0.133556  -0.017934   0.003330  -0.001094  -0.007602  -0.004527  -0.005501  -0.003839 
 -0.060239   0.253050  -0.032304   0.156761   0.135791  -0.017590  -0.002230   0.112455  -0.034973  -0.003094   0.002235   0.000344 
 -0.058476   0.254221  -0.051628   0.155902   0.134015  -0.020225   0.001763   0.001171  -0.019324  -0.000859  -0.001776  -0.002635 
 -0.056792   0.167191  -0.025750   0.173950   0.135562  -0.014095   0.001684  -0.087030   0.025878   0.018048   0.001547   0.006130 
 -0.058231   0.091835   0.018574   0.181800   0.125191  -0.007162  -0.001439  -0.075356   0.044324   0.007850  -0.010371   0.006933 
 -0.058337   0.216028   0.003937   0.174809   0.135161  -0.024064  -0.000106   0.124193  -0.014637  -0.006991   0.009970  -0.016902 
 -0.055846   0.200763  -0.002245   0.163465   0.132812  -0.010772   0.002491  -0.015265  -0.006182  -0.011344  -0.002349   0.013292 
 -0.052171   0.177475  -0.008020   0.180711   0.132411  -0.013063   0.003675  -0.023288  -0.005775   0.017246  -0.000401  -0.002291 
 -0.059316   0.071418   0.018161   0.182487   0.121066  -0.016730  -0.007145  -0.106057   0.026181   0.001776  -0.011345  -0.003667 
 -0.056027   0.153724   0.006042   0.175440   0.129488  -0.019022   0.003289   0.082306  -0.012119  -0.007047   0.008422  -0.002292 
 -0.053075   0.223740  -0.059708   0.185982   0.138713  -0.014381   0.002952   0.070016  -0.065750   0.010542   0.009225   0.004641 
 -0.053715   0.233735  -0.069519   0.183919   0.143870  -0.012777  -0.000640   0.009995  -0.009811  -0.002063   0.005157   0.001604 
 -0.052733   0.112265  -0.045986   0.205119   0.147709  -0.010313   0.000982  -0.121470   0.023533   0.021200   0.003839   0.002464 
 -0.051163   0.067967   0.001246   0.193889   0.136536  -0.009282   0.001570  -0.044298   0.047232  -0.011230  -0.011173   0.001031 
 -0.055542   0.166340   0.009907   0.183919   0.137510  -0.011803  -0.004379   0.098373   0.008661  -0.009970   0.000974  -0.002521 
 -0.046240   0.190174   0.006989   0.176700   0.129660  -0.009397   0.009302   0.023834  -0.002918  -0.007219  -0.007850   0.002406 
 -0.046180   0.114050   0.024734   0.195207   0.124332  -0.006990   0.000060  -0.076124   0.017745   0.018507  -0.005328   0.002407 
 -0.046270   0.069056   0.055628   0.199790   0.131035  -0.007219  -0.000090  -0.044994   0.030894   0.004583   0.006703  -0.000229 
 -0.048615   0.175492   0.062336   0.185696   0.130978  -0.011115  -0.002345   0.106436   0.006708  -0.014094  -0.000057  -0.003896 
 -0.046263   0.166428   0.060830   0.189420   0.128228  -0.011459   0.002352  -0.009064  -0.001506   0.003724  -0.002750  -0.000344 
 -0.046306   0.087301   0.069775   0.191941   0.112701  -0.000344  -0.000043  -0.079127   0.008945   0.002521  -0.015527   0.011115 
 -0.053418   0.053355   0.053643   0.205749   0.119805  -0.021257  -0.007112  -0.033946  -0.016132   0.013808   0.007104  -0.020913 
 -0.048945   0.240989  -0.034273   0.182086   0.134187  -0.013350   0.004473   0.187634  -0.087916  -0.023663   0.014382   0.007907 
 -0.046143   0.203061  -0.024283   0.194576   0.138656  -0.009397   0.002802  -0.037928   0.009990   0.012490   0.004469   0.003953 
 -0.037635   0.089946   0.014622   0.204145   0.129030  -0.005959   0.008508  -0.113115   0.038905   0.009569  -0.009626   0.003438 
 -0.019872   0.134188  -0.025838   0.186612   0.127999  -0.017017   0.017763   0.044242  -0.040460  -0.017533  -0.001031  -0.011058 
 -0.046204   0.180787  -0.064458   0.173377   0.138598  -0.023892  -0.026332   0.046599  -0.038620  -0.013235   0.010599  -0.006875 
 -0.037824   0.169173  -0.053060   0.196868   0.147995   0.002807   0.008380  -0.011614   0.011398   0.023491   0.009397   0.026699 
 -0.040889   0.066253  -0.120149   0.269004   0.145474  -0.003610  -0.003065  -0.102920  -0.067089   0.072136  -0.002521  -0.006417 
 -0.020273   0.153593  -0.361893   0.336842   0.149771  -0.029507   0.020616   0.087340  -0.241744   0.067838   0.004297  -0.025897 
 -0.029735   0.273749  -0.505875   0.349046   0.193316  -0.004183  -0.009462   0.120156  -0.143982   0.012204   0.043545   0.025324 
 -0.024649   0.163097  -0.431856   0.318622   0.171200   0.006016   0.005086  -0.110652   0.074019  -0.030424  -0.022116   0.010199 
 -0.003389   0.140809  -0.624698   0.439344   0.106456   0.060504   0.021260  -0.022288  -0.192842   0.120722  -0.064744   0.054488 
 -0.004031   0.093852  -0.664955   0.584532   0.084339   0.059187  -0.000642  -0.046957  -0.040257   0.145188  -0.022117  -0.001317 
  0.012165   0.162051  -0.673778   0.506724   0.064916   0.029737   0.016196   0.068199  -0.008823  -0.077808  -0.019423  -0.029450 
 -0.000094   0.198594  -0.836148   0.358672   0.064916   0.070588  -0.012259   0.036543  -0.162370  -0.148052   0.000000   0.040851 
  0.001616   0.177575  -1.021173   0.165986   0.135676   0.078151   0.001710  -0.021019  -0.185025  -0.192686   0.070760   0.007563 
 -0.018331  -0.037644  -0.697872   0.262758   0.160485   0.071505  -0.019947  -0.215219   0.323301   0.096772   0.024809  -0.006646 
 -0.018833   0.073112  -0.510661   0.220245   0.117342   0.085829  -0.000502   0.110756   0.187211  -0.042513  -0.043143   0.014324 
 -0.017349   0.125874  -0.461980   0.176356   0.111784   0.071505   0.001484   0.052762   0.048681  -0.043889  -0.005558  -0.014324 
 -0.004952   0.107442  -0.412595   0.179851   0.107200   0.071505   0.012397  -0.018432   0.049385   0.003495  -0.004584   0.000000 
 -0.019845   0.033614  -0.310341   0.170226   0.114305   0.071505  -0.014893  -0.073828   0.102254  -0.009625   0.007105   0.000000 
 -0.020938   0.104110  -0.260892   0.119576   0.115508   0.061765  -0.001093   0.070496   0.049449  -0.050650   0.001203  -0.009740 
 -0.021074   0.111237  -0.229307   0.134989   0.114190   0.071505  -0.000136   0.007127   0.031585   0.015413  -0.001318   0.009740 
 -0.016289   0.100595  -0.212701   0.137624   0.114649   0.058155   0.004785  -0.010642   0.016606   0.002635   0.000459  -0.013350 
 -0.019214   0.019279  -0.176552   0.148511   0.123186   0.051623  -0.002925  -0.081316   0.036149   0.010887   0.008537  -0.006532 
 -0.021514   0.146957  -0.203254   0.153152   0.117227   0.060332  -0.002300   0.127678  -0.026702   0.004641  -0.005959   0.008709 
 -0.019003   0.177256  -0.222714   0.144500   0.125879   0.050993   0.002511   0.030299  -0.019460  -0.008652   0.008652  -0.009339 
 -0.052474   0.145079  -0.315294   0.417686   0.271296   0.067208  -0.033471  -0.032177  -0.092580   0.273186   0.145417   0.016215 
 -0.043504   0.063650  -0.324578   0.457392   0.220990   0.071505   0.008970  -0.081429  -0.009284   0.039706  -0.050306   0.004297 
 -0.039893   0.182641  -0.354622   0.510276   0.233366   0.075287   0.003611   0.118991  -0.030044   0.052884   0.012376   0.003782 
 -0.011606   0.139712  -0.292253   0.308538   0.129660   0.060447   0.028287  -0.042929   0.062369  -0.201738  -0.103706  -0.014840 
 -0.010851   0.193262  -0.292584   0.303840   0.128801   0.056436   0.000755   0.053550  -0.000331  -0.004698  -0.000859  -0.004011 
 -0.019638   0.048002  -0.228010   0.272212   0.144042   0.071505  -0.008787  -0.145260   0.064574  -0.031628   0.015241   0.015069 
 -0.024887   0.127379  -0.220004   0.249523   0.131035   0.062510  -0.005249   0.079377   0.008006  -0.022689  -0.013007  -0.008995 
 -0.031523   0.201724  -0.240885   0.245341   0.138197   0.071448  -0.006636   0.074345  -0.020881  -0.004182   0.007162   0.008938 
 -0.043603   0.170640  -0.218651   0.224829   0.131150   0.094252  -0.012080  -0.031084   0.022234  -0.020512  -0.007047   0.022804 
 -0.024688   0.045173  -0.182784   0.330196   0.142380   0.071448   0.018915  -0.125467   0.035867   0.105367   0.011230  -0.022804 
 -0.020912   0.143243  -0.154537   0.319710   0.150058   0.055176   0.003776   0.098070   0.028247  -0.010486   0.007678  -0.016272 
 -0.027311   0.197854  -0.151191   0.288828   0.121123   0.071505  -0.006399   0.054611   0.003346  -0.030882  -0.028935   0.016329 
 -0.024363   0.178169  -0.153971   0.272327   0.143239   0.060332   0.002948  -0.019685  -0.002780  -0.016501   0.022116  -0.011173 
 -0.029379   0.064882  -0.105450   0.269920   0.139401   0.061478  -0.005016  -0.113287   0.048521  -0.002407  -0.003838   0.001146 
 -0.031162   0.084406  -0.112253   0.257201   0.153037   0.071505  -0.001783   0.019524  -0.006803  -0.012719   0.013636   0.010027 
 -0.031331   0.195109  -0.135439   0.264076   0.148339   0.055119  -0.000169   0.110703  -0.023186   0.006875  -0.004698  -0.016386 
 -0.031378   0.169022  -0.154262   0.266597   0.138885   0.047384  -0.000047  -0.026087  -0.018823   0.002521  -0.009454  -0.007735 
 -0.028273   0.067332  -0.140185   0.281322   0.132411   0.047384   0.003105  -0.101690   0.014077   0.014725  -0.006474   0.000000 
 -0.027060   0.115721  -0.166065   0.289802   0.149542   0.056436   0.001213   0.048389  -0.025880   0.008480   0.017131   0.009052 
 -0.031410   0.195581  -0.148424   0.276051   0.135676   0.050649  -0.004350   0.079860   0.017641  -0.013751  -0.013866  -0.005787 
 -0.023932   0.167624  -0.147288   0.280119   0.147307   0.044060   0.007478  -0.027957   0.001136   0.004068   0.011631  -0.006589 
 -0.031430   0.084725  -0.138005   0.274962   0.137109   0.047384  -0.007498  -0.082899   0.009283  -0.005157  -0.010198   0.003324 
 -0.027123   0.052294  -0.103089   0.281093   0.122097   0.047384   0.004307  -0.032431   0.034916   0.006131  -0.015012   0.000000 
 -0.016277   0.178364  -0.177177   0.281609   0.153667   0.034034   0.010846   0.126070  -0.074088   0.000516   0.031570  -0.013350 
 -0.011541   0.212362  -0.203735   0.273702   0.159626   0.032143   0.004736   0.033998  -0.026558  -0.007907   0.005959  -0.001891 
 -0.024383   0.085005  -0.179271   0.261727   0.175497   0.047384  -0.012842  -0.127357   0.024464  -0.011975   0.015871   0.015241 
 -0.030928   0.084849  -0.170246   0.256800   0.175497   0.050420  -0.006545  -0.000156   0.009025  -0.004927   0.000000   0.003036 
 -0.030972   0.172994  -0.178274   0.246429   0.176872   0.047384  -0.000044   0.088145  -0.008028  -0.010371   0.001375  -0.003036 
 -0.030969   0.180346  -0.190622   0.249007   0.175440   0.050363   0.000003   0.007352  -0.012348   0.002578  -0.001432   0.002979 
 -0.031049   0.075165  -0.145213   0.263446   0.171429   0.047384  -0.000080  -0.105181   0.045409   0.014439  -0.004011  -0.002979 
 -0.031020   0.068561  -0.133981   0.257373   0.171257   0.047384   0.000029  -0.006604   0.011232  -0.006073  -0.000172   0.000000 
 -0.024879   0.183502  -0.173935   0.254680   0.171715   0.047384   0.006141   0.114941  -0.039954  -0.002693   0.000458   0.000000 
 -0.023173   0.172402  -0.167709   0.249122   0.163350   0.044347   0.001706  -0.011100   0.006226  -0.005558  -0.008365  -0.003037 
 -0.025234   0.036436  -0.099096   0.240356   0.159511   0.047384  -0.002061  -0.135966   0.068613  -0.008766  -0.003839   0.003037 
 -0.025679   0.080926  -0.096705   0.229069   0.169767   0.047384  -0.000445   0.044490   0.002391  -0.011287   0.010256   0.000000 
 -0.025243   0.169207  -0.122709   0.227120   0.159741   0.042456   0.000436   0.088281  -0.026004  -0.001949  -0.010026  -0.004928 
 -0.031114   0.135737  -0.134671   0.228725   0.158423   0.047384  -0.005871  -0.033470  -0.011962   0.001605  -0.001318   0.004928 
 -0.031104   0.023061  -0.097963   0.221849   0.157506   0.047384   0.000010  -0.112676   0.036708  -0.006876  -0.000917   0.000000 
 -0.031003   0.135540  -0.116015   0.215833   0.164553   0.047384   0.000101   0.112479  -0.018052  -0.006016   0.007047   0.000000 
 -0.030970   0.188133  -0.145042   0.203228   0.175096   0.047384   0.000033   0.052593  -0.029027  -0.012605   0.010543   0.000000 
 -0.023188   0.120653  -0.126660   0.189592   0.164038   0.047384   0.007782  -0.067480   0.018382  -0.013636  -0.011058   0.000000 
 -0.025718   0.030736  -0.094699   0.199160   0.159511   0.051165  -0.002530  -0.089917   0.031961   0.009568  -0.004527   0.003781 
 -0.031006   0.168095  -0.110152   0.195550   0.163694   0.051108  -0.005288   0.137359  -0.015453  -0.003610   0.004183  -0.000057 
 -0.028395   0.179717  -0.111682   0.189706   0.156131   0.047384   0.002611   0.011622  -0.001530  -0.005844  -0.007563  -0.003724 
 -0.031047   0.121923  -0.104777   0.202598   0.161345   0.047384  -0.002652  -0.057794   0.006905   0.012892   0.005214   0.000000 
 -0.031117   0.027468  -0.050929   0.199676   0.157907   0.054202  -0.000070  -0.094455   0.053848  -0.002922  -0.003438   0.006818 
 -0.031128   0.144053  -0.046391   0.190451   0.152579   0.050363  -0.000011   0.116585   0.004538  -0.009225  -0.005328  -0.003839 
 -0.026812   0.162773  -0.060551   0.193259   0.154355   0.047384   0.004316   0.018720  -0.014160   0.002808   0.001776  -0.002979 
 -0.027770   0.076341  -0.027869   0.182888   0.158480   0.050879  -0.000958  -0.086432   0.032682  -0.010371   0.004125   0.003495 
