  0.000000   0.000000   0.000000   0.000000   0.000000   0.000000   0.000000   0.000000   0.000000   0.000000   0.000000   0.000000 
  0.011936   0.278032   0.445803   0.180539  -0.013293  -0.063885   0.011936   0.278032   0.445803   0.180539  -0.013293  -0.063885 
  0.054037   0.272565   1.319829   0.448110   0.152922  -0.104164   0.042101  -0.005467   0.874026   0.267571   0.166215  -0.040279 
  0.045565   0.601155   1.976960  -0.231647   0.417915  -0.077578  -0.008472   0.328590   0.657131  -0.679757   0.264993   0.026586 
  0.124450   0.226898   2.434350  -0.437281   0.531819   0.081589   0.078885  -0.374257   0.457390  -0.205634   0.113904   0.159167 
  0.055506  -0.046751   2.157605  -0.152006   0.526204  -0.009626  -0.068944  -0.273649  -0.276745   0.285275  -0.005615  -0.091215 
 -0.091388   0.430021   2.048598   0.348989   0.386517  -0.200535  -0.146894   0.476772  -0.109007   0.500995  -0.139687  -0.190909 
 -0.099832   0.610192   1.963710   0.561671   0.369386  -0.250039  -0.008444   0.180171  -0.084888   0.212682  -0.017131  -0.049504 
 -0.087667   0.659535   1.945675   0.597996   0.380788  -0.232277   0.012165   0.049343  -0.018035   0.036325   0.011402   0.017762 
 -0.071472   0.633807   1.921886   0.621659   0.382277  -0.228381   0.016195  -0.025728  -0.023789   0.023663   0.001489   0.003896 
 -0.062285   0.625708   1.930974   0.657526   0.344233  -0.224198   0.009187  -0.008099   0.009088   0.035867  -0.038044   0.004183 
 -0.054928   0.560491   2.088968   0.728344   0.284703  -0.254049   0.007357  -0.065217   0.157994   0.070818  -0.059530  -0.029851 
 -0.044504   0.759534   1.957509   0.796870   0.232334  -0.262873   0.010424   0.199043  -0.131459   0.068526  -0.052369  -0.008824 
 -0.033465   0.811707   1.891666   0.857431   0.226949  -0.255998   0.011039   0.052173  -0.065843   0.060561  -0.005385   0.006875 
 -0.029295   0.774614   1.851268   0.862531   0.205978  -0.237835   0.004170  -0.037093  -0.040398   0.005100  -0.020971   0.018163 
 -0.027940   0.679447   1.905742   0.833539   0.208385  -0.249065   0.001355  -0.095167   0.054474  -0.028992   0.002407  -0.011230 
 -0.045027   0.621900   2.012145   0.842706   0.238350  -0.228839  -0.017087  -0.057547   0.106403   0.009167   0.029965   0.020226 
 -0.066119   0.796893   2.274490   0.838466   0.488618  -0.300058  -0.021092   0.174993   0.262345  -0.004240   0.250268  -0.071219 
 -0.072945   0.811450   1.993757   0.944521   0.430864  -0.286765  -0.006826   0.014557  -0.280733   0.106055  -0.057754   0.013293 
 -0.069322   0.706299   1.992112   0.897710   0.374714  -0.303095   0.003623  -0.105151  -0.001645  -0.046811  -0.056150  -0.016330 
 -0.075449   0.727462   1.968360   0.936270   0.367667  -0.312663  -0.006127   0.021163  -0.023752   0.038560  -0.007047  -0.009568 
 -0.080155   0.905073   1.890762   0.956152   0.352827  -0.313064  -0.004706   0.177611  -0.077598   0.019882  -0.014840  -0.000401 
 -0.080156   0.851099   1.861357   0.979299   0.336956  -0.311632  -0.000001  -0.053974  -0.029405   0.023147  -0.015871   0.001432 
 -0.080661   0.786950   1.906885   0.973341   0.342342  -0.318794  -0.000505  -0.064149   0.045528  -0.005958   0.005386  -0.007162 
 -0.064037   0.708872   2.019927   0.988467   0.304642  -0.335639   0.016624  -0.078078   0.113042   0.015126  -0.037700  -0.016845 
 -0.049880   0.859911   1.924087   1.059399   0.253075  -0.338847   0.014157   0.151039  -0.095840   0.070932  -0.051567  -0.003208 
 -0.035339   0.956742   1.858203   1.095839   0.245913  -0.339363   0.014541   0.096831  -0.065884   0.036440  -0.007162  -0.000516 
 -0.031524   0.899129   1.816209   1.106668   0.250956  -0.324122   0.003815  -0.057613  -0.041994   0.010829   0.005043   0.015241 
 -0.040697   0.876459   1.819522   1.087990   0.261956  -0.328935  -0.009173  -0.022670   0.003313  -0.018678   0.011000  -0.004813 
 -0.060783   0.773109   1.958885   1.081974   0.276567  -0.350192  -0.020086  -0.103350   0.139363  -0.006016   0.014611  -0.021257 
 -0.060204   0.869981   1.915258   1.087187   0.255539  -0.350249   0.000579   0.096872  -0.043627   0.005213  -0.021028  -0.000057 
 -0.053042   0.967569   1.870094   1.101569   0.258805  -0.345780   0.007162   0.097588  -0.045164   0.014382   0.003266   0.004469 
 -0.048861   0.902035   1.815212   1.091542   0.264191  -0.326013   0.004181  -0.065534  -0.054882  -0.010027   0.005386   0.019767 
 -0.052451   0.882775   1.791204   1.099449   0.273931  -0.320627  -0.003590  -0.019260  -0.024008   0.007907   0.009740   0.005386 
 -0.067132   0.794893   1.872138   1.042382   0.273415  -0.331456  -0.014681  -0.087882   0.080934  -0.057067  -0.000516  -0.010829 
 -0.076148   0.772302   1.908997   1.049143   0.263160  -0.340795  -0.009016  -0.022591   0.036859   0.006761  -0.010255  -0.009339 
 -0.071984   0.961381   1.794751   1.076874   0.273530  -0.333633   0.004164   0.189079  -0.114246   0.027731   0.010370   0.007162 
 -0.077781   0.942194   1.774575   1.094750   0.282411  -0.322231  -0.005797  -0.019187  -0.020176   0.017876   0.008881   0.011402 
 -0.082793   0.797809   1.867919   1.049028   0.276509  -0.339592  -0.005012  -0.144385   0.093344  -0.045722  -0.005902  -0.017361 
 -0.081261   0.751882   1.909028   1.041408   0.238752  -0.345092   0.001532  -0.045927   0.041109  -0.007620  -0.037757  -0.005500 
 -0.061126   0.975527   1.777181   1.103230   0.263160  -0.330367   0.020135   0.223645  -0.131847   0.061822   0.024408   0.014725 
 -0.048104   0.920032   1.733670   1.133654   0.263102  -0.318851   0.013022  -0.055495  -0.043511   0.030424  -0.000058   0.011516 
 -0.056744   0.838670   1.816479   1.091771   0.263160  -0.326701  -0.008640  -0.081362   0.082809  -0.041883   0.000058  -0.007850 
 -0.055043   0.803418   1.872360   1.107642   0.243507  -0.338332   0.001701  -0.035252   0.055881   0.015871  -0.019653  -0.011631 
 -0.051251   0.949985   1.774541   1.112971   0.240127  -0.331800   0.003792   0.146567  -0.097819   0.005329  -0.003380   0.006532 
 -0.047102   0.938176   1.733299   1.142363   0.263160  -0.312377   0.004149  -0.011809  -0.041242   0.029392   0.023033   0.019423 
 -0.050238   0.835383   1.835960   1.097157   0.263160  -0.322575  -0.003136  -0.102793   0.102661  -0.045206   0.000000  -0.010198 
 -0.056694   0.797030   1.891498   1.108673   0.239439  -0.333805  -0.006456  -0.038353   0.055538   0.011516  -0.023721  -0.011230 
 -0.050566   0.954542   1.777644   1.125003   0.263102  -0.319195   0.006128   0.157512  -0.113854   0.016330   0.023663   0.014610 
 -0.049547   0.894182   1.754611   1.070629   0.263160  -0.308824   0.001019  -0.060360  -0.023033  -0.054374   0.000058   0.010371 
 -0.039289   0.898950   1.701288   1.155656   0.263102  -0.312778   0.010258   0.004768  -0.053323   0.085027  -0.000058  -0.003954 
 -0.035621   0.887163   1.676039   1.140415   0.263160  -0.310543   0.003668  -0.011787  -0.025249  -0.015241   0.000058   0.002235 
 -0.048123   0.834231   1.804945   1.101282   0.255826  -0.328076  -0.012502  -0.052932   0.128906  -0.039133  -0.007334  -0.017533 
 -0.041728   0.772712   1.875306   1.111595   0.239897  -0.334837   0.006395  -0.061519   0.070361   0.010313  -0.015929  -0.006761 
 -0.034674   0.989556   1.737259   1.128841   0.238694  -0.320054   0.007054   0.216844  -0.138047   0.017246  -0.001203   0.014783 
 -0.028398   0.965087   1.717745   1.142421   0.263160  -0.300688   0.006276  -0.024469  -0.019514   0.013580   0.024466   0.019366 
 -0.040705   0.809359   1.821067   1.053956   0.237491  -0.314668  -0.012307  -0.155728   0.103322  -0.088465  -0.025669  -0.013980 
 -0.046581   0.742882   1.924481   1.080025   0.238121  -0.319137  -0.005876  -0.066477   0.103414   0.026069   0.000630  -0.004469 
 -0.043483   0.920739   1.833851   1.090969   0.205864  -0.318335   0.003098   0.177857  -0.090630   0.010944  -0.032257   0.000802 
 -0.030859   0.946592   1.736049   1.141733   0.239726  -0.313408   0.012624   0.025853  -0.097802   0.050764   0.033862   0.004927 
 -0.045117   0.811103   1.832327   1.048914   0.263160  -0.319653  -0.014258  -0.135489   0.096278  -0.092819   0.023434  -0.006245 
 -0.042794   0.744344   1.911956   1.035335   0.230787  -0.329852   0.002323  -0.066759   0.079629  -0.013579  -0.032373  -0.010199 
 -0.044413   0.906560   1.813696   1.053555   0.226490  -0.325211  -0.001619   0.162216  -0.098260   0.018220  -0.004297   0.004641 
 -0.030579   0.948018   1.725026   1.133311   0.226490  -0.319023   0.013834   0.041458  -0.088670   0.079756   0.000000   0.006188 
 -0.032817   0.896336   1.726945   1.133597   0.236861  -0.314325  -0.002238  -0.051682   0.001919   0.000286   0.010371   0.004698 
 -0.028094   0.885578   1.715103   1.133941   0.239038  -0.310600   0.004723  -0.010758  -0.011842   0.000344   0.002177   0.003725 
 -0.039682   0.807630   1.860532   1.115893   0.226548  -0.334493  -0.011588  -0.077948   0.145429  -0.018048  -0.012490  -0.023893 
 -0.041557   0.846758   1.887840   1.132909   0.226490  -0.344634  -0.001875   0.039128   0.027308   0.017016  -0.000058  -0.010141 
 -0.036039   0.977553   1.817066   1.135717   0.226490  -0.323377   0.005518   0.130795  -0.070774   0.002808   0.000000   0.021257 
 -0.043100   0.925848   1.764876   1.117783   0.247747  -0.312147  -0.007061  -0.051705  -0.052190  -0.017934   0.021257   0.011230 
 -0.042110   0.890248   1.750903   1.127810   0.235486  -0.321086   0.000990  -0.035600  -0.013973   0.010027  -0.012261  -0.008939 
 -0.042833   0.874826   1.733726   1.115434   0.244768  -0.318622  -0.000723  -0.015422  -0.017177  -0.012376   0.009282   0.002464 
 -0.035925   0.879399   1.732023   1.135660   0.226490  -0.318278   0.006908   0.004573  -0.001703   0.020226  -0.018278   0.000344 
 -0.037672   0.778257   1.862085   1.088104   0.226490  -0.321028  -0.001747  -0.101142   0.130062  -0.047556   0.000000  -0.002750 
 -0.030925   0.926825   1.789662   1.139097   0.219214  -0.317820   0.006747   0.148568  -0.072423   0.050993  -0.007276   0.003208 
 -0.029449   0.991360   1.724826   1.151130   0.226490  -0.308767   0.001476   0.064535  -0.064836   0.012033   0.007276   0.009053 
 -0.017316   0.941389   1.673628   1.162073   0.205921  -0.292323   0.012133  -0.049971  -0.051198   0.010943  -0.020569   0.016444 
 -0.028945   0.862106   1.765878   1.131821   0.223282  -0.307736  -0.011629  -0.079283   0.092250  -0.030252   0.017361  -0.015413 
 -0.024192   0.877836   1.790057   1.140988   0.216406  -0.310543   0.004753   0.015730   0.024179   0.009167  -0.006876  -0.002807 
 -0.017802   0.996996   1.694186   1.153765   0.217266  -0.303553   0.006390   0.119160  -0.095871   0.012777   0.000860   0.006990 
 -0.012950   0.953440   1.642665   1.178975   0.218354  -0.276739   0.004852  -0.043556  -0.051521   0.025210   0.001088   0.026814 
 -0.023285   0.860926   1.769125   1.145113   0.209703  -0.307048  -0.010335  -0.092514   0.126460  -0.033862  -0.008651  -0.030309 
 -0.020387   0.837666   1.818433   1.149583   0.209072  -0.315986   0.002898  -0.023260   0.049308   0.004470  -0.000631  -0.008938 
 -0.017567   0.977439   1.747250   1.162130   0.200707  -0.313924   0.002820   0.139773  -0.071183   0.012547  -0.008365   0.002062 
 -0.015649   0.950853   1.722345   1.182929   0.207926  -0.298167   0.001918  -0.026586  -0.024905   0.020799   0.007219   0.015757 
 -0.023290   0.865486   1.797440   1.150557   0.207411  -0.310027  -0.007641  -0.085367   0.075095  -0.032372  -0.000515  -0.011860 
 -0.033466   0.818852   1.848061   1.113142   0.220245  -0.305959  -0.010176  -0.046634   0.050621  -0.037415   0.012834   0.004068 
 -0.028183   0.979497   1.735341   1.175022   0.218870  -0.302178   0.005283   0.160645  -0.112720   0.061880  -0.001375   0.003781 
 -0.018994   0.954981   1.667410   1.204816   0.211536  -0.287682   0.009189  -0.024516  -0.067931   0.029794  -0.007334   0.014496 
 -0.032260   0.851013   1.792477   1.174392   0.214802  -0.301777  -0.013266  -0.103968   0.125067  -0.030424   0.003266  -0.014095 
 -0.026817   0.856016   1.810999   1.167058   0.199733  -0.300803   0.005443   0.005003   0.018522  -0.007334  -0.015069   0.000974 
 -0.027727   0.984932   1.737976   1.181210   0.201968  -0.297422  -0.000910   0.128916  -0.073023   0.014152   0.002235   0.003381 
 -0.027831   0.931270   1.720648   1.191695   0.208270  -0.298969  -0.000104  -0.053662  -0.017328   0.010485   0.006302  -0.001547 
 -0.029630   0.894259   1.735703   1.171470   0.207124  -0.304756  -0.001799  -0.037011   0.015055  -0.020225  -0.001146  -0.005787 
 -0.036434   0.798175   1.841374   1.149181   0.216292  -0.316101  -0.006804  -0.096084   0.105671  -0.022289   0.009168  -0.011345 
 -0.030139   0.905284   1.777334   1.171355   0.211937  -0.316788   0.006295   0.107109  -0.064040   0.022174  -0.004355  -0.000687 
 -0.025424   1.012915   1.699941   1.191638   0.202140  -0.305788   0.004715   0.107631  -0.077393   0.020283  -0.009797   0.011000 
 -0.024652   0.923319   1.725130   1.191638   0.202311  -0.299772   0.000772  -0.089596   0.025189   0.000000   0.000171   0.006016 
 -0.032384   0.780449   1.829612   1.151416   0.207411  -0.306532  -0.007732  -0.142870   0.104482  -0.040222   0.005100  -0.006760 
 -0.029299   0.937049   1.758435   1.174048   0.199905  -0.306532   0.003085   0.156600  -0.071177   0.022632  -0.007506   0.000000 
 -0.026616   0.993259   1.704042   1.191695   0.198816  -0.296678   0.002683   0.056210  -0.054393   0.017647  -0.001089   0.009854 
 -0.028378   0.921786   1.690978   1.191695   0.200593  -0.294787  -0.001762  -0.071473  -0.013064   0.000000   0.001777   0.001891 
 -0.040633   0.822670   1.802865   1.174162   0.213083  -0.305501  -0.012255  -0.099116   0.111887  -0.017533   0.012490  -0.010714 
 -0.041723   0.857287   1.809734   1.177084   0.202426  -0.314439  -0.001090   0.034617   0.006869   0.002922  -0.010657  -0.008938 
 -0.034593   0.983238   1.737899   1.173819   0.201509  -0.301548   0.007130   0.125951  -0.071835  -0.003265  -0.000917   0.012891 
 -0.026025   0.940548   1.694458   1.204988   0.203228  -0.303610   0.008568  -0.042690  -0.043441   0.031169   0.001719  -0.002062 
 -0.030415   0.831774   1.801759   1.181668   0.198358  -0.307850  -0.004390  -0.108774   0.107301  -0.023320  -0.004870  -0.004240 
 -0.032070   0.928743   1.733949   1.197310   0.201681  -0.305043  -0.001655   0.096969  -0.067810   0.015642   0.003323   0.002807 
 -0.032414   0.995931   1.634374   1.229682   0.219443  -0.293125  -0.000344   0.067188  -0.099575   0.032372   0.017762   0.011918 
 -0.025741   0.918141   1.685754   1.205618   0.201051  -0.297823   0.006673  -0.077790   0.051380  -0.024064  -0.018392  -0.004698 
 -0.034236   0.824953   1.816629   1.166714   0.207124  -0.319997  -0.008495  -0.093188   0.130875  -0.038904   0.006073  -0.022174 
 -0.042558   0.969341   1.727635   1.188773   0.201051  -0.321487  -0.008322   0.144388  -0.088994   0.022059  -0.006073  -0.001490 
 -0.038645   0.984696   1.685502   1.207566   0.217896  -0.304985   0.003913   0.015355  -0.042133   0.018793   0.016845   0.016502 
 -0.036314   0.875161   1.804282   1.160984   0.238007  -0.321773   0.002331  -0.109535   0.118780  -0.046582   0.020111  -0.016788 
 -0.052610   0.783673   1.975539   1.137321   0.261613  -0.343316  -0.016296  -0.091488   0.171257  -0.023663   0.023606  -0.021543 
 -0.044405   0.987903   1.745510   1.203899   0.212911  -0.335008   0.008205   0.204230  -0.230029   0.066578  -0.048702   0.008308 
 -0.085808   1.012602   1.576201   1.303307   0.262472  -0.346009  -0.041403   0.024699  -0.169309   0.099408   0.049561  -0.011001 
 -0.060538   0.908719   1.573438   1.269159   0.269347  -0.338733   0.025270  -0.103883  -0.002763  -0.034148   0.006875   0.007276 
 -0.058078   0.918372   1.616319   1.244235   0.276338  -0.339191   0.002460   0.009653   0.042881  -0.024924   0.006991  -0.000458 
 -0.058440   0.835280   1.741136   1.219598   0.279947  -0.343202  -0.000362  -0.083092   0.124817  -0.024637   0.003609  -0.004011 
 -0.056328   0.955225   1.705055   1.239651   0.240814  -0.336613   0.002112   0.119945  -0.036081   0.020053  -0.039133   0.006589 
 -0.054084   0.982731   1.671952   1.243089   0.264821  -0.318049   0.002244   0.027506  -0.033103   0.003438   0.024007   0.018564 
 -0.044107   0.961224   1.653450   1.213066   0.279947  -0.306361   0.009977  -0.021507  -0.018502  -0.030023   0.015126   0.011688 
 -0.054657   0.823230   1.752143   1.186596   0.252159  -0.324752  -0.010550  -0.137994   0.098693  -0.026470  -0.027788  -0.018391 
 -0.053310   0.949063   1.715255   1.195476   0.236803  -0.328878   0.001347   0.125833  -0.036888   0.008880  -0.015356  -0.004126 
 -0.049729   1.025613   1.644031   1.226703   0.262128  -0.319882   0.003581   0.076550  -0.071224   0.031227   0.025325   0.008996 
 -0.047999   0.991143   1.591302   1.289270   0.257487  -0.318278   0.001730  -0.034470  -0.052729   0.062567  -0.004641   0.001604 
 -0.032737   1.020431   1.411625   1.375271   0.266998  -0.308767   0.015262   0.029288  -0.179677   0.086001   0.009511   0.009511 
 -0.015565   1.044360   0.983942   1.495133   0.223396  -0.303496   0.017172   0.023929  -0.427683   0.119862  -0.043602   0.005271 
 -0.038434   0.875532   1.471537   1.367249   0.200707  -0.317648  -0.022869  -0.168828   0.487595  -0.127884  -0.022689  -0.014152 
 -0.028059   0.981887   1.441344   1.373323   0.239554  -0.309111   0.010375   0.106355  -0.030193   0.006074   0.038847   0.008537 
 -0.021670   1.051936   1.379283   1.377906   0.194978  -0.301891   0.006389   0.070049  -0.062061   0.004583  -0.044576   0.007220 
 -0.025948   0.959036   1.436592   1.381344   0.203572  -0.318221  -0.004278  -0.092900   0.057309   0.003438   0.008594  -0.016330 
 -0.032979   0.946886   1.442708   1.376588   0.203572  -0.326529  -0.007031  -0.012150   0.006116  -0.004756   0.000000  -0.008308 
 -0.024961   1.071908   1.340201   1.372463   0.210963  -0.310887   0.008018   0.125022  -0.102507  -0.004125   0.007391   0.015642 
 -0.029557   1.056573   1.314257   1.370572   0.195149  -0.301261  -0.004596  -0.015335  -0.025944  -0.001891  -0.015814   0.009626 
 -0.025155   1.000027   1.311069   1.377963   0.195608  -0.313580   0.004402  -0.056546  -0.003188   0.007391   0.000459  -0.012319 
 -0.027438   1.006280   1.283134   1.408158   0.211078  -0.304642  -0.002283   0.006253  -0.027935   0.030195   0.015470   0.008938 
 -0.025655   1.007051   1.272599   1.419446   0.200363  -0.306704   0.001783   0.000771  -0.010535   0.011288  -0.010715  -0.002062 
 -0.033810   0.972160   1.313829   1.412627   0.203515  -0.316788  -0.008155  -0.034891   0.041230  -0.006819   0.003152  -0.010084 
 -0.035493   0.898953   1.406275   1.388792   0.214859  -0.335925  -0.001683  -0.073207   0.092446  -0.023835   0.011344  -0.019137 
 -0.035211   1.056351   1.326946   1.391886   0.198129  -0.327732   0.000282   0.157398  -0.079329   0.003094  -0.016730   0.008193 
 -0.032654   1.096617   1.258523   1.403632   0.184893  -0.312377   0.002557   0.040266  -0.068423   0.011746  -0.013236   0.015355 
 -0.033773   1.015373   1.280459   1.398876   0.193774  -0.309283  -0.001119  -0.081244   0.021936  -0.004756   0.008881   0.003094 
 -0.047069   0.895419   1.426415   1.365244   0.214802  -0.338332  -0.013296  -0.119954   0.145956  -0.033632   0.021028  -0.029049 
 -0.046555   0.977388   1.394230   1.349258   0.202082  -0.338618   0.000514   0.081969  -0.032185  -0.015986  -0.012720  -0.000286 
 -0.032097   1.069730   1.332929   1.340721   0.200936  -0.315528   0.014458   0.092342  -0.061301  -0.008537  -0.001146   0.023090 
 -0.029685   1.012819   1.346024   1.370916   0.177903  -0.315642   0.002412  -0.056911   0.013095   0.030195  -0.023033  -0.000114 
 -0.031390   0.895706   1.434030   1.400137   0.192800  -0.339248  -0.001705  -0.117113   0.088006   0.029221   0.014897  -0.023606 
 -0.033283   1.066316   1.341570   1.411138   0.177903  -0.330138  -0.001893   0.170610  -0.092460   0.011001  -0.014897   0.009110 
 -0.033759   1.107377   1.270521   1.416409   0.188331  -0.327445  -0.000476   0.041061  -0.071049   0.005271   0.010428   0.002693 
 -0.038285   0.984051   1.360674   1.420362   0.188217  -0.349562  -0.004526  -0.123326   0.090153   0.003953  -0.000114  -0.022117 
 -0.041521   0.914084   1.424520   1.414232   0.188446  -0.361594  -0.003236  -0.069967   0.063846  -0.006130   0.000229  -0.012032 
 -0.034713   1.097007   1.345167   1.416524   0.183690  -0.347212   0.006808   0.182923  -0.079353   0.002292  -0.004756   0.014382 
 -0.032588   1.092368   1.304442   1.408388   0.178133  -0.334092   0.002125  -0.004639  -0.040725  -0.008136  -0.005557   0.013120 
 -0.031911   0.990639   1.369416   1.412570   0.175726  -0.345436   0.000677  -0.101729   0.064974   0.004182  -0.002407  -0.011344 
 -0.033762   0.943981   1.419044   1.414747   0.198129  -0.351452  -0.001851  -0.046658   0.049628   0.002177   0.022403  -0.006016 
 -0.029545   1.119531   1.247436   1.328746   0.210447  -0.321716   0.004217   0.175550  -0.171608  -0.086001   0.012318   0.029736 
 -0.030820   1.088180   1.188134   1.327314   0.205577  -0.319424  -0.001275  -0.031351  -0.059302  -0.001432  -0.004870   0.002292 
  0.372792   0.804267   0.854291   0.975289   0.096887  -0.344806   0.403612  -0.283913  -0.333843  -0.352025  -0.108690  -0.025382 
  0.248403   0.373324   1.960223  -0.142838   0.155959  -0.318450  -0.124389  -0.430943   1.105932  -1.118127   0.059072   0.026356 
  0.217562   0.828594   1.269396   0.452637   0.221276  -0.264019  -0.030841   0.455270  -0.690827   0.595475   0.065317   0.054431 
  0.217317   0.769164   1.404844   0.578401   0.168621  -0.292151  -0.000245  -0.059430   0.135448   0.125764  -0.052655  -0.028132 
  0.196522   0.782703   1.517811   0.769482   0.143354  -0.317820  -0.020795   0.013539   0.112967   0.191081  -0.025267  -0.025669 
  0.194444   0.985420   1.388992   0.935296   0.122155  -0.338790  -0.002078   0.202717  -0.128819   0.165814  -0.021199  -0.020970 
  0.185093   1.031614   1.356623   0.964001   0.143927  -0.321257  -0.009351   0.046194  -0.032369   0.028705   0.021772   0.017533 
  0.173170   0.902035   1.422397   0.976893   0.140375  -0.337128  -0.011923  -0.129579   0.065774   0.012892  -0.003552  -0.015871 
  0.167058   0.866874   1.472225   1.006286   0.128056  -0.348874  -0.006112  -0.035161   0.049828   0.029393  -0.012319  -0.011746 
  0.173342   1.019596   1.405566   1.044789   0.122155  -0.338503   0.006284   0.152722  -0.066659   0.038503  -0.005901   0.010371 
  0.173828   1.016686   1.355673   1.045190   0.122155  -0.326701   0.000486  -0.002910  -0.049893   0.000401   0.000000   0.011802 
  0.173479   0.990496   1.348889   1.060717   0.122212  -0.334722  -0.000349  -0.026190  -0.006784   0.015527   0.000057  -0.008021 
  0.172814   0.955104   1.360839   1.057394   0.122155  -0.349046  -0.000665  -0.035392   0.011950  -0.003323  -0.000057  -0.014324 
  0.153836   0.889682   1.510870   1.068394   0.104966  -0.370360  -0.018978  -0.065422   0.150031   0.011000  -0.017189  -0.021314 
  0.154428   0.914131   1.551963   1.125289   0.097116  -0.373397   0.000592   0.024449   0.041093   0.056895  -0.007850  -0.003037 
  0.155759   1.028045   1.473715   1.111309   0.111555  -0.365031   0.001331   0.113914  -0.078248  -0.013980   0.014439   0.008366 
  0.163205   1.031506   1.408357   1.138868   0.093335  -0.364802   0.007446   0.003461  -0.065358   0.027559  -0.018220   0.000229 
  0.154284   0.911441   1.512933   1.117955   0.092304  -0.371219  -0.008921  -0.120065   0.104576  -0.020913  -0.001031  -0.006417 
  0.148320   0.870260   1.536592   1.115377   0.091215  -0.376319  -0.005964  -0.041181   0.023659  -0.002578  -0.001089  -0.005100 
  0.154860   1.053706   1.448172   1.144540   0.090126  -0.376147   0.006540   0.183446  -0.088420   0.029163  -0.001089   0.000172 
  0.155024   1.065017   1.393545   1.171355   0.083193  -0.372365   0.000164   0.011311  -0.054627   0.026815  -0.006933   0.003782 
  0.154877   1.002502   1.386409   1.186767   0.098148  -0.368813  -0.000147  -0.062515  -0.007136   0.015412   0.014955   0.003552 
  0.139061   0.915841   1.485211   1.154739   0.074026  -0.376605  -0.015816  -0.086661   0.098802  -0.032028  -0.024122  -0.007792 
  0.145010   0.976460   1.450562   1.163505   0.083766  -0.371964   0.005949   0.060619  -0.034649   0.008766   0.009740   0.004641 
  0.150513   1.052790   1.382867   1.163104   0.096486  -0.371506   0.005503   0.076330  -0.067695  -0.000401   0.012720   0.000458 
  0.155097   1.014005   1.356062   1.186997   0.089152  -0.361193   0.004584  -0.038785  -0.026805   0.023893  -0.007334   0.010313 
  0.155190   1.000196   1.317398   1.195476   0.079813  -0.360906   0.000093  -0.013809  -0.038664   0.008479  -0.009339   0.000287 
  0.154985   1.007426   1.296481   1.198628   0.089668  -0.368412  -0.000205   0.007230  -0.020917   0.003152   0.009855  -0.007506 
  0.155029   1.017623   1.284277   1.199888   0.091960  -0.365031   0.000044   0.010197  -0.012204   0.001260   0.002292   0.003381 
  0.160331   1.012429   1.266383   1.202753   0.098320  -0.355234   0.005302  -0.005194  -0.017894   0.002865   0.006360   0.009797 
  0.155011   0.971036   1.366187   1.208540   0.084110  -0.367953  -0.005320  -0.041393   0.099804   0.005787  -0.014210  -0.012719 
  0.148145   0.887842   1.473569   1.188773   0.070932  -0.373454  -0.006866  -0.083194   0.107382  -0.019767  -0.013178  -0.005501 
  0.148717   1.045429   1.415030   1.179147   0.073281  -0.366063   0.000572   0.157587  -0.058539  -0.009626   0.002349   0.007391 
  0.153191   1.125754   1.292497   1.195706   0.069099  -0.356151   0.004474   0.080325  -0.122533   0.016559  -0.004182   0.009912 
  0.160924   1.066996   1.287761   1.184017   0.069099  -0.368125   0.007733  -0.058758  -0.004736  -0.011689   0.000000  -0.011974 
  0.155204   0.949596   1.395717   1.159552   0.060734  -0.363313  -0.005720  -0.117400   0.107956  -0.024465  -0.008365   0.004812 
  0.155495   0.975915   1.385118   1.175996   0.069099  -0.360161   0.000291   0.026319  -0.010599   0.016444   0.008365   0.003152 
  0.155976   1.108402   1.302152   1.198570   0.069156  -0.348645   0.000481   0.132487  -0.082966   0.022574   0.000057   0.011516 
  0.161008   1.059002   1.247587   1.200289   0.069156  -0.337186   0.005032  -0.049400  -0.054565   0.001719   0.000000   0.011459 
  0.155841   0.979513   1.309231   1.200690   0.072536  -0.350077  -0.005167  -0.079489   0.061644   0.000401   0.003380  -0.012891 
  0.154758   1.078028   1.326187   1.132165  -0.002120  -0.400956  -0.001083   0.098515   0.016956  -0.068525  -0.074656  -0.050879 
  0.165190   1.213883   1.242945   1.195075   0.014725  -0.394653   0.010432   0.135855  -0.083242   0.062910   0.016845   0.006303 
  0.174628   1.179543   1.230374   1.210373   0.029565  -0.384397   0.009438  -0.034340  -0.012571   0.015298   0.014840   0.010256 
  0.167350   1.097100   1.321281   1.208998   0.045550  -0.397747  -0.007278  -0.082443   0.090907  -0.001375   0.015985  -0.013350 
  0.157879   1.056381   1.383746   1.184361   0.033346  -0.397232  -0.009471  -0.040719   0.062465  -0.024637  -0.012204   0.000515 
  0.162619   1.180471   1.281623   1.191237   0.029565  -0.390585   0.004740   0.124090  -0.102123   0.006876  -0.003781   0.006647 
  0.177145   1.166880   1.225039   1.197253   0.040451  -0.388351   0.014526  -0.013591  -0.056584   0.006016   0.010886   0.002234 
  0.164005   1.058849   1.349274   1.206019   0.029565  -0.390929  -0.013140  -0.108031   0.124235   0.008766  -0.010886  -0.002578 
  0.154454   1.005611   1.400801   1.174563   0.029565  -0.399122  -0.009551  -0.053238   0.051527  -0.031456   0.000000  -0.008193 
  0.158257   1.150937   1.304801   1.182642   0.029565  -0.393679   0.003803   0.145326  -0.096000   0.008079   0.000000   0.005443 
  0.158624   1.146854   1.262540   1.196508   0.012892  -0.381246   0.000367  -0.004083  -0.042261   0.013866  -0.016673   0.012433 
  0.152596   1.074012   1.297473   1.216103   0.029565  -0.381074  -0.006028  -0.072842   0.034933   0.019595   0.016673   0.000172 
  0.145665   0.983088   1.415421   1.160984   0.029565  -0.384397  -0.006931  -0.090924   0.117948  -0.055119   0.000000  -0.003323 
  0.143815   1.098588   1.330419   1.155312   0.025210  -0.390986  -0.001850   0.115500  -0.085002  -0.005672  -0.004355  -0.006589 
  0.154967   1.199606   1.239615   1.202123   0.008251  -0.393049   0.011152   0.101018  -0.090804   0.046811  -0.016959  -0.002063 
  0.155012   1.096921   1.294041   1.214900   0.029622  -0.387549   0.000045  -0.102685   0.054426   0.012777   0.021371   0.005500 
  0.141912   0.987348   1.407617   1.182699   0.029565  -0.408290  -0.013100  -0.109573   0.113576  -0.032201  -0.000057  -0.020741 
  0.140948   1.116685   1.362259   1.108215   0.029622  -0.401586  -0.000964   0.129337  -0.045358  -0.074484   0.000057   0.006704 
  0.143046   1.118050   1.321643   1.092516   0.035924  -0.395570   0.002098   0.001365  -0.040616  -0.015699   0.006302   0.006016 
  0.137671   1.030361   1.372197   1.105006   0.029565  -0.391330  -0.005375  -0.087689   0.050554   0.012490  -0.006359   0.004240 
  0.121819   0.939287   1.445519   1.068738   0.029565  -0.407774  -0.015852  -0.091074   0.073322  -0.036268   0.000000  -0.016444 
  0.127681   1.083031   1.365851   1.094808   0.029565  -0.410925   0.005862   0.143744  -0.079668   0.026070   0.000000  -0.003151 
  0.137185   1.099906   1.328707   1.097386   0.035409  -0.387778   0.009504   0.016875  -0.037144   0.002578   0.005844   0.023147 
  0.133711   1.040677   1.330569   1.119216   0.056494  -0.380043  -0.003474  -0.059229   0.001862   0.021830   0.021085   0.007735 
  0.120349   0.963040   1.408836   1.120935   0.051394  -0.395513  -0.013362  -0.077637   0.078267   0.001719  -0.005100  -0.015470 
  0.113519   1.083168   1.345702   1.144197   0.029622  -0.400039  -0.006830   0.120128  -0.063134   0.023262  -0.021772  -0.004526 
  0.128496   1.137152   1.237325   1.210316   0.029565  -0.382507   0.014977   0.053984  -0.108377   0.066119  -0.000057   0.017532 
  0.124382   1.076372   1.300140   1.187455   0.048587  -0.393164  -0.004114  -0.060780   0.062815  -0.022861   0.019022  -0.010657 
  0.122846   0.994248   1.371644   1.154223   0.029565  -0.400612  -0.001536  -0.082124   0.071504  -0.033232  -0.019022  -0.007448 
  0.142787   1.134093   1.274334   1.137149   0.049045  -0.386288   0.019941   0.139845  -0.097310  -0.017074   0.019480   0.014324 
  0.150322   1.130328   1.210051   1.159208   0.049332  -0.370761   0.007535  -0.003765  -0.064283   0.022059   0.000287   0.015527 
  0.145675   1.067981   1.177509   1.112971   0.052483  -0.370188  -0.004647  -0.062347  -0.032542  -0.046237   0.003151   0.000573 
  0.137393   1.036389   1.205160   1.126378   0.071562  -0.379470  -0.008282  -0.031592   0.027651   0.013407   0.019079  -0.009282 
  0.137513   0.996106   1.268525   1.109590   0.072823  -0.374600   0.000120  -0.040283   0.063365  -0.016788   0.001261   0.004870 
  0.141962   0.962893   1.364726   1.153536   0.045722  -0.398836   0.004449  -0.033213   0.096201   0.043946  -0.027101  -0.024236 
  0.128433   1.070018   1.347826   1.168204   0.037815  -0.394424  -0.013529   0.107125  -0.016900   0.014668  -0.007907   0.004412 
  0.137783   1.137909   1.265103   1.201378   0.038560  -0.376491   0.009350   0.067891  -0.082723   0.033174   0.000745   0.017933 
  0.137819   1.112558   1.203995   1.192784   0.052426  -0.373683   0.000036  -0.025351  -0.061108  -0.008594   0.013866   0.002808 
  0.127740   1.030205   1.211610   1.132623   0.044691  -0.375345  -0.010079  -0.082353   0.007615  -0.060161  -0.007735  -0.001662 
  0.127040   1.021146   1.322250   1.141618   0.063999  -0.404680  -0.000700  -0.009059   0.110640   0.008995   0.019308  -0.029335 
  0.121169   0.864801   1.521942   1.078020   0.046180  -0.420436  -0.005871  -0.156345   0.199692  -0.063598  -0.017819  -0.015756 
  0.121961   1.030374   1.461062   1.115320   0.046180  -0.398091   0.000792   0.165573  -0.060880   0.037300   0.000000   0.022345 
  0.137139   1.084787   1.344129   1.204816   0.042857  -0.401529   0.015178   0.054413  -0.116933   0.089496  -0.003323  -0.003438 
  0.143365   1.082615   1.276272   1.238448   0.052712  -0.390585   0.006226  -0.002172  -0.067857   0.033632   0.009855   0.010944 
  0.137681   1.004310   1.360057   1.236729   0.046180  -0.389439  -0.005684  -0.078305   0.083785  -0.001719  -0.006532   0.001146 
  0.133518   1.017924   1.381932   1.233292   0.039821  -0.407488  -0.004163   0.013614   0.021875  -0.003437  -0.006359  -0.018049 
  0.137279   1.127027   1.324633   1.222864   0.046180  -0.403019   0.003761   0.109103  -0.057299  -0.010428   0.006359   0.004469 
  0.137777   1.088148   1.272554   1.236844   0.060103  -0.381418   0.000498  -0.038879  -0.052079   0.013980   0.013923   0.021601 
  0.132678   1.070814   1.244597   1.221546   0.052196  -0.391330  -0.005099  -0.017334  -0.027957  -0.015298  -0.007907  -0.009912 
  0.137859   1.034065   1.260789   1.219541   0.052884  -0.382277   0.005181  -0.036749   0.016192  -0.002005   0.000688   0.009053 
  0.120207   0.949404   1.384147   1.201664   0.046238  -0.408290  -0.017652  -0.084661   0.123358  -0.017877  -0.006646  -0.026013 
  0.120575   1.076865   1.338116   1.199430   0.046180  -0.397518   0.000368   0.127461  -0.046031  -0.002234  -0.000058   0.010772 
  0.124731   1.147008   1.267848   1.220629   0.046238  -0.393622   0.004156   0.070143  -0.070268   0.021199   0.000058   0.003896 
  0.130995   1.089868   1.230440   1.209686   0.046180  -0.385429   0.006264  -0.057140  -0.037408  -0.010943  -0.000058   0.008193 
  0.128271   0.993530   1.338765   1.188257   0.046180  -0.396716  -0.002724  -0.096338   0.108325  -0.021429   0.000000  -0.011287 
  0.124148   1.026572   1.320156   1.174793   0.046238  -0.406227  -0.004123   0.033042  -0.018609  -0.013464   0.000058  -0.009511 
  0.137476   1.132761   1.209158   1.191122   0.039190  -0.397461   0.013328   0.106189  -0.110998   0.016329  -0.007048   0.008766 
  0.137746   1.128904   1.150077   1.200862   0.046180  -0.388408   0.000270  -0.003857  -0.059081   0.009740   0.006990   0.009053 
  0.132215   1.072835   1.224544   1.230083   0.025554  -0.393393  -0.005531  -0.056069   0.074467   0.029221  -0.020626  -0.004985 
  0.137571   0.997023   1.296913   1.265263   0.036096  -0.393106   0.005356  -0.075812   0.072369   0.035180   0.010542   0.000287 
  0.137488   1.137564   1.227360   1.209915   0.040737  -0.397289  -0.000083   0.140541  -0.069553  -0.055348   0.004641  -0.004183 
  0.138407   1.113655   1.163782   1.211748   0.046238  -0.369386   0.000919  -0.023909  -0.063578   0.001833   0.005501   0.027903 
  0.133614   1.068679   1.203728   1.233234   0.041196  -0.380960  -0.004793  -0.044976   0.039946   0.021486  -0.005042  -0.011574 
  0.137557   1.004901   1.288675   1.265606   0.018564  -0.400784   0.003943  -0.063778   0.084947   0.032372  -0.022632  -0.019824 
  0.145501   1.103407   1.251670   1.231057   0.019710  -0.391846   0.007944   0.098506  -0.037005  -0.034549   0.001146   0.008938 
  0.145334   1.165658   1.190369   1.240626   0.016616  -0.382163  -0.000167   0.062251  -0.061301   0.009569  -0.003094   0.009683 
  0.144782   1.111355   1.163555   1.264690   0.028361  -0.378439  -0.000552  -0.054303  -0.026814   0.024064   0.011745   0.003724 
  0.137469   1.031478   1.266862   1.258215   0.033690  -0.402044  -0.007313  -0.079877   0.103307  -0.006475   0.005329  -0.023605 
  0.133888   1.112240   1.228026   1.244579   0.019767  -0.395398  -0.003581   0.080762  -0.038836  -0.013636  -0.013923   0.006646 
  0.138407   1.147840   1.153070   1.262914   0.027559  -0.381533   0.004519   0.035600  -0.074956   0.018335   0.007792   0.013865 
  0.138066   1.116076   1.137337   1.270133   0.028992  -0.384168  -0.000341  -0.031764  -0.015733   0.007219   0.001433  -0.002635 
  0.127318   1.002452   1.250163   1.252486   0.025210  -0.402216  -0.010748  -0.113624   0.112826  -0.017647  -0.003782  -0.018048 
  0.127643   1.083420   1.206601   1.248991   0.010027  -0.385944   0.000325   0.080968  -0.043562  -0.003495  -0.015183   0.016272 
  0.138448   1.163269   1.130111   1.284743   0.026585  -0.373167   0.010805   0.079849  -0.076490   0.035752   0.016558   0.012777 
  0.138554   1.102849   1.123452   1.256267   0.029164  -0.371506   0.000106  -0.060420  -0.006659  -0.028476   0.002579   0.001661 
  0.125804   1.007201   1.259683   1.234839   0.019824  -0.400268  -0.012750  -0.095648   0.136231  -0.021428  -0.009340  -0.028762 
  0.125361   1.090576   1.209041   1.239709   0.013579  -0.398492  -0.000443   0.083375  -0.050642   0.004870  -0.006245   0.001776 
  0.132614   1.162405   1.104956   1.249449   0.023835  -0.385371   0.007253   0.071829  -0.104085   0.009740   0.010256   0.013121 
  0.121997   1.103131   1.096205   1.249449   0.046925  -0.377064  -0.010617  -0.059274  -0.008751   0.000000   0.023090   0.008307 
  0.121592   0.998364   1.209895   1.223379   0.035982  -0.389439  -0.000405  -0.104767   0.113690  -0.026070  -0.010943  -0.012375 
  0.126196   1.107944   1.155732   1.234151   0.030882  -0.381533   0.004604   0.109580  -0.054163   0.010772  -0.005100   0.007906 
  0.137659   1.152894   1.093017   1.251626   0.009626  -0.371162   0.011463   0.044950  -0.062715   0.017475  -0.021256   0.010371 
  0.129124   1.076852   1.117306   1.226645   0.029164  -0.364573  -0.008535  -0.076042   0.024289  -0.024981   0.019538   0.006589 
  0.131240   1.001126   1.183054   1.221145   0.021601  -0.389439   0.002116  -0.075726   0.065748  -0.005500  -0.007563  -0.024866 
  0.126298   1.147145   1.109097   1.213582   0.012032  -0.385830  -0.004942   0.146019  -0.073957  -0.007563  -0.009569   0.003609 
  0.124850   1.142900   1.063096   1.249163   0.014725  -0.374256  -0.001448  -0.004245  -0.046001   0.035581   0.002693   0.011574 
  0.126799   1.073238   1.098127   1.247444   0.016100  -0.379585   0.001949  -0.069662   0.035031  -0.001719   0.001375  -0.005329 
  0.121695   1.010425   1.155421   1.234208   0.027215  -0.389898  -0.005104  -0.062813   0.057294  -0.013236   0.011115  -0.010313 
  0.122057   1.105748   1.134434   1.201836   0.015642  -0.376777   0.000362   0.095323  -0.020987  -0.032372  -0.011573   0.013121 
  0.127282   1.116468   1.075223   1.245209   0.022689  -0.370818   0.005225   0.010720  -0.059211   0.043373   0.007047   0.005959 
  0.121785   1.055069   1.167693   1.263487   0.036154  -0.385429  -0.005497  -0.061399   0.092470   0.018278   0.013465  -0.014611 
  0.123485   1.027249   1.186802   1.240683   0.013063  -0.396487   0.001700  -0.027820   0.019109  -0.022804  -0.023091  -0.011058 
  0.121818   1.167597   1.094715   1.226932   0.011631  -0.390356  -0.001667   0.140348  -0.092087  -0.013751  -0.001432   0.006131 
  0.138014   1.126617   1.095662   1.277982   0.016444  -0.380444   0.016196  -0.040980   0.000947   0.051050   0.004813   0.009912 
  0.121493   1.019827   1.185994   1.235698   0.017131  -0.394080  -0.016521  -0.106790   0.090332  -0.042284   0.000687  -0.013636 
  0.115538   1.070749   1.141839   1.233349   0.000115  -0.394252  -0.005955   0.050922  -0.044155  -0.002349  -0.017016  -0.000172 
  0.121655   1.156776   1.084743   1.260966   0.008652  -0.393565   0.006117   0.086027  -0.057096   0.027617   0.008537   0.000687 
  0.126995   1.115912   1.086806   1.278441   0.012376  -0.389268   0.005340  -0.040864   0.002063   0.017475   0.003724   0.004297 
  0.125588   1.026917   1.172638   1.266008   0.014840  -0.395914  -0.001407  -0.088995   0.085832  -0.012433   0.002464  -0.006646 
  0.121685   1.093191   1.135002   1.265950   0.000000  -0.393106  -0.003903   0.066274  -0.037636  -0.000058  -0.014840   0.002808 
  0.122218   1.168946   1.077443   1.299239  -0.001146  -0.381246   0.000533   0.075755  -0.057559   0.033289  -0.001146   0.011860 
  0.135374   1.119452   1.086740   1.299927   0.013121  -0.377923   0.013156  -0.049494   0.009297   0.000688   0.014267   0.003323 
  0.124419   1.084439   1.097053   1.295400   0.009339  -0.384054  -0.010955  -0.035013   0.010313  -0.004527  -0.003782  -0.006131 
  0.125092   1.109142   1.086954   1.301474   0.005672  -0.381876   0.000673   0.024703  -0.010099   0.006074  -0.003667   0.002178 
  0.121934   1.088742   1.084535   1.290129   0.006303  -0.381361  -0.003158  -0.020400  -0.002419  -0.011345   0.000631   0.000515 
  0.134173   1.062800   1.147057   1.293395   0.012032  -0.385257   0.012239  -0.025942   0.062522   0.003266   0.005729  -0.003896 
  0.121366   0.973999   1.242641   1.266008   0.005214  -0.393336  -0.012807  -0.088801   0.095584  -0.027387  -0.006818  -0.008079 
  0.121620   1.118884   1.177657   1.268643  -0.005558  -0.394367   0.000254   0.144885  -0.064984   0.002635  -0.010772  -0.001031 
  0.131604   1.170514   1.098315   1.307604   0.011516  -0.366407   0.009984   0.051630  -0.079342   0.038961   0.017074   0.027960 
  0.136116   1.121436   1.083342   1.307604   0.001948  -0.350822   0.004512  -0.049078  -0.014973   0.000000  -0.009568   0.015585 
  0.126504   1.013808   1.189891   1.281592  -0.006875  -0.380444  -0.009612  -0.107628   0.106549  -0.026012  -0.008823  -0.029622 
  0.121913   1.066003   1.177382   1.232260  -0.011287  -0.387549  -0.004591   0.052195  -0.012509  -0.049332  -0.004412  -0.007105 
  0.132094   1.174194   1.101113   1.266122  -0.006933  -0.373397   0.010181   0.108191  -0.076269   0.033862   0.004354   0.014152 
  0.132313   1.121004   1.079940   1.283540  -0.008709  -0.378782   0.000219  -0.053190  -0.021173   0.017418  -0.001776  -0.005385 
  0.137370   1.097070   1.089933   1.294312  -0.006532  -0.374543   0.005057  -0.023934   0.009993   0.010772   0.002177   0.004239 
  0.134718   1.023050   1.186319   1.285775  -0.012089  -0.393908  -0.002652  -0.074020   0.096386  -0.008537  -0.005557  -0.019365 
  0.133452   1.084018   1.154682   1.279071  -0.019022  -0.397232  -0.001266   0.060968  -0.031637  -0.006704  -0.006933  -0.003324 
  0.129655   1.170819   1.090456   1.291046  -0.017131  -0.383481  -0.003797   0.086801  -0.064226   0.011975   0.001891   0.013751 
  0.131159   1.139923   1.050354   1.308578  -0.018965  -0.375058   0.001504  -0.030896  -0.040102   0.017532  -0.001834   0.008423 
  0.138922   1.126824   1.034837   1.319121  -0.014610  -0.371964   0.007763  -0.013099  -0.015517   0.010543   0.004355   0.003094 
  0.126261   1.042068   1.152594   1.302390  -0.007219  -0.394653  -0.012661  -0.084756   0.117757  -0.016731   0.007391  -0.022689 
  0.124637   1.011861   1.238921   1.295400  -0.025439  -0.412587  -0.001624  -0.030207   0.086327  -0.006990  -0.018220  -0.017934 
  0.125807   1.155172   1.140102   1.292192  -0.023549  -0.389382   0.001170   0.143311  -0.098819  -0.003208   0.001890   0.023205 
  0.122936   1.181625   1.059376   1.289900  -0.024694  -0.368928  -0.002871   0.026453  -0.080726  -0.002292  -0.001145   0.020454 
  0.132258   1.111695   1.081887   1.300901  -0.028075  -0.377980   0.009322  -0.069930   0.022511   0.011001  -0.003381  -0.009052 
  0.126713   1.010258   1.183463   1.277581  -0.023319  -0.392419  -0.005545  -0.101437   0.101576  -0.023320   0.004756  -0.014439 
  0.125524   1.101348   1.143857   1.251855  -0.034893  -0.385429  -0.001189   0.091090  -0.039606  -0.025726  -0.011574   0.006990 
  0.127367   1.113356   1.084307   1.230541  -0.023549  -0.378439   0.001843   0.012008  -0.059550  -0.021314   0.011344   0.006990 
  0.134866   1.081630   1.122563   1.302047  -0.010313  -0.383653   0.007499  -0.031726   0.038256   0.071506   0.013236  -0.005214 
  0.134801   1.020682   1.176000   1.266695  -0.035409  -0.389554  -0.000065  -0.060948   0.053437  -0.035352  -0.025096  -0.005901 
  0.137729   1.156799   1.089235   1.284228  -0.027731  -0.375345   0.002928   0.136117  -0.086765   0.017533   0.007678   0.014209 
  0.150125   1.142501   1.039605   1.314652  -0.028820  -0.351624   0.012396  -0.014298  -0.049630   0.030424  -0.001089   0.023721 
  0.146583   1.059949   1.136617   1.291504  -0.033346  -0.381074  -0.003542  -0.082552   0.097012  -0.023148  -0.004526  -0.029450 
  0.136656   1.054788   1.160368   1.280045  -0.039305  -0.394596  -0.009927  -0.005161   0.023751  -0.011459  -0.005959  -0.013522 
  0.145682   1.185684   1.054197   1.302963  -0.032200  -0.380043   0.009026   0.130896  -0.106171   0.022918   0.007105   0.014553 
  0.145868   1.149038   1.048645   1.291447  -0.017876  -0.371678   0.000186  -0.036646  -0.005552  -0.011516   0.014324   0.008365 
  0.138842   1.004025   1.172190   1.230599  -0.045665  -0.382048  -0.007026  -0.145013   0.123545  -0.060848  -0.027789  -0.010370 
  0.135990   1.067662   1.151322   1.290931  -0.033346  -0.391731  -0.002852   0.063637  -0.020868   0.060332   0.012319  -0.009683 
  0.138880   1.180538   1.074331   1.296031  -0.030080  -0.374944   0.002890   0.112876  -0.076991   0.005100   0.003266   0.016787 
  0.138952   1.121664   1.072134   1.299239  -0.033346  -0.374772   0.000072  -0.058874  -0.002197   0.003208  -0.003266   0.000172 
  0.136445   1.033673   1.164146   1.280160  -0.033346  -0.392877  -0.002507  -0.087991   0.092012  -0.019079   0.000000  -0.018105 
  0.122344   1.070965   1.151990   1.293452  -0.033346  -0.387549  -0.014101   0.037292  -0.012156   0.013292   0.000000   0.005328 
  0.122705   1.198104   1.056296   1.282108  -0.033346  -0.381475   0.000361   0.127139  -0.095694  -0.011344   0.000000   0.006074 
  0.122978   1.143480   1.010323   1.317058  -0.033403  -0.370475   0.000273  -0.054624  -0.045973   0.034950  -0.000057   0.011000 
  0.122207   1.045171   1.123187   1.291160  -0.017418  -0.386804  -0.000771  -0.098309   0.112864  -0.025898   0.015985  -0.016329 
  0.122560   1.094533   1.091086   1.283311  -0.033403  -0.382277   0.000353   0.049362  -0.032101  -0.007849  -0.015985   0.004527 
  0.128661   1.172988   1.002447   1.304682  -0.026643  -0.367667   0.006101   0.078455  -0.088639   0.021371   0.006760   0.014610 
  0.135858   1.122422   1.006987   1.320152  -0.033346  -0.370245   0.007197  -0.050566   0.004540   0.015470  -0.006703  -0.002578 
  0.129277   1.001962   1.127468   1.288467  -0.033346  -0.390070  -0.006581  -0.120460   0.120481  -0.031685   0.000000  -0.019825 
  0.133523   1.131704   1.064271   1.296374  -0.033403  -0.391387   0.004246   0.129742  -0.063197   0.007907  -0.000057  -0.001317 
  0.137483   1.191788   0.992185   1.306516  -0.021199  -0.375860   0.003960   0.060084  -0.072086   0.010142   0.012204   0.015527 
  0.137168   1.095248   1.056541   1.322272  -0.020856  -0.376662  -0.000315  -0.096540   0.064356   0.015756   0.000343  -0.000802 
  0.137951   1.016374   1.149162   1.296661  -0.035237  -0.389325   0.000783  -0.078874   0.092621  -0.025611  -0.014381  -0.012663 
  0.134109   1.166199   1.066402   1.300041  -0.031856  -0.381475  -0.003842   0.149825  -0.082760   0.003380   0.003381   0.007850 
  0.139938   1.152083   1.023633   1.306974  -0.024236  -0.373225   0.005829  -0.014116  -0.042769   0.006933   0.007620   0.008250 
  0.136731   1.054937   1.119669   1.291218  -0.025325  -0.390929  -0.003207  -0.097146   0.096036  -0.015756  -0.001089  -0.017704 
  0.122236   1.064521   1.100192   1.288639  -0.032143  -0.397060  -0.014495   0.009584  -0.019477  -0.002579  -0.006818  -0.006131 
  0.123106   1.194644   0.993372   1.300213  -0.015871  -0.372766   0.000870   0.130123  -0.106820   0.011574   0.016272   0.024294 
  0.122564   1.114815   1.065388   1.310240  -0.013293  -0.383882  -0.000542  -0.079829   0.072016   0.010027   0.002578  -0.011116 
  0.113845   1.004972   1.161738   1.271852  -0.038904  -0.395857  -0.008719  -0.109843   0.096350  -0.038388  -0.025611  -0.011975 
  0.122566   1.168419   1.061610   1.300729  -0.036841  -0.390242   0.008721   0.163447  -0.100128   0.028877   0.002063   0.005615 
  0.128224   1.173163   0.994581   1.313162  -0.022689  -0.356322   0.005658   0.004744  -0.067029   0.012433   0.014152   0.033920 
  0.124984   1.079018   1.088369   1.305542  -0.021371  -0.386288  -0.003240  -0.094145   0.093788  -0.007620   0.001318  -0.029966 
  0.121966   1.060187   1.120717   1.281764  -0.036326  -0.403534  -0.003018  -0.018831   0.032348  -0.023778  -0.014955  -0.017246 
  0.122266   1.168338   1.037872   1.297463  -0.025840  -0.394252   0.000300   0.108151  -0.082845   0.015699   0.010486   0.009282 
  0.122349   1.126851   1.009536   1.320725  -0.015756  -0.392247   0.000083  -0.041487  -0.028336   0.023262   0.010084   0.002005 
  0.122279   1.038851   1.134357   1.299526  -0.031341  -0.394252  -0.000070  -0.088000   0.124821  -0.021199  -0.015585  -0.002005 
  0.122510   1.087054   1.098107   1.289270  -0.036727  -0.389955   0.000231   0.048203  -0.036250  -0.010256  -0.005386   0.004297 
  0.126712   1.180316   0.999546   1.303422  -0.029221  -0.375746   0.004202   0.093262  -0.098561   0.014152   0.007506   0.014209 
  0.123099   1.127121   1.012530   1.314079  -0.014897  -0.370073  -0.003613  -0.053195   0.012984   0.010657   0.014324   0.005673 
  0.122535   1.011601   1.111608   1.272711  -0.049905  -0.389554  -0.000564  -0.115520   0.099078  -0.041368  -0.035008  -0.019481 
  0.122636   1.148789   1.026234   1.297119  -0.037529  -0.386002   0.000101   0.137188  -0.085374   0.024408   0.012376   0.003552 
  0.123254   1.168652   0.975348   1.309610  -0.036898  -0.369214   0.000618   0.019863  -0.050886   0.012491   0.000631   0.016788 
  0.122823   1.054033   1.065140   1.290931  -0.036039  -0.378897  -0.000431  -0.114619   0.089792  -0.018679   0.000859  -0.009683 
  0.114264   1.089964   1.056331   1.300442  -0.063713  -0.390528  -0.008559   0.035931  -0.008809   0.009511  -0.027674  -0.011631 
  0.115348   1.193798   1.005029   1.315626  -0.056379  -0.377923   0.001084   0.103834  -0.051302   0.015184   0.007334   0.012605 
  0.123028   1.102080   1.049138   1.318777  -0.051394  -0.375688   0.007680  -0.091718   0.044109   0.003151   0.004985   0.002235 
  0.122585   1.027273   1.110538   1.291390  -0.065833  -0.390413  -0.000443  -0.074807   0.061400  -0.027387  -0.014439  -0.014725 
  0.122953   1.151049   1.038872   1.283196  -0.059588  -0.383767   0.000368   0.123776  -0.071666  -0.008194   0.006245   0.006646 
  0.127461   1.156198   0.993921   1.309380  -0.048759  -0.358041   0.004508   0.005149  -0.044951   0.026184   0.010829   0.025726 
  0.133908   1.106259   1.054064   1.322730  -0.049045  -0.372537   0.006447  -0.049939   0.060143   0.013350  -0.000286  -0.014496 
  0.128628   1.011754   1.145581   1.307146  -0.055749  -0.384455  -0.005280  -0.094505   0.091517  -0.015584  -0.006704  -0.011918 
  0.130438   1.138261   1.088792   1.305083  -0.059817  -0.389210   0.001810   0.126507  -0.056789  -0.002063  -0.004068  -0.004755 
  0.128504   1.153142   1.039045   1.321298  -0.041711  -0.370073  -0.001934   0.014881  -0.049747   0.016215   0.018106   0.019137 
