  0.000000   0.000000   0.000000   0.000000   0.000000   0.000000   0.000000   0.000000   0.000000   0.000000   0.000000   0.000000 
 -0.016118   0.061530  -0.023506   0.000000  -0.010772   0.000000  -0.016118   0.061530  -0.023506   0.000000  -0.010772   0.000000 
 -0.021617   0.157335   0.001034  -0.016329  -0.003953   0.006589  -0.005499   0.095805   0.024540  -0.016329   0.006819   0.006589 
 -0.029444   0.072906   0.082751  -0.020054  -0.023205   0.034607  -0.007827  -0.084429   0.081717  -0.003725  -0.019252   0.028018 
 -0.030930   0.106137   0.060112  -0.032716  -0.022288   0.032773  -0.001486   0.033231  -0.022639  -0.012662   0.000917  -0.001834 
 -0.026993   0.267814   0.059607  -0.023090  -0.022403   0.033174   0.003937   0.161677  -0.000505   0.009626  -0.000115   0.000401 
 -0.010371   0.135913   0.086135  -0.019767  -0.003896   0.000000   0.016622  -0.131901   0.026528   0.003323   0.018507  -0.033174 
 -0.009007   0.145976   0.094158  -0.033232  -0.000516   0.000000   0.001364   0.010063   0.008023  -0.013465   0.003380   0.000000 
 -0.024226   0.241738   0.059486  -0.078495  -0.022575   0.035867  -0.015219   0.095762  -0.034672  -0.045263  -0.022059   0.035867 
 -0.013837   0.235713   0.021151  -0.149943  -0.022173   0.029049   0.010389  -0.006025  -0.038335  -0.071448   0.000402  -0.006818 
 -0.023325   0.109693  -0.023455  -0.098950  -0.025153   0.029049  -0.009488  -0.126020  -0.044606   0.050993  -0.002980   0.000000 
 -0.012058   0.123122   0.000776  -0.064572  -0.025554   0.029049   0.011267   0.013429   0.024231   0.034378  -0.000401   0.000000 
 -0.016635   0.208599  -0.015703  -0.092132  -0.024580   0.029049  -0.004577   0.085477  -0.016479  -0.027560   0.000974   0.000000 
  0.033637   0.090673  -0.133092  -0.172575   0.043602   0.014725   0.050272  -0.117926  -0.117389  -0.080443   0.068182  -0.014324 
 -0.005994   0.135931  -0.288666  -0.158022   0.100153   0.082391  -0.039631   0.045258  -0.155574   0.014553   0.056551   0.067666 
 -0.006790   0.138502  -0.512490  -0.128514   0.152292   0.099007  -0.000796   0.002571  -0.223824   0.029508   0.052139   0.016616 
 -0.081342   0.199647  -0.800152   0.419978  -0.079928   0.058327  -0.074552   0.061145  -0.287662   0.548492  -0.232220  -0.040680 
  0.043117   0.570083  -0.811847   1.997847  -0.135275   0.035409   0.124459   0.370436  -0.011695   1.577869  -0.055347  -0.022918 
  0.138697   0.864286  -0.969858   3.409271  -0.167819   0.198129   0.095580   0.294203  -0.158011   1.411424  -0.032544   0.162720 
  0.298312   0.845141  -1.189497   3.091623  -0.130233   0.163006   0.159615  -0.019145  -0.219639  -0.317648   0.037586  -0.035123 
  0.382814   0.850610  -1.183341   3.194813  -0.000458   0.221162   0.084502   0.005469   0.006156   0.103190   0.129775   0.058156 
  0.429410   0.892532  -1.066607   3.459347   0.001891   0.328992   0.046596   0.041922   0.116734   0.264534   0.002349   0.107830 
  0.465975   0.915900  -0.745542   3.922011   0.046639   0.350249   0.036565   0.023368   0.321065   0.462664   0.044748   0.021257 
  0.277684   1.018307  -0.533155   3.138033   0.194175   0.170512  -0.188291   0.102407   0.212387  -0.783978   0.147536  -0.179737 
  0.168512   0.791292  -0.330723   2.264845   0.290146   0.099981  -0.109172  -0.227015   0.202432  -0.873188   0.095971  -0.070531 
  0.113056   0.567142  -0.191194   1.506363   0.424046   0.171601  -0.055456  -0.224150   0.139529  -0.758482   0.133900   0.071620 
  0.070207   0.481340  -0.094434   1.547273   0.417629   0.164783  -0.042849  -0.085802   0.096760   0.040910  -0.006417  -0.006818 
  0.092560   0.483922  -0.173360   1.653155   0.418718   0.203343   0.022353   0.002582  -0.078926   0.105882   0.001089   0.038560 
  0.105682   0.260869  -0.445701   1.940780   0.444329   0.248950   0.013122  -0.223053  -0.272341   0.287625   0.025611   0.045607 
  0.063024   0.591685  -0.310043   3.480031   0.479050   0.259378  -0.042658   0.330816   0.135658   1.539251   0.034721   0.010428 
  0.113350   0.624189  -0.204162   3.823405   0.424218   0.312663   0.050326   0.032504   0.105881   0.343374  -0.054832   0.053285 
  0.170902   0.745520  -0.187013   4.535935   0.430750   0.504719   0.057552   0.121331   0.017149   0.712530   0.006532   0.192056 
  0.328041   1.039759  -0.312668   5.514089   0.221735   0.587568   0.157139   0.294239  -0.125655   0.978154  -0.209015   0.082849 
  0.589371   1.583527  -0.051395   6.206451   0.230673   0.695857   0.261330   0.543768   0.261273   0.692362   0.008938   0.108289 
  0.847344   1.988235   0.565101   7.167473   0.135275   0.849410   0.257973   0.404708   0.616496   0.961022  -0.095398   0.153553 
  1.103853   2.286538   1.141287   8.272766   0.354374   0.805235   0.256509   0.298303   0.576186   1.105293   0.219099  -0.044175 
  1.114851   2.438547   0.952245   8.481437  -0.098778   0.656839   0.010998   0.152009  -0.189042   0.208671  -0.453152  -0.148396 
  1.018619   2.632776   0.088389   8.431017  -0.395169   0.690987  -0.096232   0.194229  -0.863856  -0.050420  -0.296391   0.034148 
  0.889155   2.198445   0.128026   6.119705  -0.078724   0.759914  -0.129464  -0.434331   0.039637  -2.311312   0.316445   0.068927 
  0.435915   1.634226   0.146668   4.532383   0.148568   0.226376  -0.453240  -0.564219   0.018642  -1.587322   0.227292  -0.533538 
  0.362715   1.410038   0.154983   4.341989   0.073224   0.165871  -0.073200  -0.224188   0.008315  -0.190394  -0.075344  -0.060505 
  0.508421   1.238174   0.719153   4.499380  -0.125191   0.093507   0.145706  -0.171864   0.564170   0.157391  -0.198415  -0.072364 
  0.525800   1.110565   1.089611   3.630948  -0.174179   0.061192   0.017379  -0.127609   0.370458  -0.868432  -0.048988  -0.032315 
  0.372530   0.966879   1.215728   2.529093   0.055290   0.136249  -0.153270  -0.143686   0.126117  -1.101855   0.229469   0.075057 
  0.232602   0.839209   0.743680   2.459708   0.113618   0.257545  -0.139928  -0.127670  -0.472048  -0.069385   0.058328   0.121296 
  0.260494   0.899383   0.530273   2.190647   0.089668   0.291750   0.027892   0.060174  -0.213407  -0.269061  -0.023950   0.034205 
  0.184100   0.849754   0.662386   2.296300   0.074943   0.295990  -0.076394  -0.049629   0.132113   0.105653  -0.014725   0.004240 
  0.168102   0.819809   0.639379   2.626324   0.098778   0.358500  -0.015998  -0.029945  -0.023007   0.330024   0.023835   0.062510 
  0.158962   0.841918   0.687782   2.598478   0.031226   0.373683  -0.009140   0.022109   0.048403  -0.027846  -0.067552   0.015183 
  0.094424   0.860075   0.699228   2.639617  -0.014209   0.355578  -0.064538   0.018157   0.011446   0.041139  -0.045435  -0.018105 
  0.096685   0.941019   0.649989   2.633830  -0.035294   0.338160   0.002261   0.080944  -0.049239  -0.005787  -0.021085  -0.017418 
  0.099024   0.882205   0.616538   2.559460  -0.037529   0.341884   0.002339  -0.058814  -0.033451  -0.074370  -0.002235   0.003724 
  0.083278   0.818511   0.593836   2.709517  -0.050191   0.341196  -0.015746  -0.063694  -0.022702   0.150057  -0.012662  -0.000688 
  0.046985   1.022296   0.621817   2.876592  -0.105367   0.314840  -0.036293   0.203785   0.027981   0.167075  -0.055176  -0.026356 
  0.041945   1.016746   0.621985   2.909652  -0.130520   0.298339  -0.005040  -0.005550   0.000168   0.033060  -0.025153  -0.016501 
  0.046098   0.825971   0.714151   2.837745  -0.127254   0.301777   0.004153  -0.190775   0.092166  -0.071907   0.003266   0.003438 
  0.041467   0.915626   0.626913   2.792310  -0.144385   0.306933  -0.004631   0.089655  -0.087238  -0.045435  -0.017131   0.005156 
  0.035004   1.061326   0.580700   2.755182  -0.159626   0.276452  -0.006463   0.145700  -0.046213  -0.037128  -0.015241  -0.030481 
  0.024547   0.860432   0.662777   2.798555  -0.179565   0.284359  -0.010457  -0.200894   0.082077   0.043373  -0.019939   0.007907 
  0.027708   0.935318   0.598706   2.752776  -0.170856   0.283671   0.003161   0.074886  -0.064071  -0.045779   0.008709  -0.000688 
  0.019529   0.987714   0.631389   2.728310  -0.194175   0.292781  -0.008179   0.052396   0.032683  -0.024466  -0.023319   0.009110 
  0.009931   0.812602   0.686281   2.693417  -0.182029   0.271811  -0.009598  -0.175112   0.054892  -0.034893   0.012146  -0.020970 
  0.009610   0.935680   0.619161   2.687459  -0.182659   0.284244  -0.000321   0.123078  -0.067120  -0.005958  -0.000630   0.012433 
  0.013597   0.936780   0.618664   2.676343  -0.212224   0.281437   0.003987   0.001100  -0.000497  -0.011116  -0.029565  -0.002807 
  0.015129   0.930794   0.612002   2.677374  -0.219787   0.278515   0.001532  -0.005986  -0.006662   0.001031  -0.007563  -0.002922 
  0.021929   0.896917   0.639778   2.629819  -0.203916   0.285448   0.006800  -0.033877   0.027776  -0.047555   0.015871   0.006933 
  0.024340   0.890863   0.644783   2.673249  -0.203056   0.282525   0.002411  -0.006054   0.005005   0.043430   0.000860  -0.002923 
  0.023559   0.970502   0.631841   2.659040  -0.215088   0.287568  -0.000781   0.079639  -0.012942  -0.014209  -0.012032   0.005043 
  0.022973   0.877903   0.631905   2.697600  -0.191311   0.251987  -0.000586  -0.092599   0.000064   0.038560   0.023777  -0.035581 
  0.033567   0.784316   0.649132   2.768589  -0.165012   0.268946   0.010594  -0.093587   0.017227   0.070989   0.026299   0.016959 
 -0.007253   1.005508   0.602663   2.689636  -0.172002   0.254508  -0.040820   0.221192  -0.046469  -0.078953  -0.006990  -0.014438 
  0.001751   0.860232   0.584367   2.677546  -0.174351   0.251930   0.009004  -0.145276  -0.018296  -0.012090  -0.002349  -0.002578 
  0.020198   0.716987   0.591843   2.652394  -0.176700   0.259149   0.018447  -0.143245   0.007476  -0.025152  -0.002349   0.007219 
  0.019764   0.934465   0.498777   2.652164  -0.181112   0.264535  -0.000434   0.217478  -0.093066  -0.000230  -0.004412   0.005386 
  0.017006   0.937319   0.493135   2.576419  -0.169080   0.243163  -0.002758   0.002854  -0.005642  -0.075745   0.012032  -0.021372 
  0.027324   0.743594   0.490684   2.618131  -0.189305   0.268488   0.010318  -0.193725  -0.002451   0.041712  -0.020225   0.025325 
  0.022369   0.801711   0.391065   2.560548  -0.177560   0.250096  -0.004955   0.058117  -0.099619  -0.057583   0.011745  -0.018392 
  0.017635   0.886032   0.390415   2.422007  -0.193717   0.229527  -0.004734   0.084321  -0.000650  -0.138541  -0.016157  -0.020569 
  0.018491   0.824883   0.447574   2.536771  -0.199504   0.268660   0.000856  -0.061149   0.057159   0.114764  -0.005787   0.039133 
  0.021039   0.698738   0.458905   2.504914  -0.198874   0.260180   0.002548  -0.126145   0.011331  -0.031857   0.000630  -0.008480 
  0.015590   0.899459   0.420907   2.504857  -0.203801   0.242361  -0.005449   0.200721  -0.037998  -0.000057  -0.004927  -0.017819 
  0.028650   0.897795   0.429190   2.510300  -0.204775   0.248205   0.013060  -0.001664   0.008283   0.005443  -0.000974   0.005844 
  0.041656   0.781422   0.439766   2.469792  -0.224714   0.269978   0.013006  -0.116373   0.010576  -0.040508  -0.019939   0.021773 
  0.035827   0.850680   0.386574   2.431232  -0.209301   0.261555  -0.005829   0.069258  -0.053192  -0.038560   0.015413  -0.008423 
  0.031047   0.928191   0.382995   2.393073  -0.219557   0.232793  -0.004780   0.077511  -0.003579  -0.038159  -0.010256  -0.028762 
  0.025347   0.908655   0.361149   2.345002  -0.230730   0.240298  -0.005700  -0.019536  -0.021846  -0.048071  -0.011173   0.007505 
  0.004420   0.844682   0.170308   2.220899  -0.268889   0.231131  -0.020927  -0.063973  -0.190841  -0.124103  -0.038159  -0.009167 
  0.015765   0.731293   0.132268   2.286732  -0.308309   0.245627   0.011345  -0.113389  -0.038040   0.065833  -0.039420   0.014496 
  0.039086   0.656511   0.181335   2.284440  -0.305673   0.263962   0.023321  -0.074782   0.049067  -0.002292   0.002636   0.018335 
  0.036298   0.918224   0.130349   2.237286  -0.279489   0.245283  -0.002788   0.261713  -0.050986  -0.047154   0.026184  -0.018679 
  0.042371   0.798862   0.101651   2.202278  -0.257487   0.213599   0.006073  -0.119362  -0.028698  -0.035008   0.022002  -0.031684 
  0.030610   0.616206   0.153175   2.183428  -0.277140   0.235314  -0.011761  -0.182656   0.051524  -0.018850  -0.019653   0.021715 
  0.013021   0.785835   0.130722   2.129627  -0.285906   0.234454  -0.017589   0.169629  -0.022453  -0.053801  -0.008766  -0.000860 
  0.020385   0.796740   0.143985   2.148076  -0.279775   0.219386   0.007364   0.010905   0.013263   0.018449   0.006131  -0.015068 
  0.029964   0.622835   0.211288   2.070899  -0.285562   0.221907   0.009579  -0.173905   0.067303  -0.077177  -0.005787   0.002521 
  0.023651   0.716843   0.172554   2.076055  -0.298396   0.225917  -0.006313   0.094008  -0.038734   0.005156  -0.012834   0.004010 
  0.026619   0.803608   0.193726   2.085452  -0.306991   0.242189   0.002968   0.086765   0.021172   0.009397  -0.008595   0.016272 
  0.030119   0.727477   0.205605   2.041219  -0.302235   0.230616   0.003500  -0.076131   0.011879  -0.044233   0.004756  -0.011573 
  0.041693   0.653736   0.238473   2.018244  -0.321200   0.231647   0.011574  -0.073741   0.032868  -0.022975  -0.018965   0.001031 
  0.040560   0.808294   0.164820   2.041449  -0.325612   0.217323  -0.001133   0.154558  -0.073653   0.023205  -0.004412  -0.014324 
  0.042576   0.861117   0.174196   2.026437  -0.318679   0.216578   0.002016   0.052823   0.009376  -0.015012   0.006933  -0.000745 
  0.049265   0.675843   0.245447   1.969600  -0.322403   0.217953   0.006689  -0.185274   0.071251  -0.056837  -0.003724   0.001375 
  0.043801   0.654966   0.231373   1.927659  -0.313809   0.205577  -0.005464  -0.020877  -0.014074  -0.041941   0.008594  -0.012376 
  0.043126   0.769429   0.223020   1.897694  -0.308366   0.197842  -0.000675   0.114463  -0.008353  -0.029965   0.005443  -0.007735 
  0.054277   0.652633   0.279491   1.846356  -0.299485   0.182831   0.011151  -0.116796   0.056471  -0.051338   0.008881  -0.015011 
  0.052465   0.682055   0.229869   1.830600  -0.284588   0.192170  -0.001812   0.029422  -0.049622  -0.015756   0.014897   0.009339 
  0.057679   0.773403   0.199920   1.781727  -0.274561   0.179794   0.005214   0.091348  -0.029949  -0.048873   0.010027  -0.012376 
  0.073880   0.581958   0.275876   1.749469  -0.256341   0.190165   0.016201  -0.191445   0.075956  -0.032258   0.018220   0.010371 
  0.061913   0.737750   0.134265   1.820344  -0.263102   0.197040  -0.011967   0.155792  -0.141611   0.070875  -0.006761   0.006875 
  0.068544   0.830266   0.056869   1.812323  -0.248148   0.179508   0.006631   0.092516  -0.077396  -0.008021   0.014954  -0.017532 
  0.075709   0.598311   0.163001   1.755084  -0.269004   0.180940   0.007165  -0.231955   0.106132  -0.057239  -0.020856   0.001432 
  0.064285   0.714272   0.094209   1.780638  -0.279890   0.186269  -0.011424   0.115961  -0.068792   0.025554  -0.010886   0.005329 
  0.067925   0.808404   0.068597   1.738411  -0.266082   0.175612   0.003640   0.094132  -0.025612  -0.042227   0.013808  -0.010657 
  0.077014   0.608388   0.191358   1.670458  -0.235829   0.179737   0.009089  -0.200016   0.122761  -0.067953   0.030253   0.004125 
  0.082861   0.594312   0.187420   1.645420  -0.227980   0.175955   0.005847  -0.014076  -0.003938  -0.025038   0.007849  -0.003782 
  0.080470   0.762023   0.194942   1.645477  -0.216005   0.181398  -0.002391   0.167711   0.007522   0.000057   0.011975   0.005443 
  0.067883   0.634512   0.291673   1.599354  -0.214286   0.187987  -0.012587  -0.127511   0.096731  -0.046123   0.001719   0.006589 
  0.075432   0.540749   0.323023   1.563143  -0.186899   0.208041   0.007549  -0.093763   0.031350  -0.036211   0.027387   0.020054 
  0.051748   0.736265   0.252502   1.671891  -0.196926   0.207182  -0.023684   0.195516  -0.070521   0.108748  -0.010027  -0.000859 
  0.046873   0.652661   0.290802   1.661921  -0.176414   0.209531  -0.004875  -0.083604   0.038300  -0.009970   0.020512   0.002349 
  0.030261   0.551989   0.281133   1.664442  -0.069844   0.232392  -0.016612  -0.100672  -0.009669   0.002521   0.106570   0.022861 
  0.021942   0.741321   0.234074   1.639977  -0.077980   0.207812  -0.008319   0.189332  -0.047059  -0.024465  -0.008136  -0.024580 
  0.036455   0.588400   0.335760   1.551742  -0.060218   0.209703   0.014513  -0.152921   0.101686  -0.088235   0.017762   0.001891 
  0.034470   0.586654   0.316608   1.559591  -0.048014   0.199389  -0.001985  -0.001746  -0.019152   0.007849   0.012204  -0.010314 
  0.025612   0.753873   0.286018   1.594484  -0.053457   0.200707  -0.008858   0.167219  -0.030590   0.034893  -0.005443   0.001318 
  0.043924   0.650907   0.361262   1.529740  -0.034091   0.184206   0.018312  -0.102966   0.075244  -0.064744   0.019366  -0.016501 
  0.041905   0.519796   0.361792   1.581192  -0.011688   0.207869  -0.002019  -0.131111   0.000530   0.051452   0.022403   0.023663 
  0.015865   0.719621   0.275840   1.717097  -0.063713   0.243965  -0.026040   0.199825  -0.085952   0.135905  -0.052025   0.036096 
  0.017525   0.711062   0.256242   1.695611  -0.102789   0.213255   0.001660  -0.008559  -0.019598  -0.021486  -0.039076  -0.030710 
  0.042529   0.558606   0.331626   1.585432  -0.042800   0.210906   0.025004  -0.152456   0.075384  -0.110179   0.059989  -0.002349 
  0.049525   0.624242   0.284148   1.622044  -0.008193   0.211192   0.006996   0.065636  -0.047478   0.036612   0.034607   0.000286 
  0.040220   0.743666   0.264226   1.646452  -0.015126   0.221448  -0.009305   0.119424  -0.019922   0.024408  -0.006933   0.010256 
  0.039197   0.644847   0.278482   1.653098  -0.021772   0.219958  -0.001023  -0.098819   0.014256   0.006646  -0.006646  -0.001490 
  0.029463   0.520774   0.330055   1.560565  -0.005558   0.231933  -0.009734  -0.124073   0.051573  -0.092533   0.016214   0.011975 
  0.006774   0.661434   0.318433   1.612532  -0.034836   0.226777  -0.022689   0.140660  -0.011622   0.051967  -0.029278  -0.005156 
 -0.002771   0.697684   0.299280   1.625137   0.005500   0.224370  -0.009545   0.036250  -0.019153   0.012605   0.040336  -0.002407 
  0.008223   0.639603   0.317680   1.620038   0.010600   0.215146   0.010994  -0.058081   0.018400  -0.005099   0.005100  -0.009224 
  0.006169   0.555540   0.327036   1.615053   0.055405   0.229183  -0.002054  -0.084063   0.009356  -0.004985   0.044805   0.014037 
 -0.018400   0.734807   0.284514   1.663125   0.089782   0.240757  -0.024569   0.179267  -0.042522   0.048072   0.034377   0.011574 
 -0.027562   0.674233   0.258089   1.654645   0.073740   0.225115  -0.009162  -0.060574  -0.026425  -0.008480  -0.016042  -0.015642 
 -0.015014   0.555306   0.315320   1.629435   0.060275   0.226949   0.012548  -0.118927   0.057231  -0.025210  -0.013465   0.001834 
 -0.008893   0.632617   0.264213   1.646967   0.082391   0.227063   0.006121   0.077311  -0.051107   0.017532   0.022116   0.000114 
 -0.014718   0.772515   0.243636   1.635393   0.073740   0.225402  -0.005825   0.139898  -0.020577  -0.011574  -0.008651  -0.001661 
 -0.002831   0.617930   0.316463   1.587322   0.090355   0.232907   0.011887  -0.154585   0.072827  -0.048071   0.016615   0.007505 
  0.001746   0.607891   0.274227   1.594713   0.066463   0.236173   0.004577  -0.010039  -0.042236   0.007391  -0.023892   0.003266 
  0.004222   0.768098   0.236774   1.624851   0.061192   0.227178   0.002476   0.160207  -0.037453   0.030138  -0.005271  -0.008995 
  0.022725   0.560619   0.306547   1.582166   0.080730   0.219443   0.018503  -0.207479   0.069773  -0.042685   0.019538  -0.007735 
  0.010297   0.710854   0.244691   1.620210   0.063369   0.221735  -0.012428   0.150235  -0.061856   0.038044  -0.017361   0.002292 
  0.011255   0.783894   0.216242   1.621814   0.064859   0.224313   0.000958   0.073040  -0.028449   0.001604   0.001490   0.002578 
  0.014742   0.567167   0.309906   1.547731   0.075459   0.223224   0.003487  -0.216727   0.093664  -0.074083   0.010600  -0.001089 
  0.018248   0.631366   0.277764   1.559591   0.085772   0.216406   0.003506   0.064199  -0.032142   0.011860   0.010313  -0.006818 
 -0.001011   0.764651   0.258709   1.531917   0.103992   0.227407  -0.019259   0.133285  -0.019055  -0.027674   0.018220   0.011001 
  0.004545   0.720407   0.234499   1.525328   0.098549   0.220703   0.005556  -0.044244  -0.024210  -0.006589  -0.005443  -0.006704 
 -0.003061   0.681487   0.130837   1.235125   0.078381   0.234512  -0.007606  -0.038920  -0.103662  -0.290203  -0.020168   0.013809 
  0.050462   0.578148   0.012948   1.349144   0.149599   0.275707   0.053523  -0.103339  -0.117889   0.114019   0.071218   0.041195 
  0.072422   0.389577   0.135082   1.130217   0.215661   0.265681   0.021960  -0.188571   0.122134  -0.218927   0.066062  -0.010026 
  0.061375   0.487923   0.119021   1.164078   0.193373   0.265165  -0.011047   0.098346  -0.016061   0.033861  -0.022288  -0.000516 
  0.060070   0.691101   0.098743   1.268299   0.193774   0.266196  -0.001305   0.203178  -0.020278   0.104221   0.000401   0.001031 
  0.065615   0.632270   0.136705   1.241428   0.179851   0.271009   0.005545  -0.058831   0.037962  -0.026871  -0.013923   0.004813 
  0.069865   0.448351   0.167834   1.207222   0.177732   0.256857   0.004250  -0.183919   0.031129  -0.034206  -0.002119  -0.014152 
  0.060741   0.706807   0.123350   1.243490   0.166444   0.269462  -0.009124   0.258456  -0.044484   0.036268  -0.011288   0.012605 
  0.060926   0.617869   0.165443   1.169636   0.195436   0.274160   0.000185  -0.088938   0.042093  -0.073854   0.028992   0.004698 
  0.076158   0.419146   0.262256   0.992936   0.187300   0.261498   0.015232  -0.198723   0.096813  -0.176700  -0.008136  -0.012662 
  0.070391   0.573285   0.153907   1.231172   0.165871   0.261555  -0.005767   0.154139  -0.108349   0.238236  -0.021429   0.000057 
  0.044502   0.744039   0.216150   1.224525   0.166330   0.295360  -0.025889   0.170754   0.062243  -0.006647   0.000459   0.033805 
  0.043248   0.661774   0.254365   1.129243   0.156417   0.255596  -0.001254  -0.082265   0.038215  -0.095282  -0.009913  -0.039764 
  0.031169   0.469179   0.271103   1.246355   0.146677   0.227522  -0.012079  -0.192595   0.016738   0.117112  -0.009740  -0.028074 
  0.019932   0.565091   0.313271   1.078937   0.143411   0.247117  -0.011237   0.095912   0.042168  -0.167418  -0.003266   0.019595 
  0.018026   0.552273   0.327599   1.038314   0.135734   0.252331  -0.001906  -0.012818   0.014328  -0.040623  -0.007677   0.005214 
  0.020994   0.465794   0.362185   1.003249   0.126280   0.243507   0.002968  -0.086479   0.034586  -0.035065  -0.009454  -0.008824 
  0.037585   0.431959   0.274189   1.059628   0.147250   0.250554   0.016591  -0.033835  -0.087996   0.056379   0.020970   0.007047 
  0.029484   0.637953   0.218404   1.069025   0.125249   0.250554  -0.008101   0.205994  -0.055785   0.009397  -0.022001   0.000000 
  0.018935   0.639285   0.168684   1.201321   0.170455   0.241330  -0.010549   0.001332  -0.049720   0.132296   0.045206  -0.009224 
 -0.048967   0.869171   0.032021   3.421990   0.692477   0.733787  -0.067902   0.229886  -0.136663   2.220669   0.522022   0.492457 
 -0.071072   0.782820  -0.107448   3.499225   0.717458   0.612492  -0.022105  -0.086351  -0.139469   0.077235   0.024981  -0.121295 
 -0.034408   0.808147  -0.267904   2.929361   0.377407   0.427025   0.036664   0.025327  -0.160456  -0.569864  -0.340051  -0.185467 
 -0.029579   0.613986  -0.266721   2.759537   0.361307   0.450689   0.004829  -0.194161   0.001183  -0.169824  -0.016100   0.023664 
 -0.031045   0.685766  -0.264581   2.554475   0.372938   0.426796  -0.001466   0.071780   0.002140  -0.205062   0.011631  -0.023893 
 -0.022106   0.723883  -0.196994   2.466526   0.353572   0.387090   0.008939   0.038117   0.067587  -0.087949  -0.019366  -0.039706 
 -0.015154   0.671407  -0.183185   2.377889   0.352197   0.387950   0.006952  -0.052476   0.013809  -0.088637  -0.001375   0.000860 
  0.027863   0.406173  -0.315030   2.170479   0.312663   0.390929   0.043017  -0.265234  -0.131845  -0.207410  -0.039534   0.002979 
  0.083980   0.248700  -0.857359   1.568472   0.240356   0.319195   0.056117  -0.157473  -0.542329  -0.602007  -0.072307  -0.071734 
  0.035824   0.839018  -0.466223   3.526097   0.357468   0.364688  -0.048156   0.590318   0.391136   1.957625   0.117112   0.045493 
  0.068597   1.091294   0.115589   4.350583   0.127655   0.280635   0.032773   0.252276   0.581812   0.824486  -0.229813  -0.084053 
  0.067922   1.229093   0.188598   3.780777  -0.005558   0.313523  -0.000675   0.137799   0.073009  -0.569806  -0.133213   0.032888 
  0.031900   1.023446   0.118458   3.066012  -0.040508   0.284932  -0.036022  -0.205647  -0.070140  -0.714765  -0.034950  -0.028591 
  0.015216   0.903157   0.165612   2.692157  -0.031627   0.266540  -0.016684  -0.120289   0.047154  -0.373855   0.008881  -0.018392 
  0.006741   0.866728   0.140665   2.550407  -0.051337   0.282239  -0.008475  -0.036429  -0.024947  -0.141750  -0.019710   0.015699 
  0.001448   0.859614   0.077412   2.508409  -0.071448   0.288828  -0.005293  -0.007114  -0.063253  -0.041998  -0.020111   0.006589 
 -0.010401   0.752302  -0.156100   2.171338  -0.053801   0.288026  -0.011849  -0.107312  -0.233512  -0.337071   0.017647  -0.000802 
  0.029758   0.662146  -0.566161   1.942212   0.013980   0.237720   0.040159  -0.090156  -0.410061  -0.229126   0.067781  -0.050306 
  0.040790   0.477751  -0.308270   1.988908   0.031570   0.255768   0.011032  -0.184395   0.257891   0.046696   0.017590   0.018048 
  0.052782   0.605386  -0.268261   2.022827   0.043258   0.252617   0.011992   0.127635   0.040009   0.033919   0.011688  -0.003151 
  0.031651   0.775341  -0.140707   1.963354   0.045321   0.277770  -0.021131   0.169955   0.127554  -0.059473   0.002063   0.025153 
  0.028759   0.629274  -0.023673   1.884802   0.026471   0.282984  -0.002892  -0.146067   0.117034  -0.078552  -0.018850   0.005214 
  0.028938   0.637843   0.008936   1.822865   0.044118   0.267800   0.000179   0.008569   0.032609  -0.061937   0.017647  -0.015184 
  0.018413   0.650204   0.039779   1.763564   0.060562   0.277942  -0.010525   0.012361   0.030843  -0.059301   0.016444   0.010142 
  0.020944   0.655121   0.050202   1.782472   0.051566   0.274504   0.002531   0.004917   0.010423   0.018908  -0.008996  -0.003438 
  0.025253   0.647534   0.062469   1.775252   0.057640   0.274504   0.004309  -0.007587   0.012267  -0.007220   0.006074   0.000000 
  0.034691   0.710308   0.032836   1.837762   0.021028   0.283843   0.009438   0.062774  -0.029633   0.062510  -0.036612   0.009339 
  0.036377   0.699594   0.046652   1.804817   0.042456   0.264134   0.001686  -0.010714   0.013816  -0.032945   0.021428  -0.019709 
  0.034122   0.723291   0.026105   1.766142   0.038159   0.256628  -0.002255   0.023697  -0.020547  -0.038675  -0.004297  -0.007506 
  0.038386   0.697646   0.023979   1.757777   0.032888   0.262415   0.004264  -0.025645  -0.002126  -0.008365  -0.005271   0.005787 
  0.043319   0.649619   0.052624   1.708503   0.072823   0.260467   0.004933  -0.048027   0.028645  -0.049274   0.039935  -0.001948 
  0.049129   0.655935   0.042771   1.653212   0.076146   0.272270   0.005810   0.006316  -0.009853  -0.055291   0.003323   0.011803 
  0.076271   0.642934   0.092121   1.650921   0.161230   0.238408   0.027142  -0.013001   0.049350  -0.002291   0.085084  -0.033862 
  0.088896   0.442204   0.373934   1.768778   0.203400   0.231188   0.012625  -0.200730   0.281813   0.117857   0.042170  -0.007220 
  0.096106   0.622668   0.219550   1.738067   0.154298   0.227235   0.007210   0.180464  -0.154384  -0.030711  -0.049102  -0.003953 
  0.080644   0.897080   0.187393   1.729931   0.152579   0.236746  -0.015462   0.274412  -0.032157  -0.008136  -0.001719   0.009511 
  0.086540   0.743969   0.203625   1.710909   0.170340   0.245341   0.005896  -0.153111   0.016232  -0.019022   0.017761   0.008595 
  0.086162   0.556530   0.172550   1.667823   0.154584   0.241731  -0.000378  -0.187439  -0.031075  -0.043086  -0.015756  -0.003610 
  0.092882   0.823673   0.095968   1.753996   0.123988   0.231418   0.006720   0.267143  -0.076582   0.086173  -0.030596  -0.010313 
  0.101048   0.813212   0.078507   1.680772   0.162262   0.238752   0.008166  -0.010461  -0.017461  -0.073224   0.038274   0.007334 
  0.106902   0.583106   0.124931   1.571509   0.196926   0.242361   0.005854  -0.230106   0.046424  -0.109263   0.034664   0.003609 
  0.106146   0.699743   0.077617   1.627487   0.172059   0.240871  -0.000756   0.116637  -0.047314   0.055978  -0.024867  -0.001490 
  0.110077   0.788886   0.037913   1.626341   0.174809   0.238981   0.003931   0.089143  -0.039704  -0.001146   0.002750  -0.001890 
  0.115842   0.678672   0.063601   1.611730   0.175153   0.249981   0.005765  -0.110214   0.025688  -0.014611   0.000344   0.011000 
  0.119496   0.680902   0.055188   1.618892   0.187930   0.248492   0.003654   0.002230  -0.008413   0.007162   0.012777  -0.001489 
  0.096413   0.731362   0.062281   1.577296   0.185638   0.258175  -0.023083   0.050460   0.007093  -0.041596  -0.002292   0.009683 
  0.089675   0.652756   0.143226   1.449698   0.187987   0.250669  -0.006738  -0.078606   0.080945  -0.127598   0.002349  -0.007506 
  0.090868   0.664768   0.089762   1.404033   0.189477   0.254680   0.001193   0.012012  -0.053464  -0.045665   0.001490   0.004011 
  0.084342   0.652870   0.113004   1.355217   0.169137   0.255883  -0.006526  -0.011898   0.023242  -0.048816  -0.020340   0.001203 
  0.076527   0.529859   0.160760   1.355733   0.157506   0.254279  -0.007815  -0.123011   0.047756   0.000516  -0.011631  -0.001604 
  0.066955   0.505516   0.282658   0.933749   0.152178   0.254279  -0.009572  -0.024343   0.121898  -0.421984  -0.005328   0.000000 
  0.078696   0.559928   0.248353   1.185163   0.151089   0.243736   0.011741   0.054412  -0.034305   0.251414  -0.001089  -0.010543 
  0.075787   0.639241   0.178773   1.226473   0.153438   0.254221  -0.002909   0.079313  -0.069580   0.041310   0.002349   0.010485 
  0.088944   0.735581   0.161265   1.196279   0.162720   0.260352   0.013157   0.096340  -0.017508  -0.030194   0.009282   0.006131 
  0.085004   0.455469   0.243998   1.111825   0.155787   0.243049  -0.003940  -0.280112   0.082733  -0.084454  -0.006933  -0.017303 
  0.090369   0.733288   0.110190   1.311271   0.129832   0.241674   0.005365   0.277819  -0.133808   0.199446  -0.025955  -0.001375 
  0.088566   0.633367   0.195566   1.190549   0.180424   0.244481  -0.001803  -0.099921   0.085376  -0.120722   0.050592   0.002807 
  0.093101   0.443022   0.284494   1.014135   0.159110   0.221964   0.004535  -0.190345   0.088928  -0.176414  -0.021314  -0.022517 
  0.088420   0.590521   0.221584   1.111309   0.175039   0.240012  -0.004681   0.147499  -0.062910   0.097174   0.015929   0.018048 
  0.083484   0.739176   0.178474   1.205675   0.164439   0.246773  -0.004936   0.148655  -0.043110   0.094366  -0.010600   0.006761 
  0.070976   0.628322   0.240874   1.088964   0.139687   0.229355  -0.012508  -0.110854   0.062400  -0.116711  -0.024752  -0.017418 
  0.079971   0.529465   0.261858   0.999296   0.128801   0.230558   0.008995  -0.098857   0.020984  -0.089668  -0.010886   0.001203 
  0.090903   0.700959   0.238332   1.027944   0.138541   0.229756   0.010932   0.171494  -0.023526   0.028648   0.009740  -0.000802 
  0.093398   0.659825   0.249472   0.990587   0.136708   0.228839   0.002495  -0.041134   0.011140  -0.037357  -0.001833  -0.000917 
  0.088979   0.482393   0.294225   0.888256   0.154584   0.201567  -0.004419  -0.177432   0.044753  -0.102331   0.017876  -0.027272 
  0.073930   0.625429   0.219323   0.869005   0.121181   0.220933  -0.015049   0.143036  -0.074902  -0.019251  -0.033403   0.019366 
  0.090041   0.485997   0.288985   0.867859   0.116540   0.197441   0.016111  -0.139432   0.069662  -0.001146  -0.004641  -0.023492 
  0.085925   0.628817   0.238522   0.887970   0.109148   0.204317  -0.004116   0.142820  -0.050463   0.020111  -0.007392   0.006876 
  0.073682   0.702709   0.267307   0.924296   0.099637   0.200822  -0.012243   0.073892   0.028785   0.036326  -0.009511  -0.003495 
  0.092059   0.481664   0.311274   0.812626   0.114362   0.197842   0.018377  -0.221045   0.043967  -0.111670   0.014725  -0.002980 
  0.099577   0.486068   0.270269   0.804662   0.164897   0.197499   0.007518   0.004404  -0.041005  -0.007964   0.050535  -0.000343 
  0.088979   0.677037   0.252915   0.856457   0.146104   0.215031  -0.010598   0.190969  -0.017354   0.051795  -0.018793   0.017532 
  0.104514   0.658949   0.228124   0.892554   0.158136   0.206952   0.015535  -0.018088  -0.024791   0.036097   0.012032  -0.008079 
  0.111924   0.511462   0.288952   0.794578   0.173434   0.188618   0.007410  -0.147487   0.060828  -0.097976   0.015298  -0.018334 
  0.101355   0.570126   0.258827   0.833711   0.152464   0.197728  -0.010569   0.058664  -0.030125   0.039133  -0.020970   0.009110 
  0.106106   0.696238   0.229689   0.890434   0.166215   0.211994   0.004751   0.126112  -0.029138   0.056723   0.013751   0.014266 
  0.106221   0.562216   0.297031   0.807068   0.165871   0.194863   0.000115  -0.134022   0.067342  -0.083366  -0.000344  -0.017131 
  0.088901   0.487709   0.313474   0.761404   0.160485   0.173664  -0.017320  -0.074507   0.016443  -0.045664  -0.005386  -0.021199 
  0.081734   0.668969   0.259957   0.822767   0.137510   0.196238  -0.007167   0.181260  -0.053517   0.061363  -0.022975   0.022574 
  0.086431   0.532299   0.289942   0.792057   0.144443   0.193832   0.004697  -0.136670   0.029985  -0.030710   0.006933  -0.002406 
  0.095559   0.480377   0.335762   0.725995   0.168851   0.191540   0.009128  -0.051922   0.045820  -0.066062   0.024408  -0.002292 
  0.087679   0.635621   0.297006   0.786900   0.146792   0.194634  -0.007880   0.155244  -0.038756   0.060905  -0.022059   0.003094 
  0.105106   0.538386   0.288708   0.798589   0.159913   0.191081   0.017427  -0.097235  -0.008298   0.011689   0.013121  -0.003553 
  0.121090   0.428774   0.309160   0.700384   0.193201   0.184435   0.015984  -0.109612   0.020452  -0.098205   0.033288  -0.006646 
  0.098106   0.561594   0.289570   0.752695   0.156532   0.196868  -0.022984   0.132820  -0.019590   0.052311  -0.036669   0.012433 
  0.092102   0.495376   0.360031   0.734990   0.152349   0.184664  -0.006004  -0.066218   0.070461  -0.017705  -0.004183  -0.012204 
  0.111916   0.404136   0.377224   0.671048   0.157964   0.174867   0.019814  -0.091240   0.017193  -0.063942   0.005615  -0.009797 
  0.106635   0.549693   0.336846   0.727370   0.150573   0.199217  -0.005281   0.145557  -0.040378   0.056322  -0.007391   0.024350 
  0.108508   0.603723   0.308753   0.708405   0.149599   0.220875   0.001873   0.054030  -0.028093  -0.018965  -0.000974   0.021658 
  0.119828   0.526022   0.326248   0.728344   0.161689   0.209301   0.011320  -0.077701   0.017495   0.019939   0.012090  -0.011574 
  0.115377   0.487710   0.294118   0.648416   0.170971   0.196009  -0.004451  -0.038312  -0.032130  -0.079928   0.009282  -0.013292 
  0.106306   0.569707   0.271947   0.650250   0.172403   0.192514  -0.009071   0.081997  -0.022171   0.001834   0.001432  -0.003495 
  0.096675   0.478147   0.259140   0.715567   0.173664   0.172632  -0.009631  -0.091560  -0.012807   0.065317   0.001261  -0.019882 
  0.091054   0.407594   0.300316   0.647213   0.167074   0.170512  -0.005621  -0.070553   0.041176  -0.068354  -0.006590  -0.002120 
  0.104667   0.542998   0.295855   0.580521   0.157850   0.189133   0.013613   0.135404  -0.004461  -0.066692  -0.009224   0.018621 
  0.090513   0.560408   0.282081   0.491311   0.129259   0.177273  -0.014154   0.017410  -0.013774  -0.089210  -0.028591  -0.011860 
  0.090395   0.425797   0.193337   0.310371   0.097403   0.176356  -0.000118  -0.134611  -0.088744  -0.180940  -0.031856  -0.000917 
  0.091879   0.474826  -0.013074   0.436823   0.102502   0.161689   0.001484   0.049029  -0.206411   0.126452   0.005099  -0.014667 
  0.059957   0.327794   0.084471   0.345665   0.062968   0.126910  -0.031922  -0.147032   0.097545  -0.091158  -0.039534  -0.034779 
  0.067703   0.369322   0.122987   0.383882   0.066291   0.143354   0.007746   0.041528   0.038516   0.038217   0.003323   0.016444 
  0.065396   0.570304   0.114409   0.391903   0.060046   0.145875  -0.002307   0.200982  -0.008578   0.008021  -0.006245   0.002521 
  0.067530   0.435084   0.164735   0.315585   0.053285   0.126624   0.002134  -0.135220   0.050326  -0.076318  -0.006761  -0.019251 
  0.077673   0.361835   0.191590   0.339879   0.081131   0.121295   0.010143  -0.073249   0.026855   0.024294   0.027846  -0.005329 
  0.069772   0.601689   0.153825   0.373740   0.058728   0.150631  -0.007901   0.239854  -0.037765   0.033861  -0.022403   0.029336 
  0.069902   0.573505   0.147510   0.377751   0.058270   0.146162   0.000130  -0.028184  -0.006315   0.004011  -0.000458  -0.004469 
  0.085543   0.411477   0.195017   0.333863   0.049504   0.134588   0.015641  -0.162028   0.047507  -0.043888  -0.008766  -0.011574 
  0.090866   0.454383   0.162658   0.345665   0.077865   0.137510   0.005323   0.042906  -0.032359   0.011802   0.028361   0.002922 
  0.072880   0.546449   0.168555   0.392419   0.079985   0.146391  -0.017986   0.092066   0.005897   0.046754   0.002120   0.008881 
  0.085219   0.432074   0.213733   0.355807   0.081990   0.144099   0.012339  -0.114375   0.045178  -0.036612   0.002005  -0.002292 
  0.108757   0.358485   0.217819   0.417915   0.114592   0.121983   0.023538  -0.073589   0.004086   0.062108   0.032602  -0.022116 
  0.107666   0.574342   0.191433   0.453611   0.101700   0.152922  -0.001091   0.215857  -0.026386   0.035696  -0.012892   0.030939 
  0.103798   0.581629   0.179251   0.469252   0.101012   0.142265  -0.003868   0.007287  -0.012182   0.015641  -0.000688  -0.010657 
  0.109080   0.479664   0.195486   0.435448   0.101471   0.154699   0.005282  -0.101965   0.016235  -0.033804   0.000459   0.012434 
  0.112618   0.418523   0.204968   0.404909   0.112071   0.140260   0.003538  -0.061141   0.009482  -0.030539   0.010600  -0.014439 
  0.095191   0.563252   0.193991   0.477847   0.087204   0.171887  -0.017427   0.144729  -0.010977   0.072938  -0.024867   0.031627 
  0.080773   0.471053   0.221917   0.415566   0.086918   0.159168  -0.014418  -0.092199   0.027926  -0.062281  -0.000286  -0.012719 
  0.079782   0.346245   0.282503   0.388408   0.078037   0.153725  -0.000991  -0.124808   0.060586  -0.027158  -0.008881  -0.005443 
  0.082507   0.479040   0.242093   0.408462   0.078553   0.148511   0.002725   0.132795  -0.040410   0.020054   0.000516  -0.005214 
  0.081611   0.487386   0.248221   0.427942   0.087319   0.161918  -0.000896   0.008346   0.006128   0.019480   0.008766   0.013407 
  0.094880   0.348843   0.299108   0.417171   0.102731   0.145130   0.013269  -0.138543   0.050887  -0.010771   0.015412  -0.016788 
  0.095712   0.401718   0.254119   0.396773   0.089095   0.147422   0.000832   0.052875  -0.044989  -0.020398  -0.013636   0.002292 
  0.091248   0.492534   0.233257   0.407889   0.085485   0.147766  -0.004464   0.090816  -0.020862   0.011116  -0.003610   0.000344 
  0.096082   0.442736   0.245233   0.420035   0.088407   0.157850   0.004834  -0.049798   0.011976   0.012146   0.002922   0.010084 
  0.115205   0.303318   0.307534   0.362797   0.111784   0.151433   0.019123  -0.139418   0.062301  -0.057238   0.023377  -0.006417 
  0.106984   0.420673   0.274458   0.382277   0.094595   0.166559  -0.008221   0.117355  -0.033076   0.019480  -0.017189   0.015126 
  0.117774   0.497826   0.232690   0.423530   0.101471   0.149256   0.010790   0.077153  -0.041768   0.041253   0.006876  -0.017303 
  0.114303   0.426277   0.274833   0.417342   0.100497   0.150115  -0.003471  -0.071549   0.042143  -0.006188  -0.000974   0.000859 
  0.132441   0.323081   0.279708   0.396888   0.130004   0.155042   0.018138  -0.103196   0.004875  -0.020454   0.029507   0.004927 
  0.128110   0.483016   0.230549   0.399008   0.135848   0.150172  -0.004331   0.159935  -0.049159   0.002120   0.005844  -0.004870 
  0.129775   0.425040   0.249562   0.391846   0.125879   0.167189   0.001665  -0.057976   0.019013  -0.007162  -0.009969   0.017017 
  0.153265   0.380348   0.263017   0.402617   0.128171   0.153438   0.023490  -0.044692   0.013455   0.010771   0.002292  -0.013751 
  0.164587   0.551403   0.215080   0.454126   0.138026   0.171658   0.011322   0.171055  -0.047937   0.051509   0.009855   0.018220 
  0.164262   0.548501   0.236904   0.489994   0.162949   0.168965  -0.000325  -0.002902   0.021824   0.035868   0.024923  -0.002693 
  0.163366   0.347991   0.317042   0.398836   0.158308   0.162032  -0.000896  -0.200510   0.080138  -0.091158  -0.004641  -0.006933 
  0.162848   0.388496   0.281787   0.402159   0.156417   0.146162  -0.000518   0.040505  -0.035255   0.003323  -0.001891  -0.015870 
  0.154047   0.523069   0.242552   0.410696   0.152865   0.154584  -0.008801   0.134573  -0.039235   0.008537  -0.003552   0.008422 
  0.182050   0.435762   0.272288   0.386002   0.161173   0.161402   0.028003  -0.087307   0.029736  -0.024694   0.008308   0.006818 
  0.187713   0.416583   0.279157   0.488275   0.210046   0.181857   0.005663  -0.019179   0.006869   0.102273   0.048873   0.020455 
  0.187127   0.577380   0.273222   0.490395   0.202655   0.184149  -0.000586   0.160797  -0.005935   0.002120  -0.007391   0.002292 
  0.177430   0.504955   0.266981   0.459512   0.194863   0.188389  -0.009697  -0.072425  -0.006241  -0.030883  -0.007792   0.004240 
  0.174856   0.365849   0.299512   0.401815   0.188732   0.174236  -0.002574  -0.139106   0.032531  -0.057697  -0.006131  -0.014153 
  0.169099   0.482781   0.277862   0.413790   0.172804   0.174236  -0.005757   0.116932  -0.021650   0.011975  -0.015928   0.000000 
  0.152562   0.524531   0.271407   0.473492   0.177388   0.176185  -0.016537   0.041750  -0.006455   0.059702   0.004584   0.001949 
  0.164959   0.375305   0.300170   0.401873   0.179680   0.160027   0.012397  -0.149226   0.028763  -0.071619   0.002292  -0.016158 
  0.165758   0.353626   0.329476   0.424390   0.180825   0.153152   0.000799  -0.021679   0.029306   0.022517   0.001145  -0.006875 
  0.160717   0.555906   0.251369   0.467247   0.169366   0.181169  -0.005041   0.202280  -0.078107   0.042857  -0.011459   0.028017 
  0.154060   0.538774   0.241285   0.493775   0.170627   0.168851  -0.006657  -0.017132  -0.010084   0.026528   0.001261  -0.012318 
  0.160297   0.401833   0.305726   0.436365   0.157334   0.169481   0.006237  -0.136941   0.064441  -0.057410  -0.013293   0.000630 
  0.163029   0.491666   0.262215   0.456304   0.155615   0.159741   0.002732   0.089833  -0.043511   0.019939  -0.001719  -0.009740 
  0.160268   0.575209   0.224618   0.488561   0.158194   0.160944  -0.002761   0.083543  -0.037597   0.032257   0.002579   0.001203 
  0.168629   0.419084   0.284703   0.425364   0.173377   0.148797   0.008361  -0.156125   0.060085  -0.063197   0.015183  -0.012147 
  0.164866   0.463408   0.229166   0.431666   0.160314   0.158767  -0.003763   0.044324  -0.055537   0.006302  -0.013063   0.009970 
  0.156062   0.555593   0.190587   0.468565   0.152292   0.172288  -0.008804   0.092185  -0.038579   0.036899  -0.008022   0.013521 
  0.159492   0.422800   0.255335   0.409951   0.154183   0.159397   0.003430  -0.132793   0.064748  -0.058614   0.001891  -0.012891 
  0.156030   0.430990   0.220187   0.433901   0.150344   0.168507  -0.003462   0.008190  -0.035148   0.023950  -0.003839   0.009110 
  0.159558   0.585456   0.172295   0.478362   0.152751   0.173950   0.003528   0.154466  -0.047892   0.044461   0.002407   0.005443 
  0.178999   0.395227   0.272798   0.384627   0.177674   0.162605   0.019441  -0.190229   0.100503  -0.093735   0.024923  -0.011345 
  0.168819   0.436149   0.244731   0.487014   0.177273   0.167533  -0.010180   0.040922  -0.028067   0.102387  -0.000401   0.004928 
  0.162592   0.566409   0.204521   0.441922   0.158996   0.174351  -0.006227   0.130260  -0.040210  -0.045092  -0.018277   0.006818 
  0.168170   0.503454   0.191050   0.353286   0.178476   0.156589   0.005578  -0.062955  -0.013471  -0.088636   0.019480  -0.017762 
  0.186659   0.551140  -0.192867   0.353343   0.067208   0.091100   0.018489   0.047686  -0.383917   0.000057  -0.111268  -0.065489 
  0.251681   0.311836  -0.194339   0.202254   0.140317   0.091100   0.065022  -0.239304  -0.001472  -0.151089   0.073109   0.000000 
  0.267335   0.282381  -0.175957   0.267800   0.142724   0.110753   0.015654  -0.029455   0.018382   0.065546   0.002407   0.019653 
  0.260759   0.518515  -0.263648   0.273874   0.127311   0.102903  -0.006576   0.236134  -0.087691   0.006074  -0.015413  -0.007850 
  0.246231   0.413247  -0.185780   0.245398   0.130577   0.100038  -0.014528  -0.105268   0.077868  -0.028476   0.003266  -0.002865 
  0.223415   0.319414  -0.022628   0.188446   0.123358   0.124618  -0.022816  -0.093833   0.163152  -0.056952  -0.007219   0.024580 
  0.214604   0.497271  -0.046150   0.225975   0.087777   0.110237  -0.008811   0.177857  -0.023522   0.037529  -0.035581  -0.014381 
  0.223809   0.412300   0.006090   0.209989   0.105653   0.118946   0.009205  -0.084971   0.052240  -0.015986   0.017876   0.008709 
  0.225503   0.356127   0.034101   0.208843   0.107773   0.119634   0.001694  -0.056173   0.028011  -0.001146   0.002120   0.000688 
  0.222445   0.512318  -0.009768   0.249867   0.090241   0.118373  -0.003058   0.156191  -0.043869   0.041024  -0.017532  -0.001261 
  0.220070   0.446015   0.026303   0.205004   0.110695   0.133786  -0.002375  -0.066303   0.036071  -0.044863   0.020454   0.015413 
  0.226805   0.328009   0.076366   0.199962   0.126165   0.136937   0.006735  -0.118006   0.050063  -0.005042   0.015470   0.003151 
  0.221360   0.476585   0.050744   0.213599   0.127999   0.131150  -0.005445   0.148576  -0.025622   0.013637   0.001834  -0.005787 
  0.226589   0.491954   0.050621   0.211078   0.125249   0.132525   0.005229   0.015369  -0.000123  -0.002521  -0.002750   0.001375 
  0.219667   0.427860   0.111965   0.182659   0.110122   0.139744  -0.006922  -0.064094   0.061344  -0.028419  -0.015127   0.007219 
  0.204877   0.344251   0.106444   0.209416   0.158251   0.134530  -0.014790  -0.083609  -0.005521   0.026757   0.048129  -0.005214 
  0.203838   0.488563   0.081624   0.207124   0.141979   0.133499  -0.001039   0.144312  -0.024820  -0.002292  -0.016272  -0.001031 
  0.201320   0.406985   0.101557   0.199905   0.159053   0.139687  -0.002518  -0.081578   0.019933  -0.007219   0.017074   0.006188 
  0.202837   0.296265   0.184700   0.151204   0.164496   0.136421   0.001517  -0.110720   0.083143  -0.048701   0.005443  -0.003266 
  0.204780   0.388393   0.144854   0.186956   0.142724   0.134760   0.001943   0.092128  -0.039846   0.035752  -0.021772  -0.001661 
  0.198672   0.471876   0.116555   0.211708   0.160371   0.137395  -0.006108   0.083483  -0.028299   0.024752   0.017647   0.002635 
  0.212579   0.422911   0.113460   0.185696   0.143297   0.144844   0.013907  -0.048965  -0.003095  -0.026012  -0.017074   0.007449 
  0.201583   0.301971   0.142047   0.166559   0.136077   0.131780  -0.010996  -0.120940   0.028587  -0.019137  -0.007220  -0.013064 
  0.185203   0.411497   0.109904   0.172976   0.110352   0.129890  -0.016380   0.109526  -0.032143   0.006417  -0.025725  -0.001890 
  0.197447   0.512293   0.076597   0.195550   0.128228   0.142552   0.012244   0.100796  -0.033307   0.022574   0.017876   0.012662 
  0.203173   0.363710   0.122590   0.212854   0.143354   0.123530   0.005726  -0.148583   0.045993   0.017304   0.015126  -0.019022 
  0.194936   0.434563   0.078179   0.194290   0.102731   0.127025  -0.008237   0.070853  -0.044411  -0.018564  -0.040623   0.003495 
  0.195915   0.533702   0.036426   0.197441   0.118889   0.140604   0.000979   0.099139  -0.041753   0.003151   0.016158   0.013579 
  0.198385   0.346238   0.113525   0.159626   0.138026   0.130119   0.002470  -0.187464   0.077099  -0.037815   0.019137  -0.010485 
  0.181736   0.400271   0.045318   0.170799   0.118545   0.121696  -0.016649   0.054033  -0.068207   0.011173  -0.019481  -0.008423 
  0.188090   0.460224   0.014222   0.170799   0.134530   0.121754   0.006354   0.059953  -0.031096   0.000000   0.015985   0.000058 
  0.186344   0.307487   0.048284   0.162319   0.127827   0.114305  -0.001746  -0.152737   0.034062  -0.008480  -0.006703  -0.007449 
  0.183459   0.460958  -0.015571   0.189534   0.115967   0.114362  -0.002885   0.153471  -0.063855   0.027215  -0.011860   0.000057 
  0.178575   0.451597  -0.013437   0.196525   0.099752   0.114305  -0.004884  -0.009361   0.002134   0.006991  -0.016215  -0.000057 
  0.179122   0.276927   0.076398   0.167074   0.116081   0.131494   0.000547  -0.174670   0.089835  -0.029451   0.016329   0.017189 
  0.164765   0.386342   0.014233   0.196525   0.091902   0.122728  -0.014357   0.109415  -0.062165   0.029451  -0.024179  -0.008766 
  0.168715   0.444613  -0.002374   0.194290   0.092361   0.130061   0.003950   0.058271  -0.016607  -0.002235   0.000459   0.007333 
  0.154163   0.420285  -0.003688   0.220761   0.083423   0.112930  -0.014552  -0.024328  -0.001314   0.026471  -0.008938  -0.017131 
  0.142976   0.367769   0.021376   0.207697   0.068526   0.105997  -0.011187  -0.052516   0.025064  -0.013064  -0.014897  -0.006933 
  0.133766   0.517447  -0.001443   0.211765   0.061077   0.123530  -0.009210   0.149678  -0.022819   0.004068  -0.007449   0.017533 
  0.140221   0.367049   0.052733   0.160772   0.072135   0.115680   0.006455  -0.150398   0.054176  -0.050993   0.011058  -0.007850 
  0.133713   0.361705   0.031911   0.176414   0.075287   0.110810  -0.006508  -0.005344  -0.020822   0.015642   0.003152  -0.004870 
  0.128260   0.476315  -0.002555   0.218240   0.055462   0.109779  -0.005453   0.114610  -0.034466   0.041826  -0.019825  -0.001031 
  0.130624   0.383597   0.020768   0.189420   0.068468   0.107258   0.002364  -0.092718   0.023323  -0.028820   0.013006  -0.002521 
  0.130280   0.291529   0.038424   0.177159   0.058384   0.114878  -0.000344  -0.092068   0.017656  -0.012261  -0.010084   0.007620 
  0.131993   0.450296  -0.020779   0.231876   0.038560   0.120207   0.001713   0.158767  -0.059203   0.054717  -0.019824   0.005329 
  0.136252   0.374949   0.012322   0.210562   0.059473   0.119920   0.004259  -0.075347   0.033101  -0.021314   0.020913  -0.000287 
  0.138694   0.247298   0.052348   0.191253   0.068583   0.108346   0.002442  -0.127651   0.040026  -0.019309   0.009110  -0.011574 
  0.134482   0.436870  -0.026323   0.224542   0.064916   0.101528  -0.004212   0.189572  -0.078671   0.033289  -0.003667  -0.006818 
  0.147112   0.455169  -0.040110   0.224829   0.066578   0.104164   0.012630   0.018299  -0.013787   0.000287   0.001662   0.002636 
